21 0.47770625000000005 0.576171875 0.4879953125 0.5693359375 0.48750625000000003 0.541015625 0.4791765625 0.5126953125 0.4762375 0.4794921875 0.4728078125 0.45703125 0.4688875 0.4326171875 0.459578125 0.4013671875 0.44782031250000004 0.4091796875 0.45026875000000005 0.443359375 0.44977968749999997 0.4775390625 0.4492890625 0.5029296875 0.448309375 0.5302734375 0.44977968749999997 0.5556640625 0.45222968750000003 0.576171875 0.4659484375 0.578125 0.47770625000000005 0.576171875
22 0.5252328125 0.47265625 0.5247421875 0.439453125 0.5183734375 0.41015625 0.5051453125 0.3974609375 0.5041640625 0.41796875 0.501715625 0.4365234375 0.5007343750000001 0.46484375 0.49926562499999994 0.498046875 0.496815625 0.5283203125 0.49289531249999996 0.55859375 0.5046546875 0.5712890625 0.5213125 0.57421875 0.5340515625 0.560546875 0.5335625 0.53515625 0.5276828124999999 0.5126953125 0.5271921875000001 0.494140625 0.5252328125 0.47265625
30 0.551690625 0.45703125 0.5453203125 0.4345703125 0.5325828125000001 0.4345703125 0.5340515625 0.4638671875 0.5286625 0.4921875 0.5286625 0.5224609375 0.5365015625 0.5712890625 0.5467906250000001 0.5654296875 0.558059375 0.5537109375 0.5595296875 0.533203125 0.560509375 0.5146484375 0.558059375 0.484375 0.551690625 0.45703125
29 0.596765625 0.46484375 0.5952968750000001 0.43359375 0.5913765625 0.4052734375 0.5845171875 0.3857421875 0.57471875 0.3974609375 0.5683484375 0.44140625 0.565409375 0.4697265625 0.5644296875 0.4931640625 0.5590390625 0.517578125 0.561 0.5400390625 0.561 0.5380859375 0.5732484375 0.5556640625 0.5864765625 0.5556640625 0.597746875 0.5458984375 0.6001953125 0.5078125 0.596765625 0.46484375
23 0.62714375 0.43359375 0.6256734374999999 0.392578125 0.6139140624999999 0.373046875 0.60215625 0.392578125 0.601665625 0.423828125 0.599215625 0.4541015625 0.5962765625 0.482421875 0.5899062500000001 0.5166015625 0.5943171875 0.5439453125 0.612934375 0.5439453125 0.6237140625 0.560546875 0.6325328125 0.5498046875 0.6305734375000001 0.5048828125 0.6305734375000001 0.474609375 0.62714375 0.43359375
24 0.6438015625 0.3818359375 0.638903125 0.4033203125 0.6369421875 0.43359375 0.6325328125 0.458984375 0.6305734375000001 0.490234375 0.6286140625 0.5205078125 0.62959375 0.548828125 0.6447812500000001 0.556640625 0.6599703124999999 0.556640625 0.667809375 0.5400390625 0.6634 0.5068359375 0.6550703125 0.4560546875 0.652621875 0.4189453125 0.6438015625 0.3818359375
20 0.43899999999999995 0.3974609375 0.4292015625 0.3974609375 0.42822187500000003 0.4248046875 0.42675156249999996 0.453125 0.42528125 0.4873046875 0.42381250000000004 0.5224609375 0.42234218749999997 0.5615234375 0.4336109375 0.5732421875 0.4492890625 0.5712890625 0.448309375 0.53125 0.44585937500000006 0.5029296875 0.4439 0.466796875 0.44242968749999995 0.427734375 0.43899999999999995 0.3974609375
19 0.41107343749999997 0.44140625 0.40715312499999995 0.4033203125 0.4012734375 0.380859375 0.390984375 0.3876953125 0.390984375 0.41796875 0.390984375 0.4453125 0.391475 0.4814453125 0.389515625 0.5107421875 0.387065625 0.5400390625 0.3944140625 0.568359375 0.41107343749999997 0.57421875 0.42136250000000003 0.560546875 0.4198921875 0.5205078125 0.4174421875 0.501953125 0.4135234375 0.4716796875 0.41107343749999997 0.44140625
31 0.26065625 0.3798828125 0.2484078125 0.3818359375 0.23664843750000003 0.392578125 0.2346890625 0.423828125 0.23517812500000002 0.4599609375 0.2317484375 0.501953125 0.23860781250000002 0.505859375 0.25477656249999997 0.5205078125 0.2645765625 0.5107421875 0.2670265625 0.4814453125 0.2640859375 0.4541015625 0.2645765625 0.416015625 0.26065625 0.3798828125
2 0.29789374999999996 0.4052734375 0.2876046875 0.384765625 0.276825 0.384765625 0.274865625 0.4111328125 0.274865625 0.439453125 0.274865625 0.4716796875 0.2738859375 0.4970703125 0.2782953125 0.5224609375 0.28123437500000004 0.548828125 0.2895640625 0.5634765625 0.3067125 0.55078125 0.306221875 0.5283203125 0.3052421875 0.5 0.3013234375 0.4716796875 0.30034375 0.443359375 0.29789374999999996 0.4052734375
7 0.491425 0.607421875 0.48162656249999997 0.6044921875 0.48015625 0.6318359375 0.47770625000000005 0.6572265625 0.47770625000000005 0.68359375 0.4737875 0.7080078125 0.4688875 0.7333984375 0.4762375 0.7548828125 0.48505624999999997 0.7314453125 0.4879953125 0.703125 0.49289531249999996 0.673828125 0.49730468749999995 0.6455078125 0.501715625 0.6103515625 0.491425 0.607421875
8 0.46006875 0.6044921875 0.4561484375 0.6328125 0.4546796875 0.66015625 0.4517390625 0.6865234375 0.448309375 0.716796875 0.44439062500000004 0.7421875 0.45369843750000005 0.7548828125 0.46251875 0.7314453125 0.4674171875 0.703125 0.4737875 0.66796875 0.47770625000000005 0.63671875 0.47770625000000005 0.607421875 0.46006875 0.6044921875
9 0.4610484375 0.609375 0.4517390625 0.6044921875 0.437040625 0.6025390625 0.43018124999999996 0.65234375 0.42675156249999996 0.6787109375 0.4243015625 0.708984375 0.42038281250000004 0.7490234375 0.42675156249999996 0.7666015625 0.43459062499999995 0.7431640625 0.4399796875 0.7197265625 0.44439062500000004 0.6953125 0.44880000000000003 0.67578125 0.45222968750000003 0.6494140625 0.4610484375 0.609375
10 0.4331203125 0.6279296875 0.4355703125 0.5947265625 0.42626093750000005 0.591796875 0.4125421875 0.5966796875 0.4012734375 0.599609375 0.3998046875 0.6240234375 0.403234375 0.65234375 0.39882343750000004 0.673828125 0.395884375 0.703125 0.390984375 0.7294921875 0.384125 0.751953125 0.3919640625 0.7724609375 0.398334375 0.75390625 0.409603125 0.736328125 0.41548281249999997 0.7109375 0.42136250000000003 0.68359375 0.42675156249999996 0.6533203125 0.4331203125 0.6279296875
11 0.402253125 0.6044921875 0.39637500000000003 0.5810546875 0.38510468750000004 0.5791015625 0.37530625 0.5849609375 0.3723671875 0.6015625 0.37432656249999996 0.625 0.37285625 0.6572265625 0.36893750000000003 0.68359375 0.3630578125 0.708984375 0.3591375 0.7412109375 0.36893750000000003 0.75 0.373346875 0.7314453125 0.379715625 0.7080078125 0.384615625 0.685546875 0.388534375 0.66015625 0.3924546875 0.6396484375 0.402253125 0.6044921875
6 0.5134734375 0.6044921875 0.5022046875 0.6015625 0.501225 0.640625 0.5007343750000001 0.66796875 0.4958359375 0.7060546875 0.49436562500000003 0.7333984375 0.4953453125 0.7548828125 0.505634375 0.7421875 0.508575 0.7109375 0.51739375 0.67578125 0.5247421875 0.6376953125 0.5276828124999999 0.609375 0.5134734375 0.6044921875
5 0.5595296875 0.611328125 0.5477703125 0.6044921875 0.5365015625 0.599609375 0.5252328125 0.6015625 0.5252328125 0.625 0.5252328125 0.6533203125 0.5252328125 0.685546875 0.5301328125 0.716796875 0.5325828125000001 0.74609375 0.542871875 0.76171875 0.5531609375000001 0.75 0.5541406249999999 0.7236328125 0.555609375 0.701171875 0.556590625 0.67578125 0.5595296875 0.64453125 0.5595296875 0.611328125
4 0.5918671875 0.607421875 0.579128125 0.595703125 0.5668796875 0.5947265625 0.5551203124999999 0.60546875 0.5595296875 0.6318359375 0.5624687500000001 0.64453125 0.5658984375 0.6845703125 0.569328125 0.7138671875 0.5732484375 0.7421875 0.5845171875 0.7578125 0.5884375000000001 0.7333984375 0.5889265625 0.7119140625 0.5884375000000001 0.6865234375 0.5874578125000001 0.650390625 0.5938265625 0.6171875 0.5918671875 0.607421875
1 0.7011265625 0.5478515625 0.6898578125 0.541015625 0.680059375 0.5537109375 0.670259375 0.556640625 0.6604609375 0.5673828125 0.6599703124999999 0.5869140625 0.66585 0.615234375 0.6766296875 0.6328125 0.68446875 0.65234375 0.6937781249999999 0.6787109375 0.7084765625 0.6962890625 0.7212156249999999 0.7109375 0.73934375 0.69140625 0.7481625000000001 0.6689453125 0.7354234374999999 0.642578125 0.725134375 0.6240234375 0.716315625 0.6015625 0.70945625 0.564453125 0.7011265625 0.5478515625