21 0.4873046875 0.5208234375 0.458984375 0.51249375 0.4306640625 0.5120046874999999 0.423828125 0.52229375 0.421875 0.5340515625 0.423828125 0.5477703125 0.4443359375 0.5502203125 0.4697265625 0.551690625 0.4970703125 0.5507109375 0.5224609375 0.5502203125 0.556640625 0.54973125 0.5908203125 0.5521796875 0.5986328125 0.540421875 0.5673828125 0.5311125 0.54296875 0.5271921875000001 0.5205078125 0.5237625 0.4873046875 0.5208234375
22 0.6025390625 0.4948546875 0.58984375 0.48162656249999997 0.560546875 0.47525781250000004 0.52734375 0.4747671875 0.505859375 0.4728078125 0.4873046875 0.4723171875 0.46484375 0.46643749999999995 0.439453125 0.4659484375 0.42578125 0.47868750000000004 0.4287109375 0.4953453125 0.44140625 0.5071046875 0.4716796875 0.503184375 0.501953125 0.5007343750000001 0.53515625 0.49926562499999994 0.5634765625 0.498284375 0.58203125 0.4958359375 0.6025390625 0.4948546875
30 0.515625 0.441940625 0.4853515625 0.439490625 0.466796875 0.4404703125 0.4462890625 0.441940625 0.4345703125 0.45320937499999997 0.4287109375 0.4634984375 0.4775390625 0.4713375 0.5078125 0.4713375 0.5361328125 0.4659484375 0.5654296875 0.4674171875 0.5654296875 0.4546796875 0.54296875 0.448309375 0.515625 0.441940625
29 0.5947265625 0.4086234375 0.56640625 0.404703125 0.53515625 0.403234375 0.4921875 0.3998046875 0.4541015625 0.402253125 0.4443359375 0.4135234375 0.4443359375 0.42675156249999996 0.4619140625 0.43899999999999995 0.4599609375 0.43899999999999995 0.482421875 0.4409609375 0.5068359375 0.4355703125 0.5302734375 0.43459062499999995 0.55859375 0.43165156250000003 0.6025390625 0.42528125 0.6142578125 0.41548281249999997 0.5947265625 0.4086234375
23 0.607421875 0.37432656249999996 0.56640625 0.37285625 0.525390625 0.3694265625 0.4951171875 0.3694265625 0.4501953125 0.3674671875 0.439453125 0.3762859375 0.4560546875 0.387065625 0.4560546875 0.4056828125 0.4833984375 0.41009375 0.517578125 0.40372343749999995 0.5458984375 0.400784375 0.576171875 0.398334375 0.607421875 0.39784375 0.626953125 0.3860859375 0.607421875 0.37432656249999996
24 0.6181640625 0.3561984375 0.5810546875 0.347378125 0.5439453125 0.34492968749999997 0.4931640625 0.3366 0.4599609375 0.332190625 0.443359375 0.3400296875 0.443359375 0.35521875 0.451171875 0.37040625 0.4794921875 0.37138593750000004 0.509765625 0.3694265625 0.541015625 0.3674671875 0.56640625 0.3630578125 0.5966796875 0.361096875 0.6181640625 0.3561984375
20 0.6025390625 0.561 0.572265625 0.5575703125 0.533203125 0.5561 0.4970703125 0.5541406249999999 0.46875 0.551690625 0.4287109375 0.5507109375 0.4267578125 0.5663890625 0.4384765625 0.5776578125 0.4775390625 0.5761875 0.5126953125 0.57471875 0.546875 0.5732484375 0.5751953125 0.571778125 0.6025390625 0.5707984374999999 0.6025390625 0.561
19 0.619140625 0.5987265625 0.5966796875 0.592846875 0.55859375 0.5889265625 0.5283203125 0.5864765625 0.498046875 0.5825578124999999 0.4794921875 0.5801078125 0.439453125 0.5786374999999999 0.42578125 0.5889265625 0.431640625 0.6055859375 0.4599609375 0.612934375 0.4892578125 0.610484375 0.5185546875 0.608525 0.5546875 0.609015625 0.58203125 0.609015625 0.6123046875 0.609015625 0.619140625 0.5987265625
31 0.583984375 0.7354234374999999 0.5458984375 0.7359140625 0.5185546875 0.7329734375 0.4892578125 0.7354234374999999 0.4794921875 0.7452234375 0.494140625 0.7613921875 0.498046875 0.7682515624999999 0.5400390625 0.764821875 0.576171875 0.7653109375 0.607421875 0.7633515625 0.6181640625 0.7515921875 0.6201171875 0.73934375 0.583984375 0.7354234374999999
2 0.615234375 0.723175 0.615234375 0.7123953125 0.5947265625 0.70210625 0.556640625 0.6996578125 0.5283203125 0.6986765625 0.5 0.6947578125 0.4716796875 0.6937781249999999 0.44921875 0.6932875000000001 0.4365234375 0.7104359375 0.451171875 0.718765625 0.4775390625 0.7217046875 0.5029296875 0.7261140625 0.5283203125 0.725134375 0.560546875 0.725134375 0.5888671875 0.725134375 0.615234375 0.723175
7 0.392578125 0.508575 0.3896484375 0.498284375 0.3544921875 0.5026953125 0.326171875 0.5071046875 0.296875 0.5120046874999999 0.2685546875 0.51494375 0.2451171875 0.5237625 0.2666015625 0.5311125 0.2919921875 0.5262125 0.31640625 0.52229375 0.3427734375 0.52229375 0.3681640625 0.5198437499999999 0.3955078125 0.5183734375 0.392578125 0.508575
8 0.392578125 0.52229375 0.36328125 0.52229375 0.33203125 0.5262125 0.296875 0.5325828125000001 0.2685546875 0.53748125 0.2451171875 0.5463015625 0.2578125 0.555609375 0.283203125 0.551690625 0.3134765625 0.5482609375 0.33984375 0.5453203125 0.3671875 0.5438515625 0.3955078125 0.53993125 0.392578125 0.52229375
9 0.390625 0.5389515625 0.3505859375 0.5477703125 0.32421875 0.5511999999999999 0.3046875 0.555609375 0.2802734375 0.5600203125000001 0.2568359375 0.565409375 0.2333984375 0.5732484375 0.2509765625 0.5796171875 0.291015625 0.5756984375 0.3212890625 0.5732484375 0.34765625 0.56981875 0.3974609375 0.5629593749999999 0.3955078125 0.5482609375 0.390625 0.5389515625
10 0.400390625 0.5987265625 0.4033203125 0.5874578125000001 0.408203125 0.5737390625 0.4052734375 0.5644296875 0.3720703125 0.5668796875 0.3466796875 0.5732484375 0.31640625 0.5786374999999999 0.2890625 0.5845171875 0.263671875 0.5903968749999999 0.24609375 0.601665625 0.2275390625 0.6080359375 0.248046875 0.6158750000000001 0.2705078125 0.609015625 0.296875 0.604115625 0.326171875 0.6011765625 0.34765625 0.596765625 0.3759765625 0.6001953125 0.400390625 0.5987265625
11 0.4150390625 0.6246937499999999 0.4208984375 0.6148953125000001 0.4189453125 0.603625 0.3955078125 0.597746875 0.3603515625 0.6075453125 0.33984375 0.611465625 0.314453125 0.615384375 0.2919921875 0.620284375 0.2685546875 0.626653125 0.25 0.6310625 0.2587890625 0.6408625 0.291015625 0.6369421875 0.31640625 0.6310625 0.3427734375 0.62714375 0.375 0.6256734374999999 0.3984375 0.6276328125 0.4150390625 0.6246937499999999
6 0.390625 0.4723171875 0.3623046875 0.47525781250000004 0.32421875 0.48260625 0.2890625 0.491425 0.2578125 0.49436562500000003 0.2451171875 0.5046546875 0.2666015625 0.505634375 0.2939453125 0.5041640625 0.33203125 0.49926562499999994 0.359375 0.498775 0.3984375 0.4977953125 0.3955078125 0.48652656250000004 0.390625 0.4723171875
5 0.400390625 0.4634984375 0.3955078125 0.45222968750000003 0.388671875 0.4404703125 0.35546875 0.4404703125 0.32421875 0.443409375 0.298828125 0.44439062500000004 0.2763671875 0.44585937500000006 0.25 0.44683906249999994 0.23828125 0.457128125 0.25390625 0.4674171875 0.283203125 0.46986718749999995 0.314453125 0.4747671875 0.3466796875 0.4747671875 0.375 0.4747671875 0.3984375 0.4747671875 0.400390625 0.4634984375
4 0.4052734375 0.4331203125 0.404296875 0.420871875 0.392578125 0.4081328125 0.3828125 0.4061734375 0.349609375 0.4125421875 0.3134765625 0.41156249999999994 0.2880859375 0.41107343749999997 0.2666015625 0.41156249999999994 0.2421875 0.41548281249999997 0.2578125 0.42675156249999996 0.2861328125 0.430671875 0.3154296875 0.4341015625 0.35546875 0.43753125 0.3681640625 0.4404703125 0.39453125 0.4448796875 0.4052734375 0.4331203125
1 0.4130859375 0.3400296875 0.4326171875 0.3395390625 0.443359375 0.329740625 0.4462890625 0.319940625 0.458984375 0.3101421875 0.4521484375 0.2988734375 0.435546875 0.29054375 0.3984375 0.283684375 0.3759765625 0.274865625 0.357421875 0.2645765625 0.3310546875 0.2518375 0.30859375 0.26065625 0.2890625 0.278784375 0.3037109375 0.2915234375 0.3212890625 0.306221875 0.34765625 0.31553125 0.3671875 0.3233703125 0.384765625 0.33415 0.4130859375 0.3400296875