21 0.599609375 0.5271921875000001 0.6240234375 0.51494375 0.611328125 0.5046546875 0.583984375 0.49926562499999994 0.552734375 0.5007343750000001 0.529296875 0.501225 0.5078125 0.5002453124999999 0.4814453125 0.496815625 0.4560546875 0.496815625 0.43359375 0.496325 0.41015625 0.496815625 0.4130859375 0.510534375 0.4140625 0.5262125 0.4140625 0.5438515625 0.4580078125 0.541890625 0.484375 0.5414015625 0.5146484375 0.5365015625 0.5400390625 0.5360125 0.572265625 0.5345421875 0.599609375 0.5271921875000001
22 0.5712890625 0.4889765625 0.5986328125 0.485546875 0.6201171875 0.4791765625 0.634765625 0.4688875 0.6025390625 0.45859843749999996 0.5634765625 0.45761874999999996 0.533203125 0.45761874999999996 0.509765625 0.457128125 0.482421875 0.4546796875 0.4599609375 0.45369843750000005 0.4345703125 0.45222968750000003 0.416015625 0.45565937500000003 0.4130859375 0.47035781249999997 0.408203125 0.48113593750000005 0.41015625 0.4953453125 0.4345703125 0.4958359375 0.4599609375 0.4953453125 0.4853515625 0.49436562500000003 0.515625 0.4904453125 0.54296875 0.491425 0.5712890625 0.4889765625
29 0.5869140625 0.4174421875 0.6259765625 0.41548281249999997 0.6875 0.409603125 0.68359375 0.3993140625 0.560546875 0.3860859375 0.5205078125 0.384615625 0.490234375 0.38020624999999997 0.4638671875 0.3782453125 0.44140625 0.375796875 0.4267578125 0.3860859375 0.423828125 0.395884375 0.4345703125 0.41009375 0.4560546875 0.41499218750000005 0.4794921875 0.4164625 0.5078125 0.41499218750000005 0.533203125 0.4164625 0.5615234375 0.41499218750000005 0.5869140625 0.4174421875
30 0.5791015625 0.45565937500000003 0.6064453125 0.45320937499999997 0.626953125 0.44439062500000004 0.5966796875 0.43655 0.5615234375 0.43165156250000003 0.5302734375 0.42773125 0.5078125 0.42283125000000005 0.4765625 0.4198921875 0.447265625 0.4179328125 0.4267578125 0.4198921875 0.4189453125 0.441940625 0.443359375 0.45075937499999996 0.4697265625 0.45222968750000003 0.4970703125 0.448309375 0.5234375 0.45222968750000003 0.55078125 0.4546796875 0.5791015625 0.45565937500000003
23 0.5263671875 0.3542375 0.509765625 0.3508078125 0.494140625 0.347378125 0.4814453125 0.3444390625 0.4697265625 0.3424796875 0.4521484375 0.343459375 0.4423828125 0.34835937499999997 0.4296875 0.3561984375 0.439453125 0.3630578125 0.4462890625 0.37040625 0.4501953125 0.375796875 0.4609375 0.3806953125 0.482421875 0.3782453125 0.5029296875 0.375796875 0.5185546875 0.377265625 0.5380859375 0.374815625 0.6494140625 0.37775625 0.654296875 0.3650171875 0.6455078125 0.3640375 0.6298828125 0.3625671875 0.583984375 0.3581578125 0.556640625 0.35766718750000004 0.5263671875 0.3542375
25 0.56640625 0.276825 0.5322265625 0.269965625 0.5029296875 0.26849531249999997 0.482421875 0.274375 0.4765625 0.288584375 0.4716796875 0.299853125 0.4794921875 0.3145515625 0.5126953125 0.3189609375 0.53515625 0.316021875 0.5654296875 0.3145515625 0.591796875 0.3106328125 0.6201171875 0.31553125 0.658203125 0.3150421875 0.67578125 0.2944640625 0.6396484375 0.2851546875 0.6123046875 0.28123437500000004 0.5888671875 0.2807453125 0.56640625 0.276825
26 0.68359375 0.2758453125 0.7080078125 0.276825 0.7158203125 0.26065625 0.6904296875 0.25036718750000003 0.6572265625 0.2464484375 0.626953125 0.24252812499999998 0.5986328125 0.23664843750000003 0.5732421875 0.22880937499999998 0.552734375 0.22488906250000001 0.5263671875 0.226359375 0.5078125 0.24105781249999997 0.5009765625 0.2621265625 0.517578125 0.2709453125 0.5712890625 0.2709453125 0.599609375 0.272415625 0.6279296875 0.274375 0.6572265625 0.2758453125 0.68359375 0.2758453125
27 0.6220703125 0.1905921875 0.6025390625 0.19010312499999998 0.583984375 0.19696249999999998 0.5595703125 0.2028421875 0.55859375 0.21313125 0.568359375 0.2234203125 0.5888671875 0.2302796875 0.6171875 0.23664843750000003 0.6474609375 0.23860781250000002 0.6787109375 0.2439984375 0.7138671875 0.2479171875 0.7294921875 0.23860781250000002 0.7060546875 0.2297890625 0.6826171875 0.21949999999999997 0.662109375 0.20921093750000003 0.6455078125 0.198921875 0.6220703125 0.1905921875
20 0.642578125 0.5482609375 0.6201171875 0.537971875 0.5947265625 0.5335625 0.56640625 0.5360125 0.52734375 0.53748125 0.4921875 0.540421875 0.4697265625 0.5438515625 0.4443359375 0.5463015625 0.42578125 0.5541406249999999 0.4287109375 0.5683484375 0.44921875 0.5801078125 0.484375 0.5756984375 0.5185546875 0.569328125 0.55859375 0.5644296875 0.5859375 0.5590390625 0.6142578125 0.556590625 0.642578125 0.5482609375
19 0.6728515625 0.5810875 0.6494140625 0.5737390625 0.6240234375 0.5737390625 0.5888671875 0.5756984375 0.560546875 0.5786374999999999 0.53515625 0.581578125 0.5 0.5761875 0.4794921875 0.5796171875 0.4521484375 0.5903968749999999 0.4365234375 0.6031359375 0.44140625 0.612934375 0.4638671875 0.6207734375 0.5126953125 0.615384375 0.5439453125 0.6144046875 0.5791015625 0.610484375 0.6044921875 0.6080359375 0.626953125 0.6050953125 0.6552734375 0.599215625 0.6728515625 0.5810875
18 0.4814453125 0.6168546874999999 0.4619140625 0.6232234375 0.4521484375 0.638903125 0.4697265625 0.6501718750000001 0.494140625 0.656540625 0.515625 0.6511515625000001 0.5400390625 0.6423328125000001 0.56640625 0.6398828125 0.5966796875 0.638903125 0.625 0.6349828125 0.65234375 0.6310625 0.6572265625 0.6178343749999999 0.6240234375 0.6178343749999999 0.5869140625 0.6144046875 0.5615234375 0.6178343749999999 0.5302734375 0.6178343749999999 0.5048828125 0.6168546874999999 0.4814453125 0.6168546874999999
17 0.662109375 0.647721875 0.6376953125 0.6462515625 0.5986328125 0.6452718749999999 0.5693359375 0.64968125 0.5458984375 0.652621875 0.5234375 0.651640625 0.5048828125 0.652621875 0.474609375 0.651640625 0.4541015625 0.6722187500000001 0.4736328125 0.6849578125 0.4921875 0.691328125 0.515625 0.6878984375 0.5400390625 0.6805484374999999 0.5732421875 0.67711875 0.599609375 0.6727093749999999 0.6298828125 0.6692796875 0.6572265625 0.6668296875 0.6650390625 0.654090625 0.662109375 0.647721875
13 0.6533203125 0.7177859375 0.677734375 0.7123953125 0.6826171875 0.6962265624999999 0.66015625 0.6883874999999999 0.6240234375 0.6874078124999999 0.5986328125 0.68691875 0.5732421875 0.6859375 0.5458984375 0.68446875 0.52734375 0.6854484375000001 0.5048828125 0.68691875 0.48046875 0.6918171875 0.466796875 0.7055359375 0.484375 0.716315625 0.4775390625 0.728075 0.4833984375 0.7359140625 0.513671875 0.7383640625 0.5458984375 0.7324843750000001 0.5712890625 0.7266046875 0.5986328125 0.7226843749999999 0.6298828125 0.7177859375 0.6533203125 0.7177859375
2 0.66796875 0.723665625 0.640625 0.7266046875 0.6103515625 0.728075 0.5869140625 0.7315046875 0.564453125 0.7339546875 0.5048828125 0.7398328125 0.498046875 0.7530625 0.505859375 0.766290625 0.51953125 0.7721703125 0.51953125 0.7814796875 0.5390625 0.7858890625 0.568359375 0.7854 0.5986328125 0.7697203125 0.6201171875 0.7613921875 0.64453125 0.7535515625 0.66796875 0.7506125 0.703125 0.74424375 0.6962890625 0.72954375 0.66796875 0.723665625
31 0.5732421875 0.8000984375 0.5927734375 0.8030375 0.607421875 0.8040171875000001 0.611328125 0.8157765625 0.6337890625 0.8177359375 0.662109375 0.798628125 0.68359375 0.78441875 0.69921875 0.773640625 0.7119140625 0.763840625 0.708984375 0.7496328125 0.6904296875 0.7515921875 0.6630859375 0.757471875 0.6357421875 0.763840625 0.5966796875 0.7721703125 0.572265625 0.7819703125 0.5732421875 0.8000984375
28 0.4931640625 0.20382187499999999 0.50390625 0.1984328125 0.5 0.1910828125 0.4951171875 0.185203125 0.4833984375 0.180303125 0.4716796875 0.1749140625 0.4599609375 0.167075 0.4560546875 0.1592359375 0.44921875 0.1494359375 0.4423828125 0.1420875 0.43359375 0.1396375 0.400390625 0.1396375 0.3935546875 0.146496875 0.3828125 0.1562953125 0.375 0.1660953125 0.3740234375 0.178834375 0.375 0.1905921875 0.3779296875 0.20137187499999998 0.3837890625 0.20823125 0.390625 0.21459999999999999 0.4052734375 0.217540625 0.4189453125 0.21949999999999997 0.435546875 0.2209703125 0.4619140625 0.2204796875 0.4716796875 0.21459999999999999 0.4794921875 0.2052921875 0.4931640625 0.20382187499999999
0 0.392578125 0.21558125 0.3671875 0.2072515625 0.3408203125 0.20333125000000002 0.3212890625 0.2018625 0.302734375 0.20088124999999998 0.3017578125 0.20921093750000003 0.32421875 0.2160703125 0.3388671875 0.2204796875 0.353515625 0.226359375 0.3662109375 0.2322390625 0.357421875 0.23517812500000002 0.3408203125 0.2297890625 0.3310546875 0.22440000000000002 0.3154296875 0.2190109375 0.306640625 0.21558125 0.2919921875 0.208721875 0.28125 0.21313125 0.2939453125 0.222440625 0.302734375 0.22831875 0.3154296875 0.23811875 0.328125 0.2464484375 0.3388671875 0.2518375 0.359375 0.2567375 0.3759765625 0.26065625 0.388671875 0.26555625 0.4013671875 0.269965625 0.4111328125 0.2758453125 0.42578125 0.2797640625 0.4404296875 0.2807453125 0.453125 0.2807453125 0.46484375 0.274375 0.4716796875 0.2689859375 0.470703125 0.2601671875 0.474609375 0.25575625 0.484375 0.2528171875 0.484375 0.2454671875 0.4853515625 0.2341984375 0.4658203125 0.22440000000000002 0.4453125 0.222440625 0.4287109375 0.222440625 0.408203125 0.221459375 0.392578125 0.21558125
1 0.41796875 0.33610937500000004 0.4296875 0.333659375 0.4345703125 0.3282703125 0.4384765625 0.3219015625 0.431640625 0.3121015625 0.439453125 0.3076921875 0.4482421875 0.304753125 0.451171875 0.29936250000000003 0.4482421875 0.292503125 0.44921875 0.286134375 0.447265625 0.2802546875 0.427734375 0.279275 0.412109375 0.2782953125 0.3955078125 0.2778046875 0.3828125 0.276334375 0.359375 0.2709453125 0.3369140625 0.2660453125 0.322265625 0.261146875 0.306640625 0.2572265625 0.2900390625 0.25379687500000003 0.2763671875 0.2493875 0.265625 0.24742812500000003 0.255859375 0.249878125 0.255859375 0.25575625 0.2685546875 0.26065625 0.2763671875 0.262615625 0.2880859375 0.2660453125 0.298828125 0.269965625 0.3095703125 0.27339531250000004 0.3193359375 0.2758453125 0.328125 0.2802546875 0.3388671875 0.28319375 0.341796875 0.29054375 0.3251953125 0.2920140625 0.3095703125 0.28907343750000003 0.29296875 0.283684375 0.2802734375 0.2797640625 0.2685546875 0.27535468750000003 0.2548828125 0.27290468749999997 0.244140625 0.269965625 0.2314453125 0.2660453125 0.2275390625 0.27192500000000003 0.23828125 0.279275 0.2509765625 0.28564375000000003 0.265625 0.292503125 0.27734375 0.2969125 0.2919921875 0.30279218750000003 0.306640625 0.3067125 0.322265625 0.31161249999999996 0.3369140625 0.3140625 0.353515625 0.31749218749999997 0.3671875 0.3219015625 0.3798828125 0.327290625 0.388671875 0.3307203125 0.404296875 0.33415 0.41796875 0.33610937500000004
3 0.3388671875 0.359628125 0.3525390625 0.362078125 0.365234375 0.3650171875 0.375 0.36795625 0.388671875 0.368446875 0.3994140625 0.368446875 0.4072265625 0.365996875 0.408203125 0.3601171875 0.4091796875 0.3532578125 0.4111328125 0.34688906249999996 0.4150390625 0.34296875 0.408203125 0.3366 0.3974609375 0.3326796875 0.3837890625 0.33022968750000004 0.37109375 0.3287609375 0.3544921875 0.3263109375 0.3369140625 0.32239062500000004 0.32421875 0.3219015625 0.3095703125 0.32092187499999997 0.2978515625 0.32239062500000004 0.28515625 0.32092187499999997 0.2724609375 0.3189609375 0.26171875 0.31749218749999997 0.2490234375 0.3150421875 0.23828125 0.3125921875 0.2265625 0.3096515625 0.2158203125 0.3067125 0.2041015625 0.3057328125 0.2060546875 0.31161249999999996 0.216796875 0.31749218749999997 0.23046875 0.3258203125 0.23828125 0.3307203125 0.2490234375 0.33610937500000004 0.263671875 0.3424796875 0.279296875 0.3488484375 0.2958984375 0.3532578125 0.314453125 0.35521875 0.328125 0.3561984375 0.3388671875 0.359628125
4 0.3359375 0.3919640625 0.3486328125 0.39637500000000003 0.3583984375 0.3998046875 0.369140625 0.40274374999999996 0.37890625 0.40519375 0.388671875 0.4056828125 0.396484375 0.400784375 0.40625 0.3949046875 0.408203125 0.389515625 0.4052734375 0.38363593749999997 0.40234375 0.3782453125 0.3974609375 0.37285625 0.3916015625 0.368446875 0.375 0.368446875 0.36328125 0.3694265625 0.345703125 0.368446875 0.330078125 0.365996875 0.30859375 0.3625671875 0.291015625 0.359628125 0.27734375 0.3566875 0.259765625 0.3557078125 0.248046875 0.3542375 0.2353515625 0.3532578125 0.224609375 0.35031875 0.2109375 0.3488484375 0.19921875 0.34786875 0.2060546875 0.354728125 0.220703125 0.36060781249999996 0.228515625 0.3650171875 0.2509765625 0.37285625 0.265625 0.3767765625 0.2822265625 0.379715625 0.2958984375 0.3831453125 0.310546875 0.3855953125 0.32421875 0.389515625 0.3359375 0.3919640625
5 0.333984375 0.4331203125 0.3486328125 0.4360609375 0.3642578125 0.437040625 0.3779296875 0.43753125 0.3896484375 0.43459062499999995 0.39453125 0.4287109375 0.396484375 0.42283125000000005 0.396484375 0.41548281249999997 0.390625 0.41009375 0.3828125 0.4056828125 0.369140625 0.40372343749999995 0.353515625 0.4012734375 0.337890625 0.4017640625 0.318359375 0.3998046875 0.30078125 0.398334375 0.2822265625 0.39637500000000003 0.2626953125 0.39392499999999997 0.248046875 0.39392499999999997 0.2353515625 0.393434375 0.224609375 0.390984375 0.2119140625 0.391475 0.19921875 0.3919640625 0.189453125 0.3993140625 0.19140625 0.4061734375 0.2177734375 0.41009375 0.251953125 0.415971875 0.271484375 0.42136250000000003 0.294921875 0.42528125 0.31640625 0.429690625 0.333984375 0.4331203125
6 0.3623046875 0.4674171875 0.375 0.4683984375 0.3896484375 0.4679078125 0.3916015625 0.46202812499999996 0.3896484375 0.4561484375 0.3896484375 0.44880000000000003 0.37890625 0.44145 0.373046875 0.43753125 0.357421875 0.43753125 0.3447265625 0.43753125 0.333984375 0.43802031250000006 0.3193359375 0.4409609375 0.3076171875 0.441940625 0.296875 0.44242968749999995 0.283203125 0.443409375 0.271484375 0.4439 0.2607421875 0.4473296875 0.267578125 0.45761874999999996 0.2841796875 0.4610484375 0.3017578125 0.4634984375 0.318359375 0.46496875 0.333984375 0.466928125 0.3486328125 0.4674171875 0.3623046875 0.4674171875
7 0.373046875 0.4977953125 0.3857421875 0.4977953125 0.3857421875 0.4904453125 0.3857421875 0.4835859375 0.3857421875 0.4772171875 0.3857421875 0.46986718749999995 0.3642578125 0.46986718749999995 0.349609375 0.469378125 0.3349609375 0.46986718749999995 0.3203125 0.470846875 0.302734375 0.470846875 0.2890625 0.47035781249999997 0.2744140625 0.4713375 0.2763671875 0.48652656250000004 0.294921875 0.48946562499999996 0.3134765625 0.49240625 0.330078125 0.49436562500000003 0.3447265625 0.496325 0.359375 0.496815625 0.373046875 0.4977953125
8 0.380859375 0.5267031249999999 0.3896484375 0.5262125 0.388671875 0.5198437499999999 0.384765625 0.514453125 0.388671875 0.51004375 0.3896484375 0.505634375 0.3916015625 0.501225 0.3818359375 0.49926562499999994 0.359375 0.49926562499999994 0.3427734375 0.4997546875 0.326171875 0.501715625 0.3134765625 0.5007343750000001 0.2978515625 0.503675 0.2861328125 0.503675 0.2734375 0.505634375 0.275390625 0.5193531250000001 0.287109375 0.52229375 0.3056640625 0.5237625 0.318359375 0.5257234375000001 0.337890625 0.5267031249999999 0.3525390625 0.5267031249999999 0.3671875 0.5276828124999999 0.380859375 0.5267031249999999
9 0.3623046875 0.5619796874999999 0.37109375 0.5629593749999999 0.3798828125 0.5614890625 0.390625 0.5595296875 0.3984375 0.55365 0.3974609375 0.5477703125 0.39453125 0.53993125 0.392578125 0.5345421875 0.3916015625 0.5301328125 0.3818359375 0.5286625 0.3671875 0.5296421875 0.353515625 0.529153125 0.3408203125 0.530621875 0.32421875 0.5316015625 0.310546875 0.5345421875 0.2998046875 0.5350312500000001 0.2861328125 0.5384609375 0.275390625 0.5389515625 0.2626953125 0.54238125 0.2744140625 0.558059375 0.29296875 0.5570796875 0.310546875 0.556590625 0.3251953125 0.558059375 0.3408203125 0.5590390625 0.3515625 0.560509375 0.3623046875 0.5619796874999999
11 0.3828125 0.6335124999999999 0.392578125 0.631553125 0.404296875 0.6281234375 0.412109375 0.6232234375 0.4140625 0.615384375 0.4072265625 0.609015625 0.400390625 0.6031359375 0.39453125 0.599215625 0.3828125 0.5962765625 0.3662109375 0.5987265625 0.3515625 0.6026453125 0.333984375 0.606565625 0.3212890625 0.611465625 0.29296875 0.615384375 0.271484375 0.6178343749999999 0.2548828125 0.6217546875 0.2412109375 0.626653125 0.228515625 0.6310625 0.2158203125 0.6369421875 0.208984375 0.6447812500000001 0.228515625 0.647721875 0.255859375 0.6447812500000001 0.287109375 0.6413515624999999 0.310546875 0.6398828125 0.33203125 0.6369421875 0.353515625 0.6359625 0.3662109375 0.634003125 0.3828125 0.6335124999999999
10 0.3486328125 0.5982359374999999 0.365234375 0.59725625 0.3779296875 0.5957859375 0.3935546875 0.592846875 0.404296875 0.5894171874999999 0.40625 0.5820671875000001 0.40625 0.56981875 0.3994140625 0.5624687500000001 0.384765625 0.5600203125000001 0.3662109375 0.5619796874999999 0.3486328125 0.56345 0.326171875 0.5663890625 0.3037109375 0.5688390625 0.2841796875 0.5727578125 0.2705078125 0.576678125 0.251953125 0.5810875 0.240234375 0.5825578124999999 0.224609375 0.584028125 0.208984375 0.5864765625 0.1953125 0.5894171874999999 0.1982421875 0.599215625 0.203125 0.6055859375 0.21875 0.60460625 0.2412109375 0.60460625 0.2626953125 0.603625 0.2890625 0.6011765625 0.30859375 0.59970625 0.328125 0.6006859375 0.3486328125 0.5982359374999999
12 0.3828125 0.6673203125 0.396484375 0.670259375 0.4150390625 0.6683 0.4248046875 0.6609499999999999 0.423828125 0.652621875 0.4208984375 0.6433125000000001 0.4208984375 0.6344921875 0.408203125 0.6300828125 0.404296875 0.625184375 0.388671875 0.6256734374999999 0.3740234375 0.6335124999999999 0.3583984375 0.6369421875 0.3408203125 0.6418421875 0.3173828125 0.6462515625 0.2978515625 0.6501718750000001 0.2744140625 0.6550703125 0.2578125 0.65948125 0.2421875 0.6668296875 0.2275390625 0.6741796875 0.2216796875 0.681528125 0.2197265625 0.6893671875 0.234375 0.6883874999999999 0.26171875 0.6825078125 0.2890625 0.6776093750000001 0.3154296875 0.6741796875 0.341796875 0.6712390625 0.3603515625 0.6692796875 0.3828125 0.6673203125
14 0.38671875 0.727584375 0.408203125 0.728075 0.42578125 0.7290546875 0.44140625 0.7285640625 0.4521484375 0.723175 0.4580078125 0.71680625 0.44921875 0.7128859375000001 0.4560546875 0.7079859374999999 0.4580078125 0.7011265625 0.44921875 0.6937781249999999 0.4453125 0.6893671875 0.4404296875 0.683978125 0.4423828125 0.6785890625000001 0.4453125 0.6722187500000001 0.443359375 0.66585 0.4326171875 0.6619296875 0.419921875 0.6624203125 0.40625 0.663890625 0.396484375 0.667809375 0.3818359375 0.6761390625 0.3720703125 0.6805484374999999 0.3564453125 0.681528125 0.3330078125 0.6864281250000001 0.3154296875 0.6878984375 0.296875 0.6947578125 0.28125 0.6991671875 0.265625 0.70700625 0.2509765625 0.7138656250000001 0.240234375 0.7207250000000001 0.2333984375 0.72954375 0.23828125 0.73689375 0.2509765625 0.73689375 0.2626953125 0.72954375 0.2822265625 0.7207250000000001 0.294921875 0.71680625 0.3115234375 0.7128859375000001 0.326171875 0.7079859374999999 0.3408203125 0.7079859374999999 0.341796875 0.7153359375 0.3232421875 0.723175 0.3134765625 0.7261140625 0.3017578125 0.7315046875 0.287109375 0.73689375 0.27734375 0.74179375 0.263671875 0.7506125 0.255859375 0.757471875 0.2587890625 0.766290625 0.2734375 0.77168125 0.28515625 0.7633515625 0.3056640625 0.7530625 0.3291015625 0.743753125 0.3515625 0.73689375 0.3681640625 0.72954375 0.38671875 0.727584375
15 0.3603515625 0.8143062499999999 0.3740234375 0.8084265625 0.3828125 0.8030375 0.3994140625 0.79666875 0.41796875 0.7932390625 0.4326171875 0.791278125 0.451171875 0.7873593750000001 0.4677734375 0.78686875 0.484375 0.7790296875 0.48828125 0.7726609375 0.484375 0.7653109375 0.4853515625 0.7579625 0.4775390625 0.7540421875 0.4638671875 0.752571875 0.462890625 0.7466921875 0.466796875 0.7383640625 0.4677734375 0.7329734375 0.4609375 0.7270953125 0.4453125 0.7221953125 0.4306640625 0.7241546875 0.4169921875 0.7261140625 0.41015625 0.7310140625 0.3994140625 0.73689375 0.3896484375 0.7432624999999999 0.3779296875 0.7481625000000001 0.365234375 0.7506125 0.353515625 0.7535515625 0.3388671875 0.7589421875 0.326171875 0.766290625 0.3134765625 0.7721703125 0.3017578125 0.7814796875 0.2890625 0.78931875 0.2783203125 0.79911875 0.279296875 0.8103875 0.291015625 0.8094078124999999 0.302734375 0.803528125 0.3115234375 0.7976484375 0.32421875 0.792259375 0.337890625 0.7854 0.3525390625 0.7883390625 0.341796875 0.7951984375000001 0.32421875 0.8025484374999999 0.306640625 0.8079375000000001 0.302734375 0.81185625 0.306640625 0.81920625 0.31640625 0.81920625 0.328125 0.81920625 0.3427734375 0.817246875 0.3603515625 0.8143062499999999
16 0.482421875 0.8343953125000001 0.484375 0.828515625 0.4853515625 0.82165625 0.482421875 0.8162671874999999 0.470703125 0.8128375 0.4599609375 0.8089171875 0.4501953125 0.8040171875000001 0.4453125 0.79911875 0.4345703125 0.7956890624999999 0.419921875 0.7971578125 0.40234375 0.798628125 0.390625 0.8000984375 0.37890625 0.8045078125 0.3671875 0.8084265625 0.365234375 0.8147968750000001 0.3623046875 0.8255750000000001 0.3623046875 0.832925 0.3662109375 0.8407640625000001 0.3681640625 0.8476234375 0.3662109375 0.8554625 0.3720703125 0.8593828125 0.37890625 0.8662421874999999 0.388671875 0.8726109375 0.4013671875 0.8618328125 0.4130859375 0.8535031249999999 0.4189453125 0.8657515625000001 0.4208984375 0.8731015624999999 0.4296875 0.87653125 0.439453125 0.8716312500000001 0.4482421875 0.8633015625 0.4580078125 0.8530125 0.4677734375 0.8461531250000001 0.474609375 0.8412546875 0.482421875 0.8343953125000001
24 0.630859375 0.3356203125 0.64453125 0.3415 0.5146484375 0.316021875 0.49609375 0.32092187499999997 0.5029296875 0.3356203125 0.5185546875 0.34541875 0.623046875 0.3561984375 0.66796875 0.3508078125 0.630859375 0.3356203125