21 0.4997546875 0.4921875 0.498775 0.470703125 0.49926562499999994 0.447265625 0.5007343750000001 0.416015625 0.4953453125 0.388671875 0.48505624999999997 0.3759765625 0.4728078125 0.400390625 0.46545781249999996 0.427734375 0.4639875 0.4599609375 0.4634984375 0.4853515625 0.45859843749999996 0.515625 0.458109375 0.5419921875 0.4561484375 0.5859375 0.4737875 0.5859375 0.48946562499999996 0.5869140625 0.503184375 0.58984375 0.503675 0.56640625 0.503184375 0.5439453125 0.503184375 0.5185546875 0.4997546875 0.4921875
22 0.542871875 0.490234375 0.54238125 0.466796875 0.54238125 0.4365234375 0.5414015625 0.3974609375 0.5311125 0.365234375 0.5208234375 0.3798828125 0.514453125 0.4013671875 0.5110234375 0.4287109375 0.508575 0.45703125 0.5095546875 0.484375 0.505634375 0.5146484375 0.5046546875 0.5400390625 0.5041640625 0.5654296875 0.5046546875 0.58984375 0.5188640625 0.591796875 0.5296421875 0.5869140625 0.544340625 0.583984375 0.5477703125 0.5654296875 0.5463015625 0.5400390625 0.5453203125 0.517578125 0.542871875 0.490234375
29 0.6139140624999999 0.439453125 0.6006859375 0.31640625 0.5903968749999999 0.3125 0.5845171875 0.3740234375 0.5825578124999999 0.4130859375 0.5850078125 0.4384765625 0.5835375 0.466796875 0.5850078125 0.4921875 0.5835375 0.5205078125 0.5850078125 0.5439453125 0.5899062500000001 0.5654296875 0.604115625 0.576171875 0.6139140624999999 0.5732421875 0.624203125 0.55859375 0.6217546875 0.5361328125 0.61979375 0.509765625 0.615384375 0.4794921875 0.6139140624999999 0.439453125
30 0.56345 0.4033203125 0.555609375 0.373046875 0.5467906250000001 0.3935546875 0.544340625 0.4208984375 0.5453203125 0.44921875 0.5477703125 0.4765625 0.551690625 0.5029296875 0.5477703125 0.5302734375 0.549240625 0.556640625 0.558059375 0.5810546875 0.5801078125 0.5732421875 0.5820671875000001 0.552734375 0.5801078125 0.5234375 0.57716875 0.4921875 0.57226875 0.4697265625 0.5683484375 0.4384765625 0.56345 0.4033203125
23 0.62959375 0.5537109375 0.6369421875 0.560546875 0.6438015625 0.5703125 0.651640625 0.5576171875 0.656540625 0.5478515625 0.6575203125 0.5302734375 0.6555609375 0.5185546875 0.652621875 0.505859375 0.6491921875 0.490234375 0.6457625 0.4736328125 0.6423328125000001 0.443359375 0.6418421875 0.416015625 0.6374328125 0.3701171875 0.6359625 0.3544921875 0.6349828125 0.345703125 0.62224375 0.3505859375 0.625184375 0.4619140625 0.6227343750000001 0.4814453125 0.624203125 0.4970703125 0.6217546875 0.517578125 0.6193046875 0.5390625 0.624203125 0.5498046875 0.62959375 0.5537109375
25 0.711415625 0.5234375 0.725625 0.517578125 0.7315046875 0.4970703125 0.730034375 0.4677734375 0.723175 0.43359375 0.7192546875 0.4111328125 0.718765625 0.3876953125 0.7148453124999999 0.3603515625 0.7055359375 0.32421875 0.6849578125 0.341796875 0.68446875 0.3798828125 0.6893671875 0.408203125 0.6854484375000001 0.4345703125 0.683978125 0.46484375 0.6810390625 0.4873046875 0.6854484375000001 0.5205078125 0.700146875 0.5283203125 0.711415625 0.5234375
26 0.7535515625 0.3427734375 0.7496328125 0.3095703125 0.73934375 0.2841796875 0.723175 0.2919921875 0.7241546875 0.31640625 0.7241546875 0.3427734375 0.725625 0.3720703125 0.727584375 0.400390625 0.7290546875 0.4287109375 0.7290546875 0.482421875 0.7378734375 0.4990234375 0.7589421875 0.4921875 0.773640625 0.4736328125 0.7751109375 0.447265625 0.771190625 0.4267578125 0.7633515625 0.4013671875 0.757471875 0.373046875 0.7535515625 0.3427734375
27 0.7971578125 0.4404296875 0.8030375 0.416015625 0.809896875 0.3974609375 0.8094078124999999 0.3779296875 0.8010781250000001 0.3544921875 0.7907890625 0.337890625 0.7805 0.3173828125 0.7702109375 0.2939453125 0.7613921875 0.2705078125 0.7520828125000001 0.2861328125 0.7560015625000001 0.3212890625 0.7613921875 0.3525390625 0.7633515625 0.3828125 0.7697203125 0.4111328125 0.7765796875000001 0.431640625 0.78686875 0.44140625 0.7971578125 0.4404296875
20 0.4639875 0.43359375 0.46643749999999995 0.4052734375 0.46202812499999996 0.3798828125 0.4517390625 0.357421875 0.443409375 0.3857421875 0.4409609375 0.4140625 0.4355703125 0.44140625 0.430671875 0.4814453125 0.4243015625 0.515625 0.4198921875 0.55078125 0.43165156250000003 0.5712890625 0.44585937500000006 0.57421875 0.45369843750000005 0.5556640625 0.4561484375 0.5302734375 0.459578125 0.5078125 0.46251875 0.47265625 0.4639875 0.43359375
19 0.41842187500000005 0.46484375 0.42136250000000003 0.439453125 0.4243015625 0.4111328125 0.42626093750000005 0.3759765625 0.42626093750000005 0.3505859375 0.41891249999999997 0.3271484375 0.400784375 0.3447265625 0.3949046875 0.373046875 0.3919640625 0.3955078125 0.389515625 0.4208984375 0.3855953125 0.4560546875 0.384615625 0.4873046875 0.37922656250000003 0.5361328125 0.387065625 0.55859375 0.3968640625 0.5634765625 0.409603125 0.5478515625 0.42038281250000004 0.5205078125 0.42381250000000004 0.5 0.41842187500000005 0.46484375
18 0.343459375 0.505859375 0.349828125 0.5302734375 0.361096875 0.5478515625 0.3767765625 0.5380859375 0.3831453125 0.5185546875 0.3831453125 0.4951171875 0.382165625 0.4697265625 0.382165625 0.4384765625 0.3855953125 0.4130859375 0.382165625 0.3759765625 0.382165625 0.3427734375 0.36893750000000003 0.34765625 0.3650171875 0.375 0.361096875 0.4033203125 0.3601171875 0.43359375 0.35766718750000004 0.4599609375 0.3488484375 0.484375 0.343459375 0.505859375
17 0.34835937499999997 0.4765625 0.347378125 0.4541015625 0.35031875 0.4306640625 0.354728125 0.4013671875 0.3537484375 0.3623046875 0.352278125 0.337890625 0.345909375 0.3349609375 0.3331703125 0.3427734375 0.3307203125 0.3701171875 0.327290625 0.400390625 0.32288125 0.4267578125 0.3194515625 0.4599609375 0.3121015625 0.484375 0.30867187500000004 0.5078125 0.3150421875 0.5263671875 0.32778125 0.5458984375 0.34835937499999997 0.525390625 0.347378125 0.4951171875 0.34835937499999997 0.4765625
13 0.31553125 0.4541015625 0.3140625 0.4267578125 0.31308125000000003 0.4013671875 0.3125921875 0.3759765625 0.31161249999999996 0.33984375 0.30377343749999997 0.3173828125 0.2876046875 0.322265625 0.2822140625 0.3466796875 0.2822140625 0.3701171875 0.277315625 0.4013671875 0.27339531250000004 0.4287109375 0.26751562500000003 0.4541015625 0.2616359375 0.486328125 0.2640859375 0.5166015625 0.27192500000000003 0.5224609375 0.283684375 0.515625 0.2944640625 0.533203125 0.3081828125 0.51953125 0.31308125000000003 0.4951171875 0.3145515625 0.47265625 0.31553125 0.4541015625
2 0.2601671875 0.4951171875 0.2660453125 0.435546875 0.26849531249999997 0.4130859375 0.27192500000000003 0.3896484375 0.27339531250000004 0.359375 0.276334375 0.33203125 0.27045625 0.3037109375 0.25575625 0.296875 0.2493875 0.33203125 0.2464484375 0.35546875 0.23860781250000002 0.3798828125 0.2302796875 0.4013671875 0.21459999999999999 0.431640625 0.21411093750000001 0.4609375 0.2185203125 0.48046875 0.22782968750000002 0.48046875 0.23370937500000002 0.494140625 0.24693749999999998 0.501953125 0.2601671875 0.4951171875
31 0.1959828125 0.392578125 0.19696249999999998 0.4072265625 0.1999015625 0.4267578125 0.21802968749999999 0.427734375 0.22782968750000002 0.4033203125 0.236159375 0.3642578125 0.24252812499999998 0.3369140625 0.2484078125 0.3095703125 0.25036718750000003 0.291015625 0.236159375 0.2880859375 0.226359375 0.30078125 0.21558125 0.31640625 0.20137187499999998 0.337890625 0.1822640625 0.3662109375 0.1842234375 0.388671875 0.1959828125 0.392578125
28 0.8437046875 0.6171875 0.8535031249999999 0.6064453125 0.8603624999999999 0.599609375 0.8603624999999999 0.56640625 0.8579125 0.5576171875 0.8505640624999999 0.55078125 0.8407640625000001 0.5439453125 0.832925 0.5400390625 0.8250859374999999 0.5283203125 0.819696875 0.5166015625 0.8147968750000001 0.5048828125 0.8089171875 0.5 0.8015671875000001 0.49609375 0.796178125 0.5068359375 0.7947078125 0.5205078125 0.7854 0.5283203125 0.7795203125 0.5380859375 0.7790296875 0.564453125 0.7805 0.5810546875 0.782459375 0.5947265625 0.7854 0.609375 0.79176875 0.6162109375 0.798628125 0.6220703125 0.8094078124999999 0.625 0.8211656250000001 0.6259765625 0.8339046874999999 0.625 0.8437046875 0.6171875
0 0.7192546875 0.5595703125 0.7202359375 0.57421875 0.7241546875 0.5888671875 0.730034375 0.5986328125 0.73444375 0.611328125 0.73934375 0.6240234375 0.7432624999999999 0.640625 0.7481625000000001 0.6611328125 0.7535515625 0.671875 0.76188125 0.6845703125 0.77168125 0.697265625 0.7775593749999999 0.7060546875 0.78686875 0.71875 0.791278125 0.7080078125 0.78441875 0.693359375 0.7809890625 0.6845703125 0.7756000000000001 0.6689453125 0.7702109375 0.6591796875 0.764821875 0.642578125 0.7677609375000001 0.6337890625 0.773640625 0.646484375 0.7795203125 0.6611328125 0.7839296874999999 0.67578125 0.7907890625 0.6982421875 0.79911875 0.697265625 0.7981374999999999 0.6787109375 0.79666875 0.6591796875 0.7927484375 0.6328125 0.78441875 0.607421875 0.778540625 0.591796875 0.7775593749999999 0.5712890625 0.7775593749999999 0.5546875 0.7756000000000001 0.5341796875 0.7658015625 0.5146484375 0.7545328125 0.515625 0.7471828125 0.515625 0.74424375 0.525390625 0.7398328125 0.529296875 0.7310140625 0.5283203125 0.725625 0.53515625 0.7192546875 0.546875 0.7192546875 0.5595703125
1 0.7207250000000001 0.76171875 0.728075 0.7724609375 0.7339546875 0.7685546875 0.730034375 0.755859375 0.7270953125 0.7451171875 0.7246453125000001 0.7314453125 0.7202359375 0.7197265625 0.716315625 0.70703125 0.7109265625 0.6904296875 0.7079859374999999 0.6748046875 0.70945625 0.658203125 0.71680625 0.6611328125 0.7197453125 0.671875 0.7241546875 0.6806640625 0.7266046875 0.6904296875 0.730034375 0.701171875 0.7339546875 0.7119140625 0.737384375 0.7236328125 0.73934375 0.7314453125 0.74424375 0.744140625 0.7501218749999999 0.744140625 0.752571875 0.734375 0.7506125 0.7236328125 0.746203125 0.7099609375 0.7427734375 0.693359375 0.738853125 0.677734375 0.7339546875 0.6630859375 0.7290546875 0.640625 0.723665625 0.6171875 0.7221953125 0.6044921875 0.7217046875 0.587890625 0.7207250000000001 0.572265625 0.7197453125 0.552734375 0.7138656250000001 0.55078125 0.707496875 0.5517578125 0.7006375 0.548828125 0.695246875 0.5517578125 0.6923078125 0.560546875 0.6878984375 0.568359375 0.6780984375 0.5615234375 0.6717296875 0.5654296875 0.666340625 0.5703125 0.663890625 0.58203125 0.66585 0.595703125 0.6692796875 0.611328125 0.6727093749999999 0.6201171875 0.6780984375 0.6328125 0.6825078125 0.646484375 0.6859375 0.6630859375 0.6883874999999999 0.677734375 0.6932875000000001 0.693359375 0.6972078125000001 0.7080078125 0.7030875 0.72265625 0.707496875 0.734375 0.71435625 0.7490234375 0.7207250000000001 0.76171875
3 0.6903484375 0.7734375 0.6874078124999999 0.76171875 0.6849578125 0.7509765625 0.6825078125 0.73828125 0.6810390625 0.7275390625 0.679078125 0.71484375 0.6776093750000001 0.7021484375 0.679078125 0.6904296875 0.6780984375 0.67578125 0.6776093750000001 0.6630859375 0.6736890625 0.6455078125 0.6712390625 0.62890625 0.6697703125000001 0.6162109375 0.6673203125 0.6025390625 0.6634 0.591796875 0.65703125 0.5849609375 0.6531109374999999 0.5888671875 0.6467421875 0.5908203125 0.6398828125 0.591796875 0.634003125 0.5927734375 0.631553125 0.6005859375 0.631553125 0.611328125 0.63204375 0.625 0.6349828125 0.634765625 0.637921875 0.6474609375 0.640371875 0.6611328125 0.6438015625 0.671875 0.6447812500000001 0.685546875 0.6467421875 0.7041015625 0.6511515625000001 0.720703125 0.6575203125 0.736328125 0.663890625 0.7509765625 0.6692796875 0.76171875 0.6741796875 0.76953125 0.6825078125 0.783203125 0.6883874999999999 0.7939453125 0.6942671875 0.7958984375 0.6932875000000001 0.7841796875 0.6903484375 0.7734375
4 0.6467421875 0.7646484375 0.6457625 0.751953125 0.6442921875 0.740234375 0.6433125000000001 0.72265625 0.640371875 0.708984375 0.6374328125 0.69140625 0.634003125 0.669921875 0.631553125 0.654296875 0.6305734375000001 0.63671875 0.631553125 0.625 0.631553125 0.6083984375 0.62714375 0.6025390625 0.6217546875 0.59765625 0.6163640625 0.5947265625 0.610484375 0.591796875 0.6050953125 0.59375 0.599215625 0.603515625 0.5943171875 0.611328125 0.59480625 0.62109375 0.59725625 0.630859375 0.6001953125 0.6416015625 0.603625 0.6513671875 0.6080359375 0.6640625 0.610484375 0.67578125 0.6144046875 0.689453125 0.6168546874999999 0.7041015625 0.620284375 0.7177734375 0.6232234375 0.734375 0.62714375 0.7490234375 0.6349828125 0.771484375 0.6393921875 0.779296875 0.6452718749999999 0.7939453125 0.6521312499999999 0.80078125 0.6511515625000001 0.7890625 0.64968125 0.775390625 0.6467421875 0.7646484375
5 0.6060749999999999 0.7373046875 0.603625 0.7177734375 0.601665625 0.69921875 0.6001953125 0.681640625 0.5982359374999999 0.662109375 0.5987265625 0.646484375 0.5962765625 0.630859375 0.5943171875 0.6171875 0.5899062500000001 0.609375 0.5845171875 0.603515625 0.57716875 0.603515625 0.5712890625 0.60546875 0.565409375 0.6103515625 0.5624687500000001 0.6220703125 0.5629593749999999 0.6357421875 0.5639390625 0.6513671875 0.5668796875 0.666015625 0.570309375 0.68359375 0.57471875 0.705078125 0.5786374999999999 0.728515625 0.584028125 0.748046875 0.5899062500000001 0.7822265625 0.5938265625 0.80859375 0.6006859375 0.810546875 0.6080359375 0.80078125 0.608525 0.7880859375 0.609015625 0.775390625 0.606565625 0.7646484375 0.6060749999999999 0.751953125 0.6060749999999999 0.7373046875
6 0.5619796874999999 0.666015625 0.5624687500000001 0.6552734375 0.5624687500000001 0.642578125 0.5624687500000001 0.626953125 0.55855 0.62109375 0.5511999999999999 0.6103515625 0.5438515625 0.6103515625 0.537971875 0.6083984375 0.5320921875 0.6103515625 0.5316015625 0.625 0.5325828125000001 0.6376953125 0.5325828125000001 0.6513671875 0.533071875 0.666015625 0.5350312500000001 0.681640625 0.5365015625 0.6982421875 0.5389515625 0.7158203125 0.54238125 0.732421875 0.5526703125 0.7392578125 0.5561 0.728515625 0.556590625 0.716796875 0.5575703125 0.703125 0.558059375 0.6923828125 0.5590390625 0.6806640625 0.5619796874999999 0.666015625
7 0.5301328125 0.6357421875 0.5301328125 0.6142578125 0.5227828125 0.6142578125 0.5164140625 0.6142578125 0.5095546875 0.6142578125 0.5022046875 0.6142578125 0.5022046875 0.626953125 0.503184375 0.640625 0.503675 0.6552734375 0.505634375 0.669921875 0.5075937500000001 0.6865234375 0.510534375 0.705078125 0.5134734375 0.7236328125 0.5286625 0.7255859375 0.5296421875 0.7109375 0.529153125 0.697265625 0.529153125 0.6796875 0.5301328125 0.6650390625 0.530621875 0.650390625 0.5301328125 0.6357421875
8 0.5002453124999999 0.6572265625 0.5007343750000001 0.640625 0.5007343750000001 0.6181640625 0.498775 0.6083984375 0.49436562500000003 0.6103515625 0.48995625 0.611328125 0.485546875 0.615234375 0.48015625 0.611328125 0.4737875 0.6103515625 0.47329687500000006 0.619140625 0.4723171875 0.6328125 0.47329687500000006 0.6474609375 0.47329687500000006 0.662109375 0.47427656249999994 0.681640625 0.4762375 0.6943359375 0.47770625000000005 0.712890625 0.480646875 0.724609375 0.49436562500000003 0.7265625 0.496325 0.7138671875 0.496325 0.7021484375 0.49926562499999994 0.6865234375 0.498284375 0.673828125 0.5002453124999999 0.6572265625
9 0.469378125 0.6591796875 0.470846875 0.646484375 0.47035781249999997 0.6328125 0.4713375 0.6181640625 0.46986718749999995 0.6083984375 0.46545781249999996 0.607421875 0.46006875 0.60546875 0.45222968750000003 0.6025390625 0.44634999999999997 0.6015625 0.4404703125 0.609375 0.4385109375 0.6201171875 0.437040625 0.62890625 0.43802031250000006 0.6376953125 0.439490625 0.6484375 0.4409609375 0.6591796875 0.441940625 0.6748046875 0.443409375 0.689453125 0.44292031249999997 0.70703125 0.441940625 0.7255859375 0.45761874999999996 0.7373046875 0.4610484375 0.724609375 0.4615390625 0.7138671875 0.46496875 0.7001953125 0.46545781249999996 0.689453125 0.4683984375 0.67578125 0.469378125 0.6591796875
11 0.382165625 0.728515625 0.384615625 0.70703125 0.388534375 0.6787109375 0.393434375 0.666015625 0.39735468749999997 0.6484375 0.4012734375 0.6337890625 0.40372343749999995 0.6171875 0.400784375 0.60546875 0.3968640625 0.599609375 0.390984375 0.5927734375 0.384615625 0.5859375 0.3767765625 0.587890625 0.3718765625 0.595703125 0.368446875 0.607421875 0.36648749999999997 0.6171875 0.365996875 0.6337890625 0.3640375 0.646484375 0.3630578125 0.66796875 0.3601171875 0.689453125 0.3586484375 0.712890625 0.35521875 0.744140625 0.352278125 0.771484375 0.35521875 0.791015625 0.3630578125 0.7841796875 0.36893750000000003 0.771484375 0.373346875 0.7587890625 0.3782453125 0.7451171875 0.382165625 0.728515625
10 0.41891249999999997 0.748046875 0.42332187499999996 0.7294921875 0.4272421875 0.7158203125 0.43116093749999995 0.6962890625 0.4336109375 0.673828125 0.43655 0.6513671875 0.43802031250000006 0.6337890625 0.4399796875 0.615234375 0.43753125 0.6005859375 0.43018124999999996 0.59375 0.4179328125 0.59375 0.41058281250000006 0.595703125 0.40715312499999995 0.6064453125 0.4042140625 0.6220703125 0.40274374999999996 0.634765625 0.4017640625 0.6513671875 0.3993140625 0.671875 0.40029375 0.69140625 0.39882343750000004 0.7109375 0.39637500000000003 0.7373046875 0.39539375 0.7587890625 0.39539375 0.78125 0.3944140625 0.796875 0.400784375 0.8017578125 0.41058281250000006 0.8046875 0.4135234375 0.791015625 0.415971875 0.775390625 0.4174421875 0.759765625 0.41891249999999997 0.748046875
12 0.349828125 0.7021484375 0.3537484375 0.6826171875 0.3581578125 0.6591796875 0.3630578125 0.6416015625 0.36648749999999997 0.6259765625 0.37432656249999996 0.611328125 0.374815625 0.595703125 0.3699171875 0.591796875 0.36550781250000003 0.5791015625 0.3566875 0.5791015625 0.347378125 0.576171875 0.33904999999999996 0.5751953125 0.3317 0.5849609375 0.329740625 0.603515625 0.3326796875 0.6171875 0.3307203125 0.6396484375 0.3287609375 0.658203125 0.3258203125 0.6845703125 0.32239062500000004 0.7109375 0.31749218749999997 0.73828125 0.31161249999999996 0.765625 0.3106328125 0.7802734375 0.318471875 0.7783203125 0.3258203125 0.7724609375 0.3331703125 0.7578125 0.34051875 0.7421875 0.34492968749999997 0.7255859375 0.349828125 0.7021484375
14 0.2738859375 0.6865234375 0.276825 0.6767578125 0.2846640625 0.658203125 0.2920140625 0.6591796875 0.2920140625 0.673828125 0.2871140625 0.6884765625 0.28319375 0.705078125 0.279275 0.7177734375 0.27045625 0.7373046875 0.26310625 0.7490234375 0.26310625 0.76171875 0.27045625 0.7666015625 0.279275 0.759765625 0.286134375 0.7490234375 0.29299375 0.734375 0.3008328125 0.71875 0.3052421875 0.703125 0.3121015625 0.6845703125 0.313571875 0.6669921875 0.318471875 0.6435546875 0.3194515625 0.6279296875 0.3238609375 0.6181640625 0.332190625 0.603515625 0.33610937500000004 0.59375 0.3375796875 0.580078125 0.3380703125 0.5673828125 0.33415 0.556640625 0.32778125 0.5546875 0.3214109375 0.5576171875 0.316021875 0.5595703125 0.3106328125 0.5546875 0.306221875 0.55078125 0.2988734375 0.5419921875 0.2920140625 0.5439453125 0.2871140625 0.55078125 0.28319375 0.5419921875 0.276825 0.5478515625 0.2714359375 0.55859375 0.2709453125 0.57421875 0.27192500000000003 0.591796875 0.272415625 0.61328125 0.27045625 0.6318359375 0.26310625 0.6484375 0.256246875 0.6708984375 0.24693749999999998 0.6943359375 0.23664843750000003 0.71484375 0.22831875 0.7265625 0.23370937500000002 0.7412109375 0.24252812499999998 0.744140625 0.2493875 0.736328125 0.25820625 0.72265625 0.26310625 0.712890625 0.26849531249999997 0.6982421875 0.2738859375 0.6865234375
15 0.19647187500000002 0.697265625 0.1905921875 0.708984375 0.18961250000000002 0.720703125 0.20088124999999998 0.7216796875 0.21068125000000001 0.7109375 0.2185203125 0.6982421875 0.22782968750000002 0.6865234375 0.23370937500000002 0.673828125 0.24105781249999997 0.6611328125 0.2464484375 0.646484375 0.2493875 0.634765625 0.2518375 0.6220703125 0.2567375 0.6103515625 0.26310625 0.6005859375 0.2689859375 0.58984375 0.2738859375 0.5830078125 0.2758453125 0.5693359375 0.2778046875 0.5546875 0.27290468749999997 0.5390625 0.2670265625 0.5322265625 0.2616359375 0.533203125 0.2533078125 0.537109375 0.24742812500000003 0.5361328125 0.2459578125 0.5224609375 0.2420375 0.5146484375 0.2346890625 0.515625 0.22733906250000002 0.51171875 0.2209703125 0.515625 0.21313125 0.5322265625 0.212640625 0.548828125 0.208721875 0.5673828125 0.2067609375 0.58203125 0.20333125000000002 0.6005859375 0.19696249999999998 0.6171875 0.1915734375 0.6259765625 0.18569375 0.6396484375 0.18275312500000002 0.6572265625 0.18079375 0.671875 0.18079375 0.68359375 0.18079375 0.693359375 0.18814375 0.697265625 0.1920625 0.693359375 0.1974515625 0.67578125 0.2048015625 0.658203125 0.21166093749999998 0.6474609375 0.21459999999999999 0.662109375 0.207740625 0.67578125 0.2023515625 0.6884765625 0.19647187500000002 0.697265625
16 0.14061718750000002 0.6279296875 0.1445375 0.6337890625 0.1523765625 0.6318359375 0.1592359375 0.6337890625 0.167075 0.6376953125 0.174425 0.6376953125 0.185203125 0.634765625 0.1915734375 0.6328125 0.1954921875 0.62109375 0.1999015625 0.609375 0.20137187499999998 0.59765625 0.2028421875 0.580078125 0.20431093749999998 0.5654296875 0.20088124999999998 0.5546875 0.1959828125 0.5498046875 0.1910828125 0.5400390625 0.1871625 0.529296875 0.1837328125 0.517578125 0.17834375 0.5146484375 0.171484375 0.515625 0.1656046875 0.517578125 0.15874531249999999 0.525390625 0.153846875 0.5322265625 0.1469875 0.5419921875 0.1366984375 0.5517578125 0.12836875 0.560546875 0.12346874999999999 0.5703125 0.12689843750000002 0.5791015625 0.13424843749999998 0.5810546875 0.146496875 0.5869140625 0.1381671875 0.5986328125 0.12738906249999998 0.611328125 0.13375781250000002 0.62109375 0.14061718750000002 0.6279296875
24 0.679078125 0.50390625 0.683978125 0.4853515625 0.6585 0.35546875 0.6643796875 0.369140625 0.6491921875 0.33203125 0.6438015625 0.376953125 0.65458125 0.4814453125 0.6643796875 0.4970703125 0.679078125 0.50390625