30 0.4086234375 0.466796875 0.4061734375 0.5078125 0.40519375 0.5361328125 0.40715312499999995 0.560546875 0.42136250000000003 0.5654296875 0.4355703125 0.560546875 0.44292031249999997 0.5361328125 0.43899999999999995 0.501953125 0.43263125 0.4619140625 0.43263125 0.4189453125 0.42822187500000003 0.3798828125 0.4218515625 0.3427734375 0.40764374999999997 0.34765625 0.4086234375 0.3779296875 0.4086234375 0.41015625 0.409603125 0.4365234375 0.4086234375 0.466796875
29 0.404703125 0.3701171875 0.398334375 0.3291015625 0.384615625 0.3173828125 0.379715625 0.3525390625 0.379715625 0.3955078125 0.3782453125 0.439453125 0.37530625 0.4765625 0.37138593750000004 0.5107421875 0.37040625 0.5361328125 0.37922656250000003 0.5517578125 0.389515625 0.55078125 0.404703125 0.5400390625 0.40519375 0.505859375 0.40372343749999995 0.4716796875 0.40519375 0.4384765625 0.404703125 0.408203125 0.404703125 0.3701171875
23 0.3424796875 0.4365234375 0.3395390625 0.4716796875 0.3370890625 0.5048828125 0.34492968749999997 0.5263671875 0.35521875 0.5400390625 0.36795625 0.5400390625 0.375796875 0.5205078125 0.3767765625 0.4951171875 0.375796875 0.466796875 0.37432656249999996 0.41796875 0.37530625 0.3779296875 0.3650171875 0.333984375 0.35276874999999996 0.3046875 0.347378125 0.3427734375 0.347378125 0.373046875 0.34394843750000004 0.4033203125 0.3424796875 0.4365234375
24 0.32533124999999996 0.5205078125 0.3375796875 0.5185546875 0.3400296875 0.4951171875 0.341009375 0.46875 0.33610937500000004 0.44921875 0.3233703125 0.4384765625 0.31308125000000003 0.4521484375 0.31161249999999996 0.4794921875 0.3081828125 0.5126953125 0.32533124999999996 0.5205078125
25 0.2645765625 0.431640625 0.2616359375 0.46484375 0.2645765625 0.484375 0.276825 0.4970703125 0.28907343750000003 0.5126953125 0.30034375 0.5146484375 0.3081828125 0.4951171875 0.3125921875 0.4697265625 0.31161249999999996 0.443359375 0.3081828125 0.4111328125 0.3091625 0.373046875 0.3018125 0.3466796875 0.297403125 0.3173828125 0.2846640625 0.2919921875 0.2758453125 0.3291015625 0.274375 0.359375 0.274865625 0.3984375 0.2645765625 0.431640625
7 0.4997546875 0.568359375 0.48946562499999996 0.56640625 0.4767265625 0.5625 0.46986718749999995 0.5869140625 0.47035781249999997 0.6123046875 0.47035781249999997 0.6494140625 0.4723171875 0.67578125 0.4713375 0.701171875 0.47035781249999997 0.7236328125 0.47035781249999997 0.751953125 0.48309687500000004 0.7412109375 0.485546875 0.7158203125 0.4904453125 0.68359375 0.49387499999999995 0.65234375 0.4958359375 0.6201171875 0.498284375 0.5966796875 0.4997546875 0.568359375
8 0.5276828124999999 0.57421875 0.51494375 0.5712890625 0.49926562499999994 0.5634765625 0.49926562499999994 0.599609375 0.49926562499999994 0.63671875 0.4958359375 0.6650390625 0.49387499999999995 0.69921875 0.491915625 0.7314453125 0.505634375 0.734375 0.5095546875 0.7060546875 0.5134734375 0.68359375 0.51739375 0.6552734375 0.5213125 0.626953125 0.5271921875000001 0.6015625 0.5276828124999999 0.57421875
6 0.4728078125 0.5712890625 0.459578125 0.5712890625 0.443409375 0.56640625 0.44292031249999997 0.6044921875 0.443409375 0.6474609375 0.4404703125 0.685546875 0.441940625 0.7109375 0.4409609375 0.75 0.45320937499999997 0.7548828125 0.45859843749999996 0.7294921875 0.46251875 0.6953125 0.4659484375 0.658203125 0.46986718749999995 0.6220703125 0.4723171875 0.5947265625 0.4728078125 0.5712890625
5 0.4409609375 0.6025390625 0.43802031250000006 0.5654296875 0.42675156249999996 0.560546875 0.4125421875 0.5634765625 0.4061734375 0.58984375 0.404703125 0.6220703125 0.4061734375 0.6552734375 0.404703125 0.693359375 0.400784375 0.7265625 0.403234375 0.7548828125 0.402253125 0.78515625 0.403234375 0.8076171875 0.4179328125 0.8046875 0.42675156249999996 0.7705078125 0.43018124999999996 0.736328125 0.430671875 0.6962890625 0.43459062499999995 0.658203125 0.441940625 0.634765625 0.4409609375 0.6025390625
4 0.375796875 0.6220703125 0.3767765625 0.65234375 0.389515625 0.6572265625 0.40715312499999995 0.615234375 0.4086234375 0.5791015625 0.395884375 0.56640625 0.3806953125 0.57421875 0.373346875 0.5947265625 0.375796875 0.6220703125
3 0.37775625 0.5869140625 0.3718765625 0.5732421875 0.362078125 0.5625 0.3444390625 0.572265625 0.341009375 0.6025390625 0.34492968749999997 0.630859375 0.3493390625 0.669921875 0.3508078125 0.7099609375 0.34786875 0.740234375 0.34492968749999997 0.77734375 0.3561984375 0.7744140625 0.3650171875 0.7470703125 0.37040625 0.720703125 0.37285625 0.68359375 0.37138593750000004 0.650390625 0.37530625 0.6201171875 0.37775625 0.5869140625
2 0.7123953125 0.421875 0.7065171875 0.453125 0.7065171875 0.4921875 0.7060265625000001 0.5234375 0.7177859375 0.5439453125 0.7354234374999999 0.5361328125 0.7496328125 0.53515625 0.764821875 0.509765625 0.763840625 0.4775390625 0.7609015625 0.4462890625 0.7496328125 0.4267578125 0.7496328125 0.4052734375 0.7471828125 0.365234375 0.7520828125000001 0.3271484375 0.7422828124999999 0.3046875 0.727584375 0.33203125 0.7217046875 0.3623046875 0.7138656250000001 0.3955078125 0.7123953125 0.421875
1 0.3067125 0.5654296875 0.297403125 0.5810546875 0.2988734375 0.6064453125 0.30279218750000003 0.630859375 0.318471875 0.65625 0.332190625 0.64453125 0.341009375 0.619140625 0.34394843750000004 0.591796875 0.3400296875 0.5693359375 0.32288125 0.5654296875 0.3067125 0.5654296875
9 0.5531609375000001 0.5810546875 0.5384609375 0.5771484375 0.5232734375 0.5712890625 0.5247421875 0.611328125 0.5232734375 0.6533203125 0.5208234375 0.685546875 0.5183734375 0.71875 0.514453125 0.7568359375 0.5276828124999999 0.75390625 0.5350312500000001 0.734375 0.53993125 0.7060546875 0.542871875 0.66796875 0.549240625 0.634765625 0.555609375 0.607421875 0.5531609375000001 0.5810546875
10 0.5859875 0.634765625 0.5899062500000001 0.6123046875 0.5864765625 0.583984375 0.5707984374999999 0.583984375 0.5526703125 0.5810546875 0.5541406249999999 0.619140625 0.5526703125 0.6533203125 0.5507109375 0.69140625 0.5507109375 0.7236328125 0.549240625 0.75390625 0.5482609375 0.794921875 0.5595296875 0.802734375 0.5707984374999999 0.794921875 0.5786374999999999 0.7666015625 0.5820671875000001 0.7333984375 0.5810875 0.693359375 0.5835375 0.6650390625 0.5859875 0.634765625
11 0.6232234375 0.591796875 0.603625 0.5859375 0.5903968749999999 0.591796875 0.5884375000000001 0.6240234375 0.5903968749999999 0.658203125 0.5899062500000001 0.7080078125 0.5913765625 0.75 0.5903968749999999 0.7802734375 0.5952968750000001 0.8056640625 0.610484375 0.7958984375 0.6144046875 0.76953125 0.6168546874999999 0.7314453125 0.6178343749999999 0.6962890625 0.6193046875 0.66015625 0.6256734374999999 0.630859375 0.6232234375 0.591796875
12 0.6232234375 0.591796875 0.6246937499999999 0.6298828125 0.6286140625 0.6630859375 0.6384125 0.6865234375 0.6487015625 0.693359375 0.6604609375 0.6787109375 0.665359375 0.6533203125 0.6624203125 0.6171875 0.656540625 0.583984375 0.6413515624999999 0.5810546875 0.6232234375 0.591796875
13 0.666340625 0.4443359375 0.6668296875 0.46875 0.6697703125000001 0.509765625 0.679078125 0.53125 0.6923078125 0.5400390625 0.707496875 0.525390625 0.709946875 0.498046875 0.707496875 0.4619140625 0.6962265624999999 0.4345703125 0.6780984375 0.4267578125 0.666340625 0.4443359375
14 0.7133765624999999 0.5908203125 0.7060265625000001 0.58984375 0.6937781249999999 0.58984375 0.6683 0.5869140625 0.65703125 0.6064453125 0.658990625 0.6455078125 0.6717296875 0.673828125 0.6859375 0.7060546875 0.6981875 0.728515625 0.7123953125 0.75 0.7290546875 0.7744140625 0.7481625000000001 0.78515625 0.7520828125000001 0.759765625 0.7481625000000001 0.7265625 0.7403234375000001 0.701171875 0.730525 0.6630859375 0.7217046875 0.6396484375 0.7212156249999999 0.6083984375 0.7133765624999999 0.5908203125
17 0.638903125 0.4462890625 0.6344921875 0.4716796875 0.638903125 0.5 0.6423328125000001 0.533203125 0.6575203125 0.5439453125 0.67075 0.5302734375 0.6780984375 0.5107421875 0.6727093749999999 0.4716796875 0.666340625 0.435546875 0.6536015625 0.4306640625 0.638903125 0.4462890625
18 0.6158750000000001 0.45703125 0.6055859375 0.474609375 0.6055859375 0.498046875 0.6050953125 0.5224609375 0.611465625 0.5458984375 0.6217546875 0.548828125 0.6349828125 0.541015625 0.6433125000000001 0.5146484375 0.6398828125 0.482421875 0.6384125 0.45703125 0.62714375 0.4443359375 0.6158750000000001 0.45703125
19 0.6075453125 0.3828125 0.6050953125 0.337890625 0.5952968750000001 0.296875 0.5845171875 0.3369140625 0.5761875 0.3720703125 0.571778125 0.41796875 0.5683484375 0.46484375 0.565409375 0.4951171875 0.5668796875 0.525390625 0.5707984374999999 0.5478515625 0.5835375 0.556640625 0.59970625 0.5517578125 0.6095046875000001 0.5078125 0.609015625 0.4775390625 0.6055859375 0.4541015625 0.6055859375 0.416015625 0.6075453125 0.3828125
20 0.5340515625 0.451171875 0.5301328125 0.4814453125 0.5276828124999999 0.515625 0.5247421875 0.54296875 0.5360125 0.5537109375 0.5507109375 0.5556640625 0.5658984375 0.5556640625 0.5668796875 0.5234375 0.5658984375 0.4970703125 0.5629593749999999 0.458984375 0.5668796875 0.4267578125 0.56736875 0.3935546875 0.571778125 0.3466796875 0.5644296875 0.314453125 0.555609375 0.3447265625 0.5482609375 0.375 0.53993125 0.416015625 0.5340515625 0.451171875
21 0.5340515625 0.349609375 0.5232734375 0.3046875 0.51249375 0.3369140625 0.503184375 0.3681640625 0.4953453125 0.4267578125 0.4889765625 0.4521484375 0.4879953125 0.4853515625 0.49289531249999996 0.517578125 0.49387499999999995 0.541015625 0.5041640625 0.548828125 0.5178828125 0.5439453125 0.5271921875000001 0.501953125 0.5276828124999999 0.46875 0.5316015625 0.423828125 0.5335625 0.388671875 0.5340515625 0.349609375
22 0.46202812499999996 0.3720703125 0.45369843750000005 0.3427734375 0.43802031250000006 0.31640625 0.43655 0.3544921875 0.43802031250000006 0.3955078125 0.4409609375 0.439453125 0.4404703125 0.4716796875 0.4409609375 0.5029296875 0.443409375 0.5302734375 0.4610484375 0.5419921875 0.4762375 0.541015625 0.48407656250000003 0.5146484375 0.48505624999999997 0.4814453125 0.4767265625 0.4384765625 0.4713375 0.400390625 0.46202812499999996 0.3720703125