30 0.466796875 0.5913765625 0.5078125 0.5938265625 0.5361328125 0.59480625 0.560546875 0.592846875 0.5654296875 0.5786374999999999 0.560546875 0.5644296875 0.5361328125 0.5570796875 0.501953125 0.561 0.4619140625 0.56736875 0.4189453125 0.56736875 0.3798828125 0.571778125 0.3427734375 0.5781484375 0.34765625 0.59235625 0.3779296875 0.5913765625 0.41015625 0.5913765625 0.4365234375 0.5903968749999999 0.466796875 0.5913765625
29 0.3701171875 0.5952968750000001 0.3291015625 0.601665625 0.3173828125 0.615384375 0.3525390625 0.620284375 0.3955078125 0.620284375 0.439453125 0.6217546875 0.4765625 0.6246937499999999 0.5107421875 0.6286140625 0.5361328125 0.62959375 0.5517578125 0.6207734375 0.55078125 0.610484375 0.5400390625 0.5952968750000001 0.505859375 0.59480625 0.4716796875 0.5962765625 0.4384765625 0.59480625 0.408203125 0.5952968750000001 0.3701171875 0.5952968750000001
23 0.4365234375 0.6575203125 0.4716796875 0.6604609375 0.5048828125 0.6629109375 0.5263671875 0.6550703125 0.5400390625 0.6447812500000001 0.5400390625 0.63204375 0.5205078125 0.624203125 0.4951171875 0.6232234375 0.466796875 0.624203125 0.41796875 0.6256734374999999 0.3779296875 0.6246937499999999 0.333984375 0.6349828125 0.3046875 0.64723125 0.3427734375 0.652621875 0.373046875 0.652621875 0.4033203125 0.6560515625 0.4365234375 0.6575203125
24 0.5205078125 0.67466875 0.5185546875 0.6624203125 0.4951171875 0.6599703124999999 0.46875 0.658990625 0.44921875 0.663890625 0.4384765625 0.6766296875 0.4521484375 0.68691875 0.4794921875 0.6883874999999999 0.5126953125 0.6918171875 0.5205078125 0.67466875
25 0.431640625 0.7354234374999999 0.46484375 0.7383640625 0.484375 0.7354234374999999 0.4970703125 0.723175 0.5126953125 0.7109265625 0.5146484375 0.6996578125 0.4951171875 0.6918171875 0.4697265625 0.6874078124999999 0.443359375 0.6883874999999999 0.4111328125 0.6918171875 0.373046875 0.6908375 0.3466796875 0.6981875 0.3173828125 0.702596875 0.2919921875 0.7153359375 0.3291015625 0.7241546875 0.359375 0.725625 0.3984375 0.725134375 0.431640625 0.7354234374999999
7 0.568359375 0.5002453124999999 0.56640625 0.510534375 0.5625 0.5232734375 0.5869140625 0.5301328125 0.6123046875 0.5296421875 0.6494140625 0.5296421875 0.67578125 0.5276828124999999 0.701171875 0.5286625 0.7236328125 0.5296421875 0.751953125 0.5296421875 0.7412109375 0.516903125 0.7158203125 0.514453125 0.68359375 0.5095546875 0.65234375 0.506125 0.6201171875 0.5041640625 0.5966796875 0.501715625 0.568359375 0.5002453124999999
8 0.57421875 0.4723171875 0.5712890625 0.48505624999999997 0.5634765625 0.5007343750000001 0.599609375 0.5007343750000001 0.63671875 0.5007343750000001 0.6650390625 0.5041640625 0.69921875 0.506125 0.7314453125 0.5080843749999999 0.734375 0.49436562500000003 0.7060546875 0.4904453125 0.68359375 0.48652656250000004 0.6552734375 0.48260625 0.626953125 0.47868750000000004 0.6015625 0.4728078125 0.57421875 0.4723171875
6 0.5712890625 0.5271921875000001 0.5712890625 0.540421875 0.56640625 0.556590625 0.6044921875 0.5570796875 0.6474609375 0.556590625 0.685546875 0.5595296875 0.7109375 0.558059375 0.75 0.5590390625 0.7548828125 0.5467906250000001 0.7294921875 0.5414015625 0.6953125 0.53748125 0.658203125 0.5340515625 0.6220703125 0.5301328125 0.5947265625 0.5276828124999999 0.5712890625 0.5271921875000001
5 0.6025390625 0.5590390625 0.5654296875 0.5619796874999999 0.560546875 0.5732484375 0.5634765625 0.5874578125000001 0.58984375 0.5938265625 0.6220703125 0.5952968750000001 0.6552734375 0.5938265625 0.693359375 0.5952968750000001 0.7265625 0.599215625 0.7548828125 0.596765625 0.78515625 0.597746875 0.8076171875 0.596765625 0.8046875 0.5820671875000001 0.7705078125 0.5732484375 0.736328125 0.56981875 0.6962890625 0.569328125 0.658203125 0.565409375 0.634765625 0.558059375 0.6025390625 0.5590390625
4 0.6220703125 0.624203125 0.65234375 0.6232234375 0.6572265625 0.610484375 0.615234375 0.592846875 0.5791015625 0.5913765625 0.56640625 0.604115625 0.57421875 0.6193046875 0.5947265625 0.626653125 0.6220703125 0.624203125
3 0.5869140625 0.62224375 0.5732421875 0.6281234375 0.5625 0.637921875 0.572265625 0.6555609375 0.6025390625 0.658990625 0.630859375 0.6550703125 0.669921875 0.6506609375 0.7099609375 0.6491921875 0.740234375 0.6521312499999999 0.77734375 0.6550703125 0.7744140625 0.6438015625 0.7470703125 0.6349828125 0.720703125 0.62959375 0.68359375 0.62714375 0.650390625 0.6286140625 0.6201171875 0.6246937499999999 0.5869140625 0.62224375
2 0.421875 0.2876046875 0.453125 0.2934828125 0.4921875 0.2934828125 0.5234375 0.2939734375 0.5439453125 0.2822140625 0.5361328125 0.2645765625 0.53515625 0.25036718750000003 0.509765625 0.23517812500000002 0.4775390625 0.236159375 0.4462890625 0.23909843749999998 0.4267578125 0.25036718750000003 0.4052734375 0.25036718750000003 0.365234375 0.2528171875 0.3271484375 0.2479171875 0.3046875 0.2577171875 0.33203125 0.272415625 0.3623046875 0.2782953125 0.3955078125 0.286134375 0.421875 0.2876046875
1 0.5654296875 0.6932875000000001 0.5810546875 0.702596875 0.6064453125 0.7011265625 0.630859375 0.6972078125000001 0.65625 0.681528125 0.64453125 0.667809375 0.619140625 0.658990625 0.591796875 0.6560515625 0.5693359375 0.6599703124999999 0.5654296875 0.67711875 0.5654296875 0.6932875000000001
9 0.5810546875 0.44683906249999994 0.5771484375 0.4615390625 0.5712890625 0.4767265625 0.611328125 0.47525781250000004 0.6533203125 0.4767265625 0.685546875 0.4791765625 0.71875 0.48162656249999997 0.7568359375 0.485546875 0.75390625 0.4723171875 0.734375 0.46496875 0.7060546875 0.46006875 0.66796875 0.457128125 0.634765625 0.45075937499999996 0.607421875 0.44439062500000004 0.5810546875 0.44683906249999994
10 0.634765625 0.4140125 0.6123046875 0.41009375 0.583984375 0.4135234375 0.583984375 0.4292015625 0.5810546875 0.4473296875 0.619140625 0.44585937500000006 0.6533203125 0.4473296875 0.69140625 0.4492890625 0.7236328125 0.4492890625 0.75390625 0.45075937499999996 0.794921875 0.4517390625 0.802734375 0.4404703125 0.794921875 0.4292015625 0.7666015625 0.42136250000000003 0.7333984375 0.4179328125 0.693359375 0.41891249999999997 0.6650390625 0.4164625 0.634765625 0.4140125
11 0.591796875 0.3767765625 0.5859375 0.39637500000000003 0.591796875 0.409603125 0.6240234375 0.41156249999999994 0.658203125 0.409603125 0.7080078125 0.41009375 0.75 0.4086234375 0.7802734375 0.409603125 0.8056640625 0.404703125 0.7958984375 0.389515625 0.76953125 0.3855953125 0.7314453125 0.3831453125 0.6962890625 0.382165625 0.66015625 0.3806953125 0.630859375 0.37432656249999996 0.591796875 0.3767765625
12 0.591796875 0.3767765625 0.6298828125 0.37530625 0.6630859375 0.37138593750000004 0.6865234375 0.3615875 0.693359375 0.3512984375 0.6787109375 0.3395390625 0.6533203125 0.33464062499999997 0.6171875 0.3375796875 0.583984375 0.343459375 0.5810546875 0.3586484375 0.591796875 0.3767765625
13 0.4443359375 0.333659375 0.46875 0.3331703125 0.509765625 0.33022968750000004 0.53125 0.32092187499999997 0.5400390625 0.3076921875 0.525390625 0.292503125 0.498046875 0.29005312499999997 0.4619140625 0.292503125 0.4345703125 0.30377343749999997 0.4267578125 0.3219015625 0.4443359375 0.333659375
14 0.5908203125 0.28662343749999997 0.58984375 0.2939734375 0.58984375 0.306221875 0.5869140625 0.3317 0.6064453125 0.34296875 0.6455078125 0.341009375 0.673828125 0.3282703125 0.7060546875 0.3140625 0.728515625 0.3018125 0.75 0.2876046875 0.7744140625 0.2709453125 0.78515625 0.2518375 0.759765625 0.2479171875 0.7265625 0.2518375 0.701171875 0.25967656250000004 0.6630859375 0.269475 0.6396484375 0.2782953125 0.6083984375 0.278784375 0.5908203125 0.28662343749999997
17 0.4462890625 0.361096875 0.4716796875 0.36550781250000003 0.5 0.361096875 0.533203125 0.35766718750000004 0.5439453125 0.3424796875 0.5302734375 0.32925 0.5107421875 0.3219015625 0.4716796875 0.327290625 0.435546875 0.333659375 0.4306640625 0.3463984375 0.4462890625 0.361096875
18 0.45703125 0.384125 0.474609375 0.3944140625 0.498046875 0.3944140625 0.5224609375 0.3949046875 0.5458984375 0.388534375 0.548828125 0.3782453125 0.541015625 0.3650171875 0.5146484375 0.3566875 0.482421875 0.3601171875 0.45703125 0.3615875 0.4443359375 0.37285625 0.45703125 0.384125
19 0.3828125 0.3924546875 0.337890625 0.3949046875 0.296875 0.404703125 0.3369140625 0.41548281249999997 0.3720703125 0.42381250000000004 0.41796875 0.42822187500000003 0.46484375 0.43165156250000003 0.4951171875 0.43459062499999995 0.525390625 0.4331203125 0.5478515625 0.4292015625 0.556640625 0.4164625 0.5517578125 0.40029375 0.5078125 0.3904953125 0.4775390625 0.390984375 0.4541015625 0.3944140625 0.416015625 0.3944140625 0.3828125 0.3924546875
20 0.451171875 0.4659484375 0.4814453125 0.46986718749999995 0.515625 0.4723171875 0.54296875 0.47525781250000004 0.5537109375 0.4639875 0.5556640625 0.4492890625 0.5556640625 0.4341015625 0.5234375 0.4331203125 0.4970703125 0.4341015625 0.458984375 0.437040625 0.4267578125 0.4331203125 0.3935546875 0.43263125 0.3466796875 0.42822187500000003 0.314453125 0.4355703125 0.3447265625 0.44439062500000004 0.375 0.4517390625 0.416015625 0.46006875 0.451171875 0.4659484375
21 0.349609375 0.4659484375 0.3046875 0.4767265625 0.3369140625 0.48750625000000003 0.3681640625 0.496815625 0.4267578125 0.5046546875 0.4521484375 0.5110234375 0.4853515625 0.5120046874999999 0.517578125 0.5071046875 0.541015625 0.506125 0.548828125 0.4958359375 0.5439453125 0.4821171875 0.501953125 0.4728078125 0.46875 0.4723171875 0.423828125 0.4683984375 0.388671875 0.46643749999999995 0.349609375 0.4659484375
22 0.3720703125 0.537971875 0.3427734375 0.5463015625 0.31640625 0.5619796874999999 0.3544921875 0.56345 0.3955078125 0.5619796874999999 0.439453125 0.5590390625 0.4716796875 0.5595296875 0.5029296875 0.5590390625 0.5302734375 0.556590625 0.5419921875 0.5389515625 0.541015625 0.5237625 0.5146484375 0.5159234374999999 0.4814453125 0.51494375 0.4384765625 0.5232734375 0.400390625 0.5286625 0.3720703125 0.537971875