2 0.373046875 0.3106328125 0.4111328125 0.3140625 0.4462890625 0.31798125 0.4775390625 0.31651093750000003 0.47265625 0.299853125 0.4619140625 0.284175 0.451171875 0.2640859375 0.4287109375 0.2640859375 0.3955078125 0.26849531249999997 0.3681640625 0.272415625 0.337890625 0.274375 0.3017578125 0.269475 0.2734375 0.2670265625 0.25 0.276825 0.2529296875 0.29495312500000004 0.291015625 0.3042625 0.330078125 0.3067125 0.373046875 0.3106328125
3 0.5693359375 0.624203125 0.5361328125 0.62224375 0.5146484375 0.6349828125 0.517578125 0.654090625 0.5478515625 0.6580109375000001 0.583984375 0.6580109375000001 0.615234375 0.6624203125 0.6533203125 0.6668296875 0.6806640625 0.6687890624999999 0.7138671875 0.6717296875 0.76171875 0.6805484374999999 0.7646484375 0.6687890624999999 0.734375 0.6560515625 0.7041015625 0.647721875 0.673828125 0.638903125 0.63671875 0.6344921875 0.5966796875 0.6305734375000001 0.5693359375 0.624203125
4 0.578125 0.5899062500000001 0.5439453125 0.5889265625 0.5234375 0.6031359375 0.5302734375 0.6158750000000001 0.55078125 0.6246937499999999 0.58203125 0.62714375 0.6142578125 0.6286140625 0.64453125 0.6286140625 0.6806640625 0.6335124999999999 0.7138671875 0.638903125 0.75390625 0.6452718749999999 0.759765625 0.6349828125 0.7412109375 0.6246937499999999 0.7119140625 0.6139140624999999 0.66796875 0.6080359375 0.640625 0.604115625 0.6044921875 0.599215625 0.578125 0.5899062500000001
5 0.611328125 0.5629593749999999 0.578125 0.5595296875 0.5478515625 0.56345 0.5361328125 0.5786374999999999 0.5478515625 0.5913765625 0.58203125 0.5938265625 0.6142578125 0.5952968750000001 0.650390625 0.597746875 0.69140625 0.6026453125 0.728515625 0.6075453125 0.76171875 0.6119546875 0.7958984375 0.6178343749999999 0.8203125 0.615384375 0.8076171875 0.604115625 0.779296875 0.592846875 0.75 0.5850078125 0.7158203125 0.5801078125 0.6787109375 0.5707984374999999 0.6455078125 0.5644296875 0.611328125 0.5629593749999999
6 0.560546875 0.5325828125000001 0.5537109375 0.5482609375 0.552734375 0.561 0.583984375 0.5590390625 0.6220703125 0.560509375 0.658203125 0.5619796874999999 0.6982421875 0.565409375 0.7392578125 0.56981875 0.734375 0.555609375 0.7080078125 0.5467906250000001 0.6728515625 0.540421875 0.642578125 0.53993125 0.609375 0.5350312500000001 0.5859375 0.5311125 0.560546875 0.5325828125000001
7 0.55859375 0.5080843749999999 0.55859375 0.5213125 0.5615234375 0.5325828125000001 0.5869140625 0.5296421875 0.6201171875 0.5301328125 0.6572265625 0.5311125 0.6884765625 0.5365015625 0.7294921875 0.5414015625 0.7265625 0.5276828124999999 0.7119140625 0.5208234375 0.677734375 0.51494375 0.6474609375 0.5120046874999999 0.6171875 0.508575 0.5888671875 0.508575 0.55859375 0.5080843749999999
8 0.556640625 0.505634375 0.5888671875 0.5080843749999999 0.6240234375 0.5046546875 0.6650390625 0.5080843749999999 0.701171875 0.505634375 0.736328125 0.5046546875 0.71875 0.4953453125 0.6865234375 0.491915625 0.65234375 0.4889765625 0.615234375 0.48652656250000004 0.5869140625 0.48505624999999997 0.55078125 0.4879953125 0.556640625 0.505634375
9 0.5615234375 0.4767265625 0.5712890625 0.48505624999999997 0.5947265625 0.48505624999999997 0.6240234375 0.4791765625 0.658203125 0.47868750000000004 0.68359375 0.4767265625 0.7236328125 0.4688875 0.759765625 0.45565937500000003 0.7412109375 0.4492890625 0.703125 0.4561484375 0.666015625 0.457128125 0.6279296875 0.45761874999999996 0.5966796875 0.45565937500000003 0.560546875 0.4561484375 0.5615234375 0.4767265625
10 0.576171875 0.42038281250000004 0.548828125 0.42822187500000003 0.5537109375 0.4453703125 0.5537109375 0.46006875 0.5888671875 0.457128125 0.6376953125 0.45222968750000003 0.6826171875 0.44585937500000006 0.728515625 0.437040625 0.76171875 0.42822187500000003 0.794921875 0.41499218750000005 0.8173828125 0.395884375 0.794921875 0.3904953125 0.7568359375 0.404703125 0.71875 0.4086234375 0.6787109375 0.41548281249999997 0.642578125 0.4179328125 0.609375 0.4174421875 0.576171875 0.42038281250000004
11 0.56640625 0.3855953125 0.53515625 0.390984375 0.5283203125 0.40715312499999995 0.54296875 0.42136250000000003 0.5654296875 0.42773125 0.6025390625 0.4198921875 0.6298828125 0.41499218750000005 0.66796875 0.404703125 0.703125 0.3998046875 0.7314453125 0.3949046875 0.7548828125 0.3855953125 0.77734375 0.37432656249999996 0.7607421875 0.361096875 0.736328125 0.3694265625 0.7080078125 0.375796875 0.6630859375 0.384125 0.6240234375 0.384125 0.5947265625 0.3860859375 0.56640625 0.3855953125
12 0.5361328125 0.354728125 0.517578125 0.36893750000000003 0.5126953125 0.3855953125 0.52734375 0.395884375 0.5556640625 0.3944140625 0.5869140625 0.38804531249999996 0.625 0.381675 0.662109375 0.37530625 0.701171875 0.37138593750000004 0.734375 0.3615875 0.759765625 0.3561984375 0.7666015625 0.34394843750000004 0.736328125 0.3370890625 0.6884765625 0.34394843750000004 0.6494140625 0.3488484375 0.607421875 0.352278125 0.5732421875 0.35276874999999996 0.5361328125 0.354728125
13 0.4013671875 0.373346875 0.43359375 0.3806953125 0.4619140625 0.38804531249999996 0.4814453125 0.3674671875 0.4853515625 0.34835937499999997 0.4873046875 0.33121093749999997 0.4638671875 0.3233703125 0.4287109375 0.31651093750000003 0.3857421875 0.32043125 0.337890625 0.3170015625 0.291015625 0.31161249999999996 0.265625 0.3243515625 0.2861328125 0.3395390625 0.32421875 0.35031875 0.3623046875 0.3601171875 0.4013671875 0.373346875
14 0.6025390625 0.2934828125 0.56640625 0.29544375 0.5380859375 0.29495312500000004 0.509765625 0.299853125 0.4951171875 0.31308125000000003 0.509765625 0.3268 0.5126953125 0.3419890625 0.5107421875 0.3586484375 0.5302734375 0.37285625 0.5615234375 0.3650171875 0.59375 0.347378125 0.619140625 0.3400296875 0.64453125 0.333659375 0.66796875 0.32925 0.693359375 0.3194515625 0.720703125 0.3067125 0.7216796875 0.291034375 0.6953125 0.30279218750000003 0.6708984375 0.3101421875 0.65234375 0.31553125 0.626953125 0.32092187499999997 0.607421875 0.31308125000000003 0.640625 0.30279218750000003 0.673828125 0.2939734375 0.6953125 0.2876046875 0.703125 0.27339531250000004 0.677734375 0.2758453125 0.6572265625 0.283684375 0.6318359375 0.291034375 0.6025390625 0.2934828125
15 0.490234375 0.2518375 0.474609375 0.263596875 0.4814453125 0.28123437500000004 0.484375 0.2939734375 0.5048828125 0.3076921875 0.525390625 0.3125921875 0.5537109375 0.30034375 0.5732421875 0.28907343750000003 0.603515625 0.2797640625 0.6494140625 0.2640859375 0.6708984375 0.2493875 0.6953125 0.2346890625 0.67578125 0.2209703125 0.642578125 0.22733906250000002 0.6123046875 0.2302796875 0.578125 0.236159375 0.55078125 0.24252812499999998 0.5185546875 0.24693749999999998 0.490234375 0.2518375
16 0.42578125 0.2111703125 0.4345703125 0.2234203125 0.4462890625 0.23860781250000002 0.458984375 0.2533078125 0.4853515625 0.2542875 0.5146484375 0.24693749999999998 0.53515625 0.236159375 0.5634765625 0.22831875 0.5859375 0.217540625 0.6044921875 0.20823125 0.6201171875 0.19696249999999998 0.6220703125 0.1842234375 0.5966796875 0.1709953125 0.568359375 0.17344375 0.53125 0.1817734375 0.498046875 0.1891234375 0.4697265625 0.1930421875 0.4345703125 0.2018625 0.42578125 0.2111703125
19 0.423828125 0.448309375 0.4560546875 0.4492890625 0.4873046875 0.4492890625 0.5205078125 0.4453703125 0.533203125 0.430671875 0.5205078125 0.41009375 0.4892578125 0.40519375 0.4541015625 0.41156249999999994 0.400390625 0.4135234375 0.3544921875 0.41548281249999997 0.296875 0.41499218750000005 0.2705078125 0.43165156250000003 0.3046875 0.443409375 0.3427734375 0.4492890625 0.3857421875 0.4473296875 0.423828125 0.448309375
20 0.3828125 0.45222968750000003 0.3427734375 0.45565937500000003 0.3115234375 0.4634984375 0.2607421875 0.47868750000000004 0.3505859375 0.4723171875 0.3974609375 0.4728078125 0.4384765625 0.4737875 0.4814453125 0.4728078125 0.5048828125 0.4747671875 0.5380859375 0.47035781249999997 0.5361328125 0.457128125 0.525390625 0.443409375 0.5 0.44585937500000006 0.45703125 0.4473296875 0.4267578125 0.4473296875 0.3828125 0.45222968750000003
21 0.373046875 0.4791765625 0.3466796875 0.48162656249999997 0.30859375 0.48652656250000004 0.25 0.5007343750000001 0.30078125 0.5046546875 0.3427734375 0.503184375 0.384765625 0.5046546875 0.4208984375 0.5080843749999999 0.466796875 0.510534375 0.494140625 0.5134734375 0.5224609375 0.5159234374999999 0.541015625 0.5120046874999999 0.5400390625 0.49436562500000003 0.5361328125 0.47770625000000005 0.5146484375 0.47525781250000004 0.4794921875 0.4762375 0.44921875 0.47770625000000005 0.41015625 0.4767265625 0.373046875 0.4791765625
22 0.3701171875 0.5213125 0.32421875 0.5271921875000001 0.2685546875 0.5360125 0.3173828125 0.540421875 0.3544921875 0.542871875 0.3857421875 0.5463015625 0.4208984375 0.549240625 0.4560546875 0.5531609375000001 0.4765625 0.5546296875000001 0.5126953125 0.5590390625 0.533203125 0.560509375 0.533203125 0.5482609375 0.541015625 0.53748125 0.5380859375 0.5276828124999999 0.5400390625 0.51739375 0.5146484375 0.516903125 0.4814453125 0.516903125 0.4384765625 0.5198437499999999 0.4140625 0.5198437499999999 0.3701171875 0.5213125
30 0.42578125 0.5570796875 0.390625 0.558059375 0.3505859375 0.5570796875 0.3193359375 0.5590390625 0.2783203125 0.5683484375 0.32421875 0.5707984374999999 0.3544921875 0.5737390625 0.3955078125 0.5781484375 0.4306640625 0.5810875 0.4560546875 0.5835375 0.4814453125 0.5850078125 0.5048828125 0.5864765625 0.5234375 0.5801078125 0.5283203125 0.569328125 0.5234375 0.555609375 0.4853515625 0.5570796875 0.4638671875 0.558059375 0.42578125 0.5570796875
29 0.4287109375 0.5864765625 0.41015625 0.5884375000000001 0.359375 0.5903968749999999 0.314453125 0.59235625 0.2783203125 0.5952968750000001 0.2197265625 0.601665625 0.1865234375 0.6168546874999999 0.2451171875 0.615384375 0.2890625 0.612934375 0.3291015625 0.6139140624999999 0.3671875 0.6139140624999999 0.4111328125 0.6207734375 0.447265625 0.6232234375 0.4853515625 0.624203125 0.5107421875 0.620284375 0.5185546875 0.6095046875000001 0.5146484375 0.597746875 0.4951171875 0.5889265625 0.46484375 0.5859875 0.4287109375 0.5864765625
23 0.271484375 0.6256734374999999 0.220703125 0.6325328125 0.2783203125 0.6384125 0.3095703125 0.638903125 0.3447265625 0.6438015625 0.3828125 0.6487015625 0.416015625 0.6536015625 0.4384765625 0.6604609375 0.466796875 0.665359375 0.4892578125 0.665359375 0.4970703125 0.652621875 0.4951171875 0.6374328125 0.4716796875 0.624203125 0.44140625 0.624203125 0.400390625 0.6256734374999999 0.359375 0.626653125 0.32421875 0.6256734374999999 0.271484375 0.6256734374999999
25 0.3984375 0.7123953125 0.431640625 0.7123953125 0.46484375 0.7123953125 0.4716796875 0.6923078125 0.4794921875 0.6727093749999999 0.45703125 0.656540625 0.4306640625 0.6599703124999999 0.41015625 0.6643796875 0.3759765625 0.67075 0.3466796875 0.67466875 0.30859375 0.6810390625 0.2861328125 0.6908375 0.2685546875 0.7084765625 0.2841796875 0.7202359375 0.31640625 0.716315625 0.341796875 0.711415625 0.373046875 0.7123953125 0.3984375 0.7123953125
26 0.3759765625 0.7560015625000001 0.408203125 0.7545328125 0.4365234375 0.7520828125000001 0.4462890625 0.7403234375000001 0.4560546875 0.7266046875 0.4384765625 0.7153359375 0.400390625 0.7138656250000001 0.3720703125 0.7212156249999999 0.333984375 0.727584375 0.2880859375 0.73689375 0.2421875 0.751103125 0.283203125 0.7589421875 0.314453125 0.7545328125 0.341796875 0.7560015625000001 0.3759765625 0.7560015625000001
28 0.44140625 0.7432624999999999 0.4208984375 0.7584515625 0.40625 0.771190625 0.4306640625 0.782459375 0.4560546875 0.7951984375000001 0.4765625 0.8030375 0.515625 0.8133265625 0.5400390625 0.8201859375 0.5615234375 0.8255750000000001 0.591796875 0.817246875 0.5947265625 0.8030375 0.576171875 0.7854 0.556640625 0.7726609375 0.5224609375 0.7599218750000001 0.501953125 0.74179375 0.466796875 0.7359140625 0.44140625 0.7432624999999999
0 0.55078125 0.6918171875 0.5224609375 0.68201875 0.4912109375 0.6908375 0.4921875 0.702596875 0.47265625 0.71680625 0.4697265625 0.7315046875 0.4951171875 0.7408140624999999 0.5205078125 0.7471828125 0.5556640625 0.7560015625000001 0.5791015625 0.7599218750000001 0.6044921875 0.766290625 0.6396484375 0.7765796875000001 0.6650390625 0.766290625 0.6533203125 0.7560015625000001 0.6298828125 0.7408140624999999 0.6064453125 0.7241546875 0.58984375 0.711415625 0.5712890625 0.6996578125 0.55078125 0.6918171875
31 0.3681640625 0.26555625 0.4013671875 0.2660453125 0.42578125 0.2660453125 0.4443359375 0.26065625 0.4462890625 0.244978125 0.4306640625 0.2322390625 0.4130859375 0.2209703125 0.388671875 0.2209703125 0.359375 0.2297890625 0.326171875 0.23517812500000002 0.2861328125 0.24301875 0.2451171875 0.24889687500000002 0.2431640625 0.2621265625 0.2783203125 0.25967656250000004 0.3046875 0.26310625 0.3369140625 0.26310625 0.3681640625 0.26555625