22 0.537971875 0.56640625 0.549240625 0.56640625 0.556590625 0.5458984375 0.5531609375000001 0.5146484375 0.5541406249999999 0.4873046875 0.5541406249999999 0.4638671875 0.5546296875000001 0.4267578125 0.5541406249999999 0.3955078125 0.5531609375000001 0.3623046875 0.54238125 0.34765625 0.5286625 0.3759765625 0.5252328125 0.4111328125 0.5213125 0.443359375 0.5159234374999999 0.4775390625 0.510534375 0.505859375 0.501715625 0.5400390625 0.5046546875 0.5634765625 0.5208234375 0.5654296875 0.537971875 0.56640625
19 0.3924546875 0.5634765625 0.41009375 0.5693359375 0.4135234375 0.5361328125 0.4086234375 0.5146484375 0.4061734375 0.482421875 0.4012734375 0.4462890625 0.3998046875 0.4130859375 0.3968640625 0.3828125 0.3919640625 0.3544921875 0.384615625 0.3291015625 0.37530625 0.3544921875 0.3767765625 0.380859375 0.375796875 0.4140625 0.3782453125 0.439453125 0.3767765625 0.47265625 0.37432656249999996 0.5107421875 0.3694265625 0.5380859375 0.37432656249999996 0.56640625 0.3924546875 0.5634765625
18 0.35276874999999996 0.5615234375 0.37138593750000004 0.55078125 0.3806953125 0.5400390625 0.3782453125 0.505859375 0.37138593750000004 0.4873046875 0.36648749999999997 0.466796875 0.361096875 0.431640625 0.3591375 0.3984375 0.3566875 0.357421875 0.347378125 0.375 0.34394843750000004 0.40625 0.3424796875 0.4384765625 0.3424796875 0.4638671875 0.3424796875 0.4873046875 0.33464062499999997 0.5107421875 0.3356203125 0.53515625 0.341009375 0.5537109375 0.35276874999999996 0.5615234375
17 0.3067125 0.53125 0.31308125000000003 0.560546875 0.32925 0.55859375 0.3424796875 0.53125 0.3424796875 0.505859375 0.33610937500000004 0.47265625 0.332190625 0.439453125 0.32925 0.408203125 0.3219015625 0.3701171875 0.3081828125 0.3505859375 0.306221875 0.380859375 0.3081828125 0.400390625 0.3091625 0.4287109375 0.3081828125 0.466796875 0.3067125 0.5 0.3067125 0.53125
12 0.37285625 0.6220703125 0.375796875 0.599609375 0.37040625 0.5732421875 0.35276874999999996 0.5732421875 0.33464062499999997 0.58203125 0.332190625 0.609375 0.3331703125 0.6455078125 0.333659375 0.6826171875 0.3331703125 0.71875 0.3282703125 0.75 0.3282703125 0.7958984375 0.3395390625 0.7978515625 0.347378125 0.7724609375 0.3537484375 0.7412109375 0.3566875 0.7109375 0.3615875 0.6806640625 0.3640375 0.6533203125 0.37285625 0.6220703125
13 0.3042625 0.5556640625 0.3067125 0.5302734375 0.3018125 0.4814453125 0.30034375 0.447265625 0.3042625 0.4140625 0.3018125 0.3876953125 0.28907343750000003 0.36328125 0.2660453125 0.36328125 0.2645765625 0.4013671875 0.26310625 0.4443359375 0.25036718750000003 0.4814453125 0.2464484375 0.509765625 0.2552671875 0.533203125 0.27045625 0.5380859375 0.286134375 0.5556640625 0.3042625 0.5556640625
11 0.3855953125 0.79296875 0.38804531249999996 0.7568359375 0.3924546875 0.7314453125 0.398334375 0.69140625 0.3998046875 0.6572265625 0.4061734375 0.6318359375 0.41499218750000005 0.607421875 0.400784375 0.5869140625 0.387065625 0.58984375 0.3718765625 0.6044921875 0.373346875 0.6396484375 0.37432656249999996 0.67578125 0.373346875 0.7119140625 0.37285625 0.7490234375 0.36648749999999997 0.7900390625 0.375796875 0.8134765625 0.3855953125 0.79296875
10 0.44585937500000006 0.640625 0.45075937499999996 0.6123046875 0.44683906249999994 0.5791015625 0.42675156249999996 0.5859375 0.40764374999999997 0.58984375 0.409603125 0.6279296875 0.4164625 0.658203125 0.4174421875 0.68359375 0.4179328125 0.7138671875 0.41891249999999997 0.7490234375 0.41891249999999997 0.7822265625 0.42136250000000003 0.8173828125 0.43018124999999996 0.8388671875 0.4355703125 0.80078125 0.437040625 0.7705078125 0.43655 0.74609375 0.437040625 0.7109375 0.4404703125 0.6787109375 0.44585937500000006 0.640625
9 0.48015625 0.63671875 0.48407656250000003 0.609375 0.48505624999999997 0.5791015625 0.4723171875 0.5810546875 0.4561484375 0.578125 0.44292031249999997 0.59375 0.4473296875 0.6240234375 0.45320937499999997 0.6455078125 0.4561484375 0.6728515625 0.46006875 0.7080078125 0.45761874999999996 0.75 0.45320937499999997 0.78515625 0.4610484375 0.8125 0.46986718749999995 0.7900390625 0.4728078125 0.7548828125 0.47525781250000004 0.7294921875 0.4767265625 0.693359375 0.4791765625 0.66015625 0.48015625 0.63671875
8 0.508575 0.6142578125 0.508575 0.5791015625 0.4953453125 0.5732421875 0.47868750000000004 0.5888671875 0.48309687500000004 0.6142578125 0.48652656250000004 0.6494140625 0.4889765625 0.6806640625 0.49436562500000003 0.7236328125 0.4953453125 0.7548828125 0.498284375 0.779296875 0.514453125 0.7958984375 0.5110234375 0.7568359375 0.5080843749999999 0.736328125 0.5080843749999999 0.7041015625 0.506125 0.6650390625 0.5071046875 0.63671875 0.508575 0.6142578125
7 0.540421875 0.5869140625 0.5252328125 0.58984375 0.51249375 0.5888671875 0.5208234375 0.630859375 0.5247421875 0.6650390625 0.5237625 0.7109375 0.5271921875000001 0.74609375 0.5340515625 0.775390625 0.5453203125 0.7822265625 0.544340625 0.7373046875 0.54238125 0.7080078125 0.54238125 0.6806640625 0.54238125 0.65234375 0.544340625 0.6201171875 0.540421875 0.5869140625
6 0.5756984375 0.607421875 0.5737390625 0.58203125 0.5595296875 0.5810546875 0.544340625 0.59375 0.5453203125 0.6201171875 0.5477703125 0.64453125 0.549240625 0.677734375 0.5546296875000001 0.7080078125 0.5531609375000001 0.7470703125 0.5570796875 0.7880859375 0.56736875 0.7958984375 0.5683484375 0.7548828125 0.5683484375 0.7265625 0.569328125 0.6884765625 0.569328125 0.66796875 0.5732484375 0.6328125 0.5756984375 0.607421875
5 0.610484375 0.611328125 0.6031359375 0.5869140625 0.5864765625 0.5810546875 0.571778125 0.5869140625 0.571778125 0.6240234375 0.5761875 0.65234375 0.5796171875 0.685546875 0.5796171875 0.7216796875 0.5820671875000001 0.7578125 0.5810875 0.7880859375 0.5874578125000001 0.8232421875 0.599215625 0.8046875 0.6011765625 0.775390625 0.6011765625 0.7421875 0.6026453125 0.703125 0.604115625 0.67578125 0.6080359375 0.6494140625 0.610484375 0.611328125
4 0.6413515624999999 0.58984375 0.6256734374999999 0.583984375 0.6075453125 0.59375 0.609015625 0.625 0.6168546874999999 0.6552734375 0.620284375 0.6884765625 0.6246937499999999 0.728515625 0.62714375 0.7646484375 0.6305734375000001 0.7978515625 0.6452718749999999 0.80078125 0.6398828125 0.7548828125 0.6398828125 0.728515625 0.638903125 0.693359375 0.6413515624999999 0.65234375 0.6433125000000001 0.6240234375 0.6413515624999999 0.58984375
0 0.7741296875 0.6318359375 0.762371875 0.6123046875 0.7560015625000001 0.576171875 0.7520828125000001 0.5439453125 0.73444375 0.556640625 0.7153359375 0.5732421875 0.700146875 0.5888671875 0.6996578125 0.6171875 0.708965625 0.64453125 0.7217046875 0.66796875 0.73444375 0.685546875 0.7530625 0.720703125 0.762371875 0.7421875 0.7775593749999999 0.7294921875 0.7672703125 0.701171875 0.7447328125 0.6494140625 0.763840625 0.662109375 0.7790296875 0.6865234375 0.7927484375 0.7138671875 0.79911875 0.693359375 0.78295 0.66015625 0.7741296875 0.6318359375
30 0.5899062500000001 0.5361328125 0.5889265625 0.505859375 0.5859875 0.46875 0.5859875 0.4384765625 0.5835375 0.408203125 0.5732484375 0.3720703125 0.5644296875 0.3955078125 0.5629593749999999 0.431640625 0.5644296875 0.46484375 0.560509375 0.5 0.558059375 0.533203125 0.556590625 0.5615234375 0.571778125 0.5712890625 0.5864765625 0.56640625 0.5899062500000001 0.5361328125
23 0.6580109375000001 0.5654296875 0.6692796875 0.556640625 0.667809375 0.53515625 0.666340625 0.509765625 0.663890625 0.4814453125 0.6624203125 0.4541015625 0.6604609375 0.4267578125 0.6624203125 0.3955078125 0.658990625 0.3671875 0.6462515625 0.3798828125 0.6398828125 0.416015625 0.6374328125 0.4384765625 0.6359625 0.4765625 0.62959375 0.4970703125 0.6246937499999999 0.52734375 0.62714375 0.5537109375 0.638903125 0.55859375 0.6580109375000001 0.5654296875
24 0.7011265625 0.5615234375 0.6996578125 0.5283203125 0.6947578125 0.4970703125 0.6932875000000001 0.4697265625 0.6937781249999999 0.443359375 0.6932875000000001 0.41796875 0.6932875000000001 0.384765625 0.6805484374999999 0.384765625 0.6766296875 0.416015625 0.67466875 0.451171875 0.6741796875 0.4814453125 0.6668296875 0.5048828125 0.663890625 0.533203125 0.6717296875 0.5615234375 0.6883874999999999 0.56640625 0.7011265625 0.5615234375
25 0.7378734375 0.5439453125 0.751103125 0.525390625 0.7432624999999999 0.5 0.7403234375000001 0.4765625 0.73689375 0.4365234375 0.7354234374999999 0.41015625 0.73444375 0.3798828125 0.7153359375 0.380859375 0.70455625 0.4052734375 0.702596875 0.4462890625 0.70455625 0.4716796875 0.700146875 0.4970703125 0.6986765625 0.52734375 0.702596875 0.560546875 0.7177859375 0.560546875 0.7378734375 0.5439453125
27 0.7927484375 0.3369140625 0.7775593749999999 0.3427734375 0.763840625 0.375 0.762371875 0.4052734375 0.7599218750000001 0.439453125 0.75698125 0.4775390625 0.7584515625 0.5029296875 0.7697203125 0.5205078125 0.78295 0.5361328125 0.7971578125 0.5283203125 0.8054874999999999 0.5048828125 0.8030375 0.46875 0.7971578125 0.4365234375 0.79666875 0.40625 0.7956890624999999 0.375 0.7927484375 0.3369140625