22 0.5126953125 0.5541406249999999 0.5361328125 0.5541406249999999 0.5732421875 0.5546296875000001 0.6044921875 0.5541406249999999 0.6376953125 0.5531609375000001 0.65234375 0.54238125 0.6240234375 0.5286625 0.5888671875 0.5252328125 0.556640625 0.5213125 0.5224609375 0.5159234374999999 0.494140625 0.510534375 0.4599609375 0.501715625 0.4365234375 0.5046546875 0.4345703125 0.5208234375 0.43359375 0.537971875 0.43359375 0.549240625 0.4541015625 0.556590625 0.4853515625 0.5531609375000001 0.5126953125 0.5541406249999999
19 0.517578125 0.4061734375 0.5537109375 0.4012734375 0.5869140625 0.3998046875 0.6171875 0.3968640625 0.6455078125 0.3919640625 0.6708984375 0.384615625 0.6455078125 0.37530625 0.619140625 0.3767765625 0.5859375 0.375796875 0.560546875 0.3782453125 0.52734375 0.3767765625 0.4892578125 0.37432656249999996 0.4619140625 0.3694265625 0.43359375 0.37432656249999996 0.4365234375 0.3924546875 0.4306640625 0.41009375 0.4638671875 0.4135234375 0.4853515625 0.4086234375 0.517578125 0.4061734375
18 0.5126953125 0.37138593750000004 0.533203125 0.36648749999999997 0.568359375 0.361096875 0.6015625 0.3591375 0.642578125 0.3566875 0.625 0.347378125 0.59375 0.34394843750000004 0.5615234375 0.3424796875 0.5361328125 0.3424796875 0.5126953125 0.3424796875 0.4892578125 0.33464062499999997 0.46484375 0.3356203125 0.4462890625 0.341009375 0.4384765625 0.35276874999999996 0.44921875 0.37138593750000004 0.4599609375 0.3806953125 0.494140625 0.3782453125 0.5126953125 0.37138593750000004
17 0.494140625 0.3424796875 0.52734375 0.33610937500000004 0.560546875 0.332190625 0.591796875 0.32925 0.6298828125 0.3219015625 0.6494140625 0.3081828125 0.619140625 0.306221875 0.599609375 0.3081828125 0.5712890625 0.3091625 0.533203125 0.3081828125 0.5 0.3067125 0.46875 0.3067125 0.439453125 0.31308125000000003 0.44140625 0.32925 0.46875 0.3424796875 0.494140625 0.3424796875
12 0.41796875 0.33464062499999997 0.390625 0.332190625 0.3544921875 0.3331703125 0.3173828125 0.333659375 0.28125 0.3331703125 0.25 0.3282703125 0.2041015625 0.3282703125 0.2021484375 0.3395390625 0.2275390625 0.347378125 0.2587890625 0.3537484375 0.2890625 0.3566875 0.3193359375 0.3615875 0.3466796875 0.3640375 0.3779296875 0.37285625 0.400390625 0.375796875 0.4267578125 0.37040625 0.4267578125 0.35276874999999996 0.41796875 0.33464062499999997
13 0.5859375 0.3042625 0.6123046875 0.3018125 0.63671875 0.28907343750000003 0.63671875 0.2660453125 0.5986328125 0.2645765625 0.5556640625 0.26310625 0.5185546875 0.25036718750000003 0.490234375 0.2464484375 0.466796875 0.2552671875 0.4619140625 0.27045625 0.4443359375 0.286134375 0.4443359375 0.3042625 0.4697265625 0.3067125 0.5185546875 0.3018125 0.552734375 0.30034375 0.5859375 0.3042625
11 0.3427734375 0.3998046875 0.3681640625 0.4061734375 0.392578125 0.41499218750000005 0.4130859375 0.400784375 0.41015625 0.387065625 0.3955078125 0.3718765625 0.3603515625 0.373346875 0.32421875 0.37432656249999996 0.2880859375 0.373346875 0.2509765625 0.37285625 0.2099609375 0.36648749999999997 0.1865234375 0.375796875 0.20703125 0.3855953125 0.2431640625 0.38804531249999996 0.2685546875 0.3924546875 0.30859375 0.398334375 0.3427734375 0.3998046875
10 0.41015625 0.40764374999999997 0.3720703125 0.409603125 0.341796875 0.4164625 0.31640625 0.4174421875 0.2861328125 0.4179328125 0.2509765625 0.41891249999999997 0.2177734375 0.41891249999999997 0.1826171875 0.42136250000000003 0.1611328125 0.43018124999999996 0.19921875 0.4355703125 0.2294921875 0.437040625 0.25390625 0.43655 0.2890625 0.437040625 0.3212890625 0.4404703125 0.359375 0.44585937500000006 0.3876953125 0.45075937499999996 0.4208984375 0.44683906249999994 0.4140625 0.42675156249999996 0.41015625 0.40764374999999997
9 0.421875 0.4561484375 0.40625 0.44292031249999997 0.3759765625 0.4473296875 0.3544921875 0.45320937499999997 0.3271484375 0.4561484375 0.2919921875 0.46006875 0.25 0.45761874999999996 0.21484375 0.45320937499999997 0.1875 0.4610484375 0.2099609375 0.46986718749999995 0.2451171875 0.4728078125 0.2705078125 0.47525781250000004 0.306640625 0.4767265625 0.33984375 0.4791765625 0.36328125 0.48015625 0.390625 0.48407656250000003 0.4208984375 0.48505624999999997 0.4189453125 0.4723171875 0.421875 0.4561484375
8 0.3857421875 0.48309687500000004 0.3505859375 0.48652656250000004 0.3193359375 0.4889765625 0.2763671875 0.49436562500000003 0.2451171875 0.4953453125 0.220703125 0.498284375 0.2041015625 0.514453125 0.2431640625 0.5110234375 0.263671875 0.5080843749999999 0.2958984375 0.5080843749999999 0.3349609375 0.506125 0.36328125 0.5071046875 0.3857421875 0.508575 0.4208984375 0.508575 0.4267578125 0.4953453125 0.4111328125 0.47868750000000004 0.3857421875 0.48309687500000004
7 0.3349609375 0.5247421875 0.2890625 0.5237625 0.25390625 0.5271921875000001 0.224609375 0.5340515625 0.2177734375 0.5453203125 0.2626953125 0.544340625 0.2919921875 0.54238125 0.3193359375 0.54238125 0.34765625 0.54238125 0.3798828125 0.544340625 0.4130859375 0.540421875 0.41015625 0.5252328125 0.4111328125 0.51249375 0.369140625 0.5208234375 0.3349609375 0.5247421875
6 0.3798828125 0.5453203125 0.35546875 0.5477703125 0.322265625 0.549240625 0.2919921875 0.5546296875000001 0.2529296875 0.5531609375000001 0.2119140625 0.5570796875 0.2041015625 0.56736875 0.2451171875 0.5683484375 0.2734375 0.5683484375 0.3115234375 0.569328125 0.33203125 0.569328125 0.3671875 0.5732484375 0.392578125 0.5756984375 0.41796875 0.5737390625 0.4189453125 0.5595296875 0.40625 0.544340625 0.3798828125 0.5453203125
5 0.3759765625 0.571778125 0.34765625 0.5761875 0.314453125 0.5796171875 0.2783203125 0.5796171875 0.2421875 0.5820671875000001 0.2119140625 0.5810875 0.1767578125 0.5874578125000001 0.1953125 0.599215625 0.224609375 0.6011765625 0.2578125 0.6011765625 0.296875 0.6026453125 0.32421875 0.604115625 0.3505859375 0.6080359375 0.388671875 0.610484375 0.4130859375 0.6031359375 0.4189453125 0.5864765625 0.4130859375 0.571778125 0.3759765625 0.571778125
4 0.3447265625 0.6168546874999999 0.3115234375 0.620284375 0.271484375 0.6246937499999999 0.2353515625 0.62714375 0.2021484375 0.6305734375000001 0.19921875 0.6452718749999999 0.2451171875 0.6398828125 0.271484375 0.6398828125 0.306640625 0.638903125 0.34765625 0.6413515624999999 0.3759765625 0.6433125000000001 0.41015625 0.6413515624999999 0.416015625 0.6256734374999999 0.40625 0.6075453125 0.375 0.609015625 0.3447265625 0.6168546874999999
0 0.443359375 0.73444375 0.4267578125 0.7153359375 0.4111328125 0.700146875 0.3828125 0.6996578125 0.35546875 0.708965625 0.33203125 0.7217046875 0.314453125 0.73444375 0.279296875 0.7530625 0.2578125 0.762371875 0.2705078125 0.7775593749999999 0.298828125 0.7672703125 0.3505859375 0.7447328125 0.337890625 0.763840625 0.3134765625 0.7790296875 0.2861328125 0.7927484375 0.306640625 0.79911875 0.33984375 0.78295 0.3681640625 0.7741296875 0.3876953125 0.762371875 0.423828125 0.7560015625000001 0.4560546875 0.7520828125000001 0.443359375 0.73444375
30 0.591796875 0.5835375 0.6279296875 0.5732484375 0.6044921875 0.5644296875 0.568359375 0.5629593749999999 0.53515625 0.5644296875 0.5 0.560509375 0.466796875 0.558059375 0.4384765625 0.556590625 0.4287109375 0.571778125 0.43359375 0.5864765625 0.4638671875 0.5899062500000001 0.494140625 0.5889265625 0.53125 0.5859875 0.5615234375 0.5859875 0.591796875 0.5835375
23 0.5185546875 0.663890625 0.5458984375 0.6624203125 0.5732421875 0.6604609375 0.6044921875 0.6624203125 0.6328125 0.658990625 0.6201171875 0.6462515625 0.583984375 0.6398828125 0.5615234375 0.6374328125 0.5234375 0.6359625 0.5029296875 0.62959375 0.47265625 0.6246937499999999 0.4462890625 0.62714375 0.44140625 0.638903125 0.4345703125 0.6580109375000001 0.443359375 0.6692796875 0.46484375 0.667809375 0.490234375 0.666340625 0.5185546875 0.663890625
24 0.556640625 0.6937781249999999 0.58203125 0.6932875000000001 0.615234375 0.6932875000000001 0.615234375 0.6805484374999999 0.583984375 0.6766296875 0.548828125 0.67466875 0.5185546875 0.6741796875 0.4951171875 0.6668296875 0.466796875 0.663890625 0.4384765625 0.6717296875 0.43359375 0.6883874999999999 0.4384765625 0.7011265625 0.4716796875 0.6996578125 0.5029296875 0.6947578125 0.5302734375 0.6932875000000001 0.556640625 0.6937781249999999
25 0.5634765625 0.73689375 0.58984375 0.7354234374999999 0.6201171875 0.73444375 0.619140625 0.7153359375 0.5947265625 0.70455625 0.5537109375 0.702596875 0.5283203125 0.70455625 0.5029296875 0.700146875 0.47265625 0.6986765625 0.439453125 0.702596875 0.439453125 0.7177859375 0.4560546875 0.7378734375 0.474609375 0.751103125 0.5 0.7432624999999999 0.5234375 0.7403234375000001 0.5634765625 0.73689375
27 0.560546875 0.7599218750000001 0.5224609375 0.75698125 0.4970703125 0.7584515625 0.4794921875 0.7697203125 0.4638671875 0.78295 0.4716796875 0.7971578125 0.4951171875 0.8054874999999999 0.53125 0.8030375 0.5634765625 0.7971578125 0.59375 0.79666875 0.625 0.7956890624999999 0.6630859375 0.7927484375 0.6572265625 0.7775593749999999 0.625 0.763840625 0.5947265625 0.762371875 0.560546875 0.7599218750000001