7 0.701171875 0.5120046874999999 0.7294921875 0.508575 0.7265625 0.4977953125 0.701171875 0.496325 0.67578125 0.4997546875 0.640625 0.498284375 0.6142578125 0.4958359375 0.5869140625 0.5007343750000001 0.5859375 0.5134734375 0.609375 0.5134734375 0.64453125 0.514453125 0.66796875 0.51249375 0.701171875 0.5120046874999999
8 0.7158203125 0.537971875 0.7470703125 0.540421875 0.7548828125 0.5286625 0.7236328125 0.5247421875 0.69921875 0.5237625 0.6630859375 0.5208234375 0.626953125 0.516903125 0.5888671875 0.51494375 0.6025390625 0.5286625 0.6240234375 0.5365015625 0.65234375 0.53748125 0.685546875 0.53748125 0.7158203125 0.537971875
9 0.7265625 0.5546296875000001 0.76171875 0.5526703125 0.75 0.542871875 0.7109375 0.540421875 0.68359375 0.542871875 0.658203125 0.540421875 0.626953125 0.537971875 0.5966796875 0.53748125 0.6123046875 0.558059375 0.642578125 0.5570796875 0.6708984375 0.5590390625 0.6982421875 0.555609375 0.7265625 0.5546296875000001
10 0.640625 0.5850078125 0.6728515625 0.5899062500000001 0.708984375 0.592846875 0.7421875 0.5962765625 0.7802734375 0.599215625 0.8056640625 0.5987265625 0.80859375 0.5884375000000001 0.7802734375 0.5810875 0.7568359375 0.5786374999999999 0.7314453125 0.5737390625 0.69921875 0.56736875 0.66015625 0.5619796874999999 0.6298828125 0.5590390625 0.6064453125 0.5570796875 0.6064453125 0.56736875 0.6123046875 0.5801078125 0.640625 0.5850078125
11 0.6318359375 0.6144046875 0.658203125 0.615384375 0.693359375 0.615384375 0.7236328125 0.615384375 0.7578125 0.6232234375 0.783203125 0.6281234375 0.7958984375 0.618325 0.7822265625 0.6080359375 0.759765625 0.6031359375 0.7392578125 0.6001953125 0.7119140625 0.596765625 0.6884765625 0.592846875 0.6533203125 0.5884375000000001 0.625 0.5845171875 0.6015625 0.5874578125000001 0.5966796875 0.601665625 0.6044921875 0.6144046875 0.6318359375 0.6144046875
12 0.57421875 0.62714375 0.5810546875 0.6413515624999999 0.607421875 0.6413515624999999 0.634765625 0.6433125000000001 0.66796875 0.64723125 0.703125 0.6511515625000001 0.7333984375 0.6536015625 0.76171875 0.658990625 0.7919921875 0.667809375 0.8134765625 0.6629109375 0.794921875 0.64968125 0.767578125 0.638903125 0.7470703125 0.6344921875 0.71875 0.62714375 0.6884765625 0.624203125 0.66015625 0.615384375 0.6328125 0.6080359375 0.599609375 0.601665625 0.5810546875 0.6095046875000001 0.57421875 0.62714375
6 0.650390625 0.49387499999999995 0.68359375 0.49289531249999996 0.716796875 0.491425 0.75 0.48946562499999996 0.7744140625 0.48309687500000004 0.7626953125 0.4737875 0.7392578125 0.4737875 0.708984375 0.4737875 0.68359375 0.47525781250000004 0.65234375 0.4747671875 0.6171875 0.4723171875 0.5908203125 0.46986718749999995 0.5859375 0.48505624999999997 0.6015625 0.4977953125 0.6279296875 0.49436562500000003 0.650390625 0.49387499999999995
5 0.634765625 0.46986718749999995 0.6708984375 0.4688875 0.703125 0.4659484375 0.7392578125 0.4639875 0.7705078125 0.459578125 0.80078125 0.4561484375 0.80078125 0.44585937500000006 0.767578125 0.441940625 0.7412109375 0.4404703125 0.7109375 0.439490625 0.6708984375 0.439490625 0.64453125 0.43899999999999995 0.6064453125 0.441940625 0.58203125 0.448309375 0.5869140625 0.46251875 0.6025390625 0.4737875 0.634765625 0.46986718749999995
4 0.615234375 0.44439062500000004 0.6376953125 0.43802031250000006 0.66796875 0.43459062499999995 0.7060546875 0.43459062499999995 0.7421875 0.4331203125 0.7744140625 0.42822187500000003 0.80078125 0.4218515625 0.7822265625 0.4135234375 0.75 0.4125421875 0.7216796875 0.4125421875 0.69140625 0.4135234375 0.6630859375 0.4135234375 0.6328125 0.4125421875 0.6015625 0.4125421875 0.5712890625 0.42038281250000004 0.576171875 0.4355703125 0.5869140625 0.44683906249999994 0.615234375 0.44439062500000004
3 0.583984375 0.42136250000000003 0.6044921875 0.41499218750000005 0.625 0.41009375 0.658203125 0.4061734375 0.6826171875 0.40372343749999995 0.716796875 0.3998046875 0.751953125 0.39735468749999997 0.77734375 0.3806953125 0.7705078125 0.36893750000000003 0.734375 0.373346875 0.703125 0.375796875 0.669921875 0.3782453125 0.6396484375 0.379715625 0.607421875 0.37922656250000003 0.568359375 0.3782453125 0.5634765625 0.3919640625 0.55859375 0.4061734375 0.5634765625 0.4198921875 0.583984375 0.42136250000000003
19 0.5146484375 0.5463015625 0.4814453125 0.5477703125 0.44921875 0.5453203125 0.43359375 0.558059375 0.4765625 0.56345 0.505859375 0.5644296875 0.53125 0.5658984375 0.560546875 0.56736875 0.58203125 0.56981875 0.6142578125 0.5761875 0.64453125 0.571778125 0.6298828125 0.5570796875 0.6064453125 0.5541406249999999 0.58203125 0.5526703125 0.5556640625 0.5482609375 0.5146484375 0.5463015625
18 0.5107421875 0.5761875 0.4853515625 0.5781484375 0.458984375 0.5796171875 0.4287109375 0.5801078125 0.392578125 0.5845171875 0.416015625 0.592846875 0.447265625 0.5913765625 0.4775390625 0.592846875 0.5029296875 0.5938265625 0.5361328125 0.5952968750000001 0.5634765625 0.5952968750000001 0.6171875 0.5962765625 0.6376953125 0.5850078125 0.6220703125 0.57226875 0.6025390625 0.5683484375 0.5712890625 0.5732484375 0.5400390625 0.5737390625 0.5107421875 0.5761875
29 0.5400390625 0.4243015625 0.5029296875 0.42283125000000005 0.46875 0.42283125000000005 0.4365234375 0.4218515625 0.4111328125 0.42283125000000005 0.373046875 0.4243015625 0.3828125 0.4341015625 0.4189453125 0.439490625 0.458984375 0.44585937500000006 0.4970703125 0.45075937499999996 0.5361328125 0.457128125 0.5634765625 0.45565937500000003 0.5986328125 0.46006875 0.625 0.46202812499999996 0.6259765625 0.45222968750000003 0.63671875 0.43899999999999995 0.6142578125 0.4292015625 0.5712890625 0.42773125 0.5400390625 0.4243015625
26 0.5234375 0.277315625 0.490234375 0.272415625 0.458984375 0.26849531249999997 0.4306640625 0.269475 0.4033203125 0.269475 0.41796875 0.2822140625 0.4462890625 0.2876046875 0.474609375 0.299853125 0.501953125 0.30279218750000003 0.533203125 0.306221875 0.560546875 0.31161249999999996 0.5869140625 0.3189609375 0.6142578125 0.3101421875 0.619140625 0.297403125 0.609375 0.2797640625 0.5888671875 0.27339531250000004 0.560546875 0.277315625 0.5234375 0.277315625