30 0.5526703125 0.501953125 0.5668796875 0.4970703125 0.5658984375 0.474609375 0.5619796874999999 0.4365234375 0.561 0.41015625 0.558059375 0.375 0.5570796875 0.337890625 0.556590625 0.306640625 0.556590625 0.275390625 0.5482609375 0.2431640625 0.540421875 0.28125 0.537971875 0.32421875 0.53748125 0.3623046875 0.5350312500000001 0.3974609375 0.5335625 0.4267578125 0.5316015625 0.4638671875 0.5311125 0.490234375 0.5365015625 0.5126953125 0.5526703125 0.501953125
29 0.561 0.4765625 0.5707984374999999 0.4921875 0.5810875 0.5126953125 0.5952968750000001 0.4970703125 0.5987265625 0.46875 0.5952968750000001 0.431640625 0.5938265625 0.4013671875 0.592846875 0.36328125 0.5913765625 0.333984375 0.5889265625 0.306640625 0.5874578125000001 0.275390625 0.5850078125 0.23828125 0.5761875 0.2041015625 0.57226875 0.23828125 0.5668796875 0.2666015625 0.5668796875 0.298828125 0.5668796875 0.3271484375 0.5668796875 0.3623046875 0.5658984375 0.392578125 0.5668796875 0.4208984375 0.5619796874999999 0.4462890625 0.561 0.4765625
23 0.5903968749999999 0.4697265625 0.6011765625 0.4814453125 0.6139140624999999 0.498046875 0.6261640625 0.482421875 0.62959375 0.4521484375 0.626653125 0.42578125 0.620284375 0.390625 0.618325 0.357421875 0.6168546874999999 0.32421875 0.615384375 0.291015625 0.6119546875 0.212890625 0.606565625 0.248046875 0.6011765625 0.279296875 0.596765625 0.30859375 0.5987265625 0.333984375 0.596765625 0.3720703125 0.597746875 0.3974609375 0.59235625 0.4208984375 0.5899062500000001 0.4462890625 0.5903968749999999 0.4697265625
24 0.6344921875 0.4853515625 0.6447812500000001 0.494140625 0.654090625 0.4697265625 0.6511515625000001 0.4384765625 0.64968125 0.4013671875 0.6452718749999999 0.3759765625 0.6413515624999999 0.337890625 0.638903125 0.3095703125 0.6374328125 0.2861328125 0.6349828125 0.2421875 0.6246937499999999 0.2587890625 0.62224375 0.3017578125 0.6217546875 0.326171875 0.62224375 0.357421875 0.6232234375 0.3857421875 0.6207734375 0.41796875 0.620284375 0.44140625 0.6237140625 0.46875 0.6344921875 0.4853515625
25 0.6487015625 0.423828125 0.6560515625 0.4443359375 0.6687890624999999 0.451171875 0.6805484374999999 0.4462890625 0.6918171875 0.439453125 0.6957375 0.4189453125 0.6947578125 0.388671875 0.6908375 0.365234375 0.6859375 0.3349609375 0.68691875 0.306640625 0.6874078124999999 0.2763671875 0.6810390625 0.2421875 0.667809375 0.31640625 0.663890625 0.2626953125 0.661440625 0.224609375 0.64968125 0.2685546875 0.6501718750000001 0.298828125 0.652621875 0.3291015625 0.652621875 0.3544921875 0.6511515625000001 0.392578125 0.6487015625 0.423828125
26 0.6908375 0.390625 0.7011265625 0.4013671875 0.7123953125 0.41015625 0.725625 0.4033203125 0.73934375 0.392578125 0.7408140624999999 0.36328125 0.73934375 0.3369140625 0.7354234374999999 0.31640625 0.7329734375 0.2958984375 0.73689375 0.2705078125 0.73934375 0.2353515625 0.73199375 0.21484375 0.716315625 0.2666015625 0.7123953125 0.2275390625 0.6972078125000001 0.20703125 0.6957375 0.2578125 0.6957375 0.28125 0.6932875000000001 0.30859375 0.6908375 0.3349609375 0.6898578125 0.365234375 0.6908375 0.390625
27 0.7584515625 0.2607421875 0.74179375 0.2607421875 0.73444375 0.2890625 0.7378734375 0.314453125 0.7408140624999999 0.33984375 0.7403234375000001 0.3671875 0.7471828125 0.3876953125 0.763840625 0.3857421875 0.7775593749999999 0.373046875 0.7814796875 0.3505859375 0.7775593749999999 0.3271484375 0.7726609375 0.30078125 0.763840625 0.28125 0.7584515625 0.2607421875
28 0.75698125 0.3896484375 0.74424375 0.3935546875 0.7329734375 0.4140625 0.7202359375 0.4365234375 0.7226843749999999 0.46875 0.73444375 0.4892578125 0.7457125 0.5029296875 0.757471875 0.5185546875 0.7672703125 0.5439453125 0.78441875 0.533203125 0.7956890624999999 0.5283203125 0.79666875 0.5048828125 0.7863796875 0.494140625 0.78295 0.4716796875 0.780009375 0.447265625 0.7726609375 0.421875 0.75698125 0.3896484375
0 0.718765625 0.44921875 0.7084765625 0.4345703125 0.6923078125 0.439453125 0.6829984375 0.4560546875 0.6732 0.4755859375 0.6604609375 0.490234375 0.665359375 0.5146484375 0.6766296875 0.5380859375 0.6898578125 0.560546875 0.700146875 0.5732421875 0.7109265625 0.5888671875 0.7217046875 0.607421875 0.73689375 0.626953125 0.73444375 0.5947265625 0.716315625 0.55078125 0.7383640625 0.5615234375 0.755021875 0.578125 0.75698125 0.548828125 0.74179375 0.5205078125 0.7329734375 0.4970703125 0.725134375 0.4765625 0.718765625 0.44921875
3 0.62959375 0.498046875 0.615384375 0.498046875 0.604115625 0.5185546875 0.610975 0.548828125 0.618325 0.5693359375 0.62224375 0.5986328125 0.6286140625 0.626953125 0.6384125 0.6552734375 0.64968125 0.67578125 0.651640625 0.6318359375 0.647721875 0.607421875 0.6462515625 0.58203125 0.6447812500000001 0.5537109375 0.6413515624999999 0.5224609375 0.6398828125 0.5048828125 0.62959375 0.498046875
4 0.611465625 0.5361328125 0.6050953125 0.505859375 0.5859875 0.5048828125 0.5707984374999999 0.53125 0.5756984375 0.5615234375 0.5859875 0.583984375 0.5903968749999999 0.615234375 0.5952968750000001 0.650390625 0.6050953125 0.681640625 0.6139140624999999 0.7138671875 0.6286140625 0.728515625 0.6246937499999999 0.69921875 0.62224375 0.669921875 0.6193046875 0.6328125 0.612934375 0.5966796875 0.610484375 0.56640625 0.611465625 0.5361328125
5 0.5820671875000001 0.599609375 0.5835375 0.55859375 0.5796171875 0.53125 0.570309375 0.509765625 0.5570796875 0.515625 0.549240625 0.54296875 0.5507109375 0.5732421875 0.5526703125 0.6142578125 0.5551203124999999 0.640625 0.5590390625 0.67578125 0.5619796874999999 0.712890625 0.565409375 0.751953125 0.57226875 0.7724609375 0.5801078125 0.7822265625 0.585496875 0.76171875 0.5874578125000001 0.744140625 0.5845171875 0.70703125 0.5825578124999999 0.6708984375 0.5825578124999999 0.63671875 0.5820671875000001 0.599609375
2 0.2822140625 0.408203125 0.30034375 0.388671875 0.3018125 0.3505859375 0.30034375 0.3115234375 0.30279218750000003 0.275390625 0.3076921875 0.2353515625 0.3081828125 0.197265625 0.286134375 0.19140625 0.274375 0.2119140625 0.269475 0.2529296875 0.2640859375 0.283203125 0.2533078125 0.30859375 0.2439984375 0.33984375 0.24301875 0.365234375 0.2621265625 0.3916015625 0.26800625 0.4033203125 0.2822140625 0.408203125
6 0.5482609375 0.5380859375 0.5340515625 0.5302734375 0.5213125 0.54296875 0.5232734375 0.5849609375 0.5286625 0.611328125 0.5301328125 0.6455078125 0.5335625 0.67578125 0.542871875 0.7080078125 0.5477703125 0.734375 0.5570796875 0.7236328125 0.5531609375000001 0.685546875 0.551690625 0.658203125 0.549240625 0.6171875 0.5482609375 0.5888671875 0.5477703125 0.5615234375 0.5482609375 0.5380859375
7 0.5198437499999999 0.54296875 0.5071046875 0.5478515625 0.498284375 0.552734375 0.5007343750000001 0.5966796875 0.503184375 0.6298828125 0.508575 0.66796875 0.51249375 0.69140625 0.5198437499999999 0.7333984375 0.5296421875 0.716796875 0.5276828124999999 0.6962890625 0.5262125 0.666015625 0.5237625 0.6328125 0.52229375 0.609375 0.5198437499999999 0.57421875 0.5198437499999999 0.54296875
8 0.4977953125 0.591796875 0.496815625 0.5556640625 0.487015625 0.548828125 0.4762375 0.5517578125 0.4767265625 0.5859375 0.47770625000000005 0.611328125 0.4791765625 0.6396484375 0.48113593750000005 0.6650390625 0.48309687500000004 0.6904296875 0.48407656250000003 0.716796875 0.4958359375 0.7392578125 0.49926562499999994 0.71875 0.4977953125 0.6884765625 0.496815625 0.662109375 0.496815625 0.642578125 0.496815625 0.619140625 0.4977953125 0.591796875
9 0.4728078125 0.5732421875 0.47770625000000005 0.541015625 0.4639875 0.5283203125 0.45075937499999996 0.5185546875 0.44585937500000006 0.552734375 0.4453703125 0.578125 0.44683906249999994 0.6123046875 0.44683906249999994 0.6494140625 0.4517390625 0.677734375 0.457128125 0.71875 0.4683984375 0.7314453125 0.4713375 0.69921875 0.46986718749999995 0.6708984375 0.46986718749999995 0.65234375 0.4713375 0.6240234375 0.4713375 0.599609375 0.4728078125 0.5732421875
10 0.4473296875 0.5859375 0.44977968749999997 0.5361328125 0.44439062500000004 0.5048828125 0.43018124999999996 0.5 0.4140125 0.5107421875 0.41009375 0.5439453125 0.4135234375 0.5732421875 0.41107343749999997 0.6025390625 0.41009375 0.640625 0.41009375 0.6787109375 0.41009375 0.7119140625 0.41548281249999997 0.744140625 0.42626093750000005 0.7705078125 0.4341015625 0.7373046875 0.4355703125 0.7060546875 0.437040625 0.669921875 0.4404703125 0.642578125 0.4453703125 0.6171875 0.4473296875 0.5859375
11 0.41499218750000005 0.552734375 0.42136250000000003 0.5224609375 0.4179328125 0.5 0.40715312499999995 0.482421875 0.393434375 0.482421875 0.3860859375 0.5048828125 0.3806953125 0.5380859375 0.379715625 0.5693359375 0.37775625 0.6015625 0.379715625 0.6396484375 0.382165625 0.6728515625 0.38804531249999996 0.701171875 0.39882343750000004 0.724609375 0.4012734375 0.6953125 0.40372343749999995 0.6650390625 0.4061734375 0.63671875 0.40764374999999997 0.607421875 0.41156249999999994 0.58203125 0.41499218750000005 0.552734375
12 0.382165625 0.53125 0.3860859375 0.5029296875 0.37922656250000003 0.4892578125 0.36795625 0.48046875 0.3561984375 0.4833984375 0.34541875 0.4921875 0.345909375 0.5224609375 0.345909375 0.5537109375 0.34394843750000004 0.5810546875 0.345909375 0.6142578125 0.34394843750000004 0.64453125 0.35031875 0.666015625 0.3640375 0.6708984375 0.36648749999999997 0.65234375 0.3694265625 0.625 0.3718765625 0.5986328125 0.375796875 0.57421875 0.37922656250000003 0.552734375 0.382165625 0.53125
13 0.345909375 0.4365234375 0.352278125 0.416015625 0.35031875 0.388671875 0.3488484375 0.36328125 0.349828125 0.3291015625 0.349828125 0.3095703125 0.3537484375 0.2763671875 0.3537484375 0.248046875 0.3463984375 0.22265625 0.332190625 0.2099609375 0.32092187499999997 0.2373046875 0.3170015625 0.2763671875 0.3145515625 0.314453125 0.306221875 0.34765625 0.2964234375 0.3828125 0.30034375 0.4130859375 0.306221875 0.42578125 0.3307203125 0.4423828125 0.345909375 0.4365234375
15 0.306221875 0.56640625 0.3219015625 0.5537109375 0.332190625 0.52734375 0.3370890625 0.501953125 0.3233703125 0.478515625 0.31308125000000003 0.443359375 0.299853125 0.4384765625 0.286134375 0.4462890625 0.274375 0.46875 0.2670265625 0.4873046875 0.261146875 0.509765625 0.2484078125 0.5302734375 0.231259375 0.5537109375 0.2185203125 0.5732421875 0.23909843749999998 0.568359375 0.2577171875 0.56640625 0.272415625 0.548828125 0.2616359375 0.5888671875 0.2464484375 0.609375 0.2645765625 0.6123046875 0.28123437500000004 0.599609375 0.291034375 0.5810546875 0.306221875 0.56640625
16 0.2851546875 0.4345703125 0.2709453125 0.4140625 0.25820625 0.400390625 0.244978125 0.390625 0.23321874999999997 0.39453125 0.22195 0.4248046875 0.21558125 0.453125 0.2067609375 0.4775390625 0.20088124999999998 0.4970703125 0.185203125 0.53125 0.1979421875 0.5224609375 0.22880937499999998 0.4951171875 0.2067609375 0.548828125 0.2185203125 0.5615234375 0.24105781249999997 0.5380859375 0.2528171875 0.5107421875 0.26800625 0.4873046875 0.278784375 0.4638671875 0.2851546875 0.4345703125
17 0.384615625 0.4443359375 0.387065625 0.421875 0.3831453125 0.390625 0.38510468750000004 0.3525390625 0.387065625 0.3095703125 0.388534375 0.2890625 0.389515625 0.255859375 0.390984375 0.2197265625 0.3806953125 0.2373046875 0.37040625 0.2705078125 0.3630578125 0.30859375 0.35766718750000004 0.34765625 0.3512984375 0.3857421875 0.3419890625 0.4267578125 0.34786875 0.4560546875 0.3630578125 0.46484375 0.384615625 0.4443359375
18 0.41156249999999994 0.4482421875 0.4174421875 0.419921875 0.41107343749999997 0.3779296875 0.40372343749999995 0.34765625 0.40519375 0.3095703125 0.402253125 0.271484375 0.3998046875 0.2421875 0.39735468749999997 0.2119140625 0.38804531249999996 0.255859375 0.387065625 0.30859375 0.3855953125 0.3427734375 0.3860859375 0.3798828125 0.3767765625 0.421875 0.37285625 0.4462890625 0.37922656250000003 0.47265625 0.3968640625 0.4619140625 0.41156249999999994 0.4482421875
19 0.42038281250000004 0.4853515625 0.4331203125 0.466796875 0.43899999999999995 0.4365234375 0.439490625 0.40625 0.4355703125 0.3759765625 0.43899999999999995 0.3447265625 0.43802031250000006 0.3115234375 0.4409609375 0.271484375 0.437040625 0.25 0.430671875 0.224609375 0.4174421875 0.2353515625 0.41548281249999997 0.2783203125 0.4135234375 0.3115234375 0.4086234375 0.349609375 0.40715312499999995 0.3876953125 0.403234375 0.421875 0.3998046875 0.447265625 0.40519375 0.474609375 0.42038281250000004 0.4853515625
20 0.45859843749999996 0.5029296875 0.46986718749999995 0.490234375 0.46986718749999995 0.45703125 0.4659484375 0.423828125 0.4674171875 0.390625 0.47035781249999997 0.3701171875 0.4747671875 0.330078125 0.4767265625 0.296875 0.47525781250000004 0.2685546875 0.46251875 0.275390625 0.45320937499999997 0.3193359375 0.4473296875 0.3603515625 0.44292031249999997 0.3974609375 0.437040625 0.42578125 0.4341015625 0.44921875 0.43165156250000003 0.4814453125 0.439490625 0.5048828125 0.45859843749999996 0.5029296875
21 0.491425 0.5185546875 0.4977953125 0.494140625 0.498284375 0.4619140625 0.4977953125 0.423828125 0.4958359375 0.390625 0.496815625 0.359375 0.4958359375 0.330078125 0.49436562500000003 0.2958984375 0.49387499999999995 0.2587890625 0.48113593750000005 0.2861328125 0.47868750000000004 0.341796875 0.4723171875 0.380859375 0.4688875 0.416015625 0.4634984375 0.4443359375 0.4610484375 0.4794921875 0.4610484375 0.505859375 0.47525781250000004 0.5185546875 0.491425 0.5185546875
22 0.5046546875 0.5205078125 0.5208234375 0.5224609375 0.5316015625 0.5205078125 0.5335625 0.4951171875 0.5311125 0.4638671875 0.5301328125 0.431640625 0.5286625 0.3984375 0.5276828124999999 0.3671875 0.5286625 0.333984375 0.5232734375 0.298828125 0.52229375 0.2763671875 0.5159234374999999 0.240234375 0.5080843749999999 0.2861328125 0.5071046875 0.326171875 0.505634375 0.3623046875 0.5041640625 0.3935546875 0.5041640625 0.4267578125 0.501715625 0.4560546875 0.4977953125 0.4873046875 0.49387499999999995 0.5146484375 0.5046546875 0.5205078125