31 0.283684375 0.541015625 0.276825 0.5126953125 0.2670265625 0.4873046875 0.2542875 0.494140625 0.244978125 0.5107421875 0.2327296875 0.53125 0.231259375 0.560546875 0.23909843749999998 0.58984375 0.2528171875 0.615234375 0.2616359375 0.6572265625 0.27192500000000003 0.6904296875 0.29495312500000004 0.6787109375 0.30279218750000003 0.640625 0.29544375 0.6142578125 0.29005312499999997 0.5810546875 0.283684375 0.541015625
23 0.610484375 0.5654296875 0.6144046875 0.52734375 0.6217546875 0.498046875 0.62224375 0.46484375 0.611465625 0.4345703125 0.5962765625 0.439453125 0.5825578124999999 0.4541015625 0.57716875 0.4853515625 0.5810875 0.5126953125 0.5796171875 0.5439453125 0.5801078125 0.5791015625 0.5786374999999999 0.6240234375 0.5756984375 0.6630859375 0.5874578125000001 0.685546875 0.5962765625 0.662109375 0.6026453125 0.6318359375 0.6050953125 0.5947265625 0.610484375 0.5654296875
25 0.665359375 0.609375 0.665359375 0.63671875 0.67711875 0.6787109375 0.6874078124999999 0.6650390625 0.6908375 0.6298828125 0.6908375 0.58203125 0.6908375 0.55078125 0.6962265624999999 0.517578125 0.70210625 0.494140625 0.6957375 0.451171875 0.6829984375 0.4560546875 0.6717296875 0.443359375 0.652621875 0.4609375 0.654090625 0.5 0.65948125 0.5234375 0.6624203125 0.5693359375 0.665359375 0.609375
26 0.73934375 0.5576171875 0.7427734375 0.52734375 0.73689375 0.5068359375 0.7217046875 0.4853515625 0.7060265625000001 0.4833984375 0.6972078125000001 0.5126953125 0.6981875 0.5458984375 0.700146875 0.578125 0.6937781249999999 0.6240234375 0.6981875 0.662109375 0.7084765625 0.6708984375 0.7197453125 0.6591796875 0.7226843749999999 0.6220703125 0.72954375 0.5849609375 0.73934375 0.5576171875
28 0.7050468750000001 0.4501953125 0.708965625 0.47265625 0.72954375 0.48828125 0.7408140624999999 0.5146484375 0.751103125 0.4873046875 0.7589421875 0.46484375 0.7677609375000001 0.4384765625 0.7741296875 0.4111328125 0.780009375 0.3798828125 0.7814796875 0.3525390625 0.7677609375000001 0.3271484375 0.7560015625000001 0.31640625 0.73934375 0.33203125 0.7266046875 0.357421875 0.716315625 0.373046875 0.6957375 0.4033203125 0.6947578125 0.4296875 0.7050468750000001 0.4501953125
7 0.514453125 0.4306640625 0.5247421875 0.43359375 0.5247421875 0.3955078125 0.5247421875 0.3671875 0.5252328125 0.3349609375 0.5262125 0.306640625 0.5276828124999999 0.279296875 0.5271921875000001 0.240234375 0.514453125 0.255859375 0.5095546875 0.2939453125 0.5046546875 0.3291015625 0.5041640625 0.365234375 0.5007343750000001 0.3974609375 0.49926562499999994 0.431640625 0.514453125 0.4306640625
8 0.4762375 0.431640625 0.4904453125 0.4345703125 0.491915625 0.408203125 0.4904453125 0.3720703125 0.491425 0.33203125 0.491915625 0.30078125 0.49387499999999995 0.265625 0.48113593750000005 0.265625 0.4767265625 0.296875 0.4747671875 0.33203125 0.4713375 0.365234375 0.4683984375 0.3984375 0.46496875 0.421875 0.4762375 0.431640625
9 0.46643749999999995 0.4306640625 0.4639875 0.3974609375 0.46202812499999996 0.3623046875 0.4634984375 0.31640625 0.46251875 0.283203125 0.46251875 0.2421875 0.4517390625 0.255859375 0.448309375 0.296875 0.44439062500000004 0.3427734375 0.4409609375 0.380859375 0.43655 0.4189453125 0.45320937499999997 0.4345703125 0.46643749999999995 0.4306640625
10 0.40519375 0.408203125 0.4125421875 0.4306640625 0.4243015625 0.4365234375 0.4355703125 0.4287109375 0.439490625 0.41015625 0.43899999999999995 0.3798828125 0.43899999999999995 0.3369140625 0.43802031250000006 0.3017578125 0.439490625 0.2734375 0.43899999999999995 0.2431640625 0.4331203125 0.212890625 0.41891249999999997 0.22265625 0.4140125 0.255859375 0.41107343749999997 0.2890625 0.4086234375 0.326171875 0.40764374999999997 0.349609375 0.404703125 0.3779296875 0.40519375 0.408203125
16 0.24105781249999997 0.494140625 0.2567375 0.4873046875 0.26751562500000003 0.4716796875 0.278784375 0.44921875 0.29005312499999997 0.423828125 0.29299375 0.408203125 0.286134375 0.380859375 0.272415625 0.3623046875 0.2577171875 0.3544921875 0.2439984375 0.3427734375 0.2302796875 0.326171875 0.21802968749999999 0.3115234375 0.2160703125 0.33203125 0.222440625 0.3505859375 0.21949999999999997 0.3759765625 0.1994125 0.341796875 0.1979421875 0.3720703125 0.21068125000000001 0.4033203125 0.223909375 0.43359375 0.23076875000000002 0.466796875 0.24105781249999997 0.494140625
6 0.5340515625 0.4345703125 0.549240625 0.43359375 0.5502203125 0.40625 0.549240625 0.3671875 0.549240625 0.3291015625 0.549240625 0.291015625 0.5482609375 0.2626953125 0.54238125 0.2373046875 0.5325828125000001 0.25390625 0.5350312500000001 0.296875 0.5350312500000001 0.3349609375 0.5296421875 0.3603515625 0.5247421875 0.400390625 0.5232734375 0.423828125 0.5340515625 0.4345703125
5 0.5570796875 0.4287109375 0.57226875 0.4345703125 0.5796171875 0.4111328125 0.5820671875000001 0.373046875 0.5835375 0.330078125 0.5859875 0.2763671875 0.5859875 0.23828125 0.5845171875 0.205078125 0.5668796875 0.1953125 0.556590625 0.2197265625 0.5595296875 0.2666015625 0.5570796875 0.3095703125 0.5541406249999999 0.341796875 0.5502203125 0.380859375 0.5482609375 0.408203125 0.5570796875 0.4287109375
4 0.5859875 0.439453125 0.601665625 0.431640625 0.6139140624999999 0.423828125 0.615384375 0.3935546875 0.611465625 0.3505859375 0.612934375 0.3173828125 0.6139140624999999 0.2841796875 0.6178343749999999 0.25 0.6144046875 0.21484375 0.604115625 0.240234375 0.599215625 0.2763671875 0.59480625 0.3212890625 0.5889265625 0.349609375 0.5845171875 0.380859375 0.5781484375 0.41015625 0.5859875 0.439453125
3 0.6139140624999999 0.443359375 0.626653125 0.45703125 0.6423328125000001 0.451171875 0.6550703125 0.431640625 0.6487015625 0.408203125 0.6462515625 0.375 0.64723125 0.337890625 0.6462515625 0.3037109375 0.647721875 0.2705078125 0.6413515624999999 0.2294921875 0.6305734375000001 0.25390625 0.6256734374999999 0.2861328125 0.626653125 0.32421875 0.6232234375 0.3623046875 0.6207734375 0.388671875 0.615384375 0.416015625 0.6139140624999999 0.443359375
2 0.3170015625 0.4892578125 0.31308125000000003 0.4560546875 0.30377343749999997 0.4345703125 0.291034375 0.447265625 0.277315625 0.458984375 0.27045625 0.482421875 0.27192500000000003 0.501953125 0.28123437500000004 0.53125 0.2915234375 0.5634765625 0.29789374999999996 0.6015625 0.3145515625 0.615234375 0.31553125 0.5859375 0.3140625 0.55859375 0.3140625 0.5234375 0.3170015625 0.4892578125
13 0.3566875 0.5126953125 0.3591375 0.47265625 0.3615875 0.4267578125 0.35766718750000004 0.400390625 0.3424796875 0.3984375 0.3268 0.390625 0.3140625 0.4140625 0.31161249999999996 0.44140625 0.3140625 0.4765625 0.32288125 0.5078125 0.3219015625 0.55078125 0.32043125 0.5947265625 0.3370890625 0.6142578125 0.3512984375 0.609375 0.35276874999999996 0.57421875 0.35521875 0.53515625 0.3566875 0.5126953125
17 0.395884375 0.4921875 0.39735468749999997 0.45703125 0.3924546875 0.42578125 0.381675 0.408203125 0.3718765625 0.392578125 0.361096875 0.416015625 0.3591375 0.439453125 0.361096875 0.466796875 0.3601171875 0.5078125 0.3640375 0.560546875 0.3630578125 0.607421875 0.384125 0.615234375 0.3855953125 0.583984375 0.387065625 0.5537109375 0.3919640625 0.515625 0.395884375 0.4921875
18 0.4218515625 0.53515625 0.42528125 0.5078125 0.43165156250000003 0.47265625 0.43165156250000003 0.447265625 0.42038281250000004 0.4345703125 0.4086234375 0.423828125 0.39735468749999997 0.408203125 0.3924546875 0.431640625 0.387065625 0.4638671875 0.3904953125 0.494140625 0.3919640625 0.52734375 0.390984375 0.568359375 0.3904953125 0.611328125 0.40519375 0.625 0.41891249999999997 0.611328125 0.4198921875 0.5888671875 0.42136250000000003 0.5615234375 0.4218515625 0.53515625