19 0.5668140625 0.3828125 0.56045 0.3505859375 0.5491921875 0.357421875 0.5487031250000001 0.390625 0.5487031250000001 0.439453125 0.5516390624999999 0.47265625 0.5516390624999999 0.5048828125 0.555065625 0.525390625 0.556534375 0.5615234375 0.56045 0.6044921875 0.5668140625 0.5556640625 0.5653453125000001 0.515625 0.5653453125000001 0.474609375 0.5668140625 0.43359375 0.5668140625 0.3828125
18 0.5677921875 0.5224609375 0.5692609375 0.5458984375 0.5731765625 0.5888671875 0.58345625 0.568359375 0.5868828125000001 0.5234375 0.5883499999999999 0.4765625 0.5883499999999999 0.443359375 0.5932453125 0.4111328125 0.5971609375 0.390625 0.5849234375 0.380859375 0.56828125 0.3828125 0.5692609375 0.4091796875 0.5677921875 0.4384765625 0.565834375 0.4697265625 0.5668140625 0.498046875 0.5677921875 0.5224609375
17 0.588840625 0.560546875 0.585903125 0.603515625 0.605971875 0.5888671875 0.613803125 0.5439453125 0.613803125 0.505859375 0.61771875 0.4697265625 0.623103125 0.4365234375 0.6186984375 0.4111328125 0.6025453125 0.4052734375 0.588840625 0.4130859375 0.585903125 0.4443359375 0.5868828125000001 0.47265625 0.5868828125000001 0.505859375 0.588840625 0.52734375 0.588840625 0.560546875
29 0.4371015625 0.4541015625 0.43465468749999997 0.4853515625 0.4366125 0.515625 0.43563437499999996 0.5400390625 0.43563437499999996 0.5712890625 0.44444375 0.599609375 0.44982812499999997 0.560546875 0.4522765625 0.5224609375 0.45472343750000005 0.490234375 0.45766093750000003 0.4541015625 0.4601078125 0.42578125 0.46353437499999994 0.396484375 0.462065625 0.3671875 0.44836093750000006 0.3525390625 0.43808125000000003 0.36328125 0.4366125 0.3935546875 0.4371015625 0.421875 0.4371015625 0.4541015625
23 0.4180125 0.53125 0.4238859375 0.55859375 0.42829218750000003 0.5966796875 0.4385703125 0.57421875 0.43465468749999997 0.5302734375 0.434165625 0.4951171875 0.434165625 0.4638671875 0.434165625 0.4306640625 0.43318593749999995 0.408203125 0.4307390625 0.373046875 0.4150765625 0.375 0.4092015625 0.396484375 0.41018125000000005 0.4306640625 0.4150765625 0.46484375 0.41654375000000005 0.494140625 0.4180125 0.53125
24 0.3920703125 0.4970703125 0.392559375 0.5234375 0.39353906250000004 0.5556640625 0.396475 0.5859375 0.4092015625 0.5859375 0.4150765625 0.5537109375 0.4150765625 0.515625 0.414096875 0.4794921875 0.4131171875 0.451171875 0.412628125 0.42578125 0.407734375 0.4033203125 0.404796875 0.380859375 0.3920703125 0.376953125 0.384728125 0.400390625 0.384728125 0.4345703125 0.38864375 0.4638671875 0.3920703125 0.4970703125
26 0.368575 0.6298828125 0.3710234375 0.576171875 0.36808593749999996 0.53515625 0.3656390625 0.494140625 0.36270156249999996 0.4619140625 0.348996875 0.4462890625 0.328928125 0.46875 0.328928125 0.501953125 0.3348015625 0.5537109375 0.33773906249999996 0.5791015625 0.3401859375 0.609375 0.3426328125 0.6376953125 0.368575 0.6298828125
27 0.3044546875 0.5947265625 0.3054328125 0.6240234375 0.31962812500000004 0.6474609375 0.3338234375 0.6298828125 0.3372484375 0.5859375 0.33284375 0.541015625 0.328928125 0.515625 0.32648125 0.4814453125 0.321096875 0.4560546875 0.3059234375 0.4462890625 0.29417499999999996 0.4599609375 0.2946640625 0.4970703125 0.298090625 0.5234375 0.29955937499999996 0.5458984375 0.30200625 0.5712890625 0.3044546875 0.5947265625
28 0.3083703125 0.40625 0.3005390625 0.3779296875 0.2843859375 0.345703125 0.268721875 0.330078125 0.254528125 0.3369140625 0.2535484375 0.365234375 0.26480625 0.3779296875 0.26774375 0.4033203125 0.2726375 0.4384765625 0.2775328125 0.4697265625 0.28683281250000003 0.4892578125 0.29955937499999996 0.4951171875 0.31179687500000003 0.484375 0.322565625 0.4638671875 0.3157125 0.43359375 0.3083703125 0.40625
0 0.37445 0.4130859375 0.3666171875 0.3876953125 0.356828125 0.373046875 0.34997500000000004 0.3427734375 0.3372484375 0.31640625 0.325990625 0.296875 0.3137546875 0.2763671875 0.29417499999999996 0.2822265625 0.2804703125 0.3037109375 0.2750859375 0.3291015625 0.2883015625 0.345703125 0.29955937499999996 0.37109375 0.307390625 0.3955078125 0.3157125 0.4306640625 0.31962812500000004 0.46484375 0.3362703125 0.458984375 0.3529125 0.4521484375 0.3710234375 0.4365234375 0.37445 0.4130859375
7 0.49681875 0.2431640625 0.4919234375 0.2099609375 0.47919687499999997 0.1982421875 0.48409218750000005 0.23828125 0.48800781249999997 0.2734375 0.4919234375 0.3125 0.49388125 0.349609375 0.49779687499999997 0.3779296875 0.5080765625 0.373046875 0.5056296875 0.3330078125 0.50318125 0.3046875 0.4997546875 0.2744140625 0.49681875 0.2431640625
8 0.5188453125 0.2607421875 0.5144390624999999 0.2333984375 0.5110125 0.205078125 0.49535 0.1982421875 0.4982875 0.23046875 0.5007343750000001 0.265625 0.50465 0.3046875 0.507096875 0.3427734375 0.5105234375000001 0.3828125 0.5261875 0.373046875 0.5237390625 0.3369140625 0.5212921875000001 0.314453125 0.520803125 0.291015625 0.5188453125 0.2607421875
6 0.4850703125 0.3017578125 0.4816453125 0.2685546875 0.47528125 0.2236328125 0.46891875 0.1875 0.45863906249999997 0.1669921875 0.45863906249999997 0.1953125 0.46255468750000006 0.23046875 0.4664703125 0.2607421875 0.4703859375 0.2919921875 0.4738125 0.3369140625 0.4738125 0.3671875 0.4831125 0.3779296875 0.49388125 0.3623046875 0.48800781249999997 0.330078125 0.4850703125 0.3017578125
5 0.4703859375 0.3173828125 0.46745000000000003 0.2939453125 0.462065625 0.26171875 0.45472343750000005 0.236328125 0.4493390625 0.2080078125 0.440528125 0.177734375 0.4307390625 0.1640625 0.4307390625 0.1923828125 0.434165625 0.2158203125 0.43955 0.244140625 0.44101875 0.26953125 0.44444375 0.3076171875 0.44836093750000006 0.33984375 0.4508078125 0.373046875 0.46255468750000006 0.37109375 0.47430312499999994 0.3564453125 0.4703859375 0.3173828125
9 0.54038125 0.294921875 0.5389140625 0.2666015625 0.534996875 0.23828125 0.5296140625 0.203125 0.5183546875 0.1904296875 0.5168874999999999 0.22265625 0.5198234375 0.2490234375 0.522271875 0.291015625 0.52325 0.3193359375 0.5261875 0.3583984375 0.53108125 0.3828125 0.5438078125 0.375 0.5438078125 0.341796875 0.5423390625 0.322265625 0.54038125 0.294921875
10 0.5692609375 0.3447265625 0.5692609375 0.322265625 0.5707296875 0.2939453125 0.56828125 0.2587890625 0.564365625 0.22265625 0.55898125 0.1943359375 0.5506609375 0.1650390625 0.5389140625 0.162109375 0.5423390625 0.1923828125 0.54038125 0.21484375 0.5428296875 0.2509765625 0.5413609375 0.2890625 0.54038125 0.3330078125 0.5413609375 0.3681640625 0.550171875 0.3955078125 0.5628984375 0.3935546875 0.56828125 0.3681640625 0.5692609375 0.3447265625
11 0.59765 0.2685546875 0.5971609375 0.24609375 0.6010765625000001 0.2158203125 0.603525 0.1826171875 0.592265625 0.154296875 0.5863921875 0.1669921875 0.582965625 0.1962890625 0.5810078125 0.2060546875 0.5756234375 0.236328125 0.5756234375 0.255859375 0.5746453125000001 0.3037109375 0.5721984375 0.33984375 0.5741562499999999 0.3701171875 0.585903125 0.3759765625 0.593734375 0.35546875 0.59765 0.32421875 0.5971609375 0.294921875 0.59765 0.2685546875
12 0.6240828125 0.396484375 0.623103125 0.365234375 0.623103125 0.3330078125 0.6240828125 0.298828125 0.623103125 0.265625 0.623103125 0.228515625 0.62065625 0.1982421875 0.6113562499999999 0.1826171875 0.605971875 0.2099609375 0.6040140625 0.2333984375 0.5996078125000001 0.2666015625 0.5986296875 0.3017578125 0.595203125 0.3271484375 0.5912875 0.365234375 0.58981875 0.3857421875 0.5996078125000001 0.408203125 0.612334375 0.416015625 0.6240828125 0.396484375
15 0.658834375 0.443359375 0.668625 0.42578125 0.674009375 0.390625 0.6877140625 0.36328125 0.698971875 0.3447265625 0.7121875 0.31640625 0.7224671875 0.2861328125 0.703378125 0.2685546875 0.68281875 0.2509765625 0.6647093749999999 0.2666015625 0.651003125 0.2890625 0.640725 0.3173828125 0.6289765625 0.3447265625 0.6142921875 0.375 0.6113562499999999 0.4013671875 0.6191875 0.431640625 0.6382765625 0.4365234375 0.658834375 0.443359375
16 0.7479203125 0.373046875 0.75379375 0.3349609375 0.7400875 0.33203125 0.7249140625 0.3271484375 0.708271875 0.3369140625 0.6930984375 0.36328125 0.677925 0.3935546875 0.6676453125 0.4208984375 0.6647093749999999 0.4541015625 0.6759671875000001 0.474609375 0.6955453125 0.494140625 0.7092515625 0.4775390625 0.716103125 0.4384765625 0.724425 0.408203125 0.734703125 0.3828125 0.7479203125 0.373046875
13 0.6343609375 0.6123046875 0.6470875 0.658203125 0.66715625 0.62890625 0.6637296874999999 0.5634765625 0.6627515625 0.525390625 0.6627515625 0.505859375 0.6627515625 0.47265625 0.6573671875 0.443359375 0.6421921875 0.4384765625 0.631425 0.443359375 0.6294671875 0.482421875 0.6294671875 0.509765625 0.6304453125 0.5478515625 0.6328921875 0.583984375 0.6343609375 0.6123046875
2 0.668625 0.56640625 0.6754765625 0.5908203125 0.68281875 0.6220703125 0.6945671875 0.619140625 0.705825 0.5986328125 0.70729375 0.568359375 0.7053359375 0.533203125 0.6994609374999999 0.505859375 0.6955453125 0.4775390625 0.6901609375 0.44921875 0.67645625 0.4462890625 0.6651984375 0.451171875 0.6647093749999999 0.484375 0.6651984375 0.505859375 0.66715625 0.5478515625 0.668625 0.56640625