2 0.7041015625 0.33639375 0.7109375 0.326134375 0.685546875 0.308315625 0.66796875 0.2915765625 0.70703125 0.30453593749999996 0.7275390625 0.29319687499999997 0.703125 0.2829375 0.6796875 0.26403906250000003 0.662109375 0.24945937499999998 0.6298828125 0.24567968750000002 0.6025390625 0.24945937499999998 0.591796875 0.26403906250000003 0.5615234375 0.27483749999999996 0.578125 0.2910359375 0.61328125 0.30453593749999996 0.642578125 0.312634375 0.67578125 0.323434375 0.7041015625 0.33639375
31 0.77734375 0.250540625 0.7607421875 0.24028125 0.73046875 0.23704062499999998 0.7060546875 0.24567968750000002 0.6826171875 0.250540625 0.681640625 0.267278125 0.697265625 0.278078125 0.72265625 0.2883375 0.7548828125 0.2942765625 0.7890625 0.2883375 0.8017578125 0.2688984375 0.77734375 0.250540625
30 0.5888671875 0.6025921875 0.6181640625 0.606371875 0.6494140625 0.61123125 0.6826171875 0.6106906249999999 0.669921875 0.5961125 0.6376953125 0.5858531250000001 0.6044921875 0.578834375 0.5732421875 0.570734375 0.55078125 0.5620953125 0.5185546875 0.555075 0.490234375 0.5620953125 0.4716796875 0.5718140625 0.482421875 0.5858531250000001 0.5009765625 0.593953125 0.5341796875 0.5988125 0.5673828125 0.600971875 0.5888671875 0.6025921875
29 0.5029296875 0.55075625 0.4755859375 0.5475156250000001 0.44140625 0.5437359374999999 0.4150390625 0.540496875 0.384765625 0.5415765625 0.3623046875 0.54535625 0.359375 0.5593953125 0.3876953125 0.57289375 0.4140625 0.577753125 0.4482421875 0.5745140625 0.4697265625 0.5745140625 0.4931640625 0.563715625 0.5029296875 0.55075625
23 0.599609375 0.6349890625 0.6376953125 0.6409281250000001 0.6298828125 0.6274296875 0.5849609375 0.61825 0.5546875 0.6106906249999999 0.521484375 0.6025921875 0.5 0.5944921875 0.4716796875 0.5961125 0.4541015625 0.61123125 0.4453125 0.625809375 0.466796875 0.63445 0.4931640625 0.636609375 0.5263671875 0.6328296875 0.55859375 0.63336875 0.599609375 0.6349890625
23 0.4296875 0.5853125 0.4052734375 0.58099375 0.37890625 0.576134375 0.357421875 0.5863937499999999 0.3515625 0.6047515625 0.3681640625 0.6177109375 0.3935546875 0.61663125 0.4296875 0.61123125 0.4521484375 0.6042109375 0.4755859375 0.5923328125 0.4580078125 0.5853125 0.4296875 0.5853125
25 0.630859375 0.671165625 0.62109375 0.6463281249999999 0.5859375 0.6398484375 0.55859375 0.6328296875 0.5341796875 0.6301296875 0.51171875 0.63175 0.505859375 0.64146875 0.484375 0.6463281249999999 0.478515625 0.6565875 0.490234375 0.6727859375 0.5146484375 0.671165625 0.564453125 0.67170625 0.5908203125 0.6700859375 0.630859375 0.671165625
25 0.4697265625 0.6511875 0.49609375 0.6409281250000001 0.4736328125 0.6393093750000001 0.4521484375 0.63336875 0.43359375 0.631209375 0.4150390625 0.6376890625 0.392578125 0.6463281249999999 0.3974609375 0.6582078124999999 0.4150390625 0.6776453124999999 0.4443359375 0.6803453125 0.46875 0.6765656250000001 0.48828125 0.6733265625 0.4697265625 0.6630671875 0.4697265625 0.6511875
26 0.5283203125 0.7186828125 0.55859375 0.7132828124999999 0.580078125 0.7105828125 0.599609375 0.706803125 0.6044921875 0.6906046875 0.5849609375 0.6749453125 0.5458984375 0.673865625 0.517578125 0.6733265625 0.4912109375 0.6749453125 0.466796875 0.67710625 0.4384765625 0.681965625 0.421875 0.6933046875 0.43359375 0.7057234375 0.4453125 0.7186828125 0.4599609375 0.7311015624999999 0.4873046875 0.73218125 0.5146484375 0.7284015625 0.5283203125 0.7186828125
27 0.6650390625 0.7338015625 0.66796875 0.714903125 0.6298828125 0.7041031249999999 0.5966796875 0.71004375 0.564453125 0.7116625 0.5341796875 0.7159828125 0.515625 0.7235421875 0.5126953125 0.737040625 0.5263671875 0.7483796875000001 0.5458984375 0.757559375 0.5673828125 0.7624187499999999 0.5908203125 0.7624187499999999 0.6181640625 0.7543203125 0.6455078125 0.7462203125 0.6650390625 0.7338015625
28 0.38671875 0.7942765625 0.3681640625 0.802915625 0.3603515625 0.8180343750000001 0.3759765625 0.8315328125000001 0.3955078125 0.8401734375000001 0.435546875 0.838553125 0.462890625 0.8347734375 0.4853515625 0.8277531249999999 0.5 0.8164140625 0.48828125 0.8007562500000001 0.4599609375 0.793196875 0.435546875 0.7845578125 0.4091796875 0.7861765625 0.38671875 0.7942765625
0 0.4296875 0.7462203125 0.412109375 0.7359609375 0.3876953125 0.7289421875000001 0.357421875 0.7338015625 0.337890625 0.745140625 0.3212890625 0.7559390625 0.29296875 0.7721375 0.275390625 0.782396875 0.271484375 0.7926562500000001 0.3046875 0.7980562499999999 0.3212890625 0.7840171875 0.3486328125 0.7829375 0.34375 0.7975156250000001 0.326171875 0.8099359375 0.3349609375 0.8218140625 0.3603515625 0.8142546875000001 0.37890625 0.8045359375000001 0.40234375 0.7980562499999999 0.4306640625 0.78995625 0.4541015625 0.7813171875 0.453125 0.7634984375 0.4296875 0.7462203125
1 0.3515625 0.7392015625 0.3876953125 0.7338015625 0.419921875 0.7289421875000001 0.435546875 0.717603125 0.435546875 0.7019437500000001 0.421875 0.6900640625000001 0.419921875 0.6781859375 0.40625 0.66630625 0.3896484375 0.6598265624999999 0.3603515625 0.6646875 0.3388671875 0.6749453125 0.318359375 0.6852046875 0.29296875 0.691684375 0.2666015625 0.694925 0.244140625 0.7035640625 0.228515625 0.7154421875 0.2099609375 0.7240828125000001 0.2265625 0.737040625 0.2470703125 0.7289421875000001 0.2724609375 0.7219218749999999 0.3056640625 0.7154421875 0.326171875 0.7235421875 0.30859375 0.73218125 0.2841796875 0.7375812500000001 0.2666015625 0.745140625 0.248046875 0.7586390625 0.26953125 0.757559375 0.3017578125 0.752159375 0.326171875 0.745140625 0.3515625 0.7392015625
3 0.265625 0.64146875 0.2509765625 0.651728125 0.2236328125 0.6619875000000001 0.2041015625 0.6684671875 0.185546875 0.673865625 0.162109375 0.686284375 0.2685546875 0.6636062500000001 0.185546875 0.6884453125000001 0.255859375 0.673865625 0.185546875 0.6987046875 0.216796875 0.694925 0.2470703125 0.6884453125000001 0.2802734375 0.6814250000000001 0.3173828125 0.673865625 0.337890625 0.66630625 0.3359375 0.6511875 0.32421875 0.63445 0.283203125 0.63175 0.265625 0.64146875
3 0.3720703125 0.61393125 0.353515625 0.607990625 0.3291015625 0.61663125 0.3076171875 0.625809375 0.3291015625 0.63175 0.337890625 0.6447078125 0.341796875 0.6592875 0.3330078125 0.6727859375 0.353515625 0.6727859375 0.3701171875 0.6700859375 0.3955078125 0.66630625 0.392578125 0.6511875 0.3837890625 0.6393093750000001 0.373046875 0.6274296875 0.3720703125 0.61393125
4 0.3017578125 0.58369375 0.275390625 0.5880124999999999 0.25390625 0.593953125 0.232421875 0.5977328125 0.201171875 0.6025921875 0.1689453125 0.6128515625000001 0.1552734375 0.6220296875 0.1279296875 0.6349890625 0.158203125 0.63445 0.1904296875 0.6301296875 0.220703125 0.6279703125 0.25 0.6274296875 0.287109375 0.6295890625 0.3173828125 0.62635 0.3330078125 0.6128515625000001 0.33203125 0.6025921875 0.3212890625 0.5923328125 0.3017578125 0.58369375
5 0.25 0.5604750000000001 0.2314453125 0.5718140625 0.2041015625 0.5793734374999999 0.173828125 0.5853125 0.142578125 0.5826140625 0.16796875 0.5993515625 0.1923828125 0.5988125 0.2236328125 0.5944921875 0.255859375 0.5912531249999999 0.283203125 0.5874734375 0.3173828125 0.5793734374999999 0.3388671875 0.5685749999999999 0.3232421875 0.557775 0.298828125 0.5518359375 0.271484375 0.5469765625 0.25 0.5604750000000001
6 0.2900390625 0.52051875 0.265625 0.5232187500000001 0.23828125 0.5232187500000001 0.2138671875 0.5215984375 0.1904296875 0.517278125 0.1796875 0.5286171875 0.1923828125 0.5415765625 0.21484375 0.5437359374999999 0.2421875 0.54535625 0.2724609375 0.5475156250000001 0.298828125 0.548596875 0.3349609375 0.5523765625 0.3486328125 0.5388765624999999 0.3408203125 0.52051875 0.3173828125 0.5183578125 0.2900390625 0.52051875
7 0.26953125 0.49298125 0.244140625 0.4935203125 0.22265625 0.4913609375 0.189453125 0.4881203125 0.1708984375 0.49622031250000004 0.1826171875 0.50971875 0.21484375 0.514578125 0.2421875 0.5167390625 0.275390625 0.5183578125 0.2998046875 0.52051875 0.326171875 0.5221375 0.330078125 0.50971875 0.32421875 0.495140625 0.2939453125 0.49298125 0.26953125 0.49298125
8 0.29296875 0.46652343749999997 0.2587890625 0.46490312500000003 0.2314453125 0.46490312500000003 0.19921875 0.46274375 0.18359375 0.47300156250000003 0.2041015625 0.47948124999999997 0.228515625 0.482721875 0.2587890625 0.4865015625 0.28125 0.48974062500000004 0.30859375 0.4935203125 0.3408203125 0.497840625 0.345703125 0.4865015625 0.34765625 0.469221875 0.3173828125 0.46652343749999997 0.29296875 0.46652343749999997
9 0.3046875 0.434125 0.275390625 0.43628437499999995 0.244140625 0.434125 0.2197265625 0.43628437499999995 0.1904296875 0.43574531250000004 0.1904296875 0.44924375000000005 0.2138671875 0.4530234375 0.23828125 0.456803125 0.2783203125 0.4616625 0.302734375 0.46598281249999995 0.3330078125 0.46652343749999997 0.361328125 0.4654421875 0.36328125 0.44924375000000005 0.3544921875 0.43628437499999995 0.330078125 0.4330453125 0.3046875 0.434125
10 0.341796875 0.4006484375 0.3115234375 0.3952484375 0.27734375 0.38930937499999996 0.2451171875 0.3849890625 0.2138671875 0.37850937500000004 0.185546875 0.3752703125 0.201171875 0.38930937499999996 0.2392578125 0.39956875 0.2900390625 0.41414687499999997 0.2470703125 0.41090781249999997 0.2041015625 0.4022671875 0.2236328125 0.41630625 0.255859375 0.42548593749999997 0.275390625 0.4330453125 0.298828125 0.44060468750000004 0.32421875 0.437365625 0.3447265625 0.42710625 0.3603515625 0.41630625 0.341796875 0.4006484375
11 0.31640625 0.3569109375 0.2802734375 0.35205156249999997 0.2392578125 0.35043125 0.2021484375 0.3515125 0.1806640625 0.35043125 0.166015625 0.36555 0.2099609375 0.3774296875 0.23828125 0.3801296875 0.2724609375 0.392009375 0.30859375 0.4006484375 0.337890625 0.40280781250000003 0.36328125 0.4006484375 0.384765625 0.392009375 0.369140625 0.3677109375 0.341796875 0.36069062500000004 0.31640625 0.3569109375
12 0.36328125 0.33369375 0.369140625 0.318575 0.3359375 0.30615625 0.314453125 0.300215625 0.287109375 0.2910359375 0.259765625 0.2775375 0.2236328125 0.272678125 0.2744140625 0.30453593749999996 0.30859375 0.31965468750000003 0.2890625 0.32289375 0.212890625 0.287796875 0.216796875 0.300215625 0.2421875 0.312634375 0.2666015625 0.3245140625 0.283203125 0.33639375 0.296875 0.3488125 0.3212890625 0.36069062500000004 0.3515625 0.3547515625 0.36328125 0.33369375
12 0.421875 0.328834375 0.4033203125 0.318034375 0.3779296875 0.3169546875 0.3759765625 0.328834375 0.3681640625 0.345571875 0.3603515625 0.3574515625 0.34375 0.3601515625 0.3486328125 0.3725703125 0.357421875 0.383909375 0.3779296875 0.38606875 0.3994140625 0.3801296875 0.4111328125 0.36339062499999997 0.4150390625 0.3471921875 0.421875 0.328834375
13 0.5615234375 0.3450328125 0.58203125 0.3396328125 0.6123046875 0.3450328125 0.6494140625 0.3434125 0.6455078125 0.32829375 0.6396484375 0.30993593750000004 0.603515625 0.30183593750000004 0.578125 0.29265625 0.548828125 0.278078125 0.5234375 0.27483749999999996 0.490234375 0.272678125 0.4931640625 0.2910359375 0.4736328125 0.29481718749999997 0.4658203125 0.311015625 0.482421875 0.3266734375 0.509765625 0.3396328125 0.52734375 0.3498921875 0.5615234375 0.3450328125
14 0.40234375 0.330453125 0.4306640625 0.33369375 0.4541015625 0.3250546875 0.4599609375 0.30615625 0.46875 0.2915765625 0.4736328125 0.27321875 0.4697265625 0.26241875000000003 0.435546875 0.2564796875 0.4033203125 0.252159375 0.3720703125 0.2413609375 0.3486328125 0.2311015625 0.326171875 0.2240828125 0.2998046875 0.21922187499999998 0.2890625 0.2305609375 0.3203125 0.24567968750000002 0.3505859375 0.264578125 0.32421875 0.269978125 0.2958984375 0.2559390625 0.2646484375 0.24028125 0.2529296875 0.25270000000000004 0.2802734375 0.2742984375 0.3056640625 0.2883375 0.33203125 0.300215625 0.3564453125 0.3093953125 0.3818359375 0.318575 0.40234375 0.330453125
15 0.4794921875 0.2311015625 0.5009765625 0.22354218750000002 0.4912109375 0.202484375 0.4736328125 0.191684375 0.43359375 0.1781859375 0.4111328125 0.16630625000000002 0.392578125 0.1511875 0.3681640625 0.1603671875 0.3935546875 0.181425 0.373046875 0.18844531250000002 0.34375 0.1630671875 0.32421875 0.17980625 0.345703125 0.20194375 0.3623046875 0.2224625 0.3837890625 0.23596093749999997 0.40234375 0.2543203125 0.4267578125 0.2607984375 0.44921875 0.252159375 0.46875 0.24244062500000002 0.4794921875 0.2311015625
16 0.4736328125 0.1533484375 0.44140625 0.1598265625 0.423828125 0.154428125 0.421875 0.16900625 0.43359375 0.187365625 0.451171875 0.19546406249999998 0.47265625 0.19060468749999998 0.49609375 0.187365625 0.52734375 0.18034531250000002 0.5478515625 0.16630625000000002 0.5390625 0.143628125 0.51171875 0.13120937500000002 0.4931640625 0.143628125 0.4736328125 0.1533484375
17 0.6943359375 0.3774296875 0.6826171875 0.36339062499999997 0.6318359375 0.3552921875 0.6025390625 0.348271875 0.5732421875 0.3417921875 0.5341796875 0.3498921875 0.5234375 0.36339062499999997 0.525390625 0.3747296875 0.5546875 0.3925484375 0.576171875 0.39686875 0.61328125 0.3952484375 0.640625 0.392009375 0.669921875 0.3903890625 0.6943359375 0.3774296875
17 0.5390625 0.3401734375 0.5185546875 0.3396328125 0.494140625 0.33207343749999996 0.4716796875 0.3218140625 0.447265625 0.326134375 0.4326171875 0.3396328125 0.435546875 0.3552921875 0.4453125 0.374190625 0.47265625 0.3855296875 0.4970703125 0.38336875 0.5234375 0.3774296875 0.517578125 0.36177031249999997 0.5390625 0.3401734375
18 0.630859375 0.41198750000000006 0.6796875 0.4103671875 0.6640625 0.3876890625 0.6240234375 0.3855296875 0.58203125 0.3822890625 0.54296875 0.3774296875 0.5087890625 0.37365 0.4814453125 0.3725703125 0.4599609375 0.37850937500000004 0.4521484375 0.3957890625 0.482421875 0.41792656250000004 0.5146484375 0.41630625 0.5556640625 0.4076671875 0.587890625 0.41252656249999997 0.630859375 0.41198750000000006
18 0.44921875 0.41090781249999997 0.4765625 0.41360625000000006 0.44921875 0.393628125 0.4609375 0.38175 0.4814453125 0.3720296875 0.45703125 0.36393125 0.43359375 0.3704109375 0.4169921875 0.3871484375 0.43359375 0.40496718749999994 0.44921875 0.41090781249999997
19 0.630859375 0.44114531250000005 0.6552734375 0.43574531250000004 0.68359375 0.4325046875 0.71875 0.4276453125 0.7099609375 0.41360625000000006 0.66796875 0.41900624999999997 0.6337890625 0.41792656250000004 0.5908203125 0.4157671875 0.560546875 0.41198750000000006 0.5234375 0.408746875 0.4990234375 0.41630625 0.47265625 0.4330453125 0.482421875 0.4508640625 0.521484375 0.4557234375 0.5615234375 0.4530234375 0.59765625 0.4476234375 0.630859375 0.44114531250000005
19 0.4912109375 0.41900624999999997 0.4755859375 0.4076671875 0.4423828125 0.39956875 0.4150390625 0.3974078125 0.3935546875 0.40604687500000003 0.3935546875 0.4173859375 0.40234375 0.4330453125 0.4248046875 0.43466562499999994 0.447265625 0.4330453125 0.4755859375 0.42980625000000006 0.4912109375 0.41900624999999997
20 0.4990234375 0.47948124999999997 0.533203125 0.480021875 0.533203125 0.45842343750000003 0.509765625 0.449784375 0.4912109375 0.44330468749999996 0.462890625 0.43628437499999995 0.439453125 0.434125 0.4111328125 0.439525 0.390625 0.449784375 0.3876953125 0.4632828125 0.4326171875 0.4697625 0.466796875 0.4751625 0.4990234375 0.47948124999999997
21 0.703125 0.469221875 0.72265625 0.4562640625 0.689453125 0.4460046875 0.6591796875 0.4460046875 0.619140625 0.45248437499999994 0.587890625 0.4530234375 0.5556640625 0.46274375 0.5390625 0.4713828125 0.5576171875 0.4865015625 0.572265625 0.5016203124999999 0.6005859375 0.5 0.630859375 0.49298125 0.6591796875 0.4881203125 0.6826171875 0.48110156249999997 0.703125 0.469221875
22 0.5556640625 0.5566953125 0.5859375 0.5674953125 0.6103515625 0.576134375 0.6376953125 0.5842328125 0.662109375 0.5842328125 0.6484375 0.5593953125 0.626953125 0.5421171874999999 0.6181640625 0.5291578125 0.5966796875 0.5188984375000001 0.572265625 0.5064796874999999 0.544921875 0.5 0.5234375 0.497840625 0.50390625 0.504859375 0.4912109375 0.515659375 0.478515625 0.5318578125 0.4990234375 0.5442765625 0.5263671875 0.5491359375 0.5556640625 0.5566953125