2 0.7041015625 0.6636062500000001 0.67578125 0.6765656250000001 0.642578125 0.687365625 0.61328125 0.6954640624999999 0.578125 0.7089640625 0.5615234375 0.7251624999999999 0.591796875 0.7359609375 0.6025390625 0.750540625 0.6298828125 0.7543203125 0.662109375 0.750540625 0.6796875 0.7359609375 0.703125 0.7170625 0.7275390625 0.706803125 0.70703125 0.6954640624999999 0.66796875 0.7084234375 0.685546875 0.691684375 0.7109375 0.673865625 0.7041015625 0.6636062500000001
31 0.681640625 0.732721875 0.6826171875 0.749459375 0.7060546875 0.7543203125 0.73046875 0.762959375 0.7607421875 0.75971875 0.77734375 0.749459375 0.8017578125 0.7311015624999999 0.7890625 0.7116625 0.7548828125 0.7057234375 0.72265625 0.7116625 0.697265625 0.7219218749999999 0.681640625 0.732721875
30 0.5673828125 0.39902812499999996 0.5341796875 0.4011875 0.5009765625 0.40604687500000003 0.482421875 0.41414687499999997 0.4716796875 0.4281859375 0.490234375 0.4379046875 0.5185546875 0.444925 0.55078125 0.4379046875 0.5732421875 0.42926562500000004 0.6044921875 0.421165625 0.6376953125 0.41414687499999997 0.669921875 0.4038875 0.6826171875 0.38930937499999996 0.6494140625 0.38876875 0.6181640625 0.393628125 0.5888671875 0.3974078125 0.5673828125 0.39902812499999996
29 0.3876953125 0.42710625 0.359375 0.44060468750000004 0.3623046875 0.45464374999999996 0.384765625 0.45842343750000003 0.4150390625 0.459503125 0.44140625 0.4562640625 0.4755859375 0.45248437499999994 0.5029296875 0.44924375000000005 0.4931640625 0.43628437499999995 0.4697265625 0.42548593749999997 0.4482421875 0.42548593749999997 0.4140625 0.422246875 0.3876953125 0.42710625
23 0.4931640625 0.36339062499999997 0.466796875 0.36555 0.4453125 0.374190625 0.4541015625 0.38876875 0.4716796875 0.4038875 0.5 0.40550781249999995 0.521484375 0.3974078125 0.5546875 0.38930937499999996 0.5849609375 0.38175 0.6298828125 0.3725703125 0.6376953125 0.35907187500000004 0.599609375 0.3650109375 0.55859375 0.36663125 0.5263671875 0.3671703125 0.4931640625 0.36339062499999997
23 0.3681640625 0.3822890625 0.3515625 0.3952484375 0.357421875 0.41360625000000006 0.37890625 0.423865625 0.4052734375 0.41900624999999997 0.4296875 0.4146875 0.4580078125 0.4146875 0.4755859375 0.4076671875 0.4521484375 0.3957890625 0.4296875 0.38876875 0.3935546875 0.38336875 0.3681640625 0.3822890625
25 0.490234375 0.3272140625 0.478515625 0.3434125 0.484375 0.35367187499999997 0.505859375 0.35853125 0.51171875 0.36825 0.5341796875 0.3698703125 0.55859375 0.3671703125 0.5859375 0.3601515625 0.62109375 0.35367187499999997 0.630859375 0.328834375 0.5908203125 0.3299140625 0.564453125 0.32829375 0.5146484375 0.328834375 0.490234375 0.3272140625
25 0.4443359375 0.31965468750000003 0.4150390625 0.32235468749999996 0.3974609375 0.3417921875 0.392578125 0.35367187499999997 0.4150390625 0.3623109375 0.43359375 0.36879062500000004 0.4521484375 0.36663125 0.4736328125 0.36069062500000004 0.49609375 0.35907187500000004 0.4697265625 0.3488125 0.4697265625 0.3369328125 0.48828125 0.3266734375 0.46875 0.323434375 0.4443359375 0.31965468750000003
26 0.5283203125 0.2813171875 0.5146484375 0.2715984375 0.4873046875 0.26781875 0.4599609375 0.2688984375 0.4453125 0.2813171875 0.43359375 0.2942765625 0.421875 0.3066953125 0.4384765625 0.318034375 0.466796875 0.32289375 0.4912109375 0.3250546875 0.517578125 0.3266734375 0.5458984375 0.326134375 0.5849609375 0.3250546875 0.6044921875 0.3093953125 0.599609375 0.29319687499999997 0.580078125 0.2894171875 0.55859375 0.28671718749999997 0.5283203125 0.2813171875
27 0.5908203125 0.23758125 0.5673828125 0.23758125 0.5458984375 0.24244062500000002 0.5263671875 0.2516203125 0.5126953125 0.262959375 0.515625 0.2764578125 0.5341796875 0.2840171875 0.564453125 0.2883375 0.5966796875 0.28995625 0.6298828125 0.295896875 0.66796875 0.28509687499999997 0.6650390625 0.2661984375 0.6455078125 0.2537796875 0.6181640625 0.24567968750000002 0.5908203125 0.23758125
28 0.48828125 0.19924375 0.5 0.18358593750000002 0.4853515625 0.172246875 0.462890625 0.1652265625 0.435546875 0.161446875 0.3955078125 0.1598265625 0.3759765625 0.1684671875 0.3603515625 0.181965625 0.3681640625 0.197084375 0.38671875 0.20572343750000002 0.4091796875 0.21382343750000002 0.435546875 0.21544218750000002 0.4599609375 0.20680312500000003 0.48828125 0.19924375
0 0.337890625 0.254859375 0.357421875 0.2661984375 0.3876953125 0.2710578125 0.412109375 0.26403906250000003 0.4296875 0.2537796875 0.453125 0.23650156249999998 0.4541015625 0.2186828125 0.4306640625 0.21004375 0.40234375 0.20194375 0.37890625 0.19546406249999998 0.3603515625 0.18574531249999998 0.3349609375 0.1781859375 0.326171875 0.19006406250000002 0.34375 0.202484375 0.3486328125 0.2170625 0.3212890625 0.2159828125 0.3046875 0.20194375 0.271484375 0.20734375 0.275390625 0.21760312499999998 0.29296875 0.2278625 0.3212890625 0.24406093750000002 0.337890625 0.254859375
1 0.29296875 0.308315625 0.318359375 0.3147953125 0.3388671875 0.3250546875 0.3603515625 0.3353125 0.3896484375 0.3401734375 0.40625 0.33369375 0.419921875 0.3218140625 0.421875 0.30993593750000004 0.435546875 0.29805625 0.435546875 0.282396875 0.419921875 0.2710578125 0.3876953125 0.2661984375 0.3515625 0.2607984375 0.326171875 0.254859375 0.3017578125 0.24784062499999998 0.26953125 0.24244062500000002 0.248046875 0.2413609375 0.2666015625 0.254859375 0.2841796875 0.26241875000000003 0.30859375 0.26781875 0.326171875 0.2764578125 0.3056640625 0.2845578125 0.2724609375 0.278078125 0.2470703125 0.2710578125 0.2265625 0.262959375 0.2099609375 0.2759171875 0.228515625 0.2845578125 0.244140625 0.29643593749999997 0.2666015625 0.305075 0.29296875 0.308315625
3 0.2509765625 0.348271875 0.265625 0.35853125 0.283203125 0.36825 0.32421875 0.36555 0.3359375 0.3488125 0.337890625 0.33369375 0.3173828125 0.326134375 0.2802734375 0.318575 0.2470703125 0.31155468750000004 0.216796875 0.305075 0.185546875 0.3012953125 0.255859375 0.326134375 0.185546875 0.31155468750000004 0.2685546875 0.33639375 0.162109375 0.313715625 0.185546875 0.326134375 0.2041015625 0.3315328125 0.2236328125 0.3380125 0.2509765625 0.348271875
3 0.392578125 0.3488125 0.3955078125 0.33369375 0.3701171875 0.3299140625 0.353515625 0.3272140625 0.3330078125 0.3272140625 0.341796875 0.34071250000000003 0.337890625 0.3552921875 0.3291015625 0.36825 0.3076171875 0.374190625 0.3291015625 0.38336875 0.353515625 0.392009375 0.3720703125 0.38606875 0.373046875 0.3725703125 0.3837890625 0.36069062500000004 0.392578125 0.3488125
4 0.3017578125 0.41630625 0.3212890625 0.4076671875 0.33203125 0.3974078125 0.3330078125 0.3871484375 0.3173828125 0.37365 0.287109375 0.3704109375 0.25 0.3725703125 0.220703125 0.3720296875 0.1904296875 0.3698703125 0.158203125 0.36555 0.1279296875 0.3650109375 0.1552734375 0.3779703125 0.1689453125 0.3871484375 0.201171875 0.3974078125 0.232421875 0.4022671875 0.25390625 0.40604687500000003 0.275390625 0.41198750000000006 0.3017578125 0.41630625
5 0.298828125 0.44816406249999996 0.3232421875 0.442225 0.3388671875 0.43142500000000006 0.3173828125 0.4206265625 0.283203125 0.41252656249999997 0.255859375 0.408746875 0.2236328125 0.40550781249999995 0.1923828125 0.4011875 0.16796875 0.4006484375 0.142578125 0.4173859375 0.173828125 0.4146875 0.2041015625 0.4206265625 0.2314453125 0.4281859375 0.25 0.439525 0.271484375 0.4530234375 0.298828125 0.44816406249999996
6 0.3408203125 0.47948124999999997 0.3486328125 0.46112343750000007 0.3349609375 0.4476234375 0.298828125 0.451403125 0.2724609375 0.45248437499999994 0.2421875 0.45464374999999996 0.21484375 0.4562640625 0.1923828125 0.45842343750000003 0.1796875 0.4713828125 0.1904296875 0.482721875 0.2138671875 0.47840156250000004 0.23828125 0.47678125 0.265625 0.47678125 0.2900390625 0.47948124999999997 0.3173828125 0.4816421875 0.3408203125 0.47948124999999997
7 0.330078125 0.49028124999999995 0.326171875 0.47786249999999997 0.2998046875 0.47948124999999997 0.275390625 0.4816421875 0.2421875 0.4832609375 0.21484375 0.485421875 0.1826171875 0.49028124999999995 0.1708984375 0.5037796875 0.189453125 0.5118796875 0.22265625 0.5086390625 0.244140625 0.5064796874999999 0.26953125 0.5070187500000001 0.2939453125 0.5070187500000001 0.32421875 0.504859375 0.330078125 0.49028124999999995
8 0.345703125 0.5134984375 0.3408203125 0.502159375 0.30859375 0.5064796874999999 0.28125 0.510259375 0.2587890625 0.5134984375 0.228515625 0.517278125 0.2041015625 0.52051875 0.18359375 0.5269984375 0.19921875 0.53725625 0.2314453125 0.535096875 0.2587890625 0.535096875 0.29296875 0.5334765625 0.3173828125 0.5334765625 0.34765625 0.530778125 0.345703125 0.5134984375
9 0.3544921875 0.563715625 0.36328125 0.55075625 0.361328125 0.5345578125 0.3330078125 0.5334765625 0.302734375 0.5340171875 0.2783203125 0.5383375 0.23828125 0.543196875 0.2138671875 0.5469765625 0.1904296875 0.55075625 0.1904296875 0.5642546875 0.2197265625 0.563715625 0.244140625 0.565875 0.275390625 0.563715625 0.3046875 0.565875 0.330078125 0.5669546875 0.3544921875 0.563715625
10 0.3115234375 0.6047515625 0.341796875 0.5993515625 0.3603515625 0.58369375 0.3447265625 0.57289375 0.32421875 0.562634375 0.298828125 0.5593953125 0.275390625 0.5669546875 0.255859375 0.5745140625 0.2236328125 0.58369375 0.2041015625 0.5977328125 0.2470703125 0.5890921875 0.2900390625 0.5858531250000001 0.2392578125 0.60043125 0.201171875 0.6106906249999999 0.185546875 0.6247296875 0.2138671875 0.6214906250000001 0.2451171875 0.6150109375 0.27734375 0.6106906249999999 0.3115234375 0.6047515625
11 0.369140625 0.6322890625 0.384765625 0.607990625 0.36328125 0.5993515625 0.337890625 0.5971921874999999 0.30859375 0.5993515625 0.2724609375 0.607990625 0.23828125 0.6198703125 0.2099609375 0.6225703125 0.166015625 0.63445 0.1806640625 0.64956875 0.2021484375 0.6484875 0.2392578125 0.64956875 0.2802734375 0.6479484375 0.31640625 0.6430890625 0.341796875 0.6393093750000001 0.369140625 0.6322890625
12 0.369140625 0.6814250000000001 0.36328125 0.66630625 0.3515625 0.6452484375 0.3212890625 0.6393093750000001 0.296875 0.6511875 0.283203125 0.6636062500000001 0.2666015625 0.6754859375 0.2421875 0.687365625 0.216796875 0.699784375 0.212890625 0.712203125 0.2890625 0.67710625 0.30859375 0.6803453125 0.2744140625 0.6954640624999999 0.2236328125 0.727321875 0.259765625 0.7224625 0.287109375 0.7089640625 0.314453125 0.699784375 0.3359375 0.69384375 0.369140625 0.6814250000000001
12 0.3779296875 0.61393125 0.357421875 0.616090625 0.3486328125 0.6274296875 0.34375 0.6398484375 0.3603515625 0.6425484375 0.3681640625 0.654428125 0.3759765625 0.671165625 0.3779296875 0.6830453125 0.4033203125 0.681965625 0.421875 0.671165625 0.4150390625 0.6528078125000001 0.4111328125 0.636609375 0.3994140625 0.6198703125 0.3779296875 0.61393125
13 0.5615234375 0.6549671874999999 0.52734375 0.6501078125 0.509765625 0.6603671875 0.482421875 0.6733265625 0.4658203125 0.688984375 0.4736328125 0.7051828125 0.4931640625 0.7089640625 0.490234375 0.727321875 0.5234375 0.7251624999999999 0.548828125 0.7219218749999999 0.578125 0.7073437499999999 0.603515625 0.6981640625 0.6396484375 0.6900640625000001 0.6455078125 0.67170625 0.6494140625 0.6565875 0.6123046875 0.6549671874999999 0.58203125 0.6603671875 0.5615234375 0.6549671874999999
14 0.4033203125 0.747840625 0.435546875 0.7435203125000001 0.4697265625 0.7375812500000001 0.4736328125 0.7267812499999999 0.46875 0.7084234375 0.4599609375 0.69384375 0.4541015625 0.6749453125 0.4306640625 0.66630625 0.40234375 0.669546875 0.3818359375 0.6814250000000001 0.3564453125 0.6906046875 0.33203125 0.699784375 0.3056640625 0.7116625 0.2802734375 0.7257015625000001 0.2529296875 0.7473 0.2646484375 0.75971875 0.2958984375 0.7440609375 0.32421875 0.730021875 0.3505859375 0.735421875 0.3203125 0.7543203125 0.2890625 0.7694390624999999 0.2998046875 0.780778125 0.326171875 0.7759171874999999 0.3486328125 0.7688984375000001 0.3720703125 0.7586390625 0.4033203125 0.747840625
15 0.4912109375 0.7975156250000001 0.5009765625 0.7764578125 0.4794921875 0.7688984375000001 0.46875 0.757559375 0.44921875 0.747840625 0.4267578125 0.7392015625 0.40234375 0.7456796875 0.3837890625 0.7640390625 0.3623046875 0.7775375 0.345703125 0.7980562499999999 0.32421875 0.8201937499999999 0.34375 0.8369328125 0.373046875 0.8115546874999999 0.3935546875 0.818575 0.3681640625 0.8396328125 0.392578125 0.8488125 0.4111328125 0.8336937499999999 0.43359375 0.8218140625 0.4736328125 0.808315625 0.4912109375 0.7975156250000001
16 0.5478515625 0.8336937499999999 0.52734375 0.8196546874999999 0.49609375 0.812634375 0.47265625 0.8093953125000001 0.451171875 0.8045359375000001 0.43359375 0.812634375 0.421875 0.83099375 0.423828125 0.8455718750000001 0.44140625 0.8401734375000001 0.4736328125 0.8466515625 0.4931640625 0.856371875 0.51171875 0.8687906249999999 0.5390625 0.856371875 0.5478515625 0.8336937499999999
17 0.576171875 0.60313125 0.5546875 0.6074515625 0.525390625 0.6252703125 0.5234375 0.636609375 0.5341796875 0.6501078125 0.5732421875 0.6582078124999999 0.6025390625 0.651728125 0.6318359375 0.6447078125 0.6826171875 0.636609375 0.6943359375 0.6225703125 0.669921875 0.6096109375000001 0.640625 0.607990625 0.61328125 0.6047515625 0.576171875 0.60313125
17 0.4453125 0.625809375 0.435546875 0.6447078125 0.4326171875 0.6603671875 0.447265625 0.673865625 0.4716796875 0.6781859375 0.494140625 0.6679265625 0.5185546875 0.6603671875 0.5390625 0.6598265624999999 0.517578125 0.6382296875 0.5234375 0.6225703125 0.4970703125 0.61663125 0.47265625 0.6144703125000001 0.4453125 0.625809375
18 0.5146484375 0.58369375 0.482421875 0.5820734375 0.4521484375 0.6042109375 0.4599609375 0.6214906250000001 0.4814453125 0.6274296875 0.5087890625 0.62635 0.54296875 0.6225703125 0.58203125 0.6177109375 0.6240234375 0.6144703125000001 0.6640625 0.6123109375 0.6796875 0.5896328125 0.630859375 0.5880124999999999 0.587890625 0.5874734375 0.5556640625 0.5923328125 0.5146484375 0.58369375
18 0.4765625 0.5863937499999999 0.44921875 0.5890921875 0.43359375 0.5950328125000001 0.4169921875 0.6128515625000001 0.43359375 0.6295890625 0.45703125 0.63606875 0.4814453125 0.6279703125 0.4609375 0.61825 0.44921875 0.606371875 0.4765625 0.5863937499999999
19 0.59765625 0.5523765625 0.5615234375 0.5469765625 0.521484375 0.5442765625 0.482421875 0.5491359375 0.47265625 0.5669546875 0.4990234375 0.58369375 0.5234375 0.5912531249999999 0.560546875 0.5880124999999999 0.5908203125 0.5842328125 0.6337890625 0.5820734375 0.66796875 0.58099375 0.7099609375 0.5863937499999999 0.71875 0.5723546875000001 0.68359375 0.5674953125 0.6552734375 0.5642546875 0.630859375 0.5588546875 0.59765625 0.5523765625
19 0.4150390625 0.6025921875 0.4423828125 0.60043125 0.4755859375 0.5923328125 0.4912109375 0.58099375 0.4755859375 0.5701937499999999 0.447265625 0.5669546875 0.4248046875 0.5653343750000001 0.40234375 0.5669546875 0.3935546875 0.5826140625 0.3935546875 0.593953125 0.4150390625 0.6025921875
20 0.4111328125 0.5604750000000001 0.439453125 0.565875 0.462890625 0.563715625 0.4912109375 0.5566953125 0.509765625 0.550215625 0.533203125 0.5415765625 0.533203125 0.519978125 0.4990234375 0.52051875 0.466796875 0.5248375000000001 0.4326171875 0.5302374999999999 0.3876953125 0.5367171875000001 0.390625 0.550215625 0.4111328125 0.5604750000000001
21 0.630859375 0.5070187500000001 0.6005859375 0.5 0.572265625 0.49837968750000006 0.5576171875 0.5134984375 0.5390625 0.5286171875 0.5556640625 0.53725625 0.587890625 0.5469765625 0.619140625 0.5475156250000001 0.6591796875 0.5539953125 0.689453125 0.5539953125 0.72265625 0.5437359374999999 0.703125 0.530778125 0.6826171875 0.5188984375000001 0.6591796875 0.5118796875 0.630859375 0.5070187500000001
22 0.5556640625 0.44330468749999996 0.5263671875 0.4508640625 0.4990234375 0.4557234375 0.478515625 0.4681421875 0.4912109375 0.484340625 0.50390625 0.495140625 0.5234375 0.502159375 0.544921875 0.5 0.572265625 0.4935203125 0.5966796875 0.48110156249999997 0.6181640625 0.4708421875 0.626953125 0.4578828125 0.6484375 0.44060468750000004 0.662109375 0.4157671875 0.6376953125 0.4157671875 0.6103515625 0.423865625 0.5859375 0.4325046875 0.5556640625 0.44330468749999996