31 0.7329734375 0.515625 0.730525 0.5546875 0.73934375 0.6337890625 0.7491421875000001 0.6884765625 0.7545328125 0.669921875 0.7609015625 0.5966796875 0.7609015625 0.5244140625 0.7466921875 0.513671875 0.7329734375 0.515625
20 0.5262125 0.3583984375 0.5208234375 0.39453125 0.5296421875 0.53125 0.5316015625 0.5966796875 0.5477703125 0.623046875 0.5531609375000001 0.4453125 0.5570796875 0.37109375 0.5467906250000001 0.3583984375 0.5262125 0.3583984375
21 0.5208234375 0.3662109375 0.5007343750000001 0.37109375 0.48750625000000003 0.375 0.48750625000000003 0.4091796875 0.501715625 0.4951171875 0.506125 0.5947265625 0.5227828125 0.60546875 0.5252328125 0.4990234375 0.5252328125 0.4521484375 0.5208234375 0.3662109375
22 0.469378125 0.392578125 0.46006875 0.4267578125 0.4728078125 0.5263671875 0.48995625 0.5927734375 0.498284375 0.583984375 0.49387499999999995 0.486328125 0.4889765625 0.423828125 0.48113593750000005 0.39453125 0.469378125 0.392578125
30 0.45125000000000004 0.416015625 0.4331203125 0.416015625 0.4243015625 0.439453125 0.4287109375 0.4951171875 0.44585937500000006 0.60546875 0.45320937499999997 0.6357421875 0.46496875 0.654296875 0.4674171875 0.48828125 0.4674171875 0.44140625 0.45125000000000004 0.416015625
27 0.284175 0.6181640625 0.2895640625 0.5869140625 0.2797640625 0.556640625 0.256246875 0.5654296875 0.2435078125 0.6103515625 0.23370937500000002 0.7041015625 0.23076875000000002 0.74609375 0.24154843750000002 0.767578125 0.2572265625 0.759765625 0.2778046875 0.6630859375 0.284175 0.6181640625
28 0.278784375 0.51171875 0.2915234375 0.4951171875 0.311121875 0.4501953125 0.288584375 0.416015625 0.27339531250000004 0.3984375 0.24693749999999998 0.3818359375 0.2072515625 0.3896484375 0.20921093750000003 0.4306640625 0.23370937500000002 0.4755859375 0.2660453125 0.5244140625 0.278784375 0.51171875
3 0.3782453125 0.443359375 0.4086234375 0.4345703125 0.41156249999999994 0.4033203125 0.3968640625 0.3623046875 0.379715625 0.2880859375 0.36795625 0.2470703125 0.3375796875 0.2470703125 0.3601171875 0.35546875 0.36795625 0.400390625 0.3782453125 0.443359375
4 0.3944140625 0.3388671875 0.40715312499999995 0.392578125 0.42675156249999996 0.3984375 0.43508125 0.375 0.4404703125 0.345703125 0.4179328125 0.2939453125 0.3998046875 0.2431640625 0.3924546875 0.216796875 0.379715625 0.2275390625 0.389025 0.2958984375 0.3944140625 0.3388671875
5 0.4448796875 0.3515625 0.4610484375 0.353515625 0.4639875 0.3115234375 0.4448796875 0.23828125 0.43508125 0.2041015625 0.41499218750000005 0.189453125 0.40519375 0.21484375 0.42675156249999996 0.2978515625 0.4448796875 0.3515625
6 0.485546875 0.25390625 0.47819687499999997 0.1982421875 0.4610484375 0.2001953125 0.4610484375 0.2900390625 0.4639875 0.3388671875 0.48015625 0.3388671875 0.491915625 0.326171875 0.485546875 0.25390625
7 0.498284375 0.216796875 0.48750625000000003 0.306640625 0.49289531249999996 0.34765625 0.5188640625 0.345703125 0.5090640625 0.259765625 0.5071046875 0.216796875 0.498284375 0.216796875
8 0.5316015625 0.193359375 0.5178828125 0.27734375 0.51004375 0.35546875 0.537971875 0.3408203125 0.5541406249999999 0.2216796875 0.5541406249999999 0.193359375 0.5316015625 0.193359375
9 0.5595296875 0.3427734375 0.5668796875 0.25390625 0.5732484375 0.193359375 0.55855 0.19140625 0.53993125 0.3408203125 0.5595296875 0.3427734375
10 0.60460625 0.2451171875 0.6119546875 0.1875 0.597746875 0.185546875 0.576678125 0.2490234375 0.5639390625 0.3349609375 0.5776578125 0.35546875 0.5913765625 0.3427734375 0.60460625 0.2451171875
11 0.6281234375 0.2197265625 0.6281234375 0.193359375 0.6139140624999999 0.1982421875 0.6001953125 0.3134765625 0.592846875 0.3515625 0.6055859375 0.376953125 0.6217546875 0.353515625 0.6281234375 0.2197265625
16 0.7084765625 0.3798828125 0.7104359375 0.4130859375 0.723175 0.4306640625 0.7383640625 0.4521484375 0.7501218749999999 0.4306640625 0.7746203125 0.396484375 0.7971578125 0.3603515625 0.7888296875 0.33203125 0.76923125 0.3173828125 0.73199375 0.3369140625 0.7084765625 0.3798828125