2 0.439453125 0.801271875 0.4814453125 0.7831625 0.4814453125 0.7586875 0.4560546875 0.7488984375000001 0.375 0.74449375 0.3134765625 0.7488984375000001 0.2900390625 0.764071875 0.3583984375 0.777778125 0.3837890625 0.7821828125 0.4091796875 0.79393125 0.439453125 0.801271875
13 0.515625 0.73519375 0.515625 0.7092515625 0.5009765625 0.6984828125 0.40234375 0.697503125 0.3408203125 0.701909375 0.30859375 0.7156140625 0.3134765625 0.7263828125 0.4111328125 0.73519375 0.4541015625 0.7513453125 0.4921875 0.757709375 0.515625 0.73519375
17 0.53125 0.6642187500000001 0.4921875 0.65785625 0.375 0.6642187500000001 0.3193359375 0.668625 0.3369140625 0.6784140625 0.439453125 0.6891828125 0.5048828125 0.697503125 0.533203125 0.697503125 0.5390625 0.6837984374999999 0.53125 0.6642187500000001
18 0.46484375 0.6182078125 0.3515625 0.632403125 0.3427734375 0.6470875 0.46875 0.6568765625 0.533203125 0.663240625 0.552734375 0.65491875 0.5498046875 0.6289765625 0.529296875 0.621634375 0.46484375 0.6182078125
19 0.3837890625 0.5956921875 0.30859375 0.6054828125 0.330078125 0.61625 0.447265625 0.626040625 0.5439453125 0.621634375 0.5712890625 0.6000984375 0.5478515625 0.5863921875 0.486328125 0.5863921875 0.3837890625 0.5956921875
20 0.353515625 0.5775812499999999 0.4921875 0.5839453125 0.556640625 0.5839453125 0.5732421875 0.5560453125 0.5546875 0.5477234375 0.4453125 0.5584921875 0.3662109375 0.5624078124999999 0.353515625 0.5775812499999999
21 0.55859375 0.5026921875 0.4794921875 0.5090546875 0.3818359375 0.51541875 0.3447265625 0.52178125 0.3388671875 0.531571875 0.447265625 0.54968125 0.5009765625 0.5477234375 0.5732421875 0.5477234375 0.576171875 0.5188453125 0.55859375 0.5026921875
22 0.5478515625 0.45863906249999997 0.46484375 0.4640234375 0.3876953125 0.4640234375 0.333984375 0.47821875 0.34765625 0.49094531249999995 0.4951171875 0.5017125 0.5634765625 0.50611875 0.580078125 0.48017656249999996 0.580078125 0.46940781249999997 0.5478515625 0.45863906249999997
30 0.4267578125 0.43514375000000005 0.375 0.4385703125 0.3662109375 0.4493390625 0.4970703125 0.45668125000000004 0.55859375 0.45961875 0.5654296875 0.43612343750000004 0.5439453125 0.4243765625 0.4951171875 0.42535468749999994 0.4267578125 0.43514375000000005
29 0.5673828125 0.41165 0.5673828125 0.392559375 0.5419921875 0.386196875 0.48828125 0.386196875 0.39453125 0.3901125 0.326171875 0.3901125 0.3212890625 0.40528593749999997 0.447265625 0.4180125 0.5263671875 0.42682343749999996 0.5634765625 0.42535468749999994 0.5673828125 0.41165
23 0.513671875 0.387175 0.537109375 0.386196875 0.5498046875 0.36368125 0.556640625 0.3548703125 0.533203125 0.34508125 0.4609375 0.3548703125 0.3818359375 0.364659375 0.3408203125 0.364659375 0.330078125 0.37934375 0.4267578125 0.37934375 0.4775390625 0.387175 0.513671875 0.387175
24 0.376953125 0.325990625 0.3388671875 0.3343125 0.330078125 0.34508125 0.4609375 0.34850781249999996 0.509765625 0.3494859375 0.5439453125 0.3387171875 0.5439453125 0.3162015625 0.4951171875 0.30788125 0.376953125 0.325990625
25 0.48828125 0.250121875 0.4326171875 0.260890625 0.376953125 0.278021875 0.330078125 0.2829171875 0.3369140625 0.303475 0.4609375 0.3108171875 0.5078125 0.3108171875 0.5185546875 0.2907484375 0.515625 0.270190625 0.48828125 0.250121875
26 0.4951171875 0.23152187500000002 0.4775390625 0.2094953125 0.4580078125 0.19970625 0.4267578125 0.19970625 0.361328125 0.22613750000000002 0.328125 0.239353125 0.310546875 0.24669531249999999 0.3818359375 0.259421875 0.44140625 0.2520796875 0.490234375 0.2520796875 0.4951171875 0.23152187500000002
0 0.576171875 0.214390625 0.5244140625 0.22760625 0.5205078125 0.247675 0.552734375 0.2711703125 0.5654296875 0.2819390625 0.607421875 0.28634375 0.6337890625 0.259421875 0.6552734375 0.24865468750000003 0.693359375 0.21145312500000002 0.67578125 0.1908953125 0.6572265625 0.183553125 0.607421875 0.20606874999999997 0.576171875 0.214390625
1 0.62890625 0.275575 0.556640625 0.2897703125 0.5634765625 0.3186484375 0.5908203125 0.34116562500000003 0.62890625 0.347528125 0.6865234375 0.31962812500000004 0.759765625 0.2990703125 0.7744140625 0.2657859375 0.716796875 0.291728125 0.6806640625 0.2936859375 0.7421875 0.24669531249999999 0.671875 0.26480625 0.62890625 0.275575
3 0.607421875 0.378365625 0.623046875 0.387175 0.6591796875 0.38277031250000004 0.697265625 0.35585 0.7744140625 0.336759375 0.80859375 0.32501250000000004 0.8154296875 0.3132640625 0.7294921875 0.32501250000000004 0.646484375 0.33773906249999996 0.6015625 0.347528125 0.607421875 0.378365625
4 0.6396484375 0.42045937499999997 0.6787109375 0.412628125 0.76171875 0.39451718750000003 0.8154296875 0.3764078125 0.80859375 0.358296875 0.7294921875 0.37298125 0.666015625 0.3773859375 0.60546875 0.38815468750000004 0.6181640625 0.40822343749999995 0.6396484375 0.42045937499999997
5 0.7763671875 0.41703437499999996 0.828125 0.39990156250000003 0.826171875 0.387175 0.7001953125 0.412628125 0.6162109375 0.423396875 0.6103515625 0.440528125 0.62890625 0.45472343750000005 0.6953125 0.44689218750000004 0.7763671875 0.41703437499999996
6 0.759765625 0.4811546875 0.783203125 0.4811546875 0.7685546875 0.46745000000000003 0.69140625 0.45766093750000003 0.64453125 0.4478703125 0.625 0.45961875 0.6181640625 0.4757703125 0.6787109375 0.48017656249999996 0.759765625 0.4811546875
7 0.76171875 0.48996562499999996 0.666015625 0.48213437499999995 0.6142578125 0.47821875 0.609375 0.50465 0.6826171875 0.50611875 0.744140625 0.50465 0.7744140625 0.5036703124999999 0.76171875 0.48996562499999996
8 0.6123046875 0.50611875 0.62109375 0.5281453125 0.693359375 0.5296140625 0.7685546875 0.5296140625 0.7578125 0.510034375 0.6826171875 0.50611875 0.6123046875 0.50611875
9 0.76171875 0.5389140625 0.6787109375 0.5335296875 0.6123046875 0.5305921875 0.599609375 0.5531078125 0.623046875 0.56045 0.7314453125 0.5575140625 0.7783203125 0.5560453125 0.76171875 0.5389140625
10 0.7529296875 0.6118453125000001 0.8134765625 0.61625 0.806640625 0.596671875 0.736328125 0.5746453125000001 0.6611328125 0.5560453125 0.623046875 0.565834375 0.623046875 0.5775812499999999 0.6396484375 0.5883499999999999 0.7529296875 0.6118453125000001
11 0.7958984375 0.6387671874999999 0.716796875 0.603525 0.626953125 0.5893296875 0.6142578125 0.6054828125 0.6142578125 0.62065625 0.6826171875 0.6289765625 0.744140625 0.6387671874999999 0.7958984375 0.6387671874999999
12 0.59765625 0.6558984375 0.6337890625 0.663240625 0.7763671875 0.691140625 0.826171875 0.7063140625 0.80859375 0.6867359375000001 0.720703125 0.6558984375 0.6787109375 0.635340625 0.6181640625 0.621634375 0.5947265625 0.63631875 0.59765625 0.6558984375
14 0.673828125 0.7146359375 0.7099609375 0.7126781249999999 0.7509765625 0.724425 0.7919921875 0.7371515625 0.744140625 0.7028875 0.6806640625 0.6813515625 0.6416015625 0.6676453125 0.607421875 0.6568765625 0.5888671875 0.6730296874999999 0.5673828125 0.6930984375 0.5634765625 0.7126781249999999 0.5927734375 0.7219781249999999 0.646484375 0.7307875 0.7060546875 0.757709375 0.7294921875 0.7650515625 0.7490234375 0.7650515625 0.7021484375 0.7327453125 0.673828125 0.7146359375
15 0.673828125 0.764071875 0.6337890625 0.7435140625 0.59765625 0.7273625 0.583984375 0.7180609375 0.5498046875 0.7146359375 0.5263671875 0.7405781250000001 0.51171875 0.764071875 0.556640625 0.77875625 0.6015625 0.784140625 0.6416015625 0.80665625 0.6845703125 0.8130203125 0.6845703125 0.789525 0.673828125 0.764071875