19 0.4345703125 0.574228125 0.3837890625 0.5884375000000001 0.4033203125 0.596765625 0.439453125 0.6001953125 0.4814453125 0.6001953125 0.5224609375 0.596765625 0.5693359375 0.596765625 0.5966796875 0.59480625 0.6123046875 0.584028125 0.5947265625 0.5756984375 0.5966796875 0.5668796875 0.5654296875 0.560509375 0.5244140625 0.5624687500000001 0.48828125 0.56491875 0.4345703125 0.574228125
20 0.3798828125 0.5712890625 0.4326171875 0.5668796875 0.466796875 0.5595296875 0.5048828125 0.54973125 0.533203125 0.544340625 0.5458984375 0.5360125 0.5478515625 0.5271921875000001 0.5419921875 0.5134734375 0.48828125 0.514453125 0.4541015625 0.5227828125 0.4130859375 0.5360125 0.373046875 0.5551203124999999 0.3798828125 0.5712890625
30 0.623046875 0.45125000000000004 0.6015625 0.43753125 0.41796875 0.44145 0.353515625 0.44292031249999997 0.3876953125 0.45859843749999996 0.490234375 0.4630078125 0.5546875 0.46496875 0.6123046875 0.4630078125 0.623046875 0.45125000000000004
24 0.39453125 0.391475 0.4072265625 0.3998046875 0.4951171875 0.391475 0.54296875 0.39735468749999997 0.583984375 0.39539375 0.603515625 0.370896875 0.5869140625 0.36060781249999996 0.5986328125 0.34688906249999996 0.5751953125 0.34051875 0.5341796875 0.34051875 0.486328125 0.354728125 0.4521484375 0.357178125 0.4111328125 0.36550781250000003 0.39453125 0.391475
3 0.5771484375 0.4042140625 0.609375 0.4174421875 0.654296875 0.409603125 0.720703125 0.403234375 0.7724609375 0.38510468750000004 0.7294921875 0.3718765625 0.6630859375 0.37530625 0.626953125 0.37432656249999996 0.60546875 0.3782453125 0.5947265625 0.389025 0.5771484375 0.4042140625
12 0.6142578125 0.59725625 0.5810546875 0.613425 0.5908203125 0.6246937499999999 0.599609375 0.6369421875 0.630859375 0.6354734375 0.6845703125 0.636453125 0.736328125 0.642821875 0.783203125 0.63204375 0.765625 0.6163640625 0.7333984375 0.6099953124999999 0.6806640625 0.6080359375 0.6416015625 0.6055859375 0.6142578125 0.59725625
15 0.6357421875 0.6903484375 0.6201171875 0.681528125 0.5849609375 0.6683 0.5576171875 0.670259375 0.5478515625 0.6849578125 0.5224609375 0.695246875 0.5048828125 0.7104359375 0.5283203125 0.7241546875 0.5693359375 0.7339546875 0.599609375 0.751103125 0.623046875 0.757471875 0.6591796875 0.7501218749999999 0.6826171875 0.7359140625 0.6826171875 0.7148453124999999 0.6572265625 0.7016171875 0.6357421875 0.6903484375
12 0.62890625 0.6923078125 0.654296875 0.7040671875 0.60546875 0.6761390625 0.62890625 0.6923078125
5 0.7041015625 0.4688875 0.736328125 0.45859843749999996 0.759765625 0.44683906249999994 0.794921875 0.43263125 0.79296875 0.4174421875 0.7548828125 0.4243015625 0.7294921875 0.430671875 0.6875 0.4399796875 0.65234375 0.44782031250000004 0.6171875 0.45761874999999996 0.5859375 0.4723171875 0.609375 0.48260625 0.638671875 0.47966718750000004 0.67578125 0.47525781250000004 0.7041015625 0.4688875
8 0.767578125 0.516903125 0.783203125 0.506125 0.7392578125 0.5041640625 0.69140625 0.506125 0.662109375 0.506125 0.6171875 0.5071046875 0.6044921875 0.516903125 0.626953125 0.5252328125 0.6728515625 0.5208234375 0.708984375 0.5183734375 0.7421875 0.51739375 0.767578125 0.516903125
9 0.7392578125 0.5360125 0.775390625 0.5286625 0.787109375 0.5188640625 0.7490234375 0.52229375 0.7119140625 0.52229375 0.6728515625 0.5232734375 0.6376953125 0.5252328125 0.6064453125 0.5296421875 0.6064453125 0.549240625 0.6396484375 0.549240625 0.6806640625 0.540421875 0.7119140625 0.5365015625 0.7392578125 0.5360125
0 0.544921875 0.26849531249999997 0.5751953125 0.2322390625 0.4951171875 0.28809375 0.544921875 0.26849531249999997
0 0.6376953125 0.24154843750000002 0.603515625 0.27192500000000003 0.603515625 0.25918593749999996 0.6015625 0.2454671875 0.59375 0.2327296875 0.5751953125 0.2346890625 0.546875 0.269965625 0.4931640625 0.28809375 0.505859375 0.3008328125 0.5283203125 0.3140625 0.54296875 0.3263109375 0.5537109375 0.3317 0.57421875 0.338559375 0.6015625 0.32925 0.6201171875 0.3067125 0.6591796875 0.27339531250000004 0.6591796875 0.2567375 0.6376953125 0.24154843750000002