19 0.4331203125 0.5966796875 0.439490625 0.5654296875 0.43753125 0.5244140625 0.43508125 0.48828125 0.425771875 0.4345703125 0.41156249999999994 0.3837890625 0.403234375 0.4033203125 0.3998046875 0.439453125 0.3998046875 0.4814453125 0.403234375 0.5224609375 0.403234375 0.5693359375 0.40519375 0.5966796875 0.415971875 0.6123046875 0.4243015625 0.5947265625 0.4331203125 0.5966796875
20 0.485546875 0.48828125 0.4772171875 0.4541015625 0.4639875 0.4130859375 0.4448796875 0.373046875 0.4287109375 0.3798828125 0.4331203125 0.4326171875 0.4404703125 0.466796875 0.45026875000000005 0.5048828125 0.45565937500000003 0.533203125 0.4639875 0.5458984375 0.4728078125 0.5478515625 0.48652656250000004 0.5419921875 0.485546875 0.48828125
30 0.5414015625 0.3876953125 0.5369921875 0.490234375 0.5350312500000001 0.5546875 0.5369921875 0.6123046875 0.54875 0.623046875 0.5624687500000001 0.6015625 0.55855 0.41796875 0.5570796875 0.353515625 0.5414015625 0.3876953125
24 0.65948125 0.5341796875 0.6452718749999999 0.486328125 0.642821875 0.4521484375 0.6344921875 0.4111328125 0.608525 0.39453125 0.6001953125 0.4072265625 0.608525 0.4951171875 0.6026453125 0.54296875 0.60460625 0.583984375 0.629103125 0.603515625 0.6393921875 0.5869140625 0.6531109374999999 0.5986328125 0.65948125 0.5751953125 0.65948125 0.5341796875
3 0.6246937499999999 0.6630859375 0.6256734374999999 0.626953125 0.6217546875 0.60546875 0.610975 0.5947265625 0.5957859375 0.5771484375 0.5825578124999999 0.609375 0.5903968749999999 0.654296875 0.596765625 0.720703125 0.6148953125000001 0.7724609375 0.6281234375 0.7294921875 0.6246937499999999 0.6630859375
12 0.38363593749999997 0.765625 0.3900046875 0.7333984375 0.3919640625 0.6806640625 0.3944140625 0.6416015625 0.40274374999999996 0.6142578125 0.386575 0.5810546875 0.37530625 0.5908203125 0.3630578125 0.599609375 0.3645265625 0.630859375 0.363546875 0.6845703125 0.357178125 0.736328125 0.36795625 0.783203125 0.38363593749999997 0.765625
15 0.249878125 0.6591796875 0.2640859375 0.6826171875 0.2851546875 0.6826171875 0.2983828125 0.6572265625 0.3096515625 0.6357421875 0.318471875 0.6201171875 0.3317 0.5849609375 0.329740625 0.5576171875 0.3150421875 0.5478515625 0.304753125 0.5224609375 0.2895640625 0.5048828125 0.2758453125 0.5283203125 0.2660453125 0.5693359375 0.24889687500000002 0.599609375 0.24252812499999998 0.623046875 0.249878125 0.6591796875
12 0.3238609375 0.60546875 0.3076921875 0.62890625 0.2959328125 0.654296875 0.3238609375 0.60546875
5 0.5276828124999999 0.5859375 0.51739375 0.609375 0.5203328125 0.638671875 0.5247421875 0.67578125 0.5311125 0.7041015625 0.5414015625 0.736328125 0.5531609375000001 0.759765625 0.56736875 0.794921875 0.5825578124999999 0.79296875 0.5756984375 0.7548828125 0.569328125 0.7294921875 0.5600203125000001 0.6875 0.5521796875 0.65234375 0.54238125 0.6171875 0.5276828124999999 0.5859375
8 0.4747671875 0.626953125 0.4791765625 0.6728515625 0.48162656249999997 0.708984375 0.48260625 0.7421875 0.48309687500000004 0.767578125 0.49387499999999995 0.783203125 0.4958359375 0.7392578125 0.49387499999999995 0.69140625 0.49387499999999995 0.662109375 0.49289531249999996 0.6171875 0.48309687500000004 0.6044921875 0.4747671875 0.626953125
9 0.45075937499999996 0.6064453125 0.45075937499999996 0.6396484375 0.459578125 0.6806640625 0.4634984375 0.7119140625 0.4639875 0.7392578125 0.4713375 0.775390625 0.48113593750000005 0.787109375 0.47770625000000005 0.7490234375 0.47770625000000005 0.7119140625 0.4767265625 0.6728515625 0.4747671875 0.6376953125 0.47035781249999997 0.6064453125 0.45075937499999996 0.6064453125
0 0.71190625 0.4951171875 0.7315046875 0.544921875 0.7677609375000001 0.5751953125 0.71190625 0.4951171875
0 0.67075 0.6015625 0.6932875000000001 0.6201171875 0.7266046875 0.6591796875 0.7432624999999999 0.6591796875 0.7584515625 0.6376953125 0.728075 0.603515625 0.7408140624999999 0.603515625 0.7545328125 0.6015625 0.7672703125 0.59375 0.7653109375 0.5751953125 0.730034375 0.546875 0.71190625 0.4931640625 0.6991671875 0.505859375 0.6859375 0.5283203125 0.6736890625 0.54296875 0.6683 0.5537109375 0.661440625 0.57421875 0.67075 0.6015625