25 0.5029296875 0.30377343749999997 0.4794921875 0.2988734375 0.451171875 0.292503125 0.4306640625 0.30034375 0.4208984375 0.3145515625 0.421875 0.3331703125 0.4267578125 0.3463984375 0.451171875 0.35031875 0.4794921875 0.3537484375 0.5 0.349828125 0.533203125 0.34492968749999997 0.5634765625 0.3375796875 0.58984375 0.333659375 0.609375 0.31798125 0.5791015625 0.3140625 0.5556640625 0.3125921875 0.52734375 0.3081828125 0.5029296875 0.30377343749999997
31 0.5126953125 0.755021875 0.4970703125 0.7677609375000001 0.501953125 0.782459375 0.5185546875 0.7927484375 0.541015625 0.7996078125 0.5693359375 0.79666875 0.5859375 0.782459375 0.6044921875 0.771190625 0.6279296875 0.7609015625 0.6455078125 0.7481625000000001 0.642578125 0.7359140625 0.6142578125 0.7383640625 0.5791015625 0.7432624999999999 0.552734375 0.7471828125 0.5126953125 0.755021875
30 0.451171875 0.43899999999999995 0.423828125 0.43459062499999995 0.3955078125 0.43459062499999995 0.3798828125 0.44683906249999994 0.3720703125 0.46496875 0.390625 0.4713375 0.41796875 0.4723171875 0.447265625 0.46643749999999995 0.482421875 0.4683984375 0.5146484375 0.4688875 0.5478515625 0.46986718749999995 0.5712890625 0.4561484375 0.54296875 0.44977968749999997 0.5126953125 0.4453703125 0.482421875 0.44292031249999997 0.451171875 0.43899999999999995
29 0.490234375 0.40519375 0.4619140625 0.404703125 0.42578125 0.3968640625 0.3935546875 0.402253125 0.380859375 0.4125421875 0.3828125 0.42381250000000004 0.400390625 0.4331203125 0.42578125 0.43899999999999995 0.451171875 0.43655 0.4765625 0.43165156250000003 0.5107421875 0.430671875 0.55078125 0.42822187500000003 0.591796875 0.42675156249999996 0.599609375 0.4135234375 0.56640625 0.4125421875 0.5439453125 0.409603125 0.517578125 0.40715312499999995 0.490234375 0.40519375
23 0.451171875 0.3674671875 0.4208984375 0.36550781250000003 0.3955078125 0.37432656249999996 0.3955078125 0.38804531249999996 0.3974609375 0.400784375 0.416015625 0.4086234375 0.4443359375 0.41107343749999997 0.466796875 0.4061734375 0.4951171875 0.3998046875 0.53515625 0.395884375 0.578125 0.390984375 0.5791015625 0.37775625 0.5458984375 0.37775625 0.517578125 0.37530625 0.4853515625 0.3694265625 0.451171875 0.3674671875
24 0.4462890625 0.33610937500000004 0.4189453125 0.332190625 0.4140625 0.3463984375 0.4111328125 0.361096875 0.4208984375 0.37285625 0.458984375 0.375796875 0.4892578125 0.3718765625 0.5205078125 0.37138593750000004 0.5537109375 0.37285625 0.59375 0.36550781250000003 0.59375 0.3512984375 0.552734375 0.3488484375 0.515625 0.347378125 0.4853515625 0.34394843750000004 0.4462890625 0.33610937500000004
26 0.5478515625 0.25575625 0.5283203125 0.24693749999999998 0.5029296875 0.2464484375 0.482421875 0.25820625 0.46484375 0.26849531249999997 0.4560546875 0.283684375 0.46875 0.2934828125 0.4892578125 0.30279218750000003 0.5185546875 0.299853125 0.5537109375 0.30377343749999997 0.58984375 0.3042625 0.626953125 0.2988734375 0.642578125 0.286134375 0.6240234375 0.28123437500000004 0.587890625 0.274865625 0.556640625 0.26800625 0.5478515625 0.25575625
27 0.6728515625 0.240078125 0.6962890625 0.22880937499999998 0.701171875 0.2160703125 0.6708984375 0.21459999999999999 0.642578125 0.21459999999999999 0.615234375 0.21558125 0.591796875 0.2209703125 0.56640625 0.2185203125 0.5380859375 0.22195 0.5283203125 0.23370937500000002 0.5361328125 0.2454671875 0.5380859375 0.25820625 0.560546875 0.269475 0.5888671875 0.2660453125 0.609375 0.2577171875 0.6376953125 0.24889687500000002 0.6728515625 0.240078125
28 0.494140625 0.2567375 0.505859375 0.244978125 0.5205078125 0.2327296875 0.53515625 0.2185203125 0.5107421875 0.21166093749999998 0.46875 0.2028421875 0.4443359375 0.19696249999999998 0.4130859375 0.1954921875 0.388671875 0.1915734375 0.365234375 0.198921875 0.3720703125 0.21558125 0.3935546875 0.2346890625 0.416015625 0.24252812499999998 0.4345703125 0.2577171875 0.466796875 0.2645765625 0.494140625 0.2567375
0 0.3603515625 0.29789374999999996 0.3828125 0.3101421875 0.4140625 0.31308125000000003 0.431640625 0.299853125 0.4462890625 0.28907343750000003 0.4619140625 0.277315625 0.46875 0.26310625 0.439453125 0.2542875 0.40625 0.24693749999999998 0.3779296875 0.240078125 0.341796875 0.2346890625 0.30859375 0.236159375 0.33984375 0.24889687500000002 0.3701171875 0.26065625 0.3515625 0.26751562500000003 0.30078125 0.2479171875 0.296875 0.25967656250000004 0.3037109375 0.269475 0.322265625 0.2797640625 0.3427734375 0.2871140625 0.3603515625 0.29789374999999996
2 0.5185546875 0.708965625 0.4951171875 0.7065171875 0.46484375 0.708965625 0.451171875 0.725625 0.4619140625 0.74179375 0.4794921875 0.755021875 0.498046875 0.7599218750000001 0.5302734375 0.7545328125 0.556640625 0.7432624999999999 0.5966796875 0.7378734375 0.626953125 0.7339546875 0.630859375 0.7133765624999999 0.607421875 0.708965625 0.57421875 0.7084765625 0.5439453125 0.7084765625 0.5185546875 0.708965625
3 0.3857421875 0.3904953125 0.3984375 0.37432656249999996 0.408203125 0.3601171875 0.380859375 0.352278125 0.33984375 0.354728125 0.306640625 0.34835937499999997 0.28125 0.34394843750000004 0.2509765625 0.3395390625 0.2177734375 0.332190625 0.2255859375 0.3488484375 0.2451171875 0.3625671875 0.279296875 0.3694265625 0.3134765625 0.375796875 0.3369140625 0.3831453125 0.3603515625 0.38804531249999996 0.3857421875 0.3904953125
4 0.357421875 0.41891249999999997 0.380859375 0.4086234375 0.390625 0.3924546875 0.384765625 0.3831453125 0.341796875 0.384615625 0.314453125 0.3831453125 0.2890625 0.382165625 0.263671875 0.3782453125 0.2333984375 0.375796875 0.1875 0.3718765625 0.2001953125 0.3860859375 0.2021484375 0.3860859375 0.2314453125 0.39294531250000003 0.2578125 0.4012734375 0.2919921875 0.402253125 0.3212890625 0.409603125 0.357421875 0.41891249999999997
5 0.3447265625 0.448309375 0.3759765625 0.43899999999999995 0.373046875 0.4218515625 0.3447265625 0.4140125 0.314453125 0.4140125 0.2861328125 0.4125421875 0.2529296875 0.409603125 0.224609375 0.40764374999999997 0.1875 0.4061734375 0.1787109375 0.4174421875 0.2001953125 0.42675156249999996 0.2333984375 0.4331203125 0.265625 0.43655 0.2939453125 0.4409609375 0.3193359375 0.443409375 0.3447265625 0.448309375
6 0.36328125 0.45761874999999996 0.34375 0.44683906249999994 0.3115234375 0.44585937500000006 0.2841796875 0.4453703125 0.2607421875 0.4453703125 0.2353515625 0.44292031249999997 0.2119140625 0.439490625 0.181640625 0.44683906249999994 0.19921875 0.457128125 0.2275390625 0.46006875 0.25390625 0.4639875 0.28125 0.46643749999999995 0.3017578125 0.4713375 0.3427734375 0.47525781250000004 0.36328125 0.45761874999999996
7 0.333984375 0.475746875 0.2861328125 0.4747671875 0.2587890625 0.4737875 0.22265625 0.4747671875 0.1953125 0.47525781250000004 0.2119140625 0.49289531249999996 0.2509765625 0.4953453125 0.2783203125 0.4953453125 0.314453125 0.498284375 0.341796875 0.49926562499999994 0.33984375 0.48260625 0.333984375 0.475746875
8 0.3466796875 0.510534375 0.34765625 0.498284375 0.31640625 0.49926562499999994 0.2919921875 0.5007343750000001 0.265625 0.5022046875 0.240234375 0.505634375 0.216796875 0.5071046875 0.1845703125 0.51249375 0.2099609375 0.5232734375 0.2421875 0.52229375 0.2685546875 0.5208234375 0.2939453125 0.5247421875 0.326171875 0.5252328125 0.3544921875 0.5213125 0.3466796875 0.510534375
9 0.34765625 0.5350312500000001 0.3447265625 0.5208234375 0.314453125 0.5247421875 0.291015625 0.5271921875000001 0.265625 0.5311125 0.2421875 0.5365015625 0.20703125 0.542871875 0.1865234375 0.5546296875000001 0.2099609375 0.560509375 0.2373046875 0.555609375 0.2685546875 0.5526703125 0.2958984375 0.5531609375000001 0.3349609375 0.5526703125 0.357421875 0.5467906250000001 0.34765625 0.5350312500000001
10 0.3701171875 0.56981875 0.3544921875 0.558059375 0.3291015625 0.549240625 0.2958984375 0.551690625 0.2685546875 0.558059375 0.24609375 0.5644296875 0.224609375 0.5707984374999999 0.1923828125 0.5825578124999999 0.19140625 0.5952968750000001 0.22265625 0.5913765625 0.255859375 0.5884375000000001 0.2890625 0.5889265625 0.3271484375 0.5889265625 0.357421875 0.5825578124999999 0.3701171875 0.56981875
11 0.373046875 0.59480625 0.36328125 0.5845171875 0.337890625 0.5781484375 0.3134765625 0.5835375 0.2880859375 0.59235625 0.255859375 0.597746875 0.2255859375 0.6031359375 0.19140625 0.6139140624999999 0.2080078125 0.6246937499999999 0.2431640625 0.62224375 0.283203125 0.618325 0.3212890625 0.618325 0.357421875 0.6168546874999999 0.380859375 0.6080359375 0.373046875 0.59480625
12 0.392578125 0.6246937499999999 0.3828125 0.610484375 0.3603515625 0.6050953125 0.3212890625 0.615384375 0.2890625 0.6256734374999999 0.265625 0.6335124999999999 0.240234375 0.6413515624999999 0.21484375 0.6501718750000001 0.1826171875 0.6560515625 0.2080078125 0.663890625 0.240234375 0.6599703124999999 0.2783203125 0.6550703125 0.32421875 0.6511515625000001 0.3603515625 0.64968125 0.392578125 0.6433125000000001 0.392578125 0.6246937499999999
13 0.4873046875 0.663890625 0.4697265625 0.6810390625 0.46484375 0.708965625 0.5126953125 0.7035765625 0.591796875 0.707496875 0.595703125 0.695246875 0.5546875 0.6918171875 0.6044921875 0.6834890625 0.6123046875 0.6741796875 0.5830078125 0.6712390625 0.5546875 0.667809375 0.5263671875 0.665359375 0.4873046875 0.663890625
14 0.3369140625 0.7035765625 0.36328125 0.700146875 0.392578125 0.7011265625 0.41796875 0.6937781249999999 0.416015625 0.67711875 0.41015625 0.663890625 0.4052734375 0.64968125 0.388671875 0.6374328125 0.365234375 0.6384125 0.33984375 0.6462515625 0.3193359375 0.6550703125 0.2841796875 0.661440625 0.2578125 0.6687890624999999 0.23828125 0.6810390625 0.2353515625 0.6986765625 0.255859375 0.6918171875 0.2841796875 0.6810390625 0.3115234375 0.6780984375 0.30859375 0.6908375 0.2763671875 0.70210625 0.25390625 0.7123953125 0.23046875 0.728075 0.2666015625 0.7241546875 0.2890625 0.716315625 0.314453125 0.7109265625 0.3369140625 0.7035765625
15 0.4521484375 0.73934375 0.447265625 0.728075 0.4287109375 0.7109265625 0.4189453125 0.6957375 0.3955078125 0.6893671875 0.3720703125 0.6986765625 0.3505859375 0.708965625 0.32421875 0.7226843749999999 0.3037109375 0.7354234374999999 0.2841796875 0.7457125 0.279296875 0.75698125 0.2861328125 0.7697203125 0.3212890625 0.773640625 0.3623046875 0.7702109375 0.380859375 0.7584515625 0.41796875 0.7545328125 0.4443359375 0.7506125 0.4521484375 0.73934375
16 0.5078125 0.7790296875 0.4951171875 0.7672703125 0.486328125 0.7545328125 0.4541015625 0.7447328125 0.4287109375 0.7486531249999999 0.41015625 0.755021875 0.390625 0.7672703125 0.3671875 0.7751109375 0.349609375 0.78686875 0.341796875 0.79911875 0.3505859375 0.8147968750000001 0.3828125 0.8182265624999999 0.4189453125 0.8147968750000001 0.451171875 0.8054874999999999 0.4853515625 0.8010781250000001 0.5029296875 0.79176875 0.5078125 0.7790296875
17 0.474609375 0.6335124999999999 0.4306640625 0.6310625 0.41015625 0.6438015625 0.40625 0.6629109375 0.42578125 0.6766296875 0.44921875 0.6732 0.4853515625 0.665359375 0.5205078125 0.658990625 0.5556640625 0.64968125 0.5869140625 0.647721875 0.5966796875 0.6369421875 0.56640625 0.6374328125 0.5380859375 0.6369421875 0.5029296875 0.638903125 0.474609375 0.6335124999999999
18 0.408203125 0.606565625 0.3955078125 0.620284375 0.3876953125 0.6369421875 0.41015625 0.6438015625 0.4345703125 0.6447812500000001 0.4599609375 0.638903125 0.484375 0.6374328125 0.5126953125 0.63204375 0.54296875 0.6286140625 0.5732421875 0.624203125 0.5400390625 0.6139140624999999 0.5146484375 0.6080359375 0.4814453125 0.6050953125 0.447265625 0.60215625 0.408203125 0.606565625
19 0.443359375 0.57716875 0.4130859375 0.5756984375 0.3876953125 0.5820671875000001 0.375 0.59235625 0.384765625 0.604115625 0.4052734375 0.6119546875 0.4306640625 0.611465625 0.46875 0.6080359375 0.4951171875 0.6031359375 0.5302734375 0.601665625 0.560546875 0.5987265625 0.59375 0.597746875 0.583984375 0.5864765625 0.552734375 0.5845171875 0.5205078125 0.5825578124999999 0.482421875 0.5820671875000001 0.443359375 0.57716875
20 0.42578125 0.537971875 0.384765625 0.5355218749999999 0.3720703125 0.5463015625 0.365234375 0.560509375 0.3759765625 0.5732484375 0.3955078125 0.5786374999999999 0.42578125 0.57716875 0.458984375 0.5683484375 0.490234375 0.5658984375 0.525390625 0.5619796874999999 0.556640625 0.5595296875 0.548828125 0.549240625 0.5185546875 0.5467906250000001 0.482421875 0.5453203125 0.458984375 0.54238125 0.42578125 0.537971875
21 0.4111328125 0.5046546875 0.3779296875 0.5022046875 0.3603515625 0.5120046874999999 0.3623046875 0.5286625 0.3623046875 0.5414015625 0.388671875 0.5463015625 0.421875 0.544340625 0.4541015625 0.5389515625 0.4873046875 0.5365015625 0.5224609375 0.5296421875 0.5537109375 0.5286625 0.5478515625 0.5159234374999999 0.501953125 0.514453125 0.4716796875 0.5110234375 0.443359375 0.508575 0.4111328125 0.5046546875
22 0.4345703125 0.4713375 0.40625 0.4674171875 0.3720703125 0.4659484375 0.3671875 0.48113593750000005 0.3603515625 0.49289531249999996 0.3681640625 0.503184375 0.3876953125 0.5071046875 0.421875 0.508575 0.44921875 0.5041640625 0.4814453125 0.5041640625 0.5146484375 0.5046546875 0.5458984375 0.4958359375 0.541015625 0.48309687500000004 0.5185546875 0.48162656249999997 0.494140625 0.47868750000000004 0.46484375 0.4747671875 0.4345703125 0.4713375