25 0.6962265624999999 0.5029296875 0.7011265625 0.4794921875 0.707496875 0.451171875 0.6996578125 0.4306640625 0.6854484375000001 0.4208984375 0.6668296875 0.421875 0.6536015625 0.4267578125 0.64968125 0.451171875 0.6462515625 0.4794921875 0.6501718750000001 0.5 0.6550703125 0.533203125 0.6624203125 0.5634765625 0.666340625 0.58984375 0.68201875 0.609375 0.6859375 0.5791015625 0.6874078124999999 0.5556640625 0.6918171875 0.52734375 0.6962265624999999 0.5029296875
31 0.244978125 0.5126953125 0.2322390625 0.4970703125 0.217540625 0.501953125 0.2072515625 0.5185546875 0.2003921875 0.541015625 0.20333125000000002 0.5693359375 0.217540625 0.5859375 0.22880937499999998 0.6044921875 0.23909843749999998 0.6279296875 0.2518375 0.6455078125 0.2640859375 0.642578125 0.2616359375 0.6142578125 0.2567375 0.5791015625 0.2528171875 0.552734375 0.244978125 0.5126953125
30 0.561 0.451171875 0.565409375 0.423828125 0.565409375 0.3955078125 0.5531609375000001 0.3798828125 0.5350312500000001 0.3720703125 0.5286625 0.390625 0.5276828124999999 0.41796875 0.5335625 0.447265625 0.5316015625 0.482421875 0.5311125 0.5146484375 0.5301328125 0.5478515625 0.5438515625 0.5712890625 0.5502203125 0.54296875 0.5546296875000001 0.5126953125 0.5570796875 0.482421875 0.561 0.451171875
29 0.59480625 0.490234375 0.5952968750000001 0.4619140625 0.6031359375 0.42578125 0.597746875 0.3935546875 0.5874578125000001 0.380859375 0.5761875 0.3828125 0.5668796875 0.400390625 0.561 0.42578125 0.56345 0.451171875 0.5683484375 0.4765625 0.569328125 0.5107421875 0.571778125 0.55078125 0.5732484375 0.591796875 0.5864765625 0.599609375 0.5874578125000001 0.56640625 0.5903968749999999 0.5439453125 0.592846875 0.517578125 0.59480625 0.490234375
23 0.6325328125 0.451171875 0.6344921875 0.4208984375 0.6256734374999999 0.3955078125 0.6119546875 0.3955078125 0.599215625 0.3974609375 0.5913765625 0.416015625 0.5889265625 0.4443359375 0.5938265625 0.466796875 0.6001953125 0.4951171875 0.604115625 0.53515625 0.609015625 0.578125 0.62224375 0.5791015625 0.62224375 0.5458984375 0.6246937499999999 0.517578125 0.6305734375000001 0.4853515625 0.6325328125 0.451171875
24 0.663890625 0.4462890625 0.667809375 0.4189453125 0.6536015625 0.4140625 0.638903125 0.4111328125 0.62714375 0.4208984375 0.624203125 0.458984375 0.6281234375 0.4892578125 0.6286140625 0.5205078125 0.62714375 0.5537109375 0.6344921875 0.59375 0.6487015625 0.59375 0.6511515625000001 0.552734375 0.652621875 0.515625 0.6560515625 0.4853515625 0.663890625 0.4462890625
26 0.74424375 0.5478515625 0.7530625 0.5283203125 0.7535515625 0.5029296875 0.74179375 0.482421875 0.7315046875 0.46484375 0.716315625 0.4560546875 0.7065171875 0.46875 0.6972078125000001 0.4892578125 0.700146875 0.5185546875 0.6962265624999999 0.5537109375 0.6957375 0.58984375 0.7011265625 0.626953125 0.7138656250000001 0.642578125 0.718765625 0.6240234375 0.725134375 0.587890625 0.73199375 0.556640625 0.74424375 0.5478515625
27 0.7599218750000001 0.6728515625 0.771190625 0.6962890625 0.7839296874999999 0.701171875 0.7854 0.6708984375 0.7854 0.642578125 0.78441875 0.615234375 0.7790296875 0.591796875 0.7814796875 0.56640625 0.77805 0.5380859375 0.766290625 0.5283203125 0.7545328125 0.5361328125 0.74179375 0.5380859375 0.730525 0.560546875 0.7339546875 0.5888671875 0.7422828124999999 0.609375 0.751103125 0.6376953125 0.7599218750000001 0.6728515625
28 0.7432624999999999 0.494140625 0.755021875 0.505859375 0.7672703125 0.5205078125 0.7814796875 0.53515625 0.7883390625 0.5107421875 0.7971578125 0.46875 0.8030375 0.4443359375 0.8045078125 0.4130859375 0.8084265625 0.388671875 0.8010781250000001 0.365234375 0.78441875 0.3720703125 0.7653109375 0.3935546875 0.757471875 0.416015625 0.7422828124999999 0.4345703125 0.7354234374999999 0.466796875 0.7432624999999999 0.494140625
0 0.70210625 0.3603515625 0.6898578125 0.3828125 0.68691875 0.4140625 0.700146875 0.431640625 0.7109265625 0.4462890625 0.7226843749999999 0.4619140625 0.73689375 0.46875 0.7457125 0.439453125 0.7530625 0.40625 0.7599218750000001 0.3779296875 0.7653109375 0.341796875 0.763840625 0.30859375 0.751103125 0.33984375 0.73934375 0.3701171875 0.7324843750000001 0.3515625 0.7520828125000001 0.30078125 0.7403234375000001 0.296875 0.730525 0.3037109375 0.7202359375 0.322265625 0.7128859375000001 0.3427734375 0.70210625 0.3603515625
2 0.291034375 0.5185546875 0.2934828125 0.4951171875 0.291034375 0.46484375 0.274375 0.451171875 0.25820625 0.4619140625 0.244978125 0.4794921875 0.240078125 0.498046875 0.2454671875 0.5302734375 0.2567375 0.556640625 0.2621265625 0.5966796875 0.2660453125 0.626953125 0.28662343749999997 0.630859375 0.291034375 0.607421875 0.2915234375 0.57421875 0.2915234375 0.5439453125 0.291034375 0.5185546875
3 0.6095046875000001 0.3857421875 0.6256734374999999 0.3984375 0.6398828125 0.408203125 0.647721875 0.380859375 0.6452718749999999 0.33984375 0.651640625 0.306640625 0.6560515625 0.28125 0.6604609375 0.2509765625 0.667809375 0.2177734375 0.6511515625000001 0.2255859375 0.6374328125 0.2451171875 0.6305734375000001 0.279296875 0.624203125 0.3134765625 0.6168546874999999 0.3369140625 0.6119546875 0.3603515625 0.6095046875000001 0.3857421875
4 0.5810875 0.357421875 0.5913765625 0.380859375 0.6075453125 0.390625 0.6168546874999999 0.384765625 0.615384375 0.341796875 0.6168546874999999 0.314453125 0.6178343749999999 0.2890625 0.6217546875 0.263671875 0.624203125 0.2333984375 0.6281234375 0.1875 0.6139140624999999 0.2001953125 0.6139140624999999 0.2021484375 0.6070546875 0.2314453125 0.5987265625 0.2578125 0.597746875 0.2919921875 0.5903968749999999 0.3212890625 0.5810875 0.357421875
5 0.551690625 0.3447265625 0.561 0.3759765625 0.5781484375 0.373046875 0.5859875 0.3447265625 0.5859875 0.314453125 0.5874578125000001 0.2861328125 0.5903968749999999 0.2529296875 0.59235625 0.224609375 0.5938265625 0.1875 0.5825578124999999 0.1787109375 0.5732484375 0.2001953125 0.5668796875 0.2333984375 0.56345 0.265625 0.5590390625 0.2939453125 0.556590625 0.3193359375 0.551690625 0.3447265625
6 0.54238125 0.36328125 0.5531609375000001 0.34375 0.5541406249999999 0.3115234375 0.5546296875000001 0.2841796875 0.5546296875000001 0.2607421875 0.5570796875 0.2353515625 0.560509375 0.2119140625 0.5531609375000001 0.181640625 0.542871875 0.19921875 0.53993125 0.2275390625 0.5360125 0.25390625 0.5335625 0.28125 0.5286625 0.3017578125 0.5247421875 0.3427734375 0.54238125 0.36328125
7 0.524253125 0.333984375 0.5252328125 0.2861328125 0.5262125 0.2587890625 0.5252328125 0.22265625 0.5247421875 0.1953125 0.5071046875 0.2119140625 0.5046546875 0.2509765625 0.5046546875 0.2783203125 0.501715625 0.314453125 0.5007343750000001 0.341796875 0.51739375 0.33984375 0.524253125 0.333984375
8 0.48946562499999996 0.3466796875 0.501715625 0.34765625 0.5007343750000001 0.31640625 0.49926562499999994 0.2919921875 0.4977953125 0.265625 0.49436562500000003 0.240234375 0.49289531249999996 0.216796875 0.48750625000000003 0.1845703125 0.4767265625 0.2099609375 0.47770625000000005 0.2421875 0.4791765625 0.2685546875 0.47525781250000004 0.2939453125 0.4747671875 0.326171875 0.47868750000000004 0.3544921875 0.48946562499999996 0.3466796875
9 0.46496875 0.34765625 0.4791765625 0.3447265625 0.47525781250000004 0.314453125 0.4728078125 0.291015625 0.4688875 0.265625 0.4634984375 0.2421875 0.457128125 0.20703125 0.4453703125 0.1865234375 0.439490625 0.2099609375 0.44439062500000004 0.2373046875 0.4473296875 0.2685546875 0.44683906249999994 0.2958984375 0.4473296875 0.3349609375 0.45320937499999997 0.357421875 0.46496875 0.34765625
10 0.43018124999999996 0.3701171875 0.441940625 0.3544921875 0.45075937499999996 0.3291015625 0.448309375 0.2958984375 0.441940625 0.2685546875 0.4355703125 0.24609375 0.4292015625 0.224609375 0.4174421875 0.1923828125 0.404703125 0.19140625 0.4086234375 0.22265625 0.41156249999999994 0.255859375 0.41107343749999997 0.2890625 0.41107343749999997 0.3271484375 0.4174421875 0.357421875 0.43018124999999996 0.3701171875
11 0.40519375 0.373046875 0.41548281249999997 0.36328125 0.4218515625 0.337890625 0.4164625 0.3134765625 0.40764374999999997 0.2880859375 0.402253125 0.255859375 0.3968640625 0.2255859375 0.3860859375 0.19140625 0.37530625 0.2080078125 0.37775625 0.2431640625 0.381675 0.283203125 0.381675 0.3212890625 0.3831453125 0.357421875 0.3919640625 0.380859375 0.40519375 0.373046875
12 0.37530625 0.392578125 0.389515625 0.3828125 0.3949046875 0.3603515625 0.384615625 0.3212890625 0.37432656249999996 0.2890625 0.36648749999999997 0.265625 0.3586484375 0.240234375 0.349828125 0.21484375 0.34394843750000004 0.1826171875 0.33610937500000004 0.2080078125 0.3400296875 0.240234375 0.34492968749999997 0.2783203125 0.3488484375 0.32421875 0.35031875 0.3603515625 0.3566875 0.392578125 0.37530625 0.392578125
13 0.33610937500000004 0.4873046875 0.3189609375 0.4697265625 0.291034375 0.46484375 0.2964234375 0.5126953125 0.292503125 0.591796875 0.304753125 0.595703125 0.3081828125 0.5546875 0.31651093750000003 0.6044921875 0.3258203125 0.6123046875 0.3287609375 0.5830078125 0.332190625 0.5546875 0.33464062499999997 0.5263671875 0.33610937500000004 0.4873046875
14 0.2964234375 0.3369140625 0.299853125 0.36328125 0.2988734375 0.392578125 0.306221875 0.41796875 0.32288125 0.416015625 0.33610937500000004 0.41015625 0.35031875 0.4052734375 0.3625671875 0.388671875 0.3615875 0.365234375 0.3537484375 0.33984375 0.34492968749999997 0.3193359375 0.338559375 0.2841796875 0.33121093749999997 0.2578125 0.3189609375 0.23828125 0.3013234375 0.2353515625 0.3081828125 0.255859375 0.3189609375 0.2841796875 0.3219015625 0.3115234375 0.3091625 0.30859375 0.29789374999999996 0.2763671875 0.2876046875 0.25390625 0.27192500000000003 0.23046875 0.2758453125 0.2666015625 0.283684375 0.2890625 0.28907343750000003 0.314453125 0.2964234375 0.3369140625
15 0.26065625 0.4521484375 0.27192500000000003 0.447265625 0.28907343750000003 0.4287109375 0.3042625 0.4189453125 0.3106328125 0.3955078125 0.3013234375 0.3720703125 0.291034375 0.3505859375 0.277315625 0.32421875 0.2645765625 0.3037109375 0.2542875 0.2841796875 0.24301875 0.279296875 0.2302796875 0.2861328125 0.226359375 0.3212890625 0.2297890625 0.3623046875 0.24154843750000002 0.380859375 0.2454671875 0.41796875 0.2493875 0.4443359375 0.26065625 0.4521484375
16 0.2209703125 0.5078125 0.2327296875 0.4951171875 0.2454671875 0.486328125 0.2552671875 0.4541015625 0.25134687499999997 0.4287109375 0.244978125 0.41015625 0.2327296875 0.390625 0.22488906250000001 0.3671875 0.21313125 0.349609375 0.20088124999999998 0.341796875 0.185203125 0.3505859375 0.1817734375 0.3828125 0.185203125 0.4189453125 0.1945125 0.451171875 0.198921875 0.4853515625 0.20823125 0.5029296875 0.2209703125 0.5078125
17 0.36648749999999997 0.474609375 0.36893750000000003 0.4306640625 0.3561984375 0.41015625 0.3370890625 0.40625 0.3233703125 0.42578125 0.3268 0.44921875 0.33464062499999997 0.4853515625 0.341009375 0.5205078125 0.35031875 0.5556640625 0.352278125 0.5869140625 0.3630578125 0.5966796875 0.3625671875 0.56640625 0.3630578125 0.5380859375 0.361096875 0.5029296875 0.36648749999999997 0.474609375
18 0.393434375 0.408203125 0.379715625 0.3955078125 0.3630578125 0.3876953125 0.3561984375 0.41015625 0.35521875 0.4345703125 0.361096875 0.4599609375 0.3625671875 0.484375 0.36795625 0.5126953125 0.37138593750000004 0.54296875 0.375796875 0.5732421875 0.3860859375 0.5400390625 0.3919640625 0.5146484375 0.3949046875 0.4814453125 0.39784375 0.447265625 0.393434375 0.408203125
19 0.42283125000000005 0.443359375 0.4243015625 0.4130859375 0.4179328125 0.3876953125 0.40764374999999997 0.375 0.395884375 0.384765625 0.38804531249999996 0.4052734375 0.388534375 0.4306640625 0.3919640625 0.46875 0.3968640625 0.4951171875 0.398334375 0.5302734375 0.4012734375 0.560546875 0.402253125 0.59375 0.4135234375 0.583984375 0.41548281249999997 0.552734375 0.4174421875 0.5205078125 0.4179328125 0.482421875 0.42283125000000005 0.443359375
20 0.46202812499999996 0.42578125 0.464478125 0.384765625 0.45369843750000005 0.3720703125 0.439490625 0.365234375 0.42675156249999996 0.3759765625 0.42136250000000003 0.3955078125 0.42283125000000005 0.42578125 0.43165156250000003 0.458984375 0.4341015625 0.490234375 0.43802031250000006 0.525390625 0.4404703125 0.556640625 0.45075937499999996 0.548828125 0.45320937499999997 0.5185546875 0.4546796875 0.482421875 0.45761874999999996 0.458984375 0.46202812499999996 0.42578125
21 0.4953453125 0.4111328125 0.4977953125 0.3779296875 0.4879953125 0.3603515625 0.4713375 0.3623046875 0.45859843749999996 0.3623046875 0.45369843750000005 0.388671875 0.45565937500000003 0.421875 0.4610484375 0.4541015625 0.4634984375 0.4873046875 0.47035781249999997 0.5224609375 0.4713375 0.5537109375 0.48407656250000003 0.5478515625 0.485546875 0.501953125 0.4889765625 0.4716796875 0.491425 0.443359375 0.4953453125 0.4111328125
22 0.5286625 0.4345703125 0.5325828125000001 0.40625 0.5340515625 0.3720703125 0.5188640625 0.3671875 0.5071046875 0.3603515625 0.496815625 0.3681640625 0.49289531249999996 0.3876953125 0.491425 0.421875 0.4958359375 0.44921875 0.4958359375 0.4814453125 0.4953453125 0.5146484375 0.5041640625 0.5458984375 0.516903125 0.541015625 0.5183734375 0.5185546875 0.5213125 0.494140625 0.5252328125 0.46484375 0.5286625 0.4345703125