31 0.764821875 0.578125 0.7672703125 0.5966796875 0.7756000000000001 0.607421875 0.8025484374999999 0.5546875 0.8143062499999999 0.5185546875 0.8270453124999999 0.4921875 0.828025 0.462890625 0.8133265625 0.4326171875 0.7981374999999999 0.4326171875 0.7888296875 0.4375 0.7809890625 0.4580078125 0.7790296875 0.5009765625 0.7746203125 0.53125 0.7726609375 0.556640625 0.764821875 0.578125
2 0.7790296875 0.46875 0.780009375 0.4287109375 0.766290625 0.4033203125 0.7383640625 0.4052734375 0.734934375 0.44140625 0.7339546875 0.486328125 0.7413031250000001 0.5478515625 0.7466921875 0.5869140625 0.7599218750000001 0.5966796875 0.76923125 0.51171875 0.7790296875 0.46875
13 0.7266046875 0.484375 0.73199375 0.423828125 0.730525 0.3857421875 0.7123953125 0.3818359375 0.6967171875 0.3818359375 0.681528125 0.396484375 0.6898578125 0.4560546875 0.6932875000000001 0.5009765625 0.695246875 0.5478515625 0.7006375 0.5869140625 0.711415625 0.5693359375 0.7266046875 0.484375
17 0.658990625 0.3984375 0.6536015625 0.439453125 0.661440625 0.513671875 0.665359375 0.5546875 0.675159375 0.556640625 0.6834890625 0.466796875 0.6859375 0.4111328125 0.6741796875 0.3857421875 0.658990625 0.3984375
18 0.651640625 0.37109375 0.636453125 0.37109375 0.6237140625 0.3857421875 0.6227343750000001 0.447265625 0.629103125 0.4970703125 0.6310625 0.5478515625 0.6398828125 0.537109375 0.6506609375 0.4375 0.6580109375000001 0.392578125 0.651640625 0.37109375
19 0.6237140625 0.369140625 0.6099953124999999 0.3603515625 0.59480625 0.3642578125 0.5874578125000001 0.4052734375 0.5913765625 0.46484375 0.6001953125 0.5224609375 0.6099953124999999 0.55859375 0.612934375 0.470703125 0.6237140625 0.4052734375 0.6237140625 0.369140625
20 0.5531609375000001 0.4609375 0.5614890625 0.509765625 0.574228125 0.53125 0.5850078125 0.41796875 0.5820671875000001 0.3623046875 0.5570796875 0.3603515625 0.5531609375000001 0.3984375 0.5531609375000001 0.4609375
21 0.5521796875 0.4130859375 0.5467906250000001 0.3623046875 0.5208234375 0.34765625 0.506125 0.3603515625 0.5080843749999999 0.423828125 0.51249375 0.470703125 0.5262125 0.51171875 0.5262125 0.5390625 0.537971875 0.53125 0.5507109375 0.4560546875 0.5521796875 0.4130859375
22 0.496325 0.4775390625 0.498284375 0.4267578125 0.5046546875 0.376953125 0.501715625 0.353515625 0.4728078125 0.3623046875 0.46202812499999996 0.369140625 0.45859843749999996 0.4052734375 0.46202812499999996 0.4375 0.4674171875 0.470703125 0.47819687499999997 0.533203125 0.49289531249999996 0.5390625 0.496325 0.4775390625
30 0.43508125 0.373046875 0.42136250000000003 0.4033203125 0.4287109375 0.4814453125 0.4331203125 0.5263671875 0.44292031249999997 0.537109375 0.45222968750000003 0.4609375 0.4610484375 0.416015625 0.45859843749999996 0.376953125 0.43508125 0.373046875
29 0.41695312500000004 0.375 0.400784375 0.376953125 0.3944140625 0.400390625 0.3900046875 0.4501953125 0.38363593749999997 0.5224609375 0.389025 0.5654296875 0.402253125 0.5546875 0.41891249999999997 0.4775390625 0.42136250000000003 0.4267578125 0.41695312500000004 0.375
23 0.37432656249999996 0.369140625 0.3601171875 0.375 0.3601171875 0.423828125 0.361096875 0.4755859375 0.3537484375 0.537109375 0.36550781250000003 0.5712890625 0.37530625 0.552734375 0.3900046875 0.416015625 0.391475 0.3798828125 0.37432656249999996 0.369140625
24 0.354728125 0.4375 0.3601171875 0.3837890625 0.33904999999999996 0.376953125 0.327290625 0.3837890625 0.3258203125 0.416015625 0.332190625 0.4609375 0.3366 0.5029296875 0.3400296875 0.53125 0.3517890625 0.5498046875 0.3561984375 0.4775390625 0.354728125 0.4375
25 0.276825 0.39453125 0.276825 0.4326171875 0.2895640625 0.4990234375 0.29054375 0.5458984375 0.3032828125 0.552734375 0.327290625 0.4736328125 0.3194515625 0.3984375 0.29936250000000003 0.3896484375 0.276825 0.39453125
26 0.2758453125 0.421875 0.26065625 0.4091796875 0.2435078125 0.41796875 0.23370937500000002 0.443359375 0.24154843750000002 0.4921875 0.2479171875 0.5478515625 0.256246875 0.5869140625 0.2758453125 0.5009765625 0.2778046875 0.4609375 0.2758453125 0.421875
27 0.23076875000000002 0.5185546875 0.23370937500000002 0.4775390625 0.22733906250000002 0.4306640625 0.210190625 0.439453125 0.19647187500000002 0.4521484375 0.1910828125 0.46875 0.1891234375 0.486328125 0.1984328125 0.537109375 0.2111703125 0.58203125 0.2209703125 0.6123046875 0.2297890625 0.607421875 0.23076875000000002 0.5185546875
0 0.1974515625 0.353515625 0.2018625 0.3857421875 0.21558125 0.4267578125 0.2523265625 0.392578125 0.25967656250000004 0.3515625 0.24252812499999998 0.3115234375 0.22831875 0.283203125 0.210190625 0.26171875 0.1910828125 0.2685546875 0.1910828125 0.3154296875 0.1974515625 0.353515625
1 0.2572265625 0.3154296875 0.262615625 0.3603515625 0.2778046875 0.375 0.3032828125 0.349609375 0.3140625 0.326171875 0.2983828125 0.2919921875 0.278784375 0.2275390625 0.2616359375 0.1962890625 0.240078125 0.2197265625 0.24154843750000002 0.25390625 0.2533078125 0.283203125 0.2572265625 0.3154296875
3 0.3121015625 0.328125 0.324840625 0.3603515625 0.34296875 0.349609375 0.35276874999999996 0.328125 0.33022968750000004 0.2041015625 0.32288125 0.162109375 0.3076921875 0.169921875 0.30867187500000004 0.23046875 0.30867187500000004 0.2744140625 0.3121015625 0.328125
4 0.370896875 0.185546875 0.36795625 0.2255859375 0.3645265625 0.25390625 0.3561984375 0.283203125 0.3508078125 0.30859375 0.36893750000000003 0.330078125 0.38363593749999997 0.32421875 0.391475 0.25390625 0.391475 0.185546875 0.3860859375 0.1572265625 0.3699171875 0.1513671875 0.370896875 0.185546875
5 0.41058281250000006 0.185546875 0.40519375 0.2255859375 0.39784375 0.2705078125 0.391475 0.302734375 0.3944140625 0.33203125 0.4140125 0.3349609375 0.425771875 0.3134765625 0.42675156249999996 0.234375 0.429690625 0.166015625 0.429690625 0.1298828125 0.415971875 0.1513671875 0.41058281250000006 0.185546875
7 0.4683984375 0.2705078125 0.45859843749999996 0.302734375 0.4610484375 0.3369140625 0.4772171875 0.33203125 0.4889765625 0.328125 0.4889765625 0.2666015625 0.48995625 0.216796875 0.4889765625 0.1806640625 0.47819687499999997 0.2041015625 0.475746875 0.232421875 0.4683984375 0.2705078125
8 0.5046546875 0.34765625 0.5164140625 0.32421875 0.5188640625 0.259765625 0.524253125 0.2216796875 0.514453125 0.216796875 0.5071046875 0.263671875 0.4953453125 0.2900390625 0.491915625 0.330078125 0.5046546875 0.34765625
6 0.42773125 0.30859375 0.429690625 0.33203125 0.44683906249999994 0.3349609375 0.46202812499999996 0.330078125 0.4610484375 0.216796875 0.4546796875 0.1787109375 0.44585937500000006 0.1787109375 0.4404703125 0.2236328125 0.432140625 0.2744140625 0.42773125 0.30859375
9 0.5227828125 0.326171875 0.53993125 0.330078125 0.54875 0.330078125 0.5521796875 0.2978515625 0.5570796875 0.240234375 0.55855 0.21484375 0.5541406249999999 0.1982421875 0.5296421875 0.259765625 0.5227828125 0.2978515625 0.5227828125 0.326171875
10 0.5561 0.2880859375 0.5551203124999999 0.32421875 0.57226875 0.3349609375 0.5874578125000001 0.3349609375 0.5938265625 0.232421875 0.597746875 0.166015625 0.584028125 0.1767578125 0.567859375 0.23046875 0.56491875 0.2685546875 0.5561 0.2880859375
11 0.6031359375 0.23828125 0.59480625 0.283203125 0.5913765625 0.3154296875 0.6011765625 0.3408203125 0.618325 0.328125 0.629103125 0.3193359375 0.626653125 0.23046875 0.636453125 0.185546875 0.63204375 0.1591796875 0.6119546875 0.19140625 0.6031359375 0.23828125
12 0.6438015625 0.240234375 0.6300828125 0.28515625 0.6227343750000001 0.328125 0.6374328125 0.3388671875 0.65703125 0.3388671875 0.6697703125000001 0.2978515625 0.6795687499999999 0.2216796875 0.6859375 0.162109375 0.6741796875 0.1572265625 0.6560515625 0.19140625 0.6438015625 0.240234375
14 0.695246875 0.2109375 0.6854484375000001 0.2109375 0.6766296875 0.2783203125 0.670259375 0.322265625 0.6834890625 0.330078125 0.6981875 0.33984375 0.7060265625000001 0.31640625 0.716315625 0.28125 0.734934375 0.216796875 0.723665625 0.2197265625 0.6918171875 0.2783203125 0.6942671875 0.244140625 0.695246875 0.2109375
15 0.763840625 0.234375 0.743753125 0.2705078125 0.7285640625 0.30078125 0.7158249999999999 0.328125 0.7285640625 0.35546875 0.7466921875 0.373046875 0.7584515625 0.3837890625 0.780009375 0.3134765625 0.7981374999999999 0.263671875 0.809896875 0.2236328125 0.7809890625 0.2001953125 0.763840625 0.234375
16 0.7863796875 0.3154296875 0.773640625 0.349609375 0.7746203125 0.3818359375 0.7863796875 0.39453125 0.8015671875000001 0.41796875 0.8143062499999999 0.421875 0.8270453124999999 0.3408203125 0.8466437499999999 0.28125 0.8270453124999999 0.26171875 0.8015671875000001 0.2900390625 0.7863796875 0.3154296875