2 0.4970703125 0.2297890625 0.478515625 0.2572265625 0.48828125 0.269475 0.5224609375 0.27339531250000004 0.576171875 0.2714359375 0.63671875 0.276334375 0.6552734375 0.2714359375 0.6650390625 0.25820625 0.650390625 0.2454671875 0.5673828125 0.24448750000000002 0.5244140625 0.22733906250000002 0.4970703125 0.2297890625
13 0.5546875 0.278784375 0.5205078125 0.276825 0.4814453125 0.27339531250000004 0.4580078125 0.2915234375 0.447265625 0.3121015625 0.4736328125 0.3238609375 0.5244140625 0.318471875 0.6015625 0.3076921875 0.6484375 0.3013234375 0.66796875 0.2939734375 0.6630859375 0.2822140625 0.5908203125 0.28123437500000004 0.5546875 0.278784375
17 0.484375 0.3258203125 0.4453125 0.32043125 0.4287109375 0.33464062499999997 0.4287109375 0.34541875 0.4423828125 0.3566875 0.5244140625 0.3581578125 0.5625 0.36648749999999997 0.6123046875 0.36893750000000003 0.62109375 0.359628125 0.5869140625 0.35276874999999996 0.529296875 0.3400296875 0.484375 0.3258203125
18 0.4033203125 0.361096875 0.4052734375 0.3806953125 0.423828125 0.3900046875 0.462890625 0.39392499999999997 0.5419921875 0.3924546875 0.60546875 0.387065625 0.6357421875 0.38363593749999997 0.53515625 0.36648749999999997 0.4755859375 0.3615875 0.4267578125 0.3517890625 0.4033203125 0.361096875
19 0.396484375 0.40029375 0.390625 0.412053125 0.412109375 0.43116093749999995 0.4521484375 0.429690625 0.5478515625 0.4179328125 0.5927734375 0.41156249999999994 0.630859375 0.402253125 0.5078125 0.39882343750000004 0.4736328125 0.39882343750000004 0.439453125 0.390984375 0.396484375 0.40029375
20 0.5419921875 0.425771875 0.4921875 0.429690625 0.4345703125 0.429690625 0.4111328125 0.44242968749999995 0.4306640625 0.4566390625 0.4658203125 0.45516875 0.552734375 0.4341015625 0.5419921875 0.425771875
21 0.419921875 0.5007343750000001 0.4755859375 0.5007343750000001 0.5205078125 0.498284375 0.5673828125 0.498284375 0.5673828125 0.485546875 0.4501953125 0.4639875 0.40234375 0.4605578125 0.3837890625 0.4737875 0.388671875 0.498775 0.419921875 0.5007343750000001
22 0.38671875 0.5394421875 0.423828125 0.5414015625 0.478515625 0.5311125 0.564453125 0.5183734375 0.5732421875 0.5090640625 0.484375 0.5080843749999999 0.4345703125 0.503675 0.390625 0.5007343750000001 0.3837890625 0.5208234375 0.38671875 0.5394421875
30 0.46875 0.5658984375 0.5263671875 0.5624687500000001 0.580078125 0.5658984375 0.515625 0.5477703125 0.466796875 0.53993125 0.4287109375 0.54238125 0.421875 0.5521796875 0.4287109375 0.5639390625 0.46875 0.5658984375
29 0.482421875 0.5707984374999999 0.443359375 0.567859375 0.4111328125 0.570309375 0.396484375 0.5894171874999999 0.416015625 0.6011765625 0.4482421875 0.6026453125 0.51171875 0.59480625 0.556640625 0.59480625 0.603515625 0.5903968749999999 0.607421875 0.5850078125 0.6103515625 0.579128125 0.5380859375 0.5737390625 0.482421875 0.5707984374999999
23 0.4482421875 0.6335124999999999 0.560546875 0.6227343750000001 0.626953125 0.6119546875 0.55859375 0.596765625 0.4794921875 0.5957859375 0.4228515625 0.596765625 0.4130859375 0.6193046875 0.427734375 0.6354734375 0.4482421875 0.6335124999999999
24 0.4345703125 0.6536015625 0.4453125 0.6634 0.4716796875 0.663890625 0.55859375 0.6482109375 0.625 0.636453125 0.5673828125 0.6300828125 0.5078125 0.6310625 0.4453125 0.63204375 0.4375 0.6418421875 0.4345703125 0.6536015625
25 0.486328125 0.6599703124999999 0.4453125 0.6673203125 0.4453125 0.681528125 0.46484375 0.7016171875 0.484375 0.7084765625 0.513671875 0.7050468750000001 0.55859375 0.6898578125 0.607421875 0.6780984375 0.65234375 0.6634 0.6328125 0.6643796875 0.6357421875 0.6580109375000001 0.5419921875 0.6599703124999999 0.486328125 0.6599703124999999
26 0.4814453125 0.7177859375 0.490234375 0.737384375 0.5048828125 0.7476734375 0.5439453125 0.7481625000000001 0.583984375 0.730525 0.6416015625 0.7148453124999999 0.669921875 0.6996578125 0.583984375 0.695246875 0.5419921875 0.6996578125 0.4912109375 0.7065171875 0.4814453125 0.7177859375
27 0.5439453125 0.77168125 0.5830078125 0.78441875 0.6103515625 0.7809890625 0.6337890625 0.757471875 0.66796875 0.743753125 0.6865234375 0.73199375 0.6884765625 0.7212156249999999 0.6337890625 0.7221953125 0.5654296875 0.7413031250000001 0.5322265625 0.7496328125 0.5439453125 0.77168125
28 0.33203125 0.792259375 0.380859375 0.7790296875 0.3837890625 0.7888296875 0.369140625 0.8015671875000001 0.3916015625 0.805978125 0.439453125 0.7854 0.4775390625 0.7834390625000001 0.5029296875 0.7756000000000001 0.5 0.7584515625 0.4833984375 0.7378734375 0.4619140625 0.7315046875 0.421875 0.7383640625 0.375 0.7564921874999999 0.34765625 0.7672703125 0.33203125 0.792259375
0 0.328125 0.7138656250000001 0.2919921875 0.725625 0.279296875 0.73934375 0.279296875 0.7520828125000001 0.3115234375 0.7447328125 0.345703125 0.73934375 0.283203125 0.77168125 0.33203125 0.7584515625 0.39453125 0.7466921875 0.4287109375 0.7383640625 0.4619140625 0.7270953125 0.44140625 0.7040671875 0.4267578125 0.688878125 0.4111328125 0.6834890625 0.328125 0.7138656250000001
1 0.3759765625 0.6384125 0.33203125 0.6555609375 0.2529296875 0.6712390625 0.228515625 0.6962265624999999 0.2431640625 0.7006375 0.2978515625 0.6825078125 0.2705078125 0.6986765625 0.25390625 0.7177859375 0.28125 0.718765625 0.3173828125 0.7050468750000001 0.349609375 0.6942671875 0.423828125 0.6878984375 0.421875 0.6683 0.408203125 0.6585 0.40625 0.6398828125 0.3759765625 0.6384125
3 0.3154296875 0.6452718749999999 0.3408203125 0.6452718749999999 0.376953125 0.6438015625 0.392578125 0.6246937499999999 0.3740234375 0.6070546875 0.3134765625 0.6212640625 0.255859375 0.6335124999999999 0.2216796875 0.6374328125 0.1826171875 0.651640625 0.2021484375 0.6560515625 0.21484375 0.6599703124999999 0.3154296875 0.6452718749999999
4 0.375 0.606565625 0.37109375 0.5938265625 0.357421875 0.587946875 0.3447265625 0.5835375 0.1826171875 0.612934375 0.1806640625 0.6246937499999999 0.1875 0.6276328125 0.2919921875 0.6173437500000001 0.34765625 0.6148953125000001 0.375 0.606565625
5 0.3603515625 0.5810875 0.359375 0.5668796875 0.3466796875 0.5546296875000001 0.3232421875 0.5531609375000001 0.1875 0.5727578125 0.142578125 0.5820671875000001 0.16796875 0.5943171875 0.2109375 0.5913765625 0.271484375 0.5869671875 0.33203125 0.5864765625 0.3603515625 0.5810875
6 0.3544921875 0.5296421875 0.3232421875 0.5301328125 0.2216796875 0.53993125 0.16796875 0.54973125 0.1826171875 0.5624687500000001 0.2431640625 0.5541406249999999 0.2802734375 0.5531609375000001 0.3359375 0.5590390625 0.3515625 0.5477703125 0.3544921875 0.5296421875
7 0.1875 0.524253125 0.166015625 0.5325828125000001 0.189453125 0.5389515625 0.24609375 0.5350312500000001 0.2919921875 0.5301328125 0.3544921875 0.5276828124999999 0.34375 0.503184375 0.2939453125 0.506125 0.1875 0.524253125
8 0.1826171875 0.51004375 0.240234375 0.51004375 0.2958984375 0.5071046875 0.3505859375 0.503675 0.3525390625 0.480646875 0.2744140625 0.485546875 0.1748046875 0.5007343750000001 0.1826171875 0.51004375
9 0.3505859375 0.45369843750000005 0.3154296875 0.45222968750000003 0.1748046875 0.4728078125 0.1552734375 0.484565625 0.1728515625 0.491915625 0.23828125 0.4835859375 0.2705078125 0.4821171875 0.3193359375 0.48015625 0.3544921875 0.4762375 0.3505859375 0.45369843750000005
10 0.2978515625 0.42136250000000003 0.1875 0.42675156249999996 0.1806640625 0.44292031249999997 0.232421875 0.44585937500000006 0.283203125 0.4492890625 0.33203125 0.45125000000000004 0.35546875 0.44145 0.35546875 0.42773125 0.2978515625 0.42136250000000003
11 0.3642578125 0.42528125 0.36328125 0.3968640625 0.330078125 0.3968640625 0.2578125 0.3900046875 0.2041015625 0.387065625 0.169921875 0.3900046875 0.1875 0.39882343750000004 0.232421875 0.4061734375 0.283203125 0.42038281250000004 0.3369140625 0.4243015625 0.3642578125 0.42528125
12 0.2490234375 0.357178125 0.228515625 0.34688906249999996 0.2109375 0.349828125 0.232421875 0.3762859375 0.2958984375 0.3924546875 0.3486328125 0.40372343749999995 0.359375 0.37530625 0.328125 0.3625671875 0.2490234375 0.357178125
14 0.2265625 0.2988734375 0.212890625 0.3091625 0.263671875 0.3463984375 0.322265625 0.3625671875 0.3701171875 0.38265625000000003 0.38671875 0.377265625 0.3828125 0.3640375 0.4033203125 0.357178125 0.40625 0.327290625 0.3349609375 0.316021875 0.255859375 0.2802546875 0.23828125 0.28319375 0.2978515625 0.33022968750000004 0.2451171875 0.3121015625 0.2265625 0.2988734375
15 0.41015625 0.32778125 0.419921875 0.3121015625 0.4453125 0.286134375 0.4287109375 0.2758453125 0.328125 0.2542875 0.2744140625 0.23811875 0.28515625 0.26065625 0.32421875 0.278784375 0.255859375 0.26506562499999997 0.3046875 0.29495312500000004 0.3701171875 0.32239062500000004 0.41015625 0.32778125
16 0.4228515625 0.27339531250000004 0.44921875 0.26800625 0.4638671875 0.2341984375 0.4560546875 0.221459375 0.3994140625 0.2165609375 0.326171875 0.19010312499999998 0.328125 0.21362031250000002 0.353515625 0.22537968749999998 0.2900390625 0.2190109375 0.3388671875 0.2454671875 0.384765625 0.2645765625 0.4228515625 0.27339531250000004