2 0.5224609375 0.7266046875 0.48828125 0.730525 0.478515625 0.7427734375 0.4970703125 0.7702109375 0.5244140625 0.7726609375 0.5673828125 0.7555125 0.650390625 0.7545328125 0.6650390625 0.74179375 0.6552734375 0.7285640625 0.63671875 0.723665625 0.576171875 0.7285640625 0.5224609375 0.7266046875
13 0.4736328125 0.6761390625 0.447265625 0.6878984375 0.4580078125 0.7084765625 0.4814453125 0.7266046875 0.5205078125 0.723175 0.5546875 0.7212156249999999 0.5908203125 0.718765625 0.6630859375 0.7177859375 0.66796875 0.7060265625000001 0.6484375 0.6986765625 0.6015625 0.6923078125 0.5244140625 0.681528125 0.4736328125 0.6761390625
17 0.4287109375 0.65458125 0.4287109375 0.665359375 0.4453125 0.6795687499999999 0.484375 0.6741796875 0.529296875 0.6599703124999999 0.5869140625 0.64723125 0.62109375 0.640371875 0.6123046875 0.6310625 0.5625 0.6335124999999999 0.5244140625 0.6418421875 0.4423828125 0.6433125000000001 0.4287109375 0.65458125
18 0.4052734375 0.6193046875 0.4033203125 0.638903125 0.4267578125 0.6482109375 0.4755859375 0.6384125 0.53515625 0.6335124999999999 0.6357421875 0.6163640625 0.60546875 0.612934375 0.5419921875 0.6075453125 0.462890625 0.6060749999999999 0.423828125 0.6099953124999999 0.4052734375 0.6193046875
19 0.390625 0.587946875 0.396484375 0.59970625 0.439453125 0.609015625 0.4736328125 0.6011765625 0.5078125 0.6011765625 0.630859375 0.597746875 0.5927734375 0.5884375000000001 0.5478515625 0.5820671875000001 0.4521484375 0.570309375 0.412109375 0.5688390625 0.390625 0.587946875
20 0.4345703125 0.570309375 0.4921875 0.570309375 0.5419921875 0.574228125 0.552734375 0.5658984375 0.4658203125 0.54483125 0.4306640625 0.5433609374999999 0.4111328125 0.5575703125 0.4345703125 0.570309375
21 0.388671875 0.501225 0.3837890625 0.5262125 0.40234375 0.5394421875 0.4501953125 0.5360125 0.5673828125 0.514453125 0.5673828125 0.501715625 0.5205078125 0.501715625 0.4755859375 0.49926562499999994 0.419921875 0.49926562499999994 0.388671875 0.501225
22 0.3837890625 0.4791765625 0.390625 0.49926562499999994 0.4345703125 0.496325 0.484375 0.491915625 0.5732421875 0.49093593750000003 0.564453125 0.48162656249999997 0.478515625 0.4688875 0.423828125 0.45859843749999996 0.38671875 0.4605578125 0.3837890625 0.4791765625
30 0.4287109375 0.45761874999999996 0.466796875 0.46006875 0.515625 0.45222968750000003 0.580078125 0.4341015625 0.5263671875 0.43753125 0.46875 0.4341015625 0.4287109375 0.4360609375 0.421875 0.44782031250000004 0.4287109375 0.45761874999999996
29 0.4482421875 0.39735468749999997 0.416015625 0.39882343750000004 0.396484375 0.41058281250000006 0.4111328125 0.429690625 0.443359375 0.432140625 0.482421875 0.4292015625 0.5380859375 0.42626093750000005 0.6103515625 0.420871875 0.607421875 0.41499218750000005 0.603515625 0.409603125 0.556640625 0.40519375 0.51171875 0.40519375 0.4482421875 0.39735468749999997
23 0.4228515625 0.403234375 0.4794921875 0.4042140625 0.55859375 0.403234375 0.626953125 0.38804531249999996 0.560546875 0.377265625 0.4482421875 0.36648749999999997 0.427734375 0.3645265625 0.4130859375 0.3806953125 0.4228515625 0.403234375
24 0.4375 0.3581578125 0.4453125 0.36795625 0.5078125 0.36893750000000003 0.5673828125 0.3699171875 0.625 0.363546875 0.55859375 0.3517890625 0.4716796875 0.33610937500000004 0.4453125 0.3366 0.4345703125 0.3463984375 0.4375 0.3581578125
25 0.513671875 0.29495312500000004 0.484375 0.2915234375 0.46484375 0.2983828125 0.4453125 0.318471875 0.4453125 0.3326796875 0.486328125 0.3400296875 0.5419921875 0.3400296875 0.6357421875 0.3419890625 0.6328125 0.3356203125 0.65234375 0.3366 0.607421875 0.3219015625 0.55859375 0.3101421875 0.513671875 0.29495312500000004
26 0.490234375 0.262615625 0.4814453125 0.2822140625 0.4912109375 0.2934828125 0.5419921875 0.30034375 0.583984375 0.304753125 0.669921875 0.30034375 0.6416015625 0.2851546875 0.583984375 0.269475 0.5439453125 0.2518375 0.5048828125 0.2523265625 0.490234375 0.262615625
27 0.5830078125 0.21558125 0.5439453125 0.22831875 0.5322265625 0.25036718750000003 0.5654296875 0.258696875 0.6337890625 0.2778046875 0.6884765625 0.278784375 0.6865234375 0.26800625 0.66796875 0.256246875 0.6337890625 0.24252812499999998 0.6103515625 0.2190109375 0.5830078125 0.21558125
28 0.4833984375 0.2621265625 0.5 0.24154843750000002 0.5029296875 0.22440000000000002 0.4775390625 0.2165609375 0.439453125 0.21459999999999999 0.3916015625 0.194021875 0.369140625 0.1984328125 0.3837890625 0.2111703125 0.380859375 0.2209703125 0.33203125 0.207740625 0.34765625 0.2327296875 0.375 0.2435078125 0.421875 0.2616359375 0.4619140625 0.26849531249999997 0.4833984375 0.2621265625
0 0.4287109375 0.2616359375 0.39453125 0.2533078125 0.33203125 0.24154843750000002 0.283203125 0.22831875 0.345703125 0.26065625 0.3115234375 0.2552671875 0.279296875 0.2479171875 0.279296875 0.26065625 0.2919921875 0.274375 0.328125 0.286134375 0.4111328125 0.31651093750000003 0.4267578125 0.311121875 0.44140625 0.2959328125 0.4619140625 0.27290468749999997 0.4287109375 0.2616359375
1 0.423828125 0.3121015625 0.349609375 0.3057328125 0.3173828125 0.29495312500000004 0.28125 0.28123437500000004 0.25390625 0.2822140625 0.2705078125 0.3013234375 0.2978515625 0.31749218749999997 0.2431640625 0.29936250000000003 0.228515625 0.30377343749999997 0.2529296875 0.3287609375 0.33203125 0.3444390625 0.3759765625 0.3615875 0.40625 0.3601171875 0.408203125 0.3415 0.421875 0.3317 0.423828125 0.3121015625
3 0.392578125 0.37530625 0.376953125 0.3561984375 0.3408203125 0.354728125 0.3154296875 0.354728125 0.21484375 0.3400296875 0.2021484375 0.34394843750000004 0.1826171875 0.34835937499999997 0.2216796875 0.3625671875 0.255859375 0.36648749999999997 0.3134765625 0.3787359375 0.3740234375 0.39294531250000003 0.392578125 0.37530625
4 0.34765625 0.38510468750000004 0.2919921875 0.38265625000000003 0.1875 0.3723671875 0.1806640625 0.37530625 0.1826171875 0.387065625 0.3447265625 0.4164625 0.357421875 0.412053125 0.37109375 0.4061734375 0.375 0.393434375 0.34765625 0.38510468750000004
5 0.359375 0.4331203125 0.3603515625 0.41891249999999997 0.33203125 0.4135234375 0.271484375 0.4130328125 0.2109375 0.4086234375 0.16796875 0.4056828125 0.142578125 0.4179328125 0.1875 0.4272421875 0.3232421875 0.44683906249999994 0.3466796875 0.4453703125 0.359375 0.4331203125
6 0.3515625 0.45222968750000003 0.3359375 0.4409609375 0.2802734375 0.44683906249999994 0.2431640625 0.44585937500000006 0.1826171875 0.43753125 0.16796875 0.45026875000000005 0.2216796875 0.46006875 0.3232421875 0.46986718749999995 0.3544921875 0.47035781249999997 0.3515625 0.45222968750000003
7 0.3544921875 0.4723171875 0.2919921875 0.46986718749999995 0.24609375 0.46496875 0.189453125 0.4610484375 0.166015625 0.4674171875 0.1875 0.475746875 0.2939453125 0.49387499999999995 0.34375 0.496815625 0.3544921875 0.4723171875
8 0.2958984375 0.49289531249999996 0.240234375 0.48995625 0.1826171875 0.48995625 0.1748046875 0.49926562499999994 0.2744140625 0.514453125 0.3525390625 0.5193531250000001 0.3505859375 0.496325 0.2958984375 0.49289531249999996
9 0.3544921875 0.5237625 0.3193359375 0.5198437499999999 0.2705078125 0.5178828125 0.23828125 0.5164140625 0.1728515625 0.5080843749999999 0.1552734375 0.515434375 0.1748046875 0.5271921875000001 0.3154296875 0.5477703125 0.3505859375 0.5463015625 0.3544921875 0.5237625
10 0.33203125 0.54875 0.283203125 0.5507109375 0.232421875 0.5541406249999999 0.1806640625 0.5570796875 0.1875 0.5732484375 0.2978515625 0.5786374999999999 0.35546875 0.57226875 0.35546875 0.55855 0.33203125 0.54875
11 0.36328125 0.6031359375 0.3642578125 0.57471875 0.3369140625 0.5756984375 0.283203125 0.5796171875 0.232421875 0.5938265625 0.1875 0.6011765625 0.169921875 0.6099953124999999 0.2041015625 0.612934375 0.2578125 0.6099953124999999 0.330078125 0.6031359375 0.36328125 0.6031359375
12 0.3486328125 0.5962765625 0.2958984375 0.6075453125 0.232421875 0.6237140625 0.2109375 0.6501718750000001 0.228515625 0.6531109374999999 0.2490234375 0.642821875 0.328125 0.6374328125 0.359375 0.6246937499999999 0.3486328125 0.5962765625
14 0.3349609375 0.683978125 0.40625 0.6727093749999999 0.4033203125 0.642821875 0.3828125 0.6359625 0.38671875 0.6227343750000001 0.3701171875 0.6173437500000001 0.322265625 0.6374328125 0.263671875 0.6536015625 0.212890625 0.6908375 0.2265625 0.7011265625 0.2451171875 0.6878984375 0.2978515625 0.6697703125000001 0.23828125 0.71680625 0.255859375 0.7197453125 0.3349609375 0.683978125
15 0.4287109375 0.7241546875 0.4453125 0.7138656250000001 0.419921875 0.6878984375 0.41015625 0.6722187500000001 0.3701171875 0.6776093750000001 0.3046875 0.7050468750000001 0.255859375 0.734934375 0.32421875 0.7212156249999999 0.28515625 0.73934375 0.2744140625 0.76188125 0.328125 0.7457125 0.4287109375 0.7241546875
16 0.4560546875 0.778540625 0.4638671875 0.7658015625 0.44921875 0.73199375 0.4228515625 0.7266046875 0.384765625 0.7354234374999999 0.3388671875 0.7545328125 0.2900390625 0.7809890625 0.353515625 0.7746203125 0.328125 0.7863796875 0.326171875 0.809896875 0.3994140625 0.7834390625000001 0.4560546875 0.778540625