31 0.5751953125 0.2518375 0.5927734375 0.272415625 0.6201171875 0.2797640625 0.654296875 0.29054375 0.6953125 0.29299375 0.72265625 0.278784375 0.7099609375 0.25967656250000004 0.658203125 0.2327296875 0.630859375 0.24301875 0.5751953125 0.2518375
2 0.5625 0.2572265625 0.5205078125 0.2572265625 0.5009765625 0.269475 0.4794921875 0.2895640625 0.4970703125 0.30034375 0.552734375 0.3101421875 0.6162109375 0.31553125 0.6591796875 0.31749218749999997 0.6630859375 0.29936250000000003 0.5927734375 0.2714359375 0.5625 0.2572265625
13 0.646484375 0.341009375 0.64453125 0.33121093749999997 0.5869140625 0.3219015625 0.5498046875 0.318471875 0.5048828125 0.3013234375 0.4716796875 0.3076921875 0.4609375 0.3219015625 0.4580078125 0.33121093749999997 0.4521484375 0.34541875 0.4541015625 0.3561984375 0.5009765625 0.3645265625 0.576171875 0.3601171875 0.6357421875 0.357178125 0.646484375 0.341009375
17 0.4541015625 0.357178125 0.4306640625 0.36795625 0.4306640625 0.381675 0.4453125 0.39784375 0.513671875 0.39784375 0.6015625 0.389025 0.625 0.381675 0.5546875 0.3645265625 0.5029296875 0.363546875 0.4541015625 0.357178125
18 0.513671875 0.39882343750000004 0.447265625 0.391475 0.4111328125 0.39784375 0.421875 0.42234218749999997 0.4306640625 0.432140625 0.4658203125 0.44292031249999997 0.521484375 0.4336109375 0.580078125 0.43116093749999995 0.626953125 0.409603125 0.537109375 0.4042140625 0.513671875 0.39882343750000004
19 0.509765625 0.4561484375 0.578125 0.45320937499999997 0.5947265625 0.44683906249999994 0.486328125 0.43116093749999995 0.4560546875 0.4287109375 0.423828125 0.4360609375 0.4296875 0.44634999999999997 0.509765625 0.4561484375
20 0.4072265625 0.49289531249999996 0.4765625 0.498284375 0.544921875 0.5051453125 0.5673828125 0.48015625 0.5546875 0.4723171875 0.4990234375 0.45859843749999996 0.41796875 0.44782031250000004 0.4091796875 0.4737875 0.4072265625 0.49289531249999996
21 0.4033203125 0.5227828125 0.400390625 0.5335625 0.4580078125 0.5389515625 0.5244140625 0.5389515625 0.5712890625 0.5360125 0.5458984375 0.51004375 0.443359375 0.496325 0.4072265625 0.4953453125 0.4033203125 0.5227828125
22 0.423828125 0.570309375 0.4814453125 0.5712890625 0.5390625 0.5668796875 0.576171875 0.5668796875 0.580078125 0.5541406249999999 0.4755859375 0.5389515625 0.4130859375 0.5369921875 0.3984375 0.5595296875 0.423828125 0.570309375
30 0.4560546875 0.5732484375 0.41796875 0.5756984375 0.4111328125 0.5894171874999999 0.4130859375 0.6011765625 0.466796875 0.6075453125 0.5166015625 0.6006859375 0.5439453125 0.599215625 0.5908203125 0.5913765625 0.607421875 0.5810875 0.5078125 0.574228125 0.4560546875 0.5732484375
29 0.4287109375 0.6011765625 0.421875 0.6144046875 0.4130859375 0.6305734375000001 0.451171875 0.6359625 0.515625 0.6300828125 0.5732421875 0.6281234375 0.619140625 0.6207734375 0.4990234375 0.599215625 0.4501953125 0.5957859375 0.4287109375 0.6011765625
23 0.439453125 0.6276328125 0.4130859375 0.6506609375 0.4287109375 0.6643796875 0.490234375 0.6624203125 0.5361328125 0.6550703125 0.5966796875 0.6580109375000001 0.611328125 0.640371875 0.521484375 0.6310625 0.46484375 0.6237140625 0.439453125 0.6276328125
24 0.6376953125 0.6825078125 0.5908203125 0.667809375 0.4990234375 0.663890625 0.447265625 0.665359375 0.439453125 0.681528125 0.4501953125 0.697696875 0.462890625 0.7123953125 0.4951171875 0.7123953125 0.5244140625 0.7060265625000001 0.5556640625 0.6996578125 0.599609375 0.6967171875 0.6201171875 0.6932875000000001 0.6376953125 0.6825078125
25 0.513671875 0.70700625 0.4775390625 0.7177859375 0.4814453125 0.7403234375000001 0.51171875 0.7530625 0.5439453125 0.7555125 0.5732421875 0.73934375 0.6572265625 0.7148453124999999 0.6611328125 0.7030875 0.580078125 0.697696875 0.513671875 0.70700625
28 0.373046875 0.7530625 0.3349609375 0.7555125 0.3115234375 0.7834390625000001 0.2978515625 0.8054874999999999 0.3115234375 0.8270453124999999 0.345703125 0.8304750000000001 0.4130859375 0.8025484374999999 0.4453125 0.789809375 0.421875 0.76678125 0.373046875 0.7530625
0 0.376953125 0.7016171875 0.34765625 0.7104359375 0.328125 0.7158249999999999 0.27734375 0.73934375 0.2685546875 0.7599218750000001 0.306640625 0.7599218750000001 0.34765625 0.7555125 0.400390625 0.751103125 0.4453125 0.743753125 0.4541015625 0.730525 0.4501953125 0.7123953125 0.4326171875 0.6932875000000001 0.421875 0.6923078125 0.3994140625 0.6923078125 0.376953125 0.7016171875
1 0.421875 0.6825078125 0.4130859375 0.6643796875 0.4072265625 0.6442921875 0.3857421875 0.638903125 0.35546875 0.6418421875 0.28515625 0.667809375 0.2490234375 0.675159375 0.2236328125 0.6932875000000001 0.2216796875 0.70700625 0.25390625 0.6898578125 0.306640625 0.681528125 0.2939453125 0.6932875000000001 0.2470703125 0.7104359375 0.240234375 0.723175 0.2978515625 0.70700625 0.3427734375 0.6986765625 0.4150390625 0.691328125 0.421875 0.6825078125
3 0.3798828125 0.6237140625 0.3837890625 0.6099953124999999 0.3359375 0.604115625 0.287109375 0.6286140625 0.169921875 0.6599703124999999 0.181640625 0.6741796875 0.3076171875 0.6506609375 0.384765625 0.6354734375 0.3798828125 0.6237140625
4 0.3544921875 0.62224375 0.390625 0.6148953125000001 0.3876953125 0.60215625 0.3642578125 0.5884375000000001 0.3134765625 0.5957859375 0.234375 0.596765625 0.1640625 0.599215625 0.193359375 0.6119546875 0.208984375 0.6173437500000001 0.28515625 0.6193046875 0.3544921875 0.62224375
5 0.3916015625 0.5845171875 0.3876953125 0.56981875 0.373046875 0.555609375 0.2880859375 0.5639390625 0.1787109375 0.576678125 0.1591796875 0.5874578125000001 0.2451171875 0.592846875 0.3193359375 0.5903968749999999 0.3916015625 0.5845171875
6 0.3837890625 0.5453203125 0.3818359375 0.5316015625 0.2744140625 0.524253125 0.1640625 0.5296421875 0.1787109375 0.544340625 0.25390625 0.5541406249999999 0.302734375 0.5561 0.37109375 0.5561 0.3837890625 0.5453203125
7 0.3818359375 0.5090640625 0.369140625 0.49926562499999994 0.27734375 0.5046546875 0.2255859375 0.5046546875 0.2216796875 0.514453125 0.2978515625 0.524253125 0.3515625 0.5252328125 0.3876953125 0.5252328125 0.3818359375 0.5090640625
8 0.30078125 0.4772171875 0.23046875 0.4791765625 0.23046875 0.4889765625 0.27734375 0.4953453125 0.33203125 0.498284375 0.376953125 0.501715625 0.3857421875 0.4791765625 0.30078125 0.4772171875
9 0.3603515625 0.47819687499999997 0.3896484375 0.4728078125 0.392578125 0.45320937499999997 0.3369140625 0.44782031250000004 0.26171875 0.44782031250000004 0.1875 0.45125000000000004 0.2041015625 0.4639875 0.2578125 0.469378125 0.3046875 0.4747671875 0.3603515625 0.47819687499999997
10 0.3154296875 0.44292031249999997 0.373046875 0.44683906249999994 0.3984375 0.432140625 0.3818359375 0.415971875 0.3046875 0.4061734375 0.169921875 0.4061734375 0.169921875 0.41891249999999997 0.23828125 0.42332187499999996 0.28515625 0.43508125 0.3154296875 0.44292031249999997
11 0.376953125 0.41499218750000005 0.3974609375 0.3949046875 0.396484375 0.387065625 0.328125 0.37775625 0.236328125 0.3782453125 0.236328125 0.3787359375 0.234375 0.3900046875 0.2978515625 0.39882343750000004 0.341796875 0.409603125 0.376953125 0.41499218750000005
12 0.3955078125 0.403234375 0.400390625 0.381675 0.3623046875 0.3645265625 0.2578125 0.332190625 0.19140625 0.327290625 0.1572265625 0.33464062499999997 0.1875 0.34394843750000004 0.279296875 0.37138593750000004 0.3671875 0.41107343749999997 0.3955078125 0.403234375
14 0.240234375 0.311121875 0.283203125 0.3380703125 0.337890625 0.3517890625 0.3779296875 0.3738359375 0.41796875 0.37138593750000004 0.41796875 0.3537484375 0.4384765625 0.32925 0.4365234375 0.3140625 0.3349609375 0.3013234375 0.23828125 0.276825 0.2109375 0.28319375 0.2880859375 0.3076921875 0.240234375 0.311121875
15 0.3154296875 0.2454671875 0.3515625 0.262615625 0.27734375 0.25967656250000004 0.32421875 0.28123437500000004 0.3623046875 0.2939734375 0.41015625 0.3150421875 0.453125 0.3150421875 0.4541015625 0.292503125 0.4736328125 0.284175 0.4814453125 0.26555625 0.4345703125 0.256246875 0.375 0.2508578125 0.328125 0.23370937500000002 0.2939453125 0.23370937500000002 0.3154296875 0.2454671875
16 0.3193359375 0.20382187499999999 0.3349609375 0.22537968749999998 0.3662109375 0.2454671875 0.396484375 0.2523265625 0.4326171875 0.24252812499999998 0.4609375 0.22537968749999998 0.46875 0.21558125 0.4580078125 0.20088124999999998 0.3896484375 0.1773640625 0.345703125 0.1729546875 0.322265625 0.18569375 0.3193359375 0.20382187499999999