13 0.32043125 0.34765625 0.3194515625 0.283203125 0.31651093750000003 0.2451171875 0.304753125 0.216796875 0.29544375 0.2197265625 0.28809375 0.2275390625 0.27535468750000003 0.2470703125 0.272415625 0.306640625 0.2665359375 0.357421875 0.2640859375 0.3984375 0.276334375 0.427734375 0.29936250000000003 0.4306640625 0.3194515625 0.431640625 0.3331703125 0.40234375 0.32043125 0.34765625
17 0.361096875 0.3515625 0.3625671875 0.30078125 0.3601171875 0.2431640625 0.34835937499999997 0.2451171875 0.34394843750000004 0.35546875 0.332190625 0.4130859375 0.332190625 0.4521484375 0.34394843750000004 0.46875 0.354728125 0.46875 0.36648749999999997 0.4345703125 0.36893750000000003 0.4033203125 0.361096875 0.3515625
18 0.38804531249999996 0.232421875 0.37922656250000003 0.2568359375 0.36795625 0.4609375 0.381675 0.4970703125 0.3968640625 0.4580078125 0.389025 0.3818359375 0.3924546875 0.328125 0.395884375 0.2734375 0.38804531249999996 0.232421875
19 0.42528125 0.2080078125 0.4140125 0.283203125 0.3968640625 0.3662109375 0.391475 0.4033203125 0.3968640625 0.4619140625 0.41499218750000005 0.4501953125 0.4292015625 0.42578125 0.43753125 0.28515625 0.437040625 0.236328125 0.42528125 0.2080078125
20 0.43116093749999995 0.4052734375 0.41695312500000004 0.4697265625 0.4385109375 0.4990234375 0.45565937500000003 0.4853515625 0.46643749999999995 0.376953125 0.46643749999999995 0.2939453125 0.4546796875 0.279296875 0.43116093749999995 0.4052734375
21 0.4728078125 0.2744140625 0.46006875 0.421875 0.45565937500000003 0.4794921875 0.46643749999999995 0.5244140625 0.48652656250000004 0.509765625 0.498284375 0.46875 0.48750625000000003 0.375 0.48652656250000004 0.2900390625 0.4728078125 0.2744140625
22 0.524253125 0.2578125 0.5080843749999999 0.4306640625 0.49730468749999995 0.4990234375 0.528171875 0.5078125 0.544340625 0.46875 0.53993125 0.373046875 0.5467906250000001 0.279296875 0.5389515625 0.2451171875 0.524253125 0.2578125
30 0.5541406249999999 0.27734375 0.54875 0.3896484375 0.544340625 0.4775390625 0.5595296875 0.48828125 0.5786374999999999 0.470703125 0.5732484375 0.400390625 0.5639390625 0.3115234375 0.5639390625 0.2578125 0.5541406249999999 0.27734375
29 0.60215625 0.236328125 0.5894171874999999 0.2431640625 0.5810875 0.3798828125 0.5786374999999999 0.4501953125 0.5903968749999999 0.484375 0.6119546875 0.4794921875 0.6193046875 0.4345703125 0.6099953124999999 0.373046875 0.606565625 0.2744140625 0.60215625 0.236328125
23 0.612934375 0.23828125 0.6075453125 0.376953125 0.626653125 0.44140625 0.6452718749999999 0.4560546875 0.6624203125 0.4521484375 0.6580109375000001 0.3857421875 0.636453125 0.2978515625 0.6310625 0.2509765625 0.612934375 0.23828125
24 0.658990625 0.2197265625 0.6624203125 0.3798828125 0.658990625 0.44140625 0.688878125 0.4345703125 0.6967171875 0.3984375 0.6878984375 0.3349609375 0.6825078125 0.2744140625 0.6687890624999999 0.2060546875 0.658990625 0.2197265625
25 0.7457125 0.3154296875 0.7359140625 0.2431640625 0.727584375 0.19140625 0.7104359375 0.1787109375 0.7030875 0.1962890625 0.697696875 0.3115234375 0.6986765625 0.3837890625 0.6986765625 0.41796875 0.7202359375 0.423828125 0.73934375 0.419921875 0.7520828125000001 0.4111328125 0.7545328125 0.373046875 0.7457125 0.3154296875
0 0.7765796875000001 0.673828125 0.77805 0.6181640625 0.7599218750000001 0.5673828125 0.737384375 0.4912109375 0.7285640625 0.4755859375 0.7060265625000001 0.4794921875 0.6780984375 0.5419921875 0.7148453124999999 0.6015625 0.757471875 0.6630859375 0.7765796875000001 0.673828125
3 0.6741796875 0.716796875 0.6741796875 0.625 0.681528125 0.576171875 0.6785890625000001 0.53125 0.6609499999999999 0.5205078125 0.6438015625 0.5205078125 0.6482109375 0.654296875 0.6599703124999999 0.7314453125 0.6741796875 0.716796875
4 0.606565625 0.7255859375 0.6217546875 0.791015625 0.6335124999999999 0.76953125 0.6310625 0.6806640625 0.63204375 0.626953125 0.636453125 0.5927734375 0.6462515625 0.5498046875 0.6237140625 0.529296875 0.6075453125 0.5390625 0.6055859375 0.6103515625 0.606565625 0.7255859375
5 0.567859375 0.791015625 0.5786374999999999 0.7802734375 0.5894171874999999 0.6572265625 0.597746875 0.583984375 0.6011765625 0.5419921875 0.5894171874999999 0.5224609375 0.5732484375 0.537109375 0.5688390625 0.6015625 0.567859375 0.72265625 0.567859375 0.791015625
6 0.5507109375 0.7421875 0.5551203124999999 0.64453125 0.5658984375 0.576171875 0.5639390625 0.5390625 0.54875 0.5205078125 0.537971875 0.5439453125 0.530621875 0.71484375 0.5369921875 0.765625 0.5507109375 0.7421875
7 0.5208234375 0.6611328125 0.5316015625 0.6015625 0.537971875 0.53125 0.5178828125 0.53125 0.5110234375 0.578125 0.5110234375 0.69921875 0.515434375 0.736328125 0.5208234375 0.6611328125
8 0.49926562499999994 0.689453125 0.498284375 0.7021484375 0.5080843749999999 0.6015625 0.5134734375 0.556640625 0.5046546875 0.5263671875 0.48750625000000003 0.533203125 0.48750625000000003 0.599609375 0.48750625000000003 0.6572265625 0.48750625000000003 0.7978515625 0.49926562499999994 0.689453125
9 0.4747671875 0.74609375 0.4737875 0.650390625 0.47819687499999997 0.5927734375 0.4835859375 0.53515625 0.4639875 0.533203125 0.45320937499999997 0.556640625 0.4610484375 0.625 0.46202812499999996 0.73828125 0.4747671875 0.74609375
10 0.41891249999999997 0.7783203125 0.4341015625 0.7998046875 0.44585937500000006 0.7080078125 0.45222968750000003 0.6357421875 0.45565937500000003 0.5712890625 0.45026875000000005 0.53125 0.4341015625 0.5263671875 0.42234218749999997 0.560546875 0.41891249999999997 0.6845703125 0.41891249999999997 0.7783203125
11 0.3924546875 0.8037109375 0.4140125 0.7119140625 0.41499218750000005 0.630859375 0.41695312500000004 0.5478515625 0.3900046875 0.537109375 0.381675 0.578125 0.38804531249999996 0.7041015625 0.38510468750000004 0.7783203125 0.3924546875 0.8037109375
12 0.3400296875 0.7958984375 0.3517890625 0.783203125 0.36550781250000003 0.6806640625 0.3782453125 0.580078125 0.3782453125 0.5419921875 0.3601171875 0.53515625 0.34394843750000004 0.53515625 0.3366 0.5927734375 0.3400296875 0.7568359375 0.3400296875 0.7958984375
15 0.256246875 0.4560546875 0.23909843749999998 0.5419921875 0.212640625 0.6103515625 0.212640625 0.646484375 0.23370937500000002 0.646484375 0.26506562499999997 0.6123046875 0.2778046875 0.5693359375 0.29054375 0.5439453125 0.302303125 0.529296875 0.304753125 0.5009765625 0.288584375 0.4814453125 0.272415625 0.4521484375 0.256246875 0.4560546875