13 0.7802734375 0.29544375 0.7724609375 0.28809375 0.7529296875 0.27535468750000003 0.693359375 0.272415625 0.642578125 0.2665359375 0.6015625 0.2640859375 0.572265625 0.276334375 0.5693359375 0.29936250000000003 0.568359375 0.3194515625 0.59765625 0.3331703125 0.65234375 0.32043125 0.716796875 0.3194515625 0.7548828125 0.31651093750000003 0.783203125 0.304753125 0.7802734375 0.29544375
17 0.64453125 0.34394843750000004 0.5869140625 0.332190625 0.5478515625 0.332190625 0.53125 0.34394843750000004 0.53125 0.354728125 0.5654296875 0.36648749999999997 0.5966796875 0.36893750000000003 0.6484375 0.361096875 0.69921875 0.3625671875 0.7568359375 0.3601171875 0.7548828125 0.34835937499999997 0.64453125 0.34394843750000004
18 0.5419921875 0.3968640625 0.6181640625 0.389025 0.671875 0.3924546875 0.7265625 0.395884375 0.767578125 0.38804531249999996 0.7431640625 0.37922656250000003 0.5390625 0.36795625 0.5029296875 0.381675 0.5419921875 0.3968640625
19 0.5380859375 0.3968640625 0.5498046875 0.41499218750000005 0.57421875 0.4292015625 0.71484375 0.43753125 0.763671875 0.437040625 0.7919921875 0.42528125 0.716796875 0.4140125 0.6337890625 0.3968640625 0.5966796875 0.391475 0.5380859375 0.3968640625
20 0.623046875 0.46643749999999995 0.7060546875 0.46643749999999995 0.720703125 0.4546796875 0.5947265625 0.43116093749999995 0.5302734375 0.41695312500000004 0.5009765625 0.4385109375 0.5146484375 0.45565937500000003 0.623046875 0.46643749999999995
21 0.490234375 0.48652656250000004 0.53125 0.498284375 0.625 0.48750625000000003 0.7099609375 0.48652656250000004 0.7255859375 0.4728078125 0.578125 0.46006875 0.5205078125 0.45565937500000003 0.4755859375 0.46643749999999995 0.490234375 0.48652656250000004
22 0.53125 0.544340625 0.626953125 0.53993125 0.720703125 0.5467906250000001 0.7548828125 0.5389515625 0.7421875 0.524253125 0.5693359375 0.5080843749999999 0.5009765625 0.49730468749999995 0.4921875 0.528171875 0.53125 0.544340625
30 0.529296875 0.5786374999999999 0.599609375 0.5732484375 0.6884765625 0.5639390625 0.7421875 0.5639390625 0.72265625 0.5541406249999999 0.6103515625 0.54875 0.5224609375 0.544340625 0.51171875 0.5595296875 0.529296875 0.5786374999999999
29 0.515625 0.5903968749999999 0.5205078125 0.6119546875 0.5654296875 0.6193046875 0.626953125 0.6099953124999999 0.7255859375 0.606565625 0.763671875 0.60215625 0.7568359375 0.5894171874999999 0.6201171875 0.5810875 0.5498046875 0.5786374999999999 0.515625 0.5903968749999999
23 0.5478515625 0.6624203125 0.6142578125 0.6580109375000001 0.7021484375 0.636453125 0.7490234375 0.6310625 0.76171875 0.612934375 0.623046875 0.6075453125 0.55859375 0.626653125 0.5439453125 0.6452718749999999 0.5478515625 0.6624203125
24 0.6015625 0.6967171875 0.6650390625 0.6878984375 0.7255859375 0.6825078125 0.7939453125 0.6687890624999999 0.7802734375 0.658990625 0.6201171875 0.6624203125 0.55859375 0.658990625 0.5654296875 0.688878125 0.6015625 0.6967171875
25 0.8037109375 0.7030875 0.6884765625 0.697696875 0.6162109375 0.6986765625 0.58203125 0.6986765625 0.576171875 0.7202359375 0.580078125 0.73934375 0.5888671875 0.7520828125000001 0.626953125 0.7545328125 0.6845703125 0.7457125 0.7568359375 0.7359140625 0.80859375 0.727584375 0.8212890625 0.7104359375 0.8037109375 0.7030875
0 0.5244140625 0.7285640625 0.5205078125 0.7060265625000001 0.4580078125 0.6780984375 0.3984375 0.7148453124999999 0.3369140625 0.757471875 0.326171875 0.7765796875000001 0.3818359375 0.77805 0.4326171875 0.7599218750000001 0.5087890625 0.737384375 0.5244140625 0.7285640625
3 0.4794921875 0.6609499999999999 0.4794921875 0.6438015625 0.345703125 0.6482109375 0.2685546875 0.6599703124999999 0.283203125 0.6741796875 0.375 0.6741796875 0.423828125 0.681528125 0.46875 0.6785890625000001 0.4794921875 0.6609499999999999
4 0.373046875 0.63204375 0.4072265625 0.636453125 0.4501953125 0.6462515625 0.470703125 0.6237140625 0.4609375 0.6075453125 0.3896484375 0.6055859375 0.2744140625 0.606565625 0.208984375 0.6217546875 0.23046875 0.6335124999999999 0.3193359375 0.6310625 0.373046875 0.63204375
5 0.4580078125 0.6011765625 0.4775390625 0.5894171874999999 0.462890625 0.5732484375 0.3984375 0.5688390625 0.27734375 0.567859375 0.208984375 0.567859375 0.2197265625 0.5786374999999999 0.3427734375 0.5894171874999999 0.416015625 0.597746875 0.4580078125 0.6011765625
6 0.4794921875 0.54875 0.4560546875 0.537971875 0.28515625 0.530621875 0.234375 0.5369921875 0.2578125 0.5507109375 0.35546875 0.5551203124999999 0.423828125 0.5658984375 0.4609375 0.5639390625 0.4794921875 0.54875
7 0.421875 0.5110234375 0.30078125 0.5110234375 0.263671875 0.515434375 0.3388671875 0.5208234375 0.3984375 0.5316015625 0.46875 0.537971875 0.46875 0.5178828125 0.421875 0.5110234375
8 0.4736328125 0.5046546875 0.466796875 0.48750625000000003 0.400390625 0.48750625000000003 0.3427734375 0.48750625000000003 0.2021484375 0.48750625000000003 0.310546875 0.49926562499999994 0.2978515625 0.498284375 0.3984375 0.5080843749999999 0.443359375 0.5134734375 0.4736328125 0.5046546875
9 0.466796875 0.4639875 0.443359375 0.45320937499999997 0.375 0.4610484375 0.26171875 0.46202812499999996 0.25390625 0.4747671875 0.349609375 0.4737875 0.4072265625 0.47819687499999997 0.46484375 0.4835859375 0.466796875 0.4639875
10 0.4287109375 0.45565937500000003 0.46875 0.45026875000000005 0.4736328125 0.4341015625 0.439453125 0.42234218749999997 0.3154296875 0.41891249999999997 0.2216796875 0.41891249999999997 0.2001953125 0.4341015625 0.2919921875 0.44585937500000006 0.3642578125 0.45222968750000003 0.4287109375 0.45565937500000003
11 0.462890625 0.3900046875 0.421875 0.381675 0.2958984375 0.38804531249999996 0.2216796875 0.38510468750000004 0.1962890625 0.3924546875 0.2880859375 0.4140125 0.369140625 0.41499218750000005 0.4521484375 0.41695312500000004 0.462890625 0.3900046875
12 0.4580078125 0.3782453125 0.46484375 0.3601171875 0.46484375 0.34394843750000004 0.4072265625 0.3366 0.2431640625 0.3400296875 0.2041015625 0.3400296875 0.216796875 0.3517890625 0.3193359375 0.36550781250000003 0.419921875 0.3782453125 0.4580078125 0.3782453125
15 0.353515625 0.23370937500000002 0.3876953125 0.26506562499999997 0.4306640625 0.2778046875 0.4560546875 0.29054375 0.470703125 0.302303125 0.4990234375 0.304753125 0.5185546875 0.288584375 0.5478515625 0.272415625 0.5439453125 0.256246875 0.4580078125 0.23909843749999998 0.3896484375 0.212640625 0.353515625 0.212640625 0.353515625 0.23370937500000002