17 0.3993140625 0.2998046875 0.393434375 0.2646484375 0.3875546875 0.296875 0.3723671875 0.41015625 0.384615625 0.447265625 0.395884375 0.4375 0.3993140625 0.361328125 0.3993140625 0.2998046875
18 0.41842187500000005 0.3125 0.41156249999999994 0.3369140625 0.40274374999999996 0.3310546875 0.4017640625 0.4150390625 0.398334375 0.4443359375 0.41940156249999994 0.4541015625 0.42381250000000004 0.310546875 0.41842187500000005 0.3125
19 0.4331203125 0.271484375 0.4164625 0.4619140625 0.43508125 0.4765625 0.45026875000000005 0.4677734375 0.44977968749999997 0.3369140625 0.4399796875 0.2822265625 0.4331203125 0.271484375
20 0.4747671875 0.484375 0.4747671875 0.361328125 0.470846875 0.31640625 0.457128125 0.3251953125 0.44880000000000003 0.486328125 0.4747671875 0.484375
21 0.47966718750000004 0.3974609375 0.47329687500000006 0.4814453125 0.49926562499999994 0.4892578125 0.5026953125 0.3896484375 0.5026953125 0.3544921875 0.48995625 0.3359375 0.47966718750000004 0.3974609375
22 0.5276828124999999 0.3974609375 0.5213125 0.3525390625 0.5075937500000001 0.3681640625 0.5051453125 0.4814453125 0.5203328125 0.49609375 0.5316015625 0.494140625 0.533071875 0.416015625 0.5276828124999999 0.3974609375
30 0.5394421875 0.3466796875 0.5340515625 0.494140625 0.5511999999999999 0.474609375 0.55855 0.3642578125 0.5551203124999999 0.330078125 0.551690625 0.310546875 0.5394421875 0.3466796875
29 0.5796171875 0.458984375 0.5864765625 0.33984375 0.5825578124999999 0.30078125 0.5668796875 0.322265625 0.5526703125 0.4716796875 0.5796171875 0.458984375
3 0.636453125 0.673828125 0.636453125 0.626953125 0.636453125 0.607421875 0.636453125 0.5654296875 0.6139140624999999 0.54296875 0.596765625 0.5478515625 0.6055859375 0.6123046875 0.612934375 0.6982421875 0.6217546875 0.75 0.631553125 0.7646484375 0.64723125 0.7451171875 0.636453125 0.673828125
4 0.561 0.5673828125 0.5805984375000001 0.67578125 0.5869671875 0.7451171875 0.596765625 0.7744140625 0.610484375 0.779296875 0.610484375 0.6982421875 0.606565625 0.619140625 0.5982359374999999 0.552734375 0.561 0.5673828125
5 0.5526703125 0.7353515625 0.5707984374999999 0.7744140625 0.5859875 0.76171875 0.57471875 0.646484375 0.55855 0.5625 0.53993125 0.5869140625 0.5511999999999999 0.6806640625 0.5526703125 0.7353515625
6 0.53748125 0.580078125 0.5227828125 0.5966796875 0.5203328125 0.7373046875 0.5350312500000001 0.7568359375 0.5350312500000001 0.658203125 0.53748125 0.580078125
7 0.516903125 0.75 0.5203328125 0.638671875 0.5178828125 0.58984375 0.5041640625 0.58984375 0.4933859375 0.6123046875 0.5041640625 0.740234375 0.516903125 0.75
8 0.4772171875 0.5947265625 0.480646875 0.7001953125 0.480646875 0.7421875 0.498284375 0.7373046875 0.498284375 0.5947265625 0.4772171875 0.5947265625
9 0.47819687499999997 0.5966796875 0.45125000000000004 0.5771484375 0.44977968749999997 0.7373046875 0.4683984375 0.7294921875 0.480646875 0.6533203125 0.47819687499999997 0.5966796875
10 0.42773125 0.7470703125 0.44880000000000003 0.6513671875 0.45271875 0.580078125 0.42675156249999996 0.580078125 0.4130328125 0.703125 0.41156249999999994 0.7548828125 0.42773125 0.7470703125
11 0.4081328125 0.7421875 0.42038281250000004 0.626953125 0.4243015625 0.5673828125 0.388534375 0.560546875 0.382165625 0.712890625 0.382165625 0.7373046875 0.4081328125 0.7421875
12 0.347378125 0.646484375 0.33904999999999996 0.732421875 0.3561984375 0.76953125 0.3782453125 0.6904296875 0.388534375 0.58984375 0.390984375 0.5576171875 0.363546875 0.5380859375 0.347378125 0.646484375
14 0.3586484375 0.55078125 0.3601171875 0.525390625 0.3424796875 0.515625 0.3042625 0.486328125 0.274865625 0.599609375 0.261146875 0.6337890625 0.2709453125 0.673828125 0.2959328125 0.67578125 0.32043125 0.6337890625 0.3463984375 0.599609375 0.3586484375 0.55078125