17 0.7001953125 0.3993140625 0.7353515625 0.393434375 0.703125 0.3875546875 0.58984375 0.3723671875 0.552734375 0.384615625 0.5625 0.395884375 0.638671875 0.3993140625 0.7001953125 0.3993140625
18 0.6875 0.41842187500000005 0.6630859375 0.41156249999999994 0.6689453125 0.40274374999999996 0.5849609375 0.4017640625 0.5556640625 0.398334375 0.5458984375 0.41940156249999994 0.689453125 0.42381250000000004 0.6875 0.41842187500000005
19 0.728515625 0.4331203125 0.5380859375 0.4164625 0.5234375 0.43508125 0.5322265625 0.45026875000000005 0.6630859375 0.44977968749999997 0.7177734375 0.4399796875 0.728515625 0.4331203125
20 0.515625 0.4747671875 0.638671875 0.4747671875 0.68359375 0.470846875 0.6748046875 0.457128125 0.513671875 0.44880000000000003 0.515625 0.4747671875
21 0.6025390625 0.47966718750000004 0.5185546875 0.47329687500000006 0.5107421875 0.49926562499999994 0.6103515625 0.5026953125 0.6455078125 0.5026953125 0.6640625 0.48995625 0.6025390625 0.47966718750000004
22 0.6025390625 0.5276828124999999 0.6474609375 0.5213125 0.6318359375 0.5075937500000001 0.5185546875 0.5051453125 0.50390625 0.5203328125 0.505859375 0.5316015625 0.583984375 0.533071875 0.6025390625 0.5276828124999999
30 0.6533203125 0.5394421875 0.505859375 0.5340515625 0.525390625 0.5511999999999999 0.6357421875 0.55855 0.669921875 0.5551203124999999 0.689453125 0.551690625 0.6533203125 0.5394421875
29 0.541015625 0.5796171875 0.66015625 0.5864765625 0.69921875 0.5825578124999999 0.677734375 0.5668796875 0.5283203125 0.5526703125 0.541015625 0.5796171875
3 0.326171875 0.636453125 0.373046875 0.636453125 0.392578125 0.636453125 0.4345703125 0.636453125 0.45703125 0.6139140624999999 0.4521484375 0.596765625 0.3876953125 0.6055859375 0.3017578125 0.612934375 0.25 0.6217546875 0.2353515625 0.631553125 0.2548828125 0.64723125 0.326171875 0.636453125
4 0.4326171875 0.561 0.32421875 0.5805984375000001 0.2548828125 0.5869671875 0.2255859375 0.596765625 0.220703125 0.610484375 0.3017578125 0.610484375 0.380859375 0.606565625 0.447265625 0.5982359374999999 0.4326171875 0.561
5 0.2646484375 0.5526703125 0.2255859375 0.5707984374999999 0.23828125 0.5859875 0.353515625 0.57471875 0.4375 0.55855 0.4130859375 0.53993125 0.3193359375 0.5511999999999999 0.2646484375 0.5526703125
6 0.419921875 0.53748125 0.4033203125 0.5227828125 0.2626953125 0.5203328125 0.2431640625 0.5350312500000001 0.341796875 0.5350312500000001 0.419921875 0.53748125
7 0.25 0.516903125 0.361328125 0.5203328125 0.41015625 0.5178828125 0.41015625 0.5041640625 0.3876953125 0.4933859375 0.259765625 0.5041640625 0.25 0.516903125
8 0.4052734375 0.4772171875 0.2998046875 0.480646875 0.2578125 0.480646875 0.2626953125 0.498284375 0.4052734375 0.498284375 0.4052734375 0.4772171875
9 0.4033203125 0.47819687499999997 0.4228515625 0.45125000000000004 0.2626953125 0.44977968749999997 0.2705078125 0.4683984375 0.3466796875 0.480646875 0.4033203125 0.47819687499999997
10 0.2529296875 0.42773125 0.3486328125 0.44880000000000003 0.419921875 0.45271875 0.419921875 0.42675156249999996 0.296875 0.4130328125 0.2451171875 0.41156249999999994 0.2529296875 0.42773125
11 0.2578125 0.4081328125 0.373046875 0.42038281250000004 0.4326171875 0.4243015625 0.439453125 0.388534375 0.287109375 0.382165625 0.2626953125 0.382165625 0.2578125 0.4081328125
12 0.353515625 0.347378125 0.267578125 0.33904999999999996 0.23046875 0.3561984375 0.3095703125 0.3782453125 0.41015625 0.388534375 0.4423828125 0.390984375 0.4619140625 0.363546875 0.353515625 0.347378125
14 0.44921875 0.3586484375 0.474609375 0.3601171875 0.484375 0.3424796875 0.513671875 0.3042625 0.400390625 0.274865625 0.3662109375 0.261146875 0.326171875 0.2709453125 0.32421875 0.2959328125 0.3662109375 0.32043125 0.400390625 0.3463984375 0.44921875 0.3586484375