26 0.702596875 0.40234375 0.6957375 0.4619140625 0.6918171875 0.5380859375 0.71680625 0.529296875 0.737384375 0.533203125 0.74179375 0.4951171875 0.736403125 0.427734375 0.7466921875 0.345703125 0.7217046875 0.3427734375 0.702596875 0.40234375
0 0.7805 0.673828125 0.762371875 0.62890625 0.7471828125 0.580078125 0.7290546875 0.5458984375 0.7006375 0.5654296875 0.6893671875 0.58203125 0.6908375 0.62890625 0.7192546875 0.6708984375 0.746203125 0.7197265625 0.7658015625 0.7294921875 0.751103125 0.685546875 0.7422828124999999 0.6611328125 0.7805 0.673828125
3 0.611465625 0.5947265625 0.610484375 0.638671875 0.626653125 0.724609375 0.6374328125 0.771484375 0.6585 0.7958984375 0.6487015625 0.712890625 0.6511515625000001 0.6337890625 0.6467421875 0.5908203125 0.611465625 0.5947265625
4 0.581578125 0.6552734375 0.59235625 0.7587890625 0.608525 0.8076171875 0.6124453125 0.7099609375 0.612934375 0.642578125 0.6075453125 0.59765625 0.5801078125 0.603515625 0.581578125 0.6552734375
5 0.55365 0.7861328125 0.5575703125 0.8212890625 0.5756984375 0.81640625 0.5756984375 0.7001953125 0.5796171875 0.607421875 0.5502203125 0.58984375 0.5438515625 0.6806640625 0.55365 0.7861328125
6 0.524253125 0.60546875 0.5198437499999999 0.6591796875 0.5208234375 0.740234375 0.5208234375 0.765625 0.5325828125000001 0.78515625 0.5335625 0.7333984375 0.544340625 0.6630859375 0.544340625 0.5927734375 0.524253125 0.60546875
7 0.5227828125 0.599609375 0.49289531249999996 0.6015625 0.49730468749999995 0.763671875 0.5110234375 0.76171875 0.5188640625 0.671875 0.5227828125 0.599609375
8 0.47035781249999997 0.64453125 0.4683984375 0.7119140625 0.47035781249999997 0.76953125 0.4889765625 0.7041015625 0.49926562499999994 0.630859375 0.49926562499999994 0.60546875 0.47819687499999997 0.60546875 0.47035781249999997 0.64453125
9 0.4439 0.76953125 0.4674171875 0.669921875 0.48015625 0.5966796875 0.44683906249999994 0.5888671875 0.44683906249999994 0.673828125 0.4385109375 0.744140625 0.4439 0.76953125
10 0.45125000000000004 0.580078125 0.41891249999999997 0.5888671875 0.4125421875 0.671875 0.40519375 0.7509765625 0.402253125 0.8037109375 0.42773125 0.736328125 0.439490625 0.6884765625 0.4492890625 0.6416015625 0.45125000000000004 0.580078125
11 0.415971875 0.5888671875 0.38804531249999996 0.578125 0.377265625 0.693359375 0.3762859375 0.740234375 0.37530625 0.7890625 0.3900046875 0.7529296875 0.403234375 0.677734375 0.41499218750000005 0.6123046875 0.415971875 0.5888671875
12 0.347378125 0.583984375 0.3356203125 0.7314453125 0.34296875 0.76171875 0.36648749999999997 0.720703125 0.379715625 0.6611328125 0.3860859375 0.5947265625 0.36795625 0.5673828125 0.347378125 0.583984375
2 0.2640859375 0.5185546875 0.2876046875 0.5185546875 0.30034375 0.48828125 0.2851546875 0.416015625 0.2665359375 0.353515625 0.26065625 0.3330078125 0.2459578125 0.3408203125 0.24448750000000002 0.4267578125 0.2523265625 0.4951171875 0.2640859375 0.5185546875
17 0.3219015625 0.4814453125 0.31308125000000003 0.53515625 0.327290625 0.5478515625 0.3561984375 0.5390625 0.3581578125 0.5009765625 0.34835937499999997 0.4375 0.34394843750000004 0.373046875 0.3375796875 0.3408203125 0.32288125 0.33203125 0.3219015625 0.423828125 0.3219015625 0.4814453125
19 0.41891249999999997 0.5419921875 0.41058281250000006 0.439453125 0.414503125 0.40234375 0.4042140625 0.3515625 0.3860859375 0.353515625 0.3860859375 0.5224609375 0.38510468750000004 0.55859375 0.4061734375 0.5712890625 0.41891249999999997 0.5419921875
20 0.41499218750000005 0.55859375 0.429690625 0.5732421875 0.4439 0.576171875 0.4404703125 0.509765625 0.4385109375 0.4267578125 0.43116093749999995 0.396484375 0.42773125 0.373046875 0.4140125 0.3427734375 0.4042140625 0.3662109375 0.41499218750000005 0.5205078125 0.41499218750000005 0.55859375
21 0.45222968750000003 0.5712890625 0.47035781249999997 0.576171875 0.48652656250000004 0.578125 0.48113593750000005 0.4521484375 0.4683984375 0.3662109375 0.4546796875 0.345703125 0.44585937500000006 0.3642578125 0.44585937500000006 0.484375 0.4404703125 0.5458984375 0.45222968750000003 0.5712890625
22 0.484565625 0.5419921875 0.484565625 0.5712890625 0.5178828125 0.5927734375 0.5252328125 0.5625 0.5252328125 0.4775390625 0.5208234375 0.41796875 0.514453125 0.3662109375 0.48652656250000004 0.3515625 0.4747671875 0.3642578125 0.4835859375 0.4287109375 0.48995625 0.3876953125 0.484565625 0.5419921875
30 0.515434375 0.583984375 0.54238125 0.5888671875 0.5614890625 0.583984375 0.560509375 0.5419921875 0.5570796875 0.5009765625 0.5551203124999999 0.4501953125 0.5531609375000001 0.4111328125 0.5467906250000001 0.375 0.544340625 0.349609375 0.5198437499999999 0.3427734375 0.521803125 0.3603515625 0.515434375 0.583984375
29 0.5614890625 0.490234375 0.5624687500000001 0.55859375 0.5624687500000001 0.583984375 0.5820671875000001 0.5947265625 0.596765625 0.58203125 0.592846875 0.5263671875 0.5859875 0.466796875 0.5859875 0.3896484375 0.5859875 0.345703125 0.5688390625 0.345703125 0.560509375 0.3623046875 0.5614890625 0.490234375
23 0.5810875 0.46484375 0.5957859375 0.556640625 0.6075453125 0.583984375 0.6193046875 0.583984375 0.63204375 0.55859375 0.6310625 0.515625 0.618325 0.46484375 0.6119546875 0.419921875 0.6119546875 0.376953125 0.6148953125000001 0.330078125 0.5874578125000001 0.3369140625 0.5810875 0.46484375