26 0.297403125 0.59765625 0.3042625 0.5380859375 0.3081828125 0.4619140625 0.28319375 0.470703125 0.262615625 0.466796875 0.25820625 0.5048828125 0.263596875 0.572265625 0.2533078125 0.654296875 0.2782953125 0.6572265625 0.297403125 0.59765625
0 0.21949999999999997 0.326171875 0.237628125 0.37109375 0.2528171875 0.419921875 0.2709453125 0.4541015625 0.29936250000000003 0.4345703125 0.3106328125 0.41796875 0.3091625 0.37109375 0.2807453125 0.3291015625 0.25379687500000003 0.2802734375 0.2341984375 0.2705078125 0.24889687500000002 0.314453125 0.2577171875 0.3388671875 0.21949999999999997 0.326171875
3 0.388534375 0.4052734375 0.389515625 0.361328125 0.373346875 0.275390625 0.3625671875 0.228515625 0.3415 0.2041015625 0.3512984375 0.287109375 0.3488484375 0.3662109375 0.3532578125 0.4091796875 0.388534375 0.4052734375
4 0.41842187500000005 0.3447265625 0.40764374999999997 0.2412109375 0.391475 0.1923828125 0.3875546875 0.2900390625 0.387065625 0.357421875 0.3924546875 0.40234375 0.4198921875 0.396484375 0.41842187500000005 0.3447265625
5 0.44634999999999997 0.2138671875 0.44242968749999995 0.1787109375 0.4243015625 0.18359375 0.4243015625 0.2998046875 0.42038281250000004 0.392578125 0.44977968749999997 0.41015625 0.4561484375 0.3193359375 0.44634999999999997 0.2138671875
6 0.475746875 0.39453125 0.48015625 0.3408203125 0.4791765625 0.259765625 0.4791765625 0.234375 0.4674171875 0.21484375 0.46643749999999995 0.2666015625 0.45565937500000003 0.3369140625 0.45565937500000003 0.4072265625 0.475746875 0.39453125
7 0.4772171875 0.400390625 0.5071046875 0.3984375 0.5026953125 0.236328125 0.4889765625 0.23828125 0.48113593750000005 0.328125 0.4772171875 0.400390625
8 0.5296421875 0.35546875 0.5316015625 0.2880859375 0.5296421875 0.23046875 0.5110234375 0.2958984375 0.5007343750000001 0.369140625 0.5007343750000001 0.39453125 0.521803125 0.39453125 0.5296421875 0.35546875
9 0.5561 0.23046875 0.5325828125000001 0.330078125 0.5198437499999999 0.4033203125 0.5531609375000001 0.4111328125 0.5531609375000001 0.326171875 0.5614890625 0.255859375 0.5561 0.23046875
10 0.54875 0.419921875 0.5810875 0.4111328125 0.5874578125000001 0.328125 0.59480625 0.2490234375 0.597746875 0.1962890625 0.57226875 0.263671875 0.560509375 0.3115234375 0.5507109375 0.3583984375 0.54875 0.419921875
11 0.584028125 0.4111328125 0.6119546875 0.421875 0.6227343750000001 0.306640625 0.6237140625 0.259765625 0.6246937499999999 0.2109375 0.6099953124999999 0.2470703125 0.596765625 0.322265625 0.5850078125 0.3876953125 0.584028125 0.4111328125
12 0.652621875 0.416015625 0.6643796875 0.2685546875 0.65703125 0.23828125 0.6335124999999999 0.279296875 0.620284375 0.3388671875 0.6139140624999999 0.4052734375 0.63204375 0.4326171875 0.652621875 0.416015625
2 0.7359140625 0.4814453125 0.7123953125 0.4814453125 0.6996578125 0.51171875 0.7148453124999999 0.583984375 0.7334640625 0.646484375 0.73934375 0.6669921875 0.7540421875 0.6591796875 0.7555125 0.5732421875 0.7476734375 0.5048828125 0.7359140625 0.4814453125
17 0.6780984375 0.5185546875 0.68691875 0.46484375 0.6727093749999999 0.4521484375 0.6438015625 0.4609375 0.6418421875 0.4990234375 0.651640625 0.5625 0.6560515625 0.626953125 0.6624203125 0.6591796875 0.67711875 0.66796875 0.6780984375 0.576171875 0.6780984375 0.5185546875
19 0.5810875 0.4580078125 0.5894171874999999 0.560546875 0.585496875 0.59765625 0.5957859375 0.6484375 0.6139140624999999 0.646484375 0.6139140624999999 0.4775390625 0.6148953125000001 0.44140625 0.5938265625 0.4287109375 0.5810875 0.4580078125
20 0.5850078125 0.44140625 0.570309375 0.4267578125 0.5561 0.423828125 0.5595296875 0.490234375 0.5614890625 0.5732421875 0.5688390625 0.603515625 0.57226875 0.626953125 0.5859875 0.6572265625 0.5957859375 0.6337890625 0.5850078125 0.4794921875 0.5850078125 0.44140625
21 0.5477703125 0.4287109375 0.5296421875 0.423828125 0.5134734375 0.421875 0.5188640625 0.5478515625 0.5316015625 0.6337890625 0.5453203125 0.654296875 0.5541406249999999 0.6357421875 0.5541406249999999 0.515625 0.5595296875 0.4541015625 0.5477703125 0.4287109375
22 0.515434375 0.4580078125 0.515434375 0.4287109375 0.4821171875 0.4072265625 0.4747671875 0.4375 0.4747671875 0.5224609375 0.4791765625 0.58203125 0.485546875 0.6337890625 0.5134734375 0.6484375 0.5252328125 0.6357421875 0.5164140625 0.5712890625 0.51004375 0.6123046875 0.515434375 0.4580078125
30 0.484565625 0.416015625 0.45761874999999996 0.4111328125 0.4385109375 0.416015625 0.439490625 0.4580078125 0.44292031249999997 0.4990234375 0.4448796875 0.5498046875 0.44683906249999994 0.5888671875 0.45320937499999997 0.625 0.45565937500000003 0.650390625 0.48015625 0.6572265625 0.47819687499999997 0.6396484375 0.484565625 0.416015625
29 0.4385109375 0.509765625 0.43753125 0.44140625 0.43753125 0.416015625 0.4179328125 0.4052734375 0.403234375 0.41796875 0.40715312499999995 0.4736328125 0.4140125 0.533203125 0.4140125 0.6103515625 0.4140125 0.654296875 0.43116093749999995 0.654296875 0.439490625 0.6376953125 0.4385109375 0.509765625
23 0.41891249999999997 0.53515625 0.4042140625 0.443359375 0.3924546875 0.416015625 0.3806953125 0.416015625 0.36795625 0.44140625 0.36893750000000003 0.484375 0.381675 0.53515625 0.38804531249999996 0.580078125 0.38804531249999996 0.623046875 0.38510468750000004 0.669921875 0.4125421875 0.6630859375 0.41891249999999997 0.53515625