7 0.51249375 0.58203125 0.49289531249999996 0.5869140625 0.49387499999999995 0.6240234375 0.496325 0.650390625 0.5002453124999999 0.6806640625 0.5041640625 0.7080078125 0.506125 0.7373046875 0.51494375 0.7626953125 0.5213125 0.734375 0.5183734375 0.703125 0.51739375 0.66796875 0.51739375 0.6396484375 0.516903125 0.6064453125 0.51249375 0.58203125
8 0.48162656249999997 0.591796875 0.4674171875 0.599609375 0.46986718749999995 0.6337890625 0.47329687500000006 0.662109375 0.4767265625 0.69140625 0.48162656249999997 0.716796875 0.48750625000000003 0.7392578125 0.49436562500000003 0.767578125 0.4977953125 0.7314453125 0.49289531249999996 0.701171875 0.491915625 0.66796875 0.49289531249999996 0.6279296875 0.491915625 0.5966796875 0.48162656249999997 0.591796875
9 0.4610484375 0.58203125 0.4473296875 0.5888671875 0.43655 0.5869140625 0.439490625 0.611328125 0.441940625 0.63671875 0.44683906249999994 0.666015625 0.4492890625 0.6953125 0.4546796875 0.7265625 0.46006875 0.75390625 0.47035781249999997 0.76953125 0.4688875 0.7265625 0.4674171875 0.703125 0.4674171875 0.6708984375 0.46643749999999995 0.640625 0.46643749999999995 0.6015625 0.4610484375 0.58203125
10 0.43899999999999995 0.6015625 0.4355703125 0.5791015625 0.4198921875 0.57421875 0.40764374999999997 0.5859375 0.40715312499999995 0.6171875 0.409603125 0.6474609375 0.4135234375 0.67578125 0.41499218750000005 0.7080078125 0.4179328125 0.744140625 0.42283125000000005 0.7744140625 0.4331203125 0.79296875 0.4404703125 0.767578125 0.4404703125 0.736328125 0.4409609375 0.7060546875 0.439490625 0.669921875 0.4409609375 0.6328125 0.43899999999999995 0.6015625
12 0.4056828125 0.6005859375 0.402253125 0.5830078125 0.389515625 0.57421875 0.37285625 0.578125 0.3645265625 0.5947265625 0.35766718750000004 0.642578125 0.3512984375 0.6787109375 0.343459375 0.7109375 0.347378125 0.74609375 0.37040625 0.7314453125 0.37922656250000003 0.7080078125 0.387065625 0.6884765625 0.3949046875 0.6650390625 0.402253125 0.6328125 0.4056828125 0.6005859375
6 0.516903125 0.5859375 0.516903125 0.6123046875 0.5178828125 0.6337890625 0.5232734375 0.6630859375 0.5271921875000001 0.6884765625 0.5311125 0.7158203125 0.53993125 0.7412109375 0.5463015625 0.7158203125 0.544340625 0.68359375 0.544340625 0.6533203125 0.542871875 0.611328125 0.542871875 0.58203125 0.5276828124999999 0.578125 0.516903125 0.5859375
5 0.5644296875 0.568359375 0.5507109375 0.5732421875 0.5453203125 0.591796875 0.544340625 0.6220703125 0.5477703125 0.650390625 0.5526703125 0.677734375 0.5590390625 0.7060546875 0.565409375 0.7333984375 0.57226875 0.7578125 0.5850078125 0.751953125 0.5820671875000001 0.7216796875 0.5801078125 0.6884765625 0.57716875 0.65234375 0.5732484375 0.6201171875 0.56981875 0.5888671875 0.5644296875 0.568359375
4 0.5859875 0.552734375 0.5752078125 0.568359375 0.57226875 0.599609375 0.5820671875000001 0.626953125 0.5874578125000001 0.65234375 0.592846875 0.685546875 0.6011765625 0.7158203125 0.6055859375 0.7421875 0.6168546874999999 0.7265625 0.610484375 0.68359375 0.609015625 0.650390625 0.6080359375 0.6123046875 0.606565625 0.576171875 0.6011765625 0.556640625 0.5859875 0.552734375
3 0.6344921875 0.5400390625 0.6217546875 0.5400390625 0.6080359375 0.5478515625 0.601665625 0.5615234375 0.610484375 0.5986328125 0.615384375 0.625 0.62224375 0.6552734375 0.6305734375000001 0.685546875 0.6408625 0.7119140625 0.6536015625 0.728515625 0.6511515625000001 0.6904296875 0.64723125 0.6650390625 0.6447812500000001 0.634765625 0.6433125000000001 0.599609375 0.6413515624999999 0.560546875 0.6344921875 0.5400390625
2 0.341009375 0.578125 0.3601171875 0.583984375 0.36648749999999997 0.54296875 0.3625671875 0.5146484375 0.3630578125 0.4873046875 0.3601171875 0.439453125 0.3566875 0.40625 0.349828125 0.3701171875 0.32533124999999996 0.3857421875 0.32043125 0.423828125 0.32043125 0.458984375 0.31651093750000003 0.4873046875 0.31308125000000003 0.517578125 0.3076921875 0.541015625 0.3125921875 0.56640625 0.3268 0.5732421875 0.341009375 0.578125
31 0.29005312499999997 0.5205078125 0.299853125 0.5361328125 0.3125921875 0.52734375 0.3140625 0.5 0.3125921875 0.4697265625 0.3106328125 0.43359375 0.3081828125 0.4052734375 0.3052421875 0.3759765625 0.299853125 0.3466796875 0.286134375 0.3427734375 0.2871140625 0.373046875 0.283684375 0.4052734375 0.276825 0.4267578125 0.26800625 0.451171875 0.26065625 0.4814453125 0.2660453125 0.501953125 0.277315625 0.5205078125 0.29005312499999997 0.5205078125
26 0.6947578125 0.53125 0.7065171875 0.5283203125 0.716315625 0.509765625 0.718765625 0.4873046875 0.7153359375 0.4638671875 0.707496875 0.421875 0.7084765625 0.3955078125 0.7065171875 0.3720703125 0.70210625 0.3447265625 0.6883874999999999 0.365234375 0.67711875 0.388671875 0.6741796875 0.4208984375 0.6756484375 0.44921875 0.6692796875 0.474609375 0.667809375 0.49609375 0.6697703125000001 0.515625 0.6795687499999999 0.5400390625 0.6947578125 0.53125
27 0.7447328125 0.490234375 0.7545328125 0.474609375 0.766290625 0.46875 0.766290625 0.4462890625 0.7599218750000001 0.4267578125 0.7506125 0.4130859375 0.74179375 0.388671875 0.7378734375 0.365234375 0.73444375 0.3427734375 0.728075 0.314453125 0.7148453124999999 0.333984375 0.7148453124999999 0.365234375 0.7153359375 0.3935546875 0.716315625 0.423828125 0.716315625 0.44921875 0.7177859375 0.4716796875 0.7212156249999999 0.4951171875 0.7354234374999999 0.5048828125 0.7447328125 0.490234375