16 0.222440625 0.5556640625 0.23517812500000002 0.5556640625 0.24693749999999998 0.55078125 0.24889687500000002 0.5283203125 0.24889687500000002 0.509765625 0.23664843750000003 0.494140625 0.226359375 0.466796875 0.223909375 0.4345703125 0.2067609375 0.44140625 0.187653125 0.4384765625 0.1660953125 0.439453125 0.1660953125 0.482421875 0.17344375 0.5126953125 0.181284375 0.5390625 0.192553125 0.533203125 0.2028421875 0.5380859375 0.21215156249999997 0.54296875 0.222440625 0.5556640625
15 0.2797640625 0.64453125 0.2846640625 0.609375 0.291034375 0.5771484375 0.29495312500000004 0.548828125 0.30279218750000003 0.5283203125 0.3091625 0.501953125 0.3081828125 0.4775390625 0.29789374999999996 0.4716796875 0.2851546875 0.4697265625 0.27192500000000003 0.466796875 0.26065625 0.4599609375 0.25036718750000003 0.4765625 0.2493875 0.498046875 0.24889687500000002 0.52734375 0.24693749999999998 0.548828125 0.240078125 0.57421875 0.2346890625 0.6044921875 0.2302796875 0.6318359375 0.2297890625 0.6572265625 0.2454671875 0.64453125 0.2552671875 0.6015625 0.26849531249999997 0.5712890625 0.274865625 0.5869140625 0.2709453125 0.6123046875 0.26555625 0.640625 0.2577171875 0.666015625 0.26800625 0.6787109375 0.2797640625 0.64453125
14 0.3219015625 0.701171875 0.332190625 0.673828125 0.343459375 0.6240234375 0.352278125 0.599609375 0.3591375 0.5732421875 0.36795625 0.546875 0.37432656249999996 0.5107421875 0.3561984375 0.5048828125 0.343459375 0.4951171875 0.3331703125 0.4853515625 0.3219015625 0.4814453125 0.3101421875 0.4921875 0.30377343749999997 0.5224609375 0.3018125 0.5458984375 0.2964234375 0.5732421875 0.2934828125 0.5947265625 0.2871140625 0.6201171875 0.278784375 0.65234375 0.274375 0.67578125 0.2782953125 0.701171875 0.291034375 0.6826171875 0.297403125 0.6474609375 0.3067125 0.619140625 0.3194515625 0.591796875 0.3243515625 0.615234375 0.32092187499999997 0.640625 0.3140625 0.66796875 0.3096515625 0.693359375 0.3219015625 0.701171875
13 0.333659375 0.3544921875 0.33121093749999997 0.3173828125 0.32533124999999996 0.28125 0.31798125 0.255859375 0.3018125 0.2666015625 0.2964234375 0.298828125 0.2939734375 0.326171875 0.2915234375 0.3623046875 0.2871140625 0.390625 0.2846640625 0.42578125 0.286134375 0.451171875 0.2988734375 0.45703125 0.31651093750000003 0.4697265625 0.3331703125 0.466796875 0.3400296875 0.4443359375 0.3424796875 0.42578125 0.341009375 0.3984375 0.3370890625 0.3798828125 0.333659375 0.3544921875
12 0.3949046875 0.5888671875 0.398334375 0.5634765625 0.39882343750000004 0.541015625 0.389515625 0.5234375 0.37775625 0.5185546875 0.36648749999999997 0.515625 0.3615875 0.541015625 0.35766718750000004 0.5693359375 0.35766718750000004 0.59375 0.35276874999999996 0.6279296875 0.3512984375 0.6630859375 0.34835937499999997 0.6982421875 0.349828125 0.7265625 0.3561984375 0.7490234375 0.3674671875 0.716796875 0.375796875 0.6904296875 0.382165625 0.662109375 0.388534375 0.63671875 0.3919640625 0.6142578125 0.3949046875 0.5888671875
11 0.4331203125 0.56640625 0.42626093750000005 0.5458984375 0.41499218750000005 0.533203125 0.403234375 0.53125 0.3924546875 0.548828125 0.393434375 0.58203125 0.3968640625 0.6142578125 0.39882343750000004 0.6572265625 0.3998046875 0.6884765625 0.3998046875 0.7236328125 0.404703125 0.7548828125 0.41499218750000005 0.7109375 0.4198921875 0.67578125 0.42136250000000003 0.6474609375 0.42626093750000005 0.6220703125 0.43165156250000003 0.5869140625 0.4331203125 0.56640625
10 0.46643749999999995 0.5791015625 0.4639875 0.5458984375 0.45271875 0.5302734375 0.4404703125 0.5380859375 0.43165156250000003 0.556640625 0.43018124999999996 0.578125 0.430671875 0.609375 0.43018124999999996 0.6396484375 0.42822187500000003 0.6708984375 0.430671875 0.7080078125 0.4331203125 0.7333984375 0.441940625 0.75390625 0.4546796875 0.7392578125 0.4561484375 0.7109375 0.46006875 0.6826171875 0.46251875 0.65234375 0.46496875 0.619140625 0.46643749999999995 0.5791015625
9 0.46251875 0.55078125 0.4610484375 0.578125 0.4634984375 0.6064453125 0.4634984375 0.6396484375 0.4683984375 0.66796875 0.47525781250000004 0.6953125 0.48505624999999997 0.7158203125 0.503184375 0.7216796875 0.5002453124999999 0.677734375 0.496325 0.6474609375 0.4933859375 0.5810546875 0.48603593749999996 0.529296875 0.46643749999999995 0.5302734375 0.46251875 0.55078125
8 0.5159234374999999 0.5615234375 0.5159234374999999 0.5234375 0.48946562499999996 0.52734375 0.491425 0.5537109375 0.4904453125 0.58203125 0.4953453125 0.6025390625 0.4958359375 0.626953125 0.496815625 0.6572265625 0.5002453124999999 0.693359375 0.5046546875 0.7138671875 0.514453125 0.728515625 0.5198437499999999 0.69921875 0.5198437499999999 0.673828125 0.516903125 0.6494140625 0.5159234374999999 0.6240234375 0.5159234374999999 0.5986328125 0.5159234374999999 0.5615234375
7 0.5389515625 0.525390625 0.514453125 0.5283203125 0.5134734375 0.55859375 0.51494375 0.5791015625 0.5188640625 0.607421875 0.5198437499999999 0.640625 0.5237625 0.6728515625 0.5276828124999999 0.6953125 0.53748125 0.708984375 0.5389515625 0.669921875 0.537971875 0.650390625 0.5365015625 0.6220703125 0.53748125 0.58984375 0.5389515625 0.55859375 0.5389515625 0.525390625
6 0.556590625 0.533203125 0.5301328125 0.5439453125 0.5335625 0.5712890625 0.5365015625 0.591796875 0.542871875 0.6201171875 0.5463015625 0.6494140625 0.551690625 0.67578125 0.555609375 0.701171875 0.56736875 0.7119140625 0.5658984375 0.68359375 0.56345 0.6630859375 0.5619796874999999 0.634765625 0.5590390625 0.6064453125 0.5590390625 0.5634765625 0.556590625 0.533203125
5 0.5913765625 0.5654296875 0.5903968749999999 0.5361328125 0.5786374999999999 0.5302734375 0.56736875 0.52734375 0.5575703125 0.546875 0.561 0.5712890625 0.56491875 0.6005859375 0.569328125 0.626953125 0.5732484375 0.65234375 0.57716875 0.6787109375 0.5825578124999999 0.7060546875 0.5889265625 0.734375 0.592846875 0.76171875 0.6031359375 0.7724609375 0.6050953125 0.7294921875 0.6011765625 0.7080078125 0.599215625 0.67578125 0.5962765625 0.640625 0.592846875 0.6025390625 0.5913765625 0.5654296875
4 0.620284375 0.5400390625 0.6075453125 0.5322265625 0.5903968749999999 0.5537109375 0.5938265625 0.58203125 0.597746875 0.6064453125 0.604115625 0.6318359375 0.6075453125 0.66015625 0.611465625 0.68359375 0.6178343749999999 0.7109375 0.6232234375 0.736328125 0.6344921875 0.751953125 0.63204375 0.7060546875 0.62959375 0.66015625 0.62714375 0.6240234375 0.6286140625 0.58203125 0.6310625 0.548828125 0.620284375 0.5400390625
3 0.661440625 0.5869140625 0.6599703124999999 0.548828125 0.6575203125 0.5234375 0.6413515624999999 0.5234375 0.6310625 0.5302734375 0.6217546875 0.541015625 0.6286140625 0.5712890625 0.6344921875 0.59375 0.6398828125 0.6162109375 0.6447812500000001 0.64453125 0.647721875 0.6611328125 0.6536015625 0.693359375 0.6643796875 0.7158203125 0.67466875 0.7373046875 0.68691875 0.7568359375 0.6883874999999999 0.7333984375 0.6805484374999999 0.7041015625 0.67466875 0.6806640625 0.670259375 0.650390625 0.6648703125 0.625 0.661440625 0.5869140625
2 0.2846640625 0.3603515625 0.28319375 0.3369140625 0.2871140625 0.306640625 0.2876046875 0.28125 0.2915234375 0.2529296875 0.276825 0.240234375 0.2621265625 0.2421875 0.2528171875 0.2685546875 0.2493875 0.2958984375 0.24889687500000002 0.31640625 0.24889687500000002 0.33984375 0.244978125 0.3681640625 0.236159375 0.400390625 0.24301875 0.4267578125 0.2552671875 0.4306640625 0.274865625 0.4345703125 0.2846640625 0.41796875 0.283684375 0.388671875 0.2846640625 0.3603515625
1 0.72954375 0.6826171875 0.72954375 0.650390625 0.7241546875 0.625 0.7212156249999999 0.599609375 0.716315625 0.576171875 0.7133765624999999 0.556640625 0.709946875 0.52734375 0.70700625 0.5009765625 0.6937781249999999 0.490234375 0.6795687499999999 0.5146484375 0.6648703125 0.509765625 0.652621875 0.5234375 0.6550703125 0.552734375 0.666340625 0.5732421875 0.67075 0.5986328125 0.67711875 0.6298828125 0.6810390625 0.65234375 0.6859375 0.67578125 0.6932875000000001 0.708984375 0.70210625 0.6904296875 0.6957375 0.662109375 0.6932875000000001 0.6298828125 0.6932875000000001 0.6025390625 0.70455625 0.611328125 0.7109265625 0.642578125 0.71680625 0.6708984375 0.7192546875 0.6884765625 0.72954375 0.6826171875
0 0.7854 0.5654296875 0.7765796875000001 0.541015625 0.7672703125 0.5205078125 0.7613921875 0.4951171875 0.757471875 0.47265625 0.7471828125 0.4541015625 0.7339546875 0.46484375 0.723175 0.482421875 0.7128859375000001 0.4921875 0.7065171875 0.525390625 0.71680625 0.5458984375 0.728075 0.568359375 0.7378734375 0.5966796875 0.751103125 0.625 0.762371875 0.6455078125 0.7726609375 0.6572265625 0.7751109375 0.625 0.7613921875 0.615234375 0.755021875 0.5869140625 0.7520828125000001 0.560546875 0.7672703125 0.5732421875 0.7790296875 0.5888671875 0.7902984375 0.615234375 0.7956890624999999 0.5966796875 0.7854 0.5654296875
28 0.826065625 0.4853515625 0.819696875 0.4638671875 0.8084265625 0.4365234375 0.8045078125 0.41796875 0.7956890624999999 0.3984375 0.7790296875 0.4033203125 0.77168125 0.4267578125 0.7604109375 0.4404296875 0.7530625 0.466796875 0.757471875 0.484375 0.764821875 0.5048828125 0.780009375 0.5185546875 0.78931875 0.541015625 0.7956890624999999 0.568359375 0.8074468749999999 0.5888671875 0.8094078124999999 0.5634765625 0.8069578125 0.5439453125 0.8020578125 0.5185546875 0.8030375 0.494140625 0.8138171875 0.5087890625 0.8201859375 0.533203125 0.834884375 0.5478515625 0.8324343750000001 0.517578125 0.826065625 0.4853515625
27 0.8074468749999999 0.3291015625 0.7956890624999999 0.3095703125 0.7854 0.2822265625 0.77805 0.2607421875 0.76433125 0.232421875 0.7564921874999999 0.2373046875 0.7560015625000001 0.2734375 0.7589421875 0.3095703125 0.764821875 0.33984375 0.766290625 0.3662109375 0.77315 0.384765625 0.79176875 0.390625 0.8054874999999999 0.3544921875 0.8074468749999999 0.3291015625
26 0.7403234375000001 0.42578125 0.7530625 0.421875 0.762371875 0.40234375 0.7726609375 0.390625 0.766290625 0.3623046875 0.7584515625 0.3271484375 0.7471828125 0.291015625 0.7403234375000001 0.2568359375 0.7138656250000001 0.2607421875 0.7192546875 0.291015625 0.723175 0.3173828125 0.7261140625 0.345703125 0.7266046875 0.380859375 0.730525 0.4111328125 0.7403234375000001 0.42578125
25 0.6937781249999999 0.458984375 0.707496875 0.45703125 0.718765625 0.451171875 0.72954375 0.4365234375 0.730525 0.41015625 0.727584375 0.384765625 0.7202359375 0.3544921875 0.7192546875 0.326171875 0.716315625 0.296875 0.7148453124999999 0.2705078125 0.70455625 0.2705078125 0.7065171875 0.31640625 0.6972078125000001 0.3330078125 0.6947578125 0.3037109375 0.6918171875 0.28125 0.6795687499999999 0.283203125 0.6829984375 0.314453125 0.6859375 0.3447265625 0.6810390625 0.380859375 0.679078125 0.4111328125 0.6795687499999999 0.447265625 0.6937781249999999 0.458984375
24 0.6810390625 0.466796875 0.6834890625 0.44140625 0.679078125 0.4140625 0.67466875 0.3828125 0.6727093749999999 0.3603515625 0.67075 0.3349609375 0.6692796875 0.3046875 0.6643796875 0.279296875 0.654090625 0.2607421875 0.647721875 0.2841796875 0.652621875 0.314453125 0.652621875 0.3466796875 0.652621875 0.3828125 0.6550703125 0.4140625 0.652621875 0.4365234375 0.6550703125 0.46484375 0.6717296875 0.484375 0.6810390625 0.466796875
23 0.6217546875 0.470703125 0.6310625 0.4921875 0.6408625 0.5 0.652621875 0.4970703125 0.6580109375000001 0.47265625 0.6550703125 0.447265625 0.651640625 0.42578125 0.647721875 0.4013671875 0.6447812500000001 0.3759765625 0.6398828125 0.3369140625 0.6359625 0.298828125 0.6286140625 0.275390625 0.6232234375 0.2958984375 0.6232234375 0.3271484375 0.6232234375 0.349609375 0.62224375 0.380859375 0.62224375 0.4111328125 0.6217546875 0.439453125 0.6217546875 0.470703125
29 0.615384375 0.314453125 0.611465625 0.2841796875 0.6080359375 0.248046875 0.6011765625 0.2763671875 0.5962765625 0.3017578125 0.5899062500000001 0.3466796875 0.5859875 0.3935546875 0.5874578125000001 0.431640625 0.5874578125000001 0.474609375 0.592846875 0.5 0.6031359375 0.517578125 0.612934375 0.509765625 0.62224375 0.4921875 0.6217546875 0.4619140625 0.6217546875 0.4287109375 0.620284375 0.3974609375 0.6168546874999999 0.3671875 0.615384375 0.314453125
30 0.571778125 0.5185546875 0.5845171875 0.5126953125 0.5889265625 0.4873046875 0.5874578125000001 0.44921875 0.5845171875 0.4111328125 0.5859875 0.3828125 0.5859875 0.3505859375 0.5845171875 0.3271484375 0.5835375 0.298828125 0.5737390625 0.3046875 0.569328125 0.3466796875 0.5683484375 0.3779296875 0.5644296875 0.4033203125 0.560509375 0.431640625 0.5590390625 0.45703125 0.5570796875 0.4814453125 0.558059375 0.5107421875 0.571778125 0.5185546875
31 0.24154843750000002 0.3828125 0.244978125 0.3505859375 0.24693749999999998 0.322265625 0.24889687500000002 0.296875 0.2479171875 0.275390625 0.236159375 0.255859375 0.2160703125 0.2587890625 0.2003921875 0.30078125 0.1891234375 0.3369140625 0.18275312500000002 0.3681640625 0.198921875 0.3828125 0.2097015625 0.3984375 0.222440625 0.4111328125 0.236159375 0.4052734375 0.24154843750000002 0.3828125
22 0.560509375 0.375 0.5644296875 0.33984375 0.5658984375 0.2939453125 0.560509375 0.255859375 0.544340625 0.2587890625 0.5335625 0.2939453125 0.5316015625 0.33203125 0.5286625 0.36328125 0.5247421875 0.4033203125 0.5208234375 0.4345703125 0.51494375 0.4775390625 0.5159234374999999 0.5078125 0.5311125 0.5205078125 0.551690625 0.5234375 0.558059375 0.5 0.556590625 0.46484375 0.555609375 0.4345703125 0.558059375 0.4052734375 0.560509375 0.375
21 0.5134734375 0.4716796875 0.5164140625 0.44921875 0.5159234374999999 0.4033203125 0.5095546875 0.36328125 0.505634375 0.32421875 0.5007343750000001 0.2890625 0.49387499999999995 0.248046875 0.48407656250000003 0.283203125 0.4791765625 0.3173828125 0.4767265625 0.349609375 0.4747671875 0.3828125 0.4762375 0.4130859375 0.4737875 0.4521484375 0.4723171875 0.4775390625 0.4728078125 0.4970703125 0.48113593750000005 0.515625 0.4958359375 0.5126953125 0.5090640625 0.505859375 0.5164140625 0.505859375 0.5134734375 0.4716796875
20 0.43899999999999995 0.4775390625 0.4404703125 0.501953125 0.45075937499999996 0.5126953125 0.46251875 0.5185546875 0.4747671875 0.5048828125 0.4762375 0.4794921875 0.4737875 0.458984375 0.4747671875 0.431640625 0.4737875 0.4033203125 0.4737875 0.3720703125 0.4747671875 0.33203125 0.47525781250000004 0.296875 0.46251875 0.296875 0.457128125 0.3271484375 0.45075937499999996 0.35546875 0.448309375 0.380859375 0.441940625 0.4140625 0.439490625 0.443359375 0.43899999999999995 0.4775390625
19 0.400784375 0.4541015625 0.402253125 0.4814453125 0.40519375 0.505859375 0.41548281249999997 0.5224609375 0.42626093750000005 0.5205078125 0.439490625 0.4990234375 0.44292031249999997 0.474609375 0.4453703125 0.4521484375 0.4453703125 0.4267578125 0.4409609375 0.4013671875 0.43802031250000006 0.3701171875 0.4292015625 0.3349609375 0.42038281250000004 0.2919921875 0.41548281249999997 0.25390625 0.4012734375 0.24609375 0.402253125 0.28125 0.4061734375 0.3017578125 0.403234375 0.341796875 0.4012734375 0.3798828125 0.402253125 0.41015625 0.400784375 0.4541015625
18 0.36795625 0.44140625 0.3615875 0.47265625 0.36550781250000003 0.4951171875 0.3767765625 0.5078125 0.388534375 0.5126953125 0.4012734375 0.4921875 0.41107343749999997 0.48046875 0.41548281249999997 0.4365234375 0.41548281249999997 0.392578125 0.4140125 0.3564453125 0.40519375 0.3095703125 0.3998046875 0.275390625 0.389515625 0.2783203125 0.3831453125 0.30859375 0.379715625 0.33203125 0.3782453125 0.3505859375 0.37530625 0.3857421875 0.37138593750000004 0.4111328125 0.36795625 0.44140625
17 0.3718765625 0.392578125 0.37285625 0.357421875 0.37285625 0.3271484375 0.37285625 0.279296875 0.36893750000000003 0.23828125 0.35766718750000004 0.2578125 0.354728125 0.306640625 0.349828125 0.337890625 0.347378125 0.36328125 0.3419890625 0.3857421875 0.3375796875 0.40625 0.3331703125 0.439453125 0.332190625 0.4697265625 0.3424796875 0.4892578125 0.35521875 0.4951171875 0.36550781250000003 0.4775390625 0.375796875 0.46875 0.375796875 0.4443359375 0.37285625 0.41796875 0.3718765625 0.392578125