21 0.4865015625 0.6435546875 0.49622031250000004 0.615234375 0.49676093750000005 0.580078125 0.4946 0.5498046875 0.497840625 0.5078125 0.495140625 0.4736328125 0.49622031250000004 0.447265625 0.4946 0.4052734375 0.47786249999999997 0.4208984375 0.469221875 0.4638671875 0.46598281249999995 0.48828125 0.4632828125 0.53125 0.4578828125 0.5634765625 0.45842343750000003 0.6025390625 0.4578828125 0.6279296875 0.4713828125 0.6396484375 0.4865015625 0.6435546875
22 0.55345625 0.5205078125 0.548596875 0.4853515625 0.5458968750000001 0.4521484375 0.5388765624999999 0.4248046875 0.5334765625 0.380859375 0.5286171875 0.3505859375 0.5037796875 0.373046875 0.5037796875 0.4248046875 0.5037796875 0.4599609375 0.5016203124999999 0.4990234375 0.502159375 0.5419921875 0.515659375 0.572265625 0.5437359374999999 0.56640625 0.557775 0.544921875 0.55345625 0.5205078125
22 0.55345625 0.5859375 0.5491359375 0.5673828125 0.5458968750000001 0.544921875 0.543196875 0.515625 0.5388765624999999 0.4853515625 0.5215984375 0.51171875 0.5167390625 0.5478515625 0.51511875 0.56640625 0.5086390625 0.599609375 0.510259375 0.6298828125 0.5269984375 0.634765625 0.5469765625 0.630859375 0.5539953125 0.615234375 0.55345625 0.5859375
20 0.4562640625 0.6025390625 0.4578828125 0.578125 0.4578828125 0.5546875 0.45842343750000003 0.5263671875 0.4562640625 0.505859375 0.4578828125 0.4697265625 0.46004375 0.447265625 0.45410312499999994 0.421875 0.44654375 0.462890625 0.442225 0.4990234375 0.434125 0.4326171875 0.42980625000000006 0.4599609375 0.4206265625 0.4970703125 0.4157671875 0.5283203125 0.41198750000000006 0.55859375 0.41090781249999997 0.5947265625 0.423865625 0.609375 0.44276406250000006 0.6103515625 0.4562640625 0.6025390625
19 0.41252656249999997 0.5517578125 0.41414687499999997 0.5185546875 0.41630625 0.4853515625 0.40550781249999995 0.4873046875 0.3974078125 0.51171875 0.392009375 0.5283203125 0.383909375 0.560546875 0.3774296875 0.587890625 0.38876875 0.6123046875 0.40604687500000003 0.6181640625 0.41090781249999997 0.5966796875 0.41252656249999997 0.5517578125
19 0.41900624999999997 0.31640625 0.41090781249999997 0.34375 0.393628125 0.3212890625 0.3957890625 0.373046875 0.3984875 0.427734375 0.41252656249999997 0.4443359375 0.4260265625 0.4501953125 0.441684375 0.4130859375 0.44060468750000004 0.390625 0.431965625 0.3603515625 0.41900624999999997 0.31640625
18 0.41414687499999997 0.4423828125 0.39902812499999996 0.408203125 0.392009375 0.3896484375 0.37635 0.3837890625 0.36879062500000004 0.4052734375 0.3671703125 0.4365234375 0.3693296875 0.4580078125 0.3725703125 0.4853515625 0.383909375 0.505859375 0.3984875 0.509765625 0.41414687499999997 0.4814453125 0.419546875 0.462890625 0.41414687499999997 0.4423828125
18 0.3849890625 0.5283203125 0.38930937499999996 0.5068359375 0.37365 0.4931640625 0.3698703125 0.509765625 0.3644703125 0.5166015625 0.35907187500000004 0.5283203125 0.35583125 0.541015625 0.35043125 0.583984375 0.36339062499999997 0.5908203125 0.3806703125 0.5888671875 0.38175 0.552734375 0.3849890625 0.5283203125
17 0.36663125 0.400390625 0.3623109375 0.369140625 0.35205156249999997 0.33203125 0.333153125 0.3447265625 0.3266734375 0.384765625 0.31965468750000003 0.4150390625 0.31965468750000003 0.44140625 0.330453125 0.4658203125 0.348271875 0.4609375 0.3569109375 0.44140625 0.36555 0.421875 0.36663125 0.400390625
17 0.3547515625 0.50390625 0.3547515625 0.4765625 0.3601515625 0.451171875 0.3299140625 0.47265625 0.32127500000000003 0.5009765625 0.30993593750000004 0.53125 0.30993593750000004 0.5546875 0.32127500000000003 0.576171875 0.341253125 0.58203125 0.3547515625 0.56640625 0.3547515625 0.5341796875 0.3547515625 0.50390625
13 0.2996765625 0.552734375 0.313175 0.5400390625 0.315334375 0.509765625 0.3147953125 0.48828125 0.318034375 0.451171875 0.318575 0.427734375 0.318575 0.396484375 0.32019375 0.3623046875 0.305075 0.3662109375 0.29265625 0.3994140625 0.2840171875 0.4248046875 0.2764578125 0.4482421875 0.26241875000000003 0.4794921875 0.257559375 0.5029296875 0.264578125 0.52734375 0.282396875 0.54296875 0.2996765625 0.552734375
2 0.2996765625 0.3779296875 0.302915625 0.3544921875 0.2829375 0.34765625 0.27483749999999996 0.3271484375 0.2688984375 0.3212890625 0.2543203125 0.330078125 0.24298125 0.353515625 0.24567968750000002 0.37890625 0.2537796875 0.4033203125 0.2618796875 0.421875 0.27321875 0.423828125 0.2861765625 0.412109375 0.2996765625 0.3779296875
30 0.5847734375 0.47265625 0.60043125 0.4384765625 0.600971875 0.4033203125 0.6015125 0.3662109375 0.606371875 0.330078125 0.580453125 0.337890625 0.5669546875 0.3759765625 0.555615625 0.3994140625 0.54535625 0.419921875 0.5458968750000001 0.4423828125 0.54535625 0.4443359375 0.555075 0.4755859375 0.565875 0.4853515625 0.5847734375 0.47265625
23 0.6322890625 0.4912109375 0.6247296875 0.4619140625 0.6214906250000001 0.419921875 0.6279703125 0.3876953125 0.606371875 0.400390625 0.5923328125 0.4326171875 0.578834375 0.4560546875 0.5750546875 0.49609375 0.5880124999999999 0.517578125 0.6015125 0.5146484375 0.61393125 0.5341796875 0.6322890625 0.5185546875 0.6322890625 0.4912109375
29 0.5928718749999999 0.5634765625 0.5907125 0.5419921875 0.5863937499999999 0.5146484375 0.5739734375000001 0.4931640625 0.5701937499999999 0.5244140625 0.5653343750000001 0.548828125 0.5593953125 0.5732421875 0.5572359375 0.59765625 0.5653343750000001 0.6162109375 0.5853125 0.6162109375 0.5923328125 0.5966796875 0.5928718749999999 0.5634765625
24 0.673865625 0.4140625 0.651728125 0.3955078125 0.631209375 0.40234375 0.624190625 0.42578125 0.6231093750000001 0.4560546875 0.63175 0.4814453125 0.64686875 0.4814453125 0.6501078125 0.494140625 0.6630671875 0.5009765625 0.6798062500000001 0.47265625 0.673865625 0.4140625
24 0.66630625 0.5146484375 0.6376890625 0.4873046875 0.631209375 0.5244140625 0.62635 0.55859375 0.631209375 0.587890625 0.6447078125 0.603515625 0.67440625 0.5947265625 0.678725 0.5751953125 0.6727859375 0.5419921875 0.66630625 0.5146484375
23 0.62905 0.5751953125 0.6274296875 0.544921875 0.6144703125000001 0.5458984375 0.5977328125 0.515625 0.5907125 0.537109375 0.5917921875000001 0.5556640625 0.5923328125 0.583984375 0.5950328125000001 0.6015625 0.60313125 0.615234375 0.61663125 0.6220703125 0.63336875 0.6025390625 0.62905 0.5751953125
25 0.7219218749999999 0.5673828125 0.7311015624999999 0.5556640625 0.732721875 0.5244140625 0.7305609375000001 0.50390625 0.719221875 0.482421875 0.714903125 0.45703125 0.7041031249999999 0.43359375 0.69654375 0.396484375 0.6781859375 0.4169921875 0.678725 0.4541015625 0.6749453125 0.48828125 0.6727859375 0.5244140625 0.6733265625 0.5576171875 0.6803453125 0.5830078125 0.6987046875 0.587890625 0.71004375 0.580078125 0.7219218749999999 0.5673828125
26 0.74028125 0.365234375 0.7267812499999999 0.3486328125 0.7105828125 0.365234375 0.7003234375 0.3896484375 0.7089640625 0.4296875 0.7138234375 0.455078125 0.7284015625 0.4619140625 0.742440625 0.462890625 0.750540625 0.4423828125 0.7618796875 0.427734375 0.7618796875 0.3994140625 0.74028125 0.365234375
6 0.550215625 0.65234375 0.5340171875 0.6513671875 0.5232187500000001 0.6640625 0.52051875 0.697265625 0.519978125 0.73046875 0.519978125 0.755859375 0.519978125 0.78515625 0.51511875 0.8134765625 0.532396875 0.814453125 0.5388765624999999 0.7958984375 0.5437359374999999 0.7607421875 0.5475156250000001 0.73046875 0.5523765625 0.703125 0.5539953125 0.673828125 0.550215625 0.65234375
7 0.5291578125 0.6708984375 0.5183578125 0.6611328125 0.5016203124999999 0.6552734375 0.499459375 0.6796875 0.497840625 0.7099609375 0.4946 0.7353515625 0.48974062500000004 0.7646484375 0.4881203125 0.783203125 0.48488125000000004 0.814453125 0.49189999999999995 0.84765625 0.500540625 0.81640625 0.5081 0.779296875 0.515659375 0.751953125 0.5221375 0.724609375 0.5248375000000001 0.7001953125 0.5291578125 0.6708984375
8 0.4881203125 0.658203125 0.4735421875 0.658203125 0.4697625 0.689453125 0.4681421875 0.7109375 0.46652343749999997 0.73828125 0.46274375 0.7685546875 0.46112343750000007 0.787109375 0.45842343750000003 0.8125 0.4713828125 0.826171875 0.47948124999999997 0.798828125 0.4832609375 0.7685546875 0.4865015625 0.740234375 0.4935203125 0.7138671875 0.49837968750000006 0.6796875 0.4881203125 0.658203125
9 0.4578828125 0.6708984375 0.444384375 0.6767578125 0.434125 0.7001953125 0.43574531250000004 0.7275390625 0.437365625 0.7548828125 0.4379046875 0.7802734375 0.437365625 0.8046875 0.44816406249999996 0.8193359375 0.46004375 0.8017578125 0.4632828125 0.7607421875 0.469221875 0.728515625 0.4713828125 0.6923828125 0.4681421875 0.6611328125 0.4578828125 0.6708984375
10 0.42440625 0.7822265625 0.4076671875 0.7822265625 0.38930937499999996 0.7900390625 0.38175 0.81640625 0.3774296875 0.837890625 0.37365 0.87109375 0.39794843750000003 0.8994140625 0.40604687500000003 0.8916015625 0.4146875 0.876953125 0.42278593750000004 0.8583984375 0.434125 0.8388671875 0.4352046875 0.798828125 0.42440625 0.7822265625
11 0.4184671875 0.64453125 0.41414687499999997 0.68359375 0.41252656249999997 0.70703125 0.41090781249999997 0.7255859375 0.4076671875 0.75 0.41630625 0.7734375 0.42548593749999997 0.755859375 0.4308859375 0.7314453125 0.43574531250000004 0.7001953125 0.44330468749999996 0.650390625 0.43142500000000006 0.6484375 0.4184671875 0.64453125
12 0.4011875 0.7646484375 0.39686875 0.75 0.3903890625 0.7216796875 0.3698703125 0.72265625 0.35853125 0.7294921875 0.3552921875 0.751953125 0.3477328125 0.7861328125 0.34071250000000003 0.8134765625 0.338553125 0.8388671875 0.3671703125 0.779296875 0.36393125 0.806640625 0.36123125 0.818359375 0.3693296875 0.828125 0.3779703125 0.80859375 0.4011875 0.7646484375
12 0.4146875 0.6708984375 0.419546875 0.6455078125 0.4092875 0.6357421875 0.3952484375 0.6318359375 0.383909375 0.6181640625 0.3720296875 0.6318359375 0.3720296875 0.662109375 0.3720296875 0.68359375 0.36825 0.7060546875 0.38175 0.7041015625 0.3952484375 0.712890625 0.407128125 0.7607421875 0.407128125 0.734375 0.4092875 0.716796875 0.41090781249999997 0.6884765625 0.4146875 0.6708984375
14 0.3401734375 0.7099609375 0.3250546875 0.7099609375 0.30993593750000004 0.6982421875 0.2996765625 0.70703125 0.295896875 0.7333984375 0.29319687499999997 0.7548828125 0.2894171875 0.779296875 0.31155468750000004 0.7705078125 0.311015625 0.8134765625 0.3245140625 0.80078125 0.33207343749999996 0.7763671875 0.341253125 0.7548828125 0.34395312499999997 0.734375 0.3401734375 0.7099609375
14 0.35907187500000004 0.6943359375 0.37149062499999996 0.6650390625 0.3801296875 0.6513671875 0.3801296875 0.625 0.36177031249999997 0.6123046875 0.3466515625 0.6025390625 0.327753125 0.609375 0.32289375 0.630859375 0.323434375 0.6513671875 0.315334375 0.6708984375 0.307775 0.69140625 0.318575 0.7001953125 0.3266734375 0.681640625 0.3401734375 0.669921875 0.3471921875 0.6953125 0.3488125 0.7587890625 0.3552921875 0.724609375 0.35907187500000004 0.6943359375
15 0.2861765625 0.7314453125 0.29265625 0.7080078125 0.297515625 0.689453125 0.30183593750000004 0.669921875 0.3093953125 0.6484375 0.32019375 0.634765625 0.32829375 0.615234375 0.32937343750000003 0.591796875 0.31965468750000003 0.5830078125 0.30615625 0.5771484375 0.29265625 0.5634765625 0.280778125 0.560546875 0.27213750000000003 0.5693359375 0.264578125 0.59765625 0.2591796875 0.6298828125 0.254859375 0.6494140625 0.24622031249999998 0.6708984375 0.23704062499999998 0.697265625 0.2289421875 0.724609375 0.2446 0.728515625 0.2564796875 0.7041015625 0.265659375 0.6787109375 0.2813171875 0.65625 0.279696875 0.689453125 0.267278125 0.73046875 0.264578125 0.7705078125 0.279696875 0.7548828125 0.2861765625 0.7314453125
16 0.252159375 0.6064453125 0.2392015625 0.5966796875 0.2305609375 0.578125 0.21922187499999998 0.5693359375 0.20680312500000003 0.58203125 0.19654375 0.6123046875 0.1987046875 0.6435546875 0.212203125 0.65234375 0.2208421875 0.6865234375 0.2240828125 0.716796875 0.2386609375 0.6884765625 0.24784062499999998 0.66796875 0.2564796875 0.6494140625 0.2607984375 0.6279296875 0.252159375 0.6064453125
5 0.5912531249999999 0.8076171875 0.57559375 0.7919921875 0.563715625 0.787109375 0.5421171874999999 0.7978515625 0.5415765625 0.814453125 0.5469765625 0.85546875 0.5539953125 0.8857421875 0.5642546875 0.9208984375 0.577753125 0.896484375 0.5820734375 0.8740234375 0.6020515625 0.8994140625 0.6015125 0.87109375 0.5993515625 0.853515625 0.60043125 0.826171875 0.5912531249999999 0.8076171875
5 0.5620953125 0.6728515625 0.552915625 0.6826171875 0.5588546875 0.728515625 0.5604750000000001 0.7490234375 0.557775 0.779296875 0.57289375 0.7861328125 0.57559375 0.7607421875 0.5820734375 0.73828125 0.5858531250000001 0.71875 0.5853125 0.685546875 0.58099375 0.6640625 0.5620953125 0.6728515625
3 0.5896328125 0.740234375 0.5772140625 0.7578125 0.57559375 0.779296875 0.5842328125 0.7978515625 0.5988125 0.8173828125 0.6047515625 0.84765625 0.6177109375 0.85546875 0.6128515625000001 0.8193359375 0.6328296875 0.8291015625 0.63606875 0.8076171875 0.63445 0.783203125 0.631209375 0.7548828125 0.6193296875 0.734375 0.6042109375 0.734375 0.5896328125 0.740234375
3 0.6231093750000001 0.6669921875 0.6150109375 0.6435546875 0.6042109375 0.6376953125 0.5907125 0.6455078125 0.577753125 0.6533203125 0.5793734374999999 0.6787109375 0.5890921875 0.7041015625 0.5896328125 0.7314453125 0.6015125 0.73046875 0.606371875 0.7060546875 0.6150109375 0.7255859375 0.6328296875 0.751953125 0.6301296875 0.72265625 0.6252703125 0.701171875 0.6231093750000001 0.6669921875
1 0.6646875 0.73046875 0.6501078125 0.7353515625 0.64686875 0.7646484375 0.6501078125 0.783203125 0.661446875 0.8095703125 0.6700859375 0.8310546875 0.678725 0.794921875 0.6987046875 0.822265625 0.694925 0.794921875 0.694925 0.76171875 0.692225 0.73046875 0.6781859375 0.728515625 0.6646875 0.73046875
1 0.6781859375 0.6884765625 0.6781859375 0.6611328125 0.6765656250000001 0.642578125 0.6684671875 0.6123046875 0.656046875 0.6181640625 0.63445 0.615234375 0.6193296875 0.625 0.6090718749999999 0.642578125 0.61393125 0.6669921875 0.6247296875 0.681640625 0.63445 0.712890625 0.6349890625 0.7373046875 0.63606875 0.779296875 0.64686875 0.755859375 0.64956875 0.7314453125 0.6587468750000001 0.7138671875 0.6781859375 0.724609375 0.69654375 0.73046875 0.6900640625000001 0.7099609375 0.6781859375 0.6884765625
0 0.7510796875 0.6923828125 0.7419 0.6650390625 0.734340625 0.6181640625 0.7338015625 0.595703125 0.724621875 0.5810546875 0.7111234375000001 0.5859375 0.6933046875 0.59375 0.67710625 0.6015625 0.666846875 0.609375 0.66630625 0.6279296875 0.681965625 0.658203125 0.6954640624999999 0.6943359375 0.7041031249999999 0.728515625 0.7132828124999999 0.751953125 0.727321875 0.79296875 0.7305609375000001 0.767578125 0.7251624999999999 0.7333984375 0.7208421875 0.6923828125 0.734340625 0.7080078125 0.7456796875 0.7275390625 0.7613390625 0.7587890625 0.7742984374999999 0.73828125 0.7640390625 0.71875 0.7510796875 0.6923828125
28 0.78725625 0.603515625 0.7721375 0.6044921875 0.7537796875 0.6318359375 0.7462203125 0.654296875 0.75 0.68359375 0.7624187499999999 0.70703125 0.7748375000000001 0.7255859375 0.7845578125 0.7158203125 0.7840171875 0.689453125 0.8050750000000001 0.66796875 0.8196546874999999 0.66796875 0.8093953125000001 0.640625 0.8012953125 0.6123046875 0.78725625 0.603515625