22 0.5276828124999999 0.474609375 0.5237625 0.4384765625 0.5198437499999999 0.3974609375 0.5002453124999999 0.40234375 0.4977953125 0.431640625 0.4958359375 0.4609375 0.4958359375 0.4921875 0.49240625 0.517578125 0.491915625 0.5439453125 0.491915625 0.568359375 0.501715625 0.5712890625 0.5159234374999999 0.5810546875 0.5271921875000001 0.5810546875 0.5365015625 0.56640625 0.5365015625 0.5458984375 0.5365015625 0.525390625 0.529153125 0.5048828125 0.5276828124999999 0.474609375
21 0.48260625 0.458984375 0.4791765625 0.423828125 0.4723171875 0.3818359375 0.45320937499999997 0.38671875 0.45418906249999996 0.42578125 0.45222968750000003 0.4521484375 0.4517390625 0.482421875 0.45075937499999996 0.5078125 0.44585937500000006 0.53125 0.44585937500000006 0.55859375 0.45565937500000003 0.5791015625 0.466928125 0.58203125 0.4791765625 0.5791015625 0.49289531249999996 0.5693359375 0.491915625 0.5439453125 0.48946562499999996 0.517578125 0.48407656250000003 0.4892578125 0.48260625 0.458984375
20 0.42234218749999997 0.4404296875 0.420871875 0.4716796875 0.41891249999999997 0.498046875 0.41695312500000004 0.5302734375 0.41695312500000004 0.5556640625 0.42234218749999997 0.576171875 0.4341015625 0.5849609375 0.4473296875 0.5849609375 0.45222968750000003 0.5478515625 0.44782031250000004 0.5029296875 0.4492890625 0.46484375 0.45026875000000005 0.42578125 0.4492890625 0.39453125 0.42626093750000005 0.41796875 0.42234218749999997 0.4404296875
19 0.40274374999999996 0.4111328125 0.3782453125 0.3916015625 0.375796875 0.451171875 0.3762859375 0.474609375 0.379715625 0.501953125 0.379715625 0.53515625 0.38363593749999997 0.5595703125 0.3919640625 0.5791015625 0.3993140625 0.59765625 0.4081328125 0.5634765625 0.41842187500000005 0.5458984375 0.42136250000000003 0.52734375 0.4174421875 0.5048828125 0.4135234375 0.4775390625 0.40715312499999995 0.4462890625 0.40274374999999996 0.4111328125
18 0.34786875 0.4296875 0.34688906249999996 0.4619140625 0.34786875 0.4873046875 0.3444390625 0.5185546875 0.33904999999999996 0.54296875 0.343459375 0.5712890625 0.35031875 0.5888671875 0.3630578125 0.5869140625 0.373346875 0.5751953125 0.3806953125 0.578125 0.388534375 0.5546875 0.3831453125 0.5263671875 0.3674671875 0.4794921875 0.3645265625 0.451171875 0.362078125 0.4208984375 0.34786875 0.4296875
17 0.333659375 0.40234375 0.32239062500000004 0.3896484375 0.318471875 0.431640625 0.3145515625 0.4638671875 0.311121875 0.5 0.307203125 0.533203125 0.3067125 0.5595703125 0.3170015625 0.57421875 0.329740625 0.576171875 0.34296875 0.564453125 0.3493390625 0.5439453125 0.34688906249999996 0.517578125 0.34296875 0.4892578125 0.3400296875 0.4609375 0.3366 0.4306640625 0.333659375 0.40234375
16 0.23517812500000002 0.5947265625 0.2327296875 0.57421875 0.22292968750000003 0.5654296875 0.21166093749999998 0.5791015625 0.1974515625 0.572265625 0.1822640625 0.5888671875 0.178834375 0.6123046875 0.1847140625 0.6357421875 0.187653125 0.6630859375 0.185203125 0.69140625 0.19010312499999998 0.716796875 0.1994125 0.7333984375 0.2097015625 0.740234375 0.22195 0.72265625 0.22587031249999998 0.7021484375 0.22831875 0.6796875 0.22831875 0.6591796875 0.23370937500000002 0.625 0.23517812500000002 0.5947265625
15 0.27339531250000004 0.68359375 0.2797640625 0.658203125 0.286134375 0.6328125 0.29299375 0.611328125 0.2944640625 0.5849609375 0.28564375000000003 0.5732421875 0.2670265625 0.5712890625 0.2567375 0.5615234375 0.25036718750000003 0.5595703125 0.23860781250000002 0.564453125 0.23370937500000002 0.5888671875 0.2327296875 0.623046875 0.2327296875 0.6513671875 0.2302796875 0.6796875 0.23370937500000002 0.7080078125 0.244978125 0.6865234375 0.2542875 0.666015625 0.25820625 0.6845703125 0.2493875 0.705078125 0.23909843749999998 0.7275390625 0.25134687499999997 0.73828125 0.26310625 0.7119140625 0.27339531250000004 0.68359375
14 0.3194515625 0.75 0.3287609375 0.72265625 0.333659375 0.6962890625 0.3351296875 0.666015625 0.3444390625 0.6533203125 0.3532578125 0.630859375 0.35031875 0.5947265625 0.332190625 0.5966796875 0.32092187499999997 0.5849609375 0.3091625 0.5791015625 0.2939734375 0.583984375 0.28907343750000003 0.61328125 0.29054375 0.6455078125 0.28662343749999997 0.6708984375 0.278784375 0.6923828125 0.269965625 0.7119140625 0.2670265625 0.7421875 0.2797640625 0.7333984375 0.28662343749999997 0.712890625 0.30034375 0.7021484375 0.313571875 0.6884765625 0.313571875 0.708984375 0.3081828125 0.732421875 0.292503125 0.7666015625 0.3057328125 0.7734375 0.3194515625 0.75
13 0.3042625 0.431640625 0.2988734375 0.3974609375 0.29005312499999997 0.3779296875 0.28662343749999997 0.400390625 0.2876046875 0.423828125 0.2822140625 0.4453125 0.27339531250000004 0.4208984375 0.26310625 0.4150390625 0.2670265625 0.44921875 0.2670265625 0.4716796875 0.26065625 0.490234375 0.2542875 0.515625 0.25575625 0.54296875 0.2660453125 0.556640625 0.2797640625 0.5634765625 0.3008328125 0.5625 0.3096515625 0.5478515625 0.3081828125 0.525390625 0.3042625 0.505859375 0.3008328125 0.484375 0.3052421875 0.45703125 0.3042625 0.431640625
12 0.391475 0.6357421875 0.39392499999999997 0.6123046875 0.3811859375 0.5947265625 0.36648749999999997 0.591796875 0.3517890625 0.59765625 0.35031875 0.623046875 0.3493390625 0.650390625 0.3488484375 0.68359375 0.3463984375 0.716796875 0.3444390625 0.75 0.3463984375 0.7763671875 0.3493390625 0.796875 0.357178125 0.7734375 0.3630578125 0.7529296875 0.3694265625 0.7275390625 0.374815625 0.6962890625 0.38020624999999997 0.666015625 0.391475 0.6357421875
11 0.42479218750000003 0.630859375 0.412053125 0.59765625 0.40029375 0.5947265625 0.386575 0.6025390625 0.38265625000000003 0.6298828125 0.379715625 0.6591796875 0.3811859375 0.6884765625 0.38020624999999997 0.7197265625 0.377265625 0.75390625 0.37138593750000004 0.7841796875 0.38363593749999997 0.787109375 0.3919640625 0.763671875 0.403234375 0.740234375 0.4081328125 0.712890625 0.41107343749999997 0.6884765625 0.41695312500000004 0.658203125 0.42479218750000003 0.630859375
10 0.4546796875 0.623046875 0.4517390625 0.6025390625 0.43899999999999995 0.5947265625 0.42626093750000005 0.609375 0.415971875 0.630859375 0.41842187500000005 0.6591796875 0.4179328125 0.6884765625 0.41499218750000005 0.7216796875 0.414503125 0.75390625 0.41842187500000005 0.7841796875 0.4287109375 0.7919921875 0.43655 0.7685546875 0.441940625 0.74609375 0.44782031250000004 0.7197265625 0.4517390625 0.689453125 0.45418906249999996 0.650390625 0.4546796875 0.623046875
9 0.47868750000000004 0.5927734375 0.46251875 0.59765625 0.45320937499999997 0.6103515625 0.4546796875 0.6376953125 0.4546796875 0.6640625 0.458109375 0.69140625 0.4610484375 0.71484375 0.4674171875 0.740234375 0.4772171875 0.755859375 0.48407656250000003 0.7294921875 0.48113593750000005 0.697265625 0.48113593750000005 0.6689453125 0.48113593750000005 0.642578125 0.48113593750000005 0.6123046875 0.47868750000000004 0.5927734375
8 0.48848593749999997 0.5927734375 0.47868750000000004 0.5908203125 0.48015625 0.634765625 0.4835859375 0.6611328125 0.48652656250000004 0.6943359375 0.48946562499999996 0.7275390625 0.49289531249999996 0.7529296875 0.5022046875 0.763671875 0.506125 0.73046875 0.5041640625 0.7001953125 0.505634375 0.6640625 0.505634375 0.6259765625 0.5080843749999999 0.591796875 0.48848593749999997 0.5927734375
7 0.5095546875 0.591796875 0.5080843749999999 0.6279296875 0.5071046875 0.658203125 0.510534375 0.6884765625 0.5134734375 0.7275390625 0.5159234374999999 0.7587890625 0.5252328125 0.7734375 0.529153125 0.7353515625 0.5311125 0.7041015625 0.5316015625 0.666015625 0.5355218749999999 0.6298828125 0.537971875 0.5966796875 0.5095546875 0.591796875
6 0.56736875 0.6328125 0.56345 0.611328125 0.5507109375 0.59765625 0.540421875 0.59765625 0.5355218749999999 0.623046875 0.5350312500000001 0.658203125 0.5365015625 0.689453125 0.5365015625 0.724609375 0.5350312500000001 0.7587890625 0.5389515625 0.7919921875 0.5507109375 0.7763671875 0.5546296875000001 0.748046875 0.5595296875 0.720703125 0.56345 0.69140625 0.5644296875 0.6611328125 0.56736875 0.6328125
5 0.599215625 0.630859375 0.5943171875 0.609375 0.5850078125 0.5927734375 0.570309375 0.59765625 0.5595296875 0.615234375 0.5619796874999999 0.650390625 0.5663890625 0.6708984375 0.5683484375 0.708984375 0.5752078125 0.7421875 0.5810875 0.7734375 0.587946875 0.8017578125 0.59970625 0.8076171875 0.59970625 0.7841796875 0.6006859375 0.7587890625 0.599215625 0.73046875 0.59725625 0.7021484375 0.5957859375 0.6640625 0.599215625 0.630859375
4 0.6310625 0.625 0.6281234375 0.6044921875 0.6099953124999999 0.5927734375 0.603625 0.6025390625 0.59235625 0.6171875 0.5957859375 0.642578125 0.6031359375 0.6689453125 0.6080359375 0.69921875 0.613425 0.724609375 0.6188140625 0.7578125 0.6261640625 0.7861328125 0.6354734375 0.7890625 0.6330234375 0.75390625 0.6330234375 0.732421875 0.631553125 0.7119140625 0.6305734375000001 0.6845703125 0.6300828125 0.658203125 0.6310625 0.625
3 0.65948125 0.5849609375 0.6433125000000001 0.58984375 0.6286140625 0.5966796875 0.6261640625 0.623046875 0.6325328125 0.646484375 0.640371875 0.666015625 0.64968125 0.6923828125 0.6560515625 0.7255859375 0.6619296875 0.7578125 0.6673203125 0.7919921875 0.679078125 0.791015625 0.6741796875 0.7529296875 0.6727093749999999 0.7197265625 0.6722187500000001 0.6787109375 0.6687890624999999 0.634765625 0.6687890624999999 0.5966796875 0.65948125 0.5849609375
1 0.74179375 0.7119140625 0.7339546875 0.673828125 0.7217046875 0.6484375 0.7212156249999999 0.6171875 0.718765625 0.5849609375 0.711415625 0.56640625 0.6981875 0.576171875 0.6878984375 0.5888671875 0.675159375 0.583984375 0.6619296875 0.591796875 0.6575203125 0.6171875 0.666340625 0.6435546875 0.680059375 0.6708984375 0.68691875 0.7041015625 0.6932875000000001 0.73046875 0.6996578125 0.75 0.7123953125 0.771484375 0.7177859375 0.748046875 0.7084765625 0.7294921875 0.7035765625 0.708984375 0.70700625 0.6796875 0.7177859375 0.6943359375 0.7290546875 0.7099609375 0.7383640625 0.732421875 0.7486531249999999 0.748046875 0.74179375 0.7119140625
0 0.7883390625 0.6865234375 0.7790296875 0.666015625 0.7765796875000001 0.638671875 0.7751109375 0.61328125 0.7775593749999999 0.5791015625 0.771190625 0.5537109375 0.75943125 0.54296875 0.7432624999999999 0.5595703125 0.7270953125 0.5556640625 0.7177859375 0.5693359375 0.7177859375 0.5947265625 0.7241546875 0.6201171875 0.7329734375 0.640625 0.7339546875 0.6640625 0.7408140624999999 0.6865234375 0.7506125 0.708984375 0.7633515625 0.724609375 0.7609015625 0.7001953125 0.7564921874999999 0.6748046875 0.7520828125000001 0.646484375 0.7677609375000001 0.681640625 0.7775593749999999 0.705078125 0.7907890625 0.7099609375 0.7883390625 0.6865234375
27 0.773640625 0.357421875 0.7584515625 0.3876953125 0.7466921875 0.4150390625 0.7535515625 0.43359375 0.7658015625 0.4501953125 0.7765796875000001 0.4599609375 0.784909375 0.4697265625 0.8020578125 0.451171875 0.8025484374999999 0.427734375 0.8074468749999999 0.3955078125 0.8108765625000001 0.3544921875 0.8069578125 0.30859375 0.78931875 0.32421875 0.773640625 0.357421875
26 0.766290625 0.5283203125 0.780009375 0.515625 0.7805 0.4853515625 0.77168125 0.458984375 0.757471875 0.44140625 0.7471828125 0.423828125 0.7457125 0.3994140625 0.738853125 0.37890625 0.7261140625 0.384765625 0.718765625 0.416015625 0.718765625 0.443359375 0.725134375 0.4755859375 0.7266046875 0.501953125 0.730525 0.52734375 0.7413031250000001 0.5439453125 0.7564921874999999 0.5458984375 0.766290625 0.5283203125
25 0.7197453125 0.45703125 0.7172953125 0.423828125 0.6932875000000001 0.40234375 0.688878125 0.431640625 0.68446875 0.4658203125 0.68201875 0.5126953125 0.679078125 0.54296875 0.681528125 0.5673828125 0.6972078125000001 0.576171875 0.70945625 0.564453125 0.7241546875 0.5595703125 0.73199375 0.5498046875 0.7329734375 0.5283203125 0.730525 0.5029296875 0.7217046875 0.484375 0.7197453125 0.45703125
24 0.6619296875 0.392578125 0.6555609375 0.427734375 0.6536015625 0.45703125 0.6482109375 0.4921875 0.642821875 0.525390625 0.6433125000000001 0.5517578125 0.6482109375 0.5712890625 0.6609499999999999 0.57421875 0.6761390625 0.57421875 0.6805484374999999 0.54296875 0.679078125 0.515625 0.6785890625000001 0.4970703125 0.6766296875 0.4619140625 0.6761390625 0.423828125 0.675159375 0.3974609375 0.6619296875 0.392578125
23 0.6055859375 0.576171875 0.6188140625 0.58203125 0.6330234375 0.58203125 0.6457625 0.564453125 0.6442921875 0.53515625 0.642821875 0.5048828125 0.6408625 0.474609375 0.6418421875 0.44140625 0.6442921875 0.40234375 0.6325328125 0.40234375 0.625184375 0.427734375 0.6163640625 0.44921875 0.608525 0.4853515625 0.599215625 0.525390625 0.59970625 0.5556640625 0.6055859375 0.576171875
29 0.6119546875 0.38671875 0.592846875 0.3896484375 0.583046875 0.4111328125 0.5761875 0.443359375 0.5688390625 0.4775390625 0.56345 0.515625 0.56981875 0.5419921875 0.5786374999999999 0.5595703125 0.581578125 0.5810546875 0.5933359375 0.587890625 0.6060749999999999 0.548828125 0.6080359375 0.525390625 0.6095046875000001 0.4951171875 0.610975 0.4638671875 0.610975 0.4306640625 0.6119546875 0.38671875
30 0.5355218749999999 0.390625 0.5355218749999999 0.41796875 0.533071875 0.4541015625 0.5355218749999999 0.4853515625 0.5325828125000001 0.517578125 0.529153125 0.5478515625 0.5350312500000001 0.5693359375 0.5482609375 0.5810546875 0.5644296875 0.56640625 0.570309375 0.552734375 0.56736875 0.509765625 0.56345 0.4794921875 0.5624687500000001 0.44140625 0.5600203125000001 0.4072265625 0.549240625 0.3818359375 0.5355218749999999 0.390625
2 0.2518375 0.5390625 0.2567375 0.5185546875 0.25575625 0.4921875 0.2567375 0.466796875 0.2616359375 0.44140625 0.2621265625 0.4033203125 0.25820625 0.3720703125 0.24301875 0.3486328125 0.23370937500000002 0.3779296875 0.226359375 0.4130859375 0.22440000000000002 0.44140625 0.21362031250000002 0.466796875 0.20578124999999997 0.4892578125 0.20333125000000002 0.5126953125 0.21313125 0.5283203125 0.22440000000000002 0.5380859375 0.23664843750000003 0.548828125 0.2518375 0.5390625