31 0.730034375 0.3154296875 0.725134375 0.3388671875 0.7354234374999999 0.3564453125 0.7447328125 0.375 0.7520828125000001 0.3955078125 0.762371875 0.408203125 0.7751109375 0.408203125 0.78441875 0.400390625 0.78686875 0.375 0.7947078125 0.349609375 0.7956890624999999 0.3212890625 0.77805 0.302734375 0.757471875 0.2880859375 0.73934375 0.29296875 0.730034375 0.3154296875
30 0.43899999999999995 0.4765625 0.43802031250000006 0.435546875 0.42528125 0.4521484375 0.4198921875 0.4853515625 0.415971875 0.5224609375 0.412053125 0.5478515625 0.4081328125 0.5771484375 0.4056828125 0.60546875 0.4174421875 0.6220703125 0.4287109375 0.623046875 0.43802031250000006 0.6171875 0.4439 0.5966796875 0.4439 0.572265625 0.4399796875 0.54296875 0.43899999999999995 0.5126953125 0.43899999999999995 0.4765625
29 0.40029375 0.4970703125 0.39784375 0.474609375 0.39637500000000003 0.443359375 0.391475 0.41015625 0.373346875 0.384765625 0.3699171875 0.41015625 0.370896875 0.443359375 0.373346875 0.4765625 0.373346875 0.501953125 0.375796875 0.525390625 0.373346875 0.564453125 0.3723671875 0.6005859375 0.384125 0.61328125 0.3968640625 0.609375 0.4066640625 0.5849609375 0.4086234375 0.564453125 0.403234375 0.5302734375 0.40029375 0.4970703125
23 0.373346875 0.4638671875 0.37138593750000004 0.44140625 0.368446875 0.40234375 0.362078125 0.4365234375 0.3542375 0.466796875 0.35031875 0.498046875 0.34541875 0.5234375 0.3380703125 0.5439453125 0.3351296875 0.564453125 0.3370890625 0.5966796875 0.35276874999999996 0.6015625 0.3650171875 0.59765625 0.375796875 0.5869140625 0.3762859375 0.5634765625 0.373346875 0.5234375 0.373346875 0.494140625 0.373346875 0.4638671875
24 0.33415 0.435546875 0.332190625 0.3974609375 0.3214109375 0.41796875 0.31749218749999997 0.458984375 0.3145515625 0.490234375 0.3091625 0.5205078125 0.3032828125 0.54296875 0.2988734375 0.56640625 0.3091625 0.58203125 0.3194515625 0.5810546875 0.332190625 0.5849609375 0.3415 0.568359375 0.3380703125 0.5380859375 0.33415 0.5078125 0.3326796875 0.466796875 0.33415 0.435546875
25 0.3067125 0.408203125 0.29789374999999996 0.3779296875 0.288584375 0.41015625 0.2802546875 0.4384765625 0.2709453125 0.4609375 0.2645765625 0.484375 0.25820625 0.5078125 0.25575625 0.52734375 0.25820625 0.5478515625 0.2709453125 0.5556640625 0.288584375 0.57421875 0.3042625 0.5595703125 0.3052421875 0.5283203125 0.3067125 0.4970703125 0.307203125 0.466796875 0.3091625 0.435546875 0.3067125 0.408203125
26 0.26751562500000003 0.3671875 0.2616359375 0.3408203125 0.2528171875 0.3671875 0.24252812499999998 0.39453125 0.23517812500000002 0.4130859375 0.226359375 0.435546875 0.2160703125 0.4521484375 0.21068125000000001 0.4716796875 0.21558125 0.4912109375 0.22195 0.5185546875 0.2346890625 0.533203125 0.2464484375 0.52734375 0.2572265625 0.515625 0.26065625 0.484375 0.2616359375 0.458984375 0.26555625 0.43359375 0.2709453125 0.40234375 0.26751562500000003 0.3671875
27 0.21313125 0.31640625 0.2003921875 0.3310546875 0.20578124999999997 0.3544921875 0.21362031250000002 0.384765625 0.22195 0.408203125 0.236159375 0.3984375 0.2493875 0.375 0.26065625 0.3544921875 0.26310625 0.328125 0.2552671875 0.3076171875 0.24154843750000002 0.3037109375 0.22488906250000001 0.302734375 0.21313125 0.31640625
28 0.1954921875 0.556640625 0.1798140625 0.5537109375 0.1724640625 0.572265625 0.1685453125 0.599609375 0.171975 0.630859375 0.178834375 0.650390625 0.18275312500000002 0.67578125 0.195003125 0.6787109375 0.207740625 0.6640625 0.21999062500000002 0.6435546875 0.22440000000000002 0.625 0.22440000000000002 0.5966796875 0.21362031250000002 0.5693359375 0.1954921875 0.556640625
0 0.27192500000000003 0.591796875 0.2621265625 0.56640625 0.24693749999999998 0.5615234375 0.2322390625 0.556640625 0.21999062500000002 0.5634765625 0.21459999999999999 0.5888671875 0.21313125 0.6171875 0.21802968749999999 0.6533203125 0.21949999999999997 0.6865234375 0.21949999999999997 0.7177734375 0.22440000000000002 0.7509765625 0.24056875 0.7421875 0.2493875 0.7177734375 0.25575625 0.6884765625 0.25918593749999996 0.6630859375 0.26310625 0.6376953125 0.269965625 0.6181640625 0.27192500000000003 0.591796875
1 0.3067125 0.73046875 0.3106328125 0.705078125 0.31553125 0.681640625 0.327290625 0.6640625 0.3326796875 0.640625 0.33022968750000004 0.6171875 0.31749218749999997 0.6103515625 0.3052421875 0.6044921875 0.2915234375 0.5947265625 0.277315625 0.5927734375 0.269965625 0.6181640625 0.26849531249999997 0.6455078125 0.2660453125 0.6669921875 0.2616359375 0.69140625 0.2552671875 0.71484375 0.2493875 0.7373046875 0.23860781250000002 0.7607421875 0.2542875 0.7587890625 0.2665359375 0.73828125 0.274865625 0.7177734375 0.28123437500000004 0.69921875 0.2851546875 0.7177734375 0.2827046875 0.748046875 0.27339531250000004 0.7705078125 0.276334375 0.8037109375 0.2876046875 0.791015625 0.2969125 0.7734375 0.3032828125 0.7509765625 0.3067125 0.73046875
2 0.7148453124999999 0.369140625 0.716315625 0.3974609375 0.7212156249999999 0.4208984375 0.730034375 0.44140625 0.7329734375 0.46875 0.7329734375 0.498046875 0.73689375 0.5234375 0.7496328125 0.5361328125 0.7633515625 0.525390625 0.77168125 0.505859375 0.7819703125 0.4921875 0.7854 0.466796875 0.77805 0.4404296875 0.763840625 0.431640625 0.7545328125 0.408203125 0.7471828125 0.3896484375 0.7383640625 0.3671875 0.725134375 0.3466796875 0.7148453124999999 0.369140625
3 0.361096875 0.6689453125 0.3669765625 0.650390625 0.3557078125 0.630859375 0.34296875 0.6259765625 0.33022968750000004 0.6279296875 0.3238609375 0.6484375 0.32239062500000004 0.681640625 0.32092187499999997 0.7119140625 0.319940625 0.74609375 0.31749218749999997 0.7734375 0.3170015625 0.798828125 0.318471875 0.830078125 0.33022968750000004 0.82421875 0.34051875 0.7998046875 0.3444390625 0.771484375 0.35031875 0.7431640625 0.3542375 0.7119140625 0.354728125 0.6884765625 0.361096875 0.6689453125
4 0.39539375 0.6640625 0.391475 0.640625 0.3787359375 0.638671875 0.3694265625 0.6435546875 0.3591375 0.658203125 0.3581578125 0.681640625 0.36060781249999996 0.7177734375 0.362078125 0.748046875 0.3630578125 0.7734375 0.3630578125 0.7958984375 0.361096875 0.8173828125 0.3669765625 0.845703125 0.3762859375 0.830078125 0.38265625000000003 0.806640625 0.38363593749999997 0.765625 0.386575 0.732421875 0.3900046875 0.708984375 0.391475 0.689453125 0.39539375 0.6640625
5 0.429690625 0.6669921875 0.41499218750000005 0.6533203125 0.398334375 0.65625 0.3944140625 0.6787109375 0.39637500000000003 0.71484375 0.39637500000000003 0.748046875 0.3944140625 0.779296875 0.3919640625 0.8076171875 0.3900046875 0.837890625 0.3944140625 0.8662109375 0.4066640625 0.8525390625 0.412053125 0.822265625 0.41695312500000004 0.796875 0.4198921875 0.765625 0.4272421875 0.7333984375 0.42773125 0.7021484375 0.429690625 0.6669921875
6 0.46202812499999996 0.666015625 0.4492890625 0.6552734375 0.43263125 0.6591796875 0.43116093749999995 0.6962890625 0.4287109375 0.7333984375 0.42332187499999996 0.7607421875 0.41891249999999997 0.7958984375 0.412053125 0.8330078125 0.42479218750000003 0.8271484375 0.43116093749999995 0.8017578125 0.43802031250000006 0.7783203125 0.44585937500000006 0.75390625 0.45222968750000003 0.7275390625 0.457128125 0.7001953125 0.46202812499999996 0.666015625
7 0.46496875 0.6533203125 0.46202812499999996 0.6796875 0.46251875 0.71484375 0.46202812499999996 0.7509765625 0.4566390625 0.779296875 0.4566390625 0.814453125 0.4683984375 0.798828125 0.4728078125 0.7666015625 0.47770625000000005 0.740234375 0.48505624999999997 0.716796875 0.48652656250000004 0.6845703125 0.485546875 0.6591796875 0.46496875 0.6533203125
8 0.498284375 0.6513671875 0.48750625000000003 0.6533203125 0.4889765625 0.6796875 0.4879953125 0.716796875 0.48652656250000004 0.740234375 0.48260625 0.7587890625 0.4835859375 0.7919921875 0.496815625 0.783203125 0.501715625 0.755859375 0.5071046875 0.7333984375 0.5120046874999999 0.705078125 0.51494375 0.6796875 0.5159234374999999 0.65625 0.498284375 0.6513671875
9 0.5188640625 0.6611328125 0.5159234374999999 0.6865234375 0.5164140625 0.7177734375 0.5183734375 0.748046875 0.5164140625 0.78125 0.5237625 0.8193359375 0.5325828125000001 0.783203125 0.5389515625 0.7578125 0.541890625 0.7197265625 0.544340625 0.69140625 0.5458109375 0.6611328125 0.5311125 0.65625 0.5188640625 0.6611328125
10 0.56981875 0.65625 0.5546296875000001 0.6533203125 0.5433609374999999 0.666015625 0.5453203125 0.697265625 0.54973125 0.7294921875 0.5531609375000001 0.7626953125 0.558059375 0.7890625 0.5663890625 0.8095703125 0.576678125 0.828125 0.5918671875 0.84765625 0.5933359375 0.8173828125 0.5894171874999999 0.791015625 0.585496875 0.7607421875 0.5850078125 0.72265625 0.583046875 0.6962890625 0.583046875 0.6689453125 0.56981875 0.65625
11 0.6119546875 0.638671875 0.5957859375 0.640625 0.584028125 0.6484375 0.581578125 0.6689453125 0.5850078125 0.6962890625 0.587946875 0.73046875 0.5913765625 0.7587890625 0.5943171875 0.7841796875 0.5952968750000001 0.806640625 0.59970625 0.83984375 0.6080359375 0.8115234375 0.613425 0.783203125 0.618325 0.7431640625 0.6212640625 0.7041015625 0.624203125 0.6767578125 0.624203125 0.65625 0.6119546875 0.638671875
12 0.6467421875 0.623046875 0.6300828125 0.623046875 0.61979375 0.6484375 0.6163640625 0.6708984375 0.626653125 0.69140625 0.6305734375000001 0.72265625 0.637921875 0.755859375 0.6457625 0.783203125 0.6560515625 0.8076171875 0.670259375 0.82421875 0.6727093749999999 0.796875 0.6722187500000001 0.765625 0.6712390625 0.732421875 0.66585 0.6943359375 0.663890625 0.6640625 0.6619296875 0.630859375 0.6467421875 0.623046875
13 0.7123953125 0.423828125 0.7011265625 0.392578125 0.6893671875 0.3701171875 0.683978125 0.3974609375 0.680059375 0.435546875 0.679078125 0.4638671875 0.681528125 0.4873046875 0.6805484374999999 0.5107421875 0.6805484374999999 0.53125 0.6854484375000001 0.556640625 0.6918171875 0.576171875 0.7055359375 0.5791015625 0.7148453124999999 0.55859375 0.7315046875 0.5634765625 0.73689375 0.5390625 0.7378734375 0.517578125 0.7329734375 0.4921875 0.7202359375 0.4638671875 0.7123953125 0.423828125
14 0.725134375 0.6689453125 0.723665625 0.646484375 0.7172953125 0.6103515625 0.707496875 0.591796875 0.6918171875 0.591796875 0.6805484374999999 0.607421875 0.66585 0.6103515625 0.6531109374999999 0.6103515625 0.6506609375 0.6376953125 0.6575203125 0.6630859375 0.6673203125 0.6787109375 0.6712390625 0.69921875 0.6727093749999999 0.73046875 0.683978125 0.7685546875 0.7011265625 0.7998046875 0.7177859375 0.7919921875 0.70700625 0.7578125 0.6981875 0.7294921875 0.6981875 0.7041015625 0.711415625 0.712890625 0.7241546875 0.7373046875 0.7324843750000001 0.7587890625 0.7486531249999999 0.7763671875 0.7471828125 0.75 0.7403234375000001 0.716796875 0.7324843750000001 0.697265625 0.725134375 0.6689453125
15 0.766290625 0.556640625 0.7481625000000001 0.55859375 0.7354234374999999 0.56640625 0.7202359375 0.572265625 0.7123953125 0.6044921875 0.7158249999999999 0.6259765625 0.725134375 0.6455078125 0.7339546875 0.666015625 0.7354234374999999 0.6943359375 0.74179375 0.7197265625 0.7530625 0.7373046875 0.7697203125 0.75 0.7854 0.7294921875 0.7907890625 0.7041015625 0.78441875 0.6708984375 0.77805 0.6455078125 0.7741296875 0.615234375 0.7751109375 0.58203125 0.766290625 0.556640625
16 0.7932390625 0.5439453125 0.7790296875 0.5634765625 0.7726609375 0.5869140625 0.7677609375000001 0.6103515625 0.763840625 0.634765625 0.780009375 0.6640625 0.7947078125 0.68359375 0.8147968750000001 0.6796875 0.82410625 0.6552734375 0.8314546875 0.61328125 0.8275359375000001 0.576171875 0.8084265625 0.5556640625 0.7932390625 0.5439453125
17 0.6467421875 0.525390625 0.6433125000000001 0.5634765625 0.6506609375 0.5830078125 0.663890625 0.591796875 0.679078125 0.58203125 0.6893671875 0.5634765625 0.6878984375 0.53515625 0.679078125 0.5146484375 0.6736890625 0.4921875 0.6673203125 0.4609375 0.6585 0.41796875 0.6536015625 0.39453125 0.6369421875 0.3740234375 0.6418421875 0.4150390625 0.6442921875 0.44921875 0.6452718749999999 0.4873046875 0.6467421875 0.525390625
18 0.608525 0.541015625 0.6070546875 0.5712890625 0.6095046875000001 0.5966796875 0.625184375 0.607421875 0.638903125 0.6015625 0.64968125 0.6044921875 0.6555609375 0.57421875 0.6511515625000001 0.5361328125 0.64723125 0.501953125 0.6442921875 0.4560546875 0.6408625 0.4033203125 0.629103125 0.458984375 0.6237140625 0.494140625 0.613425 0.515625 0.608525 0.541015625
19 0.5727578125 0.5712890625 0.5737390625 0.6015625 0.5869671875 0.615234375 0.59970625 0.623046875 0.6095046875000001 0.6142578125 0.6163640625 0.591796875 0.6119546875 0.56640625 0.6080359375 0.541015625 0.6055859375 0.5107421875 0.6055859375 0.484375 0.6055859375 0.4521484375 0.601665625 0.4208984375 0.5952968750000001 0.39453125 0.5864765625 0.4306640625 0.583046875 0.45703125 0.579128125 0.4951171875 0.576678125 0.533203125 0.5727578125 0.5712890625
20 0.5325828125000001 0.556640625 0.533071875 0.58203125 0.53748125 0.60546875 0.541890625 0.625 0.555609375 0.6298828125 0.5663890625 0.623046875 0.5737390625 0.6025390625 0.5786374999999999 0.5810546875 0.570309375 0.556640625 0.56491875 0.525390625 0.55855 0.501953125 0.5531609375000001 0.47265625 0.5433609374999999 0.443359375 0.5365015625 0.4111328125 0.5208234375 0.4189453125 0.5252328125 0.4521484375 0.5301328125 0.482421875 0.5316015625 0.5224609375 0.5325828125000001 0.556640625
21 0.4953453125 0.5517578125 0.49387499999999995 0.5849609375 0.491425 0.6220703125 0.5022046875 0.6337890625 0.5159234374999999 0.6435546875 0.529153125 0.638671875 0.5355218749999999 0.615234375 0.5365015625 0.58984375 0.5316015625 0.5595703125 0.5271921875000001 0.53515625 0.5227828125 0.5048828125 0.5159234374999999 0.46875 0.5071046875 0.4384765625 0.49436562500000003 0.41796875 0.4879953125 0.4443359375 0.48750625000000003 0.4814453125 0.491915625 0.517578125 0.4953453125 0.5517578125
22 0.4835859375 0.474609375 0.48162656249999997 0.4404296875 0.48113593750000005 0.435546875 0.46496875 0.44921875 0.4610484375 0.4765625 0.45565937500000003 0.515625 0.45075937499999996 0.5458984375 0.44585937500000006 0.57421875 0.44439062500000004 0.6015625 0.4439 0.6279296875 0.459578125 0.6455078125 0.4747671875 0.634765625 0.48652656250000004 0.6328125 0.48946562499999996 0.6015625 0.4879953125 0.57421875 0.48652656250000004 0.54296875 0.485546875 0.509765625 0.4835859375 0.474609375