31 0.274865625 0.3388671875 0.269965625 0.3154296875 0.26065625 0.29296875 0.24252812499999998 0.2880859375 0.22195 0.302734375 0.20431093749999998 0.3212890625 0.2052921875 0.349609375 0.21313125 0.375 0.21558125 0.400390625 0.22488906250000001 0.408203125 0.237628125 0.408203125 0.2479171875 0.3955078125 0.2552671875 0.375 0.2645765625 0.3564453125 0.274865625 0.3388671875
30 0.57471875 0.4521484375 0.5619796874999999 0.435546875 0.561 0.4765625 0.561 0.5126953125 0.5600203125000001 0.54296875 0.5561 0.572265625 0.5561 0.5966796875 0.5619796874999999 0.6171875 0.5712890625 0.623046875 0.5825578124999999 0.6220703125 0.5943171875 0.60546875 0.5918671875 0.5771484375 0.587946875 0.5478515625 0.584028125 0.5224609375 0.5801078125 0.4853515625 0.57471875 0.4521484375
29 0.626653125 0.384765625 0.608525 0.41015625 0.603625 0.443359375 0.60215625 0.474609375 0.59970625 0.4970703125 0.596765625 0.5302734375 0.5913765625 0.564453125 0.5933359375 0.5849609375 0.6031359375 0.609375 0.6158750000000001 0.61328125 0.6276328125 0.6005859375 0.626653125 0.564453125 0.624203125 0.525390625 0.626653125 0.501953125 0.626653125 0.4765625 0.629103125 0.443359375 0.6300828125 0.41015625 0.626653125 0.384765625
23 0.637921875 0.4365234375 0.631553125 0.40234375 0.6286140625 0.44140625 0.626653125 0.4638671875 0.626653125 0.494140625 0.626653125 0.5234375 0.6237140625 0.5634765625 0.624203125 0.5869140625 0.6349828125 0.59765625 0.64723125 0.6015625 0.6629109375 0.5966796875 0.6648703125 0.564453125 0.6619296875 0.5439453125 0.65458125 0.5234375 0.64968125 0.498046875 0.6457625 0.466796875 0.637921875 0.4365234375
24 0.6785890625000001 0.41796875 0.667809375 0.3974609375 0.66585 0.435546875 0.6673203125 0.466796875 0.66585 0.5078125 0.6619296875 0.5380859375 0.6585 0.568359375 0.667809375 0.5849609375 0.6805484374999999 0.5810546875 0.6908375 0.58203125 0.7011265625 0.56640625 0.6967171875 0.54296875 0.6908375 0.5205078125 0.6854484375000001 0.490234375 0.6825078125 0.458984375 0.6785890625000001 0.41796875
25 0.7197453125 0.4384765625 0.711415625 0.41015625 0.70210625 0.3779296875 0.6932875000000001 0.408203125 0.6908375 0.435546875 0.692796875 0.466796875 0.6932875000000001 0.4970703125 0.6947578125 0.5283203125 0.6957375 0.5595703125 0.711415625 0.57421875 0.7290546875 0.5556640625 0.74179375 0.5478515625 0.74424375 0.52734375 0.74179375 0.5078125 0.7354234374999999 0.484375 0.7290546875 0.4609375 0.7197453125 0.4384765625
26 0.764821875 0.4130859375 0.757471875 0.39453125 0.7471828125 0.3671875 0.7383640625 0.3408203125 0.7324843750000001 0.3671875 0.7290546875 0.40234375 0.73444375 0.43359375 0.7383640625 0.458984375 0.73934375 0.484375 0.7427734375 0.515625 0.7535515625 0.52734375 0.7653109375 0.533203125 0.77805 0.5185546875 0.78441875 0.4912109375 0.78931875 0.4716796875 0.7839296874999999 0.4521484375 0.773640625 0.435546875 0.764821875 0.4130859375
27 0.7751109375 0.302734375 0.7584515625 0.3037109375 0.7447328125 0.3076171875 0.73689375 0.328125 0.73934375 0.3544921875 0.7506125 0.375 0.763840625 0.3984375 0.77805 0.408203125 0.7863796875 0.384765625 0.79421875 0.3544921875 0.7996078125 0.3310546875 0.78686875 0.31640625 0.7751109375 0.302734375
28 0.8045078125 0.556640625 0.7863796875 0.5693359375 0.7756000000000001 0.5966796875 0.7756000000000001 0.625 0.780009375 0.6435546875 0.792259375 0.6640625 0.804996875 0.6787109375 0.817246875 0.67578125 0.8211656250000001 0.650390625 0.828025 0.630859375 0.8314546875 0.599609375 0.8275359375000001 0.572265625 0.8201859375 0.5537109375 0.8045078125 0.556640625
0 0.780009375 0.5634765625 0.7677609375000001 0.556640625 0.7530625 0.5615234375 0.7378734375 0.56640625 0.728075 0.591796875 0.730034375 0.6181640625 0.73689375 0.6376953125 0.7408140624999999 0.6630859375 0.74424375 0.6884765625 0.7506125 0.7177734375 0.75943125 0.7421875 0.7756000000000001 0.7509765625 0.7805 0.7177734375 0.7805 0.6865234375 0.7819703125 0.6533203125 0.78686875 0.6171875 0.7854 0.5888671875 0.780009375 0.5634765625
1 0.7506125 0.7373046875 0.7447328125 0.71484375 0.7383640625 0.69140625 0.7339546875 0.6669921875 0.7315046875 0.6455078125 0.730034375 0.6181640625 0.7226843749999999 0.5927734375 0.7084765625 0.5947265625 0.6947578125 0.6044921875 0.6825078125 0.6103515625 0.6697703125000001 0.6171875 0.6673203125 0.640625 0.6727093749999999 0.6640625 0.68446875 0.681640625 0.6893671875 0.705078125 0.6932875000000001 0.73046875 0.6967171875 0.7509765625 0.7030875 0.7734375 0.7123953125 0.791015625 0.723665625 0.8037109375 0.7266046875 0.7705078125 0.7172953125 0.748046875 0.7148453124999999 0.7177734375 0.718765625 0.69921875 0.725134375 0.7177734375 0.7334640625 0.73828125 0.7457125 0.7587890625 0.7613921875 0.7607421875 0.7506125 0.7373046875
2 0.2670265625 0.498046875 0.2670265625 0.46875 0.269965625 0.44140625 0.278784375 0.4208984375 0.283684375 0.3974609375 0.2851546875 0.369140625 0.274865625 0.3466796875 0.2616359375 0.3671875 0.2528171875 0.3896484375 0.2454671875 0.408203125 0.236159375 0.431640625 0.22195 0.4404296875 0.21459999999999999 0.466796875 0.21802968749999999 0.4921875 0.22831875 0.505859375 0.23664843750000003 0.525390625 0.25036718750000003 0.5361328125 0.26310625 0.5234375 0.2670265625 0.498046875
3 0.6761390625 0.6484375 0.6697703125000001 0.6279296875 0.65703125 0.6259765625 0.6442921875 0.630859375 0.6330234375 0.650390625 0.638903125 0.6689453125 0.6452718749999999 0.6884765625 0.6457625 0.7119140625 0.64968125 0.7431640625 0.6555609375 0.771484375 0.65948125 0.7998046875 0.6697703125000001 0.82421875 0.681528125 0.830078125 0.6829984375 0.798828125 0.6825078125 0.7734375 0.680059375 0.74609375 0.679078125 0.7119140625 0.6776093750000001 0.681640625 0.6761390625 0.6484375
4 0.6418421875 0.681640625 0.6408625 0.658203125 0.6305734375000001 0.6435546875 0.6212640625 0.638671875 0.608525 0.640625 0.60460625 0.6640625 0.608525 0.689453125 0.6099953124999999 0.708984375 0.613425 0.732421875 0.6163640625 0.765625 0.6173437500000001 0.806640625 0.6237140625 0.830078125 0.6330234375 0.845703125 0.638903125 0.8173828125 0.6369421875 0.7958984375 0.6369421875 0.7734375 0.637921875 0.748046875 0.6393921875 0.7177734375 0.6418421875 0.681640625
5 0.6055859375 0.6787109375 0.601665625 0.65625 0.5850078125 0.6533203125 0.570309375 0.6669921875 0.57226875 0.7021484375 0.5727578125 0.7333984375 0.5801078125 0.765625 0.583046875 0.796875 0.587946875 0.822265625 0.5933359375 0.8525390625 0.6055859375 0.8662109375 0.6099953124999999 0.837890625 0.6080359375 0.8076171875 0.6055859375 0.779296875 0.603625 0.748046875 0.603625 0.71484375 0.6055859375 0.6787109375
6 0.5507109375 0.6552734375 0.537971875 0.666015625 0.542871875 0.7001953125 0.5477703125 0.7275390625 0.5541406249999999 0.75390625 0.5619796874999999 0.7783203125 0.5688390625 0.8017578125 0.5752078125 0.8271484375 0.587946875 0.8330078125 0.5810875 0.7958984375 0.576678125 0.7607421875 0.5712890625 0.7333984375 0.5688390625 0.6962890625 0.56736875 0.6591796875 0.5507109375 0.6552734375
7 0.514453125 0.6591796875 0.5134734375 0.6845703125 0.51494375 0.716796875 0.52229375 0.740234375 0.5271921875000001 0.7666015625 0.5316015625 0.798828125 0.5433609374999999 0.814453125 0.5433609374999999 0.779296875 0.537971875 0.7509765625 0.53748125 0.71484375 0.537971875 0.6796875 0.5350312500000001 0.6533203125 0.514453125 0.6591796875
8 0.501715625 0.6513671875 0.48407656250000003 0.65625 0.48505624999999997 0.6796875 0.4879953125 0.705078125 0.49289531249999996 0.7333984375 0.498284375 0.755859375 0.503184375 0.783203125 0.5164140625 0.7919921875 0.51739375 0.7587890625 0.5134734375 0.740234375 0.5120046874999999 0.716796875 0.5110234375 0.6796875 0.51249375 0.6533203125 0.501715625 0.6513671875
9 0.4688875 0.65625 0.45418906249999996 0.6611328125 0.45565937500000003 0.69140625 0.458109375 0.7197265625 0.4610484375 0.7578125 0.4674171875 0.783203125 0.4762375 0.8193359375 0.4835859375 0.78125 0.48162656249999997 0.748046875 0.4835859375 0.7177734375 0.48407656250000003 0.6865234375 0.48113593750000005 0.6611328125 0.4688875 0.65625
10 0.4546796875 0.697265625 0.4566390625 0.666015625 0.4453703125 0.6533203125 0.43018124999999996 0.65625 0.41695312500000004 0.6689453125 0.41695312500000004 0.6962890625 0.41499218750000005 0.72265625 0.414503125 0.7607421875 0.41058281250000006 0.791015625 0.4066640625 0.8173828125 0.4081328125 0.84765625 0.42332187499999996 0.828125 0.4336109375 0.8095703125 0.441940625 0.7890625 0.44683906249999994 0.7626953125 0.45026875000000005 0.7294921875 0.4546796875 0.697265625
11 0.41842187500000005 0.6689453125 0.415971875 0.6484375 0.4042140625 0.640625 0.38804531249999996 0.638671875 0.375796875 0.65625 0.375796875 0.6767578125 0.3787359375 0.7041015625 0.381675 0.7431640625 0.386575 0.783203125 0.3919640625 0.8115234375 0.40029375 0.83984375 0.404703125 0.806640625 0.4056828125 0.7841796875 0.4086234375 0.7587890625 0.412053125 0.73046875 0.41499218750000005 0.6962890625 0.41842187500000005 0.6689453125
12 0.38363593749999997 0.6708984375 0.38020624999999997 0.6484375 0.3699171875 0.623046875 0.3532578125 0.623046875 0.3380703125 0.630859375 0.33610937500000004 0.6640625 0.33415 0.6943359375 0.3287609375 0.732421875 0.32778125 0.765625 0.327290625 0.796875 0.329740625 0.82421875 0.34394843750000004 0.8076171875 0.3542375 0.783203125 0.362078125 0.755859375 0.3694265625 0.72265625 0.373346875 0.69140625 0.38363593749999997 0.6708984375
13 0.32092187499999997 0.4638671875 0.319940625 0.435546875 0.316021875 0.3974609375 0.3106328125 0.3701171875 0.2988734375 0.392578125 0.2876046875 0.423828125 0.2797640625 0.4638671875 0.2670265625 0.4921875 0.2621265625 0.517578125 0.26310625 0.5390625 0.26849531249999997 0.5634765625 0.2851546875 0.55859375 0.2944640625 0.5791015625 0.3081828125 0.576171875 0.3145515625 0.556640625 0.3194515625 0.53125 0.3194515625 0.5107421875 0.318471875 0.4873046875 0.32092187499999997 0.4638671875
14 0.316021875 0.7685546875 0.327290625 0.73046875 0.3287609375 0.69921875 0.3326796875 0.6787109375 0.3424796875 0.6630859375 0.3493390625 0.6376953125 0.34688906249999996 0.6103515625 0.33415 0.6103515625 0.3194515625 0.607421875 0.3081828125 0.591796875 0.292503125 0.591796875 0.2827046875 0.6103515625 0.276334375 0.646484375 0.274865625 0.6689453125 0.26751562500000003 0.697265625 0.25967656250000004 0.716796875 0.2528171875 0.75 0.25134687499999997 0.7763671875 0.26751562500000003 0.7587890625 0.2758453125 0.7373046875 0.288584375 0.712890625 0.3018125 0.7041015625 0.3018125 0.7294921875 0.29299375 0.7578125 0.2822140625 0.7919921875 0.2988734375 0.7998046875 0.316021875 0.7685546875
15 0.284175 0.6259765625 0.2876046875 0.6044921875 0.2797640625 0.572265625 0.2645765625 0.56640625 0.2518375 0.55859375 0.23370937500000002 0.556640625 0.22488906250000001 0.58203125 0.22587031249999998 0.615234375 0.22195 0.6455078125 0.21558125 0.6708984375 0.20921093750000003 0.7041015625 0.21459999999999999 0.7294921875 0.2302796875 0.75 0.24693749999999998 0.7373046875 0.25820625 0.7197265625 0.2645765625 0.6943359375 0.2660453125 0.666015625 0.274865625 0.6455078125 0.284175 0.6259765625
16 0.1915734375 0.5556640625 0.1724640625 0.576171875 0.1685453125 0.61328125 0.17589375000000002 0.6552734375 0.185203125 0.6796875 0.2052921875 0.68359375 0.21999062500000002 0.6640625 0.236159375 0.634765625 0.2322390625 0.6103515625 0.22733906250000002 0.5869140625 0.2209703125 0.5634765625 0.2067609375 0.5439453125 0.1915734375 0.5556640625
17 0.33610937500000004 0.591796875 0.3493390625 0.5830078125 0.3566875 0.5634765625 0.3532578125 0.525390625 0.354728125 0.4873046875 0.3557078125 0.44921875 0.3581578125 0.4150390625 0.3630578125 0.3740234375 0.3463984375 0.39453125 0.3415 0.41796875 0.3326796875 0.4609375 0.3263109375 0.4921875 0.32092187499999997 0.5146484375 0.3121015625 0.53515625 0.3106328125 0.5634765625 0.32092187499999997 0.58203125 0.33610937500000004 0.591796875
18 0.39294531250000003 0.5712890625 0.391475 0.541015625 0.386575 0.515625 0.3762859375 0.494140625 0.370896875 0.458984375 0.3591375 0.4033203125 0.3557078125 0.4560546875 0.35276874999999996 0.501953125 0.3488484375 0.5361328125 0.3444390625 0.57421875 0.35031875 0.6044921875 0.361096875 0.6015625 0.374815625 0.607421875 0.3904953125 0.5966796875 0.39294531250000003 0.5712890625
19 0.3904953125 0.6142578125 0.40029375 0.623046875 0.4130328125 0.615234375 0.42626093750000005 0.6015625 0.4272421875 0.5712890625 0.42332187499999996 0.533203125 0.420871875 0.4951171875 0.41695312500000004 0.45703125 0.4135234375 0.4306640625 0.404703125 0.39453125 0.398334375 0.4208984375 0.3944140625 0.4521484375 0.3944140625 0.484375 0.3944140625 0.5107421875 0.3919640625 0.541015625 0.38804531249999996 0.56640625 0.38363593749999997 0.591796875 0.3904953125 0.6142578125
20 0.4336109375 0.623046875 0.44439062500000004 0.6298828125 0.458109375 0.625 0.46251875 0.60546875 0.466928125 0.58203125 0.4674171875 0.556640625 0.4683984375 0.5224609375 0.46986718749999995 0.482421875 0.4747671875 0.4521484375 0.4791765625 0.4189453125 0.4634984375 0.4111328125 0.4566390625 0.443359375 0.44683906249999994 0.47265625 0.44145 0.501953125 0.43508125 0.525390625 0.429690625 0.556640625 0.42136250000000003 0.5810546875 0.42626093750000005 0.6025390625 0.4336109375 0.623046875
21 0.48407656250000003 0.6435546875 0.4977953125 0.6337890625 0.508575 0.6220703125 0.506125 0.5849609375 0.5046546875 0.5517578125 0.5080843749999999 0.517578125 0.51249375 0.4814453125 0.5120046874999999 0.4443359375 0.505634375 0.41796875 0.49289531249999996 0.4384765625 0.48407656250000003 0.46875 0.4772171875 0.5048828125 0.4728078125 0.53515625 0.4683984375 0.5595703125 0.4634984375 0.58984375 0.464478125 0.615234375 0.470846875 0.638671875 0.48407656250000003 0.6435546875
22 0.5389515625 0.4765625 0.5350312500000001 0.44921875 0.5188640625 0.435546875 0.5183734375 0.4404296875 0.5164140625 0.474609375 0.514453125 0.509765625 0.5134734375 0.54296875 0.5120046874999999 0.57421875 0.510534375 0.6015625 0.5134734375 0.6328125 0.5252328125 0.634765625 0.540421875 0.6455078125 0.5561 0.6279296875 0.555609375 0.6015625 0.5541406249999999 0.57421875 0.549240625 0.5458984375 0.544340625 0.515625 0.5389515625 0.4765625