21 0.5159234374999999 0.5693359375 0.5183734375 0.53125 0.5227828125 0.494140625 0.5252328125 0.4609375 0.5134734375 0.44921875 0.498284375 0.443359375 0.48407656250000003 0.4462890625 0.48505624999999997 0.466796875 0.48260625 0.4951171875 0.485546875 0.5234375 0.48407656250000003 0.5537109375 0.48407656250000003 0.5947265625 0.48407656250000003 0.6259765625 0.48652656250000004 0.6630859375 0.4879953125 0.712890625 0.4997546875 0.6591796875 0.508575 0.623046875 0.5159234374999999 0.5693359375
22 0.48015625 0.498046875 0.485546875 0.4697265625 0.47966718750000004 0.4453125 0.46251875 0.4462890625 0.45125000000000004 0.4501953125 0.44145 0.4697265625 0.4439 0.4921875 0.4453703125 0.525390625 0.44585937500000006 0.5634765625 0.441940625 0.607421875 0.441940625 0.6435546875 0.44439062500000004 0.6689453125 0.4517390625 0.69140625 0.4610484375 0.6484375 0.4683984375 0.6103515625 0.4713375 0.5693359375 0.4762375 0.53515625 0.48015625 0.498046875
20 0.5188640625 0.6298828125 0.51494375 0.658203125 0.52229375 0.677734375 0.529153125 0.650390625 0.537971875 0.6181640625 0.5433609374999999 0.5869140625 0.54973125 0.5634765625 0.555609375 0.53125 0.561 0.509765625 0.5619796874999999 0.4814453125 0.5546296875000001 0.4609375 0.540421875 0.4609375 0.5247421875 0.4609375 0.52229375 0.5 0.5237625 0.5537109375 0.5198437499999999 0.59765625 0.5188640625 0.6298828125
19 0.558059375 0.5478515625 0.5595296875 0.5791015625 0.5619796874999999 0.6103515625 0.5644296875 0.642578125 0.5663890625 0.6767578125 0.5727578125 0.7099609375 0.5825578124999999 0.6962890625 0.583046875 0.6552734375 0.584028125 0.6201171875 0.5869671875 0.5849609375 0.5918671875 0.548828125 0.601665625 0.5146484375 0.5982359374999999 0.4873046875 0.5903968749999999 0.466796875 0.5786374999999999 0.4619140625 0.56491875 0.474609375 0.5541406249999999 0.490234375 0.5541406249999999 0.5205078125 0.558059375 0.5478515625
18 0.6006859375 0.6201171875 0.5982359374999999 0.658203125 0.599215625 0.6962890625 0.613425 0.681640625 0.6158750000000001 0.6513671875 0.6163640625 0.615234375 0.6188140625 0.5810546875 0.6227343750000001 0.5595703125 0.626653125 0.533203125 0.6349828125 0.505859375 0.626653125 0.482421875 0.6163640625 0.466796875 0.6055859375 0.4892578125 0.5933359375 0.494140625 0.587946875 0.515625 0.5913765625 0.5556640625 0.5982359374999999 0.5927734375 0.6006859375 0.6201171875
17 0.6261640625 0.5478515625 0.629103125 0.572265625 0.6305734375000001 0.6044921875 0.6300828125 0.640625 0.629103125 0.671875 0.6369421875 0.6923828125 0.6452718749999999 0.666015625 0.64723125 0.638671875 0.6536015625 0.6025390625 0.6575203125 0.572265625 0.6624203125 0.541015625 0.6687890624999999 0.515625 0.6624203125 0.494140625 0.6521312499999999 0.4794921875 0.6393921875 0.4853515625 0.6276328125 0.4970703125 0.6237140625 0.5185546875 0.6261640625 0.5478515625
16 0.7751109375 0.5 0.79176875 0.4873046875 0.804996875 0.474609375 0.82410625 0.4609375 0.84419375 0.4384765625 0.8412546875 0.40234375 0.8290046875 0.39453125 0.8152859375 0.3955078125 0.7981374999999999 0.3896484375 0.7819703125 0.384765625 0.7677609375000001 0.376953125 0.7535515625 0.3818359375 0.7466921875 0.400390625 0.7496328125 0.427734375 0.751103125 0.4541015625 0.7560015625000001 0.4775390625 0.7613921875 0.5029296875 0.7751109375 0.5
15 0.730525 0.5 0.7403234375000001 0.490234375 0.7447328125 0.466796875 0.7447328125 0.4404296875 0.7471828125 0.4150390625 0.75698125 0.3828125 0.764821875 0.3466796875 0.7687406250000001 0.3076171875 0.757471875 0.2998046875 0.7408140624999999 0.3134765625 0.730525 0.3330078125 0.7202359375 0.353515625 0.7109265625 0.3720703125 0.7011265625 0.3896484375 0.6893671875 0.416015625 0.680059375 0.4384765625 0.683978125 0.4609375 0.6947578125 0.466796875 0.7060265625000001 0.4775390625 0.7172953125 0.4951171875 0.730525 0.5
14 0.6148953125000001 0.43359375 0.6261640625 0.443359375 0.6408625 0.4443359375 0.6560515625 0.4638671875 0.667809375 0.46875 0.683978125 0.466796875 0.692796875 0.4443359375 0.6932875000000001 0.41796875 0.6972078125000001 0.390625 0.707496875 0.365234375 0.7202359375 0.3408203125 0.7315046875 0.2958984375 0.7148453124999999 0.3056640625 0.7030875 0.3291015625 0.6908375 0.3466796875 0.680059375 0.3623046875 0.679078125 0.3359375 0.688878125 0.30859375 0.702596875 0.28515625 0.6893671875 0.26953125 0.6761390625 0.2958984375 0.663890625 0.328125 0.65458125 0.353515625 0.6452718749999999 0.3740234375 0.6325328125 0.392578125 0.6237140625 0.4111328125 0.6148953125000001 0.43359375
12 0.6354734375 0.376953125 0.640371875 0.3447265625 0.6467421875 0.3115234375 0.6555609375 0.2666015625 0.6575203125 0.248046875 0.638903125 0.2490234375 0.634003125 0.2744140625 0.6261640625 0.2998046875 0.61979375 0.32421875 0.6099953124999999 0.3544921875 0.60215625 0.3818359375 0.592846875 0.3974609375 0.5982359374999999 0.4208984375 0.6095046875000001 0.431640625 0.6227343750000001 0.44140625 0.6330234375 0.4287109375 0.636453125 0.3974609375 0.6354734375 0.376953125
11 0.6099953124999999 0.287109375 0.613425 0.2548828125 0.6031359375 0.2568359375 0.596765625 0.2880859375 0.5913765625 0.3076171875 0.583046875 0.3330078125 0.5737390625 0.3623046875 0.5683484375 0.3896484375 0.570309375 0.4150390625 0.5825578124999999 0.42578125 0.5982359374999999 0.41796875 0.6031359375 0.39453125 0.6080359375 0.357421875 0.6095046875000001 0.3232421875 0.6099953124999999 0.287109375
10 0.581578125 0.267578125 0.5619796874999999 0.251953125 0.541890625 0.259765625 0.542871875 0.2900390625 0.5433609374999999 0.3291015625 0.5414015625 0.359375 0.5433609374999999 0.3876953125 0.5467906250000001 0.4228515625 0.5619796874999999 0.4228515625 0.5688390625 0.390625 0.5752078125 0.3623046875 0.5786374999999999 0.333984375 0.5801078125 0.294921875 0.581578125 0.267578125
9 0.5389515625 0.2900390625 0.537971875 0.2666015625 0.5262125 0.2490234375 0.5134734375 0.2724609375 0.51494375 0.3056640625 0.514453125 0.333984375 0.514453125 0.365234375 0.5159234374999999 0.392578125 0.5252328125 0.43359375 0.5389515625 0.423828125 0.5389515625 0.40234375 0.5394421875 0.375 0.537971875 0.349609375 0.5394421875 0.318359375 0.5389515625 0.2900390625
8 0.510534375 0.3310546875 0.5110234375 0.2900390625 0.5120046874999999 0.2626953125 0.503184375 0.2421875 0.4904453125 0.251953125 0.48946562499999996 0.27734375 0.48946562499999996 0.3076171875 0.4904453125 0.3310546875 0.48946562499999996 0.3623046875 0.4879953125 0.3974609375 0.4879953125 0.4228515625 0.498284375 0.427734375 0.5120046874999999 0.427734375 0.514453125 0.390625 0.5110234375 0.365234375 0.510534375 0.3310546875
7 0.48750625000000003 0.3037109375 0.485546875 0.279296875 0.48113593750000005 0.2548828125 0.4728078125 0.236328125 0.470846875 0.2705078125 0.46986718749999995 0.291015625 0.466928125 0.318359375 0.4674171875 0.3466796875 0.46496875 0.3779296875 0.46251875 0.4111328125 0.47525781250000004 0.4189453125 0.48505624999999997 0.4189453125 0.4879953125 0.38671875 0.48750625000000003 0.365234375 0.48652656250000004 0.3369140625 0.48750625000000003 0.3037109375
6 0.464478125 0.279296875 0.45859843749999996 0.25390625 0.448309375 0.2333984375 0.44683906249999994 0.26953125 0.4439 0.2978515625 0.44145 0.32421875 0.43753125 0.3544921875 0.43165156250000003 0.392578125 0.43753125 0.41796875 0.4517390625 0.4189453125 0.4615390625 0.3984375 0.4610484375 0.3671875 0.4605578125 0.3388671875 0.4634984375 0.310546875 0.464478125 0.279296875
5 0.4336109375 0.2822265625 0.4272421875 0.25 0.4198921875 0.2236328125 0.409603125 0.2080078125 0.4056828125 0.2490234375 0.4056828125 0.2802734375 0.4066640625 0.31640625 0.4066640625 0.3515625 0.400784375 0.38671875 0.4066640625 0.4072265625 0.420871875 0.41796875 0.4355703125 0.41796875 0.43802031250000006 0.3876953125 0.43655 0.357421875 0.4355703125 0.318359375 0.4336109375 0.2822265625
4 0.39392499999999997 0.3154296875 0.389025 0.2822265625 0.384125 0.2490234375 0.377265625 0.2255859375 0.368446875 0.2001953125 0.370896875 0.2666015625 0.37138593750000004 0.291015625 0.3723671875 0.31640625 0.3738359375 0.3466796875 0.3699171875 0.390625 0.373346875 0.4130859375 0.386575 0.4189453125 0.39784375 0.4111328125 0.41058281250000006 0.39453125 0.40029375 0.3671875 0.3968640625 0.3447265625 0.39392499999999997 0.3154296875
3 0.3566875 0.328125 0.3557078125 0.2998046875 0.3508078125 0.2705078125 0.3444390625 0.2470703125 0.333659375 0.2470703125 0.33415 0.2822265625 0.3375796875 0.310546875 0.3366 0.3408203125 0.3375796875 0.375 0.3380703125 0.4052734375 0.3400296875 0.4306640625 0.35276874999999996 0.4384765625 0.3650171875 0.43359375 0.37530625 0.4130859375 0.36550781250000003 0.3720703125 0.359628125 0.3515625 0.3566875 0.328125
2 0.73444375 0.6044921875 0.736403125 0.57421875 0.73689375 0.5439453125 0.727584375 0.5283203125 0.711415625 0.5234375 0.6996578125 0.515625 0.6878984375 0.5302734375 0.6785890625000001 0.5458984375 0.683978125 0.5712890625 0.692796875 0.6025390625 0.70210625 0.6328125 0.7133765624999999 0.6630859375 0.7226843749999999 0.7041015625 0.736403125 0.72265625 0.73934375 0.671875 0.73689375 0.6357421875 0.73444375 0.6044921875
0 0.283684375 0.40234375 0.2709453125 0.3818359375 0.25918593749999996 0.3623046875 0.24889687500000002 0.3408203125 0.23517812500000002 0.3232421875 0.21949999999999997 0.318359375 0.21802968749999999 0.3447265625 0.222440625 0.3720703125 0.2322390625 0.392578125 0.24056875 0.423828125 0.2439984375 0.4521484375 0.2493875 0.4873046875 0.26065625 0.4970703125 0.272415625 0.482421875 0.286134375 0.474609375 0.29789374999999996 0.4541015625 0.2944640625 0.4189453125 0.283684375 0.40234375
28 0.237628125 0.4443359375 0.231259375 0.4228515625 0.22440000000000002 0.39453125 0.2160703125 0.3740234375 0.2067609375 0.349609375 0.192553125 0.3310546875 0.185203125 0.3515625 0.1891234375 0.3818359375 0.192553125 0.4052734375 0.1954921875 0.4384765625 0.194021875 0.4716796875 0.19647187500000002 0.505859375 0.2052921875 0.52734375 0.21999062500000002 0.5205078125 0.23517812500000002 0.509765625 0.2464484375 0.501953125 0.244978125 0.4716796875 0.237628125 0.4443359375
27 0.231259375 0.724609375 0.231259375 0.69140625 0.23517812500000002 0.6640625 0.23860781250000002 0.638671875 0.24301875 0.6103515625 0.23664843750000003 0.5888671875 0.22440000000000002 0.568359375 0.20921093750000003 0.564453125 0.198921875 0.5791015625 0.1954921875 0.6123046875 0.1994125 0.642578125 0.2052921875 0.673828125 0.20823125 0.7021484375 0.21313125 0.732421875 0.231259375 0.724609375
26 0.2572265625 0.666015625 0.263596875 0.7001953125 0.269965625 0.7333984375 0.277315625 0.69140625 0.277315625 0.658203125 0.276334375 0.6259765625 0.276334375 0.58984375 0.276334375 0.55078125 0.269475 0.52734375 0.2567375 0.5224609375 0.24301875 0.53515625 0.2322390625 0.5556640625 0.236159375 0.5849609375 0.24154843750000002 0.60546875 0.25134687499999997 0.630859375 0.2572265625 0.666015625
25 0.286134375 0.6181640625 0.28662343749999997 0.6533203125 0.28907343750000003 0.69140625 0.3052421875 0.68359375 0.307203125 0.6455078125 0.3091625 0.615234375 0.3106328125 0.5869140625 0.31308125000000003 0.5615234375 0.31749218749999997 0.5390625 0.3194515625 0.5146484375 0.311121875 0.4892578125 0.29789374999999996 0.4814453125 0.2797640625 0.4873046875 0.269965625 0.5126953125 0.2709453125 0.5361328125 0.276334375 0.564453125 0.2802546875 0.5888671875 0.286134375 0.6181640625
24 0.3214109375 0.6044921875 0.324840625 0.6376953125 0.3238609375 0.6611328125 0.324840625 0.69140625 0.3351296875 0.6865234375 0.3415 0.65625 0.3424796875 0.6328125 0.34051875 0.6103515625 0.34051875 0.58984375 0.3424796875 0.568359375 0.3463984375 0.548828125 0.34688906249999996 0.52734375 0.34394843750000004 0.501953125 0.33022968750000004 0.4892578125 0.3170015625 0.501953125 0.313571875 0.525390625 0.318471875 0.55859375 0.319940625 0.58203125 0.3214109375 0.6044921875
23 0.34786875 0.5947265625 0.34786875 0.6259765625 0.34688906249999996 0.650390625 0.3424796875 0.6767578125 0.35276874999999996 0.6845703125 0.362078125 0.65625 0.3630578125 0.6279296875 0.3669765625 0.599609375 0.3699171875 0.5791015625 0.375796875 0.5595703125 0.3787359375 0.53515625 0.38363593749999997 0.5126953125 0.3738359375 0.4921875 0.3645265625 0.4775390625 0.3508078125 0.4765625 0.34394843750000004 0.4970703125 0.34688906249999996 0.5302734375 0.34688906249999996 0.5615234375 0.34786875 0.5947265625
29 0.37775625 0.576171875 0.377265625 0.609375 0.3723671875 0.6455078125 0.370896875 0.6767578125 0.3738359375 0.712890625 0.384125 0.7099609375 0.3904953125 0.689453125 0.3968640625 0.6640625 0.4017640625 0.6259765625 0.40715312499999995 0.5810546875 0.4135234375 0.5390625 0.412053125 0.4970703125 0.39784375 0.45703125 0.38363593749999997 0.4697265625 0.3738359375 0.4921875 0.374815625 0.5185546875 0.3762859375 0.548828125 0.37775625 0.576171875
30 0.414503125 0.55078125 0.4135234375 0.576171875 0.41499218750000005 0.6025390625 0.4174421875 0.634765625 0.42773125 0.658203125 0.43899999999999995 0.640625 0.4399796875 0.6103515625 0.4404703125 0.576171875 0.4399796875 0.5458984375 0.44782031250000004 0.509765625 0.44585937500000006 0.4775390625 0.4399796875 0.458984375 0.43018124999999996 0.4482421875 0.41695312500000004 0.4541015625 0.4086234375 0.47265625 0.41058281250000006 0.5 0.4130328125 0.5234375 0.414503125 0.55078125
31 0.7471828125 0.70703125 0.751103125 0.732421875 0.7530625 0.755859375 0.766290625 0.7353515625 0.7702109375 0.6923828125 0.77805 0.6552734375 0.78295 0.6201171875 0.79176875 0.599609375 0.7947078125 0.5712890625 0.7854 0.5478515625 0.77168125 0.5458984375 0.75698125 0.53515625 0.7432624999999999 0.55078125 0.73689375 0.5712890625 0.7408140624999999 0.607421875 0.7447328125 0.642578125 0.7432624999999999 0.6708984375 0.7471828125 0.70703125