21 0.5693359375 0.48407656250000003 0.53125 0.48162656249999997 0.494140625 0.4772171875 0.4609375 0.4747671875 0.44921875 0.48652656250000004 0.443359375 0.501715625 0.4462890625 0.5159234374999999 0.466796875 0.51494375 0.4951171875 0.51739375 0.5234375 0.514453125 0.5537109375 0.5159234374999999 0.5947265625 0.5159234374999999 0.6259765625 0.5159234374999999 0.6630859375 0.5134734375 0.712890625 0.5120046874999999 0.6591796875 0.5002453124999999 0.623046875 0.491425 0.5693359375 0.48407656250000003
22 0.498046875 0.5198437499999999 0.4697265625 0.514453125 0.4453125 0.5203328125 0.4462890625 0.53748125 0.4501953125 0.54875 0.4697265625 0.55855 0.4921875 0.5561 0.525390625 0.5546296875000001 0.5634765625 0.5541406249999999 0.607421875 0.558059375 0.6435546875 0.558059375 0.6689453125 0.555609375 0.69140625 0.5482609375 0.6484375 0.5389515625 0.6103515625 0.5316015625 0.5693359375 0.5286625 0.53515625 0.5237625 0.498046875 0.5198437499999999
20 0.6298828125 0.48113593750000005 0.658203125 0.48505624999999997 0.677734375 0.47770625000000005 0.650390625 0.470846875 0.6181640625 0.46202812499999996 0.5869140625 0.4566390625 0.5634765625 0.45026875000000005 0.53125 0.44439062500000004 0.509765625 0.43899999999999995 0.4814453125 0.43802031250000006 0.4609375 0.4453703125 0.4609375 0.459578125 0.4609375 0.47525781250000004 0.5 0.47770625000000005 0.5537109375 0.4762375 0.59765625 0.48015625 0.6298828125 0.48113593750000005
19 0.5478515625 0.441940625 0.5791015625 0.4404703125 0.6103515625 0.43802031250000006 0.642578125 0.4355703125 0.6767578125 0.4336109375 0.7099609375 0.4272421875 0.6962890625 0.4174421875 0.6552734375 0.41695312500000004 0.6201171875 0.415971875 0.5849609375 0.4130328125 0.548828125 0.4081328125 0.5146484375 0.398334375 0.4873046875 0.4017640625 0.466796875 0.409603125 0.4619140625 0.42136250000000003 0.474609375 0.43508125 0.490234375 0.44585937500000006 0.5205078125 0.44585937500000006 0.5478515625 0.441940625
18 0.6201171875 0.3993140625 0.658203125 0.4017640625 0.6962890625 0.400784375 0.681640625 0.386575 0.6513671875 0.384125 0.615234375 0.38363593749999997 0.5810546875 0.3811859375 0.5595703125 0.377265625 0.533203125 0.373346875 0.505859375 0.3650171875 0.482421875 0.373346875 0.466796875 0.38363593749999997 0.4892578125 0.3944140625 0.494140625 0.4066640625 0.515625 0.412053125 0.5556640625 0.4086234375 0.5927734375 0.4017640625 0.6201171875 0.3993140625
17 0.5478515625 0.3738359375 0.572265625 0.370896875 0.6044921875 0.3694265625 0.640625 0.3699171875 0.671875 0.370896875 0.6923828125 0.3630578125 0.666015625 0.354728125 0.638671875 0.35276874999999996 0.6025390625 0.3463984375 0.572265625 0.3424796875 0.541015625 0.3375796875 0.515625 0.33121093749999997 0.494140625 0.3375796875 0.4794921875 0.34786875 0.4853515625 0.36060781249999996 0.4970703125 0.3723671875 0.5185546875 0.3762859375 0.5478515625 0.3738359375
16 0.5 0.22488906250000001 0.4873046875 0.20823125 0.474609375 0.195003125 0.4609375 0.17589375000000002 0.4384765625 0.15580624999999998 0.40234375 0.15874531249999999 0.39453125 0.1709953125 0.3955078125 0.1847140625 0.3896484375 0.2018625 0.384765625 0.21802968749999999 0.376953125 0.2322390625 0.3818359375 0.2464484375 0.400390625 0.2533078125 0.427734375 0.25036718750000003 0.4541015625 0.24889687500000002 0.4775390625 0.2439984375 0.5029296875 0.23860781250000002 0.5 0.22488906250000001
15 0.5 0.269475 0.490234375 0.25967656250000004 0.466796875 0.2552671875 0.4404296875 0.2552671875 0.4150390625 0.2528171875 0.3828125 0.24301875 0.3466796875 0.23517812500000002 0.3076171875 0.231259375 0.2998046875 0.24252812499999998 0.3134765625 0.25918593749999996 0.3330078125 0.269475 0.353515625 0.2797640625 0.3720703125 0.28907343750000003 0.3896484375 0.2988734375 0.416015625 0.3106328125 0.4384765625 0.319940625 0.4609375 0.316021875 0.466796875 0.3052421875 0.4775390625 0.2939734375 0.4951171875 0.2827046875 0.5 0.269475
14 0.43359375 0.38510468750000004 0.443359375 0.3738359375 0.4443359375 0.3591375 0.4638671875 0.34394843750000004 0.46875 0.332190625 0.466796875 0.316021875 0.4443359375 0.307203125 0.41796875 0.3067125 0.390625 0.30279218750000003 0.365234375 0.292503125 0.3408203125 0.2797640625 0.2958984375 0.26849531249999997 0.3056640625 0.2851546875 0.3291015625 0.2969125 0.3466796875 0.3091625 0.3623046875 0.319940625 0.3359375 0.32092187499999997 0.30859375 0.311121875 0.28515625 0.297403125 0.26953125 0.3106328125 0.2958984375 0.3238609375 0.328125 0.33610937500000004 0.353515625 0.34541875 0.3740234375 0.354728125 0.392578125 0.3674671875 0.4111328125 0.3762859375 0.43359375 0.38510468750000004
12 0.376953125 0.3645265625 0.3447265625 0.359628125 0.3115234375 0.3532578125 0.2666015625 0.3444390625 0.248046875 0.3424796875 0.2490234375 0.361096875 0.2744140625 0.365996875 0.2998046875 0.3738359375 0.32421875 0.38020624999999997 0.3544921875 0.3900046875 0.3818359375 0.39784375 0.3974609375 0.40715312499999995 0.4208984375 0.4017640625 0.431640625 0.3904953125 0.44140625 0.377265625 0.4287109375 0.3669765625 0.3974609375 0.363546875 0.376953125 0.3645265625
11 0.287109375 0.3900046875 0.2548828125 0.386575 0.2568359375 0.3968640625 0.2880859375 0.403234375 0.3076171875 0.4086234375 0.3330078125 0.41695312500000004 0.3623046875 0.42626093750000005 0.3896484375 0.43165156250000003 0.4150390625 0.429690625 0.42578125 0.4174421875 0.41796875 0.4017640625 0.39453125 0.3968640625 0.357421875 0.3919640625 0.3232421875 0.3904953125 0.287109375 0.3900046875
10 0.267578125 0.41842187500000005 0.251953125 0.43802031250000006 0.259765625 0.458109375 0.2900390625 0.457128125 0.3291015625 0.4566390625 0.359375 0.45859843749999996 0.3876953125 0.4566390625 0.4228515625 0.45320937499999997 0.4228515625 0.43802031250000006 0.390625 0.43116093749999995 0.3623046875 0.42479218750000003 0.333984375 0.42136250000000003 0.294921875 0.4198921875 0.267578125 0.41842187500000005
9 0.2900390625 0.4610484375 0.2666015625 0.46202812499999996 0.2490234375 0.4737875 0.2724609375 0.48652656250000004 0.3056640625 0.48505624999999997 0.333984375 0.485546875 0.365234375 0.485546875 0.392578125 0.48407656250000003 0.43359375 0.4747671875 0.423828125 0.4610484375 0.40234375 0.4610484375 0.375 0.4605578125 0.349609375 0.46202812499999996 0.318359375 0.4605578125 0.2900390625 0.4610484375
8 0.3310546875 0.48946562499999996 0.2900390625 0.4889765625 0.2626953125 0.4879953125 0.2421875 0.496815625 0.251953125 0.5095546875 0.27734375 0.510534375 0.3076171875 0.510534375 0.3310546875 0.5095546875 0.3623046875 0.510534375 0.3974609375 0.5120046874999999 0.4228515625 0.5120046874999999 0.427734375 0.501715625 0.427734375 0.4879953125 0.390625 0.485546875 0.365234375 0.4889765625 0.3310546875 0.48946562499999996
7 0.3037109375 0.51249375 0.279296875 0.514453125 0.2548828125 0.5188640625 0.236328125 0.5271921875000001 0.2705078125 0.529153125 0.291015625 0.5301328125 0.318359375 0.533071875 0.3466796875 0.5325828125000001 0.3779296875 0.5350312500000001 0.4111328125 0.53748125 0.4189453125 0.5247421875 0.4189453125 0.51494375 0.38671875 0.5120046874999999 0.365234375 0.51249375 0.3369140625 0.5134734375 0.3037109375 0.51249375
6 0.279296875 0.5355218749999999 0.25390625 0.5414015625 0.2333984375 0.551690625 0.26953125 0.5531609375000001 0.2978515625 0.5561 0.32421875 0.55855 0.3544921875 0.5624687500000001 0.392578125 0.5683484375 0.41796875 0.5624687500000001 0.4189453125 0.5482609375 0.3984375 0.5384609375 0.3671875 0.5389515625 0.3388671875 0.5394421875 0.310546875 0.5365015625 0.279296875 0.5355218749999999
5 0.2822265625 0.5663890625 0.25 0.5727578125 0.2236328125 0.5801078125 0.2080078125 0.5903968749999999 0.2490234375 0.5943171875 0.2802734375 0.5943171875 0.31640625 0.5933359375 0.3515625 0.5933359375 0.38671875 0.599215625 0.4072265625 0.5933359375 0.41796875 0.579128125 0.41796875 0.5644296875 0.3876953125 0.5619796874999999 0.357421875 0.56345 0.318359375 0.5644296875 0.2822265625 0.5663890625
4 0.3154296875 0.6060749999999999 0.2822265625 0.610975 0.2490234375 0.6158750000000001 0.2255859375 0.6227343750000001 0.2001953125 0.631553125 0.2666015625 0.629103125 0.291015625 0.6286140625 0.31640625 0.6276328125 0.3466796875 0.6261640625 0.390625 0.6300828125 0.4130859375 0.626653125 0.4189453125 0.613425 0.4111328125 0.60215625 0.39453125 0.5894171874999999 0.3671875 0.59970625 0.3447265625 0.6031359375 0.3154296875 0.6060749999999999
3 0.328125 0.6433125000000001 0.2998046875 0.6442921875 0.2705078125 0.6491921875 0.2470703125 0.6555609375 0.2470703125 0.666340625 0.2822265625 0.66585 0.310546875 0.6624203125 0.3408203125 0.6634 0.375 0.6624203125 0.4052734375 0.6619296875 0.4306640625 0.6599703124999999 0.4384765625 0.64723125 0.43359375 0.6349828125 0.4130859375 0.6246937499999999 0.3720703125 0.6344921875 0.3515625 0.640371875 0.328125 0.6433125000000001
2 0.6044921875 0.26555625 0.57421875 0.263596875 0.5439453125 0.26310625 0.5283203125 0.272415625 0.5234375 0.288584375 0.515625 0.30034375 0.5302734375 0.3121015625 0.5458984375 0.3214109375 0.5712890625 0.316021875 0.6025390625 0.307203125 0.6328125 0.29789374999999996 0.6630859375 0.28662343749999997 0.7041015625 0.277315625 0.72265625 0.263596875 0.671875 0.26065625 0.6357421875 0.26310625 0.6044921875 0.26555625
0 0.40234375 0.716315625 0.3818359375 0.7290546875 0.3623046875 0.7408140624999999 0.3408203125 0.751103125 0.3232421875 0.764821875 0.318359375 0.7805 0.3447265625 0.7819703125 0.3720703125 0.7775593749999999 0.392578125 0.7677609375000001 0.423828125 0.75943125 0.4521484375 0.7560015625000001 0.4873046875 0.7506125 0.4970703125 0.73934375 0.482421875 0.727584375 0.474609375 0.7138656250000001 0.4541015625 0.70210625 0.4189453125 0.7055359375 0.40234375 0.716315625
28 0.4443359375 0.762371875 0.4228515625 0.7687406250000001 0.39453125 0.7756000000000001 0.3740234375 0.7839296874999999 0.349609375 0.7932390625 0.3310546875 0.8074468749999999 0.3515625 0.8147968750000001 0.3818359375 0.8108765625000001 0.4052734375 0.8074468749999999 0.4384765625 0.8045078125 0.4716796875 0.805978125 0.505859375 0.803528125 0.52734375 0.7947078125 0.5205078125 0.780009375 0.509765625 0.764821875 0.501953125 0.7535515625 0.4716796875 0.755021875 0.4443359375 0.762371875
27 0.724609375 0.7687406250000001 0.69140625 0.7687406250000001 0.6640625 0.764821875 0.638671875 0.7613921875 0.6103515625 0.75698125 0.5888671875 0.7633515625 0.568359375 0.7756000000000001 0.564453125 0.7907890625 0.5791015625 0.8010781250000001 0.6123046875 0.8045078125 0.642578125 0.8005875 0.673828125 0.7947078125 0.7021484375 0.79176875 0.732421875 0.78686875 0.724609375 0.7687406250000001
26 0.666015625 0.7427734375 0.7001953125 0.736403125 0.7333984375 0.730034375 0.69140625 0.7226843749999999 0.658203125 0.7226843749999999 0.6259765625 0.723665625 0.58984375 0.723665625 0.55078125 0.723665625 0.52734375 0.730525 0.5224609375 0.7432624999999999 0.53515625 0.75698125 0.5556640625 0.7677609375000001 0.5849609375 0.763840625 0.60546875 0.7584515625 0.630859375 0.7486531249999999 0.666015625 0.7427734375
25 0.6181640625 0.7138656250000001 0.6533203125 0.7133765624999999 0.69140625 0.7109265625 0.68359375 0.6947578125 0.6455078125 0.692796875 0.615234375 0.6908375 0.5869140625 0.6893671875 0.5615234375 0.68691875 0.5390625 0.6825078125 0.5146484375 0.6805484374999999 0.4892578125 0.688878125 0.4814453125 0.70210625 0.4873046875 0.7202359375 0.5126953125 0.730034375 0.5361328125 0.7290546875 0.564453125 0.723665625 0.5888671875 0.7197453125 0.6181640625 0.7138656250000001
24 0.6044921875 0.6785890625000001 0.6376953125 0.675159375 0.6611328125 0.6761390625 0.69140625 0.675159375 0.6865234375 0.6648703125 0.65625 0.6585 0.6328125 0.6575203125 0.6103515625 0.65948125 0.58984375 0.65948125 0.568359375 0.6575203125 0.548828125 0.6536015625 0.52734375 0.6531109374999999 0.501953125 0.6560515625 0.4892578125 0.6697703125000001 0.501953125 0.6829984375 0.525390625 0.6864281250000001 0.55859375 0.681528125 0.58203125 0.680059375 0.6044921875 0.6785890625000001
23 0.5947265625 0.6521312499999999 0.6259765625 0.6521312499999999 0.650390625 0.6531109374999999 0.6767578125 0.6575203125 0.6845703125 0.64723125 0.65625 0.637921875 0.6279296875 0.6369421875 0.599609375 0.6330234375 0.5791015625 0.6300828125 0.5595703125 0.624203125 0.53515625 0.6212640625 0.5126953125 0.6163640625 0.4921875 0.6261640625 0.4775390625 0.6354734375 0.4765625 0.6491921875 0.4970703125 0.6560515625 0.5302734375 0.6531109374999999 0.5615234375 0.6531109374999999 0.5947265625 0.6521312499999999
29 0.576171875 0.62224375 0.609375 0.6227343750000001 0.6455078125 0.6276328125 0.6767578125 0.629103125 0.712890625 0.6261640625 0.7099609375 0.6158750000000001 0.689453125 0.6095046875000001 0.6640625 0.6031359375 0.6259765625 0.5982359374999999 0.5810546875 0.592846875 0.5390625 0.5864765625 0.4970703125 0.587946875 0.45703125 0.60215625 0.4697265625 0.6163640625 0.4921875 0.6261640625 0.5185546875 0.625184375 0.548828125 0.6237140625 0.576171875 0.62224375
30 0.55078125 0.585496875 0.576171875 0.5864765625 0.6025390625 0.5850078125 0.634765625 0.5825578124999999 0.658203125 0.57226875 0.640625 0.561 0.6103515625 0.5600203125000001 0.576171875 0.5595296875 0.5458984375 0.5600203125000001 0.509765625 0.5521796875 0.4775390625 0.5541406249999999 0.458984375 0.5600203125000001 0.4482421875 0.56981875 0.4541015625 0.583046875 0.47265625 0.5913765625 0.5 0.5894171874999999 0.5234375 0.5869671875 0.55078125 0.585496875
31 0.70703125 0.2528171875 0.732421875 0.24889687500000002 0.755859375 0.24693749999999998 0.7353515625 0.23370937500000002 0.6923828125 0.2297890625 0.6552734375 0.22195 0.6201171875 0.21705000000000002 0.599609375 0.20823125 0.5712890625 0.2052921875 0.5478515625 0.21459999999999999 0.5458984375 0.22831875 0.53515625 0.24301875 0.55078125 0.2567375 0.5712890625 0.26310625 0.607421875 0.25918593749999996 0.642578125 0.2552671875 0.6708984375 0.2567375 0.70703125 0.2528171875