21 0.6884765625 0.5227828125 0.7275390625 0.514453125 0.673828125 0.506125 0.6328125 0.503184375 0.599609375 0.5007343750000001 0.568359375 0.4997546875 0.5302734375 0.4977953125 0.505859375 0.49926562499999994 0.494140625 0.510534375 0.5 0.5262125 0.5234375 0.5301328125 0.5556640625 0.5325828125000001 0.58203125 0.5316015625 0.615234375 0.529153125 0.6484375 0.5286625 0.6884765625 0.5227828125
22 0.6259765625 0.466928125 0.6015625 0.46496875 0.564453125 0.46496875 0.53125 0.459578125 0.5126953125 0.459578125 0.4873046875 0.470846875 0.505859375 0.48113593750000005 0.52734375 0.491915625 0.5556640625 0.49289531249999996 0.58203125 0.491915625 0.6171875 0.48946562499999996 0.6484375 0.4889765625 0.681640625 0.48652656250000004 0.71484375 0.48505624999999997 0.7451171875 0.47868750000000004 0.70703125 0.4723171875 0.6796875 0.4683984375 0.6552734375 0.4683984375 0.6259765625 0.466928125
20 0.5888671875 0.5340515625 0.54296875 0.5316015625 0.5224609375 0.5350312500000001 0.490234375 0.5477703125 0.4970703125 0.55855 0.5205078125 0.5619796874999999 0.5546875 0.5624687500000001 0.58203125 0.558059375 0.60546875 0.555609375 0.6357421875 0.5546296875000001 0.6689453125 0.555609375 0.6943359375 0.54973125 0.666015625 0.542871875 0.640625 0.537971875 0.61328125 0.5355218749999999 0.5888671875 0.5340515625
19 0.5478515625 0.56345 0.5078125 0.5619796874999999 0.482421875 0.5658984375 0.46484375 0.5786374999999999 0.4775390625 0.5918671875 0.505859375 0.596765625 0.533203125 0.5952968750000001 0.5634765625 0.5943171875 0.6015625 0.5933359375 0.642578125 0.5933359375 0.67578125 0.5903968749999999 0.6669921875 0.57226875 0.646484375 0.5712890625 0.6201171875 0.56981875 0.583984375 0.5658984375 0.5478515625 0.56345
18 0.490234375 0.603625 0.4814453125 0.6139140624999999 0.5078125 0.6261640625 0.5478515625 0.624203125 0.58984375 0.6237140625 0.623046875 0.618325 0.650390625 0.613425 0.673828125 0.6095046875000001 0.671875 0.5982359374999999 0.630859375 0.5943171875 0.599609375 0.5918671875 0.572265625 0.5894171874999999 0.5361328125 0.5864765625 0.515625 0.5894171874999999 0.490234375 0.603625
29 0.6171875 0.3993140625 0.5888671875 0.39784375 0.5537109375 0.39539375 0.517578125 0.391475 0.4951171875 0.39539375 0.490234375 0.409603125 0.501953125 0.42234218749999997 0.5234375 0.43018124999999996 0.5517578125 0.4272421875 0.5771484375 0.4272421875 0.607421875 0.42479218750000003 0.638671875 0.42332187499999996 0.6669921875 0.420871875 0.7041015625 0.41891249999999997 0.7353515625 0.41891249999999997 0.73828125 0.404703125 0.70703125 0.4042140625 0.6689453125 0.3993140625 0.6455078125 0.398334375 0.6171875 0.3993140625
24 0.591796875 0.33022968750000004 0.5556640625 0.329740625 0.525390625 0.33022968750000004 0.509765625 0.3400296875 0.525390625 0.3532578125 0.5478515625 0.3630578125 0.572265625 0.362078125 0.6025390625 0.36060781249999996 0.634765625 0.3591375 0.6767578125 0.3557078125 0.705078125 0.3517890625 0.72265625 0.3375796875 0.6884765625 0.3351296875 0.6533203125 0.33415 0.6259765625 0.3351296875 0.591796875 0.33022968750000004
7 0.4521484375 0.4997546875 0.4462890625 0.4879953125 0.41796875 0.48652656250000004 0.3828125 0.4879953125 0.3466796875 0.4904453125 0.3203125 0.48750625000000003 0.287109375 0.48750625000000003 0.2802734375 0.4977953125 0.3056640625 0.4997546875 0.34375 0.5022046875 0.3671875 0.5041640625 0.400390625 0.5080843749999999 0.4404296875 0.5095546875 0.4521484375 0.4997546875
8 0.4462890625 0.5188640625 0.443359375 0.5095546875 0.41015625 0.5095546875 0.375 0.508575 0.341796875 0.5046546875 0.3134765625 0.5041640625 0.287109375 0.501715625 0.2822265625 0.514453125 0.3076171875 0.5183734375 0.3408203125 0.5213125 0.376953125 0.5237625 0.41015625 0.5271921875000001 0.43359375 0.5316015625 0.4462890625 0.5188640625
9 0.4384765625 0.549240625 0.44140625 0.533071875 0.41796875 0.5301328125 0.3828125 0.5301328125 0.349609375 0.5301328125 0.31640625 0.5286625 0.283203125 0.5271921875000001 0.26171875 0.5389515625 0.2900390625 0.5433609374999999 0.3291015625 0.549240625 0.3642578125 0.5521796875 0.3955078125 0.555609375 0.423828125 0.55855 0.4384765625 0.549240625
10 0.4033203125 0.5869671875 0.427734375 0.5786374999999999 0.4384765625 0.5663890625 0.427734375 0.5546296875000001 0.3876953125 0.5541406249999999 0.3447265625 0.5595296875 0.3056640625 0.561 0.26953125 0.5624687500000001 0.2373046875 0.5658984375 0.2080078125 0.5683484375 0.2138671875 0.579128125 0.2490234375 0.5825578124999999 0.2880859375 0.583046875 0.328125 0.583046875 0.3544921875 0.5825578124999999 0.376953125 0.585496875 0.4033203125 0.5869671875
11 0.4287109375 0.6212640625 0.4306640625 0.6070546875 0.427734375 0.59725625 0.3974609375 0.5889265625 0.3486328125 0.59725625 0.3037109375 0.599215625 0.275390625 0.596765625 0.2373046875 0.5982359374999999 0.2216796875 0.6099953124999999 0.2568359375 0.6119546875 0.30078125 0.6158750000000001 0.341796875 0.618325 0.375 0.6227343750000001 0.3984375 0.6261640625 0.4287109375 0.6212640625
6 0.4482421875 0.46251875 0.4365234375 0.45075937499999996 0.41015625 0.45320937499999997 0.3701171875 0.458109375 0.3388671875 0.46202812499999996 0.3056640625 0.46496875 0.271484375 0.47966718750000004 0.294921875 0.4772171875 0.34375 0.4772171875 0.3818359375 0.47770625000000005 0.4189453125 0.48113593750000005 0.44921875 0.47868750000000004 0.4482421875 0.46251875
5 0.4443359375 0.448309375 0.4384765625 0.4341015625 0.427734375 0.420871875 0.3984375 0.42234218749999997 0.357421875 0.429690625 0.3154296875 0.42479218750000003 0.27734375 0.41891249999999997 0.2470703125 0.41891249999999997 0.208984375 0.41695312500000004 0.2138671875 0.429690625 0.2392578125 0.43802031250000006 0.275390625 0.4439 0.3203125 0.4492890625 0.365234375 0.45222968750000003 0.3984375 0.45222968750000003 0.4443359375 0.448309375
4 0.3974609375 0.415971875 0.4306640625 0.42136250000000003 0.443359375 0.409603125 0.44921875 0.3993140625 0.435546875 0.3900046875 0.4072265625 0.389025 0.3671875 0.3904953125 0.3310546875 0.39539375 0.2998046875 0.39637500000000003 0.26953125 0.39294531250000003 0.234375 0.3904953125 0.2275390625 0.40029375 0.25390625 0.41058281250000006 0.279296875 0.414503125 0.3115234375 0.4130328125 0.34375 0.414503125 0.375 0.414503125 0.3974609375 0.415971875
3 0.3896484375 0.3875546875 0.41796875 0.3904953125 0.4365234375 0.379715625 0.4306640625 0.3694265625 0.4228515625 0.354728125 0.392578125 0.3508078125 0.34375 0.3542375 0.302734375 0.3542375 0.2705078125 0.3532578125 0.24609375 0.3508078125 0.2041015625 0.3508078125 0.220703125 0.36060781249999996 0.251953125 0.3669765625 0.28515625 0.3723671875 0.3134765625 0.3762859375 0.3408203125 0.377265625 0.365234375 0.3811859375 0.3896484375 0.3875546875