31 0.764821875 0.52734375 0.7540421875 0.5244140625 0.7481625000000001 0.5791015625 0.7481625000000001 0.6240234375 0.7491421875000001 0.6806640625 0.7506125 0.724609375 0.7633515625 0.712890625 0.7765796875000001 0.6494140625 0.7907890625 0.59765625 0.79421875 0.5546875 0.782459375 0.5390625 0.764821875 0.52734375
2 0.711415625 0.494140625 0.7079859374999999 0.53125 0.7104359375 0.576171875 0.711415625 0.630859375 0.7315046875 0.6591796875 0.734934375 0.6044921875 0.7422828124999999 0.5693359375 0.75698125 0.5078125 0.7432624999999999 0.484375 0.725625 0.474609375 0.711415625 0.494140625
13 0.6736890625 0.439453125 0.6629109375 0.4677734375 0.665359375 0.5029296875 0.6697703125000001 0.5341796875 0.67466875 0.599609375 0.6829984375 0.630859375 0.6996578125 0.6162109375 0.7030875 0.5712890625 0.7123953125 0.505859375 0.7148453124999999 0.4560546875 0.6937781249999999 0.439453125 0.6736890625 0.439453125
17 0.6580109375000001 0.392578125 0.6369421875 0.4130859375 0.6344921875 0.44921875 0.6354734375 0.482421875 0.6393921875 0.53125 0.640371875 0.5791015625 0.65458125 0.5927734375 0.6580109375000001 0.5224609375 0.6629109375 0.4794921875 0.67466875 0.4345703125 0.6712390625 0.4091796875 0.6580109375000001 0.392578125
18 0.6026453125 0.4091796875 0.60460625 0.4443359375 0.6119546875 0.474609375 0.6168546874999999 0.5078125 0.620284375 0.5478515625 0.6237140625 0.5908203125 0.637921875 0.5927734375 0.6354734375 0.5244140625 0.63204375 0.4658203125 0.6413515624999999 0.4091796875 0.6261640625 0.3955078125 0.6026453125 0.4091796875
19 0.5776578125 0.40625 0.5786374999999999 0.4541015625 0.5786374999999999 0.5224609375 0.5845171875 0.5673828125 0.5894171874999999 0.6025390625 0.6070546875 0.5927734375 0.608525 0.54296875 0.608525 0.4697265625 0.6026453125 0.439453125 0.608525 0.39453125 0.5903968749999999 0.384765625 0.5776578125 0.40625
20 0.5433609374999999 0.39453125 0.544340625 0.4296875 0.549240625 0.462890625 0.5541406249999999 0.505859375 0.5658984375 0.5595703125 0.5776578125 0.5859375 0.5776578125 0.53125 0.5776578125 0.47265625 0.5801078125 0.40625 0.5644296875 0.384765625 0.5526703125 0.373046875 0.5433609374999999 0.39453125
21 0.521803125 0.3779296875 0.5075937500000001 0.3779296875 0.5115140625000001 0.4375 0.5183734375 0.4775390625 0.5208234375 0.517578125 0.5267031249999999 0.57421875 0.5467906250000001 0.62109375 0.5467906250000001 0.5830078125 0.551690625 0.5341796875 0.5458109375 0.474609375 0.5458109375 0.4228515625 0.5384609375 0.380859375 0.521803125 0.3779296875
22 0.47819687499999997 0.37109375 0.470846875 0.3974609375 0.4723171875 0.4326171875 0.47819687499999997 0.4658203125 0.47819687499999997 0.54296875 0.48750625000000003 0.57421875 0.5051453125 0.5576171875 0.5051453125 0.486328125 0.5090640625 0.427734375 0.5066140625 0.380859375 0.4948546875 0.37109375 0.47819687499999997 0.37109375
30 0.4448796875 0.439453125 0.448309375 0.5078125 0.4546796875 0.5546875 0.46986718749999995 0.5908203125 0.4747671875 0.5244140625 0.4688875 0.4677734375 0.4723171875 0.42578125 0.4674171875 0.3876953125 0.4546796875 0.3828125 0.44242968749999995 0.392578125 0.4448796875 0.439453125
29 0.4061734375 0.4228515625 0.412053125 0.4580078125 0.4130328125 0.5244140625 0.42234218749999997 0.5791015625 0.44145 0.619140625 0.44145 0.5693359375 0.44145 0.517578125 0.44145 0.4677734375 0.44145 0.416015625 0.42234218749999997 0.3896484375 0.409603125 0.3974609375 0.4061734375 0.4228515625
23 0.39392499999999997 0.6162109375 0.39637500000000003 0.564453125 0.3998046875 0.505859375 0.41058281250000006 0.462890625 0.4061734375 0.42578125 0.387065625 0.404296875 0.37285625 0.423828125 0.379715625 0.4697265625 0.37775625 0.5146484375 0.379715625 0.5576171875 0.39392499999999997 0.6162109375
24 0.3419890625 0.4560546875 0.35031875 0.5263671875 0.35031875 0.5791015625 0.3738359375 0.62109375 0.3738359375 0.5673828125 0.37285625 0.5078125 0.374815625 0.5087890625 0.3738359375 0.4423828125 0.359628125 0.4296875 0.3419890625 0.4345703125 0.3419890625 0.4560546875
25 0.3018125 0.4619140625 0.29789374999999996 0.4853515625 0.299853125 0.5185546875 0.3125921875 0.5556640625 0.327290625 0.5966796875 0.33904999999999996 0.6298828125 0.34688906249999996 0.5751953125 0.34688906249999996 0.5244140625 0.3400296875 0.4794921875 0.3307203125 0.44140625 0.31749218749999997 0.447265625 0.3018125 0.4619140625
26 0.28809375 0.4912109375 0.2782953125 0.4833984375 0.26751562500000003 0.5087890625 0.25575625 0.5185546875 0.2567375 0.5458984375 0.26751562500000003 0.5751953125 0.2822140625 0.6162109375 0.2920140625 0.6552734375 0.30377343749999997 0.6552734375 0.2988734375 0.5966796875 0.30279218750000003 0.5478515625 0.2959328125 0.5107421875 0.28809375 0.4912109375
27 0.22733906250000002 0.5498046875 0.222440625 0.5673828125 0.21166093749999998 0.5771484375 0.21949999999999997 0.5966796875 0.23517812500000002 0.6337890625 0.2420375 0.6572265625 0.2528171875 0.6826171875 0.263596875 0.7001953125 0.263596875 0.6494140625 0.25967656250000004 0.5927734375 0.258696875 0.5439453125 0.24105781249999997 0.5263671875 0.22733906250000002 0.5498046875
28 0.2067609375 0.5654296875 0.22440000000000002 0.5419921875 0.244978125 0.5107421875 0.23909843749999998 0.4794921875 0.21949999999999997 0.44921875 0.20382187499999999 0.4375 0.19010312499999998 0.421875 0.1754046875 0.427734375 0.16952499999999998 0.45703125 0.174425 0.4970703125 0.19010312499999998 0.5380859375 0.2067609375 0.5654296875
0 0.2067609375 0.35546875 0.2097015625 0.396484375 0.22537968749999998 0.421875 0.2341984375 0.4599609375 0.2459578125 0.5009765625 0.258696875 0.4970703125 0.269475 0.4833984375 0.284175 0.4638671875 0.2939734375 0.4453125 0.2782953125 0.412109375 0.26065625 0.3828125 0.23909843749999998 0.35546875 0.222440625 0.337890625 0.2097015625 0.337890625 0.2067609375 0.35546875
1 0.2939734375 0.330078125 0.29789374999999996 0.365234375 0.284175 0.341796875 0.272415625 0.310546875 0.2577171875 0.302734375 0.263596875 0.328125 0.27535468750000003 0.365234375 0.286134375 0.416015625 0.29299375 0.443359375 0.3125921875 0.44140625 0.32925 0.416015625 0.3419890625 0.40625 0.33022968750000004 0.3671875 0.31749218749999997 0.34375 0.3096515625 0.3125 0.304753125 0.27734375 0.2822140625 0.263671875 0.2822140625 0.3046875 0.2939734375 0.330078125
3 0.33415 0.361328125 0.34296875 0.408203125 0.3625671875 0.41796875 0.3762859375 0.3828125 0.3645265625 0.341796875 0.3517890625 0.3125 0.34394843750000004 0.29296875 0.33610937500000004 0.2734375 0.32239062500000004 0.25390625 0.3214109375 0.28125 0.327290625 0.326171875 0.33415 0.361328125
4 0.363546875 0.310546875 0.37040625 0.3515625 0.377265625 0.388671875 0.3949046875 0.384765625 0.4066640625 0.36328125 0.3998046875 0.33203125 0.3900046875 0.306640625 0.3811859375 0.287109375 0.373346875 0.263671875 0.359628125 0.240234375 0.349828125 0.23046875 0.354728125 0.275390625 0.363546875 0.310546875
5 0.39882343750000004 0.32421875 0.4125421875 0.361328125 0.42528125 0.3671875 0.4399796875 0.34375 0.4287109375 0.30078125 0.42038281250000004 0.267578125 0.41009375 0.232421875 0.400784375 0.21484375 0.3919640625 0.197265625 0.38804531249999996 0.23046875 0.39784375 0.287109375 0.39882343750000004 0.32421875
6 0.4688875 0.330078125 0.46006875 0.287109375 0.45075937499999996 0.25 0.4360609375 0.228515625 0.42626093750000005 0.216796875 0.42528125 0.251953125 0.4331203125 0.291015625 0.441940625 0.353515625 0.4610484375 0.353515625 0.4688875 0.330078125
7 0.4835859375 0.26171875 0.480646875 0.23828125 0.46986718749999995 0.224609375 0.46986718749999995 0.2734375 0.46986718749999995 0.3203125 0.4835859375 0.34375 0.4977953125 0.3359375 0.491425 0.29296875 0.4835859375 0.26171875
8 0.5208234375 0.248046875 0.5159234374999999 0.228515625 0.5071046875 0.22265625 0.5022046875 0.265625 0.4953453125 0.310546875 0.5022046875 0.33984375 0.5267031249999999 0.33984375 0.5227828125 0.28125 0.5208234375 0.248046875
9 0.5296421875 0.298828125 0.5296421875 0.333984375 0.544340625 0.33984375 0.5600203125000001 0.341796875 0.5600203125000001 0.296875 0.5600203125000001 0.265625 0.5600203125000001 0.236328125 0.5658984375 0.21484375 0.5570796875 0.20703125 0.5433609374999999 0.232421875 0.53748125 0.271484375 0.5296421875 0.298828125
10 0.56491875 0.3193359375 0.5776578125 0.353515625 0.5952968750000001 0.34765625 0.5952968750000001 0.322265625 0.5952968750000001 0.291015625 0.5952968750000001 0.255859375 0.5962765625 0.224609375 0.5962765625 0.201171875 0.5835375 0.205078125 0.5737390625 0.23828125 0.571778125 0.28125 0.56491875 0.3193359375
11 0.6256734374999999 0.37109375 0.6276328125 0.326171875 0.6335124999999999 0.287109375 0.6413515624999999 0.24609375 0.640371875 0.2109375 0.6207734375 0.248046875 0.6099953124999999 0.28515625 0.599215625 0.322265625 0.5952968750000001 0.373046875 0.6256734374999999 0.37109375
12 0.6305734375000001 0.39453125 0.65703125 0.392578125 0.6599703124999999 0.35546875 0.6609499999999999 0.314453125 0.66585 0.27734375 0.6717296875 0.244140625 0.6668296875 0.2265625 0.6521312499999999 0.267578125 0.6452718749999999 0.29296875 0.626653125 0.34375 0.6305734375000001 0.39453125
14 0.7148453124999999 0.3125 0.70210625 0.328125 0.7011265625 0.3046875 0.708965625 0.279296875 0.71190625 0.255859375 0.6972078125000001 0.26953125 0.6893671875 0.298828125 0.6776093750000001 0.333984375 0.6599703124999999 0.357421875 0.6599703124999999 0.392578125 0.6736890625 0.408203125 0.6864281250000001 0.41796875 0.7030875 0.423828125 0.7148453124999999 0.392578125 0.718765625 0.3515625 0.725625 0.326171875 0.73444375 0.298828125 0.7285640625 0.279296875 0.7148453124999999 0.3125
15 0.7579625 0.326171875 0.746203125 0.353515625 0.73444375 0.375 0.7128859375000001 0.39453125 0.7128859375000001 0.423828125 0.7207250000000001 0.453125 0.736403125 0.4638671875 0.7481625000000001 0.4716796875 0.76678125 0.421875 0.7765796875000001 0.392578125 0.778540625 0.365234375 0.7814796875 0.33984375 0.778540625 0.30859375 0.7579625 0.326171875
16 0.8045078125 0.38671875 0.7878484375 0.40234375 0.7697203125 0.439453125 0.7530625 0.4599609375 0.7599218750000001 0.5009765625 0.7775593749999999 0.5224609375 0.7927484375 0.5322265625 0.8064671875 0.5009765625 0.8182265624999999 0.4677734375 0.826065625 0.44140625 0.8309656249999999 0.4140625 0.8339046874999999 0.392578125 0.8231265625 0.384765625 0.8045078125 0.38671875