31 0.22587031249999998 0.2939453125 0.21166093749999998 0.255859375 0.1999015625 0.3076171875 0.1891234375 0.3720703125 0.18079375 0.4326171875 0.1891234375 0.44921875 0.20578124999999997 0.470703125 0.22685 0.470703125 0.24105781249999997 0.4423828125 0.2327296875 0.388671875 0.23076875000000002 0.3408203125 0.22587031249999998 0.2939453125
2 0.2484078125 0.35546875 0.2459578125 0.40234375 0.2459578125 0.42578125 0.2341984375 0.45703125 0.2341984375 0.4970703125 0.2577171875 0.513671875 0.27339531250000004 0.52734375 0.281725 0.501953125 0.281725 0.4736328125 0.27535468750000003 0.4306640625 0.2709453125 0.3857421875 0.26506562499999997 0.3408203125 0.2518375 0.310546875 0.2484078125 0.35546875
13 0.3243515625 0.388671875 0.316021875 0.35546875 0.2934828125 0.35546875 0.2934828125 0.404296875 0.2934828125 0.4453125 0.283684375 0.4970703125 0.277315625 0.52734375 0.291034375 0.5458984375 0.3170015625 0.5673828125 0.33022968750000004 0.5419921875 0.33022968750000004 0.513671875 0.32778125 0.4755859375 0.32778125 0.4287109375 0.3243515625 0.388671875
17 0.3669765625 0.3525390625 0.34786875 0.345703125 0.3463984375 0.380859375 0.3512984375 0.4189453125 0.34051875 0.4521484375 0.33121093749999997 0.4873046875 0.33121093749999997 0.5224609375 0.3395390625 0.5556640625 0.3537484375 0.560546875 0.3669765625 0.5537109375 0.3669765625 0.513671875 0.3669765625 0.4775390625 0.3669765625 0.423828125 0.3669765625 0.3955078125 0.3669765625 0.3525390625
18 0.39637500000000003 0.40234375 0.387065625 0.3525390625 0.37040625 0.345703125 0.374815625 0.400390625 0.3787359375 0.45703125 0.37285625 0.4892578125 0.37138593750000004 0.52734375 0.374815625 0.5634765625 0.3855953125 0.5703125 0.39637500000000003 0.5654296875 0.41156249999999994 0.5556640625 0.409603125 0.5107421875 0.39637500000000003 0.482421875 0.39637500000000003 0.423828125 0.39637500000000003 0.40234375
19 0.4174421875 0.4423828125 0.4081328125 0.501953125 0.4130328125 0.55859375 0.4355703125 0.5869140625 0.4473296875 0.5673828125 0.4566390625 0.5224609375 0.4473296875 0.4853515625 0.4473296875 0.4287109375 0.4341015625 0.3642578125 0.41891249999999997 0.388671875 0.4174421875 0.4423828125
21 0.5051453125 0.3974609375 0.48162656249999997 0.40234375 0.480646875 0.45703125 0.480646875 0.515625 0.47329687500000006 0.5673828125 0.4933859375 0.5908203125 0.5066140625 0.5986328125 0.5232734375 0.5908203125 0.5193531250000001 0.5625 0.516903125 0.5322265625 0.51249375 0.4921875 0.5159234374999999 0.4375 0.5051453125 0.3974609375
22 0.5301328125 0.37890625 0.5252328125 0.4208984375 0.524253125 0.4775390625 0.521803125 0.52734375 0.521803125 0.5888671875 0.5409109375 0.60546875 0.561 0.5908203125 0.5619796874999999 0.55078125 0.5595296875 0.515625 0.5526703125 0.4755859375 0.551690625 0.4453125 0.5502203125 0.388671875 0.5301328125 0.37890625
29 0.6095046875000001 0.494140625 0.6095046875000001 0.4423828125 0.612934375 0.3955078125 0.615384375 0.3408203125 0.6001953125 0.35546875 0.5835375 0.3837890625 0.5786374999999999 0.4091796875 0.5761875 0.4453125 0.571778125 0.494140625 0.56345 0.5390625 0.5658984375 0.55859375 0.5761875 0.572265625 0.5894171874999999 0.5888671875 0.60215625 0.5791015625 0.6095046875000001 0.5556640625 0.6095046875000001 0.525390625 0.6095046875000001 0.494140625
23 0.6487015625 0.3623046875 0.62959375 0.369140625 0.6212640625 0.423828125 0.6212640625 0.46875 0.612934375 0.513671875 0.6095046875000001 0.5625 0.63204375 0.5791015625 0.6438015625 0.5703125 0.6487015625 0.548828125 0.6438015625 0.4990234375 0.64968125 0.4775390625 0.64968125 0.4326171875 0.6506609375 0.40234375 0.6487015625 0.3623046875
24 0.6722187500000001 0.357421875 0.6506609375 0.357421875 0.6487015625 0.40234375 0.64723125 0.4404296875 0.64723125 0.4853515625 0.64723125 0.5224609375 0.6521312499999999 0.572265625 0.679078125 0.5625 0.6829984375 0.52734375 0.67466875 0.4990234375 0.6697703125000001 0.4638671875 0.6697703125000001 0.4169921875 0.683978125 0.357421875 0.6722187500000001 0.357421875
25 0.7172953125 0.4755859375 0.7172953125 0.4326171875 0.7197453125 0.37109375 0.6972078125000001 0.369140625 0.6854484375000001 0.3955078125 0.683978125 0.45703125 0.683978125 0.505859375 0.679078125 0.55859375 0.688878125 0.583984375 0.7006375 0.595703125 0.7148453124999999 0.572265625 0.7266046875 0.5673828125 0.728075 0.537109375 0.723175 0.5087890625 0.7172953125 0.4755859375
26 0.7315046875 0.3857421875 0.725625 0.42578125 0.725625 0.4775390625 0.725625 0.5224609375 0.7515921875 0.5302734375 0.76678125 0.517578125 0.76433125 0.4853515625 0.7609015625 0.423828125 0.755021875 0.3623046875 0.7398328125 0.322265625 0.7315046875 0.3857421875
27 0.7658015625 0.388671875 0.766290625 0.435546875 0.780009375 0.44921875 0.7932390625 0.4248046875 0.79666875 0.388671875 0.7976484375 0.3671875 0.79911875 0.3291015625 0.7706999999999999 0.3388671875 0.7658015625 0.388671875
28 0.8025484374999999 0.650390625 0.81920625 0.630859375 0.8250859374999999 0.6103515625 0.8236156250000001 0.5908203125 0.8025484374999999 0.5771484375 0.79666875 0.525390625 0.7751109375 0.517578125 0.7540421875 0.5458984375 0.7432624999999999 0.58203125 0.757471875 0.60546875 0.7751109375 0.630859375 0.8025484374999999 0.650390625
0 0.7207250000000001 0.673828125 0.734934375 0.6923828125 0.7540421875 0.7119140625 0.76923125 0.7255859375 0.7819703125 0.7041015625 0.7858890625 0.671875 0.751103125 0.611328125 0.7432624999999999 0.583984375 0.7285640625 0.576171875 0.7133765624999999 0.5908203125 0.7016171875 0.615234375 0.7065171875 0.650390625 0.7207250000000001 0.673828125
3 0.6687890624999999 0.7705078125 0.6722187500000001 0.7939453125 0.6732 0.8154296875 0.6874078124999999 0.8388671875 0.6957375 0.8173828125 0.6923078125 0.77734375 0.6864281250000001 0.7373046875 0.6864281250000001 0.6640625 0.6864281250000001 0.615234375 0.661440625 0.619140625 0.6555609375 0.6669921875 0.6648703125 0.7255859375 0.6687890624999999 0.7705078125
4 0.6261640625 0.67578125 0.6305734375000001 0.708984375 0.6344921875 0.732421875 0.640371875 0.7685546875 0.64723125 0.8056640625 0.6521312499999999 0.7724609375 0.6521312499999999 0.7373046875 0.6521312499999999 0.685546875 0.65458125 0.6474609375 0.65458125 0.607421875 0.636453125 0.595703125 0.6178343749999999 0.62890625 0.6261640625 0.67578125
5 0.60460625 0.7568359375 0.6188140625 0.796875 0.620284375 0.7490234375 0.6178343749999999 0.6904296875 0.6178343749999999 0.6455078125 0.6060749999999999 0.6025390625 0.5869671875 0.6240234375 0.5859875 0.6689453125 0.5938265625 0.71484375 0.60460625 0.7568359375
6 0.5658984375 0.7587890625 0.5668796875 0.7919921875 0.5776578125 0.7919921875 0.5786374999999999 0.7490234375 0.5810875 0.7138671875 0.5894171874999999 0.673828125 0.5810875 0.6240234375 0.5619796874999999 0.626953125 0.5595296875 0.67578125 0.56345 0.7255859375 0.5658984375 0.7587890625
8 0.48505624999999997 0.751953125 0.5026953125 0.7490234375 0.5051453125 0.7138671875 0.5134734375 0.6923828125 0.5183734375 0.6591796875 0.516903125 0.6220703125 0.4948546875 0.615234375 0.49240625 0.6572265625 0.48505624999999997 0.71875 0.48505624999999997 0.751953125
9 0.4639875 0.728515625 0.4674171875 0.765625 0.48162656249999997 0.7607421875 0.48407656250000003 0.7138671875 0.48750625000000003 0.685546875 0.4958359375 0.650390625 0.48750625000000003 0.615234375 0.4723171875 0.6220703125 0.46006875 0.638671875 0.46251875 0.6904296875 0.4639875 0.728515625
10 0.41156249999999994 0.7041015625 0.41058281250000006 0.7373046875 0.40715312499999995 0.765625 0.4130328125 0.80078125 0.430671875 0.765625 0.4399796875 0.73046875 0.45320937499999997 0.685546875 0.45565937500000003 0.65234375 0.44145 0.619140625 0.42234218749999997 0.640625 0.41156249999999994 0.67578125 0.41156249999999994 0.7041015625
11 0.36893750000000003 0.7001953125 0.3645265625 0.732421875 0.3645265625 0.7587890625 0.36795625 0.7802734375 0.3787359375 0.7724609375 0.387065625 0.740234375 0.3998046875 0.6953125 0.41548281249999997 0.68359375 0.4164625 0.640625 0.404703125 0.6240234375 0.3831453125 0.6171875 0.3787359375 0.6689453125 0.36893750000000003 0.7001953125
12 0.332190625 0.6875 0.3263109375 0.728515625 0.3170015625 0.763671875 0.3287609375 0.775390625 0.333659375 0.75390625 0.34786875 0.7001953125 0.357178125 0.67578125 0.37040625 0.65234375 0.3762859375 0.615234375 0.3645265625 0.59375 0.3395390625 0.6025390625 0.3370890625 0.65234375 0.332190625 0.6875
15 0.2327296875 0.6220703125 0.2165609375 0.650390625 0.21166093749999998 0.6806640625 0.2327296875 0.662109375 0.2518375 0.6455078125 0.24252812499999998 0.6787109375 0.22831875 0.708984375 0.26751562500000003 0.6875 0.281725 0.6474609375 0.30279218750000003 0.6240234375 0.2944640625 0.5888671875 0.2802546875 0.5458984375 0.26751562500000003 0.5556640625 0.2542875 0.5908203125 0.2327296875 0.6220703125
16 0.24693749999999998 0.5390625 0.23664843750000003 0.501953125 0.21411093750000001 0.4990234375 0.1999015625 0.52734375 0.1822640625 0.55078125 0.1700140625 0.58203125 0.1631546875 0.6005859375 0.17834375 0.6240234375 0.1974515625 0.619140625 0.21999062500000002 0.60546875 0.24105781249999997 0.5908203125 0.2542875 0.5673828125 0.24693749999999998 0.5390625