2 0.3101421875 0.5419921875 0.3121015625 0.4892578125 0.29936250000000003 0.4580078125 0.2778046875 0.4794921875 0.27290468749999997 0.5078125 0.274865625 0.595703125 0.27290468749999997 0.658203125 0.2934828125 0.66796875 0.29936250000000003 0.6357421875 0.3052421875 0.609375 0.3076921875 0.576171875 0.3101421875 0.5419921875
13 0.3419890625 0.6591796875 0.35276874999999996 0.6357421875 0.3537484375 0.59765625 0.354728125 0.57421875 0.3586484375 0.541015625 0.3586484375 0.517578125 0.3586484375 0.484375 0.35276874999999996 0.4609375 0.3370890625 0.4462890625 0.3170015625 0.4541015625 0.3101421875 0.4912109375 0.3121015625 0.5244140625 0.313571875 0.564453125 0.31798125 0.6259765625 0.31798125 0.6708984375 0.3419890625 0.6591796875
20 0.45320937499999997 0.474609375 0.4566390625 0.4375 0.44242968749999995 0.41796875 0.42381250000000004 0.4228515625 0.42136250000000003 0.4609375 0.42822187500000003 0.5029296875 0.42822187500000003 0.5478515625 0.44585937500000006 0.57421875 0.4473296875 0.517578125 0.45320937499999997 0.474609375
29 0.5796171875 0.66796875 0.5987265625 0.64453125 0.5987265625 0.5810546875 0.5987265625 0.53125 0.5987265625 0.498046875 0.5987265625 0.4609375 0.5810875 0.427734375 0.567859375 0.4560546875 0.567859375 0.494140625 0.571778125 0.5263671875 0.5737390625 0.5673828125 0.5776578125 0.587890625 0.5786374999999999 0.6240234375 0.5796171875 0.66796875
28 0.7217046875 0.552734375 0.7359140625 0.5341796875 0.7432624999999999 0.49609375 0.7584515625 0.47265625 0.7883390625 0.4296875 0.7751109375 0.384765625 0.74424375 0.3798828125 0.7148453124999999 0.4228515625 0.6972078125000001 0.4443359375 0.691328125 0.4794921875 0.709946875 0.5263671875 0.7217046875 0.552734375
5 0.5575703125 0.361328125 0.5575703125 0.4091796875 0.569328125 0.42578125 0.5810875 0.40625 0.5820671875000001 0.369140625 0.5835375 0.3359375 0.5835375 0.291015625 0.5845171875 0.24609375 0.5869671875 0.22265625 0.5668796875 0.234375 0.55855 0.259765625 0.55365 0.314453125 0.5575703125 0.361328125
6 0.5252328125 0.41015625 0.549240625 0.4248046875 0.549240625 0.392578125 0.549240625 0.3408203125 0.551690625 0.2998046875 0.5467906250000001 0.24609375 0.529153125 0.2392578125 0.529153125 0.26953125 0.529153125 0.314453125 0.5267031249999999 0.361328125 0.5252328125 0.41015625
7 0.501225 0.40234375 0.5237625 0.4111328125 0.5252328125 0.326171875 0.5276828124999999 0.2861328125 0.5276828124999999 0.248046875 0.5134734375 0.248046875 0.51004375 0.2744140625 0.51004375 0.3359375 0.5075937500000001 0.37109375 0.501225 0.40234375
8 0.4683984375 0.4130859375 0.48505624999999997 0.4091796875 0.4933859375 0.361328125 0.49926562499999994 0.3359375 0.5007343750000001 0.302734375 0.5090640625 0.255859375 0.505634375 0.255859375 0.4953453125 0.2626953125 0.49093593750000003 0.2578125 0.48309687500000004 0.326171875 0.4683984375 0.4130859375
9 0.45565937500000003 0.3310546875 0.44977968749999997 0.400390625 0.458109375 0.427734375 0.47329687500000006 0.373046875 0.48162656249999997 0.3330078125 0.48750625000000003 0.29296875 0.4933859375 0.259765625 0.48750625000000003 0.2392578125 0.47329687500000006 0.24609375 0.46643749999999995 0.2841796875 0.458109375 0.3095703125 0.45565937500000003 0.3310546875
10 0.42822187500000003 0.3193359375 0.42822187500000003 0.373046875 0.43165156250000003 0.416015625 0.4473296875 0.4091796875 0.45320937499999997 0.3759765625 0.4566390625 0.3212890625 0.4615390625 0.26953125 0.466928125 0.2265625 0.46986718749999995 0.1943359375 0.458109375 0.1865234375 0.4448796875 0.212890625 0.4355703125 0.2578125 0.42822187500000003 0.3193359375
11 0.3998046875 0.41796875 0.4198921875 0.4091796875 0.42234218749999997 0.361328125 0.42234218749999997 0.3212890625 0.42234218749999997 0.267578125 0.41156249999999994 0.24609375 0.402253125 0.2529296875 0.4012734375 0.271484375 0.404703125 0.2958984375 0.3998046875 0.3427734375 0.39735468749999997 0.3759765625 0.3998046875 0.41796875