2 0.3896484375 0.2778046875 0.4208984375 0.27535468750000003 0.44140625 0.27339531250000004 0.4560546875 0.2577171875 0.4462890625 0.2459578125 0.4345703125 0.22831875 0.4208984375 0.2165609375 0.3828125 0.2293 0.3330078125 0.237628125 0.2880859375 0.2508578125 0.291015625 0.27339531250000004 0.349609375 0.281725 0.3896484375 0.2778046875
13 0.3544921875 0.32288125 0.4091796875 0.3243515625 0.4609375 0.3287609375 0.4912109375 0.32288125 0.5009765625 0.30377343749999997 0.486328125 0.27192500000000003 0.439453125 0.269475 0.3994140625 0.274375 0.359375 0.2802546875 0.2998046875 0.2827046875 0.3076171875 0.313571875 0.3544921875 0.32288125
18 0.4912109375 0.4056828125 0.5390625 0.402253125 0.552734375 0.377265625 0.51953125 0.3645265625 0.4912109375 0.36893750000000003 0.4443359375 0.3738359375 0.3994140625 0.37285625 0.3525390625 0.381675 0.3193359375 0.38804531249999996 0.349609375 0.39882343750000004 0.392578125 0.3998046875 0.4326171875 0.4012734375 0.4912109375 0.4056828125
19 0.4443359375 0.4399796875 0.482421875 0.43655 0.5263671875 0.4341015625 0.5712890625 0.43165156250000003 0.5791015625 0.4056828125 0.552734375 0.39735468749999997 0.5126953125 0.4056828125 0.4794921875 0.4081328125 0.4560546875 0.409603125 0.42578125 0.409603125 0.373046875 0.41891249999999997 0.3447265625 0.42822187500000003 0.3408203125 0.43899999999999995 0.3759765625 0.44145 0.4130859375 0.44145 0.4443359375 0.4399796875
20 0.4443359375 0.4683984375 0.47265625 0.4683984375 0.5146484375 0.4683984375 0.5390625 0.4674171875 0.5791015625 0.46643749999999995 0.6025390625 0.4639875 0.5908203125 0.4439 0.5673828125 0.4355703125 0.51953125 0.43655 0.47265625 0.44145 0.4326171875 0.44585937500000006 0.380859375 0.448309375 0.380859375 0.46496875 0.4443359375 0.4683984375
21 0.427734375 0.5007343750000001 0.4912109375 0.5041640625 0.5390625 0.5041640625 0.5712890625 0.5051453125 0.609375 0.51004375 0.6328125 0.4948546875 0.62109375 0.4767265625 0.6025390625 0.46986718749999995 0.54296875 0.46986718749999995 0.486328125 0.46986718749999995 0.44140625 0.4723171875 0.39453125 0.48162656249999997 0.3642578125 0.4933859375 0.427734375 0.5007343750000001
22 0.47265625 0.5409109375 0.517578125 0.5467906250000001 0.5810546875 0.551690625 0.609375 0.549240625 0.609375 0.5301328125 0.611328125 0.51249375 0.5458984375 0.51004375 0.47265625 0.5110234375 0.4208984375 0.5134734375 0.37109375 0.5267031249999999 0.3662109375 0.541890625 0.47265625 0.5409109375
30 0.474609375 0.5752078125 0.51953125 0.5786374999999999 0.5576171875 0.5820671875000001 0.595703125 0.5820671875000001 0.611328125 0.570309375 0.6025390625 0.5502203125 0.541015625 0.55855 0.484375 0.55855 0.42578125 0.55855 0.3828125 0.567859375 0.4208984375 0.5752078125 0.474609375 0.5752078125
29 0.439453125 0.6060749999999999 0.486328125 0.6070546875 0.529296875 0.612934375 0.564453125 0.6188140625 0.5859375 0.6060749999999999 0.587890625 0.5869671875 0.529296875 0.5859875 0.474609375 0.5845171875 0.4208984375 0.5894171874999999 0.3525390625 0.5952968750000001 0.39453125 0.6060749999999999 0.439453125 0.6060749999999999
25 0.3642578125 0.6996578125 0.404296875 0.7123953125 0.451171875 0.7217046875 0.486328125 0.7217046875 0.5244140625 0.7158249999999999 0.5224609375 0.7030875 0.541015625 0.6923078125 0.4912109375 0.6756484375 0.44140625 0.6756484375 0.3876953125 0.679078125 0.3447265625 0.679078125 0.32421875 0.6947578125 0.3642578125 0.6996578125
26 0.3994140625 0.7633515625 0.4326171875 0.76923125 0.4541015625 0.755021875 0.474609375 0.734934375 0.4296875 0.7197453125 0.373046875 0.7197453125 0.2998046875 0.7207250000000001 0.2998046875 0.7383640625 0.359375 0.7515921875 0.3994140625 0.7633515625
28 0.568359375 0.71190625 0.5361328125 0.7055359375 0.5107421875 0.7158249999999999 0.498046875 0.7359140625 0.4794921875 0.7515921875 0.5244140625 0.76678125 0.5712890625 0.7741296875 0.619140625 0.7834390625000001 0.6396484375 0.7741296875 0.6396484375 0.7599218750000001 0.6259765625 0.7422828124999999 0.595703125 0.7290546875 0.568359375 0.71190625
3 0.6279296875 0.6246937499999999 0.5908203125 0.615384375 0.5712890625 0.64723125 0.609375 0.65703125 0.65625 0.6687890624999999 0.69921875 0.6780984375 0.7392578125 0.6780984375 0.7626953125 0.67466875 0.7373046875 0.6604609375 0.712890625 0.6487015625 0.689453125 0.6413515624999999 0.65625 0.63204375 0.6279296875 0.6246937499999999
4 0.6494140625 0.5918671875 0.609375 0.5835375 0.587890625 0.599215625 0.5830078125 0.6188140625 0.6376953125 0.6212640625 0.677734375 0.6212640625 0.72265625 0.6261640625 0.779296875 0.636453125 0.779296875 0.6212640625 0.7509765625 0.610484375 0.712890625 0.6011765625 0.6826171875 0.592846875 0.6494140625 0.5918671875
5 0.65625 0.551690625 0.6142578125 0.5526703125 0.611328125 0.571778125 0.6396484375 0.587946875 0.6875 0.587946875 0.734375 0.587946875 0.7958984375 0.5938265625 0.791015625 0.5776578125 0.7626953125 0.5737390625 0.7373046875 0.5619796874999999 0.7060546875 0.5575703125 0.65625 0.551690625
6 0.6240234375 0.5232734375 0.607421875 0.5409109375 0.6357421875 0.5502203125 0.6845703125 0.5502203125 0.72265625 0.544340625 0.78125 0.544340625 0.8076171875 0.544340625 0.7978515625 0.5267031249999999 0.755859375 0.5267031249999999 0.7041015625 0.5267031249999999 0.6240234375 0.5232734375
7 0.6845703125 0.49926562499999994 0.6279296875 0.5026953125 0.6357421875 0.5252328125 0.6806640625 0.5252328125 0.7158203125 0.5252328125 0.7578125 0.5252328125 0.8017578125 0.5267031249999999 0.8173828125 0.49926562499999994 0.7744140625 0.49926562499999994 0.74609375 0.49926562499999994 0.720703125 0.49926562499999994 0.6845703125 0.49926562499999994
8 0.7041015625 0.475746875 0.666015625 0.475746875 0.62109375 0.4767265625 0.6259765625 0.4958359375 0.66796875 0.496815625 0.720703125 0.4958359375 0.7841796875 0.4933859375 0.8076171875 0.48848593749999997 0.7978515625 0.46496875 0.7724609375 0.4674171875 0.7275390625 0.4723171875 0.7041015625 0.475746875
9 0.6923828125 0.45075937499999996 0.6259765625 0.44585937500000006 0.619140625 0.47329687500000006 0.6494140625 0.475746875 0.6875 0.475746875 0.734375 0.4674171875 0.77734375 0.46251875 0.8193359375 0.45320937499999997 0.8125 0.44145 0.78125 0.4448796875 0.7626953125 0.44977968749999997 0.7275390625 0.44977968749999997 0.6923828125 0.45075937499999996
10 0.619140625 0.4174421875 0.630859375 0.44242968749999995 0.6806640625 0.4399796875 0.7275390625 0.4341015625 0.765625 0.4272421875 0.7978515625 0.4174421875 0.80078125 0.4012734375 0.7529296875 0.403234375 0.72265625 0.4081328125 0.6640625 0.41058281250000006 0.619140625 0.4174421875
11 0.6044921875 0.4164625 0.65234375 0.40715312499999995 0.6923828125 0.39735468749999997 0.7412109375 0.39294531250000003 0.779296875 0.374815625 0.734375 0.37138593750000004 0.6826171875 0.3762859375 0.6162109375 0.379715625 0.5927734375 0.39294531250000003 0.6044921875 0.4164625
14 0.6162109375 0.29936250000000003 0.5810546875 0.3018125 0.548828125 0.3076921875 0.55859375 0.327290625 0.58984375 0.352278125 0.634765625 0.34786875 0.685546875 0.3356203125 0.7275390625 0.32288125 0.7021484375 0.31651093750000003 0.6796875 0.3076921875 0.69140625 0.2851546875 0.671875 0.2822140625 0.6162109375 0.29936250000000003
16 0.5078125 0.2552671875 0.5576171875 0.24105781249999997 0.5859375 0.2317484375 0.611328125 0.21166093749999998 0.6162109375 0.1915734375 0.6025390625 0.18079375 0.5693359375 0.1842234375 0.51953125 0.19010312499999998 0.474609375 0.1984328125 0.4443359375 0.21166093749999998 0.47265625 0.2327296875 0.4794921875 0.2508578125 0.5078125 0.2552671875