31 0.7873593750000001 0.6240234375 0.77315 0.615234375 0.7589421875 0.6220703125 0.7422828124999999 0.62890625 0.737384375 0.6591796875 0.7447328125 0.697265625 0.7609015625 0.720703125 0.7741296875 0.751953125 0.7834390625000001 0.7333984375 0.78686875 0.6953125 0.7907890625 0.671875 0.7907890625 0.6435546875 0.7873593750000001 0.6240234375
13 0.7123953125 0.70703125 0.716315625 0.67578125 0.718275 0.6220703125 0.7221953125 0.5771484375 0.7207250000000001 0.5458984375 0.708965625 0.515625 0.6937781249999999 0.501953125 0.6756484375 0.501953125 0.67466875 0.5322265625 0.6805484374999999 0.5771484375 0.6864281250000001 0.615234375 0.6864281250000001 0.6591796875 0.6878984375 0.7001953125 0.6972078125000001 0.7255859375 0.7123953125 0.70703125
17 0.6736890625 0.5107421875 0.6604609375 0.48046875 0.6369421875 0.4853515625 0.6369421875 0.5205078125 0.6369421875 0.560546875 0.6369421875 0.619140625 0.6369421875 0.671875 0.6462515625 0.6953125 0.6555609375 0.673828125 0.6604609375 0.619140625 0.6697703125000001 0.5458984375 0.6736890625 0.5107421875
18 0.6344921875 0.5986328125 0.6330234375 0.5341796875 0.6212640625 0.525390625 0.610975 0.5322265625 0.608525 0.583984375 0.612934375 0.6787109375 0.6344921875 0.6474609375 0.6344921875 0.5986328125
19 0.6095046875000001 0.6025390625 0.6070546875 0.548828125 0.6070546875 0.5224609375 0.610975 0.48046875 0.6026453125 0.44921875 0.5825578124999999 0.4462890625 0.570309375 0.494140625 0.5752078125 0.5390625 0.5786374999999999 0.5908203125 0.5786374999999999 0.62890625 0.5845171875 0.673828125 0.6001953125 0.68359375 0.6095046875000001 0.6591796875 0.6095046875000001 0.6025390625
20 0.541890625 0.458984375 0.5433609374999999 0.4921875 0.5467906250000001 0.5439453125 0.5467906250000001 0.6123046875 0.5526703125 0.662109375 0.5668796875 0.5986328125 0.5668796875 0.5458984375 0.570309375 0.470703125 0.5644296875 0.44921875 0.5526703125 0.4375 0.541890625 0.458984375
21 0.5409109375 0.4453125 0.5335625 0.42578125 0.51494375 0.4453125 0.49926562499999994 0.44921875 0.501715625 0.4755859375 0.5075937500000001 0.50390625 0.5115140625000001 0.5390625 0.51249375 0.5791015625 0.51739375 0.626953125 0.5384609375 0.673828125 0.5360125 0.619140625 0.5350312500000001 0.5556640625 0.541890625 0.4990234375 0.5409109375 0.4453125
22 0.5041640625 0.4775390625 0.4948546875 0.4541015625 0.4723171875 0.4326171875 0.46251875 0.447265625 0.45908906250000003 0.4736328125 0.4605578125 0.505859375 0.4605578125 0.5537109375 0.4605578125 0.6103515625 0.46643749999999995 0.650390625 0.4948546875 0.6572265625 0.4948546875 0.6123046875 0.4948546875 0.5703125 0.49926562499999994 0.5224609375 0.5041640625 0.4775390625
30 0.4341015625 0.458984375 0.430671875 0.4853515625 0.4331203125 0.513671875 0.4341015625 0.5771484375 0.4404703125 0.6103515625 0.4566390625 0.65234375 0.458109375 0.615234375 0.4546796875 0.5703125 0.4546796875 0.5224609375 0.4566390625 0.458984375 0.44634999999999997 0.4609375 0.4341015625 0.458984375
29 0.39637500000000003 0.5205078125 0.39637500000000003 0.5556640625 0.39392499999999997 0.6025390625 0.3919640625 0.6640625 0.412053125 0.6640625 0.42136250000000003 0.638671875 0.42381250000000004 0.6005859375 0.42626093750000005 0.5419921875 0.42626093750000005 0.4873046875 0.41058281250000006 0.4521484375 0.39637500000000003 0.4775390625 0.39637500000000003 0.5205078125
23 0.357178125 0.4609375 0.359628125 0.494140625 0.361096875 0.5322265625 0.363546875 0.5771484375 0.37040625 0.6640625 0.39294531250000003 0.662109375 0.39294531250000003 0.6337890625 0.39294531250000003 0.595703125 0.39784375 0.52734375 0.389515625 0.4658203125 0.37138593750000004 0.4609375 0.357178125 0.4609375
24 0.32778125 0.50390625 0.32778125 0.5322265625 0.333659375 0.55859375 0.338559375 0.6025390625 0.3444390625 0.6572265625 0.359628125 0.650390625 0.3586484375 0.615234375 0.3586484375 0.5791015625 0.363546875 0.513671875 0.35031875 0.470703125 0.32778125 0.4775390625 0.32778125 0.50390625
25 0.2959328125 0.4970703125 0.279275 0.5087890625 0.2758453125 0.5439453125 0.288584375 0.583984375 0.288584375 0.626953125 0.291034375 0.68359375 0.30867187500000004 0.6875 0.3194515625 0.6572265625 0.3219015625 0.6025390625 0.3243515625 0.5458984375 0.32778125 0.4970703125 0.3125921875 0.4775390625 0.2959328125 0.4970703125
28 0.21068125000000001 0.55859375 0.23664843750000003 0.5341796875 0.2577171875 0.4970703125 0.24252812499999998 0.45703125 0.23076875000000002 0.4375 0.2165609375 0.404296875 0.20333125000000002 0.380859375 0.18814375 0.40234375 0.1822640625 0.423828125 0.1891234375 0.4658203125 0.2023515625 0.5087890625 0.21068125000000001 0.55859375
0 0.22831875 0.3173828125 0.217540625 0.33203125 0.2048015625 0.357421875 0.21068125000000001 0.388671875 0.221459375 0.4189453125 0.24252812499999998 0.4609375 0.2640859375 0.505859375 0.2934828125 0.4853515625 0.3018125 0.4375 0.2876046875 0.3955078125 0.25918593749999996 0.3359375 0.23909843749999998 0.3076171875 0.22831875 0.3173828125
3 0.37775625 0.4453125 0.3919640625 0.4169921875 0.37040625 0.34375 0.363546875 0.3056640625 0.35521875 0.2705078125 0.338559375 0.2607421875 0.3326796875 0.279296875 0.3395390625 0.3271484375 0.34688906249999996 0.380859375 0.34786875 0.4423828125 0.37775625 0.4453125
4 0.409603125 0.4375 0.42136250000000003 0.4072265625 0.4061734375 0.3271484375 0.3998046875 0.2890625 0.39784375 0.25390625 0.39392499999999997 0.2275390625 0.3811859375 0.2421875 0.3811859375 0.2890625 0.3811859375 0.3623046875 0.387065625 0.4375 0.409603125 0.4375
5 0.412053125 0.3603515625 0.42234218749999997 0.4091796875 0.43802031250000006 0.4306640625 0.4566390625 0.3759765625 0.44634999999999997 0.32421875 0.4331203125 0.27734375 0.42234218749999997 0.2626953125 0.4140125 0.2158203125 0.39882343750000004 0.2275390625 0.4012734375 0.265625 0.4130328125 0.3125 0.412053125 0.3603515625
6 0.45222968750000003 0.34375 0.45222968750000003 0.37890625 0.45222968750000003 0.42578125 0.46643749999999995 0.4306640625 0.4791765625 0.4306640625 0.4791765625 0.3837890625 0.475746875 0.345703125 0.47329687500000006 0.3125 0.4723171875 0.27734375 0.46986718749999995 0.2509765625 0.458109375 0.2509765625 0.45320937499999997 0.2939453125 0.45222968750000003 0.34375
7 0.503184375 0.4072265625 0.5007343750000001 0.3603515625 0.4948546875 0.3154296875 0.49093593750000003 0.2724609375 0.47868750000000004 0.2578125 0.47329687500000006 0.3056640625 0.475746875 0.3623046875 0.48015625 0.44140625 0.498284375 0.447265625 0.503184375 0.4072265625
8 0.5041640625 0.3642578125 0.5041640625 0.412109375 0.5301328125 0.4306640625 0.5276828124999999 0.40234375 0.524253125 0.34765625 0.524253125 0.2841796875 0.5115140625000001 0.2705078125 0.5075937500000001 0.298828125 0.5075937500000001 0.322265625 0.5041640625 0.3642578125
9 0.5301328125 0.4326171875 0.5575703125 0.4287109375 0.551690625 0.357421875 0.551690625 0.32421875 0.5541406249999999 0.2890625 0.55855 0.255859375 0.544340625 0.255859375 0.53748125 0.3056640625 0.5335625 0.3505859375 0.529153125 0.392578125 0.5301328125 0.4326171875
10 0.570309375 0.255859375 0.5668796875 0.2958984375 0.56345 0.333984375 0.5541406249999999 0.3720703125 0.5541406249999999 0.4140625 0.5658984375 0.4453125 0.5845171875 0.423828125 0.5903968749999999 0.3857421875 0.5903968749999999 0.34765625 0.5903968749999999 0.3193359375 0.5903968749999999 0.2958984375 0.5903968749999999 0.2607421875 0.5845171875 0.220703125 0.570309375 0.255859375
11 0.6060749999999999 0.3271484375 0.597746875 0.3720703125 0.5894171874999999 0.4169921875 0.5987265625 0.44921875 0.6188140625 0.44921875 0.6227343750000001 0.4169921875 0.6227343750000001 0.3671875 0.6237140625 0.333984375 0.62714375 0.30078125 0.63204375 0.267578125 0.620284375 0.2421875 0.6119546875 0.287109375 0.6060749999999999 0.3271484375
12 0.6354734375 0.3642578125 0.6310625 0.388671875 0.6188140625 0.4208984375 0.6261640625 0.4521484375 0.64723125 0.4521484375 0.65948125 0.4091796875 0.661440625 0.3623046875 0.6712390625 0.33203125 0.6712390625 0.2958984375 0.6712390625 0.2724609375 0.6555609375 0.2724609375 0.6452718749999999 0.32421875 0.6354734375 0.3642578125
14 0.6937781249999999 0.3603515625 0.6972078125000001 0.3154296875 0.7079859374999999 0.2841796875 0.6996578125 0.2626953125 0.6854484375000001 0.3037109375 0.6780984375 0.34375 0.6712390625 0.3759765625 0.6604609375 0.4140625 0.6452718749999999 0.45703125 0.666340625 0.4775390625 0.6829984375 0.4775390625 0.70210625 0.4853515625 0.7055359375 0.4404296875 0.711415625 0.369140625 0.7266046875 0.32421875 0.7315046875 0.291015625 0.708965625 0.3193359375 0.6937781249999999 0.3603515625
15 0.7790296875 0.4208984375 0.7873593750000001 0.37890625 0.78931875 0.35546875 0.7775593749999999 0.34375 0.764821875 0.34375 0.7447328125 0.369140625 0.736403125 0.388671875 0.718275 0.423828125 0.7055359375 0.4541015625 0.7104359375 0.4892578125 0.7339546875 0.52734375 0.7515921875 0.517578125 0.764821875 0.4892578125 0.77168125 0.44921875 0.7790296875 0.4208984375
16 0.7589421875 0.50390625 0.755021875 0.5556640625 0.7706999999999999 0.5869140625 0.803528125 0.5771484375 0.8108765625000001 0.517578125 0.809896875 0.435546875 0.79666875 0.4287109375 0.782459375 0.4306640625 0.7741296875 0.4638671875 0.7589421875 0.50390625