31 0.328125 0.7907890625 0.3564453125 0.7907890625 0.3759765625 0.7873593750000001 0.384765625 0.77315 0.3779296875 0.7589421875 0.37109375 0.7422828124999999 0.3408203125 0.737384375 0.302734375 0.7447328125 0.279296875 0.7609015625 0.248046875 0.7741296875 0.2666015625 0.7834390625000001 0.3046875 0.78686875 0.328125 0.7907890625
13 0.2998046875 0.6878984375 0.2744140625 0.6972078125000001 0.29296875 0.7123953125 0.32421875 0.716315625 0.3779296875 0.718275 0.4228515625 0.7221953125 0.4541015625 0.7207250000000001 0.484375 0.708965625 0.498046875 0.6937781249999999 0.498046875 0.6756484375 0.4677734375 0.67466875 0.4228515625 0.6805484374999999 0.384765625 0.6864281250000001 0.3408203125 0.6864281250000001 0.2998046875 0.6878984375
17 0.380859375 0.6604609375 0.4541015625 0.6697703125000001 0.4892578125 0.6736890625 0.51953125 0.6604609375 0.5146484375 0.6369421875 0.4794921875 0.6369421875 0.439453125 0.6369421875 0.380859375 0.6369421875 0.328125 0.6369421875 0.3046875 0.6462515625 0.326171875 0.6555609375 0.380859375 0.6604609375
18 0.3212890625 0.612934375 0.3525390625 0.6344921875 0.4013671875 0.6344921875 0.4658203125 0.6330234375 0.474609375 0.6212640625 0.4677734375 0.610975 0.416015625 0.608525 0.3212890625 0.612934375
19 0.31640625 0.6001953125 0.3408203125 0.6095046875000001 0.3974609375 0.6095046875000001 0.451171875 0.6070546875 0.4775390625 0.6070546875 0.51953125 0.610975 0.55078125 0.6026453125 0.5537109375 0.5825578124999999 0.505859375 0.570309375 0.4609375 0.5752078125 0.4091796875 0.5786374999999999 0.37109375 0.5786374999999999 0.326171875 0.5845171875 0.31640625 0.6001953125
20 0.55078125 0.5644296875 0.5625 0.5526703125 0.541015625 0.541890625 0.5078125 0.5433609374999999 0.4560546875 0.5467906250000001 0.3876953125 0.5467906250000001 0.337890625 0.5526703125 0.4013671875 0.5668796875 0.4541015625 0.5668796875 0.529296875 0.570309375 0.55078125 0.5644296875
21 0.4443359375 0.5350312500000001 0.5009765625 0.541890625 0.5546875 0.5409109375 0.57421875 0.5335625 0.5546875 0.51494375 0.55078125 0.49926562499999994 0.5244140625 0.501715625 0.49609375 0.5075937500000001 0.4609375 0.5115140625000001 0.4208984375 0.51249375 0.373046875 0.51739375 0.326171875 0.5384609375 0.380859375 0.5360125 0.4443359375 0.5350312500000001
22 0.4296875 0.4948546875 0.4775390625 0.49926562499999994 0.5224609375 0.5041640625 0.5458984375 0.4948546875 0.5673828125 0.4723171875 0.552734375 0.46251875 0.5263671875 0.45908906250000003 0.494140625 0.4605578125 0.4462890625 0.4605578125 0.3896484375 0.4605578125 0.349609375 0.46643749999999995 0.3427734375 0.4948546875 0.3876953125 0.4948546875 0.4296875 0.4948546875
30 0.541015625 0.4566390625 0.5390625 0.44634999999999997 0.541015625 0.4341015625 0.5146484375 0.430671875 0.486328125 0.4331203125 0.4228515625 0.4341015625 0.3896484375 0.4404703125 0.34765625 0.4566390625 0.384765625 0.458109375 0.4296875 0.4546796875 0.4775390625 0.4546796875 0.541015625 0.4566390625
29 0.5478515625 0.41058281250000006 0.5224609375 0.39637500000000003 0.4794921875 0.39637500000000003 0.4443359375 0.39637500000000003 0.3974609375 0.39392499999999997 0.3359375 0.3919640625 0.3359375 0.412053125 0.361328125 0.42136250000000003 0.3994140625 0.42381250000000004 0.4580078125 0.42626093750000005 0.5126953125 0.42626093750000005 0.5478515625 0.41058281250000006
23 0.5341796875 0.389515625 0.5390625 0.37138593750000004 0.5390625 0.357178125 0.505859375 0.359628125 0.4677734375 0.361096875 0.4228515625 0.363546875 0.3359375 0.37040625 0.337890625 0.39294531250000003 0.3662109375 0.39294531250000003 0.404296875 0.39294531250000003 0.47265625 0.39784375 0.5341796875 0.389515625
24 0.529296875 0.35031875 0.5224609375 0.32778125 0.49609375 0.32778125 0.4677734375 0.32778125 0.44140625 0.333659375 0.3974609375 0.338559375 0.3427734375 0.3444390625 0.349609375 0.359628125 0.384765625 0.3586484375 0.4208984375 0.3586484375 0.486328125 0.363546875 0.529296875 0.35031875
25 0.5029296875 0.32778125 0.5224609375 0.3125921875 0.5029296875 0.2959328125 0.4912109375 0.279275 0.4560546875 0.2758453125 0.416015625 0.288584375 0.373046875 0.288584375 0.31640625 0.291034375 0.3125 0.30867187500000004 0.3427734375 0.3194515625 0.3974609375 0.3219015625 0.4541015625 0.3243515625 0.5029296875 0.32778125
28 0.5341796875 0.1891234375 0.4912109375 0.2023515625 0.44140625 0.21068125000000001 0.4658203125 0.23664843750000003 0.5029296875 0.2577171875 0.54296875 0.24252812499999998 0.5625 0.23076875000000002 0.595703125 0.2165609375 0.619140625 0.20333125000000002 0.59765625 0.18814375 0.576171875 0.1822640625 0.5341796875 0.1891234375
0 0.6640625 0.25918593749999996 0.6923828125 0.23909843749999998 0.6826171875 0.22831875 0.66796875 0.217540625 0.642578125 0.2048015625 0.611328125 0.21068125000000001 0.5810546875 0.221459375 0.5390625 0.24252812499999998 0.494140625 0.2640859375 0.5146484375 0.2934828125 0.5625 0.3018125 0.6044921875 0.2876046875 0.6640625 0.25918593749999996
3 0.619140625 0.34688906249999996 0.5576171875 0.34786875 0.5546875 0.37775625 0.5830078125 0.3919640625 0.65625 0.37040625 0.6943359375 0.363546875 0.7294921875 0.35521875 0.7392578125 0.338559375 0.720703125 0.3326796875 0.6728515625 0.3395390625 0.619140625 0.34688906249999996
4 0.6376953125 0.3811859375 0.5625 0.387065625 0.5625 0.409603125 0.5927734375 0.42136250000000003 0.6728515625 0.4061734375 0.7109375 0.3998046875 0.74609375 0.39784375 0.7724609375 0.39392499999999997 0.7578125 0.3811859375 0.7109375 0.3811859375 0.6376953125 0.3811859375
5 0.734375 0.4012734375 0.6875 0.4130328125 0.6396484375 0.412053125 0.5908203125 0.42234218749999997 0.5693359375 0.43802031250000006 0.6240234375 0.4566390625 0.67578125 0.44634999999999997 0.72265625 0.4331203125 0.7373046875 0.42234218749999997 0.7841796875 0.4140125 0.7724609375 0.39882343750000004 0.734375 0.4012734375
6 0.7490234375 0.458109375 0.7060546875 0.45320937499999997 0.65625 0.45222968750000003 0.62109375 0.45222968750000003 0.57421875 0.45222968750000003 0.5693359375 0.46643749999999995 0.5693359375 0.4791765625 0.6162109375 0.4791765625 0.654296875 0.475746875 0.6875 0.47329687500000006 0.72265625 0.4723171875 0.7490234375 0.46986718749999995 0.7490234375 0.458109375
7 0.55859375 0.48015625 0.552734375 0.498284375 0.5927734375 0.503184375 0.6396484375 0.5007343750000001 0.6845703125 0.4948546875 0.7275390625 0.49093593750000003 0.7421875 0.47868750000000004 0.6943359375 0.47329687500000006 0.6376953125 0.475746875 0.55859375 0.48015625
8 0.701171875 0.5075937500000001 0.677734375 0.5075937500000001 0.6357421875 0.5041640625 0.587890625 0.5041640625 0.5693359375 0.5301328125 0.59765625 0.5276828124999999 0.65234375 0.524253125 0.7158203125 0.524253125 0.7294921875 0.5115140625000001 0.701171875 0.5075937500000001
9 0.6494140625 0.5335625 0.607421875 0.529153125 0.5673828125 0.5301328125 0.5712890625 0.5575703125 0.642578125 0.551690625 0.67578125 0.551690625 0.7109375 0.5541406249999999 0.744140625 0.55855 0.744140625 0.544340625 0.6943359375 0.53748125 0.6494140625 0.5335625
10 0.7392578125 0.5903968749999999 0.779296875 0.5845171875 0.744140625 0.570309375 0.7041015625 0.5668796875 0.666015625 0.56345 0.6279296875 0.5541406249999999 0.5859375 0.5541406249999999 0.5546875 0.5658984375 0.576171875 0.5845171875 0.6142578125 0.5903968749999999 0.65234375 0.5903968749999999 0.6806640625 0.5903968749999999 0.7041015625 0.5903968749999999 0.7392578125 0.5903968749999999
11 0.7578125 0.620284375 0.712890625 0.6119546875 0.6728515625 0.6060749999999999 0.6279296875 0.597746875 0.5830078125 0.5894171874999999 0.55078125 0.5987265625 0.55078125 0.6188140625 0.5830078125 0.6227343750000001 0.6328125 0.6227343750000001 0.666015625 0.6237140625 0.69921875 0.62714375 0.732421875 0.63204375 0.7578125 0.620284375
12 0.7275390625 0.6555609375 0.67578125 0.6452718749999999 0.6357421875 0.6354734375 0.611328125 0.6310625 0.5791015625 0.6188140625 0.5478515625 0.6261640625 0.5478515625 0.64723125 0.5908203125 0.65948125 0.6376953125 0.661440625 0.66796875 0.6712390625 0.7041015625 0.6712390625 0.7275390625 0.6712390625 0.7275390625 0.6555609375
14 0.708984375 0.7315046875 0.6806640625 0.708965625 0.6396484375 0.6937781249999999 0.6845703125 0.6972078125000001 0.7158203125 0.7079859374999999 0.7373046875 0.6996578125 0.6962890625 0.6854484375000001 0.65625 0.6780984375 0.6240234375 0.6712390625 0.5859375 0.6604609375 0.54296875 0.6452718749999999 0.5224609375 0.666340625 0.5224609375 0.6829984375 0.5146484375 0.70210625 0.5595703125 0.7055359375 0.630859375 0.711415625 0.67578125 0.7266046875 0.708984375 0.7315046875
15 0.5107421875 0.764821875 0.55078125 0.77168125 0.5791015625 0.7790296875 0.62109375 0.7873593750000001 0.64453125 0.78931875 0.65625 0.7775593749999999 0.65625 0.764821875 0.630859375 0.7447328125 0.611328125 0.736403125 0.576171875 0.718275 0.5458984375 0.7055359375 0.5107421875 0.7104359375 0.47265625 0.7339546875 0.482421875 0.7515921875 0.5107421875 0.764821875
16 0.5693359375 0.782459375 0.5361328125 0.7741296875 0.49609375 0.7589421875 0.4443359375 0.755021875 0.4130859375 0.7706999999999999 0.4228515625 0.803528125 0.482421875 0.8108765625000001 0.564453125 0.809896875 0.5712890625 0.79666875 0.5693359375 0.782459375