31 0.7564796874999999 0.703125 0.7467609375 0.7412109375 0.747840625 0.7822265625 0.764578125 0.8095703125 0.7861765625 0.80078125 0.8012953125 0.7666015625 0.8012953125 0.732421875 0.7775375 0.6875 0.7564796874999999 0.703125
2 0.7921171874999999 0.6494140625 0.7883375 0.619140625 0.7715984375 0.59375 0.7586390625 0.5810546875 0.7445999999999999 0.595703125 0.7305609375000001 0.638671875 0.7197625000000001 0.6875 0.7197625000000001 0.73046875 0.747840625 0.748046875 0.7624187499999999 0.705078125 0.7786171875 0.6748046875 0.7921171874999999 0.6494140625
13 0.6981640625 0.6083984375 0.6960046875 0.6337890625 0.69384375 0.6552734375 0.7019437500000001 0.6962890625 0.7057234375 0.689453125 0.71274375 0.6953125 0.7230015625 0.666015625 0.73488125 0.6298828125 0.7419 0.5888671875 0.7581 0.5625 0.7661984375 0.5146484375 0.7537796875 0.486328125 0.732721875 0.482421875 0.7159828125 0.466796875 0.706803125 0.4931640625 0.7008640625 0.529296875 0.7019437500000001 0.572265625 0.6981640625 0.6083984375
17 0.6781859375 0.6962890625 0.679265625 0.6708984375 0.6911453125 0.5849609375 0.6960046875 0.529296875 0.7008640625 0.486328125 0.699784375 0.4521484375 0.67710625 0.4482421875 0.661446875 0.4736328125 0.6511875 0.5166015625 0.64956875 0.572265625 0.6393093750000001 0.6279296875 0.6393093750000001 0.662109375 0.64956875 0.689453125 0.6781859375 0.6962890625
18 0.62635 0.623046875 0.6355296874999999 0.6259765625 0.6463281249999999 0.6064453125 0.6463281249999999 0.572265625 0.6522671875 0.53125 0.6555078125 0.4931640625 0.6673859375 0.4501953125 0.6511875 0.4267578125 0.62365 0.4453125 0.61555 0.4697265625 0.6128515625000001 0.50390625 0.6117703125 0.5634765625 0.62365 0.595703125 0.62635 0.623046875
19 0.62365 0.640625 0.6177109375 0.5849609375 0.5998921875 0.55078125 0.577753125 0.572265625 0.577753125 0.6103515625 0.5799140625 0.64453125 0.5880124999999999 0.6748046875 0.5907125 0.703125 0.6015125 0.7236328125 0.62365 0.7236328125 0.6322890625 0.7001953125 0.62365 0.640625
19 0.58369375 0.46484375 0.5896328125 0.5185546875 0.60853125 0.509765625 0.6177109375 0.4716796875 0.6204109375 0.4375 0.6096109375000001 0.4091796875 0.58099375 0.4306640625 0.58369375 0.46484375
20 0.5847734375 0.416015625 0.565875 0.396484375 0.5469765625 0.392578125 0.53995625 0.421875 0.543196875 0.4560546875 0.550215625 0.48828125 0.5539953125 0.5810546875 0.568034375 0.62109375 0.5750546875 0.578125 0.577753125 0.53515625 0.5799140625 0.4775390625 0.5847734375 0.416015625
21 0.507559375 0.59375 0.51511875 0.6337890625 0.5264578125 0.6337890625 0.5410359375 0.615234375 0.53995625 0.578125 0.535096875 0.5166015625 0.53725625 0.46484375 0.53995625 0.4345703125 0.53995625 0.400390625 0.5302374999999999 0.3896484375 0.510259375 0.3857421875 0.4886609375 0.3876953125 0.48974062500000004 0.4375 0.49729999999999996 0.4951171875 0.5016203124999999 0.55078125 0.507559375 0.59375
22 0.4757015625 0.572265625 0.47840156250000004 0.53515625 0.48380156249999995 0.4951171875 0.485421875 0.458984375 0.48380156249999995 0.4091796875 0.482721875 0.3896484375 0.4697625 0.373046875 0.45194375000000003 0.376953125 0.44276406250000006 0.4072265625 0.44276406250000006 0.4453125 0.44276406250000006 0.486328125 0.44276406250000006 0.53515625 0.4460046875 0.619140625 0.45896406250000005 0.63671875 0.4638234375 0.599609375 0.4757015625 0.572265625
30 0.441684375 0.53125 0.44384375 0.482421875 0.43682499999999996 0.4033203125 0.4281859375 0.3857421875 0.41684687499999995 0.3876953125 0.40496718749999994 0.400390625 0.40496718749999994 0.4267578125 0.4082078125 0.46484375 0.41198750000000006 0.4990234375 0.41900624999999997 0.552734375 0.41792656250000004 0.6083984375 0.43682499999999996 0.6572265625 0.43682499999999996 0.59375 0.441684375 0.53125
23 0.3396328125 0.41796875 0.3315328125 0.439453125 0.32559375 0.4697265625 0.3396328125 0.509765625 0.3477328125 0.5615234375 0.36825 0.6337890625 0.37635 0.6044921875 0.37635 0.552734375 0.37635 0.4951171875 0.37635 0.462890625 0.36069062500000004 0.44140625 0.3396328125 0.41796875
24 0.2991359375 0.4951171875 0.2991359375 0.5400390625 0.3147953125 0.578125 0.315875 0.6103515625 0.320734375 0.642578125 0.34071250000000003 0.638671875 0.34071250000000003 0.5830078125 0.3434125 0.525390625 0.328834375 0.4755859375 0.30993593750000004 0.4716796875 0.2991359375 0.4951171875
25 0.30183593750000004 0.5078125 0.2888765625 0.4755859375 0.2661984375 0.486328125 0.24622031249999998 0.50390625 0.2489203125 0.5400390625 0.25701874999999996 0.57421875 0.2683578125 0.6103515625 0.27699843749999997 0.6767578125 0.29319687499999997 0.689453125 0.305075 0.6708984375 0.30183593750000004 0.6083984375 0.30183593750000004 0.552734375 0.30183593750000004 0.5078125
26 0.21544218750000002 0.63671875 0.220303125 0.6708984375 0.24514062499999997 0.712890625 0.2683578125 0.7412109375 0.2791578125 0.6962890625 0.2661984375 0.640625 0.2613390625 0.59375 0.2392015625 0.578125 0.2257015625 0.6083984375 0.21544218750000002 0.63671875
28 0.199784375 0.4130859375 0.20464375 0.353515625 0.18574531249999998 0.3369140625 0.1549671875 0.3447265625 0.1479484375 0.3681640625 0.1511875 0.416015625 0.1630671875 0.4541015625 0.18574531249999998 0.458984375 0.199784375 0.4130859375
0 0.21652343749999997 0.357421875 0.20842343749999998 0.333984375 0.1976234375 0.330078125 0.20950312499999998 0.37890625 0.20950312499999998 0.423828125 0.2116625 0.462890625 0.23650156249999998 0.4736328125 0.2532390625 0.458984375 0.267278125 0.439453125 0.267278125 0.39453125 0.24945937499999998 0.353515625 0.23758125 0.3125 0.22732187499999998 0.2978515625 0.22948125 0.333984375 0.21652343749999997 0.357421875
1 0.28023750000000003 0.220703125 0.2613390625 0.2060546875 0.27321875 0.2568359375 0.28023750000000003 0.3017578125 0.260259375 0.2919921875 0.24514062499999997 0.267578125 0.2284015625 0.259765625 0.2413609375 0.2978515625 0.25701874999999996 0.33203125 0.26403906250000003 0.375 0.2683578125 0.4375 0.2888765625 0.4375 0.2991359375 0.4130859375 0.320734375 0.4130859375 0.33369375 0.4130859375 0.32559375 0.3642578125 0.30183593750000004 0.30859375 0.28995625 0.2705078125 0.28023750000000003 0.220703125
3 0.320734375 0.1865234375 0.307775 0.1796875 0.318575 0.2421875 0.311015625 0.23828125 0.308315625 0.2236328125 0.300215625 0.1962890625 0.29265625 0.193359375 0.29805625 0.234375 0.305075 0.28515625 0.307775 0.306640625 0.318575 0.3095703125 0.326134375 0.3125 0.3369328125 0.3125 0.34233281249999997 0.310546875 0.345571875 0.30078125 0.3515125 0.2880859375 0.35043125 0.263671875 0.33747343750000003 0.2255859375 0.320734375 0.1865234375
4 0.3644703125 0.2939453125 0.3725703125 0.34765625 0.3974078125 0.369140625 0.41090781249999997 0.330078125 0.39146875 0.2763671875 0.3822890625 0.2333984375 0.3725703125 0.201171875 0.3623109375 0.171875 0.3477328125 0.193359375 0.3644703125 0.2421875 0.3644703125 0.2939453125
5 0.38336875 0.220703125 0.40010781250000005 0.265625 0.422246875 0.2958984375 0.44276406250000006 0.26171875 0.434125 0.1884765625 0.421165625 0.1484375 0.40334843749999993 0.103515625 0.3871484375 0.08984375 0.36663125 0.0986328125 0.36663125 0.15625 0.38336875 0.220703125
6 0.48974062500000004 0.30859375 0.48056093750000006 0.2568359375 0.46274375 0.220703125 0.4400640625 0.21875 0.444925 0.2529296875 0.4578828125 0.326171875 0.4697625 0.357421875 0.4913609375 0.357421875 0.48974062500000004 0.30859375
7 0.4946 0.349609375 0.5194390624999999 0.353515625 0.5221375 0.3154296875 0.5161984375 0.24609375 0.51511875 0.2080078125 0.485421875 0.2099609375 0.485421875 0.2275390625 0.4886609375 0.2724609375 0.4913609375 0.310546875 0.4946 0.349609375
8 0.5242984374999999 0.3046875 0.525378125 0.349609375 0.5458968750000001 0.3642578125 0.5588546875 0.3515625 0.5588546875 0.2978515625 0.55615625 0.2509765625 0.55615625 0.2255859375 0.5421171874999999 0.2099609375 0.5242984374999999 0.21875 0.5242984374999999 0.263671875 0.5242984374999999 0.3046875
9 0.58369375 0.103515625 0.5739734375000001 0.1416015625 0.568034375 0.1796875 0.5669546875 0.2294921875 0.5858531250000001 0.2529296875 0.6096109375000001 0.23828125 0.6204109375 0.185546875 0.636609375 0.1142578125 0.6355296874999999 0.0791015625 0.6177109375 0.05859375 0.6036718750000001 0.0537109375 0.58369375 0.103515625
10 0.5826140625 0.349609375 0.5950328125000001 0.3564453125 0.5988125 0.2939453125 0.6020515625 0.251953125 0.577753125 0.26171875 0.568034375 0.2998046875 0.5674953125 0.3427734375 0.5826140625 0.349609375
11 0.6295890625 0.2119140625 0.60583125 0.2548828125 0.6047515625 0.2958984375 0.613390625 0.3056640625 0.6225703125 0.30859375 0.6322890625 0.3134765625 0.6403890624999999 0.30859375 0.6463281249999999 0.28125 0.654428125 0.2294921875 0.672246875 0.173828125 0.64686875 0.1669921875 0.6295890625 0.2119140625
12 0.706803125 0.2744140625 0.706803125 0.2490234375 0.714903125 0.2255859375 0.7159828125 0.1826171875 0.6960046875 0.2314453125 0.684125 0.2763671875 0.6830453125 0.2314453125 0.6981640625 0.173828125 0.694925 0.1484375 0.681965625 0.1904296875 0.671165625 0.2255859375 0.6592875 0.26171875 0.6592875 0.27734375 0.661446875 0.2880859375 0.66630625 0.29296875 0.6749453125 0.2978515625 0.681965625 0.30859375 0.692225 0.30859375 0.69654375 0.30078125 0.7062640625000001 0.2978515625 0.706803125 0.2744140625
14 0.71274375 0.310546875 0.7041031249999999 0.3427734375 0.6825046875 0.37109375 0.679265625 0.421875 0.699784375 0.421875 0.71274375 0.4130859375 0.7197625000000001 0.44140625 0.749459375 0.4306640625 0.749459375 0.3896484375 0.7624187499999999 0.3388671875 0.7764578125 0.3046875 0.7921171874999999 0.2705078125 0.7764578125 0.2548828125 0.765659375 0.2744140625 0.7537796875 0.3017578125 0.7365015625 0.30859375 0.7419 0.2548828125 0.7467609375 0.22265625 0.7419 0.19921875 0.732721875 0.22265625 0.724621875 0.2529296875 0.7197625000000001 0.28515625 0.71274375 0.310546875
15 0.8120953125 0.462890625 0.8191140625 0.4111328125 0.826134375 0.376953125 0.8347734375 0.326171875 0.8201937499999999 0.3369140625 0.808315625 0.3154296875 0.8072359375 0.283203125 0.793196875 0.2978515625 0.782396875 0.328125 0.765659375 0.3662109375 0.7527 0.3857421875 0.7527 0.4345703125 0.7624187499999999 0.44140625 0.7834765625 0.4541015625 0.8120953125 0.462890625
16 0.8677109375000001 0.4658203125 0.8725703125000001 0.4384765625 0.8574515625 0.375 0.8520515625 0.3310546875 0.8299140625 0.3515625 0.8272140625000001 0.4033203125 0.8493515625000001 0.462890625 0.8677109375000001 0.4658203125
29 0.37095 0.4306640625 0.37149062499999996 0.4521484375 0.3779703125 0.466796875 0.38175 0.501953125 0.3855296875 0.5302734375 0.3974078125 0.517578125 0.39902812499999996 0.490234375 0.40280781250000003 0.4521484375 0.40010781250000005 0.4267578125 0.375809375 0.4150390625 0.37095 0.4306640625
29 0.37365 0.65234375 0.366090625 0.71484375 0.38606875 0.76171875 0.4184671875 0.6171875 0.4038875 0.5654296875 0.39632812500000003 0.5478515625 0.3693296875 0.6015625 0.37365 0.65234375
3 0.33099375000000003 0.384765625 0.33099375000000003 0.3916015625 0.338553125 0.40234375 0.3515125 0.3955078125 0.35583125 0.3828125 0.36177031249999997 0.384765625 0.374190625 0.3857421875 0.3752703125 0.37109375 0.3698703125 0.3427734375 0.356371875 0.318359375 0.35313125 0.3017578125 0.34071250000000003 0.3154296875 0.3169546875 0.3134765625 0.311015625 0.3154296875 0.33099375000000003 0.384765625
12 0.688984375 0.322265625 0.6706265625000001 0.3076171875 0.6511875 0.298828125 0.6430890625 0.3212890625 0.6322890625 0.3544921875 0.6231093750000001 0.37890625 0.6328296875 0.39453125 0.656046875 0.404296875 0.67710625 0.400390625 0.686825 0.3623046875 0.688984375 0.322265625
11 0.6101515625 0.314453125 0.60583125 0.30078125 0.5966515625000001 0.3447265625 0.6015125 0.361328125 0.6128515625000001 0.3642578125 0.63175 0.3515625 0.6403890624999999 0.333984375 0.62365 0.318359375 0.6101515625 0.314453125