2 0.638671875 0.725625 0.615234375 0.725625 0.5556640625 0.725625 0.5322265625 0.7422828124999999 0.5390625 0.762371875 0.5556640625 0.7741296875 0.5791015625 0.7775593749999999 0.6240234375 0.7706999999999999 0.6787109375 0.762371875 0.7353515625 0.7506125 0.7470703125 0.7324843750000001 0.6875 0.7315046875 0.638671875 0.725625
13 0.5302734375 0.6972078125000001 0.5537109375 0.7221953125 0.60546875 0.7221953125 0.6474609375 0.7221953125 0.7041015625 0.7221953125 0.732421875 0.7221953125 0.7587890625 0.7148453124999999 0.708984375 0.7006375 0.6640625 0.6854484375000001 0.6005859375 0.6722187500000001 0.5556640625 0.6712390625 0.5390625 0.6829984375 0.5302734375 0.6972078125000001
17 0.595703125 0.637921875 0.55859375 0.6438015625 0.5771484375 0.6604609375 0.6025390625 0.65703125 0.65234375 0.6580109375000001 0.6923828125 0.6580109375000001 0.73046875 0.6511515625000001 0.720703125 0.6310625 0.671875 0.63204375 0.62890625 0.6330234375 0.595703125 0.637921875
18 0.71875 0.603625 0.662109375 0.6011765625 0.6171875 0.6001953125 0.5791015625 0.6001953125 0.548828125 0.6001953125 0.525390625 0.603625 0.494140625 0.6070546875 0.470703125 0.6188140625 0.4853515625 0.6344921875 0.501953125 0.6438015625 0.537109375 0.637921875 0.5791015625 0.6369421875 0.6357421875 0.6330234375 0.6806640625 0.6286140625 0.7119140625 0.6227343750000001 0.71875 0.603625
19 0.537109375 0.57226875 0.4853515625 0.57226875 0.45703125 0.5810875 0.4541015625 0.6011765625 0.48828125 0.6080359375 0.517578125 0.6026453125 0.5712890625 0.596765625 0.642578125 0.5938265625 0.685546875 0.5938265625 0.7373046875 0.596765625 0.72265625 0.5707984374999999 0.685546875 0.5683484375 0.63671875 0.5683484375 0.591796875 0.569328125 0.537109375 0.57226875
20 0.45703125 0.5453203125 0.4482421875 0.558059375 0.4658203125 0.5707984374999999 0.5087890625 0.5707984374999999 0.5625 0.565409375 0.599609375 0.5595296875 0.6884765625 0.5482609375 0.6767578125 0.5267031249999999 0.6201171875 0.528171875 0.57421875 0.5335625 0.525390625 0.5409109375 0.45703125 0.5453203125
21 0.4375 0.5311125 0.4716796875 0.5409109375 0.5224609375 0.5335625 0.5859375 0.52229375 0.62890625 0.5252328125 0.6767578125 0.52229375 0.6572265625 0.5022046875 0.5830078125 0.5007343750000001 0.5146484375 0.4977953125 0.4599609375 0.4977953125 0.4228515625 0.5022046875 0.4375 0.5311125
22 0.623046875 0.4634984375 0.54296875 0.4605578125 0.48828125 0.45761874999999996 0.4462890625 0.45369843750000005 0.4404296875 0.4737875 0.4228515625 0.49240625 0.4716796875 0.496325 0.54296875 0.48946562499999996 0.5947265625 0.48652656250000004 0.6796875 0.4835859375 0.685546875 0.469378125 0.623046875 0.4634984375
30 0.54296875 0.42773125 0.494140625 0.42479218750000003 0.45703125 0.42332187499999996 0.4482421875 0.43753125 0.451171875 0.45222968750000003 0.537109375 0.45369843750000005 0.5947265625 0.45516875 0.6826171875 0.45516875 0.6572265625 0.441940625 0.5888671875 0.43655 0.54296875 0.42773125
29 0.5546875 0.3949046875 0.5205078125 0.3949046875 0.4775390625 0.3831453125 0.4599609375 0.40029375 0.46875 0.41499218750000005 0.4853515625 0.42626093750000005 0.5595703125 0.42479218750000003 0.62890625 0.42479218750000003 0.7060546875 0.42479218750000003 0.708984375 0.3993140625 0.611328125 0.3993140625 0.5546875 0.3949046875
23 0.4853515625 0.36893750000000003 0.4912109375 0.3860859375 0.5341796875 0.3904953125 0.5888671875 0.3919640625 0.6572265625 0.3919640625 0.7138671875 0.3949046875 0.7138671875 0.381675 0.708984375 0.37040625 0.6630859375 0.3674671875 0.5830078125 0.3615875 0.5283203125 0.3615875 0.4970703125 0.3561984375 0.4853515625 0.36893750000000003
24 0.6484375 0.33610937500000004 0.599609375 0.327290625 0.537109375 0.3258203125 0.5146484375 0.347378125 0.537109375 0.36060781249999996 0.599609375 0.36060781249999996 0.6708984375 0.3591375 0.74609375 0.354728125 0.74609375 0.33610937500000004 0.6484375 0.33610937500000004
25 0.7001953125 0.29005312499999997 0.640625 0.2758453125 0.5947265625 0.2802546875 0.548828125 0.274375 0.5283203125 0.29299375 0.5224609375 0.30867187500000004 0.529296875 0.2964234375 0.53125 0.32043125 0.57421875 0.3258203125 0.6201171875 0.3243515625 0.666015625 0.3233703125 0.728515625 0.3233703125 0.7431640625 0.2944640625 0.7001953125 0.29005312499999997
26 0.6455078125 0.23860781250000002 0.5830078125 0.231259375 0.546875 0.25036718750000003 0.5556640625 0.2670265625 0.6455078125 0.278784375 0.740234375 0.29005312499999997 0.7529296875 0.2846640625 0.765625 0.278784375 0.7568359375 0.258696875 0.697265625 0.2528171875 0.6455078125 0.23860781250000002
27 0.716796875 0.1954921875 0.6767578125 0.20431093749999998 0.6630859375 0.21705000000000002 0.6630859375 0.2459578125 0.728515625 0.2542875 0.78515625 0.2601671875 0.802734375 0.23860781250000002 0.765625 0.210190625 0.716796875 0.1954921875
28 0.4658203125 0.221459375 0.51171875 0.22733906250000002 0.5546875 0.221459375 0.5625 0.1999015625 0.5625 0.1729546875 0.5517578125 0.155315625 0.5 0.159725 0.4462890625 0.1886328125 0.419921875 0.212640625 0.4658203125 0.221459375
0 0.4375 0.2714359375 0.494140625 0.2758453125 0.5205078125 0.2542875 0.525390625 0.2297890625 0.4658203125 0.22440000000000002 0.419921875 0.21705000000000002 0.3544921875 0.19696249999999998 0.37109375 0.212640625 0.3974609375 0.24301875 0.3232421875 0.22440000000000002 0.3515625 0.2459578125 0.4375 0.2714359375
1 0.3798828125 0.316021875 0.45703125 0.34296875 0.4716796875 0.3189609375 0.4970703125 0.2944640625 0.4658203125 0.274375 0.4033203125 0.26849531249999997 0.3544921875 0.2616359375 0.2861328125 0.25134687499999997 0.39453125 0.288584375 0.3232421875 0.281725 0.2861328125 0.286134375 0.33203125 0.30034375 0.3798828125 0.316021875
3 0.4462890625 0.37040625 0.4833984375 0.345909375 0.4111328125 0.3243515625 0.3662109375 0.3219015625 0.2998046875 0.307203125 0.2373046875 0.3018125 0.259765625 0.3101421875 0.2919921875 0.32043125 0.3291015625 0.33904999999999996 0.3798828125 0.3591375 0.4462890625 0.37040625
4 0.443359375 0.3806953125 0.3662109375 0.3674671875 0.314453125 0.36060781249999996 0.265625 0.35031875 0.240234375 0.3615875 0.2861328125 0.373346875 0.33203125 0.384615625 0.4033203125 0.4091125 0.443359375 0.3806953125
5 0.3427734375 0.430671875 0.400390625 0.43655 0.4345703125 0.403234375 0.36328125 0.403234375 0.314453125 0.393434375 0.240234375 0.381675 0.208984375 0.3875546875 0.220703125 0.40029375 0.2314453125 0.412053125 0.283203125 0.41891249999999997 0.3427734375 0.430671875
6 0.37109375 0.45761874999999996 0.4169921875 0.470846875 0.4111328125 0.43655 0.3662109375 0.43655 0.3232421875 0.42626093750000005 0.2626953125 0.42038281250000004 0.2373046875 0.4336109375 0.27734375 0.443409375 0.3056640625 0.44782031250000004 0.333984375 0.45222968750000003 0.37109375 0.45761874999999996
7 0.4140625 0.4879953125 0.408203125 0.470846875 0.345703125 0.4561484375 0.2998046875 0.45075937499999996 0.2490234375 0.45075937499999996 0.2001953125 0.45761874999999996 0.203125 0.48505624999999997 0.2490234375 0.48505624999999997 0.30859375 0.48652656250000004 0.4140625 0.4879953125
8 0.40625 0.49926562499999994 0.326171875 0.4879953125 0.2578125 0.4879953125 0.18359375 0.4879953125 0.185546875 0.503675 0.208984375 0.5164140625 0.259765625 0.5164140625 0.369140625 0.5120046874999999 0.40625 0.49926562499999994
9 0.2177734375 0.5120046874999999 0.21484375 0.5394421875 0.2314453125 0.5595296875 0.2890625 0.5453203125 0.369140625 0.5394421875 0.4140625 0.5409109375 0.408203125 0.5164140625 0.30859375 0.5164140625 0.2177734375 0.5120046874999999
10 0.39453125 0.5453203125 0.3544921875 0.5482609375 0.2861328125 0.565409375 0.203125 0.5952968750000001 0.2197265625 0.6144046875 0.2548828125 0.596765625 0.3203125 0.5810875 0.4140625 0.5781484375 0.39453125 0.5453203125
11 0.33203125 0.596765625 0.271484375 0.6055859375 0.2431640625 0.610975 0.220703125 0.625184375 0.2255859375 0.6413515624999999 0.302734375 0.6354734375 0.333984375 0.6212640625 0.4375 0.6095046875000001 0.419921875 0.5869671875 0.3662109375 0.5796171875 0.33203125 0.596765625
12 0.3828125 0.6168546874999999 0.3427734375 0.6227343750000001 0.302734375 0.6398828125 0.259765625 0.6398828125 0.24609375 0.6555609375 0.2548828125 0.6727093749999999 0.326171875 0.6683 0.3740234375 0.6629109375 0.4169921875 0.654090625 0.4482421875 0.6467421875 0.443359375 0.618325 0.3828125 0.6168546874999999
14 0.4462890625 0.6482109375 0.3857421875 0.6634 0.3232421875 0.6741796875 0.2685546875 0.700146875 0.2578125 0.7212156249999999 0.3427734375 0.68691875 0.357421875 0.700146875 0.3232421875 0.7128859375000001 0.296875 0.7241546875 0.2685546875 0.7398328125 0.3291015625 0.7285640625 0.3740234375 0.7212156249999999 0.431640625 0.711415625 0.4833984375 0.702596875 0.45703125 0.680059375 0.4462890625 0.6482109375
15 0.388671875 0.7158249999999999 0.3486328125 0.7226843749999999 0.2861328125 0.7315046875 0.333984375 0.7398328125 0.39453125 0.73444375 0.3916015625 0.7501218749999999 0.33984375 0.7530625 0.3232421875 0.7687406250000001 0.4033203125 0.7672703125 0.474609375 0.7672703125 0.48828125 0.7427734375 0.4853515625 0.7172953125 0.45703125 0.7055359375 0.388671875 0.7158249999999999
16 0.4033203125 0.7858890625 0.4287109375 0.81185625 0.4462890625 0.8402749999999999 0.4853515625 0.8446843749999999 0.5 0.8319453125 0.505859375 0.7971578125 0.5205078125 0.7702109375 0.494140625 0.76433125 0.4228515625 0.76433125 0.3828125 0.7672703125 0.4033203125 0.7858890625