31 0.162175 0.65234375 0.153846875 0.6845703125 0.15580624999999998 0.7412109375 0.1724640625 0.7578125 0.1915734375 0.7392578125 0.192553125 0.6875 0.18569375 0.6494140625 0.162175 0.65234375
2 0.23076875000000002 0.7412109375 0.237628125 0.6962890625 0.240078125 0.654296875 0.240078125 0.62109375 0.24105781249999997 0.595703125 0.24105781249999997 0.5546875 0.2341984375 0.53125 0.2185203125 0.53125 0.20431093749999998 0.53125 0.19010312499999998 0.5390625 0.17589375000000002 0.564453125 0.1842234375 0.599609375 0.19010312499999998 0.6259765625 0.192553125 0.6728515625 0.194021875 0.7109375 0.2067609375 0.74609375 0.23076875000000002 0.7412109375
13 0.291034375 0.7060546875 0.2969125 0.65625 0.2934828125 0.6044921875 0.2920140625 0.57421875 0.2920140625 0.5458984375 0.2920140625 0.5126953125 0.279275 0.5126953125 0.2508578125 0.517578125 0.237628125 0.5341796875 0.23909843749999998 0.5625 0.2484078125 0.6044921875 0.2493875 0.6396484375 0.2533078125 0.69921875 0.269475 0.734375 0.291034375 0.7060546875
17 0.3488484375 0.689453125 0.34786875 0.642578125 0.3395390625 0.5595703125 0.333659375 0.5224609375 0.32288125 0.5029296875 0.306221875 0.49609375 0.2934828125 0.5146484375 0.2944640625 0.57421875 0.29789374999999996 0.62109375 0.3052421875 0.6708984375 0.3052421875 0.7177734375 0.3395390625 0.72265625 0.3488484375 0.689453125
18 0.37285625 0.7294921875 0.37285625 0.6611328125 0.37285625 0.642578125 0.374815625 0.59765625 0.374815625 0.5625 0.374815625 0.5263671875 0.3669765625 0.505859375 0.35276874999999996 0.4892578125 0.3351296875 0.5185546875 0.34296875 0.57421875 0.3444390625 0.609375 0.3444390625 0.64453125 0.34786875 0.6875 0.34786875 0.7392578125 0.37285625 0.7294921875
19 0.4081328125 0.64453125 0.41156249999999994 0.5693359375 0.4198921875 0.5478515625 0.404703125 0.5029296875 0.39294531250000003 0.4892578125 0.3787359375 0.498046875 0.36795625 0.5078125 0.3762859375 0.5546875 0.3762859375 0.6142578125 0.382165625 0.689453125 0.39539375 0.744140625 0.3998046875 0.69921875 0.4081328125 0.64453125
20 0.4566390625 0.5830078125 0.458109375 0.5390625 0.458109375 0.49609375 0.4355703125 0.4912109375 0.42381250000000004 0.498046875 0.4130328125 0.5078125 0.42136250000000003 0.5673828125 0.4272421875 0.6240234375 0.43802031250000006 0.689453125 0.4566390625 0.6923828125 0.4566390625 0.642578125 0.4566390625 0.5830078125
21 0.5051453125 0.6240234375 0.5051453125 0.57421875 0.5051453125 0.529296875 0.5051453125 0.4794921875 0.4958359375 0.4560546875 0.4723171875 0.4677734375 0.4615390625 0.498046875 0.46006875 0.5576171875 0.46496875 0.6240234375 0.46496875 0.689453125 0.49093593750000003 0.69921875 0.5041640625 0.642578125 0.5051453125 0.6240234375
22 0.5232734375 0.7177734375 0.551690625 0.712890625 0.5561 0.6943359375 0.5551203124999999 0.62109375 0.5561 0.5595703125 0.5619796874999999 0.5244140625 0.5619796874999999 0.5029296875 0.561 0.4658203125 0.5453203125 0.4580078125 0.5301328125 0.4609375 0.5051453125 0.4794921875 0.5051453125 0.53125 0.5134734375 0.57421875 0.516903125 0.630859375 0.516903125 0.6826171875 0.5232734375 0.7177734375
30 0.5894171874999999 0.57421875 0.5952968750000001 0.5263671875 0.5962765625 0.4912109375 0.5962765625 0.4609375 0.5737390625 0.4697265625 0.5644296875 0.474609375 0.5595296875 0.5361328125 0.56345 0.607421875 0.56345 0.677734375 0.5845171875 0.6826171875 0.5894171874999999 0.6259765625 0.5894171874999999 0.57421875
29 0.6413515624999999 0.6279296875 0.6413515624999999 0.564453125 0.6413515624999999 0.529296875 0.647721875 0.4833984375 0.6349828125 0.4541015625 0.620284375 0.45703125 0.6060749999999999 0.47265625 0.60460625 0.5078125 0.6095046875000001 0.552734375 0.6144046875 0.607421875 0.615384375 0.6708984375 0.6261640625 0.724609375 0.636453125 0.6845703125 0.6413515624999999 0.6279296875
23 0.679078125 0.53125 0.681528125 0.5009765625 0.67466875 0.4697265625 0.6580109375000001 0.474609375 0.6462515625 0.4912109375 0.640371875 0.5595703125 0.6438015625 0.6142578125 0.6555609375 0.6923828125 0.6673203125 0.6611328125 0.6712390625 0.5810546875 0.679078125 0.53125
24 0.7197453125 0.630859375 0.7207250000000001 0.57421875 0.7207250000000001 0.55078125 0.7207250000000001 0.5146484375 0.7217046875 0.4794921875 0.707496875 0.4697265625 0.6923078125 0.4775390625 0.681528125 0.5078125 0.681528125 0.5595703125 0.6874078124999999 0.62109375 0.6932875000000001 0.6728515625 0.707496875 0.6875 0.7197453125 0.630859375
25 0.7609015625 0.5390625 0.7609015625 0.5009765625 0.7457125 0.47265625 0.723175 0.5 0.7207250000000001 0.541015625 0.7207250000000001 0.6025390625 0.7241546875 0.6611328125 0.7540421875 0.6728515625 0.7609015625 0.6328125 0.7609015625 0.5390625
26 0.8094078124999999 0.6650390625 0.8206765624999999 0.6162109375 0.826065625 0.5791015625 0.8294953125 0.54296875 0.8309656249999999 0.5146484375 0.81185625 0.494140625 0.784909375 0.4794921875 0.7682515624999999 0.5126953125 0.76923125 0.5625 0.7658015625 0.609375 0.76678125 0.64453125 0.78686875 0.66796875 0.8094078124999999 0.6650390625
27 0.8628125000000001 0.64453125 0.8427234374999999 0.611328125 0.8236156250000001 0.6376953125 0.8211656250000001 0.6875 0.8319453125 0.724609375 0.8618328125 0.7373046875 0.8652625 0.6923828125 0.8628125000000001 0.64453125
28 0.8804500000000001 0.494140625 0.8853500000000001 0.47265625 0.8819203124999999 0.4296875 0.8794703125 0.3876953125 0.8711421874999999 0.361328125 0.8476234375 0.3330078125 0.8304750000000001 0.3359375 0.8226359375 0.3828125 0.826065625 0.462890625 0.828515625 0.498046875 0.84174375 0.5244140625 0.8628125000000001 0.5224609375 0.8804500000000001 0.494140625
1 0.725625 0.4326171875 0.7466921875 0.41796875 0.755021875 0.369140625 0.7408140624999999 0.3642578125 0.7040671875 0.3779296875 0.6996578125 0.4091796875 0.707496875 0.439453125 0.725625 0.4326171875
3 0.661440625 0.3828125 0.64968125 0.44140625 0.679078125 0.4560546875 0.6947578125 0.4443359375 0.6932875000000001 0.39453125 0.6947578125 0.337890625 0.6957375 0.2763671875 0.683978125 0.2578125 0.6756484375 0.279296875 0.663890625 0.31640625 0.6629109375 0.3544921875 0.661440625 0.3828125
4 0.620284375 0.4326171875 0.636453125 0.4560546875 0.6506609375 0.4443359375 0.6580109375000001 0.4091796875 0.6580109375000001 0.373046875 0.658990625 0.326171875 0.658990625 0.279296875 0.6555609375 0.236328125 0.6413515624999999 0.26953125 0.6330234375 0.3193359375 0.62714375 0.361328125 0.62224375 0.4091796875 0.620284375 0.4326171875
5 0.5894171874999999 0.4345703125 0.603625 0.4609375 0.6163640625 0.4228515625 0.6178343749999999 0.37109375 0.62224375 0.3193359375 0.62224375 0.251953125 0.60215625 0.248046875 0.5894171874999999 0.32421875 0.5820671875000001 0.361328125 0.5796171875 0.4091796875 0.5894171874999999 0.4345703125
6 0.5433609374999999 0.4345703125 0.569328125 0.439453125 0.5776578125 0.4091796875 0.5727578125 0.373046875 0.571778125 0.3310546875 0.5658984375 0.26953125 0.55365 0.2763671875 0.5502203125 0.31640625 0.549240625 0.337890625 0.5458109375 0.3935546875 0.5433609374999999 0.4345703125
7 0.5066140625 0.4443359375 0.5232734375 0.439453125 0.5394421875 0.439453125 0.5384609375 0.392578125 0.5360125 0.3662109375 0.5394421875 0.3193359375 0.541890625 0.2744140625 0.5232734375 0.2763671875 0.5134734375 0.28125 0.5110234375 0.3212890625 0.51004375 0.3525390625 0.5075937500000001 0.384765625 0.5066140625 0.4443359375
8 0.47427656249999994 0.44140625 0.48750625000000003 0.439453125 0.5051453125 0.4345703125 0.5051453125 0.3876953125 0.4958359375 0.359375 0.4948546875 0.3076171875 0.48750625000000003 0.26953125 0.4767265625 0.279296875 0.4767265625 0.3046875 0.475746875 0.3408203125 0.475746875 0.384765625 0.47427656249999994 0.44140625
9 0.4341015625 0.4541015625 0.45075937499999996 0.4580078125 0.46986718749999995 0.427734375 0.4674171875 0.3828125 0.4566390625 0.328125 0.4439 0.25390625 0.43655 0.2841796875 0.4355703125 0.3125 0.4355703125 0.3642578125 0.4341015625 0.40625 0.4341015625 0.4541015625
10 0.3998046875 0.42578125 0.402253125 0.4658203125 0.42136250000000003 0.474609375 0.4341015625 0.4560546875 0.4331203125 0.404296875 0.4272421875 0.3447265625 0.4272421875 0.3046875 0.4056828125 0.24609375 0.39637500000000003 0.2763671875 0.39539375 0.314453125 0.39392499999999997 0.3525390625 0.3998046875 0.39453125 0.3998046875 0.42578125
11 0.389025 0.4697265625 0.3900046875 0.419921875 0.379715625 0.36328125 0.3787359375 0.314453125 0.3669765625 0.267578125 0.354728125 0.3076171875 0.354728125 0.337890625 0.3561984375 0.39453125 0.36060781249999996 0.47265625 0.389025 0.4697265625
12 0.3170015625 0.4677734375 0.33464062499999997 0.482421875 0.3586484375 0.47265625 0.352278125 0.419921875 0.3463984375 0.3896484375 0.338559375 0.32421875 0.313571875 0.26953125 0.2959328125 0.28125 0.2920140625 0.314453125 0.3101421875 0.361328125 0.3170015625 0.4091796875 0.3170015625 0.4677734375
14 0.2920140625 0.359375 0.281725 0.349609375 0.2484078125 0.341796875 0.2439984375 0.3642578125 0.2572265625 0.421875 0.263596875 0.4521484375 0.313571875 0.4296875 0.3052421875 0.39453125 0.2920140625 0.359375
15 0.18569375 0.3994140625 0.20088124999999998 0.4326171875 0.20921093750000003 0.482421875 0.217540625 0.5224609375 0.237628125 0.5078125 0.2518375 0.5029296875 0.2660453125 0.4794921875 0.2552671875 0.44921875 0.2435078125 0.3974609375 0.237628125 0.3525390625 0.2165609375 0.337890625 0.22685 0.384765625 0.22685 0.4208984375 0.21166093749999998 0.380859375 0.1891234375 0.373046875 0.18569375 0.3994140625