17 0.6044921875 0.680059375 0.5810546875 0.6795687499999999 0.5625 0.6785890625000001 0.5390625 0.680059375 0.521484375 0.6825078125 0.5068359375 0.68691875 0.50390625 0.6923078125 0.50390625 0.7016171875 0.505859375 0.711415625 0.515625 0.716315625 0.52734375 0.7221953125 0.546875 0.7217046875 0.5625 0.718765625 0.580078125 0.7153359375 0.5947265625 0.7158249999999999 0.609375 0.7109265625 0.6220703125 0.7079859374999999 0.6396484375 0.70455625 0.6533203125 0.6986765625 0.654296875 0.6898578125 0.646484375 0.68446875 0.630859375 0.68201875 0.6201171875 0.680059375 0.6044921875 0.680059375
18 0.5859375 0.6423328125000001 0.5615234375 0.6393921875 0.541015625 0.6398828125 0.5302734375 0.642821875 0.5234375 0.6447812500000001 0.5205078125 0.652621875 0.521484375 0.6585 0.521484375 0.6643796875 0.5224609375 0.6712390625 0.537109375 0.6712390625 0.552734375 0.6687890624999999 0.5654296875 0.6683 0.5791015625 0.6668296875 0.6015625 0.6683 0.6171875 0.6668296875 0.630859375 0.6648703125 0.6455078125 0.6609499999999999 0.6572265625 0.658990625 0.6552734375 0.6536015625 0.6484375 0.652621875 0.634765625 0.6487015625 0.6103515625 0.6442921875 0.5859375 0.6423328125000001
24 0.609375 0.3194515625 0.5849609375 0.32043125 0.5654296875 0.31651093750000003 0.5458984375 0.3150421875 0.5400390625 0.3194515625 0.5458984375 0.3243515625 0.5615234375 0.327290625 0.568359375 0.332190625 0.5498046875 0.332190625 0.5458984375 0.3395390625 0.5546875 0.345909375 0.5712890625 0.3488484375 0.59375 0.34541875 0.625 0.34394843750000004 0.654296875 0.34394843750000004 0.6787109375 0.34394843750000004 0.673828125 0.33121093749999997 0.6669921875 0.3258203125 0.64453125 0.32288125 0.6279296875 0.3243515625 0.609375 0.3194515625
25 0.615234375 0.28123437500000004 0.6005859375 0.279275 0.5712890625 0.2660453125 0.5498046875 0.2601671875 0.5322265625 0.256246875 0.5185546875 0.25967656250000004 0.5107421875 0.2660453125 0.4951171875 0.27339531250000004 0.4873046875 0.2827046875 0.4931640625 0.2939734375 0.50390625 0.2983828125 0.51953125 0.2988734375 0.5400390625 0.302303125 0.55859375 0.306221875 0.57421875 0.3067125 0.59375 0.3091625 0.6240234375 0.31161249999999996 0.6494140625 0.311121875 0.673828125 0.311121875 0.673828125 0.30377343749999997 0.6669921875 0.2939734375 0.6484375 0.29054375 0.626953125 0.2871140625 0.615234375 0.28123437500000004
4 0.361328125 0.3718765625 0.3330078125 0.36550781250000003 0.3037109375 0.363546875 0.271484375 0.3645265625 0.263671875 0.37285625 0.265625 0.38265625000000003 0.2958984375 0.3875546875 0.318359375 0.389515625 0.33984375 0.391475 0.365234375 0.39735468749999997 0.3828125 0.40274374999999996 0.404296875 0.40372343749999995 0.423828125 0.403234375 0.4267578125 0.393434375 0.4287109375 0.3831453125 0.416015625 0.38020624999999997 0.400390625 0.375796875 0.361328125 0.3718765625
5 0.375 0.40372343749999995 0.357421875 0.3993140625 0.3330078125 0.398334375 0.3046875 0.39392499999999997 0.2705078125 0.39539375 0.2509765625 0.3993140625 0.232421875 0.40274374999999996 0.21875 0.4042140625 0.2197265625 0.4125421875 0.2255859375 0.41940156249999994 0.251953125 0.42332187499999996 0.271484375 0.425771875 0.2998046875 0.425771875 0.3154296875 0.42675156249999996 0.337890625 0.42675156249999996 0.3583984375 0.4341015625 0.39453125 0.4360609375 0.4248046875 0.44242968749999995 0.447265625 0.44242968749999995 0.4423828125 0.4292015625 0.427734375 0.4179328125 0.416015625 0.4081328125 0.4013671875 0.40715312499999995 0.375 0.40372343749999995
6 0.376953125 0.44292031249999997 0.3544921875 0.4409609375 0.3310546875 0.441940625 0.298828125 0.4355703125 0.2744140625 0.43263125 0.255859375 0.4336109375 0.2490234375 0.43802031250000006 0.259765625 0.441940625 0.2783203125 0.44880000000000003 0.296875 0.45222968750000003 0.318359375 0.45516875 0.3291015625 0.45516875 0.34375 0.45908906250000003 0.3603515625 0.46006875 0.380859375 0.4610484375 0.4013671875 0.46545781249999996 0.4287109375 0.4728078125 0.4462890625 0.4762375 0.451171875 0.4630078125 0.4482421875 0.45320937499999997 0.431640625 0.443409375 0.404296875 0.443409375 0.376953125 0.44292031249999997
8 0.3974609375 0.49730468749999995 0.3720703125 0.49240625 0.34375 0.48603593749999996 0.3212890625 0.48407656250000003 0.291015625 0.4835859375 0.2900390625 0.4904453125 0.2998046875 0.4977953125 0.3203125 0.501225 0.33203125 0.508575 0.3505859375 0.51249375 0.3681640625 0.5159234374999999 0.40234375 0.5227828125 0.42578125 0.52229375 0.44140625 0.5247421875 0.4521484375 0.516903125 0.4560546875 0.5051453125 0.4423828125 0.501225 0.4208984375 0.4997546875 0.3974609375 0.49730468749999995
9 0.3671875 0.5159234374999999 0.3427734375 0.51249375 0.3251953125 0.5075937500000001 0.3115234375 0.4977953125 0.294921875 0.501225 0.2744140625 0.5002453124999999 0.25390625 0.5022046875 0.232421875 0.5075937500000001 0.2314453125 0.5159234374999999 0.259765625 0.5188640625 0.2861328125 0.5203328125 0.306640625 0.5276828124999999 0.3486328125 0.5384609375 0.3740234375 0.5369921875 0.4013671875 0.5472812499999999 0.4228515625 0.5541406249999999 0.4453125 0.55365 0.443359375 0.53993125 0.443359375 0.5247421875 0.4189453125 0.5237625 0.3974609375 0.52229375 0.3671875 0.5159234374999999
10 0.3603515625 0.5384609375 0.3349609375 0.540421875 0.310546875 0.5325828125000001 0.2900390625 0.5320921875 0.271484375 0.533071875 0.25390625 0.530621875 0.2294921875 0.5394421875 0.2177734375 0.5467906250000001 0.22265625 0.55365 0.2353515625 0.5595296875 0.248046875 0.5629593749999999 0.2666015625 0.567859375 0.2783203125 0.574228125 0.294921875 0.5776578125 0.310546875 0.579128125 0.3310546875 0.581578125 0.3447265625 0.583046875 0.3564453125 0.5903968749999999 0.375 0.5874578125000001 0.3955078125 0.5835375 0.4248046875 0.5835375 0.44140625 0.5776578125 0.44140625 0.5688390625 0.43359375 0.5595296875 0.4169921875 0.55365 0.3896484375 0.544340625 0.3603515625 0.5384609375
15 0.4384765625 0.6805484374999999 0.4111328125 0.6893671875 0.3916015625 0.70700625 0.3798828125 0.716315625 0.36328125 0.728075 0.33984375 0.7427734375 0.3359375 0.7584515625 0.35546875 0.7653109375 0.3818359375 0.76433125 0.4072265625 0.7682515624999999 0.4326171875 0.752571875 0.4677734375 0.74179375 0.4833984375 0.7329734375 0.4892578125 0.7202359375 0.4892578125 0.709946875 0.4794921875 0.6962265624999999 0.4599609375 0.6825078125 0.4384765625 0.6805484374999999