31 0.326171875 0.7555125 0.349609375 0.77168125 0.3876953125 0.773640625 0.4052734375 0.7555125 0.423828125 0.7447328125 0.4033203125 0.7329734375 0.373046875 0.73199375 0.35546875 0.718765625 0.3173828125 0.718765625 0.244140625 0.725134375 0.2451171875 0.7359140625 0.326171875 0.7555125
2 0.35546875 0.7060265625000001 0.34765625 0.723175 0.3896484375 0.72954375 0.4267578125 0.7413031250000001 0.447265625 0.7545328125 0.4755859375 0.76188125 0.509765625 0.7457125 0.533203125 0.7221953125 0.5078125 0.7138656250000001 0.4736328125 0.7123953125 0.447265625 0.7060265625000001 0.41796875 0.7050468750000001 0.39453125 0.7016171875 0.35546875 0.7060265625000001
13 0.4033203125 0.665359375 0.3310546875 0.6785890625000001 0.345703125 0.695246875 0.443359375 0.7030875 0.4775390625 0.70945625 0.51171875 0.711415625 0.53125 0.711415625 0.533203125 0.697696875 0.533203125 0.6825078125 0.533203125 0.6727093749999999 0.5244140625 0.6634 0.4990234375 0.658990625 0.462890625 0.666340625 0.4306640625 0.665359375 0.4033203125 0.665359375
17 0.51171875 0.6634 0.5498046875 0.666340625 0.5693359375 0.6491921875 0.5498046875 0.6344921875 0.515625 0.6335124999999999 0.4814453125 0.6335124999999999 0.447265625 0.6335124999999999 0.396484375 0.6398828125 0.4052734375 0.665359375 0.466796875 0.65458125 0.51171875 0.6634
18 0.3876953125 0.63204375 0.4091796875 0.6335124999999999 0.4736328125 0.6335124999999999 0.5185546875 0.6335124999999999 0.5712890625 0.6344921875 0.5712890625 0.6173437500000001 0.5654296875 0.6001953125 0.5419921875 0.5903968749999999 0.5009765625 0.596765625 0.462890625 0.60215625 0.4267578125 0.6075453125 0.4052734375 0.6099953124999999 0.3876953125 0.6119546875 0.3876953125 0.63204375
19 0.3798828125 0.574228125 0.33203125 0.5884375000000001 0.423828125 0.5938265625 0.4775390625 0.59480625 0.546875 0.604115625 0.578125 0.59235625 0.583984375 0.5810875 0.578125 0.5688390625 0.5478515625 0.567859375 0.5078125 0.567859375 0.466796875 0.5712890625 0.4287109375 0.57226875 0.4072265625 0.574228125 0.3798828125 0.574228125
20 0.4755859375 0.5614890625 0.5205078125 0.56491875 0.5654296875 0.567859375 0.58203125 0.5561 0.5966796875 0.5360125 0.556640625 0.5360125 0.5048828125 0.5360125 0.462890625 0.53993125 0.416015625 0.5389515625 0.392578125 0.54238125 0.419921875 0.5561 0.4755859375 0.5614890625
21 0.392578125 0.5134734375 0.3896484375 0.5262125 0.41796875 0.5335625 0.470703125 0.5271921875000001 0.509765625 0.530621875 0.53515625 0.5335625 0.5732421875 0.5335625 0.5927734375 0.5335625 0.5966796875 0.514453125 0.5966796875 0.49730468749999995 0.5498046875 0.49730468749999995 0.4990234375 0.49926562499999994 0.4609375 0.501715625 0.4375 0.5080843749999999 0.392578125 0.5134734375
22 0.3837890625 0.4953453125 0.4287109375 0.49730468749999995 0.484375 0.49730468749999995 0.5205078125 0.4953453125 0.55859375 0.4953453125 0.5908203125 0.4953453125 0.5947265625 0.4728078125 0.5869140625 0.4566390625 0.53515625 0.45761874999999996 0.4951171875 0.4674171875 0.4580078125 0.4674171875 0.421875 0.4674171875 0.3896484375 0.47182812500000004 0.3837890625 0.4953453125
30 0.4111328125 0.4630078125 0.470703125 0.46202812499999996 0.513671875 0.4546796875 0.5419921875 0.4546796875 0.583984375 0.4546796875 0.5908203125 0.4360609375 0.580078125 0.415971875 0.537109375 0.425771875 0.48828125 0.43508125 0.4521484375 0.439490625 0.4287109375 0.4448796875 0.4052734375 0.45026875000000005 0.4111328125 0.4630078125
29 0.3720703125 0.43116093749999995 0.466796875 0.42675156249999996 0.51171875 0.42675156249999996 0.5478515625 0.4243015625 0.578125 0.4179328125 0.578125 0.39882343750000004 0.55859375 0.3860859375 0.53125 0.3860859375 0.484375 0.391475 0.4453125 0.3998046875 0.4091796875 0.40519375 0.3388671875 0.42136250000000003 0.3720703125 0.43116093749999995
23 0.4111328125 0.402253125 0.4609375 0.3968640625 0.4951171875 0.3924546875 0.53125 0.3860859375 0.552734375 0.38363593749999997 0.560546875 0.3699171875 0.5439453125 0.3561984375 0.509765625 0.3561984375 0.470703125 0.3625671875 0.4345703125 0.36795625 0.400390625 0.373346875 0.392578125 0.389025 0.4111328125 0.402253125
24 0.482421875 0.32925 0.458984375 0.3331703125 0.4326171875 0.3331703125 0.4140625 0.3351296875 0.3994140625 0.34051875 0.3935546875 0.34835937499999997 0.3857421875 0.361096875 0.4150390625 0.3650171875 0.4326171875 0.3669765625 0.4599609375 0.3630578125 0.48828125 0.3586484375 0.509765625 0.354728125 0.5283203125 0.35276874999999996 0.5400390625 0.34786875 0.5400390625 0.33464062499999997 0.533203125 0.3287609375 0.51953125 0.324840625 0.5029296875 0.3287609375 0.482421875 0.32925
25 0.5166015625 0.3018125 0.509765625 0.29495312500000004 0.50390625 0.2871140625 0.498046875 0.28123437500000004 0.4912109375 0.2758453125 0.4833984375 0.2738859375 0.4755859375 0.27290468749999997 0.4619140625 0.274375 0.4423828125 0.2778046875 0.4287109375 0.2807453125 0.4072265625 0.28662343749999997 0.3798828125 0.29299375 0.3623046875 0.29936250000000003 0.3525390625 0.3013234375 0.3388671875 0.306221875 0.328125 0.3096515625 0.330078125 0.319940625 0.357421875 0.3219015625 0.3720703125 0.3219015625 0.3857421875 0.32239062500000004 0.4033203125 0.324840625 0.421875 0.3263109375 0.4443359375 0.3243515625 0.47265625 0.327290625 0.4970703125 0.3258203125 0.5107421875 0.324840625 0.5224609375 0.318471875 0.5205078125 0.30867187500000004 0.5166015625 0.3018125
26 0.43359375 0.2327296875 0.41796875 0.231259375 0.404296875 0.2341984375 0.3935546875 0.240078125 0.3857421875 0.249878125 0.37109375 0.2572265625 0.359375 0.262615625 0.306640625 0.26849531249999997 0.2822265625 0.2822140625 0.30859375 0.28907343750000003 0.361328125 0.2915234375 0.3837890625 0.288584375 0.4072265625 0.2851546875 0.4287109375 0.2782953125 0.451171875 0.2738859375 0.4697265625 0.269965625 0.4765625 0.26065625 0.474609375 0.2508578125 0.466796875 0.2464484375 0.45703125 0.24105781249999997 0.44140625 0.236159375 0.43359375 0.2327296875
28 0.548828125 0.1910828125 0.53125 0.192553125 0.509765625 0.1930421875 0.49609375 0.1974515625 0.4873046875 0.20382187499999999 0.4912109375 0.212640625 0.4990234375 0.21949999999999997 0.5048828125 0.22488906250000001 0.5146484375 0.2322390625 0.5166015625 0.2420375 0.5390625 0.2454671875 0.5556640625 0.244978125 0.5693359375 0.24056875 0.5859375 0.2346890625 0.6005859375 0.222440625 0.6220703125 0.21362031250000002 0.6376953125 0.2052921875 0.6328125 0.19696249999999998 0.61328125 0.1891234375 0.59765625 0.1905921875 0.5751953125 0.1886328125 0.548828125 0.1910828125
0 0.65625 0.2346890625 0.6455078125 0.2293 0.625 0.22685 0.595703125 0.23321874999999997 0.578125 0.23664843750000003 0.556640625 0.2420375 0.537109375 0.2420375 0.513671875 0.2454671875 0.4970703125 0.25379687500000003 0.4931640625 0.26065625 0.4970703125 0.26800625 0.5068359375 0.2851546875 0.51953125 0.29544375 0.53515625 0.3052421875 0.552734375 0.302303125 0.5751953125 0.2944640625 0.5927734375 0.2846640625 0.6181640625 0.2758453125 0.6376953125 0.26849531249999997 0.6455078125 0.2616359375 0.6552734375 0.2601671875 0.6689453125 0.249878125 0.669921875 0.23958906249999998 0.65625 0.2346890625
1 0.73828125 0.28564375000000003 0.73046875 0.283684375 0.70703125 0.2895640625 0.685546875 0.2959328125 0.6708984375 0.30279218750000003 0.6474609375 0.306221875 0.650390625 0.2969125 0.6650390625 0.29054375 0.677734375 0.286134375 0.6875 0.28319375 0.7021484375 0.276825 0.7109375 0.2689859375 0.7119140625 0.2616359375 0.6982421875 0.256246875 0.6787109375 0.25918593749999996 0.66015625 0.2665359375 0.6455078125 0.2709453125 0.6201171875 0.2797640625 0.6064453125 0.2876046875 0.591796875 0.2915234375 0.5771484375 0.2959328125 0.5576171875 0.30034375 0.5400390625 0.30377343749999997 0.53515625 0.3096515625 0.5439453125 0.318471875 0.5546875 0.3282703125 0.5615234375 0.34051875 0.5673828125 0.3542375 0.5888671875 0.3512984375 0.6083984375 0.343459375 0.615234375 0.338559375 0.634765625 0.33415 0.654296875 0.32925 0.6767578125 0.3258203125 0.6962890625 0.3214109375 0.7119140625 0.3125921875 0.728515625 0.30867187500000004 0.7373046875 0.3008328125 0.740234375 0.2915234375 0.73828125 0.28564375000000003
3 0.69921875 0.32925 0.677734375 0.3356203125 0.6513671875 0.3415 0.6318359375 0.3444390625 0.6171875 0.34492968749999997 0.60546875 0.34541875 0.587890625 0.3488484375 0.58203125 0.3601171875 0.5908203125 0.36893750000000003 0.5966796875 0.3787359375 0.6015625 0.389025 0.61328125 0.386575 0.6318359375 0.37922656250000003 0.6494140625 0.37138593750000004 0.6728515625 0.3640375 0.69921875 0.3537484375 0.7158203125 0.3488484375 0.7314453125 0.34394843750000004 0.7431640625 0.3366 0.7431640625 0.3307203125 0.7392578125 0.3263109375 0.7236328125 0.324840625 0.69921875 0.32925
4 0.7265625 0.3669765625 0.7041015625 0.3694265625 0.6806640625 0.373346875 0.6640625 0.374815625 0.646484375 0.3782453125 0.6279296875 0.38265625000000003 0.6083984375 0.389025 0.609375 0.3998046875 0.62109375 0.414503125 0.6376953125 0.414503125 0.65234375 0.4130328125 0.669921875 0.40764374999999997 0.6943359375 0.3993140625 0.7177734375 0.3924546875 0.7373046875 0.387065625 0.755859375 0.382165625 0.775390625 0.37530625 0.779296875 0.37138593750000004 0.7744140625 0.3640375 0.7451171875 0.3669765625 0.7265625 0.3669765625
5 0.7822265625 0.3968640625 0.7578125 0.3968640625 0.7392578125 0.4012734375 0.724609375 0.4042140625 0.6962890625 0.4061734375 0.681640625 0.41009375 0.658203125 0.4130328125 0.6435546875 0.41499218750000005 0.630859375 0.41842187500000005 0.625 0.42479218750000003 0.630859375 0.43508125 0.6318359375 0.44292031249999997 0.6435546875 0.44585937500000006 0.6640625 0.44634999999999997 0.681640625 0.44439062500000004 0.6923828125 0.4399796875 0.712890625 0.437040625 0.7333984375 0.430671875 0.7470703125 0.4243015625 0.7578125 0.42038281250000004 0.7724609375 0.414503125 0.787109375 0.4081328125 0.796875 0.3998046875 0.7822265625 0.3968640625
6 0.736328125 0.44634999999999997 0.71484375 0.44585937500000006 0.697265625 0.44634999999999997 0.6728515625 0.44634999999999997 0.6533203125 0.44585937500000006 0.642578125 0.44585937500000006 0.62890625 0.44634999999999997 0.6201171875 0.457128125 0.625 0.4639875 0.615234375 0.4713375 0.630859375 0.47329687500000006 0.6455078125 0.47525781250000004 0.66796875 0.47329687500000006 0.6962890625 0.469378125 0.724609375 0.464478125 0.744140625 0.4610484375 0.755859375 0.46006875 0.771484375 0.45516875 0.7841796875 0.45075937499999996 0.7783203125 0.44292031249999997 0.763671875 0.441940625 0.736328125 0.44634999999999997
7 0.66796875 0.4723171875 0.6533203125 0.4737875 0.6298828125 0.47329687500000006 0.625 0.4821171875 0.62890625 0.49730468749999995 0.64453125 0.49730468749999995 0.6650390625 0.4958359375 0.6884765625 0.4953453125 0.708984375 0.49093593750000003 0.732421875 0.4889765625 0.75 0.487015625 0.7626953125 0.480646875 0.7490234375 0.47329687500000006 0.73046875 0.47329687500000006 0.7060546875 0.4713375 0.685546875 0.4723171875 0.66796875 0.4723171875
8 0.703125 0.5007343750000001 0.6875 0.501225 0.66796875 0.501225 0.6513671875 0.49926562499999994 0.6337890625 0.5002453124999999 0.625 0.51004375 0.62109375 0.5198437499999999 0.6318359375 0.5232734375 0.6455078125 0.524253125 0.6728515625 0.5237625 0.6923828125 0.521803125 0.7099609375 0.5198437499999999 0.73046875 0.51739375 0.751953125 0.516903125 0.76171875 0.51494375 0.7587890625 0.5080843749999999 0.744140625 0.503675 0.7294921875 0.503184375 0.703125 0.5007343750000001
9 0.705078125 0.5262125 0.68359375 0.5262125 0.66796875 0.5262125 0.6474609375 0.5262125 0.6337890625 0.5247421875 0.6171875 0.5247421875 0.6201171875 0.5384609375 0.619140625 0.5541406249999999 0.6376953125 0.5531609375000001 0.6650390625 0.5502203125 0.6875 0.549240625 0.7041015625 0.5477703125 0.7177734375 0.5458109375 0.7412109375 0.542871875 0.759765625 0.54238125 0.7724609375 0.5389515625 0.7685546875 0.530621875 0.744140625 0.5276828124999999 0.7265625 0.5276828124999999 0.705078125 0.5262125
10 0.794921875 0.5903968749999999 0.78515625 0.5810875 0.7685546875 0.5756984375 0.75 0.569328125 0.7333984375 0.56345 0.708984375 0.5575703125 0.6904296875 0.5570796875 0.666015625 0.5531609375000001 0.642578125 0.5546296875000001 0.626953125 0.5570796875 0.625 0.5668796875 0.623046875 0.5786374999999999 0.6376953125 0.579128125 0.6494140625 0.5835375 0.66796875 0.587946875 0.6865234375 0.587946875 0.7041015625 0.5918671875 0.7236328125 0.59235625 0.7431640625 0.5962765625 0.7626953125 0.599215625 0.7802734375 0.60215625 0.7900390625 0.601665625 0.798828125 0.597746875 0.794921875 0.5903968749999999
11 0.767578125 0.6055859375 0.7451171875 0.597746875 0.712890625 0.5952968750000001 0.6923828125 0.59235625 0.6796875 0.5889265625 0.6611328125 0.5859875 0.6416015625 0.5805984375000001 0.630859375 0.5786374999999999 0.623046875 0.5825578124999999 0.6162109375 0.5933359375 0.6015625 0.604115625 0.6123046875 0.611465625 0.623046875 0.6148953125000001 0.6396484375 0.6168546874999999 0.662109375 0.618325 0.6875 0.6207734375 0.7158203125 0.6217546875 0.7412109375 0.6232234375 0.7646484375 0.6237140625 0.7841796875 0.62224375 0.794921875 0.6173437500000001 0.7841796875 0.6099953124999999 0.767578125 0.6055859375
12 0.7470703125 0.652621875 0.72265625 0.6447812500000001 0.693359375 0.6349828125 0.67578125 0.63204375 0.662109375 0.6281234375 0.654296875 0.62224375 0.6455078125 0.6188140625 0.6298828125 0.6144046875 0.6162109375 0.612934375 0.60546875 0.610484375 0.5966796875 0.6178343749999999 0.58984375 0.6276328125 0.58984375 0.6393921875 0.5888671875 0.647721875 0.6123046875 0.6482109375 0.63671875 0.6555609375 0.6591796875 0.6580109375000001 0.677734375 0.663890625 0.7001953125 0.667809375 0.72265625 0.6722187500000001 0.7412109375 0.6766296875 0.7578125 0.6722187500000001 0.76953125 0.6697703125000001 0.7724609375 0.665359375 0.765625 0.6575203125 0.7470703125 0.652621875
14 0.72265625 0.7285640625 0.70703125 0.718765625 0.693359375 0.7148453124999999 0.68359375 0.70945625 0.669921875 0.7011265625 0.6650390625 0.6947578125 0.6806640625 0.695246875 0.705078125 0.7006375 0.7265625 0.70700625 0.7431640625 0.70945625 0.751953125 0.71190625 0.7587890625 0.70700625 0.755859375 0.7016171875 0.736328125 0.6942671875 0.71875 0.68446875 0.701171875 0.680059375 0.6884765625 0.6756484375 0.6689453125 0.6736890625 0.6513671875 0.670259375 0.634765625 0.6643796875 0.6279296875 0.656540625 0.6162109375 0.6511515625000001 0.607421875 0.6491921875 0.5947265625 0.6487015625 0.5859375 0.6487015625 0.5751953125 0.6487015625 0.578125 0.65948125 0.5849609375 0.6712390625 0.5771484375 0.6736890625 0.56640625 0.675159375 0.560546875 0.6834890625 0.560546875 0.6942671875 0.556640625 0.7016171875 0.572265625 0.7055359375 0.59765625 0.7065171875 0.6162109375 0.7109265625 0.63671875 0.71435625 0.6533203125 0.7217046875 0.6630859375 0.7285640625 0.681640625 0.73444375 0.703125 0.73934375 0.71875 0.7432624999999999 0.734375 0.7466921875 0.7392578125 0.736403125 0.72265625 0.7285640625
15 0.6865234375 0.75698125 0.673828125 0.7491421875000001 0.6640625 0.7427734375 0.6552734375 0.7354234374999999 0.6396484375 0.730034375 0.625 0.7261140625 0.611328125 0.7217046875 0.6005859375 0.718765625 0.5927734375 0.71190625 0.572265625 0.7055359375 0.5615234375 0.7055359375 0.5517578125 0.7109265625 0.54296875 0.7197453125 0.5341796875 0.730034375 0.5205078125 0.7408140624999999 0.5185546875 0.7457125 0.5205078125 0.7545328125 0.5390625 0.75943125 0.556640625 0.762371875 0.5703125 0.762371875 0.5869140625 0.762371875 0.6083984375 0.76678125 0.619140625 0.7721703125 0.6396484375 0.773640625 0.6640625 0.7770703125 0.68359375 0.7760906249999999 0.703125 0.7765796875000001 0.7060546875 0.764821875 0.6865234375 0.75698125
16 0.6318359375 0.7839296874999999 0.623046875 0.77805 0.609375 0.7706999999999999 0.6025390625 0.76433125 0.5869140625 0.76188125 0.57421875 0.7628609375 0.5615234375 0.7658015625 0.5458984375 0.7706999999999999 0.537109375 0.7775593749999999 0.5322265625 0.78441875 0.529296875 0.7951984375000001 0.5283203125 0.8064671875 0.541015625 0.8113671874999999 0.55859375 0.812346875 0.58984375 0.8162671874999999 0.6123046875 0.8231265625 0.626953125 0.8270453124999999 0.642578125 0.8319453125 0.6591796875 0.828515625 0.671875 0.8221453125 0.6640625 0.8079375000000001 0.65625 0.79911875 0.6474609375 0.789809375 0.6318359375 0.7839296874999999