2 0.2797640625 0.740234375 0.283684375 0.728515625 0.281725 0.705078125 0.2797640625 0.6943359375 0.274375 0.666015625 0.2709453125 0.642578125 0.2645765625 0.6201171875 0.261146875 0.6044921875 0.25477656249999997 0.58984375 0.2479171875 0.5869140625 0.23860781250000002 0.5869140625 0.23517812500000002 0.60546875 0.231259375 0.62109375 0.22831875 0.63671875 0.2293 0.6591796875 0.23664843750000003 0.6796875 0.240078125 0.708984375 0.2484078125 0.72265625 0.2459578125 0.7529296875 0.2459578125 0.7685546875 0.2528171875 0.7734375 0.261146875 0.7666015625 0.27045625 0.763671875 0.277315625 0.7568359375 0.2797640625 0.740234375
13 0.3125921875 0.662109375 0.311121875 0.625 0.3101421875 0.587890625 0.3081828125 0.5634765625 0.3081828125 0.546875 0.2964234375 0.5263671875 0.28319375 0.5390625 0.276825 0.544921875 0.269475 0.5537109375 0.261146875 0.5673828125 0.263596875 0.59765625 0.26800625 0.619140625 0.2714359375 0.6357421875 0.2778046875 0.6630859375 0.2851546875 0.693359375 0.28662343749999997 0.716796875 0.28662343749999997 0.7431640625 0.29544375 0.7451171875 0.30377343749999997 0.736328125 0.3121015625 0.724609375 0.31308125000000003 0.693359375 0.3125921875 0.662109375
17 0.35031875 0.4990234375 0.3268 0.4990234375 0.3032828125 0.51171875 0.3067125 0.5478515625 0.31308125000000003 0.599609375 0.33022968750000004 0.6552734375 0.333659375 0.7236328125 0.3463984375 0.720703125 0.35031875 0.6787109375 0.35031875 0.625 0.35031875 0.5419921875 0.35031875 0.4990234375
18 0.384615625 0.5009765625 0.37285625 0.486328125 0.35276874999999996 0.486328125 0.3517890625 0.5205078125 0.3517890625 0.55078125 0.3517890625 0.583984375 0.34835937499999997 0.6181640625 0.3557078125 0.6572265625 0.3581578125 0.7021484375 0.37285625 0.71484375 0.381675 0.6552734375 0.38265625000000003 0.5947265625 0.38265625000000003 0.537109375 0.384615625 0.5009765625
19 0.4179328125 0.533203125 0.41695312500000004 0.482421875 0.39784375 0.4716796875 0.387065625 0.490234375 0.387065625 0.5205078125 0.38265625000000003 0.5634765625 0.38265625000000003 0.6123046875 0.3782453125 0.67578125 0.3782453125 0.712890625 0.3944140625 0.720703125 0.4042140625 0.6787109375 0.40519375 0.6318359375 0.4135234375 0.5869140625 0.4179328125 0.533203125
20 0.45565937500000003 0.5458984375 0.45565937500000003 0.5009765625 0.45222968750000003 0.4736328125 0.4385109375 0.46484375 0.4243015625 0.46875 0.42136250000000003 0.4951171875 0.4243015625 0.5205078125 0.42675156249999996 0.55078125 0.42675156249999996 0.5908203125 0.42675156249999996 0.626953125 0.42675156249999996 0.67578125 0.43508125 0.7021484375 0.45026875000000005 0.7001953125 0.45026875000000005 0.626953125 0.44683906249999994 0.59765625 0.45565937500000003 0.5458984375
21 0.49289531249999996 0.5029296875 0.496325 0.4609375 0.47819687499999997 0.4560546875 0.4566390625 0.466796875 0.45418906249999996 0.4951171875 0.459578125 0.537109375 0.4630078125 0.57421875 0.4630078125 0.62109375 0.46643749999999995 0.6611328125 0.4674171875 0.6953125 0.4767265625 0.7060546875 0.49093593750000003 0.6787109375 0.49289531249999996 0.6181640625 0.49289531249999996 0.55859375 0.49289531249999996 0.5029296875
22 0.5389515625 0.533203125 0.537971875 0.490234375 0.5271921875000001 0.462890625 0.5080843749999999 0.4541015625 0.49387499999999995 0.46875 0.49387499999999995 0.4990234375 0.498284375 0.53515625 0.503675 0.5712890625 0.503675 0.6181640625 0.5026953125 0.650390625 0.5026953125 0.693359375 0.515434375 0.7060546875 0.5360125 0.6865234375 0.5369921875 0.6357421875 0.5369921875 0.580078125 0.5389515625 0.533203125
30 0.5752078125 0.4990234375 0.5688390625 0.4716796875 0.54973125 0.462890625 0.53993125 0.4716796875 0.537971875 0.5029296875 0.54238125 0.5458984375 0.5453203125 0.5927734375 0.5453203125 0.64453125 0.544340625 0.689453125 0.560509375 0.6865234375 0.570309375 0.6552734375 0.570309375 0.5888671875 0.570309375 0.5458984375 0.5752078125 0.4990234375
29 0.608525 0.5478515625 0.6148953125000001 0.4970703125 0.604115625 0.482421875 0.5938265625 0.46484375 0.5776578125 0.490234375 0.5732484375 0.513671875 0.5776578125 0.5546875 0.5796171875 0.5927734375 0.5850078125 0.6357421875 0.5903968749999999 0.673828125 0.599215625 0.712890625 0.610975 0.716796875 0.6173437500000001 0.689453125 0.6139140624999999 0.6484375 0.608525 0.580078125 0.608525 0.5478515625
23 0.6418421875 0.4990234375 0.6281234375 0.4921875 0.6163640625 0.4951171875 0.612934375 0.53125 0.6139140624999999 0.560546875 0.6148953125000001 0.59765625 0.6173437500000001 0.6357421875 0.618325 0.6611328125 0.618325 0.7041015625 0.6281234375 0.7021484375 0.6354734375 0.646484375 0.6408625 0.5888671875 0.642821875 0.53515625 0.6418421875 0.4990234375
24 0.6923078125 0.537109375 0.67711875 0.53515625 0.6673203125 0.5244140625 0.651640625 0.51171875 0.6408625 0.53515625 0.6408625 0.58203125 0.6408625 0.6376953125 0.6374328125 0.66796875 0.6398828125 0.7080078125 0.651640625 0.689453125 0.665359375 0.6572265625 0.67711875 0.6142578125 0.691328125 0.580078125 0.6923078125 0.537109375
25 0.73199375 0.58203125 0.7266046875 0.552734375 0.7133765624999999 0.552734375 0.695246875 0.537109375 0.688878125 0.578125 0.6898578125 0.62109375 0.6898578125 0.666015625 0.6932875000000001 0.697265625 0.6932875000000001 0.7421875 0.7060265625000001 0.7421875 0.7158249999999999 0.71484375 0.723175 0.671875 0.73199375 0.623046875 0.73199375 0.58203125
26 0.7672703125 0.6142578125 0.7476734375 0.58203125 0.7359140625 0.6103515625 0.72954375 0.6376953125 0.7266046875 0.6806640625 0.7202359375 0.716796875 0.7241546875 0.7509765625 0.727584375 0.787109375 0.73934375 0.783203125 0.7447328125 0.7421875 0.7628609375 0.693359375 0.7702109375 0.6552734375 0.7672703125 0.6142578125
28 0.7996078125 0.564453125 0.805978125 0.5576171875 0.8113671874999999 0.5478515625 0.8128375 0.533203125 0.8133265625 0.517578125 0.8108765625000001 0.4912109375 0.8089171875 0.4658203125 0.8084265625 0.44921875 0.8074468749999999 0.4345703125 0.8074468749999999 0.4189453125 0.8040171875000001 0.4013671875 0.8020578125 0.38671875 0.79666875 0.380859375 0.789809375 0.3857421875 0.7805 0.4072265625 0.7741296875 0.4248046875 0.77168125 0.44140625 0.7702109375 0.4580078125 0.7628609375 0.4931640625 0.7613921875 0.521484375 0.7599218750000001 0.5361328125 0.7599218750000001 0.55078125 0.763840625 0.552734375 0.7697203125 0.552734375 0.7814796875 0.5615234375 0.7907890625 0.564453125 0.7996078125 0.564453125
0 0.7564921874999999 0.53125 0.7589421875 0.5087890625 0.75943125 0.484375 0.762371875 0.4677734375 0.76433125 0.4443359375 0.7682515624999999 0.41796875 0.7682515624999999 0.40234375 0.7672703125 0.3759765625 0.7653109375 0.357421875 0.755021875 0.3583984375 0.7481625000000001 0.3701171875 0.743753125 0.384765625 0.7408140624999999 0.3916015625 0.73689375 0.40234375 0.7290546875 0.421875 0.7246453125000001 0.4423828125 0.7197453125 0.4580078125 0.7133765624999999 0.4765625 0.709946875 0.4921875 0.7079859374999999 0.5087890625 0.7104359375 0.525390625 0.7197453125 0.537109375 0.728075 0.533203125 0.73934375 0.5390625 0.7457125 0.55078125 0.7540421875 0.54296875 0.7564921874999999 0.53125
1 0.6829984375 0.5029296875 0.6923078125 0.5087890625 0.7006375 0.5078125 0.70945625 0.5048828125 0.7109265625 0.4921875 0.7104359375 0.4755859375 0.7104359375 0.4560546875 0.7104359375 0.4384765625 0.7153359375 0.4130859375 0.7212156249999999 0.3837890625 0.723175 0.3681640625 0.7241546875 0.345703125 0.723175 0.3359375 0.7192546875 0.337890625 0.7084765625 0.3564453125 0.70210625 0.380859375 0.6981875 0.3955078125 0.692796875 0.40625 0.692796875 0.3876953125 0.692796875 0.3662109375 0.6967171875 0.33984375 0.7016171875 0.3193359375 0.70210625 0.3046875 0.70455625 0.291015625 0.6986765625 0.2900390625 0.6903484375 0.2978515625 0.6859375 0.3095703125 0.681528125 0.326171875 0.6780984375 0.34765625 0.675159375 0.365234375 0.6736890625 0.384765625 0.6717296875 0.4013671875 0.6683 0.419921875 0.6629109375 0.431640625 0.6575203125 0.451171875 0.6555609375 0.4658203125 0.65703125 0.4775390625 0.65703125 0.490234375 0.6634 0.49609375 0.67466875 0.4951171875 0.680059375 0.4912109375 0.6810390625 0.49609375 0.6829984375 0.5029296875
3 0.6560515625 0.451171875 0.661440625 0.4384765625 0.661440625 0.421875 0.661440625 0.4052734375 0.661440625 0.3818359375 0.6634 0.3603515625 0.665359375 0.333984375 0.66585 0.3076171875 0.6683 0.2822265625 0.6683 0.259765625 0.6634 0.2548828125 0.656540625 0.26953125 0.6511515625000001 0.2919921875 0.6491921875 0.3076171875 0.6467421875 0.3232421875 0.6423328125000001 0.345703125 0.640371875 0.3662109375 0.637921875 0.3818359375 0.6354734375 0.39453125 0.6305734375000001 0.4150390625 0.6286140625 0.4375 0.6256734374999999 0.451171875 0.6300828125 0.4580078125 0.6398828125 0.4736328125 0.6491921875 0.4716796875 0.6555609375 0.46484375 0.6560515625 0.451171875
4 0.6261640625 0.41015625 0.6261640625 0.3974609375 0.6261640625 0.38671875 0.626653125 0.361328125 0.62959375 0.3388671875 0.6300828125 0.314453125 0.6330234375 0.2880859375 0.6300828125 0.2626953125 0.6300828125 0.2470703125 0.6217546875 0.2470703125 0.6158750000000001 0.2529296875 0.6144046875 0.26953125 0.611465625 0.2890625 0.609015625 0.310546875 0.6099953124999999 0.3232421875 0.6070546875 0.34375 0.6050953125 0.3603515625 0.604115625 0.373046875 0.6011765625 0.3916015625 0.5952968750000001 0.4091796875 0.5918671875 0.4248046875 0.5918671875 0.435546875 0.5962765625 0.443359375 0.6011765625 0.451171875 0.60215625 0.4599609375 0.6070546875 0.4619140625 0.6173437500000001 0.4580078125 0.6232234375 0.4482421875 0.6261640625 0.43359375 0.6261640625 0.41015625
5 0.5957859375 0.3984375 0.596765625 0.376953125 0.59725625 0.34765625 0.599215625 0.318359375 0.6006859375 0.28125 0.6011765625 0.2548828125 0.5987265625 0.224609375 0.59235625 0.2119140625 0.5845171875 0.22265625 0.581578125 0.2392578125 0.5761875 0.265625 0.57471875 0.28515625 0.5712890625 0.3115234375 0.56736875 0.3330078125 0.56491875 0.357421875 0.5644296875 0.376953125 0.5624687500000001 0.39453125 0.561 0.41015625 0.5614890625 0.4248046875 0.5619796874999999 0.4365234375 0.56736875 0.443359375 0.5727578125 0.44140625 0.5850078125 0.44140625 0.5903968749999999 0.4296875 0.5933359375 0.4130859375 0.5957859375 0.3984375
6 0.5595296875 0.4033203125 0.5595296875 0.3857421875 0.5561 0.353515625 0.5561 0.3359375 0.5546296875000001 0.306640625 0.5546296875000001 0.28515625 0.5546296875000001 0.2666015625 0.5502203125 0.251953125 0.5433609374999999 0.25390625 0.5394421875 0.2607421875 0.537971875 0.2802734375 0.5369921875 0.2998046875 0.5369921875 0.3193359375 0.5369921875 0.3369140625 0.5369921875 0.3515625 0.5345421875 0.3779296875 0.5325828125000001 0.3984375 0.5320921875 0.416015625 0.5320921875 0.43359375 0.5384609375 0.4375 0.5482609375 0.4375 0.5575703125 0.435546875 0.5595296875 0.4228515625 0.5595296875 0.4033203125
7 0.5311125 0.3740234375 0.5301328125 0.35546875 0.5286625 0.326171875 0.5286625 0.29296875 0.5311125 0.26953125 0.5232734375 0.2626953125 0.5134734375 0.2685546875 0.5120046874999999 0.2890625 0.512984375 0.30859375 0.5115140625000001 0.330078125 0.510534375 0.3525390625 0.5095546875 0.3720703125 0.5075937500000001 0.3955078125 0.5080843749999999 0.4130859375 0.5080843749999999 0.43359375 0.5178828125 0.4326171875 0.5311125 0.4306640625 0.5311125 0.4150390625 0.5311125 0.3916015625 0.5311125 0.3740234375
8 0.508575 0.3515625 0.508575 0.33203125 0.5075937500000001 0.3076171875 0.5075937500000001 0.287109375 0.501715625 0.279296875 0.49730468749999995 0.28515625 0.4933859375 0.3037109375 0.4904453125 0.322265625 0.4879953125 0.3369140625 0.48603593749999996 0.349609375 0.48505624999999997 0.3662109375 0.484565625 0.380859375 0.48260625 0.4033203125 0.4821171875 0.416015625 0.48113593750000005 0.4306640625 0.49093593750000003 0.4326171875 0.5026953125 0.435546875 0.506125 0.4208984375 0.5066140625 0.4013671875 0.5066140625 0.380859375 0.508575 0.3515625
9 0.480646875 0.3857421875 0.4821171875 0.3583984375 0.4821171875 0.3271484375 0.48603593749999996 0.2939453125 0.487015625 0.2626953125 0.487015625 0.251953125 0.47770625000000005 0.2548828125 0.47182812500000004 0.279296875 0.4688875 0.30078125 0.466928125 0.310546875 0.4630078125 0.3369140625 0.46006875 0.3623046875 0.458109375 0.380859375 0.4566390625 0.392578125 0.45516875 0.40625 0.45320937499999997 0.4287109375 0.46006875 0.4296875 0.470846875 0.4365234375 0.480646875 0.4326171875 0.480646875 0.41015625 0.480646875 0.3857421875
10 0.45369843750000005 0.375 0.45320937499999997 0.3525390625 0.45026875000000005 0.3203125 0.4492890625 0.2861328125 0.44880000000000003 0.2646484375 0.4439 0.236328125 0.44292031249999997 0.2158203125 0.43459062499999995 0.1962890625 0.425771875 0.1953125 0.42283125000000005 0.205078125 0.4218515625 0.2373046875 0.42136250000000003 0.2685546875 0.42136250000000003 0.2958984375 0.42136250000000003 0.3193359375 0.42136250000000003 0.345703125 0.42283125000000005 0.3798828125 0.42283125000000005 0.3974609375 0.42283125000000005 0.412109375 0.42773125 0.4228515625 0.43459062499999995 0.435546875 0.4404703125 0.4443359375 0.44977968749999997 0.4326171875 0.45369843750000005 0.4169921875 0.45369843750000005 0.3994140625 0.45369843750000005 0.375
11 0.42283125000000005 0.40625 0.4198921875 0.388671875 0.415971875 0.37109375 0.41107343749999997 0.349609375 0.409603125 0.318359375 0.40372343749999995 0.287109375 0.40372343749999995 0.265625 0.398334375 0.244140625 0.3904953125 0.240234375 0.38804531249999996 0.24609375 0.3855953125 0.275390625 0.389025 0.2998046875 0.3904953125 0.326171875 0.390984375 0.3525390625 0.38804531249999996 0.3798828125 0.38804531249999996 0.40234375 0.38804531249999996 0.41796875 0.3900046875 0.43359375 0.391475 0.44921875 0.400784375 0.4501953125 0.41009375 0.4501953125 0.41940156249999994 0.4375 0.42283125000000005 0.421875 0.42283125000000005 0.40625
12 0.3875546875 0.416015625 0.382165625 0.39453125 0.3767765625 0.3701171875 0.373346875 0.345703125 0.37040625 0.3203125 0.368446875 0.2939453125 0.36550781250000003 0.2724609375 0.362078125 0.25 0.357178125 0.2353515625 0.34835937499999997 0.240234375 0.34541875 0.265625 0.34492968749999997 0.291015625 0.3488484375 0.330078125 0.35031875 0.35546875 0.35276874999999996 0.375 0.352278125 0.400390625 0.3561984375 0.4169921875 0.3561984375 0.4287109375 0.3601171875 0.455078125 0.3669765625 0.4677734375 0.3718765625 0.46875 0.3811859375 0.453125 0.3875546875 0.4443359375 0.389025 0.4326171875 0.3875546875 0.416015625
14 0.3419890625 0.4736328125 0.35031875 0.4775390625 0.357178125 0.4736328125 0.359628125 0.4609375 0.3581578125 0.44140625 0.3561984375 0.4267578125 0.3542375 0.416015625 0.3508078125 0.412109375 0.34786875 0.4052734375 0.3419890625 0.3935546875 0.3400296875 0.3828125 0.3375796875 0.37109375 0.3356203125 0.35546875 0.33415 0.34375 0.3307203125 0.3291015625 0.327290625 0.3095703125 0.32288125 0.2919921875 0.3189609375 0.2822265625 0.3101421875 0.283203125 0.3140625 0.296875 0.3140625 0.314453125 0.3170015625 0.333984375 0.3214109375 0.3642578125 0.3233703125 0.384765625 0.3189609375 0.388671875 0.3121015625 0.3740234375 0.3042625 0.357421875 0.30034375 0.341796875 0.2964234375 0.32421875 0.29005312499999997 0.3173828125 0.28564375000000003 0.3330078125 0.2871140625 0.345703125 0.2895640625 0.359375 0.292503125 0.37890625 0.2964234375 0.396484375 0.29789374999999996 0.4072265625 0.29936250000000003 0.4267578125 0.29936250000000003 0.4482421875 0.3008328125 0.474609375 0.3052421875 0.486328125 0.3150421875 0.4853515625 0.3194515625 0.4853515625 0.3282703125 0.4853515625 0.33464062499999997 0.4775390625 0.3419890625 0.4736328125
15 0.283684375 0.5166015625 0.2920140625 0.51171875 0.2964234375 0.5068359375 0.3008328125 0.4990234375 0.3013234375 0.4892578125 0.302303125 0.4775390625 0.29789374999999996 0.453125 0.29054375 0.4423828125 0.2846640625 0.423828125 0.278784375 0.4033203125 0.2758453125 0.390625 0.26849531249999997 0.3681640625 0.2577171875 0.3408203125 0.249878125 0.33984375 0.2479171875 0.345703125 0.25379687500000003 0.3681640625 0.2616359375 0.3935546875 0.2616359375 0.419921875 0.2572265625 0.4150390625 0.2528171875 0.404296875 0.249878125 0.390625 0.24448750000000002 0.376953125 0.2322390625 0.35546875 0.22587031249999998 0.3486328125 0.222440625 0.3642578125 0.22733906250000002 0.388671875 0.23321874999999997 0.4072265625 0.24056875 0.4453125 0.2464484375 0.4736328125 0.24742812500000003 0.4931640625 0.24742812500000003 0.5107421875 0.2542875 0.521484375 0.2601671875 0.529296875 0.27045625 0.529296875 0.2758453125 0.517578125 0.2782953125 0.509765625 0.283684375 0.5166015625
16 0.24301875 0.5458984375 0.2464484375 0.53125 0.2479171875 0.515625 0.2435078125 0.490234375 0.24154843750000002 0.478515625 0.2371390625 0.4580078125 0.23370937500000002 0.439453125 0.22733906250000002 0.4189453125 0.2209703125 0.39453125 0.21215156249999997 0.3720703125 0.2067609375 0.3720703125 0.2067609375 0.3837890625 0.21166093749999998 0.4091796875 0.210190625 0.435546875 0.2048015625 0.4287109375 0.20088124999999998 0.4111328125 0.1984328125 0.3955078125 0.1920625 0.3779296875 0.1842234375 0.3779296875 0.1842234375 0.4033203125 0.18569375 0.4326171875 0.1866734375 0.4521484375 0.1891234375 0.4814453125 0.1905921875 0.4990234375 0.1861828125 0.5185546875 0.1974515625 0.54296875 0.1999015625 0.548828125 0.207740625 0.5478515625 0.217540625 0.53125 0.22440000000000002 0.53515625 0.23321874999999997 0.5478515625 0.24301875 0.5458984375