17 0.5845171875 0.5673828125 0.5845171875 0.5947265625 0.5845171875 0.6142578125 0.603625 0.6142578125 0.6144046875 0.6064453125 0.6168546874999999 0.5849609375 0.6124453125 0.564453125 0.608525 0.5263671875 0.606565625 0.4970703125 0.60215625 0.4404296875 0.5933359375 0.4287109375 0.5845171875 0.4453125 0.5845171875 0.4912109375 0.5845171875 0.5283203125 0.5845171875 0.5673828125
30 0.43018124999999996 0.5673828125 0.42528125 0.6005859375 0.4287109375 0.615234375 0.4448796875 0.626953125 0.4610484375 0.62109375 0.4615390625 0.599609375 0.4615390625 0.5400390625 0.459578125 0.4990234375 0.457128125 0.4609375 0.45222968750000003 0.4189453125 0.4448796875 0.421875 0.4341015625 0.4423828125 0.43116093749999995 0.494140625 0.43018124999999996 0.5380859375 0.43018124999999996 0.5673828125
25 0.324840625 0.5625 0.324840625 0.5888671875 0.332190625 0.5966796875 0.3517890625 0.6064453125 0.373346875 0.6064453125 0.3811859375 0.5771484375 0.3811859375 0.5400390625 0.3762859375 0.5048828125 0.3718765625 0.4677734375 0.363546875 0.4375 0.3557078125 0.4169921875 0.34394843750000004 0.404296875 0.3351296875 0.4072265625 0.3287609375 0.439453125 0.3331703125 0.4853515625 0.3331703125 0.517578125 0.324840625 0.5625
27 0.26065625 0.44921875 0.2552671875 0.48828125 0.2577171875 0.5087890625 0.269475 0.5234375 0.29054375 0.54296875 0.3008328125 0.5048828125 0.3052421875 0.4697265625 0.31161249999999996 0.4228515625 0.316021875 0.380859375 0.3081828125 0.3544921875 0.2876046875 0.3564453125 0.28123437500000004 0.38671875 0.27290468749999997 0.4140625 0.26065625 0.44921875
3 0.3718765625 0.6669921875 0.37138593750000004 0.6904296875 0.37138593750000004 0.7177734375 0.37040625 0.744140625 0.3699171875 0.76953125 0.37138593750000004 0.7919921875 0.38020624999999997 0.787109375 0.3860859375 0.767578125 0.389515625 0.75 0.3904953125 0.740234375 0.3949046875 0.720703125 0.398334375 0.6953125 0.40029375 0.67578125 0.4056828125 0.6474609375 0.4061734375 0.623046875 0.402253125 0.609375 0.398334375 0.595703125 0.391475 0.59765625 0.3762859375 0.599609375 0.3718765625 0.6171875 0.3718765625 0.64453125 0.3718765625 0.6669921875
4 0.4086234375 0.65625 0.41058281250000006 0.669921875 0.41107343749999997 0.689453125 0.41107343749999997 0.712890625 0.41107343749999997 0.7412109375 0.41107343749999997 0.7646484375 0.41107343749999997 0.783203125 0.4164625 0.7939453125 0.42528125 0.76953125 0.43165156250000003 0.7392578125 0.43508125 0.7080078125 0.43459062499999995 0.693359375 0.4399796875 0.66796875 0.44439062500000004 0.6494140625 0.4453703125 0.630859375 0.4409609375 0.62890625 0.43655 0.623046875 0.42773125 0.6064453125 0.420871875 0.6044921875 0.41156249999999994 0.615234375 0.4056828125 0.623046875 0.4056828125 0.63671875 0.4086234375 0.65625
5 0.4439 0.703125 0.44585937500000006 0.724609375 0.44634999999999997 0.7431640625 0.45418906249999996 0.765625 0.4610484375 0.7958984375 0.466928125 0.810546875 0.4728078125 0.806640625 0.47427656249999994 0.7841796875 0.47182812500000004 0.771484375 0.47182812500000004 0.736328125 0.47182812500000004 0.7255859375 0.4728078125 0.6953125 0.4747671875 0.6669921875 0.4747671875 0.6435546875 0.4747671875 0.6240234375 0.46643749999999995 0.6279296875 0.44683906249999994 0.6337890625 0.443409375 0.6474609375 0.4439 0.6689453125 0.4439 0.703125
6 0.4762375 0.646484375 0.4772171875 0.6611328125 0.48015625 0.6767578125 0.48162656249999997 0.6923828125 0.48260625 0.7099609375 0.4835859375 0.728515625 0.4879953125 0.7529296875 0.48995625 0.7734375 0.4953453125 0.79296875 0.5007343750000001 0.79296875 0.4997546875 0.765625 0.4997546875 0.748046875 0.4997546875 0.7275390625 0.4997546875 0.70703125 0.498284375 0.6826171875 0.501715625 0.66015625 0.5026953125 0.638671875 0.5026953125 0.6220703125 0.49436562500000003 0.6220703125 0.4835859375 0.6220703125 0.47525781250000004 0.625 0.47525781250000004 0.6357421875 0.4762375 0.646484375
7 0.506125 0.67578125 0.5080843749999999 0.6962890625 0.5080843749999999 0.716796875 0.5095546875 0.734375 0.51249375 0.7587890625 0.5139640625 0.7802734375 0.5203328125 0.783203125 0.521803125 0.763671875 0.5213125 0.7353515625 0.521803125 0.7080078125 0.5232734375 0.6845703125 0.5267031249999999 0.658203125 0.5267031249999999 0.6328125 0.5267031249999999 0.6162109375 0.5139640625 0.6201171875 0.5041640625 0.6220703125 0.5041640625 0.63671875 0.5051453125 0.65625 0.506125 0.67578125
8 0.528171875 0.6669921875 0.5296421875 0.69140625 0.5296421875 0.712890625 0.533071875 0.7333984375 0.5345421875 0.7548828125 0.5384609375 0.7705078125 0.544340625 0.7685546875 0.5472812499999999 0.748046875 0.5477703125 0.7197265625 0.5477703125 0.6953125 0.5482609375 0.671875 0.5482609375 0.654296875 0.5458109375 0.62890625 0.5433609374999999 0.6181640625 0.5365015625 0.6142578125 0.5276828124999999 0.6142578125 0.5276828124999999 0.626953125 0.528171875 0.6513671875 0.528171875 0.6669921875
9 0.5482609375 0.642578125 0.54973125 0.66015625 0.5507109375 0.6796875 0.555609375 0.7080078125 0.5575703125 0.732421875 0.5595296875 0.75390625 0.560509375 0.7763671875 0.56345 0.80078125 0.569328125 0.8125 0.574228125 0.80078125 0.5761875 0.779296875 0.5776578125 0.755859375 0.5761875 0.7314453125 0.574228125 0.7109375 0.5737390625 0.685546875 0.5756984375 0.6611328125 0.5756984375 0.6435546875 0.5737390625 0.6220703125 0.567859375 0.62109375 0.558059375 0.6181640625 0.54875 0.619140625 0.5482609375 0.6298828125 0.5482609375 0.642578125
10 0.5781484375 0.66796875 0.5796171875 0.6904296875 0.5820671875000001 0.7099609375 0.5825578124999999 0.73046875 0.5859875 0.748046875 0.5859875 0.7666015625 0.5913765625 0.783203125 0.59725625 0.79296875 0.6031359375 0.7900390625 0.6060749999999999 0.779296875 0.6060749999999999 0.7587890625 0.6050953125 0.7392578125 0.6050953125 0.7177734375 0.6050953125 0.6982421875 0.6050953125 0.6787109375 0.60460625 0.65234375 0.6031359375 0.6357421875 0.6031359375 0.615234375 0.592846875 0.615234375 0.57716875 0.615234375 0.5756984375 0.625 0.57716875 0.64453125 0.5781484375 0.66796875
11 0.604115625 0.623046875 0.604115625 0.6357421875 0.6055859375 0.6474609375 0.609015625 0.658203125 0.6124453125 0.671875 0.6144046875 0.689453125 0.615384375 0.7021484375 0.6178343749999999 0.720703125 0.61979375 0.7412109375 0.62224375 0.7626953125 0.625184375 0.7802734375 0.6310625 0.77734375 0.6335124999999999 0.748046875 0.6335124999999999 0.7255859375 0.63204375 0.712890625 0.63204375 0.693359375 0.63204375 0.6708984375 0.6330234375 0.654296875 0.634003125 0.640625 0.6344921875 0.6201171875 0.6325328125 0.609375 0.6276328125 0.6025390625 0.6173437500000001 0.603515625 0.6139140624999999 0.607421875 0.6060749999999999 0.6142578125 0.604115625 0.623046875
15 0.6834890625 0.6171875 0.6795687499999999 0.6259765625 0.6732 0.638671875 0.6741796875 0.654296875 0.6766296875 0.662109375 0.681528125 0.6689453125 0.6918171875 0.673828125 0.7035765625 0.677734375 0.7128859375000001 0.685546875 0.7261140625 0.6943359375 0.7354234374999999 0.701171875 0.746203125 0.705078125 0.7535515625 0.705078125 0.7613921875 0.7001953125 0.7613921875 0.6630859375 0.75943125 0.65625 0.7486531249999999 0.640625 0.7408140624999999 0.6328125 0.730525 0.609375 0.7241546875 0.59765625 0.718765625 0.5888671875 0.7128859375000001 0.578125 0.70700625 0.5712890625 0.6986765625 0.5712890625 0.6883874999999999 0.578125 0.6849578125 0.5888671875 0.68446875 0.6025390625 0.6834890625 0.6171875
16 0.727584375 0.525390625 0.727584375 0.537109375 0.728075 0.5439453125 0.7226843749999999 0.5439453125 0.7158249999999999 0.5458984375 0.70945625 0.552734375 0.70945625 0.56640625 0.7109265625 0.5732421875 0.716315625 0.58203125 0.723175 0.59375 0.730034375 0.603515625 0.7378734375 0.611328125 0.7457125 0.626953125 0.7515921875 0.638671875 0.75943125 0.650390625 0.7672703125 0.6572265625 0.7795203125 0.66015625 0.7858890625 0.66015625 0.792259375 0.64453125 0.792259375 0.62890625 0.7873593750000001 0.611328125 0.780009375 0.5927734375 0.7721703125 0.578125 0.7672703125 0.5625 0.76188125 0.5458984375 0.7584515625 0.52734375 0.752571875 0.5126953125 0.7476734375 0.5107421875 0.7422828124999999 0.5107421875 0.736403125 0.5107421875 0.7310140625 0.5166015625 0.727584375 0.525390625