17 0.41548281249999997 0.5947265625 0.41548281249999997 0.5673828125 0.41548281249999997 0.5283203125 0.41548281249999997 0.4912109375 0.41548281249999997 0.4453125 0.4066640625 0.4287109375 0.39784375 0.4404296875 0.393434375 0.4970703125 0.391475 0.5263671875 0.3875546875 0.564453125 0.3831453125 0.5849609375 0.3855953125 0.6064453125 0.39637500000000003 0.6142578125 0.41548281249999997 0.6142578125 0.41548281249999997 0.5947265625
30 0.57471875 0.6005859375 0.56981875 0.5673828125 0.56981875 0.5380859375 0.5688390625 0.494140625 0.5658984375 0.4423828125 0.5551203124999999 0.421875 0.5477703125 0.4189453125 0.542871875 0.4609375 0.540421875 0.4990234375 0.5384609375 0.5400390625 0.5384609375 0.599609375 0.5389515625 0.62109375 0.5551203124999999 0.626953125 0.5712890625 0.615234375 0.57471875 0.6005859375
25 0.6482109375 0.6064453125 0.667809375 0.5966796875 0.675159375 0.5888671875 0.675159375 0.5625 0.6668296875 0.517578125 0.6668296875 0.4853515625 0.6712390625 0.439453125 0.6648703125 0.4072265625 0.6560515625 0.404296875 0.6442921875 0.4169921875 0.636453125 0.4375 0.6281234375 0.4677734375 0.6237140625 0.5048828125 0.6188140625 0.5400390625 0.6188140625 0.5771484375 0.626653125 0.6064453125 0.6482109375 0.6064453125
27 0.73934375 0.44921875 0.7270953125 0.4140625 0.718765625 0.38671875 0.7123953125 0.3564453125 0.6918171875 0.3544921875 0.683978125 0.380859375 0.6883874999999999 0.4228515625 0.6947578125 0.4697265625 0.6991671875 0.5048828125 0.70945625 0.54296875 0.730525 0.5234375 0.7422828124999999 0.5087890625 0.7447328125 0.48828125 0.73934375 0.44921875
3 0.610484375 0.75 0.6139140624999999 0.767578125 0.61979375 0.787109375 0.6286140625 0.7919921875 0.6300828125 0.76953125 0.62959375 0.744140625 0.6286140625 0.7177734375 0.6286140625 0.6904296875 0.6281234375 0.6669921875 0.6281234375 0.64453125 0.6281234375 0.6171875 0.6237140625 0.599609375 0.608525 0.59765625 0.601665625 0.595703125 0.597746875 0.609375 0.5938265625 0.623046875 0.5943171875 0.6474609375 0.59970625 0.67578125 0.601665625 0.6953125 0.6050953125 0.720703125 0.6095046875000001 0.740234375 0.610484375 0.75
4 0.5683484375 0.7392578125 0.57471875 0.76953125 0.5835375 0.7939453125 0.5889265625 0.783203125 0.5889265625 0.7646484375 0.5889265625 0.7412109375 0.5889265625 0.712890625 0.5889265625 0.689453125 0.5894171874999999 0.669921875 0.5913765625 0.65625 0.5943171875 0.63671875 0.5943171875 0.623046875 0.5884375000000001 0.615234375 0.579128125 0.6044921875 0.57226875 0.6064453125 0.56345 0.623046875 0.5590390625 0.62890625 0.5546296875000001 0.630859375 0.555609375 0.6494140625 0.5600203125000001 0.66796875 0.565409375 0.693359375 0.56491875 0.7080078125 0.5683484375 0.7392578125
5 0.5271921875000001 0.806640625 0.533071875 0.810546875 0.5389515625 0.7958984375 0.5458109375 0.765625 0.55365 0.7431640625 0.5541406249999999 0.724609375 0.5561 0.703125 0.5561 0.6689453125 0.556590625 0.6474609375 0.5531609375000001 0.6337890625 0.5335625 0.6279296875 0.5252328125 0.6240234375 0.5252328125 0.6435546875 0.5252328125 0.6669921875 0.5271921875000001 0.6953125 0.528171875 0.7255859375 0.528171875 0.736328125 0.528171875 0.771484375 0.5257234375000001 0.7841796875 0.5271921875000001 0.806640625
6 0.49926562499999994 0.79296875 0.5046546875 0.79296875 0.51004375 0.7734375 0.5120046874999999 0.7529296875 0.5164140625 0.728515625 0.51739375 0.7099609375 0.5183734375 0.6923828125 0.5198437499999999 0.6767578125 0.5227828125 0.6611328125 0.5237625 0.646484375 0.5247421875 0.6357421875 0.5247421875 0.625 0.5164140625 0.6220703125 0.505634375 0.6220703125 0.49730468749999995 0.6220703125 0.49730468749999995 0.638671875 0.498284375 0.66015625 0.501715625 0.6826171875 0.5002453124999999 0.70703125 0.5002453124999999 0.7275390625 0.5002453124999999 0.748046875 0.5002453124999999 0.765625 0.49926562499999994 0.79296875
7 0.48603593749999996 0.7802734375 0.48750625000000003 0.7587890625 0.4904453125 0.734375 0.491915625 0.716796875 0.491915625 0.6962890625 0.49387499999999995 0.67578125 0.4948546875 0.65625 0.4958359375 0.63671875 0.4958359375 0.6220703125 0.48603593749999996 0.6201171875 0.47329687500000006 0.6162109375 0.47329687500000006 0.6328125 0.47329687500000006 0.658203125 0.4767265625 0.6845703125 0.47819687499999997 0.7080078125 0.47868750000000004 0.7353515625 0.47819687499999997 0.763671875 0.47966718750000004 0.783203125 0.48603593749999996 0.7802734375
8 0.4615390625 0.7705078125 0.46545781249999996 0.7548828125 0.466928125 0.7333984375 0.47035781249999997 0.712890625 0.47035781249999997 0.69140625 0.47182812500000004 0.6669921875 0.47182812500000004 0.6513671875 0.4723171875 0.626953125 0.4723171875 0.6142578125 0.4634984375 0.6142578125 0.4566390625 0.6181640625 0.45418906249999996 0.62890625 0.4517390625 0.654296875 0.4517390625 0.671875 0.45222968750000003 0.6953125 0.45222968750000003 0.7197265625 0.45271875 0.748046875 0.45565937500000003 0.7685546875 0.4615390625 0.7705078125
9 0.425771875 0.80078125 0.430671875 0.8125 0.43655 0.80078125 0.439490625 0.7763671875 0.4404703125 0.75390625 0.44242968749999995 0.732421875 0.44439062500000004 0.7080078125 0.4492890625 0.6796875 0.45026875000000005 0.66015625 0.4517390625 0.642578125 0.4517390625 0.6298828125 0.45125000000000004 0.619140625 0.441940625 0.6181640625 0.432140625 0.62109375 0.42626093750000005 0.6220703125 0.4243015625 0.6435546875 0.4243015625 0.6611328125 0.42626093750000005 0.685546875 0.425771875 0.7109375 0.42381250000000004 0.7314453125 0.42234218749999997 0.755859375 0.42381250000000004 0.779296875 0.425771875 0.80078125
10 0.39392499999999997 0.779296875 0.3968640625 0.7900390625 0.40274374999999996 0.79296875 0.4086234375 0.783203125 0.4140125 0.7666015625 0.4140125 0.748046875 0.4174421875 0.73046875 0.4179328125 0.7099609375 0.42038281250000004 0.6904296875 0.4218515625 0.66796875 0.42283125000000005 0.64453125 0.4243015625 0.625 0.42283125000000005 0.615234375 0.40715312499999995 0.615234375 0.3968640625 0.615234375 0.3968640625 0.6357421875 0.39539375 0.65234375 0.3949046875 0.6787109375 0.3949046875 0.6982421875 0.3949046875 0.7177734375 0.3949046875 0.7392578125 0.39392499999999997 0.7587890625 0.39392499999999997 0.779296875
11 0.36648749999999997 0.748046875 0.36893750000000003 0.77734375 0.374815625 0.7802734375 0.37775625 0.7626953125 0.38020624999999997 0.7412109375 0.382165625 0.720703125 0.384615625 0.7021484375 0.3855953125 0.689453125 0.3875546875 0.671875 0.390984375 0.658203125 0.3944140625 0.6474609375 0.395884375 0.6357421875 0.395884375 0.623046875 0.39392499999999997 0.6142578125 0.3860859375 0.607421875 0.38265625000000003 0.603515625 0.3723671875 0.6025390625 0.3674671875 0.609375 0.36550781250000003 0.6201171875 0.365996875 0.640625 0.3669765625 0.654296875 0.36795625 0.6708984375 0.36795625 0.693359375 0.36795625 0.712890625 0.36648749999999997 0.7255859375 0.36648749999999997 0.748046875
15 0.23860781250000002 0.6630859375 0.23860781250000002 0.7001953125 0.2464484375 0.705078125 0.25379687500000003 0.705078125 0.2645765625 0.701171875 0.2738859375 0.6943359375 0.2871140625 0.685546875 0.2964234375 0.677734375 0.3081828125 0.673828125 0.318471875 0.6689453125 0.3233703125 0.662109375 0.3258203125 0.654296875 0.3268 0.638671875 0.32043125 0.6259765625 0.31651093750000003 0.6171875 0.31553125 0.6025390625 0.3150421875 0.5888671875 0.31161249999999996 0.578125 0.3013234375 0.5712890625 0.29299375 0.5712890625 0.2871140625 0.578125 0.28123437500000004 0.5888671875 0.2758453125 0.59765625 0.269475 0.609375 0.25918593749999996 0.6328125 0.25134687499999997 0.640625 0.24056875 0.65625 0.23860781250000002 0.6630859375
16 0.207740625 0.64453125 0.21411093750000001 0.66015625 0.2204796875 0.66015625 0.2327296875 0.6572265625 0.24056875 0.650390625 0.2484078125 0.638671875 0.2542875 0.626953125 0.2621265625 0.611328125 0.269965625 0.603515625 0.276825 0.59375 0.283684375 0.58203125 0.28907343750000003 0.5732421875 0.29054375 0.56640625 0.29054375 0.552734375 0.284175 0.5458984375 0.277315625 0.5439453125 0.27192500000000003 0.5439453125 0.272415625 0.537109375 0.272415625 0.525390625 0.2689859375 0.5166015625 0.263596875 0.5107421875 0.2577171875 0.5107421875 0.2523265625 0.5107421875 0.24742812500000003 0.5126953125 0.24154843750000002 0.52734375 0.23811875 0.5458984375 0.2327296875 0.5625 0.22782968750000002 0.578125 0.21999062500000002 0.5927734375 0.212640625 0.611328125 0.207740625 0.62890625 0.207740625 0.64453125