25 0.680059375 0.5673828125 0.6785890625000001 0.5322265625 0.6732 0.48828125 0.67711875 0.4384765625 0.68201875 0.4052734375 0.68201875 0.3642578125 0.6609499999999999 0.3525390625 0.6325328125 0.369140625 0.638903125 0.373046875 0.6384125 0.4013671875 0.6300828125 0.4501953125 0.6300828125 0.513671875 0.624203125 0.5302734375 0.624203125 0.5673828125 0.6447812500000001 0.576171875 0.6683 0.576171875 0.680059375 0.5673828125
13 0.32778125 0.5087890625 0.32925 0.4765625 0.3194515625 0.4404296875 0.316021875 0.4013671875 0.304753125 0.369140625 0.29005312499999997 0.3466796875 0.276825 0.357421875 0.28564375000000003 0.396484375 0.28662343749999997 0.4326171875 0.291034375 0.4765625 0.291034375 0.5078125 0.2983828125 0.5263671875 0.30867187500000004 0.5390625 0.3219015625 0.537109375 0.32778125 0.5087890625
18 0.39539375 0.5791015625 0.40274374999999996 0.5712890625 0.4125421875 0.5537109375 0.4125421875 0.517578125 0.40519375 0.4677734375 0.40274374999999996 0.4345703125 0.39784375 0.3896484375 0.3924546875 0.36328125 0.382165625 0.36328125 0.37432656249999996 0.3701171875 0.37432656249999996 0.4013671875 0.37432656249999996 0.4501953125 0.37285625 0.4814453125 0.37285625 0.51171875 0.37138593750000004 0.546875 0.37138593750000004 0.5673828125 0.384615625 0.58203125 0.39539375 0.5791015625
28 0.7682515624999999 0.62890625 0.7741296875 0.640625 0.780009375 0.6494140625 0.7873593750000001 0.6572265625 0.7976484375 0.6669921875 0.8020578125 0.6689453125 0.8064671875 0.66015625 0.8045078125 0.6494140625 0.8020578125 0.638671875 0.7951984375000001 0.625 0.79176875 0.60546875 0.7883390625 0.58984375 0.7863796875 0.5712890625 0.7805 0.546875 0.7765796875000001 0.53515625 0.7726609375 0.513671875 0.7687406250000001 0.4990234375 0.764821875 0.4912109375 0.7560015625000001 0.4912109375 0.751103125 0.4970703125 0.7457125 0.5068359375 0.738853125 0.517578125 0.7324843750000001 0.525390625 0.7290546875 0.5341796875 0.7324843750000001 0.548828125 0.73689375 0.5625 0.7432624999999999 0.5712890625 0.7491421875000001 0.5830078125 0.7530625 0.607421875 0.7584515625 0.6181640625 0.7682515624999999 0.62890625
0 0.6918171875 0.625 0.7006375 0.6337890625 0.7109265625 0.642578125 0.7202359375 0.6630859375 0.7324843750000001 0.685546875 0.7447328125 0.69921875 0.7579625 0.703125 0.7702109375 0.712890625 0.7814796875 0.7060546875 0.7854 0.703125 0.7854 0.6826171875 0.78295 0.6650390625 0.7760906249999999 0.6484375 0.7726609375 0.640625 0.7658015625 0.6279296875 0.7579625 0.61328125 0.7530625 0.599609375 0.7491421875000001 0.58203125 0.74179375 0.57421875 0.7359140625 0.5634765625 0.7324843750000001 0.5517578125 0.728075 0.544921875 0.723175 0.5400390625 0.718765625 0.537109375 0.7104359375 0.5380859375 0.7065171875 0.548828125 0.7050468750000001 0.556640625 0.6996578125 0.564453125 0.6893671875 0.57421875 0.6829984375 0.5849609375 0.6825078125 0.595703125 0.6829984375 0.609375 0.6918171875 0.625
5 0.55855 0.7626953125 0.5624687500000001 0.779296875 0.571778125 0.779296875 0.5752078125 0.76953125 0.579128125 0.7470703125 0.5781484375 0.71875 0.5781484375 0.693359375 0.5781484375 0.6689453125 0.5781484375 0.638671875 0.5781484375 0.6171875 0.5776578125 0.5966796875 0.576678125 0.583984375 0.569328125 0.580078125 0.555609375 0.5810546875 0.5458109375 0.5810546875 0.544340625 0.6025390625 0.544340625 0.6220703125 0.5463015625 0.6357421875 0.5477703125 0.66796875 0.5511999999999999 0.6865234375 0.551690625 0.7158203125 0.5541406249999999 0.740234375 0.55855 0.7626953125
6 0.5252328125 0.7431640625 0.5286625 0.7490234375 0.533071875 0.7509765625 0.5360125 0.740234375 0.5384609375 0.7216796875 0.540421875 0.697265625 0.5409109375 0.67578125 0.5414015625 0.654296875 0.54238125 0.62890625 0.542871875 0.611328125 0.544340625 0.5966796875 0.542871875 0.583984375 0.5311125 0.583984375 0.5193531250000001 0.58984375 0.512984375 0.595703125 0.512984375 0.6162109375 0.514453125 0.6376953125 0.5183734375 0.654296875 0.5188640625 0.6728515625 0.5188640625 0.689453125 0.5208234375 0.7080078125 0.5227828125 0.7255859375 0.5252328125 0.7431640625
7 0.5134734375 0.7353515625 0.5115140625000001 0.7041015625 0.5095546875 0.6748046875 0.5095546875 0.6533203125 0.5110234375 0.62890625 0.5115140625000001 0.6005859375 0.505634375 0.59375 0.496325 0.5947265625 0.485546875 0.59375 0.487015625 0.6123046875 0.48848593749999997 0.630859375 0.48995625 0.65234375 0.491915625 0.6806640625 0.4948546875 0.703125 0.498775 0.7265625 0.503675 0.736328125 0.5134734375 0.7353515625
8 0.4683984375 0.7314453125 0.47329687500000006 0.7421875 0.480646875 0.7431640625 0.484565625 0.7333984375 0.4835859375 0.7021484375 0.4821171875 0.6748046875 0.4821171875 0.654296875 0.4835859375 0.6416015625 0.484565625 0.623046875 0.48652656250000004 0.6083984375 0.48652656250000004 0.595703125 0.4767265625 0.59375 0.4679078125 0.59375 0.464478125 0.59375 0.457128125 0.5927734375 0.457128125 0.60546875 0.459578125 0.6181640625 0.4630078125 0.6435546875 0.4659484375 0.6650390625 0.4659484375 0.685546875 0.466928125 0.7001953125 0.466928125 0.7197265625 0.4683984375 0.7314453125
9 0.4517390625 0.73828125 0.458109375 0.73828125 0.45859843749999996 0.7265625 0.45859843749999996 0.7060546875 0.45859843749999996 0.6767578125 0.458109375 0.6513671875 0.45859843749999996 0.630859375 0.45859843749999996 0.611328125 0.45859843749999996 0.595703125 0.4439 0.5947265625 0.437040625 0.59765625 0.4287109375 0.59765625 0.429690625 0.615234375 0.43263125 0.6376953125 0.4341015625 0.66015625 0.437040625 0.6826171875 0.4399796875 0.703125 0.44145 0.716796875 0.4448796875 0.7353515625 0.4517390625 0.73828125
10 0.40372343749999995 0.76953125 0.40274374999999996 0.7978515625 0.403234375 0.82421875 0.41156249999999994 0.8251953125 0.4179328125 0.818359375 0.42038281250000004 0.806640625 0.42381250000000004 0.783203125 0.42381250000000004 0.7568359375 0.42528125 0.7353515625 0.42528125 0.7158203125 0.425771875 0.6943359375 0.425771875 0.666015625 0.42626093750000005 0.646484375 0.42822187500000003 0.619140625 0.429690625 0.6083984375 0.425771875 0.59765625 0.4218515625 0.591796875 0.415971875 0.587890625 0.41156249999999994 0.587890625 0.4017640625 0.5908203125 0.39784375 0.6005859375 0.3944140625 0.6162109375 0.39539375 0.63671875 0.398334375 0.6611328125 0.400784375 0.69140625 0.40372343749999995 0.7197265625 0.40372343749999995 0.7412109375 0.40372343749999995 0.76953125
11 0.3630578125 0.7568359375 0.3615875 0.7861328125 0.3615875 0.802734375 0.37138593750000004 0.8115234375 0.3787359375 0.798828125 0.38020624999999997 0.7763671875 0.3811859375 0.7568359375 0.384125 0.734375 0.3860859375 0.716796875 0.3875546875 0.689453125 0.389515625 0.666015625 0.393434375 0.6513671875 0.39539375 0.630859375 0.395884375 0.6123046875 0.3924546875 0.603515625 0.3860859375 0.5966796875 0.37775625 0.59375 0.36795625 0.60546875 0.362078125 0.6142578125 0.36060781249999996 0.62890625 0.363546875 0.658203125 0.3645265625 0.6845703125 0.3650171875 0.705078125 0.3650171875 0.7294921875 0.3630578125 0.7568359375