2 0.490234375 0.2533078125 0.466796875 0.258696875 0.4345703125 0.28123437500000004 0.4345703125 0.29495312500000004 0.484375 0.3032828125 0.5439453125 0.3032828125 0.5869140625 0.3032828125 0.6181640625 0.302303125 0.630859375 0.2876046875 0.5732421875 0.2797640625 0.53515625 0.2670265625 0.490234375 0.2533078125
13 0.490234375 0.30034375 0.4580078125 0.30034375 0.423828125 0.3057328125 0.423828125 0.324840625 0.423828125 0.3419890625 0.443359375 0.3517890625 0.48828125 0.3508078125 0.5390625 0.347378125 0.58203125 0.3419890625 0.6103515625 0.33022968750000004 0.583984375 0.31749218749999997 0.5185546875 0.3121015625 0.490234375 0.30034375
17 0.486328125 0.382165625 0.525390625 0.382165625 0.54296875 0.3811859375 0.5712890625 0.3811859375 0.591796875 0.37285625 0.599609375 0.363546875 0.5625 0.362078125 0.53515625 0.35766718750000004 0.5126953125 0.3561984375 0.4775390625 0.354728125 0.45703125 0.35276874999999996 0.4326171875 0.3517890625 0.416015625 0.3517890625 0.4013671875 0.352278125 0.4052734375 0.359628125 0.408203125 0.370896875 0.4228515625 0.3767765625 0.4423828125 0.381675 0.4609375 0.382165625 0.486328125 0.382165625
18 0.552734375 0.3998046875 0.552734375 0.388534375 0.5234375 0.384615625 0.4775390625 0.38265625000000003 0.44140625 0.38265625000000003 0.4208984375 0.38265625000000003 0.396484375 0.38265625000000003 0.3955078125 0.39294531250000003 0.3955078125 0.40372343749999995 0.408203125 0.41695312500000004 0.443359375 0.41842187500000005 0.4755859375 0.41009375 0.4970703125 0.41009375 0.517578125 0.4061734375 0.5400390625 0.4017640625 0.552734375 0.3998046875
19 0.48828125 0.4404703125 0.5244140625 0.4385109375 0.546875 0.4355703125 0.5673828125 0.4292015625 0.568359375 0.4198921875 0.53125 0.4164625 0.494140625 0.415971875 0.4638671875 0.415971875 0.4443359375 0.415971875 0.4248046875 0.415971875 0.41015625 0.415971875 0.39453125 0.415971875 0.3818359375 0.4287109375 0.39453125 0.4341015625 0.400390625 0.4399796875 0.412109375 0.443409375 0.4345703125 0.441940625 0.4609375 0.441940625 0.48828125 0.4404703125
20 0.53515625 0.4723171875 0.5556640625 0.469378125 0.5703125 0.46496875 0.5693359375 0.46006875 0.5419921875 0.45125000000000004 0.513671875 0.4492890625 0.4697265625 0.4473296875 0.4453125 0.44634999999999997 0.4228515625 0.44585937500000006 0.3984375 0.44585937500000006 0.388671875 0.4561484375 0.3828125 0.46545781249999996 0.3896484375 0.4713375 0.412109375 0.47182812500000004 0.43359375 0.4723171875 0.4658203125 0.4723171875 0.5029296875 0.4723171875 0.53515625 0.4723171875
21 0.548828125 0.506125 0.5693359375 0.496325 0.5654296875 0.47966718750000004 0.529296875 0.47966718750000004 0.498046875 0.47868750000000004 0.462890625 0.4747671875 0.4365234375 0.4747671875 0.408203125 0.4747671875 0.3828125 0.4747671875 0.3828125 0.4904453125 0.3857421875 0.5051453125 0.423828125 0.510534375 0.44140625 0.5110234375 0.4609375 0.5110234375 0.48828125 0.5120046874999999 0.52734375 0.51004375 0.548828125 0.506125
22 0.5361328125 0.5482609375 0.5615234375 0.544340625 0.580078125 0.5320921875 0.580078125 0.5198437499999999 0.5390625 0.5198437499999999 0.5 0.5178828125 0.4501953125 0.5139640625 0.42578125 0.5134734375 0.404296875 0.5134734375 0.3798828125 0.5134734375 0.376953125 0.5267031249999999 0.376953125 0.53748125 0.3828125 0.54875 0.40625 0.549240625 0.4296875 0.549240625 0.455078125 0.54875 0.4970703125 0.54875 0.5361328125 0.5482609375
30 0.54296875 0.56981875 0.5625 0.5639390625 0.560546875 0.5561 0.533203125 0.5526703125 0.50390625 0.5526703125 0.4697265625 0.5526703125 0.44140625 0.5511999999999999 0.41796875 0.54973125 0.3974609375 0.54973125 0.3935546875 0.5575703125 0.3896484375 0.567859375 0.4052734375 0.5756984375 0.427734375 0.576678125 0.458984375 0.576678125 0.494140625 0.574228125 0.521484375 0.5727578125 0.54296875 0.56981875
29 0.54296875 0.6050953125 0.57421875 0.6001953125 0.5859375 0.5918671875 0.5947265625 0.5859875 0.5634765625 0.5786374999999999 0.5166015625 0.5786374999999999 0.482421875 0.5786374999999999 0.455078125 0.5786374999999999 0.4306640625 0.5781484375 0.40625 0.5781484375 0.3955078125 0.5869671875 0.3984375 0.5957859375 0.4130859375 0.6006859375 0.4033203125 0.609015625 0.43359375 0.609015625 0.4658203125 0.609015625 0.5107421875 0.6050953125 0.54296875 0.6050953125
23 0.4697265625 0.6330234375 0.4990234375 0.6330234375 0.5390625 0.6330234375 0.5595703125 0.631553125 0.580078125 0.624203125 0.583984375 0.6168546874999999 0.55078125 0.6168546874999999 0.5205078125 0.613425 0.4990234375 0.611465625 0.4794921875 0.609015625 0.4580078125 0.608525 0.4345703125 0.6080359375 0.408203125 0.6080359375 0.3974609375 0.6124453125 0.3974609375 0.61979375 0.3955078125 0.6281234375 0.4013671875 0.6349828125 0.421875 0.6335124999999999 0.4443359375 0.6330234375 0.4697265625 0.6330234375
24 0.552734375 0.6521312499999999 0.5712890625 0.6491921875 0.587890625 0.6442921875 0.5869140625 0.6325328125 0.5615234375 0.6330234375 0.5361328125 0.6344921875 0.49609375 0.6344921875 0.474609375 0.6344921875 0.4404296875 0.6344921875 0.4189453125 0.6344921875 0.408203125 0.6438015625 0.4091796875 0.6560515625 0.423828125 0.663890625 0.4482421875 0.6604609375 0.4697265625 0.6604609375 0.49609375 0.6575203125 0.5263671875 0.6575203125 0.552734375 0.6521312499999999
25 0.548828125 0.697696875 0.5751953125 0.6903484375 0.5888671875 0.6859375 0.6015625 0.6795687499999999 0.5927734375 0.67075 0.5537109375 0.6668296875 0.5234375 0.6648703125 0.4990234375 0.6648703125 0.4697265625 0.6634 0.4453125 0.6624203125 0.4228515625 0.6634 0.4189453125 0.6761390625 0.4248046875 0.6942671875 0.4306640625 0.7055359375 0.4462890625 0.7079859374999999 0.46875 0.7079859374999999 0.4892578125 0.7055359375 0.5166015625 0.700146875 0.548828125 0.697696875
26 0.595703125 0.7270953125 0.611328125 0.716315625 0.619140625 0.7084765625 0.6123046875 0.7030875 0.599609375 0.7035765625 0.57421875 0.7035765625 0.52734375 0.7050468750000001 0.50390625 0.707496875 0.4677734375 0.70945625 0.4423828125 0.7123953125 0.4423828125 0.7217046875 0.4521484375 0.7329734375 0.462890625 0.743753125 0.4658203125 0.7506125 0.486328125 0.752571875 0.5107421875 0.7476734375 0.5361328125 0.7408140624999999 0.5654296875 0.734934375 0.595703125 0.7270953125
28 0.33203125 0.81185625 0.341796875 0.8143062499999999 0.3515625 0.8143062499999999 0.36328125 0.8133265625 0.3779296875 0.809896875 0.3935546875 0.8040171875000001 0.4091796875 0.7981374999999999 0.421875 0.7947078125 0.431640625 0.792259375 0.4423828125 0.789809375 0.447265625 0.7863796875 0.453125 0.7819703125 0.4501953125 0.773640625 0.4423828125 0.7658015625 0.431640625 0.762371875 0.4208984375 0.75943125 0.4140625 0.7555125 0.4052734375 0.7515921875 0.38671875 0.7491421875000001 0.3740234375 0.7491421875000001 0.3583984375 0.7564921874999999 0.3525390625 0.764821875 0.34375 0.7706999999999999 0.3369140625 0.7765796875000001 0.322265625 0.78441875 0.31640625 0.7932390625 0.31640625 0.8020578125 0.32421875 0.8089171875 0.33203125 0.81185625
0 0.267578125 0.7427734375 0.2646484375 0.7491421875000001 0.267578125 0.7555125 0.279296875 0.7564921874999999 0.2978515625 0.7579625 0.3076171875 0.7579625 0.32421875 0.7579625 0.341796875 0.7545328125 0.361328125 0.7515921875 0.380859375 0.7501218749999999 0.39453125 0.7501218749999999 0.4111328125 0.7486531249999999 0.427734375 0.7457125 0.44140625 0.743753125 0.4384765625 0.73199375 0.43359375 0.7241546875 0.4296875 0.7197453125 0.4296875 0.7138656250000001 0.427734375 0.7040671875 0.41796875 0.700146875 0.400390625 0.6981875 0.384765625 0.7016171875 0.3671875 0.707496875 0.34765625 0.7109265625 0.33203125 0.7148453124999999 0.318359375 0.718765625 0.3037109375 0.7246453125000001 0.2919921875 0.72954375 0.27734375 0.73689375 0.267578125 0.7427734375
1 0.2509765625 0.6981875 0.2666015625 0.6942671875 0.2841796875 0.6903484375 0.2978515625 0.6874078124999999 0.3115234375 0.6859375 0.3037109375 0.691328125 0.29296875 0.6947578125 0.2783203125 0.7006375 0.267578125 0.7040671875 0.2587890625 0.709946875 0.251953125 0.7153359375 0.25390625 0.7197453125 0.2626953125 0.7197453125 0.287109375 0.7158249999999999 0.310546875 0.7109265625 0.3271484375 0.707496875 0.341796875 0.70455625 0.3642578125 0.70210625 0.380859375 0.6986765625 0.39453125 0.6962265624999999 0.4052734375 0.6947578125 0.4130859375 0.691328125 0.4130859375 0.6864281250000001 0.412109375 0.680059375 0.4130859375 0.6727093749999999 0.40234375 0.6687890624999999 0.4033203125 0.6634 0.4033203125 0.6575203125 0.40234375 0.6521312499999999 0.4013671875 0.64723125 0.39453125 0.6447812500000001 0.3857421875 0.642821875 0.3740234375 0.642821875 0.357421875 0.64968125 0.3447265625 0.654090625 0.3291015625 0.65948125 0.3115234375 0.6629109375 0.291015625 0.6687890624999999 0.2626953125 0.6756484375 0.2509765625 0.6834890625 0.2392578125 0.6908375 0.240234375 0.6957375 0.244140625 0.6981875 0.2509765625 0.6981875
3 0.212890625 0.6643796875 0.2197265625 0.6648703125 0.2333984375 0.6634 0.25 0.6599703124999999 0.265625 0.6575203125 0.2822265625 0.652621875 0.3037109375 0.6491921875 0.326171875 0.64723125 0.337890625 0.6462515625 0.3515625 0.6457625 0.3701171875 0.6447812500000001 0.384765625 0.642821875 0.3896484375 0.637921875 0.388671875 0.6300828125 0.3857421875 0.6232234375 0.3857421875 0.6193046875 0.38671875 0.6148953125000001 0.3779296875 0.6144046875 0.3740234375 0.610975 0.3662109375 0.6099953124999999 0.3515625 0.612934375 0.3388671875 0.6178343749999999 0.3203125 0.6217546875 0.3037109375 0.6237140625 0.2890625 0.6276328125 0.2705078125 0.631553125 0.240234375 0.640371875 0.2236328125 0.647721875 0.21484375 0.6521312499999999 0.2041015625 0.6604609375 0.212890625 0.6643796875
4 0.26953125 0.6256734374999999 0.287109375 0.624203125 0.30859375 0.620284375 0.3212890625 0.6188140625 0.3369140625 0.6168546874999999 0.3466796875 0.6139140624999999 0.3564453125 0.612934375 0.3740234375 0.6099953124999999 0.384765625 0.608525 0.38671875 0.60215625 0.38671875 0.5952968750000001 0.3828125 0.5913765625 0.3740234375 0.5884375000000001 0.3642578125 0.584028125 0.3525390625 0.5825578124999999 0.3408203125 0.5810875 0.3271484375 0.587946875 0.3076171875 0.5938265625 0.2822265625 0.6001953125 0.263671875 0.603625 0.2421875 0.6099953124999999 0.2265625 0.612934375 0.19921875 0.618325 0.1982421875 0.6276328125 0.2158203125 0.6286140625 0.2314453125 0.6281234375 0.244140625 0.626653125 0.26953125 0.6256734374999999
5 0.22265625 0.6070546875 0.2392578125 0.606565625 0.2548828125 0.6050953125 0.26953125 0.6026453125 0.2861328125 0.5982359374999999 0.30078125 0.5938265625 0.3173828125 0.5899062500000001 0.33203125 0.583046875 0.3447265625 0.5801078125 0.353515625 0.5756984375 0.3642578125 0.5732484375 0.3681640625 0.5688390625 0.3662109375 0.56345 0.3505859375 0.5575703125 0.337890625 0.558059375 0.3212890625 0.5590390625 0.30859375 0.5600203125000001 0.2861328125 0.5619796874999999 0.2490234375 0.56981875 0.22265625 0.5781484375 0.2080078125 0.584028125 0.19921875 0.5903968749999999 0.1953125 0.5952968750000001 0.1875 0.6031359375 0.1962890625 0.606565625 0.212890625 0.6070546875 0.22265625 0.6070546875
6 0.251953125 0.5561 0.271484375 0.5561 0.2900390625 0.558059375 0.3125 0.558059375 0.333984375 0.558059375 0.349609375 0.558059375 0.361328125 0.558059375 0.3671875 0.5570796875 0.3701171875 0.549240625 0.3701171875 0.5414015625 0.36328125 0.5360125 0.357421875 0.5325828125000001 0.34375 0.5325828125000001 0.3271484375 0.5345421875 0.3046875 0.53748125 0.2861328125 0.5394421875 0.2646484375 0.53993125 0.2421875 0.53993125 0.224609375 0.5414015625 0.2099609375 0.5433609374999999 0.205078125 0.5482609375 0.21875 0.5531609375000001 0.236328125 0.5546296875000001 0.251953125 0.5561
7 0.306640625 0.5340515625 0.32421875 0.5340515625 0.3408203125 0.5325828125000001 0.3564453125 0.5311125 0.3623046875 0.52229375 0.36328125 0.5115140625000001 0.345703125 0.5115140625000001 0.3310546875 0.51004375 0.30859375 0.51004375 0.28515625 0.5120046874999999 0.263671875 0.5115140625000001 0.2421875 0.5115140625000001 0.2197265625 0.51739375 0.2197265625 0.5213125 0.2265625 0.528171875 0.23828125 0.5301328125 0.2529296875 0.5316015625 0.2666015625 0.533071875 0.2900390625 0.533071875 0.306640625 0.5340515625
8 0.3056640625 0.506125 0.3203125 0.508575 0.3427734375 0.5090640625 0.359375 0.5090640625 0.3671875 0.5090640625 0.361328125 0.4933859375 0.359375 0.4835859375 0.34765625 0.484565625 0.3330078125 0.485546875 0.30859375 0.48652656250000004 0.296875 0.487015625 0.2744140625 0.487015625 0.25390625 0.487015625 0.236328125 0.487015625 0.2197265625 0.49093593750000003 0.2255859375 0.49926562499999994 0.2421875 0.503184375 0.2587890625 0.5041640625 0.2734375 0.5041640625 0.291015625 0.505634375 0.3056640625 0.506125
9 0.2861328125 0.47819687499999997 0.3056640625 0.480646875 0.322265625 0.4821171875 0.341796875 0.4835859375 0.3564453125 0.4835859375 0.3603515625 0.47966718750000004 0.3603515625 0.47182812500000004 0.3603515625 0.46251875 0.361328125 0.45761874999999996 0.3515625 0.45761874999999996 0.337890625 0.4566390625 0.3203125 0.4566390625 0.3046875 0.45761874999999996 0.279296875 0.45908906250000003 0.267578125 0.4605578125 0.255859375 0.4615390625 0.23828125 0.4615390625 0.2216796875 0.4634984375 0.2216796875 0.4728078125 0.23828125 0.475746875 0.255859375 0.4767265625 0.271484375 0.4772171875 0.2861328125 0.47819687499999997
10 0.3017578125 0.4517390625 0.322265625 0.45418906249999996 0.3408203125 0.45565937500000003 0.3583984375 0.45565937500000003 0.3671875 0.45320937499999997 0.3681640625 0.44439062500000004 0.3662109375 0.430671875 0.353515625 0.4287109375 0.3359375 0.42773125 0.318359375 0.425771875 0.30078125 0.4243015625 0.2705078125 0.42136250000000003 0.2568359375 0.41842187500000005 0.2421875 0.4164625 0.234375 0.4164625 0.234375 0.42822187500000003 0.2421875 0.43655 0.25390625 0.4409609375 0.265625 0.4439 0.2841796875 0.448309375 0.3017578125 0.4517390625
11 0.2431640625 0.409603125 0.265625 0.4125421875 0.27734375 0.4140125 0.296875 0.414503125 0.3076171875 0.41695312500000004 0.318359375 0.4198921875 0.3330078125 0.42381250000000004 0.3408203125 0.425771875 0.3564453125 0.425771875 0.36328125 0.42332187499999996 0.375 0.41499218750000005 0.3818359375 0.4066640625 0.3818359375 0.39735468749999997 0.361328125 0.395884375 0.34375 0.39392499999999997 0.3291015625 0.391475 0.306640625 0.3875546875 0.279296875 0.3875546875 0.2587890625 0.3860859375 0.23046875 0.38510468750000004 0.2041015625 0.384615625 0.193359375 0.388534375 0.19140625 0.39784375 0.201171875 0.40029375 0.2158203125 0.40372343749999995 0.2294921875 0.40715312499999995 0.2431640625 0.409603125
12 0.2705078125 0.37530625 0.2890625 0.38020624999999997 0.3076171875 0.3831453125 0.3232421875 0.38804531249999996 0.3359375 0.3919640625 0.34765625 0.3944140625 0.3603515625 0.39539375 0.3671875 0.39392499999999997 0.375 0.391475 0.3828125 0.38804531249999996 0.38671875 0.384615625 0.38671875 0.37432656249999996 0.38671875 0.365996875 0.3740234375 0.363546875 0.3544921875 0.3615875 0.3310546875 0.35766718750000004 0.306640625 0.354728125 0.2919921875 0.35276874999999996 0.2646484375 0.3488484375 0.2412109375 0.345909375 0.2177734375 0.34051875 0.2138671875 0.345909375 0.21484375 0.3512984375 0.2275390625 0.3601171875 0.2392578125 0.3645265625 0.251953125 0.36893750000000003 0.2705078125 0.37530625
14 0.228515625 0.31308125000000003 0.2412109375 0.3233703125 0.2568359375 0.32925 0.271484375 0.33464062499999997 0.291015625 0.3419890625 0.310546875 0.345909375 0.3291015625 0.349828125 0.345703125 0.35521875 0.3564453125 0.3591375 0.369140625 0.362078125 0.3828125 0.3645265625 0.3916015625 0.3650171875 0.3935546875 0.362078125 0.3955078125 0.3557078125 0.3974609375 0.352278125 0.400390625 0.3444390625 0.4052734375 0.3356203125 0.408203125 0.32778125 0.4091796875 0.3214109375 0.4091796875 0.31651093750000003 0.4091796875 0.311121875 0.3935546875 0.3076921875 0.3681640625 0.3076921875 0.349609375 0.306221875 0.3330078125 0.3032828125 0.3173828125 0.29936250000000003 0.2978515625 0.291034375 0.2734375 0.28564375000000003 0.2587890625 0.28809375 0.2529296875 0.2934828125 0.263671875 0.2988734375 0.27734375 0.302303125 0.2890625 0.3076921875 0.30078125 0.313571875 0.3076171875 0.31798125 0.310546875 0.3214109375 0.306640625 0.3243515625 0.28515625 0.32092187499999997 0.2744140625 0.31651093750000003 0.2626953125 0.3121015625 0.248046875 0.3042625 0.2314453125 0.30279218750000003 0.228515625 0.3067125 0.228515625 0.31308125000000003
15 0.314453125 0.28564375000000003 0.326171875 0.28809375 0.337890625 0.29054375 0.35546875 0.2934828125 0.3681640625 0.2988734375 0.37890625 0.30377343749999997 0.388671875 0.306221875 0.3994140625 0.3081828125 0.408203125 0.3067125 0.416015625 0.304753125 0.4189453125 0.29789374999999996 0.4228515625 0.29495312500000004 0.4267578125 0.2895640625 0.427734375 0.2851546875 0.4306640625 0.2797640625 0.435546875 0.2738859375 0.4375 0.26751562500000003 0.439453125 0.26310625 0.421875 0.25575625 0.40625 0.25477656249999997 0.388671875 0.25477656249999997 0.3701171875 0.25477656249999997 0.3466796875 0.2523265625 0.337890625 0.2484078125 0.31640625 0.24448750000000002 0.2958984375 0.24154843750000002 0.2783203125 0.2420375 0.2685546875 0.25134687499999997 0.27734375 0.25967656250000004 0.2841796875 0.26800625 0.29296875 0.276825 0.314453125 0.28564375000000003
16 0.3720703125 0.2552671875 0.3818359375 0.2508578125 0.3896484375 0.24693749999999998 0.3974609375 0.2464484375 0.4072265625 0.2464484375 0.4140625 0.24252812499999998 0.4208984375 0.23909843749999998 0.4150390625 0.2341984375 0.4189453125 0.2297890625 0.4326171875 0.22782968750000002 0.439453125 0.2209703125 0.44140625 0.2185203125 0.439453125 0.21068125000000001 0.419921875 0.20578124999999997 0.396484375 0.1994125 0.380859375 0.1935328125 0.357421875 0.18814375 0.337890625 0.1861828125 0.330078125 0.1954921875 0.32421875 0.207740625 0.32421875 0.21802968749999999 0.3291015625 0.22782968750000002 0.337890625 0.23566875 0.345703125 0.244978125 0.3603515625 0.2508578125 0.3720703125 0.2552671875