31 0.2467609375 0.4736328125 0.2381203125 0.431640625 0.23704062499999998 0.404296875 0.22732187499999998 0.361328125 0.21652343749999997 0.333984375 0.20842343749999998 0.341796875 0.20950312499999998 0.388671875 0.20950312499999998 0.427734375 0.1987046875 0.4599609375 0.20626406249999998 0.5009765625 0.2143625 0.5048828125 0.22948125 0.5263671875 0.24028125 0.5068359375 0.2467609375 0.4736328125
2 0.28509687499999997 0.5283203125 0.28509687499999997 0.4970703125 0.2786171875 0.4560546875 0.272678125 0.419921875 0.2715984375 0.380859375 0.26403906250000003 0.341796875 0.2467609375 0.34375 0.25 0.390625 0.25 0.431640625 0.2435203125 0.4677734375 0.2435203125 0.5029296875 0.2467609375 0.5380859375 0.2586390625 0.5419921875 0.2759171875 0.5458984375 0.28509687499999997 0.5283203125
13 0.3380125 0.5126953125 0.3369328125 0.4736328125 0.32829375 0.435546875 0.311015625 0.384765625 0.30345625 0.365234375 0.2883375 0.349609375 0.279696875 0.353515625 0.279696875 0.390625 0.279696875 0.4482421875 0.2840171875 0.5009765625 0.2861765625 0.5341796875 0.30453593749999996 0.5400390625 0.311015625 0.5224609375 0.3250546875 0.5322265625 0.3380125 0.5126953125
18 0.37850937500000004 0.4951171875 0.3774296875 0.4443359375 0.37310937499999997 0.38671875 0.36555 0.353515625 0.35583125 0.3359375 0.342871875 0.330078125 0.3493515625 0.3984375 0.35367187499999997 0.4658203125 0.35367187499999997 0.4990234375 0.3417921875 0.5107421875 0.3417921875 0.5400390625 0.3601515625 0.5654296875 0.37850937500000004 0.5439453125 0.37850937500000004 0.4951171875
19 0.41252656249999997 0.55859375 0.41360625000000006 0.5341796875 0.41252656249999997 0.4892578125 0.4103671875 0.4521484375 0.4092875 0.4296875 0.40604687500000003 0.392578125 0.40010781250000005 0.359375 0.3947078125 0.341796875 0.3806703125 0.330078125 0.3806703125 0.37890625 0.3806703125 0.427734375 0.3795890625 0.4814453125 0.3774296875 0.5400390625 0.3774296875 0.56640625 0.39146875 0.580078125 0.4092875 0.57421875 0.41252656249999997 0.55859375
20 0.451403125 0.5576171875 0.44924375000000005 0.5126953125 0.44924375000000005 0.4482421875 0.444925 0.40234375 0.4384453125 0.375 0.428725 0.369140625 0.4157671875 0.365234375 0.4157671875 0.416015625 0.4146875 0.4619140625 0.4146875 0.4931640625 0.4146875 0.5263671875 0.4157671875 0.5537109375 0.4276453125 0.580078125 0.44816406249999996 0.583984375 0.451403125 0.5576171875
21 0.48758125 0.5576171875 0.49298125 0.5166015625 0.49298125 0.4853515625 0.49298125 0.44140625 0.4886609375 0.40234375 0.48110156249999997 0.380859375 0.4632828125 0.373046875 0.45248437499999994 0.388671875 0.44816406249999996 0.42578125 0.44816406249999996 0.4541015625 0.44816406249999996 0.4873046875 0.451403125 0.5205078125 0.456803125 0.55859375 0.469221875 0.57421875 0.47786249999999997 0.57421875 0.48758125 0.5576171875
22 0.537796875 0.5224609375 0.537796875 0.4814453125 0.5367171875000001 0.435546875 0.532396875 0.3828125 0.5221375 0.34765625 0.5081 0.349609375 0.5081 0.392578125 0.5027 0.4501953125 0.5016203124999999 0.4892578125 0.49729999999999996 0.5263671875 0.49837968750000006 0.5556640625 0.515659375 0.57421875 0.537796875 0.572265625 0.537796875 0.5224609375
30 0.578834375 0.5458984375 0.5734343749999999 0.5029296875 0.5723546875000001 0.4501953125 0.5647953125 0.419921875 0.5593953125 0.384765625 0.53995625 0.390625 0.53995625 0.4375 0.53995625 0.4716796875 0.53995625 0.5087890625 0.53995625 0.5556640625 0.5410359375 0.580078125 0.5572359375 0.587890625 0.578834375 0.587890625 0.578834375 0.5458984375
29 0.61393125 0.58203125 0.6225703125 0.5517578125 0.616090625 0.5146484375 0.6117703125 0.4736328125 0.6096109375000001 0.423828125 0.606371875 0.37109375 0.5988125 0.337890625 0.5842328125 0.34375 0.5820734375 0.392578125 0.57559375 0.4443359375 0.57559375 0.4853515625 0.57559375 0.5283203125 0.5766734375 0.5576171875 0.5853125 0.576171875 0.5998921875 0.58984375 0.61393125 0.58203125
24 0.6247296875 0.5517578125 0.6376890625 0.560546875 0.6484875 0.5576171875 0.6571281250000001 0.5087890625 0.6598265624999999 0.4697265625 0.6684671875 0.419921875 0.6727859375 0.37890625 0.67170625 0.34375 0.6619875000000001 0.33984375 0.6549671874999999 0.3671875 0.6463281249999999 0.392578125 0.6376890625 0.427734375 0.6279703125 0.4560546875 0.625809375 0.4814453125 0.6225703125 0.5009765625 0.6214906250000001 0.5224609375 0.6247296875 0.5517578125
25 0.6911453125 0.560546875 0.7041031249999999 0.560546875 0.7051828125 0.5205078125 0.7062640625000001 0.4716796875 0.7159828125 0.4443359375 0.7159828125 0.408203125 0.7159828125 0.373046875 0.7159828125 0.3515625 0.699784375 0.3193359375 0.6900640625000001 0.359375 0.6857453125 0.384765625 0.6706265625000001 0.427734375 0.6609078125 0.4736328125 0.656046875 0.4990234375 0.656046875 0.5341796875 0.6641468749999999 0.5556640625 0.6911453125 0.560546875
26 0.7543203125 0.5185546875 0.752159375 0.4912109375 0.752159375 0.4619140625 0.752159375 0.419921875 0.752159375 0.3828125 0.7510796875 0.3515625 0.742440625 0.33203125 0.7316421875 0.3251953125 0.7262421875 0.376953125 0.719221875 0.416015625 0.709503125 0.4541015625 0.709503125 0.4970703125 0.7116625 0.5341796875 0.7305609375000001 0.5498046875 0.747840625 0.5498046875 0.7543203125 0.5185546875
27 0.7969765625 0.5068359375 0.8045359375000001 0.4755859375 0.7980562499999999 0.4462890625 0.790496875 0.400390625 0.7845578125 0.361328125 0.7737578125 0.3271484375 0.7618796875 0.3232421875 0.7564796874999999 0.34765625 0.7554000000000001 0.3984375 0.7554000000000001 0.4375 0.7532390625 0.4794921875 0.757559375 0.5107421875 0.7759171874999999 0.5166015625 0.78725625 0.5107421875 0.7969765625 0.5068359375
28 0.8250546875 0.6904296875 0.8120953125 0.63671875 0.8066953124999999 0.611328125 0.7926562500000001 0.572265625 0.7845578125 0.5498046875 0.757559375 0.5576171875 0.7435203125000001 0.564453125 0.7381203125 0.58203125 0.7456796875 0.61328125 0.757559375 0.646484375 0.7715984375 0.666015625 0.7802374999999999 0.6884765625 0.7926562500000001 0.7158203125 0.8088546875 0.7216796875 0.8250546875 0.7216796875 0.8250546875 0.6904296875
0 0.7737578125 0.7705078125 0.7834765625 0.7509765625 0.7834765625 0.7236328125 0.77051875 0.6806640625 0.7564796874999999 0.646484375 0.74028125 0.61328125 0.73488125 0.5859375 0.7230015625 0.583984375 0.709503125 0.599609375 0.69654375 0.609375 0.6825046875 0.6171875 0.6857453125 0.642578125 0.694384375 0.6767578125 0.7051828125 0.6865234375 0.719221875 0.7099609375 0.727321875 0.7314453125 0.7413609375 0.7529296875 0.7554000000000001 0.7705078125 0.7737578125 0.7705078125
3 0.6630671875 0.7138671875 0.6641468749999999 0.66796875 0.6673859375 0.630859375 0.6706265625000001 0.599609375 0.6609078125 0.591796875 0.6506484375 0.591796875 0.6355296874999999 0.611328125 0.6376890625 0.642578125 0.6376890625 0.6865234375 0.6376890625 0.7177734375 0.6376890625 0.7646484375 0.6409281250000001 0.796875 0.6538875 0.796875 0.6592875 0.7685546875 0.6630671875 0.7138671875
4 0.62365 0.7724609375 0.62365 0.7236328125 0.6268906249999999 0.6826171875 0.631209375 0.642578125 0.6322890625 0.62109375 0.6247296875 0.59765625 0.6150109375 0.59765625 0.593953125 0.609375 0.5977328125 0.650390625 0.5977328125 0.6748046875 0.5988125 0.7119140625 0.5988125 0.7490234375 0.6042109375 0.7841796875 0.61393125 0.818359375 0.62365 0.810546875 0.62365 0.7724609375
5 0.565875 0.82421875 0.588553125 0.81640625 0.588553125 0.7890625 0.5907125 0.7373046875 0.5907125 0.6884765625 0.5896328125 0.640625 0.5896328125 0.609375 0.5745140625 0.595703125 0.5539953125 0.603515625 0.5539953125 0.626953125 0.552915625 0.650390625 0.5539953125 0.6865234375 0.5539953125 0.7197265625 0.555075 0.7548828125 0.558315625 0.7802734375 0.562634375 0.80078125 0.565875 0.82421875
6 0.5421171874999999 0.845703125 0.5464359375 0.8125 0.5464359375 0.7783203125 0.5464359375 0.7392578125 0.5464359375 0.6982421875 0.5464359375 0.65625 0.5464359375 0.62890625 0.5464359375 0.60546875 0.5275375 0.60546875 0.514578125 0.615234375 0.51781875 0.6484375 0.5188984375000001 0.6767578125 0.519978125 0.7158203125 0.5221375 0.7548828125 0.5221375 0.796875 0.525378125 0.837890625 0.5334765625 0.859375 0.5421171874999999 0.845703125
7 0.5134984375 0.7509765625 0.5134984375 0.7060546875 0.5134984375 0.658203125 0.5134984375 0.623046875 0.5016203124999999 0.607421875 0.485421875 0.6015625 0.48758125 0.64453125 0.4886609375 0.6728515625 0.49189999999999995 0.7216796875 0.49298125 0.7587890625 0.4940609375 0.79296875 0.49837968750000006 0.830078125 0.510259375 0.810546875 0.5134984375 0.7509765625
8 0.4832609375 0.669921875 0.4832609375 0.62890625 0.47030312500000004 0.607421875 0.4557234375 0.609375 0.45356406250000003 0.666015625 0.45464374999999996 0.7197265625 0.456803125 0.7587890625 0.45896406250000005 0.806640625 0.47678125 0.818359375 0.47894218750000006 0.7666015625 0.47894218750000006 0.7119140625 0.4832609375 0.669921875
9 0.45356406250000003 0.81640625 0.45356406250000003 0.7666015625 0.45356406250000003 0.7236328125 0.45464374999999996 0.6748046875 0.4557234375 0.62890625 0.456803125 0.599609375 0.437365625 0.609375 0.42440625 0.609375 0.421165625 0.642578125 0.42332656249999995 0.6845703125 0.42440625 0.7333984375 0.42440625 0.7822265625 0.42980625000000006 0.828125 0.434125 0.849609375 0.44384375 0.853515625 0.45356406250000003 0.81640625
10 0.41360625000000006 0.830078125 0.41360625000000006 0.7724609375 0.4157671875 0.7431640625 0.41900624999999997 0.6962890625 0.421165625 0.65234375 0.42332656249999995 0.60546875 0.407128125 0.6015625 0.393628125 0.6015625 0.3871484375 0.625 0.38606875 0.65625 0.3806703125 0.6923828125 0.37850937500000004 0.7412109375 0.38175 0.7822265625 0.38822968750000003 0.822265625 0.4022671875 0.853515625 0.41360625000000006 0.830078125
11 0.35583125 0.806640625 0.3644703125 0.7724609375 0.37095 0.7314453125 0.3720296875 0.6884765625 0.37310937499999997 0.666015625 0.37850937500000004 0.650390625 0.3828296875 0.611328125 0.3720296875 0.59765625 0.35043125 0.59765625 0.348271875 0.62109375 0.3471921875 0.658203125 0.3471921875 0.6943359375 0.3471921875 0.7294921875 0.3450328125 0.7490234375 0.3417921875 0.7802734375 0.3417921875 0.806640625 0.35583125 0.806640625
12 0.32397343749999996 0.7880859375 0.32937343750000003 0.7392578125 0.3347734375 0.66796875 0.3401734375 0.63671875 0.34071250000000003 0.6015625 0.320734375 0.587890625 0.3066953125 0.607421875 0.305615625 0.642578125 0.30453593749999996 0.6904296875 0.3023765625 0.7255859375 0.3012953125 0.7587890625 0.305615625 0.796875 0.31425468749999996 0.80859375 0.32397343749999996 0.7880859375
15 0.22624218749999997 0.7197265625 0.25 0.7001953125 0.25971875 0.6806640625 0.2694390625 0.65625 0.2786171875 0.642578125 0.2840171875 0.6171875 0.279696875 0.58984375 0.2586390625 0.58203125 0.2381203125 0.56640625 0.22948125 0.59765625 0.2230015625 0.6328125 0.20950312499999998 0.654296875 0.19546406249999998 0.6767578125 0.188984375 0.6982421875 0.2008640625 0.7060546875 0.2051828125 0.7275390625 0.22624218749999997 0.7197265625