31 0.64453125 0.7530625 0.630859375 0.7515921875 0.6103515625 0.7496328125 0.5947265625 0.7476734375 0.587890625 0.7515921875 0.583984375 0.75698125 0.5810546875 0.7658015625 0.5869140625 0.7702109375 0.587890625 0.7765796875000001 0.6103515625 0.7795203125 0.6298828125 0.7809890625 0.6455078125 0.7819703125 0.66015625 0.7834390625000001 0.669921875 0.7756000000000001 0.6708984375 0.7677609375000001 0.6650390625 0.7599218750000001 0.6591796875 0.7555125 0.64453125 0.7530625
19 0.564453125 0.5805984375000001 0.525390625 0.5805984375000001 0.5 0.5805984375000001 0.47265625 0.581578125 0.4609375 0.5850078125 0.4462890625 0.5962765625 0.4443359375 0.606565625 0.4580078125 0.6148953125000001 0.4765625 0.6207734375 0.5078125 0.6173437500000001 0.5400390625 0.615384375 0.59765625 0.611465625 0.650390625 0.604115625 0.68359375 0.6026453125 0.68359375 0.59235625 0.66796875 0.5874578125000001 0.65625 0.5835375 0.6201171875 0.5835375 0.564453125 0.5805984375000001
22 0.51953125 0.469378125 0.470703125 0.469378125 0.443359375 0.469378125 0.421875 0.4737875 0.421875 0.49093593750000003 0.4365234375 0.5046546875 0.470703125 0.5046546875 0.5107421875 0.501225 0.5341796875 0.498284375 0.568359375 0.4958359375 0.6142578125 0.49093593750000003 0.654296875 0.48848593749999997 0.6943359375 0.48113593750000005 0.6953125 0.4679078125 0.646484375 0.4659484375 0.6083984375 0.4659484375 0.5654296875 0.466928125 0.51953125 0.469378125
30 0.48828125 0.4404703125 0.439453125 0.43508125 0.427734375 0.44782031250000004 0.431640625 0.4659484375 0.4580078125 0.4679078125 0.4853515625 0.4659484375 0.5224609375 0.4639875 0.5673828125 0.4615390625 0.5966796875 0.4566390625 0.6318359375 0.45271875 0.6240234375 0.4439 0.611328125 0.4409609375 0.564453125 0.4404703125 0.5234375 0.4404703125 0.48828125 0.4404703125
29 0.5 0.4017640625 0.4560546875 0.3993140625 0.4462890625 0.40519375 0.42578125 0.41695312500000004 0.4345703125 0.42773125 0.4580078125 0.43508125 0.4853515625 0.43508125 0.5224609375 0.43459062499999995 0.5595703125 0.432140625 0.5888671875 0.4272421875 0.6240234375 0.425771875 0.66796875 0.4218515625 0.6474609375 0.412053125 0.6201171875 0.40764374999999997 0.5830078125 0.40372343749999995 0.537109375 0.4017640625 0.5 0.4017640625
3 0.392578125 0.33904999999999996 0.361328125 0.33904999999999996 0.3369140625 0.3380703125 0.3193359375 0.3351296875 0.29296875 0.33121093749999997 0.2685546875 0.3287609375 0.244140625 0.3287609375 0.2412109375 0.3380703125 0.24609375 0.345909375 0.2626953125 0.347378125 0.271484375 0.349828125 0.2880859375 0.3532578125 0.3125 0.35766718750000004 0.3291015625 0.3591375 0.3564453125 0.3615875 0.3681640625 0.3630578125 0.380859375 0.3650171875 0.4033203125 0.36795625 0.419921875 0.36795625 0.431640625 0.3650171875 0.4365234375 0.3591375 0.4345703125 0.34394843750000004 0.423828125 0.33904999999999996 0.4130859375 0.33904999999999996 0.392578125 0.33904999999999996
4 0.408203125 0.36893750000000003 0.3994140625 0.36795625 0.38671875 0.37285625 0.3662109375 0.373346875 0.34765625 0.373346875 0.3271484375 0.373346875 0.3076171875 0.37285625 0.2841796875 0.3718765625 0.2666015625 0.3723671875 0.2509765625 0.3738359375 0.244140625 0.377265625 0.2431640625 0.38265625000000003 0.2587890625 0.387065625 0.2685546875 0.389025 0.279296875 0.3900046875 0.3037109375 0.39392499999999997 0.328125 0.3968640625 0.349609375 0.398334375 0.369140625 0.400784375 0.384765625 0.40274374999999996 0.3984375 0.40274374999999996 0.4169921875 0.402253125 0.4208984375 0.39637500000000003 0.4267578125 0.389025 0.4248046875 0.3787359375 0.4169921875 0.3723671875 0.408203125 0.36893750000000003
5 0.37890625 0.42136250000000003 0.357421875 0.41940156249999994 0.3369140625 0.41842187500000005 0.3134765625 0.41695312500000004 0.283203125 0.4174421875 0.259765625 0.4174421875 0.2431640625 0.4174421875 0.2236328125 0.4179328125 0.212890625 0.41891249999999997 0.2021484375 0.4292015625 0.228515625 0.43459062499999995 0.2529296875 0.43508125 0.2783203125 0.43802031250000006 0.3017578125 0.4404703125 0.3291015625 0.4439 0.3525390625 0.44634999999999997 0.37109375 0.44880000000000003 0.3896484375 0.44880000000000003 0.392578125 0.441940625 0.40625 0.43116093749999995 0.4013671875 0.42626093750000005 0.38671875 0.42332187499999996 0.37890625 0.42136250000000003
6 0.369140625 0.45125000000000004 0.345703125 0.45320937499999997 0.3251953125 0.45369843750000005 0.3037109375 0.45516875 0.2822265625 0.45516875 0.2578125 0.457128125 0.2451171875 0.4610484375 0.2451171875 0.4679078125 0.263671875 0.47035781249999997 0.2900390625 0.4723171875 0.3115234375 0.4728078125 0.3271484375 0.4728078125 0.337890625 0.4728078125 0.3603515625 0.47525781250000004 0.3759765625 0.4767265625 0.3896484375 0.4767265625 0.392578125 0.4728078125 0.39453125 0.4605578125 0.392578125 0.4517390625 0.38671875 0.45026875000000005 0.369140625 0.45125000000000004
7 0.3388671875 0.48015625 0.3154296875 0.48015625 0.3017578125 0.480646875 0.2841796875 0.480646875 0.2705078125 0.48407656250000003 0.2626953125 0.487015625 0.255859375 0.491915625 0.255859375 0.49436562500000003 0.2861328125 0.496815625 0.306640625 0.4948546875 0.3310546875 0.496325 0.3466796875 0.4977953125 0.365234375 0.4997546875 0.3857421875 0.4997546875 0.3984375 0.4997546875 0.39453125 0.491425 0.38671875 0.4791765625 0.3681640625 0.47868750000000004 0.3544921875 0.4791765625 0.3388671875 0.48015625
8 0.3515625 0.505634375 0.33203125 0.5075937500000001 0.306640625 0.5095546875 0.2861328125 0.510534375 0.275390625 0.514453125 0.2783203125 0.5232734375 0.30859375 0.5232734375 0.3310546875 0.5232734375 0.3486328125 0.5232734375 0.3623046875 0.5232734375 0.3779296875 0.524253125 0.39453125 0.5252328125 0.4111328125 0.5257234375000001 0.404296875 0.5110234375 0.3984375 0.501715625 0.38671875 0.5022046875 0.3681640625 0.503184375 0.3515625 0.505634375
9 0.384765625 0.5276828124999999 0.3642578125 0.533071875 0.3466796875 0.5340515625 0.326171875 0.5350312500000001 0.3095703125 0.5350312500000001 0.2919921875 0.5355218749999999 0.27734375 0.5355218749999999 0.2607421875 0.540421875 0.2607421875 0.54483125 0.2685546875 0.5472812499999999 0.2744140625 0.54875 0.2939453125 0.5502203125 0.3203125 0.5521796875 0.34375 0.5531609375000001 0.36328125 0.5531609375000001 0.3798828125 0.55365 0.39453125 0.55365 0.40625 0.55365 0.416015625 0.55365 0.4111328125 0.542871875 0.41015625 0.5320921875 0.40625 0.5276828124999999 0.3984375 0.5276828124999999 0.384765625 0.5276828124999999
10 0.37890625 0.55855 0.365234375 0.5600203125000001 0.3525390625 0.5614890625 0.3388671875 0.56345 0.3203125 0.56491875 0.2998046875 0.567859375 0.2822265625 0.5688390625 0.263671875 0.5712890625 0.2412109375 0.5756984375 0.228515625 0.5801078125 0.2314453125 0.5864765625 0.2412109375 0.5889265625 0.2646484375 0.5903968749999999 0.2802734375 0.5908875 0.3037109375 0.5908875 0.3251953125 0.5908875 0.345703125 0.5899062500000001 0.3583984375 0.5899062500000001 0.3701171875 0.5874578125000001 0.38671875 0.5874578125000001 0.408203125 0.5874578125000001 0.4189453125 0.5835375 0.4287109375 0.5786374999999999 0.427734375 0.569328125 0.41796875 0.5629593749999999 0.4033203125 0.5570796875 0.3916015625 0.5570796875 0.37890625 0.55855
11 0.41015625 0.5918671875 0.3916015625 0.5933359375 0.380859375 0.5982359374999999 0.3603515625 0.601665625 0.3388671875 0.60215625 0.31640625 0.6050953125 0.298828125 0.6055859375 0.275390625 0.6055859375 0.26171875 0.6119546875 0.259765625 0.615384375 0.26171875 0.6212640625 0.2666015625 0.6256734374999999 0.2939453125 0.6256734374999999 0.322265625 0.6256734374999999 0.345703125 0.6256734374999999 0.369140625 0.6256734374999999 0.388671875 0.6261640625 0.40625 0.626653125 0.4267578125 0.6246937499999999 0.439453125 0.620284375 0.439453125 0.6119546875 0.4384765625 0.606565625 0.4326171875 0.599215625 0.421875 0.5918671875 0.41015625 0.5918671875