31 0.24693749999999998 0.64453125 0.2484078125 0.630859375 0.25036718750000003 0.6103515625 0.2523265625 0.5947265625 0.2484078125 0.587890625 0.24301875 0.583984375 0.2341984375 0.5810546875 0.2297890625 0.5869140625 0.2234203125 0.587890625 0.2204796875 0.6103515625 0.2190109375 0.6298828125 0.21802968749999999 0.6455078125 0.2165609375 0.66015625 0.22440000000000002 0.669921875 0.2322390625 0.6708984375 0.240078125 0.6650390625 0.24448750000000002 0.6591796875 0.24693749999999998 0.64453125
19 0.41940156249999994 0.564453125 0.41940156249999994 0.525390625 0.41940156249999994 0.5 0.41842187500000005 0.47265625 0.41499218750000005 0.4609375 0.40372343749999995 0.4462890625 0.393434375 0.4443359375 0.38510468750000004 0.4580078125 0.37922656250000003 0.4765625 0.38265625000000003 0.5078125 0.384615625 0.5400390625 0.388534375 0.59765625 0.395884375 0.650390625 0.39735468749999997 0.68359375 0.40764374999999997 0.68359375 0.4125421875 0.66796875 0.4164625 0.65625 0.4164625 0.6201171875 0.41940156249999994 0.564453125
22 0.530621875 0.51953125 0.530621875 0.470703125 0.530621875 0.443359375 0.5262125 0.421875 0.5090640625 0.421875 0.4953453125 0.4365234375 0.4953453125 0.470703125 0.498775 0.5107421875 0.501715625 0.5341796875 0.5041640625 0.568359375 0.5090640625 0.6142578125 0.5115140625000001 0.654296875 0.5188640625 0.6943359375 0.5320921875 0.6953125 0.5340515625 0.646484375 0.5340515625 0.6083984375 0.533071875 0.5654296875 0.530621875 0.51953125
30 0.5595296875 0.48828125 0.56491875 0.439453125 0.5521796875 0.427734375 0.5340515625 0.431640625 0.5320921875 0.4580078125 0.5340515625 0.4853515625 0.5360125 0.5224609375 0.5384609375 0.5673828125 0.5433609374999999 0.5966796875 0.5472812499999999 0.6318359375 0.5561 0.6240234375 0.5590390625 0.611328125 0.5595296875 0.564453125 0.5595296875 0.5234375 0.5595296875 0.48828125
29 0.5982359374999999 0.5 0.6006859375 0.4560546875 0.59480625 0.4462890625 0.583046875 0.42578125 0.57226875 0.4345703125 0.56491875 0.4580078125 0.56491875 0.4853515625 0.565409375 0.5224609375 0.567859375 0.5595703125 0.5727578125 0.5888671875 0.574228125 0.6240234375 0.5781484375 0.66796875 0.587946875 0.6474609375 0.59235625 0.6201171875 0.5962765625 0.5830078125 0.5982359374999999 0.537109375 0.5982359374999999 0.5
3 0.6609499999999999 0.392578125 0.6609499999999999 0.361328125 0.6619296875 0.3369140625 0.6648703125 0.3193359375 0.6687890624999999 0.29296875 0.6712390625 0.2685546875 0.6712390625 0.244140625 0.6619296875 0.2412109375 0.654090625 0.24609375 0.652621875 0.2626953125 0.6501718750000001 0.271484375 0.6467421875 0.2880859375 0.6423328125000001 0.3125 0.6408625 0.3291015625 0.6384125 0.3564453125 0.6369421875 0.3681640625 0.6349828125 0.380859375 0.63204375 0.4033203125 0.63204375 0.419921875 0.6349828125 0.431640625 0.6408625 0.4365234375 0.6560515625 0.4345703125 0.6609499999999999 0.423828125 0.6609499999999999 0.4130859375 0.6609499999999999 0.392578125
4 0.6310625 0.408203125 0.63204375 0.3994140625 0.62714375 0.38671875 0.626653125 0.3662109375 0.626653125 0.34765625 0.626653125 0.3271484375 0.62714375 0.3076171875 0.6281234375 0.2841796875 0.6276328125 0.2666015625 0.6261640625 0.2509765625 0.6227343750000001 0.244140625 0.6173437500000001 0.2431640625 0.612934375 0.2587890625 0.610975 0.2685546875 0.6099953124999999 0.279296875 0.6060749999999999 0.3037109375 0.6031359375 0.328125 0.601665625 0.349609375 0.599215625 0.369140625 0.59725625 0.384765625 0.59725625 0.3984375 0.597746875 0.4169921875 0.603625 0.4208984375 0.610975 0.4267578125 0.6212640625 0.4248046875 0.6276328125 0.4169921875 0.6310625 0.408203125
5 0.5786374999999999 0.37890625 0.5805984375000001 0.357421875 0.581578125 0.3369140625 0.583046875 0.3134765625 0.5825578124999999 0.283203125 0.5825578124999999 0.259765625 0.5825578124999999 0.2431640625 0.5820671875000001 0.2236328125 0.5810875 0.212890625 0.5707984374999999 0.2021484375 0.565409375 0.228515625 0.56491875 0.2529296875 0.5619796874999999 0.2783203125 0.5595296875 0.3017578125 0.5561 0.3291015625 0.55365 0.3525390625 0.5511999999999999 0.37109375 0.5511999999999999 0.3896484375 0.558059375 0.392578125 0.5688390625 0.40625 0.5737390625 0.4013671875 0.576678125 0.38671875 0.5786374999999999 0.37890625
6 0.54875 0.369140625 0.5467906250000001 0.345703125 0.5463015625 0.3251953125 0.54483125 0.3037109375 0.54483125 0.2822265625 0.542871875 0.2578125 0.5389515625 0.2451171875 0.5320921875 0.2451171875 0.5296421875 0.263671875 0.5276828124999999 0.2900390625 0.5271921875000001 0.3115234375 0.5271921875000001 0.3271484375 0.5271921875000001 0.337890625 0.5247421875 0.3603515625 0.5232734375 0.3759765625 0.5232734375 0.3896484375 0.5271921875000001 0.392578125 0.5394421875 0.39453125 0.5482609375 0.392578125 0.54973125 0.38671875 0.54875 0.369140625
7 0.5198437499999999 0.3388671875 0.5198437499999999 0.3154296875 0.5193531250000001 0.3017578125 0.5193531250000001 0.2841796875 0.5159234374999999 0.2705078125 0.512984375 0.2626953125 0.5080843749999999 0.255859375 0.505634375 0.255859375 0.503184375 0.2861328125 0.5051453125 0.306640625 0.503675 0.3310546875 0.5022046875 0.3466796875 0.5002453124999999 0.365234375 0.5002453124999999 0.3857421875 0.5002453124999999 0.3984375 0.508575 0.39453125 0.5208234375 0.38671875 0.5213125 0.3681640625 0.5208234375 0.3544921875 0.5198437499999999 0.3388671875
8 0.49436562500000003 0.3515625 0.49240625 0.33203125 0.4904453125 0.306640625 0.48946562499999996 0.2861328125 0.485546875 0.275390625 0.4767265625 0.2783203125 0.4767265625 0.30859375 0.4767265625 0.3310546875 0.4767265625 0.3486328125 0.4767265625 0.3623046875 0.475746875 0.3779296875 0.4747671875 0.39453125 0.47427656249999994 0.4111328125 0.4889765625 0.404296875 0.498284375 0.3984375 0.4977953125 0.38671875 0.496815625 0.3681640625 0.49436562500000003 0.3515625
9 0.4723171875 0.384765625 0.466928125 0.3642578125 0.4659484375 0.3466796875 0.46496875 0.326171875 0.46496875 0.3095703125 0.464478125 0.2919921875 0.464478125 0.27734375 0.459578125 0.2607421875 0.45516875 0.2607421875 0.45271875 0.2685546875 0.45125000000000004 0.2744140625 0.44977968749999997 0.2939453125 0.44782031250000004 0.3203125 0.44683906249999994 0.34375 0.44683906249999994 0.36328125 0.44634999999999997 0.3798828125 0.44634999999999997 0.39453125 0.44634999999999997 0.40625 0.44634999999999997 0.416015625 0.457128125 0.4111328125 0.4679078125 0.41015625 0.4723171875 0.40625 0.4723171875 0.3984375 0.4723171875 0.384765625
10 0.44145 0.37890625 0.4399796875 0.365234375 0.4385109375 0.3525390625 0.43655 0.3388671875 0.43508125 0.3203125 0.432140625 0.2998046875 0.43116093749999995 0.2822265625 0.4287109375 0.263671875 0.4243015625 0.2412109375 0.4198921875 0.228515625 0.4135234375 0.2314453125 0.41107343749999997 0.2412109375 0.409603125 0.2646484375 0.4091125 0.2802734375 0.4091125 0.3037109375 0.4091125 0.3251953125 0.41009375 0.345703125 0.41009375 0.3583984375 0.4125421875 0.3701171875 0.4125421875 0.38671875 0.4125421875 0.408203125 0.4164625 0.4189453125 0.42136250000000003 0.4287109375 0.430671875 0.427734375 0.437040625 0.41796875 0.44292031249999997 0.4033203125 0.44292031249999997 0.3916015625 0.44145 0.37890625
11 0.4081328125 0.41015625 0.4066640625 0.3916015625 0.4017640625 0.380859375 0.398334375 0.3603515625 0.39784375 0.3388671875 0.3949046875 0.31640625 0.3944140625 0.298828125 0.3944140625 0.275390625 0.38804531249999996 0.26171875 0.384615625 0.259765625 0.3787359375 0.26171875 0.37432656249999996 0.2666015625 0.37432656249999996 0.2939453125 0.37432656249999996 0.322265625 0.37432656249999996 0.345703125 0.37432656249999996 0.369140625 0.3738359375 0.388671875 0.373346875 0.40625 0.37530625 0.4267578125 0.379715625 0.439453125 0.38804531249999996 0.439453125 0.393434375 0.4384765625 0.400784375 0.4326171875 0.4081328125 0.421875 0.4081328125 0.41015625