31 0.249878125 0.5869140625 0.23909843749999998 0.533203125 0.226359375 0.5390625 0.21802968749999999 0.552734375 0.19647187500000002 0.5546875 0.1994125 0.6181640625 0.21362031250000002 0.671875 0.23076875000000002 0.7119140625 0.2479171875 0.716796875 0.258696875 0.7060546875 0.258696875 0.6806640625 0.258696875 0.6396484375 0.249878125 0.5869140625
2 0.2983828125 0.5732421875 0.2983828125 0.515625 0.28123437500000004 0.509765625 0.26800625 0.509765625 0.2508578125 0.509765625 0.24252812499999998 0.5478515625 0.2542875 0.60546875 0.262615625 0.6572265625 0.262615625 0.7119140625 0.28123437500000004 0.71484375 0.2895640625 0.7021484375 0.29299375 0.669921875 0.29495312500000004 0.6337890625 0.2983828125 0.5732421875
13 0.3517890625 0.560546875 0.3517890625 0.515625 0.3419890625 0.486328125 0.3194515625 0.486328125 0.30034375 0.486328125 0.2969125 0.5244140625 0.2969125 0.576171875 0.2959328125 0.6162109375 0.29495312500000004 0.6572265625 0.29495312500000004 0.71875 0.3140625 0.716796875 0.3282703125 0.7021484375 0.341009375 0.6591796875 0.34835937499999997 0.6201171875 0.3517890625 0.560546875
17 0.3860859375 0.552734375 0.3860859375 0.5078125 0.36648749999999997 0.4814453125 0.34835937499999997 0.5009765625 0.3493390625 0.53125 0.3517890625 0.578125 0.3561984375 0.6396484375 0.3561984375 0.69140625 0.381675 0.7021484375 0.387065625 0.6845703125 0.387065625 0.6357421875 0.387065625 0.5927734375 0.3860859375 0.552734375
18 0.409603125 0.658203125 0.4086234375 0.62109375 0.40764374999999997 0.591796875 0.40764374999999997 0.5625 0.40764374999999997 0.5263671875 0.40519375 0.4951171875 0.4017640625 0.4765625 0.39637500000000003 0.470703125 0.389025 0.470703125 0.384125 0.4765625 0.3787359375 0.4892578125 0.381675 0.513671875 0.384615625 0.5419921875 0.38510468750000004 0.578125 0.3860859375 0.6103515625 0.38804531249999996 0.638671875 0.389025 0.671875 0.3944140625 0.6884765625 0.4042140625 0.6962890625 0.409603125 0.69140625 0.409603125 0.677734375 0.409603125 0.658203125
19 0.4385109375 0.6123046875 0.4409609375 0.5830078125 0.4448796875 0.5458984375 0.4448796875 0.515625 0.443409375 0.484375 0.4409609375 0.4697265625 0.43508125 0.458984375 0.4272421875 0.4541015625 0.415971875 0.4560546875 0.4086234375 0.470703125 0.40764374999999997 0.490234375 0.40764374999999997 0.5078125 0.4081328125 0.5283203125 0.409603125 0.5537109375 0.41058281250000006 0.5859375 0.41156249999999994 0.6005859375 0.41156249999999994 0.626953125 0.41058281250000006 0.6689453125 0.4135234375 0.7021484375 0.42283125000000005 0.697265625 0.42626093750000005 0.689453125 0.43459062499999995 0.669921875 0.4385109375 0.6357421875 0.4385109375 0.6123046875
20 0.469378125 0.6025390625 0.4688875 0.5654296875 0.4688875 0.5283203125 0.4683984375 0.4892578125 0.4683984375 0.455078125 0.459578125 0.4501953125 0.44782031250000004 0.4521484375 0.4439 0.4794921875 0.4439 0.5078125 0.44439062500000004 0.5380859375 0.44439062500000004 0.5634765625 0.44242968749999995 0.587890625 0.4453703125 0.60546875 0.44782031250000004 0.6240234375 0.45125000000000004 0.666015625 0.4605578125 0.681640625 0.4659484375 0.669921875 0.46986718749999995 0.658203125 0.469378125 0.623046875 0.469378125 0.6025390625
21 0.5026953125 0.56640625 0.506125 0.5166015625 0.506125 0.482421875 0.506125 0.44921875 0.506125 0.4326171875 0.4948546875 0.4326171875 0.48015625 0.4345703125 0.4713375 0.4443359375 0.4683984375 0.46875 0.4683984375 0.4970703125 0.4688875 0.517578125 0.4713375 0.5439453125 0.4713375 0.5830078125 0.4713375 0.611328125 0.46986718749999995 0.640625 0.4747671875 0.677734375 0.484565625 0.6767578125 0.48995625 0.6513671875 0.49436562500000003 0.630859375 0.501225 0.6015625 0.5026953125 0.56640625
22 0.542871875 0.5810546875 0.5433609374999999 0.546875 0.54238125 0.5185546875 0.54238125 0.498046875 0.54238125 0.46484375 0.54238125 0.4375 0.5384609375 0.4296875 0.5271921875000001 0.427734375 0.515434375 0.427734375 0.5051453125 0.4375 0.5051453125 0.4521484375 0.505634375 0.4921875 0.5066140625 0.5341796875 0.51004375 0.5693359375 0.51004375 0.625 0.514453125 0.7021484375 0.5247421875 0.703125 0.5286625 0.685546875 0.5340515625 0.6650390625 0.5365015625 0.625 0.542871875 0.5810546875
30 0.5688390625 0.5634765625 0.5688390625 0.5322265625 0.567859375 0.50390625 0.567859375 0.4814453125 0.56491875 0.4677734375 0.5595296875 0.4580078125 0.54973125 0.4580078125 0.544340625 0.466796875 0.541890625 0.484375 0.5414015625 0.51171875 0.5414015625 0.5302734375 0.5414015625 0.5615234375 0.54483125 0.59765625 0.5472812499999999 0.615234375 0.5472812499999999 0.64453125 0.54973125 0.6767578125 0.558059375 0.6865234375 0.5619796874999999 0.6708984375 0.565409375 0.640625 0.5688390625 0.6083984375 0.5688390625 0.5634765625
29 0.60215625 0.58984375 0.604115625 0.55078125 0.6060749999999999 0.513671875 0.6055859375 0.490234375 0.6026453125 0.470703125 0.5987265625 0.46484375 0.5820671875000001 0.4638671875 0.5732484375 0.4833984375 0.5683484375 0.505859375 0.5688390625 0.5322265625 0.5727578125 0.568359375 0.574228125 0.603515625 0.5752078125 0.6171875 0.5820671875000001 0.666015625 0.584028125 0.6884765625 0.5908875 0.71484375 0.597746875 0.7109375 0.6026453125 0.6826171875 0.6026453125 0.6650390625 0.60215625 0.6279296875 0.60215625 0.58984375
23 0.63204375 0.6533203125 0.6330234375 0.6318359375 0.6330234375 0.595703125 0.62959375 0.5625 0.629103125 0.541015625 0.6349828125 0.5126953125 0.6359625 0.4912109375 0.6335124999999999 0.4833984375 0.6286140625 0.4765625 0.6217546875 0.4765625 0.6139140624999999 0.478515625 0.6070546875 0.4931640625 0.6055859375 0.5205078125 0.6031359375 0.5498046875 0.60215625 0.5888671875 0.6026453125 0.625 0.6011765625 0.654296875 0.6075453125 0.685546875 0.6139140624999999 0.69921875 0.620284375 0.7060546875 0.6276328125 0.693359375 0.6305734375000001 0.671875 0.63204375 0.6533203125
24 0.6624203125 0.6123046875 0.6668296875 0.5849609375 0.6687890624999999 0.5517578125 0.6687890624999999 0.529296875 0.6687890624999999 0.5166015625 0.667809375 0.4990234375 0.665359375 0.4873046875 0.656540625 0.484375 0.64723125 0.4892578125 0.6418421875 0.4921875 0.636453125 0.5087890625 0.6310625 0.5263671875 0.6300828125 0.5546875 0.634003125 0.5927734375 0.6354734375 0.6044921875 0.6369421875 0.6435546875 0.6393921875 0.66796875 0.6467421875 0.6953125 0.6531109374999999 0.705078125 0.6599703124999999 0.7001953125 0.6643796875 0.66796875 0.66585 0.6474609375 0.6624203125 0.6123046875
25 0.7123953125 0.6171875 0.71435625 0.578125 0.71680625 0.541015625 0.7207250000000001 0.5126953125 0.71435625 0.4990234375 0.7079859374999999 0.490234375 0.6986765625 0.4921875 0.6864281250000001 0.48046875 0.6736890625 0.4921875 0.6697703125000001 0.513671875 0.6692796875 0.5322265625 0.670259375 0.55859375 0.6732 0.5849609375 0.67466875 0.6123046875 0.6776093750000001 0.6396484375 0.6780984375 0.685546875 0.68691875 0.7021484375 0.6923078125 0.6875 0.6991671875 0.6748046875 0.70700625 0.65234375 0.7123953125 0.6171875
26 0.757471875 0.61328125 0.7658015625 0.5830078125 0.7672703125 0.5615234375 0.762371875 0.54296875 0.7515921875 0.529296875 0.743753125 0.517578125 0.73444375 0.5166015625 0.723665625 0.521484375 0.71680625 0.5390625 0.7177859375 0.5654296875 0.7177859375 0.5869140625 0.718275 0.6171875 0.7202359375 0.650390625 0.7212156249999999 0.6748046875 0.723665625 0.7021484375 0.72954375 0.6982421875 0.734934375 0.6845703125 0.7471828125 0.6669921875 0.755021875 0.6357421875 0.757471875 0.61328125
27 0.75698125 0.7822265625 0.7697203125 0.7607421875 0.778540625 0.7392578125 0.78931875 0.7216796875 0.7976484375 0.7001953125 0.798628125 0.6787109375 0.791278125 0.6455078125 0.7873593750000001 0.6259765625 0.782459375 0.623046875 0.76923125 0.6259765625 0.7584515625 0.6328125 0.7486531249999999 0.6572265625 0.7383640625 0.6953125 0.7310140625 0.720703125 0.73199375 0.7353515625 0.7334640625 0.75 0.7354234374999999 0.78125 0.7486531249999999 0.7861328125 0.75698125 0.7822265625
28 0.789809375 0.375 0.780009375 0.3623046875 0.7932390625 0.3134765625 0.7854 0.302734375 0.7756000000000001 0.322265625 0.7658015625 0.361328125 0.75698125 0.41015625 0.7545328125 0.46875 0.8103875 0.416015625 0.8157765625 0.3662109375 0.81185625 0.3349609375 0.7996078125 0.3505859375 0.789809375 0.375
0 0.7555125 0.4560546875 0.7633515625 0.412109375 0.76433125 0.37109375 0.771190625 0.3330078125 0.762371875 0.318359375 0.751103125 0.3466796875 0.7413031250000001 0.373046875 0.7413031250000001 0.3310546875 0.7447328125 0.28125 0.7339546875 0.283203125 0.728075 0.306640625 0.716315625 0.33984375 0.7065171875 0.3818359375 0.6972078125000001 0.427734375 0.6972078125000001 0.466796875 0.7104359375 0.46484375 0.728075 0.44921875 0.7315046875 0.484375 0.7471828125 0.48046875 0.7555125 0.4560546875
3 0.65458125 0.232421875 0.6438015625 0.2197265625 0.6369421875 0.24609375 0.6261640625 0.287109375 0.618325 0.3310546875 0.6148953125000001 0.3466796875 0.604115625 0.376953125 0.604115625 0.408203125 0.604115625 0.43359375 0.6217546875 0.4365234375 0.6447812500000001 0.427734375 0.6467421875 0.3837890625 0.6467421875 0.3251953125 0.65458125 0.232421875
4 0.610975 0.298828125 0.6148953125000001 0.248046875 0.612934375 0.1953125 0.6031359375 0.2021484375 0.5918671875 0.234375 0.5820671875000001 0.2802734375 0.5776578125 0.3310546875 0.5668796875 0.3818359375 0.5737390625 0.39453125 0.583046875 0.4208984375 0.5962765625 0.4208984375 0.606565625 0.4189453125 0.6075453125 0.3876953125 0.6075453125 0.3486328125 0.610975 0.298828125
5 0.5781484375 0.306640625 0.57226875 0.2412109375 0.570309375 0.2060546875 0.5644296875 0.158203125 0.5570796875 0.2021484375 0.5482609375 0.2529296875 0.5414015625 0.3046875 0.540421875 0.3505859375 0.540421875 0.3837890625 0.5463015625 0.4189453125 0.5624687500000001 0.4208984375 0.569328125 0.4013671875 0.570309375 0.3818359375 0.5756984375 0.341796875 0.5781484375 0.306640625
6 0.5384609375 0.2568359375 0.5360125 0.197265625 0.5208234375 0.20703125 0.515434375 0.2392578125 0.515434375 0.2919921875 0.514453125 0.3251953125 0.5120046874999999 0.361328125 0.5120046874999999 0.408203125 0.5262125 0.4169921875 0.5414015625 0.4140625 0.541890625 0.373046875 0.541890625 0.322265625 0.5384609375 0.2568359375
7 0.5139640625 0.298828125 0.5139640625 0.2412109375 0.5075937500000001 0.1884765625 0.5007343750000001 0.2353515625 0.49436562500000003 0.2744140625 0.4889765625 0.3154296875 0.4889765625 0.3642578125 0.485546875 0.408203125 0.4953453125 0.4169921875 0.5110234375 0.41015625 0.5110234375 0.3876953125 0.5139640625 0.3466796875 0.5139640625 0.298828125
8 0.48652656250000004 0.265625 0.48652656250000004 0.21484375 0.4737875 0.208984375 0.4713375 0.2744140625 0.46496875 0.3251953125 0.4639875 0.373046875 0.4639875 0.41015625 0.47770625000000005 0.4169921875 0.4879953125 0.412109375 0.487015625 0.3837890625 0.49093593750000003 0.3251953125 0.48652656250000004 0.265625
9 0.4634984375 0.3095703125 0.4683984375 0.2548828125 0.4659484375 0.23046875 0.45908906250000003 0.1865234375 0.45369843750000005 0.171875 0.4439 0.177734375 0.44145 0.2236328125 0.44145 0.26953125 0.44145 0.3115234375 0.4360609375 0.3623046875 0.4360609375 0.4072265625 0.45075937499999996 0.4140625 0.4639875 0.408203125 0.4634984375 0.376953125 0.4634984375 0.33984375 0.4634984375 0.3095703125
10 0.4360609375 0.28515625 0.4331203125 0.1953125 0.42332187499999996 0.158203125 0.4174421875 0.173828125 0.41009375 0.2001953125 0.403234375 0.2431640625 0.403234375 0.2958984375 0.4086234375 0.359375 0.4086234375 0.4072265625 0.429690625 0.4189453125 0.43655 0.4013671875 0.43655 0.37890625 0.439490625 0.3447265625 0.4360609375 0.28515625
11 0.402253125 0.2705078125 0.389025 0.208984375 0.3738359375 0.193359375 0.3767765625 0.2412109375 0.3767765625 0.3046875 0.3767765625 0.3447265625 0.3767765625 0.3876953125 0.381675 0.4169921875 0.3968640625 0.4208984375 0.4091125 0.4072265625 0.4086234375 0.3642578125 0.403234375 0.3203125 0.402253125 0.2705078125
12 0.3640375 0.302734375 0.359628125 0.267578125 0.35276874999999996 0.23046875 0.34541875 0.208984375 0.338559375 0.208984375 0.3366 0.2412109375 0.33415 0.2763671875 0.33610937500000004 0.34375 0.3375796875 0.3896484375 0.3375796875 0.427734375 0.3517890625 0.4248046875 0.38265625000000003 0.4169921875 0.38020624999999997 0.3857421875 0.3723671875 0.3447265625 0.3640375 0.302734375
15 0.2944640625 0.4072265625 0.29005312499999997 0.373046875 0.277315625 0.34375 0.26506562499999997 0.3095703125 0.25379687500000003 0.2763671875 0.240078125 0.263671875 0.237628125 0.287109375 0.2508578125 0.31640625 0.2552671875 0.3525390625 0.24742812500000003 0.353515625 0.23664843750000003 0.32421875 0.222440625 0.298828125 0.20921093750000003 0.2939453125 0.20382187499999999 0.3076171875 0.221459375 0.3515625 0.2302796875 0.3857421875 0.2493875 0.4541015625 0.2616359375 0.462890625 0.2738859375 0.4423828125 0.2871140625 0.4423828125 0.2969125 0.42578125 0.2944640625 0.4072265625
16 0.2439984375 0.4404296875 0.2322390625 0.4072265625 0.2234203125 0.3662109375 0.210190625 0.3251953125 0.1994125 0.318359375 0.1793234375 0.35546875 0.1793234375 0.3984375 0.180303125 0.4248046875 0.1861828125 0.4580078125 0.1861828125 0.498046875 0.20137187499999998 0.4951171875 0.212640625 0.48046875 0.231259375 0.466796875 0.2439984375 0.4580078125 0.2439984375 0.4404296875