31 0.258696875 0.3603515625 0.258696875 0.3193359375 0.258696875 0.2939453125 0.2479171875 0.283203125 0.23076875000000002 0.2880859375 0.21362031250000002 0.328125 0.1994125 0.3818359375 0.19647187500000002 0.4453125 0.21802968749999999 0.447265625 0.226359375 0.4609375 0.23909843749999998 0.466796875 0.249878125 0.4130859375 0.258696875 0.3603515625
2 0.2983828125 0.4267578125 0.29495312500000004 0.3662109375 0.29299375 0.330078125 0.2895640625 0.2978515625 0.28123437500000004 0.28515625 0.262615625 0.2880859375 0.262615625 0.3427734375 0.2542875 0.39453125 0.24252812499999998 0.4521484375 0.2508578125 0.490234375 0.26800625 0.490234375 0.28123437500000004 0.490234375 0.2983828125 0.484375 0.2983828125 0.4267578125
13 0.3517890625 0.484375 0.3517890625 0.439453125 0.34835937499999997 0.3798828125 0.341009375 0.3408203125 0.3282703125 0.2978515625 0.3140625 0.283203125 0.29495312500000004 0.28125 0.29495312500000004 0.3427734375 0.2959328125 0.3837890625 0.2969125 0.423828125 0.2969125 0.4755859375 0.30034375 0.513671875 0.3194515625 0.513671875 0.3419890625 0.513671875 0.3517890625 0.484375
17 0.387065625 0.4072265625 0.387065625 0.3642578125 0.387065625 0.3154296875 0.381675 0.2978515625 0.3561984375 0.30859375 0.3561984375 0.3603515625 0.3517890625 0.421875 0.3493390625 0.46875 0.34835937499999997 0.4990234375 0.36648749999999997 0.5185546875 0.3860859375 0.4921875 0.3860859375 0.447265625 0.387065625 0.4072265625
18 0.389025 0.529296875 0.39637500000000003 0.529296875 0.4017640625 0.5234375 0.40519375 0.5048828125 0.40764374999999997 0.4736328125 0.40764374999999997 0.4375 0.40764374999999997 0.408203125 0.4086234375 0.37890625 0.409603125 0.341796875 0.409603125 0.322265625 0.409603125 0.30859375 0.4042140625 0.3037109375 0.3944140625 0.3115234375 0.389025 0.328125 0.38804531249999996 0.361328125 0.3860859375 0.3896484375 0.38510468750000004 0.421875 0.384615625 0.4580078125 0.381675 0.486328125 0.3787359375 0.5107421875 0.384125 0.5234375 0.389025 0.529296875
19 0.40764374999999997 0.509765625 0.4086234375 0.529296875 0.415971875 0.5439453125 0.4272421875 0.5458984375 0.43508125 0.541015625 0.4409609375 0.5302734375 0.443409375 0.515625 0.4448796875 0.484375 0.4448796875 0.4541015625 0.4409609375 0.4169921875 0.4385109375 0.3876953125 0.4385109375 0.3642578125 0.43459062499999995 0.330078125 0.42626093750000005 0.310546875 0.42283125000000005 0.302734375 0.4135234375 0.2978515625 0.41058281250000006 0.3310546875 0.41156249999999994 0.373046875 0.41156249999999994 0.3994140625 0.41058281250000006 0.4140625 0.409603125 0.4462890625 0.4081328125 0.4716796875 0.40764374999999997 0.4921875 0.40764374999999997 0.509765625
20 0.44782031250000004 0.5478515625 0.459578125 0.5498046875 0.4683984375 0.544921875 0.4683984375 0.5107421875 0.4688875 0.4716796875 0.4688875 0.4345703125 0.469378125 0.3974609375 0.469378125 0.376953125 0.46986718749999995 0.341796875 0.4659484375 0.330078125 0.4605578125 0.318359375 0.45125000000000004 0.333984375 0.44782031250000004 0.3759765625 0.4453703125 0.39453125 0.44242968749999995 0.412109375 0.44439062500000004 0.4365234375 0.44439062500000004 0.4619140625 0.4439 0.4921875 0.4439 0.5205078125 0.44782031250000004 0.5478515625
21 0.4713375 0.5556640625 0.48015625 0.5654296875 0.4948546875 0.5673828125 0.506125 0.5673828125 0.506125 0.55078125 0.506125 0.517578125 0.506125 0.4833984375 0.5026953125 0.43359375 0.501225 0.3984375 0.49436562500000003 0.369140625 0.48995625 0.3486328125 0.484565625 0.3232421875 0.4747671875 0.322265625 0.46986718749999995 0.359375 0.4713375 0.388671875 0.4713375 0.4169921875 0.4713375 0.4560546875 0.4688875 0.482421875 0.4683984375 0.5029296875 0.4683984375 0.53125 0.4713375 0.5556640625
22 0.5271921875000001 0.572265625 0.5384609375 0.5703125 0.54238125 0.5625 0.54238125 0.53515625 0.54238125 0.501953125 0.54238125 0.4814453125 0.5433609374999999 0.453125 0.542871875 0.4189453125 0.5365015625 0.375 0.5340515625 0.3349609375 0.5286625 0.314453125 0.5247421875 0.296875 0.514453125 0.2978515625 0.51004375 0.375 0.51004375 0.4306640625 0.5066140625 0.4658203125 0.505634375 0.5078125 0.5051453125 0.5478515625 0.5051453125 0.5625 0.515434375 0.572265625 0.5271921875000001 0.572265625
30 0.544340625 0.533203125 0.54973125 0.5419921875 0.5595296875 0.5419921875 0.56491875 0.5322265625 0.567859375 0.5185546875 0.567859375 0.49609375 0.5688390625 0.4677734375 0.5688390625 0.4365234375 0.5688390625 0.3916015625 0.565409375 0.359375 0.5619796874999999 0.3291015625 0.558059375 0.3134765625 0.54973125 0.3232421875 0.5472812499999999 0.35546875 0.5472812499999999 0.384765625 0.54483125 0.40234375 0.5414015625 0.4384765625 0.5414015625 0.4697265625 0.5414015625 0.48828125 0.541890625 0.515625 0.544340625 0.533203125
29 0.5732484375 0.5166015625 0.5820671875000001 0.5361328125 0.5987265625 0.53515625 0.6026453125 0.529296875 0.6055859375 0.509765625 0.6060749999999999 0.486328125 0.604115625 0.44921875 0.60215625 0.41015625 0.60215625 0.3720703125 0.6026453125 0.3349609375 0.6026453125 0.3173828125 0.597746875 0.2890625 0.5908875 0.28515625 0.584028125 0.3115234375 0.5820671875000001 0.333984375 0.5752078125 0.3828125 0.574228125 0.396484375 0.5727578125 0.431640625 0.5688390625 0.4677734375 0.5683484375 0.494140625 0.5732484375 0.5166015625
23 0.6217546875 0.5234375 0.6286140625 0.5234375 0.6335124999999999 0.5166015625 0.6359625 0.5087890625 0.6349828125 0.4873046875 0.629103125 0.458984375 0.62959375 0.4375 0.6330234375 0.404296875 0.6330234375 0.3681640625 0.63204375 0.3466796875 0.6305734375000001 0.328125 0.6276328125 0.306640625 0.620284375 0.2939453125 0.6139140624999999 0.30078125 0.6075453125 0.314453125 0.6011765625 0.345703125 0.6026453125 0.375 0.60215625 0.4111328125 0.6031359375 0.4501953125 0.6055859375 0.4794921875 0.6070546875 0.5068359375 0.6139140624999999 0.521484375 0.6217546875 0.5234375
24 0.6418421875 0.5078125 0.64723125 0.5107421875 0.656540625 0.515625 0.665359375 0.5126953125 0.667809375 0.5009765625 0.6687890624999999 0.4833984375 0.6687890624999999 0.470703125 0.6687890624999999 0.4482421875 0.6668296875 0.4150390625 0.6624203125 0.3876953125 0.66585 0.3525390625 0.6643796875 0.33203125 0.6599703124999999 0.2998046875 0.6531109374999999 0.294921875 0.6467421875 0.3046875 0.6393921875 0.33203125 0.6369421875 0.3564453125 0.6354734375 0.3955078125 0.634003125 0.4072265625 0.6300828125 0.4453125 0.6310625 0.4736328125 0.636453125 0.4912109375 0.6418421875 0.5078125
25 0.6864281250000001 0.51953125 0.6986765625 0.5078125 0.7079859374999999 0.509765625 0.71435625 0.5009765625 0.7207250000000001 0.4873046875 0.71680625 0.458984375 0.71435625 0.421875 0.7123953125 0.3828125 0.70700625 0.34765625 0.6991671875 0.3251953125 0.6923078125 0.3125 0.68691875 0.2978515625 0.6780984375 0.314453125 0.6776093750000001 0.3603515625 0.67466875 0.3876953125 0.6732 0.4150390625 0.670259375 0.44140625 0.6692796875 0.4677734375 0.6697703125000001 0.486328125 0.6736890625 0.5078125 0.6864281250000001 0.51953125
26 0.73444375 0.4833984375 0.743753125 0.482421875 0.7515921875 0.470703125 0.762371875 0.45703125 0.7672703125 0.4384765625 0.7658015625 0.4169921875 0.757471875 0.38671875 0.755021875 0.3642578125 0.7471828125 0.3330078125 0.734934375 0.3154296875 0.72954375 0.3017578125 0.723665625 0.2978515625 0.7212156249999999 0.3251953125 0.7202359375 0.349609375 0.718275 0.3828125 0.7177859375 0.4130859375 0.7177859375 0.4345703125 0.71680625 0.4609375 0.723665625 0.478515625 0.73444375 0.4833984375
27 0.798628125 0.3212890625 0.7976484375 0.2998046875 0.78931875 0.2783203125 0.778540625 0.2607421875 0.7697203125 0.2392578125 0.75698125 0.2177734375 0.7486531249999999 0.2138671875 0.7354234374999999 0.21875 0.7334640625 0.25 0.73199375 0.2646484375 0.7310140625 0.279296875 0.7383640625 0.3046875 0.7486531249999999 0.3427734375 0.7584515625 0.3671875 0.76923125 0.3740234375 0.782459375 0.376953125 0.7873593750000001 0.3740234375 0.791278125 0.3544921875 0.798628125 0.3212890625
28 0.7996078125 0.6494140625 0.81185625 0.6650390625 0.8157765625 0.6337890625 0.8103875 0.583984375 0.7545328125 0.53125 0.75698125 0.58984375 0.7658015625 0.638671875 0.7756000000000001 0.677734375 0.7854 0.697265625 0.7932390625 0.6865234375 0.780009375 0.6376953125 0.789809375 0.625 0.7996078125 0.6494140625
0 0.7413031250000001 0.626953125 0.751103125 0.6533203125 0.762371875 0.681640625 0.771190625 0.6669921875 0.76433125 0.62890625 0.7633515625 0.587890625 0.7555125 0.5439453125 0.7471828125 0.51953125 0.7315046875 0.515625 0.728075 0.55078125 0.7104359375 0.53515625 0.6972078125000001 0.533203125 0.6972078125000001 0.572265625 0.7065171875 0.6181640625 0.716315625 0.66015625 0.728075 0.693359375 0.7339546875 0.716796875 0.7447328125 0.71875 0.7413031250000001 0.6689453125 0.7413031250000001 0.626953125
3 0.65458125 0.767578125 0.6467421875 0.6748046875 0.6467421875 0.6162109375 0.6447812500000001 0.572265625 0.6217546875 0.5634765625 0.604115625 0.56640625 0.604115625 0.591796875 0.604115625 0.623046875 0.6148953125000001 0.6533203125 0.618325 0.6689453125 0.6261640625 0.712890625 0.6369421875 0.75390625 0.6438015625 0.7802734375 0.65458125 0.767578125
4 0.6148953125000001 0.751953125 0.610975 0.701171875 0.6075453125 0.6513671875 0.6075453125 0.6123046875 0.606565625 0.5810546875 0.5962765625 0.5791015625 0.583046875 0.5791015625 0.5737390625 0.60546875 0.5668796875 0.6181640625 0.5776578125 0.6689453125 0.5820671875000001 0.7197265625 0.5918671875 0.765625 0.6031359375 0.7978515625 0.612934375 0.8046875 0.6148953125000001 0.751953125
5 0.57226875 0.7587890625 0.5781484375 0.693359375 0.5756984375 0.658203125 0.570309375 0.6181640625 0.569328125 0.5986328125 0.5624687500000001 0.5791015625 0.5463015625 0.5810546875 0.540421875 0.6162109375 0.540421875 0.6494140625 0.5414015625 0.6953125 0.5482609375 0.7470703125 0.5570796875 0.7978515625 0.5644296875 0.841796875 0.570309375 0.7939453125 0.57226875 0.7587890625
6 0.541890625 0.677734375 0.541890625 0.626953125 0.5414015625 0.5859375 0.5262125 0.5830078125 0.5120046874999999 0.591796875 0.5120046874999999 0.638671875 0.514453125 0.6748046875 0.515434375 0.7080078125 0.515434375 0.7607421875 0.5208234375 0.79296875 0.5360125 0.802734375 0.5384609375 0.7431640625 0.541890625 0.677734375
7 0.5139640625 0.6533203125 0.5110234375 0.6123046875 0.5110234375 0.58984375 0.4953453125 0.5830078125 0.485546875 0.591796875 0.4889765625 0.6357421875 0.4889765625 0.6845703125 0.49436562500000003 0.7255859375 0.5007343750000001 0.7646484375 0.5075937500000001 0.8115234375 0.5139640625 0.7587890625 0.5139640625 0.701171875 0.5139640625 0.6533203125
8 0.487015625 0.6162109375 0.4879953125 0.587890625 0.47770625000000005 0.5830078125 0.4639875 0.58984375 0.4639875 0.626953125 0.46496875 0.6748046875 0.4713375 0.7255859375 0.4737875 0.791015625 0.48652656250000004 0.78515625 0.48652656250000004 0.734375 0.49093593750000003 0.6748046875 0.487015625 0.6162109375
9 0.4659484375 0.76953125 0.4683984375 0.7451171875 0.4634984375 0.6904296875 0.4634984375 0.66015625 0.4634984375 0.623046875 0.4639875 0.591796875 0.45075937499999996 0.5859375 0.4360609375 0.5927734375 0.4360609375 0.6376953125 0.44145 0.6884765625 0.44145 0.73046875 0.44145 0.7763671875 0.4439 0.822265625 0.45369843750000005 0.828125 0.45908906250000003 0.8134765625 0.4659484375 0.76953125
10 0.4360609375 0.71484375 0.439490625 0.6552734375 0.43655 0.62109375 0.43655 0.5986328125 0.429690625 0.5810546875 0.4086234375 0.5927734375 0.4086234375 0.640625 0.403234375 0.7041015625 0.403234375 0.7568359375 0.41009375 0.7998046875 0.4174421875 0.826171875 0.42332187499999996 0.841796875 0.4331203125 0.8046875 0.4360609375 0.71484375
11 0.403234375 0.6796875 0.4086234375 0.6357421875 0.4091125 0.5927734375 0.3968640625 0.5791015625 0.381675 0.5830078125 0.3767765625 0.6123046875 0.3767765625 0.6552734375 0.3767765625 0.6953125 0.3767765625 0.7587890625 0.3738359375 0.806640625 0.389025 0.791015625 0.402253125 0.7294921875 0.403234375 0.6796875
12 0.359628125 0.732421875 0.3640375 0.697265625 0.3723671875 0.6552734375 0.38020624999999997 0.6142578125 0.38265625000000003 0.5830078125 0.3517890625 0.5751953125 0.3375796875 0.572265625 0.3375796875 0.6103515625 0.33610937500000004 0.65625 0.33415 0.7236328125 0.3366 0.7587890625 0.338559375 0.791015625 0.34541875 0.791015625 0.35276874999999996 0.76953125 0.359628125 0.732421875
15 0.2552671875 0.6474609375 0.2508578125 0.68359375 0.237628125 0.712890625 0.240078125 0.736328125 0.25379687500000003 0.7236328125 0.26506562499999997 0.6904296875 0.277315625 0.65625 0.29005312499999997 0.626953125 0.2944640625 0.5927734375 0.2969125 0.57421875 0.2871140625 0.5576171875 0.2738859375 0.5576171875 0.2616359375 0.537109375 0.2493875 0.5458984375 0.2302796875 0.6142578125 0.221459375 0.6484375 0.20382187499999999 0.6923828125 0.20921093750000003 0.7060546875 0.222440625 0.701171875 0.23664843750000003 0.67578125 0.24742812500000003 0.646484375 0.2552671875 0.6474609375
16 0.2322390625 0.5927734375 0.2439984375 0.5595703125 0.2439984375 0.5419921875 0.231259375 0.533203125 0.212640625 0.51953125 0.20137187499999998 0.5048828125 0.1861828125 0.501953125 0.1861828125 0.5419921875 0.180303125 0.5751953125 0.1793234375 0.6015625 0.1793234375 0.64453125 0.1994125 0.681640625 0.210190625 0.6748046875 0.2234203125 0.6337890625 0.2322390625 0.5927734375