17 0.2944640625 0.576171875 0.3013234375 0.583984375 0.3067125 0.5791015625 0.31161249999999996 0.5712890625 0.3145515625 0.564453125 0.31651093750000003 0.5517578125 0.31749218749999997 0.5439453125 0.3150421875 0.521484375 0.31308125000000003 0.5087890625 0.3121015625 0.4892578125 0.31308125000000003 0.46484375 0.31308125000000003 0.4482421875 0.3101421875 0.4375 0.3081828125 0.4208984375 0.3018125 0.408203125 0.2871140625 0.3916015625 0.279275 0.423828125 0.274375 0.4736328125 0.2689859375 0.5224609375 0.2665359375 0.544921875 0.27192500000000003 0.5576171875 0.278784375 0.572265625 0.2876046875 0.572265625 0.2944640625 0.576171875
18 0.3150421875 0.5625 0.31798125 0.580078125 0.3243515625 0.59765625 0.3326796875 0.603515625 0.3395390625 0.587890625 0.347378125 0.5947265625 0.3581578125 0.587890625 0.36550781250000003 0.5830078125 0.36795625 0.5751953125 0.368446875 0.5615234375 0.36893750000000003 0.548828125 0.36648749999999997 0.5341796875 0.36060781249999996 0.5166015625 0.3601171875 0.5 0.3601171875 0.4833984375 0.36060781249999996 0.46484375 0.3537484375 0.44921875 0.3463984375 0.4345703125 0.32778125 0.4296875 0.3194515625 0.4462890625 0.3170015625 0.4716796875 0.316021875 0.4892578125 0.32092187499999997 0.5048828125 0.3219015625 0.5166015625 0.3189609375 0.529296875 0.3170015625 0.544921875 0.3150421875 0.5625
19 0.370896875 0.6064453125 0.377265625 0.609375 0.388534375 0.6015625 0.3944140625 0.591796875 0.398334375 0.57421875 0.402253125 0.5634765625 0.39882343750000004 0.5458984375 0.398334375 0.5205078125 0.3993140625 0.4873046875 0.40029375 0.46484375 0.4017640625 0.4384765625 0.4017640625 0.4208984375 0.395884375 0.4130859375 0.386575 0.4169921875 0.3831453125 0.4521484375 0.3762859375 0.482421875 0.3738359375 0.505859375 0.3694265625 0.5322265625 0.368446875 0.5556640625 0.3669765625 0.576171875 0.36550781250000003 0.58984375 0.370896875 0.6064453125
19 0.39637500000000003 0.58203125 0.395884375 0.59765625 0.398334375 0.611328125 0.4042140625 0.6240234375 0.4086234375 0.6298828125 0.41548281249999997 0.6279296875 0.42283125000000005 0.6259765625 0.429690625 0.6162109375 0.432140625 0.607421875 0.43263125 0.5966796875 0.43263125 0.5810546875 0.4331203125 0.54296875 0.4331203125 0.51953125 0.4292015625 0.462890625 0.42822187500000003 0.42578125 0.4272421875 0.408203125 0.41891249999999997 0.384765625 0.40764374999999997 0.4228515625 0.400784375 0.453125 0.40029375 0.4765625 0.3998046875 0.5048828125 0.3993140625 0.5341796875 0.40029375 0.552734375 0.400784375 0.56640625 0.39637500000000003 0.58203125
20 0.43459062499999995 0.5849609375 0.4331203125 0.6015625 0.43508125 0.6162109375 0.4399796875 0.6279296875 0.4448796875 0.6337890625 0.4546796875 0.6396484375 0.4605578125 0.63671875 0.46545781249999996 0.6328125 0.4683984375 0.615234375 0.469378125 0.5966796875 0.4688875 0.5712890625 0.4683984375 0.5390625 0.4688875 0.5107421875 0.4674171875 0.4765625 0.4659484375 0.44921875 0.4615390625 0.427734375 0.44977968749999997 0.431640625 0.4473296875 0.443359375 0.4439 0.46484375 0.441940625 0.486328125 0.4404703125 0.509765625 0.4399796875 0.53125 0.437040625 0.564453125 0.43459062499999995 0.5849609375
21 0.4688875 0.609375 0.469378125 0.6279296875 0.4737875 0.6396484375 0.48113593750000005 0.642578125 0.48848593749999997 0.6416015625 0.496815625 0.6318359375 0.5026953125 0.625 0.5026953125 0.59765625 0.5007343750000001 0.5546875 0.5002453124999999 0.515625 0.4953453125 0.470703125 0.49093593750000003 0.4501953125 0.4821171875 0.453125 0.4791765625 0.466796875 0.475746875 0.490234375 0.47427656249999994 0.515625 0.47182812500000004 0.5390625 0.470846875 0.5576171875 0.4688875 0.5791015625 0.4688875 0.609375
22 0.503675 0.61328125 0.503675 0.626953125 0.510534375 0.6337890625 0.5183734375 0.6435546875 0.5286625 0.642578125 0.5355218749999999 0.6357421875 0.5409109375 0.6201171875 0.5409109375 0.6044921875 0.5409109375 0.5859375 0.5369921875 0.5322265625 0.5350312500000001 0.4951171875 0.5316015625 0.4599609375 0.5178828125 0.4453125 0.5139640625 0.4638671875 0.5110234375 0.484375 0.5080843749999999 0.5078125 0.5071046875 0.5390625 0.5071046875 0.5595703125 0.5046546875 0.5771484375 0.503184375 0.5908203125 0.503675 0.61328125
30 0.5409109375 0.5947265625 0.5409109375 0.62109375 0.5438515625 0.6396484375 0.5521796875 0.64453125 0.5600203125000001 0.64453125 0.5712890625 0.63671875 0.57716875 0.6279296875 0.5781484375 0.6162109375 0.5776578125 0.5986328125 0.5752078125 0.57421875 0.571778125 0.5439453125 0.56981875 0.5185546875 0.5688390625 0.4931640625 0.5668796875 0.4462890625 0.5644296875 0.439453125 0.5561 0.4296875 0.54875 0.4462890625 0.5458109375 0.466796875 0.544340625 0.494140625 0.544340625 0.5107421875 0.5458109375 0.5322265625 0.544340625 0.548828125 0.5433609374999999 0.5751953125 0.5409109375 0.5947265625
29 0.579128125 0.6142578125 0.584028125 0.626953125 0.5913765625 0.6328125 0.5987265625 0.634765625 0.6031359375 0.626953125 0.609015625 0.6064453125 0.611465625 0.5908203125 0.60215625 0.5322265625 0.599215625 0.48046875 0.5938265625 0.4462890625 0.587946875 0.423828125 0.5801078125 0.4306640625 0.5752078125 0.4521484375 0.5732484375 0.4736328125 0.5712890625 0.509765625 0.5712890625 0.5361328125 0.5761875 0.572265625 0.576678125 0.5908203125 0.579128125 0.6142578125
23 0.6168546874999999 0.6005859375 0.6217546875 0.609375 0.62959375 0.62109375 0.6359625 0.6181640625 0.6433125000000001 0.611328125 0.64723125 0.59765625 0.647721875 0.5810546875 0.647721875 0.564453125 0.6418421875 0.54296875 0.6369421875 0.5068359375 0.634003125 0.4765625 0.63204375 0.4521484375 0.63204375 0.4306640625 0.624203125 0.43359375 0.61979375 0.4609375 0.6144046875 0.490234375 0.6075453125 0.525390625 0.606565625 0.5458984375 0.6070546875 0.5625 0.609015625 0.5791015625 0.611465625 0.5908203125 0.6168546874999999 0.6005859375
24 0.64723125 0.5703125 0.6491921875 0.5859375 0.6521312499999999 0.59375 0.65458125 0.6015625 0.658990625 0.60546875 0.66585 0.609375 0.6687890624999999 0.6015625 0.6732 0.59765625 0.67711875 0.6064453125 0.683978125 0.6064453125 0.6883874999999999 0.595703125 0.691328125 0.5859375 0.6908375 0.5673828125 0.688878125 0.537109375 0.6898578125 0.5185546875 0.6932875000000001 0.505859375 0.6923078125 0.48828125 0.6937781249999999 0.46875 0.6937781249999999 0.44921875 0.6893671875 0.439453125 0.679078125 0.4306640625 0.67075 0.435546875 0.663890625 0.4541015625 0.65948125 0.4765625 0.65703125 0.501953125 0.65703125 0.5166015625 0.6555609375 0.529296875 0.6521312499999999 0.54296875 0.6487015625 0.5576171875 0.64723125 0.5703125
25 0.6932875000000001 0.564453125 0.6981875 0.5751953125 0.7040671875 0.5810546875 0.7138656250000001 0.5732421875 0.7207250000000001 0.564453125 0.72954375 0.5556640625 0.7359140625 0.5419921875 0.7334640625 0.529296875 0.730034375 0.5185546875 0.7270953125 0.4912109375 0.7285640625 0.470703125 0.72954375 0.44140625 0.7246453125000001 0.4267578125 0.71680625 0.43359375 0.7065171875 0.4462890625 0.6991671875 0.4677734375 0.6962265624999999 0.4853515625 0.6967171875 0.5009765625 0.6967171875 0.5185546875 0.6937781249999999 0.541015625 0.6932875000000001 0.564453125
26 0.7378734375 0.541015625 0.7422828124999999 0.5498046875 0.7481625000000001 0.552734375 0.7564921874999999 0.5458984375 0.76188125 0.5380859375 0.7682515624999999 0.5322265625 0.7746203125 0.5302734375 0.7770703125 0.5234375 0.7770703125 0.5078125 0.771190625 0.4609375 0.7721703125 0.443359375 0.7682515624999999 0.408203125 0.762371875 0.396484375 0.7496328125 0.40625 0.7422828124999999 0.423828125 0.7403234375000001 0.4482421875 0.7398328125 0.4677734375 0.7378734375 0.490234375 0.7354234374999999 0.5107421875 0.7359140625 0.5302734375 0.7378734375 0.541015625
0 0.757471875 0.72265625 0.780009375 0.708984375 0.78295 0.662109375 0.77315 0.6328125 0.766290625 0.6064453125 0.75943125 0.5810546875 0.7378734375 0.5849609375 0.723665625 0.6064453125 0.7177859375 0.6328125 0.7324843750000001 0.6640625 0.757471875 0.72265625
1 0.7633515625 0.76171875 0.7672703125 0.740234375 0.74179375 0.685546875 0.708965625 0.6103515625 0.691328125 0.62890625 0.667809375 0.666015625 0.681528125 0.701171875 0.6962265624999999 0.7265625 0.7158249999999999 0.767578125 0.734934375 0.787109375 0.7535515625 0.779296875 0.7633515625 0.76171875
3 0.6261640625 0.7578125 0.63204375 0.8212890625 0.6359625 0.8720703125 0.6447812500000001 0.9033203125 0.6560515625 0.8818359375 0.6560515625 0.8291015625 0.6511515625000001 0.76171875 0.6457625 0.712890625 0.6447812500000001 0.666015625 0.634003125 0.6484375 0.6163640625 0.654296875 0.608525 0.685546875 0.6261640625 0.7578125
4 0.5859875 0.740234375 0.592846875 0.7900390625 0.59970625 0.8486328125 0.608525 0.8818359375 0.6173437500000001 0.8623046875 0.613425 0.8115234375 0.610484375 0.75390625 0.611465625 0.716796875 0.6075453125 0.677734375 0.597746875 0.66015625 0.5869671875 0.666015625 0.57716875 0.685546875 0.5859875 0.740234375
5 0.54973125 0.6826171875 0.5458109375 0.703125 0.5526703125 0.7490234375 0.5575703125 0.8056640625 0.5683484375 0.8447265625 0.579128125 0.88671875 0.5913765625 0.8994140625 0.596765625 0.8740234375 0.5933359375 0.8330078125 0.5889265625 0.7978515625 0.5869671875 0.765625 0.5810875 0.7314453125 0.57716875 0.6923828125 0.5727578125 0.6708984375 0.555609375 0.6533203125 0.54973125 0.6826171875
6 0.5311125 0.6669921875 0.5193531250000001 0.6796875 0.5213125 0.7099609375 0.5257234375000001 0.7431640625 0.533071875 0.7841796875 0.5389515625 0.82421875 0.54973125 0.8388671875 0.5507109375 0.81640625 0.5463015625 0.791015625 0.5438515625 0.767578125 0.5438515625 0.736328125 0.5438515625 0.7080078125 0.5472812499999999 0.6845703125 0.5453203125 0.666015625 0.5311125 0.6669921875
9 0.4605578125 0.8447265625 0.4674171875 0.806640625 0.4747671875 0.6796875 0.458109375 0.666015625 0.44782031250000004 0.666015625 0.45026875000000005 0.71875 0.4492890625 0.7451171875 0.44585937500000006 0.7861328125 0.44977968749999997 0.8173828125 0.45125000000000004 0.84765625 0.4605578125 0.8447265625
10 0.43802031250000006 0.8271484375 0.44145 0.802734375 0.44585937500000006 0.748046875 0.4439 0.6611328125 0.4360609375 0.6484375 0.42234218749999997 0.666015625 0.409603125 0.828125 0.414503125 0.87109375 0.42528125 0.869140625 0.43459062499999995 0.8466796875 0.43802031250000006 0.8271484375
11 0.379715625 0.8525390625 0.39294531250000003 0.8271484375 0.40029375 0.7958984375 0.41695312500000004 0.6669921875 0.40715312499999995 0.654296875 0.393434375 0.646484375 0.384615625 0.6669921875 0.384125 0.69921875 0.38363593749999997 0.7451171875 0.38265625000000003 0.7763671875 0.38020624999999997 0.8271484375 0.379715625 0.8525390625
12 0.349828125 0.833984375 0.3615875 0.8095703125 0.370896875 0.755859375 0.37775625 0.703125 0.3860859375 0.65625 0.38020624999999997 0.6376953125 0.368446875 0.6337890625 0.35276874999999996 0.6494140625 0.3493390625 0.6689453125 0.3517890625 0.6943359375 0.3488484375 0.7265625 0.34688906249999996 0.7646484375 0.347378125 0.798828125 0.349828125 0.833984375
15 0.3042625 0.689453125 0.3145515625 0.669921875 0.3189609375 0.65234375 0.3219015625 0.6337890625 0.3125921875 0.6240234375 0.299853125 0.6220703125 0.2920140625 0.5927734375 0.2807453125 0.6005859375 0.2714359375 0.6015625 0.2665359375 0.6201171875 0.2621265625 0.64453125 0.258696875 0.6611328125 0.2523265625 0.669921875 0.24252812499999998 0.6826171875 0.2371390625 0.7080078125 0.2293 0.7197265625 0.22782968750000002 0.763671875 0.24056875 0.7705078125 0.25477656249999997 0.765625 0.2714359375 0.7490234375 0.2822140625 0.7314453125 0.292503125 0.7119140625 0.3042625 0.689453125
7 0.5120046874999999 0.6767578125 0.49926562499999994 0.677734375 0.4977953125 0.6982421875 0.5002453124999999 0.71484375 0.5002453124999999 0.732421875 0.501225 0.7548828125 0.501225 0.7783203125 0.503675 0.8017578125 0.516903125 0.806640625 0.5188640625 0.7880859375 0.5164140625 0.7734375 0.5193531250000001 0.74609375 0.5183734375 0.7265625 0.5213125 0.6923828125 0.5120046874999999 0.6767578125
8 0.4953453125 0.6728515625 0.485546875 0.67578125 0.475746875 0.6796875 0.47329687500000006 0.701171875 0.475746875 0.7236328125 0.47770625000000005 0.7421875 0.47868750000000004 0.76171875 0.48260625 0.779296875 0.48309687500000004 0.802734375 0.49240625 0.80859375 0.4958359375 0.787109375 0.4958359375 0.7685546875 0.4958359375 0.7431640625 0.4953453125 0.7275390625 0.4958359375 0.701171875 0.4953453125 0.6728515625