17 0.68691875 0.46484375 0.6878984375 0.4892578125 0.68691875 0.5087890625 0.6849578125 0.521484375 0.6825078125 0.5439453125 0.6834890625 0.5517578125 0.6854484375000001 0.564453125 0.6883874999999999 0.5712890625 0.6932875000000001 0.5791015625 0.6986765625 0.583984375 0.7055359375 0.576171875 0.7123953125 0.572265625 0.7212156249999999 0.572265625 0.728075 0.5576171875 0.7334640625 0.544921875 0.7310140625 0.5224609375 0.725625 0.4736328125 0.7207250000000001 0.423828125 0.7128859375000001 0.3916015625 0.6981875 0.408203125 0.6918171875 0.4208984375 0.6898578125 0.4375 0.68691875 0.4482421875 0.68691875 0.46484375
18 0.6398828125 0.5 0.6393921875 0.5166015625 0.6335124999999999 0.5341796875 0.6310625 0.548828125 0.631553125 0.5615234375 0.63204375 0.5751953125 0.6344921875 0.5830078125 0.6418421875 0.587890625 0.652621875 0.5947265625 0.6604609375 0.587890625 0.6673203125 0.603515625 0.6756484375 0.59765625 0.68201875 0.580078125 0.6849578125 0.5625 0.6829984375 0.544921875 0.6810390625 0.529296875 0.6780984375 0.5166015625 0.679078125 0.5048828125 0.683978125 0.4892578125 0.6829984375 0.4716796875 0.6805484374999999 0.4462890625 0.6722187500000001 0.4296875 0.6536015625 0.4345703125 0.6462515625 0.44921875 0.6393921875 0.46484375 0.6398828125 0.4833984375 0.6398828125 0.5
19 0.6006859375 0.4873046875 0.601665625 0.5205078125 0.6011765625 0.5458984375 0.597746875 0.5634765625 0.601665625 0.57421875 0.6055859375 0.591796875 0.611465625 0.6015625 0.6227343750000001 0.609375 0.629103125 0.6064453125 0.6344921875 0.58984375 0.6330234375 0.576171875 0.631553125 0.5556640625 0.6305734375000001 0.5322265625 0.6261640625 0.505859375 0.6237140625 0.482421875 0.6168546874999999 0.4521484375 0.613425 0.4169921875 0.604115625 0.4130859375 0.5982359374999999 0.4208984375 0.5982359374999999 0.4384765625 0.59970625 0.46484375 0.6006859375 0.4873046875
19 0.5668796875 0.54296875 0.56736875 0.5810546875 0.56736875 0.5966796875 0.567859375 0.607421875 0.570309375 0.6162109375 0.57716875 0.6259765625 0.5845171875 0.6279296875 0.5913765625 0.6298828125 0.5957859375 0.6240234375 0.601665625 0.611328125 0.604115625 0.59765625 0.603625 0.58203125 0.599215625 0.56640625 0.59970625 0.552734375 0.6006859375 0.5341796875 0.6001953125 0.5048828125 0.59970625 0.4765625 0.599215625 0.453125 0.59235625 0.4228515625 0.5810875 0.384765625 0.5727578125 0.408203125 0.571778125 0.42578125 0.5707984374999999 0.462890625 0.5668796875 0.51953125 0.5668796875 0.54296875
20 0.5311125 0.5712890625 0.530621875 0.5966796875 0.5316015625 0.615234375 0.5345421875 0.6328125 0.5394421875 0.63671875 0.5453203125 0.6396484375 0.5551203124999999 0.6337890625 0.5600203125000001 0.6279296875 0.56491875 0.6162109375 0.5668796875 0.6015625 0.565409375 0.5849609375 0.5629593749999999 0.564453125 0.5600203125000001 0.53125 0.5595296875 0.509765625 0.558059375 0.486328125 0.5561 0.46484375 0.5526703125 0.443359375 0.5502203125 0.431640625 0.5384609375 0.427734375 0.5340515625 0.44921875 0.5325828125000001 0.4765625 0.5311125 0.5107421875 0.5316015625 0.5390625 0.5311125 0.5712890625
21 0.49730468749999995 0.625 0.503184375 0.6318359375 0.5115140625000001 0.6416015625 0.5188640625 0.642578125 0.5262125 0.6396484375 0.530621875 0.6279296875 0.5311125 0.609375 0.5311125 0.5791015625 0.529153125 0.5576171875 0.528171875 0.5390625 0.5257234375000001 0.515625 0.524253125 0.490234375 0.5208234375 0.466796875 0.5178828125 0.453125 0.5090640625 0.4501953125 0.5046546875 0.470703125 0.4997546875 0.515625 0.49926562499999994 0.5546875 0.49730468749999995 0.59765625 0.49730468749999995 0.625
22 0.45908906250000003 0.6044921875 0.45908906250000003 0.6201171875 0.464478125 0.6357421875 0.4713375 0.642578125 0.48162656249999997 0.6435546875 0.48946562499999996 0.6337890625 0.496325 0.626953125 0.496325 0.61328125 0.496815625 0.5908203125 0.4953453125 0.5771484375 0.49289531249999996 0.5595703125 0.49289531249999996 0.5390625 0.491915625 0.5078125 0.4889765625 0.484375 0.48603593749999996 0.4638671875 0.4821171875 0.4453125 0.4683984375 0.4599609375 0.46496875 0.4951171875 0.4630078125 0.5322265625 0.45908906250000003 0.5859375 0.45908906250000003 0.6044921875
30 0.42822187500000003 0.5439453125 0.42479218750000003 0.57421875 0.42234218749999997 0.5986328125 0.4218515625 0.6162109375 0.42283125000000005 0.6279296875 0.4287109375 0.63671875 0.4399796875 0.64453125 0.44782031250000004 0.64453125 0.4561484375 0.6396484375 0.45908906250000003 0.62109375 0.45908906250000003 0.5947265625 0.4566390625 0.5751953125 0.45565937500000003 0.548828125 0.45418906249999996 0.5322265625 0.45565937500000003 0.5107421875 0.45565937500000003 0.494140625 0.45418906249999996 0.466796875 0.45125000000000004 0.4462890625 0.4439 0.4296875 0.4355703125 0.439453125 0.4331203125 0.4462890625 0.43116093749999995 0.4931640625 0.43018124999999996 0.5185546875 0.42822187500000003 0.5439453125
29 0.390984375 0.6064453125 0.3968640625 0.626953125 0.4012734375 0.634765625 0.4086234375 0.6328125 0.415971875 0.626953125 0.420871875 0.6142578125 0.42332187499999996 0.5908203125 0.42381250000000004 0.572265625 0.4287109375 0.5361328125 0.4287109375 0.509765625 0.42675156249999996 0.4736328125 0.42479218750000003 0.4521484375 0.4198921875 0.4306640625 0.412053125 0.423828125 0.4061734375 0.4462890625 0.400784375 0.48046875 0.39784375 0.5322265625 0.388534375 0.5908203125 0.390984375 0.6064453125
23 0.3581578125 0.54296875 0.352278125 0.564453125 0.352278125 0.5810546875 0.35276874999999996 0.59765625 0.3566875 0.611328125 0.3640375 0.6181640625 0.37040625 0.62109375 0.3782453125 0.609375 0.3831453125 0.6005859375 0.388534375 0.5908203125 0.390984375 0.5791015625 0.39294531250000003 0.5625 0.393434375 0.5458984375 0.3924546875 0.525390625 0.3855953125 0.490234375 0.38020624999999997 0.4609375 0.375796875 0.43359375 0.36795625 0.4306640625 0.36795625 0.4521484375 0.365996875 0.4765625 0.3630578125 0.5068359375 0.3581578125 0.54296875
24 0.3076921875 0.48828125 0.3067125 0.505859375 0.3101421875 0.5185546875 0.311121875 0.537109375 0.3091625 0.5673828125 0.30867187500000004 0.5859375 0.31161249999999996 0.595703125 0.316021875 0.6064453125 0.32288125 0.6064453125 0.3268 0.59765625 0.33121093749999997 0.6015625 0.33415 0.609375 0.341009375 0.60546875 0.34541875 0.6015625 0.34786875 0.59375 0.3508078125 0.5859375 0.35276874999999996 0.5703125 0.3512984375 0.5576171875 0.34786875 0.54296875 0.3444390625 0.529296875 0.34296875 0.5166015625 0.34296875 0.501953125 0.34051875 0.4765625 0.33610937500000004 0.4541015625 0.32925 0.435546875 0.32092187499999997 0.4306640625 0.3106328125 0.439453125 0.306221875 0.44921875 0.306221875 0.46875 0.3076921875 0.48828125
25 0.2665359375 0.529296875 0.2640859375 0.5419921875 0.27045625 0.5556640625 0.279275 0.564453125 0.286134375 0.5732421875 0.2959328125 0.5810546875 0.3018125 0.5751953125 0.3067125 0.564453125 0.306221875 0.541015625 0.3032828125 0.5185546875 0.3032828125 0.5009765625 0.30377343749999997 0.4853515625 0.3008328125 0.4677734375 0.2934828125 0.4462890625 0.28319375 0.43359375 0.27535468750000003 0.4267578125 0.27045625 0.44140625 0.2714359375 0.470703125 0.27290468749999997 0.4912109375 0.269965625 0.5185546875 0.2665359375 0.529296875
26 0.22292968750000003 0.5234375 0.22537968749999998 0.5302734375 0.2317484375 0.5322265625 0.23811875 0.5380859375 0.2435078125 0.5458984375 0.2518375 0.552734375 0.2577171875 0.5498046875 0.2621265625 0.541015625 0.2640859375 0.5302734375 0.2645765625 0.5107421875 0.2621265625 0.490234375 0.2601671875 0.4677734375 0.25967656250000004 0.4482421875 0.2577171875 0.423828125 0.25036718750000003 0.40625 0.237628125 0.396484375 0.2317484375 0.408203125 0.22782968750000002 0.443359375 0.22880937499999998 0.4609375 0.22292968750000003 0.5078125 0.22292968750000003 0.5234375
0 0.276334375 0.6064453125 0.2621265625 0.5849609375 0.24056875 0.5810546875 0.23370937500000002 0.6064453125 0.22685 0.6328125 0.21705000000000002 0.662109375 0.21999062500000002 0.708984375 0.24252812499999998 0.72265625 0.26751562500000003 0.6640625 0.2822140625 0.6328125 0.276334375 0.6064453125
1 0.26506562499999997 0.787109375 0.284175 0.767578125 0.30377343749999997 0.7265625 0.318471875 0.701171875 0.332190625 0.666015625 0.30867187500000004 0.62890625 0.291034375 0.6103515625 0.25820625 0.685546875 0.2327296875 0.740234375 0.23664843750000003 0.76171875 0.2464484375 0.779296875 0.26506562499999997 0.787109375
3 0.391475 0.685546875 0.38363593749999997 0.654296875 0.365996875 0.6484375 0.35521875 0.666015625 0.3542375 0.712890625 0.3488484375 0.76171875 0.34394843750000004 0.8291015625 0.34394843750000004 0.8818359375 0.35521875 0.9033203125 0.3640375 0.8720703125 0.36795625 0.8212890625 0.3738359375 0.7578125 0.391475 0.685546875
4 0.42283125000000005 0.685546875 0.4130328125 0.666015625 0.402253125 0.66015625 0.3924546875 0.677734375 0.388534375 0.716796875 0.389515625 0.75390625 0.386575 0.8115234375 0.38265625000000003 0.8623046875 0.391475 0.8818359375 0.40029375 0.8486328125 0.40715312499999995 0.7900390625 0.4140125 0.740234375 0.42283125000000005 0.685546875
5 0.4473296875 0.7490234375 0.45418906249999996 0.703125 0.45026875000000005 0.6826171875 0.44439062500000004 0.6533203125 0.4272421875 0.6708984375 0.42283125000000005 0.6923828125 0.41891249999999997 0.7314453125 0.4130328125 0.765625 0.41107343749999997 0.7978515625 0.4066640625 0.8330078125 0.403234375 0.8740234375 0.4086234375 0.8994140625 0.420871875 0.88671875 0.43165156250000003 0.8447265625 0.44242968749999995 0.8056640625 0.4473296875 0.7490234375
6 0.480646875 0.6796875 0.4688875 0.6669921875 0.4546796875 0.666015625 0.45271875 0.6845703125 0.4561484375 0.7080078125 0.4561484375 0.736328125 0.4561484375 0.767578125 0.45369843750000005 0.791015625 0.4492890625 0.81640625 0.45026875000000005 0.8388671875 0.4610484375 0.82421875 0.466928125 0.7841796875 0.47427656249999994 0.7431640625 0.47868750000000004 0.7099609375 0.480646875 0.6796875
9 0.5541406249999999 0.7861328125 0.5507109375 0.7451171875 0.54973125 0.71875 0.5521796875 0.666015625 0.541890625 0.666015625 0.5252328125 0.6796875 0.5325828125000001 0.806640625 0.5394421875 0.8447265625 0.54875 0.84765625 0.5502203125 0.8173828125 0.5541406249999999 0.7861328125
10 0.585496875 0.87109375 0.5903968749999999 0.828125 0.5776578125 0.666015625 0.5639390625 0.6484375 0.5561 0.6611328125 0.5541406249999999 0.748046875 0.55855 0.802734375 0.5619796874999999 0.8271484375 0.565409375 0.8466796875 0.57471875 0.869140625 0.585496875 0.87109375
11 0.6173437500000001 0.7763671875 0.6163640625 0.7451171875 0.6158750000000001 0.69921875 0.615384375 0.6669921875 0.606565625 0.646484375 0.592846875 0.654296875 0.583046875 0.6669921875 0.59970625 0.7958984375 0.6070546875 0.8271484375 0.620284375 0.8525390625 0.61979375 0.8271484375 0.6173437500000001 0.7763671875
12 0.6501718750000001 0.833984375 0.652621875 0.798828125 0.6531109374999999 0.7646484375 0.6511515625000001 0.7265625 0.6482109375 0.6943359375 0.6506609375 0.6689453125 0.64723125 0.6494140625 0.631553125 0.6337890625 0.61979375 0.6376953125 0.6139140624999999 0.65625 0.62224375 0.703125 0.629103125 0.755859375 0.6384125 0.8095703125 0.6501718750000001 0.833984375
15 0.7334640625 0.6201171875 0.7285640625 0.6015625 0.7192546875 0.6005859375 0.7079859374999999 0.5927734375 0.700146875 0.6220703125 0.6874078124999999 0.6240234375 0.6780984375 0.6337890625 0.6810390625 0.65234375 0.6854484375000001 0.669921875 0.6957375 0.689453125 0.707496875 0.7119140625 0.7177859375 0.7314453125 0.7285640625 0.7490234375 0.7452234375 0.765625 0.75943125 0.7705078125 0.7721703125 0.763671875 0.7706999999999999 0.7197265625 0.7628609375 0.7080078125 0.757471875 0.6826171875 0.7476734375 0.669921875 0.7413031250000001 0.6611328125 0.7378734375 0.64453125 0.7334640625 0.6201171875
7 0.5007343750000001 0.677734375 0.4879953125 0.6767578125 0.47868750000000004 0.6923828125 0.48162656249999997 0.7265625 0.480646875 0.74609375 0.4835859375 0.7734375 0.48113593750000005 0.7880859375 0.48309687500000004 0.806640625 0.496325 0.8017578125 0.498775 0.7783203125 0.498775 0.7548828125 0.4997546875 0.732421875 0.4997546875 0.71484375 0.5022046875 0.6982421875 0.5007343750000001 0.677734375
8 0.524253125 0.6796875 0.514453125 0.67578125 0.5046546875 0.6728515625 0.5041640625 0.701171875 0.5046546875 0.7275390625 0.5041640625 0.7431640625 0.5041640625 0.7685546875 0.5041640625 0.787109375 0.5075937500000001 0.80859375 0.516903125 0.802734375 0.51739375 0.779296875 0.5213125 0.76171875 0.52229375 0.7421875 0.524253125 0.7236328125 0.5267031249999999 0.701171875 0.524253125 0.6796875