31 0.791278125 0.455078125 0.8074468749999999 0.455078125 0.8201859375 0.439453125 0.835375 0.421875 0.8270453124999999 0.3896484375 0.82165625 0.3486328125 0.804996875 0.29296875 0.7888296875 0.2822265625 0.7790296875 0.3251953125 0.7746203125 0.37890625 0.7790296875 0.4306640625 0.791278125 0.455078125
2 0.757471875 0.5478515625 0.76923125 0.541015625 0.7834390625000001 0.5322265625 0.798628125 0.517578125 0.7996078125 0.4873046875 0.7858890625 0.45703125 0.7746203125 0.4267578125 0.7726609375 0.3720703125 0.751103125 0.375 0.7378734375 0.3837890625 0.73689375 0.4130859375 0.74424375 0.4677734375 0.7486531249999999 0.517578125 0.757471875 0.5478515625
13 0.6972078125000001 0.5263671875 0.6947578125 0.5615234375 0.70455625 0.5751953125 0.71435625 0.5830078125 0.725625 0.5654296875 0.73689375 0.5732421875 0.7501218749999999 0.5634765625 0.7515921875 0.5322265625 0.74179375 0.484375 0.74179375 0.4560546875 0.74179375 0.4306640625 0.7285640625 0.3876953125 0.7084765625 0.39453125 0.6972078125000001 0.4169921875 0.6972078125000001 0.4599609375 0.6972078125000001 0.494140625 0.6972078125000001 0.5263671875
17 0.656540625 0.5849609375 0.6629109375 0.5908203125 0.675159375 0.599609375 0.683978125 0.609375 0.6937781249999999 0.595703125 0.6962265624999999 0.5634765625 0.6898578125 0.5341796875 0.6859375 0.5 0.680059375 0.455078125 0.6727093749999999 0.4267578125 0.670259375 0.39453125 0.6580109375000001 0.39453125 0.6580109375000001 0.4462890625 0.6604609375 0.4951171875 0.656540625 0.5537109375 0.656540625 0.5849609375
18 0.61979375 0.5244140625 0.6163640625 0.5634765625 0.6246937499999999 0.59765625 0.6447812500000001 0.6123046875 0.6580109375000001 0.580078125 0.6506609375 0.5439453125 0.6482109375 0.501953125 0.6457625 0.4599609375 0.642821875 0.4111328125 0.6335124999999999 0.412109375 0.6286140625 0.4287109375 0.6281234375 0.4580078125 0.6261640625 0.4892578125 0.61979375 0.5244140625
19 0.584028125 0.509765625 0.583046875 0.541015625 0.5810875 0.58203125 0.587946875 0.6123046875 0.6031359375 0.6240234375 0.6148953125000001 0.6025390625 0.6148953125000001 0.546875 0.611465625 0.4990234375 0.610975 0.4453125 0.6026453125 0.404296875 0.5962765625 0.4072265625 0.5938265625 0.416015625 0.5894171874999999 0.44921875 0.5874578125000001 0.4765625 0.584028125 0.509765625
20 0.5438515625 0.5712890625 0.54483125 0.5908203125 0.544340625 0.62109375 0.5570796875 0.626953125 0.5727578125 0.62890625 0.5796171875 0.59765625 0.5732484375 0.5478515625 0.56491875 0.5 0.556590625 0.458984375 0.5502203125 0.423828125 0.5467906250000001 0.44140625 0.544340625 0.4677734375 0.54483125 0.509765625 0.5438515625 0.5458984375 0.5438515625 0.5712890625
21 0.496325 0.6083984375 0.4958359375 0.623046875 0.510534375 0.6416015625 0.5267031249999999 0.6435546875 0.5409109375 0.6240234375 0.537971875 0.5869140625 0.5369921875 0.57421875 0.5311125 0.5302734375 0.5271921875000001 0.4853515625 0.5213125 0.4501953125 0.5159234374999999 0.4228515625 0.51004375 0.4453125 0.501225 0.4921875 0.49926562499999994 0.5263671875 0.4948546875 0.578125 0.496325 0.6083984375
22 0.44683906249999994 0.5830078125 0.4453703125 0.6259765625 0.4561484375 0.6435546875 0.4791765625 0.642578125 0.4933859375 0.6064453125 0.48603593749999996 0.5556640625 0.4737875 0.4921875 0.4659484375 0.45703125 0.4561484375 0.43359375 0.45418906249999996 0.421875 0.44977968749999997 0.4443359375 0.44683906249999994 0.4833984375 0.44683906249999994 0.5107421875 0.44782031250000004 0.5419921875 0.44683906249999994 0.5830078125
30 0.40519375 0.6015625 0.40519375 0.62109375 0.4135234375 0.6298828125 0.42283125000000005 0.6337890625 0.43508125 0.630859375 0.44292031249999997 0.625 0.44292031249999997 0.6015625 0.4385109375 0.5703125 0.43655 0.5439453125 0.4341015625 0.5185546875 0.42773125 0.4921875 0.425771875 0.4716796875 0.41548281249999997 0.4638671875 0.4081328125 0.48828125 0.4081328125 0.5234375 0.41058281250000006 0.5693359375 0.40519375 0.6015625
29 0.37285625 0.56640625 0.374815625 0.5869140625 0.37922656250000003 0.6025390625 0.3831453125 0.6220703125 0.38804531249999996 0.6416015625 0.3944140625 0.630859375 0.402253125 0.615234375 0.4066640625 0.587890625 0.4091125 0.55859375 0.4066640625 0.521484375 0.4061734375 0.4912109375 0.402253125 0.4658203125 0.39784375 0.42578125 0.389025 0.40234375 0.3806953125 0.4189453125 0.377265625 0.4423828125 0.3762859375 0.4716796875 0.375796875 0.5185546875 0.37285625 0.56640625
23 0.338559375 0.58984375 0.3424796875 0.6103515625 0.3512984375 0.61328125 0.36550781250000003 0.61328125 0.37040625 0.5927734375 0.37138593750000004 0.5576171875 0.37138593750000004 0.529296875 0.368446875 0.494140625 0.3640375 0.443359375 0.3542375 0.4052734375 0.3444390625 0.4853515625 0.34296875 0.509765625 0.3400296875 0.5546875 0.3356203125 0.5732421875 0.338559375 0.58984375
24 0.313571875 0.6044921875 0.3258203125 0.6044921875 0.332190625 0.5869140625 0.3366 0.541015625 0.3370890625 0.5029296875 0.33121093749999997 0.439453125 0.3307203125 0.3759765625 0.3106328125 0.509765625 0.30377343749999997 0.552734375 0.302303125 0.5751953125 0.302303125 0.58984375 0.313571875 0.6044921875
25 0.2601671875 0.576171875 0.2689859375 0.5751953125 0.276334375 0.564453125 0.286134375 0.5791015625 0.2964234375 0.5791015625 0.2988734375 0.5556640625 0.2959328125 0.5185546875 0.292503125 0.4833984375 0.29054375 0.4453125 0.2851546875 0.408203125 0.277315625 0.3818359375 0.26555625 0.37109375 0.2616359375 0.4580078125 0.2572265625 0.505859375 0.24889687500000002 0.546875 0.2528171875 0.5634765625 0.2601671875 0.576171875
26 0.21068125000000001 0.4853515625 0.20627187500000002 0.5068359375 0.20627187500000002 0.5234375 0.2185203125 0.5302734375 0.2209703125 0.548828125 0.231259375 0.5576171875 0.240078125 0.564453125 0.2484078125 0.548828125 0.2533078125 0.529296875 0.2542875 0.4970703125 0.25918593749999996 0.455078125 0.258696875 0.4033203125 0.2577171875 0.3818359375 0.249878125 0.3642578125 0.23664843750000003 0.3857421875 0.22733906250000002 0.4189453125 0.221459375 0.4521484375 0.21068125000000001 0.4853515625
27 0.178834375 0.451171875 0.18814375 0.4609375 0.1979421875 0.4892578125 0.20921093750000003 0.48828125 0.221459375 0.4541015625 0.22537968749999998 0.400390625 0.22831875 0.359375 0.20333125000000002 0.3564453125 0.18961250000000002 0.390625 0.1793234375 0.4140625 0.171484375 0.4404296875 0.178834375 0.451171875
28 0.2067609375 0.650390625 0.2067609375 0.6279296875 0.1994125 0.5966796875 0.192553125 0.5703125 0.180303125 0.560546875 0.1685453125 0.564453125 0.15139687500000001 0.5986328125 0.140128125 0.626953125 0.1499265625 0.6533203125 0.16903437500000001 0.6708984375 0.18814375 0.673828125 0.1994125 0.6708984375 0.2067609375 0.650390625
0 0.24693749999999998 0.6796875 0.2577171875 0.6572265625 0.26555625 0.63671875 0.2572265625 0.615234375 0.2439984375 0.6015625 0.23811875 0.578125 0.222440625 0.5703125 0.21411093750000001 0.5869140625 0.20921093750000003 0.61328125 0.20627187500000002 0.6328125 0.2052921875 0.6533203125 0.1979421875 0.6689453125 0.1866734375 0.6796875 0.18079375 0.708984375 0.17344375 0.7314453125 0.1817734375 0.759765625 0.2018625 0.765625 0.21802968749999999 0.748046875 0.2341984375 0.708984375 0.24693749999999998 0.6796875
1 0.24448750000000002 0.8046875 0.25036718750000003 0.79296875 0.262615625 0.763671875 0.27290468749999997 0.7373046875 0.281725 0.732421875 0.281725 0.7626953125 0.274865625 0.7861328125 0.26751562500000003 0.806640625 0.26849531249999997 0.8291015625 0.274865625 0.83203125 0.283684375 0.8076171875 0.291034375 0.7861328125 0.3018125 0.7626953125 0.306221875 0.732421875 0.31651093750000003 0.6943359375 0.32239062500000004 0.66015625 0.3238609375 0.6328125 0.31651093750000003 0.6328125 0.302303125 0.63671875 0.2846640625 0.6162109375 0.27290468749999997 0.60546875 0.2660453125 0.671875 0.2528171875 0.720703125 0.2439984375 0.7666015625 0.24105781249999997 0.79296875 0.24448750000000002 0.8046875
3 0.35031875 0.7216796875 0.363546875 0.693359375 0.3517890625 0.6484375 0.3268 0.6484375 0.2964234375 0.841796875 0.3081828125 0.86328125 0.3189609375 0.81640625 0.3370890625 0.7666015625 0.35031875 0.7216796875
4 0.3924546875 0.70703125 0.4012734375 0.681640625 0.390984375 0.65234375 0.3674671875 0.6552734375 0.34786875 0.8408203125 0.3561984375 0.8466796875 0.3640375 0.8369140625 0.3806953125 0.767578125 0.3924546875 0.70703125
5 0.4081328125 0.8525390625 0.41695312500000004 0.8291015625 0.4218515625 0.8056640625 0.4272421875 0.7705078125 0.4341015625 0.7392578125 0.43459062499999995 0.701171875 0.4341015625 0.6708984375 0.4218515625 0.662109375 0.4086234375 0.6611328125 0.400784375 0.6953125 0.3998046875 0.7421875 0.387065625 0.8193359375 0.38804531249999996 0.845703125 0.4081328125 0.8525390625
6 0.46251875 0.75 0.469378125 0.6923828125 0.4659484375 0.6640625 0.45222968750000003 0.662109375 0.43753125 0.66796875 0.437040625 0.7734375 0.4385109375 0.802734375 0.44880000000000003 0.8251953125 0.45516875 0.8056640625 0.46251875 0.75
7 0.496815625 0.728515625 0.4977953125 0.662109375 0.470846875 0.6669921875 0.4679078125 0.7890625 0.470846875 0.8251953125 0.47966718750000004 0.8369140625 0.491425 0.7822265625 0.496815625 0.728515625
8 0.5276828124999999 0.73046875 0.5301328125 0.6640625 0.4997546875 0.67578125 0.501225 0.7646484375 0.5051453125 0.82421875 0.5257234375000001 0.8173828125 0.5311125 0.76953125 0.5276828124999999 0.73046875
9 0.558059375 0.7734375 0.560509375 0.736328125 0.56345 0.6982421875 0.56491875 0.6650390625 0.54875 0.6611328125 0.533071875 0.6669921875 0.5311125 0.7197265625 0.5345421875 0.791015625 0.54483125 0.81640625 0.5546296875000001 0.8056640625 0.558059375 0.7734375
10 0.57226875 0.767578125 0.5796171875 0.794921875 0.5908875 0.822265625 0.6080359375 0.8515625 0.618325 0.845703125 0.6095046875000001 0.796875 0.604115625 0.76171875 0.6006859375 0.7158203125 0.59970625 0.6787109375 0.5957859375 0.6611328125 0.5805984375000001 0.658203125 0.5688390625 0.6640625 0.5658984375 0.6787109375 0.570309375 0.728515625 0.57226875 0.767578125
11 0.6212640625 0.8095703125 0.6256734374999999 0.833984375 0.6433125000000001 0.8544921875 0.6413515624999999 0.814453125 0.638903125 0.78515625 0.6398828125 0.7529296875 0.640371875 0.70703125 0.640371875 0.6728515625 0.62959375 0.6474609375 0.6168546874999999 0.6435546875 0.603625 0.6669921875 0.6055859375 0.68359375 0.612934375 0.7197265625 0.6158750000000001 0.7744140625 0.6212640625 0.8095703125
12 0.6560515625 0.7255859375 0.67466875 0.7744140625 0.697696875 0.845703125 0.7079859374999999 0.8525390625 0.709946875 0.81640625 0.6766296875 0.6416015625 0.6648703125 0.6376953125 0.6536015625 0.6376953125 0.6433125000000001 0.6630859375 0.6413515624999999 0.6787109375 0.6487015625 0.6953125 0.6560515625 0.7255859375
14 0.7035765625 0.716796875 0.7084765625 0.7626953125 0.727584375 0.806640625 0.7413031250000001 0.8203125 0.7413031250000001 0.8193359375 0.7403234375000001 0.7861328125 0.7324843750000001 0.7744140625 0.7329734375 0.7392578125 0.7427734375 0.7568359375 0.7604109375 0.80078125 0.762371875 0.77734375 0.7471828125 0.701171875 0.74179375 0.64453125 0.736403125 0.6005859375 0.71435625 0.6064453125 0.68691875 0.626953125 0.6780984375 0.6298828125 0.6834890625 0.662109375 0.6893671875 0.6865234375 0.7035765625 0.716796875
15 0.7765796875000001 0.712890625 0.7834390625000001 0.7255859375 0.789809375 0.7392578125 0.8040171875000001 0.7431640625 0.8157765625 0.748046875 0.8255750000000001 0.734375 0.8343953125000001 0.7255859375 0.8270453124999999 0.6982421875 0.8201859375 0.6767578125 0.8113671874999999 0.6533203125 0.803528125 0.6171875 0.7976484375 0.568359375 0.7854 0.5517578125 0.7413031250000001 0.59765625 0.7413031250000001 0.6181640625 0.7530625 0.6484375 0.76923125 0.68359375 0.7765796875000001 0.712890625
16 0.8530125 0.673828125 0.8618328125 0.6591796875 0.8628125000000001 0.626953125 0.8628125000000001 0.6005859375 0.8574234374999999 0.580078125 0.8299859375 0.560546875 0.8054874999999999 0.59765625 0.8143062499999999 0.640625 0.8201859375 0.6728515625 0.835375 0.6728515625 0.8530125 0.673828125