31 0.544921875 0.791278125 0.544921875 0.8074468749999999 0.560546875 0.8201859375 0.578125 0.835375 0.6103515625 0.8270453124999999 0.6513671875 0.82165625 0.70703125 0.804996875 0.7177734375 0.7888296875 0.6748046875 0.7790296875 0.62109375 0.7746203125 0.5693359375 0.7790296875 0.544921875 0.791278125
2 0.4521484375 0.757471875 0.458984375 0.76923125 0.4677734375 0.7834390625000001 0.482421875 0.798628125 0.5126953125 0.7996078125 0.54296875 0.7858890625 0.5732421875 0.7746203125 0.6279296875 0.7726609375 0.625 0.751103125 0.6162109375 0.7378734375 0.5869140625 0.73689375 0.5322265625 0.74424375 0.482421875 0.7486531249999999 0.4521484375 0.757471875
13 0.4736328125 0.6972078125000001 0.4384765625 0.6947578125 0.4248046875 0.70455625 0.4169921875 0.71435625 0.4345703125 0.725625 0.4267578125 0.73689375 0.4365234375 0.7501218749999999 0.4677734375 0.7515921875 0.515625 0.74179375 0.5439453125 0.74179375 0.5693359375 0.74179375 0.6123046875 0.7285640625 0.60546875 0.7084765625 0.5830078125 0.6972078125000001 0.5400390625 0.6972078125000001 0.505859375 0.6972078125000001 0.4736328125 0.6972078125000001
17 0.4150390625 0.656540625 0.4091796875 0.6629109375 0.400390625 0.675159375 0.390625 0.683978125 0.404296875 0.6937781249999999 0.4365234375 0.6962265624999999 0.4658203125 0.6898578125 0.5 0.6859375 0.544921875 0.680059375 0.5732421875 0.6727093749999999 0.60546875 0.670259375 0.60546875 0.6580109375000001 0.5537109375 0.6580109375000001 0.5048828125 0.6604609375 0.4462890625 0.656540625 0.4150390625 0.656540625
18 0.4755859375 0.61979375 0.4365234375 0.6163640625 0.40234375 0.6246937499999999 0.3876953125 0.6447812500000001 0.419921875 0.6580109375000001 0.4560546875 0.6506609375 0.498046875 0.6482109375 0.5400390625 0.6457625 0.5888671875 0.642821875 0.587890625 0.6335124999999999 0.5712890625 0.6286140625 0.5419921875 0.6281234375 0.5107421875 0.6261640625 0.4755859375 0.61979375
19 0.490234375 0.584028125 0.458984375 0.583046875 0.41796875 0.5810875 0.3876953125 0.587946875 0.3759765625 0.6031359375 0.3974609375 0.6148953125000001 0.453125 0.6148953125000001 0.5009765625 0.611465625 0.5546875 0.610975 0.595703125 0.6026453125 0.5927734375 0.5962765625 0.583984375 0.5938265625 0.55078125 0.5894171874999999 0.5234375 0.5874578125000001 0.490234375 0.584028125
20 0.4287109375 0.5438515625 0.4091796875 0.54483125 0.37890625 0.544340625 0.373046875 0.5570796875 0.37109375 0.5727578125 0.40234375 0.5796171875 0.4521484375 0.5732484375 0.5 0.56491875 0.541015625 0.556590625 0.576171875 0.5502203125 0.55859375 0.5467906250000001 0.5322265625 0.544340625 0.490234375 0.54483125 0.4541015625 0.5438515625 0.4287109375 0.5438515625
21 0.3916015625 0.496325 0.376953125 0.4958359375 0.3583984375 0.510534375 0.3564453125 0.5267031249999999 0.3759765625 0.5409109375 0.4130859375 0.537971875 0.42578125 0.5369921875 0.4697265625 0.5311125 0.5146484375 0.5271921875000001 0.5498046875 0.5213125 0.5771484375 0.5159234374999999 0.5546875 0.51004375 0.5078125 0.501225 0.4736328125 0.49926562499999994 0.421875 0.4948546875 0.3916015625 0.496325
22 0.4169921875 0.44683906249999994 0.3740234375 0.4453703125 0.3564453125 0.4561484375 0.357421875 0.4791765625 0.3935546875 0.4933859375 0.4443359375 0.48603593749999996 0.5078125 0.4737875 0.54296875 0.4659484375 0.56640625 0.4561484375 0.578125 0.45418906249999996 0.5556640625 0.44977968749999997 0.5166015625 0.44683906249999994 0.4892578125 0.44683906249999994 0.4580078125 0.44782031250000004 0.4169921875 0.44683906249999994
30 0.3984375 0.40519375 0.37890625 0.40519375 0.3701171875 0.4135234375 0.3662109375 0.42283125000000005 0.369140625 0.43508125 0.375 0.44292031249999997 0.3984375 0.44292031249999997 0.4296875 0.4385109375 0.4560546875 0.43655 0.4814453125 0.4341015625 0.5078125 0.42773125 0.5283203125 0.425771875 0.5361328125 0.41548281249999997 0.51171875 0.4081328125 0.4765625 0.4081328125 0.4306640625 0.41058281250000006 0.3984375 0.40519375
29 0.43359375 0.37285625 0.4130859375 0.374815625 0.3974609375 0.37922656250000003 0.3779296875 0.3831453125 0.3583984375 0.38804531249999996 0.369140625 0.3944140625 0.384765625 0.402253125 0.412109375 0.4066640625 0.44140625 0.4091125 0.478515625 0.4066640625 0.5087890625 0.4061734375 0.5341796875 0.402253125 0.57421875 0.39784375 0.59765625 0.389025 0.5810546875 0.3806953125 0.5576171875 0.377265625 0.5283203125 0.3762859375 0.4814453125 0.375796875 0.43359375 0.37285625
23 0.41015625 0.338559375 0.3896484375 0.3424796875 0.38671875 0.3512984375 0.38671875 0.36550781250000003 0.4072265625 0.37040625 0.4423828125 0.37138593750000004 0.470703125 0.37138593750000004 0.505859375 0.368446875 0.556640625 0.3640375 0.5947265625 0.3542375 0.5146484375 0.3444390625 0.490234375 0.34296875 0.4453125 0.3400296875 0.4267578125 0.3356203125 0.41015625 0.338559375
24 0.3955078125 0.313571875 0.3955078125 0.3258203125 0.4130859375 0.332190625 0.458984375 0.3366 0.4970703125 0.3370890625 0.560546875 0.33121093749999997 0.6240234375 0.3307203125 0.490234375 0.3106328125 0.447265625 0.30377343749999997 0.4248046875 0.302303125 0.41015625 0.302303125 0.3955078125 0.313571875
25 0.423828125 0.2601671875 0.4248046875 0.2689859375 0.435546875 0.276334375 0.4208984375 0.286134375 0.4208984375 0.2964234375 0.4443359375 0.2988734375 0.4814453125 0.2959328125 0.5166015625 0.292503125 0.5546875 0.29054375 0.591796875 0.2851546875 0.6181640625 0.277315625 0.62890625 0.26555625 0.5419921875 0.2616359375 0.494140625 0.2572265625 0.453125 0.24889687500000002 0.4365234375 0.2528171875 0.423828125 0.2601671875
26 0.5146484375 0.21068125000000001 0.4931640625 0.20627187500000002 0.4765625 0.20627187500000002 0.4697265625 0.2185203125 0.451171875 0.2209703125 0.4423828125 0.231259375 0.435546875 0.240078125 0.451171875 0.2484078125 0.470703125 0.2533078125 0.5029296875 0.2542875 0.544921875 0.25918593749999996 0.5966796875 0.258696875 0.6181640625 0.2577171875 0.6357421875 0.249878125 0.6142578125 0.23664843750000003 0.5810546875 0.22733906250000002 0.5478515625 0.221459375 0.5146484375 0.21068125000000001
27 0.548828125 0.178834375 0.5390625 0.18814375 0.5107421875 0.1979421875 0.51171875 0.20921093750000003 0.5458984375 0.221459375 0.599609375 0.22537968749999998 0.640625 0.22831875 0.6435546875 0.20333125000000002 0.609375 0.18961250000000002 0.5859375 0.1793234375 0.5595703125 0.171484375 0.548828125 0.178834375
28 0.349609375 0.2067609375 0.3720703125 0.2067609375 0.4033203125 0.1994125 0.4296875 0.192553125 0.439453125 0.180303125 0.435546875 0.1685453125 0.4013671875 0.15139687500000001 0.373046875 0.140128125 0.3466796875 0.1499265625 0.3291015625 0.16903437500000001 0.326171875 0.18814375 0.3291015625 0.1994125 0.349609375 0.2067609375
0 0.3203125 0.24693749999999998 0.3427734375 0.2577171875 0.36328125 0.26555625 0.384765625 0.2572265625 0.3984375 0.2439984375 0.421875 0.23811875 0.4296875 0.222440625 0.4130859375 0.21411093750000001 0.38671875 0.20921093750000003 0.3671875 0.20627187500000002 0.3466796875 0.2052921875 0.3310546875 0.1979421875 0.3203125 0.1866734375 0.291015625 0.18079375 0.2685546875 0.17344375 0.240234375 0.1817734375 0.234375 0.2018625 0.251953125 0.21802968749999999 0.291015625 0.2341984375 0.3203125 0.24693749999999998
1 0.1953125 0.24448750000000002 0.20703125 0.25036718750000003 0.236328125 0.262615625 0.2626953125 0.27290468749999997 0.267578125 0.281725 0.2373046875 0.281725 0.2138671875 0.274865625 0.193359375 0.26751562500000003 0.1708984375 0.26849531249999997 0.16796875 0.274865625 0.1923828125 0.283684375 0.2138671875 0.291034375 0.2373046875 0.3018125 0.267578125 0.306221875 0.3056640625 0.31651093750000003 0.33984375 0.32239062500000004 0.3671875 0.3238609375 0.3671875 0.31651093750000003 0.36328125 0.302303125 0.3837890625 0.2846640625 0.39453125 0.27290468749999997 0.328125 0.2660453125 0.279296875 0.2528171875 0.2333984375 0.2439984375 0.20703125 0.24105781249999997 0.1953125 0.24448750000000002
3 0.2783203125 0.35031875 0.306640625 0.363546875 0.3515625 0.3517890625 0.3515625 0.3268 0.158203125 0.2964234375 0.13671875 0.3081828125 0.18359375 0.3189609375 0.2333984375 0.3370890625 0.2783203125 0.35031875
4 0.29296875 0.3924546875 0.318359375 0.4012734375 0.34765625 0.390984375 0.3447265625 0.3674671875 0.1591796875 0.34786875 0.1533203125 0.3561984375 0.1630859375 0.3640375 0.232421875 0.3806953125 0.29296875 0.3924546875
5 0.1474609375 0.4081328125 0.1708984375 0.41695312500000004 0.1943359375 0.4218515625 0.2294921875 0.4272421875 0.2607421875 0.4341015625 0.298828125 0.43459062499999995 0.3291015625 0.4341015625 0.337890625 0.4218515625 0.3388671875 0.4086234375 0.3046875 0.400784375 0.2578125 0.3998046875 0.1806640625 0.387065625 0.154296875 0.38804531249999996 0.1474609375 0.4081328125
6 0.25 0.46251875 0.3076171875 0.469378125 0.3359375 0.4659484375 0.337890625 0.45222968750000003 0.33203125 0.43753125 0.2265625 0.437040625 0.197265625 0.4385109375 0.1748046875 0.44880000000000003 0.1943359375 0.45516875 0.25 0.46251875
7 0.271484375 0.496815625 0.337890625 0.4977953125 0.3330078125 0.470846875 0.2109375 0.4679078125 0.1748046875 0.470846875 0.1630859375 0.47966718750000004 0.2177734375 0.491425 0.271484375 0.496815625
8 0.26953125 0.5276828124999999 0.3359375 0.5301328125 0.32421875 0.4997546875 0.2353515625 0.501225 0.17578125 0.5051453125 0.1826171875 0.5257234375000001 0.23046875 0.5311125 0.26953125 0.5276828124999999
9 0.2265625 0.558059375 0.263671875 0.560509375 0.3017578125 0.56345 0.3349609375 0.56491875 0.3388671875 0.54875 0.3330078125 0.533071875 0.2802734375 0.5311125 0.208984375 0.5345421875 0.18359375 0.54483125 0.1943359375 0.5546296875000001 0.2265625 0.558059375
10 0.232421875 0.57226875 0.205078125 0.5796171875 0.177734375 0.5908875 0.1484375 0.6080359375 0.154296875 0.618325 0.203125 0.6095046875000001 0.23828125 0.604115625 0.2841796875 0.6006859375 0.3212890625 0.59970625 0.3388671875 0.5957859375 0.341796875 0.5805984375000001 0.3359375 0.5688390625 0.3212890625 0.5658984375 0.271484375 0.570309375 0.232421875 0.57226875
11 0.1904296875 0.6212640625 0.166015625 0.6256734374999999 0.1455078125 0.6433125000000001 0.185546875 0.6413515624999999 0.21484375 0.638903125 0.2470703125 0.6398828125 0.29296875 0.640371875 0.3271484375 0.640371875 0.3525390625 0.62959375 0.3564453125 0.6168546874999999 0.3330078125 0.603625 0.31640625 0.6055859375 0.2802734375 0.612934375 0.2255859375 0.6158750000000001 0.1904296875 0.6212640625
12 0.2744140625 0.6560515625 0.2255859375 0.67466875 0.154296875 0.697696875 0.1474609375 0.7079859374999999 0.18359375 0.709946875 0.3583984375 0.6766296875 0.3623046875 0.6648703125 0.3623046875 0.6536015625 0.3369140625 0.6433125000000001 0.3212890625 0.6413515624999999 0.3046875 0.6487015625 0.2744140625 0.6560515625
14 0.283203125 0.7035765625 0.2373046875 0.7084765625 0.193359375 0.727584375 0.1796875 0.7413031250000001 0.1806640625 0.7413031250000001 0.2138671875 0.7403234375000001 0.2255859375 0.7324843750000001 0.2607421875 0.7329734375 0.2431640625 0.7427734375 0.19921875 0.7604109375 0.22265625 0.762371875 0.298828125 0.7471828125 0.35546875 0.74179375 0.3994140625 0.736403125 0.3935546875 0.71435625 0.373046875 0.68691875 0.3701171875 0.6780984375 0.337890625 0.6834890625 0.3134765625 0.6893671875 0.283203125 0.7035765625
15 0.287109375 0.7765796875000001 0.2744140625 0.7834390625000001 0.2607421875 0.789809375 0.2568359375 0.8040171875000001 0.251953125 0.8157765625 0.265625 0.8255750000000001 0.2744140625 0.8343953125000001 0.3017578125 0.8270453124999999 0.3232421875 0.8201859375 0.3466796875 0.8113671874999999 0.3828125 0.803528125 0.431640625 0.7976484375 0.4482421875 0.7854 0.40234375 0.7413031250000001 0.3818359375 0.7413031250000001 0.3515625 0.7530625 0.31640625 0.76923125 0.287109375 0.7765796875000001
16 0.326171875 0.8530125 0.3408203125 0.8618328125 0.373046875 0.8628125000000001 0.3994140625 0.8628125000000001 0.419921875 0.8574234374999999 0.439453125 0.8299859375 0.40234375 0.8054874999999999 0.359375 0.8143062499999999 0.3271484375 0.8201859375 0.3271484375 0.835375 0.326171875 0.8530125