2 0.284175 0.322265625 0.28319375 0.2685546875 0.27339531250000004 0.2255859375 0.2552671875 0.2216796875 0.249878125 0.3154296875 0.23811875 0.3583984375 0.2454671875 0.400390625 0.256246875 0.39453125 0.272415625 0.4111328125 0.286134375 0.3857421875 0.2895640625 0.3603515625 0.284175 0.322265625
13 0.332190625 0.3388671875 0.32925 0.26171875 0.311121875 0.2431640625 0.29495312500000004 0.326171875 0.2915234375 0.3583984375 0.2876046875 0.421875 0.30034375 0.4375 0.3194515625 0.44140625 0.333659375 0.4345703125 0.3400296875 0.400390625 0.332190625 0.3388671875
17 0.3699171875 0.2705078125 0.3537484375 0.240234375 0.3375796875 0.33203125 0.3400296875 0.3798828125 0.3375796875 0.41796875 0.3400296875 0.4580078125 0.363546875 0.4453125 0.370896875 0.392578125 0.3699171875 0.2705078125
18 0.3924546875 0.21484375 0.3762859375 0.240234375 0.36648749999999997 0.3134765625 0.36648749999999997 0.396484375 0.36648749999999997 0.4580078125 0.393434375 0.4580078125 0.3998046875 0.4326171875 0.3998046875 0.37109375 0.3924546875 0.21484375
19 0.4331203125 0.421875 0.4174421875 0.2021484375 0.400784375 0.26171875 0.3998046875 0.3349609375 0.4042140625 0.3984375 0.39882343750000004 0.4501953125 0.4086234375 0.484375 0.42234218749999997 0.484375 0.4331203125 0.4560546875 0.4331203125 0.421875
20 0.459578125 0.2431640625 0.44782031250000004 0.3134765625 0.4404703125 0.3837890625 0.4341015625 0.466796875 0.4566390625 0.490234375 0.4610484375 0.4580078125 0.46006875 0.4091796875 0.4630078125 0.3193359375 0.459578125 0.2431640625
21 0.4791765625 0.2412109375 0.4683984375 0.3173828125 0.4728078125 0.3896484375 0.4630078125 0.4326171875 0.4683984375 0.4970703125 0.496325 0.4970703125 0.498284375 0.4501953125 0.48995625 0.330078125 0.4791765625 0.2412109375
22 0.498284375 0.4794921875 0.5252328125 0.4970703125 0.5350312500000001 0.4814453125 0.5350312500000001 0.41796875 0.515434375 0.2451171875 0.49730468749999995 0.396484375 0.498284375 0.4794921875
30 0.5561 0.2470703125 0.5369921875 0.3046875 0.53993125 0.39453125 0.5389515625 0.46875 0.54875 0.4951171875 0.5688390625 0.484375 0.56491875 0.4267578125 0.5561 0.3427734375 0.5561 0.2470703125
29 0.596765625 0.30078125 0.5859875 0.2236328125 0.576678125 0.3046875 0.5756984375 0.3642578125 0.57226875 0.41796875 0.57226875 0.46875 0.5894171874999999 0.490234375 0.60215625 0.462890625 0.6001953125 0.3896484375 0.596765625 0.30078125
23 0.60460625 0.353515625 0.608525 0.423828125 0.612934375 0.462890625 0.6344921875 0.4755859375 0.6354734375 0.416015625 0.6281234375 0.3115234375 0.620284375 0.2490234375 0.60460625 0.353515625
24 0.6462515625 0.2470703125 0.6354734375 0.32421875 0.6354734375 0.4375 0.6462515625 0.4755859375 0.667809375 0.46875 0.667809375 0.419921875 0.658990625 0.328125 0.6462515625 0.2470703125
25 0.675159375 0.39453125 0.6727093749999999 0.4736328125 0.7084765625 0.4736328125 0.7158249999999999 0.421875 0.7050468750000001 0.328125 0.6932875000000001 0.26171875 0.6795687499999999 0.2666015625 0.675159375 0.39453125
26 0.7564921874999999 0.322265625 0.7545328125 0.263671875 0.7403234375000001 0.259765625 0.730525 0.302734375 0.7138656250000001 0.3642578125 0.7158249999999999 0.4345703125 0.7285640625 0.4736328125 0.7501218749999999 0.4736328125 0.763840625 0.443359375 0.7609015625 0.4033203125 0.7564921874999999 0.322265625
1 0.70945625 0.697265625 0.711415625 0.66796875 0.6967171875 0.5478515625 0.6878984375 0.4970703125 0.6609499999999999 0.4970703125 0.6462515625 0.4951171875 0.6438015625 0.53125 0.65703125 0.5869140625 0.663890625 0.6591796875 0.683978125 0.6923828125 0.675159375 0.6337890625 0.6834890625 0.5947265625 0.70945625 0.697265625
3 0.642821875 0.6083984375 0.642821875 0.5693359375 0.642821875 0.5361328125 0.6398828125 0.515625 0.620284375 0.505859375 0.6075453125 0.5283203125 0.6124453125 0.5771484375 0.6232234375 0.6259765625 0.6452718749999999 0.7587890625 0.6467421875 0.7275390625 0.6467421875 0.69140625 0.6452718749999999 0.66015625 0.642821875 0.6083984375
4 0.6080359375 0.58203125 0.6080359375 0.5546875 0.606565625 0.525390625 0.59725625 0.5068359375 0.584028125 0.5205078125 0.5752078125 0.5478515625 0.581578125 0.6640625 0.5913765625 0.75 0.60215625 0.775390625 0.603625 0.6728515625 0.6050953125 0.6396484375 0.606565625 0.611328125 0.6080359375 0.58203125
5 0.5707984374999999 0.533203125 0.55365 0.505859375 0.5472812499999999 0.52734375 0.540421875 0.5693359375 0.5458109375 0.685546875 0.5561 0.806640625 0.5683484375 0.7587890625 0.5727578125 0.6767578125 0.5781484375 0.609375 0.5756984375 0.5595703125 0.5707984374999999 0.533203125
6 0.53993125 0.517578125 0.5193531250000001 0.509765625 0.51494375 0.62109375 0.51494375 0.708984375 0.5267031249999999 0.75390625 0.5316015625 0.6884765625 0.5340515625 0.6455078125 0.53993125 0.5712890625 0.53993125 0.517578125
7 0.5002453124999999 0.744140625 0.5183734375 0.5166015625 0.49436562500000003 0.515625 0.5002453124999999 0.744140625
8 0.48309687500000004 0.7421875 0.498284375 0.5205078125 0.46986718749999995 0.5146484375 0.48309687500000004 0.7421875
9 0.47427656249999994 0.5166015625 0.44634999999999997 0.505859375 0.45516875 0.62890625 0.4772171875 0.7626953125 0.47427656249999994 0.5166015625
10 0.429690625 0.49609375 0.420871875 0.509765625 0.415971875 0.5537109375 0.4174421875 0.595703125 0.42675156249999996 0.7109375 0.4439 0.79296875 0.44880000000000003 0.669921875 0.4473296875 0.5732421875 0.4473296875 0.5185546875 0.429690625 0.49609375
11 0.4179328125 0.5146484375 0.39539375 0.49609375 0.381675 0.5185546875 0.381675 0.5634765625 0.384615625 0.65234375 0.393434375 0.748046875 0.404703125 0.703125 0.41009375 0.5869140625 0.41548281249999997 0.5576171875 0.4179328125 0.5146484375
12 0.384615625 0.486328125 0.3615875 0.4794921875 0.3488484375 0.4931640625 0.34786875 0.740234375 0.3581578125 0.716796875 0.368446875 0.6650390625 0.3718765625 0.6298828125 0.3762859375 0.57421875 0.38265625000000003 0.5205078125 0.384615625 0.486328125
14 0.32533124999999996 0.56640625 0.32043125 0.630859375 0.3121015625 0.693359375 0.329740625 0.6201171875 0.3400296875 0.546875 0.3493390625 0.501953125 0.3493390625 0.46875 0.3307203125 0.478515625 0.3219015625 0.4560546875 0.30377343749999997 0.4736328125 0.2988734375 0.509765625 0.30279218750000003 0.5419921875 0.29005312499999997 0.578125 0.28319375 0.666015625 0.299853125 0.6103515625 0.31308125000000003 0.56640625 0.32533124999999996 0.56640625
15 0.26506562499999997 0.568359375 0.28123437500000004 0.5322265625 0.297403125 0.5068359375 0.304753125 0.4755859375 0.29495312500000004 0.4501953125 0.279275 0.439453125 0.26310625 0.4228515625 0.2484078125 0.4443359375 0.24056875 0.484375 0.231259375 0.49609375 0.2160703125 0.5380859375 0.2097015625 0.583984375 0.2302796875 0.5576171875 0.2523265625 0.525390625 0.249878125 0.552734375 0.2327296875 0.6005859375 0.231259375 0.623046875 0.24448750000000002 0.60546875 0.26506562499999997 0.568359375