2 0.599609375 0.2454671875 0.60546875 0.256246875 0.5888671875 0.272415625 0.6142578125 0.286134375 0.6396484375 0.2895640625 0.677734375 0.284175 0.7314453125 0.28319375 0.7744140625 0.27339531250000004 0.7783203125 0.2552671875 0.6845703125 0.249878125 0.6416015625 0.23811875 0.599609375 0.2454671875
13 0.5625 0.30034375 0.55859375 0.3194515625 0.5654296875 0.333659375 0.599609375 0.3400296875 0.6611328125 0.332190625 0.73828125 0.32925 0.7568359375 0.311121875 0.673828125 0.29495312500000004 0.6416015625 0.2915234375 0.578125 0.2876046875 0.5625 0.30034375
17 0.5546875 0.363546875 0.607421875 0.370896875 0.7294921875 0.3699171875 0.759765625 0.3537484375 0.66796875 0.3375796875 0.6201171875 0.3400296875 0.58203125 0.3375796875 0.5419921875 0.3400296875 0.5546875 0.363546875
18 0.5673828125 0.3998046875 0.62890625 0.3998046875 0.78515625 0.3924546875 0.759765625 0.3762859375 0.6865234375 0.36648749999999997 0.603515625 0.36648749999999997 0.5419921875 0.36648749999999997 0.5419921875 0.393434375 0.5673828125 0.3998046875
19 0.515625 0.4086234375 0.515625 0.42234218749999997 0.5439453125 0.4331203125 0.578125 0.4331203125 0.7978515625 0.4174421875 0.73828125 0.400784375 0.6650390625 0.3998046875 0.6015625 0.4042140625 0.5498046875 0.39882343750000004 0.515625 0.4086234375
20 0.5908203125 0.46006875 0.6806640625 0.4630078125 0.7568359375 0.459578125 0.6865234375 0.44782031250000004 0.6162109375 0.4404703125 0.533203125 0.4341015625 0.509765625 0.4566390625 0.5419921875 0.4610484375 0.5908203125 0.46006875
21 0.5498046875 0.498284375 0.669921875 0.48995625 0.7587890625 0.4791765625 0.6826171875 0.4683984375 0.6103515625 0.4728078125 0.5673828125 0.4630078125 0.5029296875 0.4683984375 0.5029296875 0.496325 0.5498046875 0.498284375
22 0.5205078125 0.498284375 0.5029296875 0.5252328125 0.5185546875 0.5350312500000001 0.58203125 0.5350312500000001 0.7548828125 0.515434375 0.603515625 0.49730468749999995 0.5205078125 0.498284375
30 0.5732421875 0.56491875 0.6572265625 0.5561 0.7529296875 0.5561 0.6953125 0.5369921875 0.60546875 0.53993125 0.53125 0.5389515625 0.5048828125 0.54875 0.515625 0.5688390625 0.5732421875 0.56491875
29 0.509765625 0.5894171874999999 0.537109375 0.60215625 0.6103515625 0.6001953125 0.69921875 0.596765625 0.7763671875 0.5859875 0.6953125 0.576678125 0.6357421875 0.5756984375 0.58203125 0.57226875 0.53125 0.57226875 0.509765625 0.5894171874999999
23 0.7509765625 0.620284375 0.646484375 0.60460625 0.576171875 0.608525 0.537109375 0.612934375 0.5244140625 0.6344921875 0.583984375 0.6354734375 0.6884765625 0.6281234375 0.7509765625 0.620284375
24 0.671875 0.658990625 0.7529296875 0.6462515625 0.67578125 0.6354734375 0.5625 0.6354734375 0.5244140625 0.6462515625 0.53125 0.667809375 0.580078125 0.667809375 0.671875 0.658990625
25 0.7333984375 0.6795687499999999 0.60546875 0.675159375 0.5263671875 0.6727093749999999 0.5263671875 0.7084765625 0.578125 0.7158249999999999 0.671875 0.7050468750000001 0.73828125 0.6932875000000001 0.7333984375 0.6795687499999999
26 0.5263671875 0.7285640625 0.5263671875 0.7501218749999999 0.556640625 0.763840625 0.5966796875 0.7609015625 0.677734375 0.7564921874999999 0.736328125 0.7545328125 0.740234375 0.7403234375000001 0.697265625 0.730525 0.6357421875 0.7138656250000001 0.5654296875 0.7158249999999999 0.5263671875 0.7285640625
1 0.46875 0.6438015625 0.4130859375 0.65703125 0.3408203125 0.663890625 0.3076171875 0.683978125 0.3662109375 0.675159375 0.4052734375 0.6834890625 0.302734375 0.70945625 0.33203125 0.711415625 0.4521484375 0.6967171875 0.5029296875 0.6878984375 0.5029296875 0.6609499999999999 0.5048828125 0.6462515625 0.46875 0.6438015625
3 0.4228515625 0.6124453125 0.3740234375 0.6232234375 0.2412109375 0.6452718749999999 0.2724609375 0.6467421875 0.30859375 0.6467421875 0.33984375 0.6452718749999999 0.3916015625 0.642821875 0.4306640625 0.642821875 0.4638671875 0.642821875 0.484375 0.6398828125 0.494140625 0.620284375 0.4716796875 0.6075453125 0.4228515625 0.6124453125
4 0.3359375 0.581578125 0.25 0.5913765625 0.224609375 0.60215625 0.3271484375 0.603625 0.3603515625 0.6050953125 0.388671875 0.606565625 0.41796875 0.6080359375 0.4453125 0.6080359375 0.474609375 0.606565625 0.4931640625 0.59725625 0.4794921875 0.584028125 0.4521484375 0.5752078125 0.3359375 0.581578125
5 0.2412109375 0.5683484375 0.3232421875 0.5727578125 0.390625 0.5781484375 0.4404296875 0.5756984375 0.466796875 0.5707984374999999 0.494140625 0.55365 0.47265625 0.5472812499999999 0.4306640625 0.540421875 0.314453125 0.5458109375 0.193359375 0.5561 0.2412109375 0.5683484375
6 0.3544921875 0.5340515625 0.4287109375 0.53993125 0.482421875 0.53993125 0.490234375 0.5193531250000001 0.37890625 0.51494375 0.291015625 0.51494375 0.24609375 0.5267031249999999 0.3115234375 0.5316015625 0.3544921875 0.5340515625
7 0.255859375 0.5002453124999999 0.4833984375 0.5183734375 0.484375 0.49436562500000003 0.255859375 0.5002453124999999
8 0.2578125 0.48309687500000004 0.4794921875 0.498284375 0.4853515625 0.46986718749999995 0.2578125 0.48309687500000004
9 0.37109375 0.45516875 0.2373046875 0.4772171875 0.4833984375 0.47427656249999994 0.494140625 0.44634999999999997 0.37109375 0.45516875
10 0.330078125 0.44880000000000003 0.4267578125 0.4473296875 0.4814453125 0.4473296875 0.50390625 0.429690625 0.490234375 0.420871875 0.4462890625 0.415971875 0.404296875 0.4174421875 0.2890625 0.42675156249999996 0.20703125 0.4439 0.330078125 0.44880000000000003
11 0.296875 0.404703125 0.4130859375 0.41009375 0.4423828125 0.41548281249999997 0.4853515625 0.4179328125 0.50390625 0.39539375 0.4814453125 0.381675 0.4365234375 0.381675 0.34765625 0.384615625 0.251953125 0.393434375 0.296875 0.404703125
12 0.3701171875 0.3718765625 0.42578125 0.3762859375 0.4794921875 0.38265625000000003 0.513671875 0.384615625 0.5205078125 0.3615875 0.5068359375 0.3488484375 0.259765625 0.34786875 0.283203125 0.3581578125 0.3349609375 0.368446875 0.3701171875 0.3718765625
14 0.53125 0.3493390625 0.521484375 0.3307203125 0.5439453125 0.3219015625 0.5263671875 0.30377343749999997 0.490234375 0.2988734375 0.4580078125 0.30279218750000003 0.421875 0.29005312499999997 0.333984375 0.28319375 0.3896484375 0.299853125 0.43359375 0.31308125000000003 0.43359375 0.32533124999999996 0.369140625 0.32043125 0.306640625 0.3121015625 0.3798828125 0.329740625 0.453125 0.3400296875 0.498046875 0.3493390625 0.53125 0.3493390625
15 0.5771484375 0.26310625 0.5556640625 0.2484078125 0.515625 0.24056875 0.50390625 0.231259375 0.4619140625 0.2160703125 0.416015625 0.2097015625 0.4423828125 0.2302796875 0.474609375 0.2523265625 0.447265625 0.249878125 0.3994140625 0.2327296875 0.376953125 0.231259375 0.39453125 0.24448750000000002 0.431640625 0.26506562499999997 0.4677734375 0.28123437500000004 0.4931640625 0.297403125 0.5244140625 0.304753125 0.5498046875 0.29495312500000004 0.560546875 0.279275 0.5771484375 0.26310625