31 0.41796875 0.2165609375 0.4052734375 0.2028421875 0.3427734375 0.21459999999999999 0.2880859375 0.226359375 0.3115234375 0.23909843749999998 0.35546875 0.23909843749999998 0.4052734375 0.23909843749999998 0.4306640625 0.2297890625 0.41796875 0.2165609375
2 0.4560546875 0.2523265625 0.4345703125 0.23811875 0.2666015625 0.2533078125 0.302734375 0.27045625 0.3515625 0.274375 0.423828125 0.28123437500000004 0.4580078125 0.2778046875 0.46484375 0.2660453125 0.4560546875 0.2523265625
13 0.44140625 0.327290625 0.4736328125 0.3238609375 0.4794921875 0.3101421875 0.4794921875 0.2969125 0.4736328125 0.2822140625 0.443359375 0.278784375 0.3984375 0.284175 0.369140625 0.2895640625 0.330078125 0.2895640625 0.2900390625 0.304753125 0.322265625 0.31749218749999997 0.3642578125 0.32043125 0.400390625 0.32043125 0.44140625 0.327290625
17 0.4951171875 0.333659375 0.46484375 0.3219015625 0.4033203125 0.3282703125 0.3046875 0.3419890625 0.3115234375 0.354728125 0.353515625 0.3537484375 0.41796875 0.354728125 0.4775390625 0.354728125 0.4951171875 0.333659375
18 0.5029296875 0.3699171875 0.4755859375 0.354728125 0.4326171875 0.3601171875 0.3837890625 0.363546875 0.3173828125 0.36795625 0.2978515625 0.377265625 0.353515625 0.38363593749999997 0.4111328125 0.38363593749999997 0.4755859375 0.389025 0.5029296875 0.3699171875
19 0.46875 0.42234218749999997 0.51171875 0.4125421875 0.5224609375 0.3924546875 0.490234375 0.38804531249999996 0.3896484375 0.393434375 0.3046875 0.393434375 0.263671875 0.40519375 0.306640625 0.41499218750000005 0.3583984375 0.4179328125 0.4072265625 0.4179328125 0.46875 0.42234218749999997
20 0.5029296875 0.42773125 0.462890625 0.425771875 0.400390625 0.4287109375 0.328125 0.4331203125 0.3173828125 0.4439 0.396484375 0.44782031250000004 0.490234375 0.45222968750000003 0.513671875 0.4439 0.5029296875 0.42773125
21 0.5458984375 0.491915625 0.5390625 0.4630078125 0.515625 0.45320937499999997 0.466796875 0.45565937500000003 0.423828125 0.45565937500000003 0.37109375 0.45565937500000003 0.3154296875 0.45859843749999996 0.3173828125 0.48113593750000005 0.376953125 0.4835859375 0.447265625 0.48995625 0.486328125 0.491915625 0.5458984375 0.491915625
22 0.5458984375 0.506125 0.5205078125 0.4953453125 0.4560546875 0.496325 0.3837890625 0.496325 0.3369140625 0.503675 0.306640625 0.5183734375 0.35546875 0.5262125 0.44140625 0.528171875 0.4990234375 0.537971875 0.5390625 0.5360125 0.5458984375 0.506125
30 0.533203125 0.567859375 0.529296875 0.54238125 0.486328125 0.5360125 0.447265625 0.5316015625 0.3896484375 0.5296421875 0.3173828125 0.5335625 0.302734375 0.544340625 0.3515625 0.5551203124999999 0.421875 0.5639390625 0.490234375 0.5712890625 0.533203125 0.567859375
29 0.5009765625 0.5732484375 0.4375 0.5658984375 0.3798828125 0.567859375 0.3134765625 0.574228125 0.2509765625 0.5884375000000001 0.3623046875 0.599215625 0.490234375 0.610975 0.5185546875 0.6075453125 0.53515625 0.597746875 0.5009765625 0.5732484375
26 0.3837890625 0.7084765625 0.349609375 0.7084765625 0.2939453125 0.723175 0.259765625 0.7447328125 0.44140625 0.7491421875000001 0.462890625 0.73934375 0.4814453125 0.70700625 0.4375 0.6942671875 0.3837890625 0.7084765625
27 0.3876953125 0.7545328125 0.326171875 0.7520828125000001 0.255859375 0.7702109375 0.4287109375 0.7873593750000001 0.4521484375 0.7819703125 0.4609375 0.7628609375 0.44140625 0.7491421875000001 0.3876953125 0.7545328125
28 0.5869140625 0.8143062499999999 0.6201171875 0.8152859375 0.607421875 0.7981374999999999 0.5712890625 0.77168125 0.53515625 0.7530625 0.4970703125 0.7501218749999999 0.4814453125 0.7682515624999999 0.462890625 0.7863796875 0.509765625 0.8025484374999999 0.5693359375 0.8314546875 0.603515625 0.8314546875 0.5478515625 0.796178125 0.5732421875 0.7981374999999999 0.5869140625 0.8143062499999999
0 0.67578125 0.7790296875 0.599609375 0.743753125 0.7041015625 0.773640625 0.650390625 0.7339546875 0.5888671875 0.7138656250000001 0.556640625 0.7030875 0.5263671875 0.7006375 0.513671875 0.7212156249999999 0.4970703125 0.7427734375 0.5419921875 0.7555125 0.60546875 0.76923125 0.6572265625 0.78441875 0.67578125 0.7790296875
1 0.7080078125 0.7339546875 0.720703125 0.723175 0.6376953125 0.6967171875 0.671875 0.6942671875 0.7314453125 0.7123953125 0.72265625 0.6967171875 0.6953125 0.6834890625 0.6103515625 0.667809375 0.576171875 0.658990625 0.53515625 0.658990625 0.53125 0.6780984375 0.5185546875 0.6878984375 0.537109375 0.7016171875 0.5654296875 0.7060265625000001 0.6142578125 0.7104359375 0.7080078125 0.7339546875
3 0.765625 0.6859375 0.7568359375 0.6717296875 0.7275390625 0.6580109375000001 0.6884765625 0.6452718749999999 0.607421875 0.6354734375 0.5654296875 0.6310625 0.5458984375 0.638903125 0.55859375 0.65458125 0.607421875 0.6599703124999999 0.6650390625 0.666340625 0.71875 0.6761390625 0.765625 0.6859375
4 0.720703125 0.6217546875 0.5869140625 0.5957859375 0.5546875 0.6075453125 0.5712890625 0.6281234375 0.6162109375 0.6281234375 0.6884765625 0.638903125 0.7783203125 0.638903125 0.720703125 0.6217546875
5 0.744140625 0.612934375 0.8212890625 0.6119546875 0.744140625 0.5894171874999999 0.603515625 0.5639390625 0.5673828125 0.5668796875 0.5458984375 0.5756984375 0.58203125 0.5938265625 0.625 0.596765625 0.693359375 0.60215625 0.744140625 0.612934375
6 0.697265625 0.5477703125 0.5712890625 0.5360125 0.5693359375 0.5595296875 0.6103515625 0.5614890625 0.6630859375 0.567859375 0.7490234375 0.5756984375 0.791015625 0.5668796875 0.697265625 0.5477703125
7 0.6591796875 0.514453125 0.556640625 0.5071046875 0.5625 0.5350312500000001 0.6181640625 0.5335625 0.7119140625 0.54238125 0.763671875 0.54238125 0.7255859375 0.5262125 0.6591796875 0.514453125
8 0.6142578125 0.485546875 0.5498046875 0.485546875 0.5625 0.5110234375 0.6357421875 0.5080843749999999 0.7021484375 0.5080843749999999 0.765625 0.506125 0.69921875 0.4889765625 0.6142578125 0.485546875
9 0.556640625 0.485546875 0.6142578125 0.48015625 0.7568359375 0.4674171875 0.6572265625 0.45761874999999996 0.556640625 0.45222968750000003 0.556640625 0.485546875
10 0.7724609375 0.42332187499999996 0.7939453125 0.402253125 0.7548828125 0.402253125 0.7099609375 0.41695312500000004 0.6376953125 0.42038281250000004 0.576171875 0.4179328125 0.5439453125 0.43508125 0.552734375 0.45222968750000003 0.5966796875 0.45222968750000003 0.671875 0.4492890625 0.72265625 0.4360609375 0.7724609375 0.42332187499999996
11 0.69140625 0.40519375 0.740234375 0.3968640625 0.78515625 0.384615625 0.734375 0.381675 0.671875 0.3806953125 0.623046875 0.38265625000000003 0.5712890625 0.381675 0.53125 0.39784375 0.5478515625 0.4125421875 0.58203125 0.41891249999999997 0.6337890625 0.41058281250000006 0.69140625 0.40519375
14 0.603515625 0.3463984375 0.6484375 0.3366 0.6865234375 0.33121093749999997 0.7314453125 0.3057328125 0.6806640625 0.3140625 0.630859375 0.3219015625 0.650390625 0.3101421875 0.6865234375 0.30034375 0.7275390625 0.278784375 0.69140625 0.28123437500000004 0.6357421875 0.2915234375 0.583984375 0.2988734375 0.533203125 0.3032828125 0.513671875 0.318471875 0.533203125 0.33121093749999997 0.515625 0.3463984375 0.5439453125 0.354728125 0.578125 0.3517890625 0.603515625 0.3463984375
15 0.6142578125 0.28319375 0.6650390625 0.2670265625 0.7021484375 0.236159375 0.6513671875 0.2508578125 0.5888671875 0.26506562499999997 0.6162109375 0.24889687500000002 0.67578125 0.2317484375 0.6357421875 0.2317484375 0.5673828125 0.240078125 0.53515625 0.2523265625 0.5029296875 0.2577171875 0.4794921875 0.2714359375 0.5029296875 0.2851546875 0.5078125 0.30034375 0.5478515625 0.30034375 0.5732421875 0.288584375 0.6142578125 0.28319375
16 0.462890625 0.20627187500000002 0.4287109375 0.2165609375 0.4501953125 0.23517812500000002 0.46484375 0.2523265625 0.4970703125 0.256246875 0.5244140625 0.249878125 0.5419921875 0.2371390625 0.578125 0.22195 0.6103515625 0.20823125 0.625 0.19010312499999998 0.58203125 0.2018625 0.5390625 0.20921093750000003 0.5693359375 0.1910828125 0.607421875 0.17589375000000002 0.556640625 0.181284375 0.5205078125 0.1920625 0.4951171875 0.20627187500000002 0.462890625 0.20627187500000002
12 0.556640625 0.36648749999999997 0.5576171875 0.375796875 0.576171875 0.3806953125 0.5986328125 0.37922656250000003 0.634765625 0.37432656249999996 0.6533203125 0.37285625 0.6806640625 0.37138593750000004 0.69921875 0.3630578125 0.716796875 0.349828125 0.693359375 0.3488484375 0.64453125 0.35031875 0.6142578125 0.3488484375 0.5859375 0.352278125 0.560546875 0.3566875 0.556640625 0.36648749999999997
23 0.453125 0.608525 0.427734375 0.6031359375 0.31640625 0.6237140625 0.3154296875 0.6286140625 0.3525390625 0.6398828125 0.4111328125 0.6447812500000001 0.447265625 0.6393921875 0.453125 0.608525
24 0.494140625 0.65703125 0.4873046875 0.6467421875 0.45703125 0.6413515624999999 0.3193359375 0.6482109375 0.3203125 0.6619296875 0.39453125 0.6697703125000001 0.46484375 0.6776093750000001 0.4990234375 0.6712390625 0.494140625 0.65703125