31 0.4736328125 0.22831875 0.423828125 0.21362031250000002 0.3837890625 0.2234203125 0.328125 0.23517812500000002 0.2724609375 0.24693749999999998 0.2958984375 0.274375 0.34765625 0.2660453125 0.419921875 0.2552671875 0.4541015625 0.2479171875 0.4736328125 0.22831875
2 0.5078125 0.2876046875 0.5185546875 0.2758453125 0.4970703125 0.2572265625 0.4580078125 0.2508578125 0.3603515625 0.27045625 0.3046875 0.2797640625 0.30859375 0.2983828125 0.3369140625 0.2983828125 0.4033203125 0.2983828125 0.4560546875 0.29495312500000004 0.5078125 0.2876046875
13 0.53125 0.3076921875 0.5419921875 0.2959328125 0.51171875 0.2876046875 0.46484375 0.29495312500000004 0.4111328125 0.29936250000000003 0.330078125 0.31308125000000003 0.330078125 0.3356203125 0.4921875 0.33464062499999997 0.537109375 0.332190625 0.5478515625 0.3219015625 0.53125 0.3076921875
17 0.5654296875 0.341009375 0.515625 0.33464062499999997 0.4560546875 0.3419890625 0.392578125 0.347378125 0.330078125 0.3493390625 0.3349609375 0.3625671875 0.4267578125 0.3645265625 0.5224609375 0.3645265625 0.556640625 0.3591375 0.5654296875 0.341009375
18 0.5458984375 0.361096875 0.46484375 0.3718765625 0.4033203125 0.37530625 0.3408203125 0.38265625000000003 0.326171875 0.391475 0.5048828125 0.391475 0.5439453125 0.3924546875 0.58203125 0.3718765625 0.5458984375 0.361096875
19 0.6015625 0.4061734375 0.560546875 0.391475 0.5078125 0.3924546875 0.4326171875 0.39784375 0.349609375 0.41058281250000006 0.376953125 0.41695312500000004 0.4453125 0.4243015625 0.5390625 0.4287109375 0.5625 0.4243015625 0.6015625 0.4061734375
20 0.5673828125 0.4287109375 0.48828125 0.4341015625 0.396484375 0.4341015625 0.39453125 0.45125000000000004 0.53515625 0.45859843749999996 0.5927734375 0.46006875 0.6015625 0.439490625 0.5673828125 0.4287109375
21 0.583984375 0.46006875 0.53125 0.46006875 0.462890625 0.46006875 0.3837890625 0.46006875 0.376953125 0.4835859375 0.533203125 0.498284375 0.5966796875 0.49436562500000003 0.607421875 0.46643749999999995 0.583984375 0.46006875
22 0.513671875 0.49926562499999994 0.470703125 0.501715625 0.37109375 0.5178828125 0.396484375 0.5325828125000001 0.55859375 0.5350312500000001 0.5966796875 0.5350312500000001 0.5966796875 0.49730468749999995 0.513671875 0.49926562499999994
30 0.5966796875 0.53993125 0.5712890625 0.5369921875 0.4990234375 0.5414015625 0.3818359375 0.5414015625 0.3818359375 0.5570796875 0.5048828125 0.5639390625 0.576171875 0.567859375 0.599609375 0.5614890625 0.5966796875 0.53993125
29 0.5712890625 0.57226875 0.5029296875 0.5688390625 0.423828125 0.5796171875 0.3662109375 0.5894171874999999 0.373046875 0.60215625 0.4775390625 0.60215625 0.5693359375 0.606565625 0.60546875 0.5957859375 0.5712890625 0.57226875
23 0.5732421875 0.606565625 0.5205078125 0.6055859375 0.4287109375 0.6075453125 0.3603515625 0.6139140624999999 0.3818359375 0.629103125 0.4990234375 0.629103125 0.5693359375 0.6408625 0.5927734375 0.6246937499999999 0.5732421875 0.606565625
24 0.5625 0.6344921875 0.46875 0.6344921875 0.328125 0.64723125 0.369140625 0.6599703124999999 0.4990234375 0.6634 0.5546875 0.6697703125000001 0.583984375 0.6536015625 0.5625 0.6344921875
25 0.5498046875 0.70700625 0.5439453125 0.6967171875 0.5654296875 0.6795687499999999 0.53515625 0.666340625 0.4560546875 0.6697703125000001 0.3388671875 0.6741796875 0.33203125 0.6834890625 0.44140625 0.6996578125 0.5029296875 0.7138656250000001 0.53125 0.71680625 0.5498046875 0.70700625
26 0.5205078125 0.7427734375 0.537109375 0.7266046875 0.5009765625 0.7148453124999999 0.421875 0.70945625 0.328125 0.70945625 0.326171875 0.730525 0.41796875 0.7427734375 0.4794921875 0.7584515625 0.51171875 0.7584515625 0.5205078125 0.7427734375
27 0.44140625 0.8045078125 0.46484375 0.8054874999999999 0.46875 0.793728125 0.49722968749999996 0.7678546875000001 0.4609375 0.7545328125 0.3896484375 0.7457125 0.3134765625 0.7491421875000001 0.3115234375 0.76188125 0.419921875 0.793728125 0.44140625 0.8045078125
28 0.6357421875 0.8304750000000001 0.654296875 0.8226359375 0.6123046875 0.8089171875 0.5947265625 0.7907890625 0.6201171875 0.7907890625 0.6376953125 0.7951984375000001 0.6572265625 0.809896875 0.6845703125 0.809896875 0.677734375 0.7951984375000001 0.65234375 0.7756000000000001 0.6123046875 0.764821875 0.5869140625 0.764821875 0.548828125 0.7545328125 0.5205078125 0.7672703125 0.515625 0.789809375 0.515625 0.8054874999999999 0.556640625 0.812346875 0.5888671875 0.818715625 0.6357421875 0.8304750000000001
0 0.6142578125 0.764821875 0.6396484375 0.7721703125 0.66796875 0.78295 0.6904296875 0.78931875 0.7099609375 0.78931875 0.7099609375 0.7751109375 0.6494140625 0.7491421875000001 0.6591796875 0.7457125 0.68359375 0.7530625 0.7060546875 0.7589421875 0.7333984375 0.7653109375 0.7431640625 0.757471875 0.6923828125 0.72954375 0.642578125 0.7207250000000001 0.62109375 0.7128859375000001 0.6015625 0.7050468750000001 0.5869140625 0.7011265625 0.5693359375 0.7006375 0.5478515625 0.7138656250000001 0.5478515625 0.7266046875 0.533203125 0.734934375 0.537109375 0.7476734375 0.576171875 0.7564921874999999 0.6142578125 0.764821875
1 0.5732421875 0.6996578125 0.5830078125 0.7011265625 0.603515625 0.7055359375 0.6181640625 0.7055359375 0.6318359375 0.7055359375 0.6455078125 0.70945625 0.6650390625 0.7123953125 0.6845703125 0.716315625 0.7060546875 0.7226843749999999 0.728515625 0.727584375 0.7490234375 0.730525 0.76171875 0.730525 0.771484375 0.725625 0.748046875 0.71680625 0.7236328125 0.709946875 0.6875 0.695246875 0.6767578125 0.68691875 0.6923828125 0.6849578125 0.724609375 0.692796875 0.755859375 0.6981875 0.775390625 0.7016171875 0.79296875 0.6986765625 0.7666015625 0.6849578125 0.736328125 0.6741796875 0.6982421875 0.6648703125 0.6591796875 0.6619296875 0.6318359375 0.652621875 0.6171875 0.6447812500000001 0.595703125 0.6447812500000001 0.580078125 0.6491921875 0.5791015625 0.65703125 0.5849609375 0.670259375 0.5732421875 0.680059375 0.5732421875 0.6932875000000001 0.5732421875 0.6996578125
3 0.701171875 0.6555609375 0.732421875 0.658990625 0.76171875 0.658990625 0.78125 0.658990625 0.8125 0.656540625 0.7822265625 0.6462515625 0.7568359375 0.638903125 0.7255859375 0.6300828125 0.671875 0.6246937499999999 0.6484375 0.6173437500000001 0.6142578125 0.612934375 0.595703125 0.6261640625 0.6005859375 0.6447812500000001 0.6279296875 0.6491921875 0.642578125 0.6491921875 0.673828125 0.651640625 0.701171875 0.6555609375
4 0.7216796875 0.6163640625 0.78515625 0.6193046875 0.8251953125 0.6158750000000001 0.8046875 0.604115625 0.765625 0.59725625 0.6904296875 0.5908875 0.658203125 0.581578125 0.634765625 0.5796171875 0.607421875 0.5962765625 0.615234375 0.611465625 0.634765625 0.6163640625 0.6669921875 0.6163640625 0.6943359375 0.6163640625 0.7216796875 0.6163640625
5 0.7216796875 0.5801078125 0.7548828125 0.5820671875000001 0.79296875 0.5845171875 0.833984375 0.584028125 0.8525390625 0.5796171875 0.8134765625 0.5644296875 0.771484375 0.556590625 0.7080078125 0.5521796875 0.6630859375 0.5482609375 0.634765625 0.5472812499999999 0.6142578125 0.5561 0.6005859375 0.5639390625 0.62109375 0.5756984375 0.646484375 0.5810875 0.666015625 0.5810875 0.7216796875 0.5801078125
6 0.80078125 0.54483125 0.82421875 0.5414015625 0.802734375 0.533071875 0.7509765625 0.5262125 0.681640625 0.521803125 0.6474609375 0.5198437499999999 0.6083984375 0.5178828125 0.61328125 0.5467906250000001 0.6435546875 0.5477703125 0.68359375 0.5433609374999999 0.72265625 0.54483125 0.7529296875 0.54483125 0.80078125 0.54483125
7 0.7548828125 0.515434375 0.7861328125 0.51249375 0.8076171875 0.5071046875 0.7666015625 0.503184375 0.7001953125 0.4977953125 0.6474609375 0.496325 0.619140625 0.4958359375 0.626953125 0.5139640625 0.6494140625 0.5183734375 0.673828125 0.5198437499999999 0.6923828125 0.5198437499999999 0.72265625 0.5193531250000001 0.7548828125 0.515434375
8 0.728515625 0.485546875 0.7724609375 0.47868750000000004 0.7998046875 0.4723171875 0.7890625 0.466928125 0.7421875 0.4683984375 0.6669921875 0.47035781249999997 0.6123046875 0.4728078125 0.619140625 0.48162656249999997 0.6201171875 0.4953453125 0.6484375 0.4953453125 0.669921875 0.4933859375 0.69140625 0.491915625 0.728515625 0.485546875
9 0.69140625 0.4639875 0.7158203125 0.4610484375 0.74609375 0.4566390625 0.7783203125 0.44634999999999997 0.80078125 0.4439 0.791015625 0.4385109375 0.7451171875 0.4409609375 0.7041015625 0.44145 0.6533203125 0.443409375 0.6083984375 0.443409375 0.6083984375 0.4566390625 0.611328125 0.46986718749999995 0.625 0.4723171875 0.64453125 0.469378125 0.666015625 0.4674171875 0.69140625 0.4639875
10 0.716796875 0.429690625 0.7568359375 0.42136250000000003 0.794921875 0.412053125 0.830078125 0.4012734375 0.826171875 0.39637500000000003 0.78515625 0.3993140625 0.630859375 0.4125421875 0.6005859375 0.425771875 0.6005859375 0.43165156250000003 0.626953125 0.4399796875 0.6494140625 0.44292031249999997 0.6708984375 0.4385109375 0.716796875 0.429690625
11 0.744140625 0.388534375 0.796875 0.37775625 0.8095703125 0.370896875 0.7998046875 0.3674671875 0.728515625 0.37285625 0.61328125 0.37922656250000003 0.603515625 0.38363593749999997 0.5947265625 0.398334375 0.6279296875 0.41009375 0.6640625 0.40372343749999995 0.705078125 0.39294531250000003 0.744140625 0.388534375
12 0.734375 0.3557078125 0.7568359375 0.3512984375 0.775390625 0.347378125 0.7861328125 0.3444390625 0.8017578125 0.3366 0.796875 0.3317 0.6953125 0.34051875 0.6337890625 0.345909375 0.6044921875 0.345909375 0.58984375 0.3493390625 0.580078125 0.363546875 0.607421875 0.3806953125 0.6357421875 0.377265625 0.65234375 0.37285625 0.6875 0.3625671875 0.734375 0.3557078125
16 0.52734375 0.23566875 0.548828125 0.24448750000000002 0.5751953125 0.24448750000000002 0.595703125 0.23909843749999998 0.619140625 0.23370937500000002 0.6435546875 0.22733906250000002 0.6787109375 0.2204796875 0.6953125 0.208721875 0.6982421875 0.2023515625 0.6689453125 0.20382187499999999 0.6171875 0.21558125 0.599609375 0.212640625 0.6240234375 0.2003921875 0.6484375 0.187653125 0.6650390625 0.17834375 0.623046875 0.1798140625 0.564453125 0.194021875 0.509765625 0.1999015625 0.5126953125 0.21411093750000001 0.5205078125 0.222440625 0.5400390625 0.22587031249999998 0.52734375 0.23566875
15 0.595703125 0.29299375 0.6279296875 0.28319375 0.6611328125 0.276334375 0.6845703125 0.26506562499999997 0.705078125 0.256246875 0.7255859375 0.24301875 0.705078125 0.23664843750000003 0.662109375 0.25379687500000003 0.6328125 0.26065625 0.626953125 0.2572265625 0.65625 0.2459578125 0.6845703125 0.2302796875 0.701171875 0.2204796875 0.677734375 0.22292968750000003 0.658203125 0.22488906250000001 0.57421875 0.2464484375 0.5390625 0.2484078125 0.51953125 0.25477656249999997 0.5146484375 0.26800625 0.53125 0.2782953125 0.5361328125 0.288584375 0.5478515625 0.2988734375 0.56640625 0.2959328125 0.595703125 0.29299375
14 0.6201171875 0.34394843750000004 0.6396484375 0.3380703125 0.658203125 0.333659375 0.673828125 0.33121093749999997 0.6943359375 0.3268 0.716796875 0.319940625 0.734375 0.3150421875 0.7529296875 0.3096515625 0.765625 0.302303125 0.7705078125 0.297403125 0.7392578125 0.3013234375 0.6865234375 0.3091625 0.66015625 0.30867187500000004 0.6806640625 0.2988734375 0.7119140625 0.292503125 0.7392578125 0.2802546875 0.7265625 0.272415625 0.70703125 0.27535468750000003 0.6650390625 0.283684375 0.6171875 0.2934828125 0.5869140625 0.29495312500000004 0.564453125 0.29544375 0.5546875 0.299853125 0.55078125 0.3150421875 0.5712890625 0.32288125 0.5712890625 0.338559375 0.57421875 0.34835937499999997 0.5986328125 0.34835937499999997 0.6201171875 0.34394843750000004