31 0.7863796875 0.576171875 0.77168125 0.5263671875 0.7520828125000001 0.5458984375 0.7447328125 0.580078125 0.7339546875 0.65234375 0.725625 0.7041015625 0.7530625 0.7275390625 0.764821875 0.671875 0.7765796875000001 0.6162109375 0.7863796875 0.576171875
2 0.7491421875000001 0.5419921875 0.7427734375 0.5029296875 0.7241546875 0.4814453125 0.7123953125 0.4921875 0.7050468750000001 0.5439453125 0.7016171875 0.5966796875 0.7016171875 0.6630859375 0.7016171875 0.69140625 0.7202359375 0.6953125 0.72954375 0.6396484375 0.7491421875000001 0.5419921875
13 0.7050468750000001 0.53515625 0.7123953125 0.48828125 0.7040671875 0.4580078125 0.6923078125 0.46875 0.6780984375 0.4521484375 0.667809375 0.462890625 0.665359375 0.5078125 0.6643796875 0.669921875 0.68691875 0.669921875 0.7006375 0.5888671875 0.7050468750000001 0.53515625
17 0.665359375 0.484375 0.658990625 0.4345703125 0.6408625 0.443359375 0.6354734375 0.4775390625 0.6354734375 0.5732421875 0.6374328125 0.6650390625 0.6506609375 0.669921875 0.652621875 0.607421875 0.6580109375000001 0.5439453125 0.665359375 0.484375
18 0.6281234375 0.41796875 0.6075453125 0.4560546875 0.608525 0.4951171875 0.608525 0.673828125 0.6173437500000001 0.6591796875 0.6246937499999999 0.5966796875 0.6281234375 0.53515625 0.638903125 0.4541015625 0.6281234375 0.41796875
19 0.608525 0.439453125 0.5938265625 0.3984375 0.5756984375 0.4375 0.5712890625 0.4609375 0.5756984375 0.5546875 0.583046875 0.623046875 0.5894171874999999 0.650390625 0.60215625 0.5673828125 0.6075453125 0.4921875 0.608525 0.439453125
20 0.5414015625 0.46484375 0.54875 0.60546875 0.5658984375 0.603515625 0.5658984375 0.51171875 0.5712890625 0.4326171875 0.560509375 0.3984375 0.53993125 0.4072265625 0.5414015625 0.46484375
21 0.5335625 0.392578125 0.505634375 0.4033203125 0.501715625 0.466796875 0.5164140625 0.623046875 0.53993125 0.6162109375 0.53993125 0.537109375 0.53993125 0.46875 0.53993125 0.416015625 0.5335625 0.392578125
22 0.46496875 0.44140625 0.4674171875 0.603515625 0.4821171875 0.62890625 0.498284375 0.529296875 0.5007343750000001 0.486328125 0.5026953125 0.4033203125 0.46496875 0.4033203125 0.46496875 0.44140625
30 0.4385109375 0.400390625 0.432140625 0.423828125 0.4360609375 0.4951171875 0.44292031249999997 0.6181640625 0.45859843749999996 0.6181640625 0.45859843749999996 0.5009765625 0.4630078125 0.4287109375 0.46006875 0.4033203125 0.4385109375 0.400390625
29 0.4042140625 0.39453125 0.393434375 0.4306640625 0.39784375 0.5224609375 0.39784375 0.626953125 0.41058281250000006 0.6337890625 0.42038281250000004 0.576171875 0.43116093749999995 0.4970703125 0.42773125 0.4287109375 0.4042140625 0.39453125
23 0.37530625 0.4072265625 0.3591375 0.4306640625 0.370896875 0.5009765625 0.370896875 0.6181640625 0.3860859375 0.6396484375 0.3924546875 0.5712890625 0.3944140625 0.4794921875 0.393434375 0.4267578125 0.37530625 0.4072265625
24 0.3366 0.5009765625 0.3400296875 0.630859375 0.35276874999999996 0.671875 0.36550781250000003 0.53125 0.36550781250000003 0.4375 0.3463984375 0.416015625 0.33022968750000004 0.4453125 0.3366 0.5009765625
25 0.333659375 0.46484375 0.32043125 0.4345703125 0.3032828125 0.4560546875 0.29299375 0.4501953125 0.28319375 0.46875 0.286134375 0.4970703125 0.30034375 0.55859375 0.31651093750000003 0.66796875 0.3258203125 0.6611328125 0.33022968750000004 0.5439453125 0.333659375 0.46484375
26 0.27339531250000004 0.462890625 0.2572265625 0.4794921875 0.24154843750000002 0.48828125 0.24154843750000002 0.5205078125 0.2572265625 0.58203125 0.269475 0.673828125 0.29054375 0.671875 0.29054375 0.578125 0.2851546875 0.4990234375 0.27339531250000004 0.462890625
27 0.1945125 0.53515625 0.1954921875 0.55859375 0.20627187500000002 0.580078125 0.23811875 0.6884765625 0.2508578125 0.6865234375 0.2542875 0.6103515625 0.2454671875 0.5390625 0.2321453125 0.5027703125 0.20627187500000002 0.53125 0.1945125 0.53515625
28 0.1773640625 0.345703125 0.16952499999999998 0.3642578125 0.181284375 0.4111328125 0.187653125 0.443359375 0.1945125 0.484375 0.210190625 0.484375 0.2327296875 0.4794921875 0.2454671875 0.451171875 0.23517812500000002 0.4130859375 0.23517812500000002 0.3876953125 0.22440000000000002 0.34765625 0.2048015625 0.322265625 0.19010312499999998 0.3154296875 0.19010312499999998 0.3427734375 0.2048015625 0.3623046875 0.20921093750000003 0.3798828125 0.20921093750000003 0.4052734375 0.1910828125 0.3876953125 0.1773640625 0.345703125
0 0.2508578125 0.3505859375 0.22488906250000001 0.2900390625 0.21068125000000001 0.2900390625 0.21068125000000001 0.3095703125 0.21705000000000002 0.33203125 0.22782968750000002 0.3603515625 0.23517812500000002 0.3857421875 0.2435078125 0.423828125 0.2523265625 0.462890625 0.26506562499999997 0.466796875 0.27339531250000004 0.4521484375 0.286134375 0.4521484375 0.29936250000000003 0.4306640625 0.2988734375 0.4130859375 0.29495312500000004 0.3984375 0.2871140625 0.37890625 0.279275 0.357421875 0.27045625 0.3076171875 0.24252812499999998 0.2568359375 0.2346890625 0.2666015625 0.24105781249999997 0.2939453125 0.24693749999999998 0.31640625 0.2542875 0.3408203125 0.2508578125 0.3505859375
1 0.3150421875 0.3076171875 0.31308125000000003 0.3232421875 0.304753125 0.3125 0.29005312499999997 0.2763671875 0.28319375 0.251953125 0.274375 0.228515625 0.269475 0.23828125 0.269475 0.2509765625 0.272415625 0.271484375 0.277315625 0.2939453125 0.283684375 0.3154296875 0.2876046875 0.3349609375 0.29054375 0.3544921875 0.2944640625 0.3681640625 0.2944640625 0.3818359375 0.2944640625 0.396484375 0.2988734375 0.4169921875 0.30034375 0.4267578125 0.3067125 0.4267578125 0.319940625 0.4267578125 0.329740625 0.4150390625 0.34296875 0.4208984375 0.3508078125 0.419921875 0.35521875 0.404296875 0.35521875 0.3828125 0.347378125 0.3681640625 0.3380703125 0.3408203125 0.3351296875 0.3017578125 0.3258203125 0.263671875 0.3150421875 0.2333984375 0.3013234375 0.20703125 0.2983828125 0.224609375 0.3018125 0.244140625 0.307203125 0.275390625 0.3150421875 0.3076171875
3 0.34835937499999997 0.326171875 0.3508078125 0.357421875 0.3508078125 0.3720703125 0.35521875 0.3994140625 0.3738359375 0.404296875 0.387065625 0.3857421875 0.38265625000000003 0.3515625 0.37530625 0.328125 0.3699171875 0.2744140625 0.361096875 0.2431640625 0.3537484375 0.2177734375 0.343459375 0.1875 0.341009375 0.21875 0.341009375 0.23828125 0.341009375 0.267578125 0.3444390625 0.298828125 0.34835937499999997 0.326171875
4 0.388534375 0.384765625 0.40372343749999995 0.392578125 0.42038281250000004 0.365234375 0.41842187500000005 0.341796875 0.4091125 0.3095703125 0.40274374999999996 0.234375 0.395884375 0.1953125 0.384125 0.1748046875 0.3806953125 0.21484375 0.38363593749999997 0.2783203125 0.38363593749999997 0.3056640625 0.38363593749999997 0.3330078125 0.38363593749999997 0.365234375 0.388534375 0.384765625
5 0.41891249999999997 0.353515625 0.4243015625 0.37890625 0.4360609375 0.3994140625 0.4439 0.3857421875 0.45271875 0.365234375 0.4517390625 0.3369140625 0.44782031250000004 0.2919921875 0.443409375 0.228515625 0.4355703125 0.1865234375 0.42038281250000004 0.1474609375 0.415971875 0.166015625 0.41548281249999997 0.20703125 0.4179328125 0.2451171875 0.4198921875 0.2783203125 0.41891249999999997 0.333984375 0.41891249999999997 0.353515625
6 0.45320937499999997 0.38671875 0.4821171875 0.3916015625 0.48015625 0.3525390625 0.47819687499999997 0.318359375 0.4737875 0.2490234375 0.466928125 0.197265625 0.45859843749999996 0.17578125 0.45516875 0.19921875 0.45516875 0.2470703125 0.45516875 0.27734375 0.4566390625 0.31640625 0.45222968750000003 0.3564453125 0.45320937499999997 0.38671875
7 0.48603593749999996 0.373046875 0.5041640625 0.380859375 0.503675 0.3525390625 0.5022046875 0.2998046875 0.496815625 0.2333984375 0.49289531249999996 0.1923828125 0.48750625000000003 0.2138671875 0.484565625 0.2451171875 0.480646875 0.27734375 0.48015625 0.3076171875 0.48015625 0.326171875 0.48162656249999997 0.3505859375 0.48603593749999996 0.373046875
8 0.5183734375 0.380859375 0.5271921875000001 0.3876953125 0.5296421875 0.3330078125 0.5316015625 0.2578125 0.533071875 0.2109375 0.5276828124999999 0.2001953125 0.5213125 0.2275390625 0.514453125 0.271484375 0.5080843749999999 0.30859375 0.5066140625 0.330078125 0.5046546875 0.3515625 0.5046546875 0.3798828125 0.5183734375 0.380859375
9 0.530621875 0.35546875 0.5276828124999999 0.375 0.5301328125 0.388671875 0.5433609374999999 0.3916015625 0.556590625 0.3916015625 0.556590625 0.3466796875 0.55855 0.2958984375 0.5590390625 0.2548828125 0.5614890625 0.208984375 0.5561 0.19921875 0.55365 0.2216796875 0.5433609374999999 0.25390625 0.5389515625 0.2841796875 0.5360125 0.30859375 0.5325828125000001 0.333984375 0.530621875 0.35546875
10 0.574228125 0.3994140625 0.5874578125000001 0.369140625 0.6006859375 0.21484375 0.603625 0.173828125 0.5987265625 0.169921875 0.587946875 0.205078125 0.5786374999999999 0.2431640625 0.570309375 0.283203125 0.5614890625 0.3291015625 0.5570796875 0.3505859375 0.5600203125000001 0.373046875 0.5683484375 0.3994140625 0.574228125 0.3994140625
11 0.6207734375 0.38671875 0.62714375 0.271484375 0.6325328125 0.2001953125 0.629103125 0.1904296875 0.62224375 0.203125 0.611465625 0.255859375 0.6070546875 0.294921875 0.5962765625 0.3359375 0.5899062500000001 0.3720703125 0.601665625 0.4052734375 0.6163640625 0.396484375 0.6207734375 0.38671875
12 0.62714375 0.34765625 0.6227343750000001 0.3642578125 0.6193046875 0.392578125 0.636453125 0.419921875 0.6506609375 0.41015625 0.654090625 0.3955078125 0.654090625 0.3662109375 0.65948125 0.3046875 0.6683 0.203125 0.6634 0.1982421875 0.6555609375 0.2138671875 0.652621875 0.224609375 0.6487015625 0.2431640625 0.6442921875 0.265625 0.6374328125 0.3125 0.62714375 0.34765625
16 0.766290625 0.380859375 0.7609015625 0.404296875 0.7555125 0.4248046875 0.7555125 0.451171875 0.76433125 0.47265625 0.7741296875 0.4599609375 0.7775593749999999 0.4794921875 0.7858890625 0.4873046875 0.8000984375 0.490234375 0.805978125 0.435546875 0.8201859375 0.376953125 0.82165625 0.3349609375 0.812346875 0.3515625 0.7996078125 0.3759765625 0.7873593750000001 0.400390625 0.78441875 0.3828125 0.796178125 0.3310546875 0.7976484375 0.3017578125 0.791278125 0.3046875 0.7795203125 0.3212890625 0.7726609375 0.3564453125 0.766290625 0.380859375
15 0.7633515625 0.294921875 0.75698125 0.2744140625 0.743753125 0.294921875 0.734934375 0.3154296875 0.723665625 0.3388671875 0.71680625 0.3720703125 0.70700625 0.404296875 0.7040671875 0.43359375 0.7011265625 0.4521484375 0.711415625 0.4638671875 0.7217046875 0.46875 0.73199375 0.4853515625 0.7452234375 0.48046875 0.7515921875 0.4609375 0.7535515625 0.42578125 0.7751109375 0.341796875 0.7770703125 0.322265625 0.7795203125 0.298828125 0.7697203125 0.3154296875 0.7540421875 0.34375 0.7427734375 0.373046875 0.73934375 0.3671875 0.746203125 0.337890625 0.7633515625 0.294921875
14 0.6908375 0.3134765625 0.6986765625 0.2607421875 0.702596875 0.2294921875 0.697696875 0.234375 0.6903484375 0.2470703125 0.6849578125 0.265625 0.680059375 0.283203125 0.6732 0.3056640625 0.6687890624999999 0.326171875 0.666340625 0.341796875 0.6619296875 0.3603515625 0.6560515625 0.3798828125 0.651640625 0.4013671875 0.651640625 0.42578125 0.661440625 0.4287109375 0.67711875 0.4287109375 0.6849578125 0.44921875 0.700146875 0.4453125 0.70455625 0.435546875 0.7050468750000001 0.4130859375 0.7065171875 0.3828125 0.716315625 0.3349609375 0.7246453125000001 0.29296875 0.727584375 0.2734375 0.7197453125 0.2607421875 0.707496875 0.2880859375 0.7011265625 0.3193359375 0.691328125 0.33984375 0.6908375 0.3134765625