2 0.2854046875 0.4140625 0.2897296875 0.380859375 0.2897296875 0.35546875 0.2735140625 0.380859375 0.256215625 0.3349609375 0.244865625 0.369140625 0.23405468749999997 0.3984375 0.23729687500000002 0.427734375 0.24864843749999999 0.4453125 0.260540625 0.4599609375 0.2713515625 0.4580078125 0.28108125 0.443359375 0.2854046875 0.4140625
13 0.2908109375 0.56640625 0.3086484375 0.56640625 0.3129734375 0.5400390625 0.317296875 0.4951171875 0.315134375 0.45703125 0.3064859375 0.4375 0.29243281250000003 0.4052734375 0.2886484375 0.40234375 0.28324375 0.44140625 0.275675 0.4716796875 0.261621875 0.5009765625 0.257296875 0.5322265625 0.2670265625 0.55078125 0.2821625 0.55078125 0.2908109375 0.56640625
17 0.3529734375 0.5224609375 0.355134375 0.4951171875 0.3313515625 0.4951171875 0.318378125 0.4736328125 0.318378125 0.5146484375 0.315134375 0.560546875 0.315134375 0.587890625 0.3281078125 0.576171875 0.33891875 0.583984375 0.3529734375 0.595703125 0.358378125 0.56640625 0.3529734375 0.5224609375
17 0.3708109375 0.4580078125 0.3686484375 0.42578125 0.3686484375 0.40234375 0.33891875 0.3828125 0.3281078125 0.41796875 0.324865625 0.4453125 0.321621875 0.4677734375 0.324865625 0.4853515625 0.33999999999999997 0.4931640625 0.355134375 0.4892578125 0.3621625 0.4736328125 0.3708109375 0.4580078125
18 0.40432499999999993 0.4697265625 0.40108125 0.439453125 0.3978375 0.416015625 0.378378125 0.404296875 0.3729734375 0.439453125 0.36648593749999997 0.4716796875 0.358378125 0.4970703125 0.3675671875 0.5185546875 0.38054062499999997 0.5185546875 0.3870265625 0.4873046875 0.40108125 0.4912109375 0.40432499999999993 0.4697265625
18 0.3940546875 0.5595703125 0.3913515625 0.5419921875 0.3886484375 0.517578125 0.3854046875 0.498046875 0.3654046875 0.5166015625 0.36108125 0.5703125 0.36108125 0.607421875 0.375134375 0.607421875 0.3913515625 0.6015625 0.39297343749999997 0.5849609375 0.396215625 0.578125 0.395675 0.5693359375 0.3940546875 0.5595703125
20 0.44702656249999995 0.4501953125 0.42216250000000005 0.439453125 0.42108125 0.4755859375 0.4178375 0.5224609375 0.4264859375 0.568359375 0.444865625 0.576171875 0.45459531249999996 0.572265625 0.45459531249999996 0.5400390625 0.45351406250000004 0.5068359375 0.44702656249999995 0.4501953125
21 0.500540625 0.576171875 0.5037843750000001 0.5478515625 0.495134375 0.4853515625 0.4897296875 0.431640625 0.4675671875 0.4375 0.4621625 0.4873046875 0.4621625 0.5263671875 0.45675625000000003 0.560546875 0.455675 0.59375 0.45675625000000003 0.609375 0.48864843750000003 0.6171875 0.500540625 0.607421875 0.500540625 0.576171875
22 0.5421625 0.4990234375 0.54108125 0.435546875 0.515675 0.4296875 0.5135140625 0.4716796875 0.5059453125 0.5263671875 0.500540625 0.587890625 0.5102703125 0.615234375 0.53675625 0.615234375 0.5486484375 0.580078125 0.544325 0.5478515625 0.5421625 0.4990234375
30 0.58108125 0.5166015625 0.58108125 0.4814453125 0.563784375 0.435546875 0.557296875 0.4853515625 0.5508109375 0.5107421875 0.5486484375 0.55859375 0.5486484375 0.583984375 0.5583781250000001 0.591796875 0.575675 0.58984375 0.58108125 0.5546875 0.58108125 0.5166015625
29 0.6070265625 0.494140625 0.5897296875 0.4462890625 0.5870265625 0.48828125 0.581621875 0.53515625 0.578378125 0.5859375 0.5886484375000001 0.6123046875 0.600540625 0.6123046875 0.6081078125 0.5986328125 0.6070265625 0.5595703125 0.6070265625 0.494140625
23 0.6102703125 0.509765625 0.6102703125 0.5478515625 0.6102703125 0.58984375 0.6291890625 0.59765625 0.641621875 0.5947265625 0.64 0.560546875 0.6378375000000001 0.517578125 0.6378375000000001 0.49609375 0.6102703125 0.509765625
23 0.6335140625 0.44140625 0.6308109375 0.4189453125 0.597296875 0.455078125 0.603784375 0.4794921875 0.6113515625 0.5 0.618378125 0.51171875 0.6378375000000001 0.5 0.6378375000000001 0.4697265625 0.6335140625 0.44140625
24 0.6378375000000001 0.4130859375 0.636215625 0.4521484375 0.639459375 0.4755859375 0.655675 0.4814453125 0.6713515625 0.4814453125 0.6778375 0.46484375 0.6708109375 0.43359375 0.6675671875 0.3984375 0.6378375000000001 0.4130859375
24 0.680540625 0.517578125 0.676215625 0.4697265625 0.6459453125 0.4873046875 0.644325 0.5087890625 0.641621875 0.5322265625 0.6464859374999999 0.5859375 0.659459375 0.5859375 0.675675 0.5810546875 0.6870265625 0.5751953125 0.682703125 0.541015625 0.680540625 0.517578125
25 0.7389187500000001 0.5205078125 0.7281078125 0.4931640625 0.715675 0.4580078125 0.7140546875 0.43359375 0.7070265625000001 0.37890625 0.7 0.4404296875 0.6935140625 0.453125 0.682703125 0.404296875 0.676215625 0.3984375 0.676215625 0.435546875 0.6843250000000001 0.455078125 0.6859453125 0.4912109375 0.6859453125 0.5068359375 0.6886484375 0.552734375 0.6972968749999999 0.57421875 0.7108109375 0.560546875 0.7221625 0.5537109375 0.735134375 0.544921875 0.7389187500000001 0.5205078125
26 0.7594593749999999 0.3955078125 0.7545953125 0.3720703125 0.741621875 0.3427734375 0.7329734375 0.322265625 0.7059453125 0.3564453125 0.7102703125 0.3984375 0.715675 0.42578125 0.724865625 0.453125 0.739459375 0.453125 0.744865625 0.431640625 0.75675625 0.431640625 0.7594593749999999 0.4169921875 0.7594593749999999 0.3955078125
28 0.8064859375 0.630859375 0.8075671874999999 0.6044921875 0.79891875 0.5771484375 0.796215625 0.55078125 0.780540625 0.5498046875 0.7702703125 0.556640625 0.760540625 0.5634765625 0.755675 0.576171875 0.7481078125 0.5869140625 0.74324375 0.6220703125 0.744865625 0.646484375 0.75675625 0.6748046875 0.7762156250000001 0.6884765625 0.7891890625 0.6875 0.781621875 0.6630859375 0.78 0.6455078125 0.7881078125000001 0.6318359375 0.8064859375 0.630859375
0 0.7302703125 0.72265625 0.7237843749999999 0.7021484375 0.718378125 0.6787109375 0.7313515625 0.6787109375 0.741621875 0.69921875 0.7518921875 0.7314453125 0.7594593749999999 0.7080078125 0.7578375 0.6865234375 0.7535140625000001 0.6728515625 0.7481078125 0.6552734375 0.744865625 0.63671875 0.741621875 0.6103515625 0.738378125 0.5888671875 0.7345953125 0.572265625 0.7345953125 0.5556640625 0.72 0.5654296875 0.7102703125 0.578125 0.6972968749999999 0.5830078125 0.683784375 0.5869140625 0.6724328125000001 0.59765625 0.6821625 0.6279296875 0.69675625 0.6552734375 0.70108125 0.6728515625 0.7075671875 0.708984375 0.7221625 0.7509765625 0.7345953125 0.7431640625 0.7302703125 0.72265625
1 0.64 0.7314453125 0.643784375 0.7470703125 0.6470265625 0.76171875 0.6486484375 0.7431640625 0.6481078124999999 0.7236328125 0.6475671875 0.7099609375 0.6491890625 0.6923828125 0.6508109375 0.6796875 0.655134375 0.671875 0.664865625 0.6708984375 0.6702703125 0.6826171875 0.6783781249999999 0.6962890625 0.6859453125 0.70703125 0.6935140625 0.72265625 0.6978375 0.7373046875 0.6913515625 0.68359375 0.6891890625 0.666015625 0.68108125 0.6513671875 0.6778375 0.6318359375 0.6778375 0.61328125 0.6729734374999999 0.58984375 0.656215625 0.595703125 0.6427031249999999 0.609375 0.624325 0.6064453125 0.618378125 0.6240234375 0.6281078124999999 0.646484375 0.6345953125 0.6572265625 0.6329734375 0.6787109375 0.637296875 0.69921875 0.63675625 0.7099609375 0.64 0.7314453125
3 0.602703125 0.6865234375 0.6108109374999999 0.6826171875 0.615675 0.69140625 0.624865625 0.6982421875 0.63675625 0.7197265625 0.6329734375 0.6806640625 0.6264859375 0.6572265625 0.6227031249999999 0.6396484375 0.621621875 0.615234375 0.6032437500000001 0.619140625 0.5929734375 0.61328125 0.578378125 0.6279296875 0.5913515625 0.666015625 0.5913515625 0.693359375 0.5908109375 0.72265625 0.5913515625 0.7412109375 0.5978375 0.712890625 0.600540625 0.701171875 0.602703125 0.6865234375
4 0.58108125 0.7646484375 0.5881078125 0.7607421875 0.5864859375 0.7060546875 0.583784375 0.6669921875 0.5821625 0.6396484375 0.575675 0.6240234375 0.555134375 0.6181640625 0.5486484375 0.6455078125 0.55891875 0.6767578125 0.560540625 0.689453125 0.564865625 0.7119140625 0.5670265624999999 0.7236328125 0.5702703125 0.751953125 0.5729734375 0.76171875 0.58108125 0.7646484375
6 0.5475671875 0.666015625 0.5345953125 0.6494140625 0.52108125 0.6611328125 0.5270265625 0.720703125 0.535675 0.7626953125 0.5567562500000001 0.7685546875 0.5567562500000001 0.7353515625 0.5502703125 0.6806640625 0.5475671875 0.666015625
7 0.504865625 0.634765625 0.4929734375 0.6494140625 0.4945953125 0.69140625 0.5059453125 0.796875 0.52108125 0.7763671875 0.52108125 0.73828125 0.5227031249999999 0.6943359375 0.523784375 0.6669921875 0.523784375 0.642578125 0.504865625 0.634765625
8 0.475134375 0.6396484375 0.463784375 0.6513671875 0.46540468749999997 0.69140625 0.46702656249999996 0.744140625 0.478378125 0.7861328125 0.48108125 0.8056640625 0.495134375 0.794921875 0.49351406249999996 0.7568359375 0.49351406249999996 0.7197265625 0.49351406249999996 0.6884765625 0.49135156249999995 0.6396484375 0.475134375 0.6396484375
9 0.463784375 0.693359375 0.463784375 0.6669921875 0.460540625 0.6484375 0.45189218750000004 0.6494140625 0.43675625 0.6572265625 0.4302703125 0.6787109375 0.42270312499999996 0.7529296875 0.42432499999999995 0.7880859375 0.438378125 0.8037109375 0.45189218750000004 0.7861328125 0.45351406250000004 0.7568359375 0.46324375 0.7177734375 0.463784375 0.693359375
10 0.420540625 0.779296875 0.42432499999999995 0.76171875 0.4308109375 0.7001953125 0.4335140625 0.6748046875 0.4335140625 0.6396484375 0.42270312499999996 0.6259765625 0.40756718750000004 0.6259765625 0.40216250000000003 0.6669921875 0.399459375 0.693359375 0.3945953125 0.73828125 0.3945953125 0.7568359375 0.395675 0.7705078125 0.401621875 0.7724609375 0.4178375 0.76953125 0.420540625 0.779296875
11 0.38108125 0.6796875 0.3854046875 0.685546875 0.3875671875 0.6943359375 0.3913515625 0.7060546875 0.3908109375 0.7216796875 0.3935140625 0.734375 0.3978375 0.7197265625 0.40378437500000003 0.681640625 0.4059453125 0.646484375 0.4059453125 0.6240234375 0.39297343749999997 0.6162109375 0.38432499999999997 0.6181640625 0.3659453125 0.609375 0.364865625 0.6494140625 0.36108125 0.697265625 0.35729687499999996 0.712890625 0.3670265625 0.7080078125 0.3729734375 0.6943359375 0.375134375 0.685546875 0.38108125 0.6796875
12 0.3021625 0.7197265625 0.3108109375 0.701171875 0.3135140625 0.693359375 0.3178375 0.685546875 0.3221625 0.6748046875 0.3291890625 0.666015625 0.335675 0.6728515625 0.33837812500000003 0.693359375 0.33999999999999997 0.7080078125 0.340540625 0.720703125 0.343784375 0.734375 0.3497296875 0.7119140625 0.35243281249999997 0.7001953125 0.3535140625 0.6865234375 0.362703125 0.6552734375 0.364325 0.6259765625 0.362703125 0.603515625 0.35243281249999997 0.609375 0.339459375 0.59765625 0.324865625 0.591796875 0.3129734375 0.591796875 0.31675624999999996 0.6337890625 0.30486562500000003 0.666015625 0.29945937499999997 0.681640625 0.29783750000000003 0.6953125 0.297296875 0.7109375 0.295675 0.7265625 0.3021625 0.7197265625
14 0.259459375 0.7646484375 0.2735140625 0.7578125 0.281621875 0.7314453125 0.2902703125 0.693359375 0.2935140625 0.6708984375 0.3 0.65234375 0.3124328125 0.6376953125 0.3118921875 0.62109375 0.31027031250000003 0.6025390625 0.3021625 0.5888671875 0.29405468749999997 0.5859375 0.2854046875 0.5830078125 0.2735140625 0.5732421875 0.261621875 0.5634765625 0.25351406249999997 0.5703125 0.24702656250000002 0.587890625 0.24810781249999997 0.611328125 0.244865625 0.6259765625 0.24324374999999998 0.654296875 0.2345953125 0.697265625 0.2324328125 0.716796875 0.2345953125 0.7353515625 0.244865625 0.720703125 0.2540546875 0.6904296875 0.2664859375 0.677734375 0.264865625 0.708984375 0.259459375 0.7646484375
15 0.20324375 0.6865234375 0.19837812500000002 0.69921875 0.204865625 0.69921875 0.21513437500000002 0.6982421875 0.223784375 0.6884765625 0.23513437499999998 0.671875 0.240540625 0.6494140625 0.2421625 0.6279296875 0.2281078125 0.5859375 0.2135140625 0.56640625 0.201621875 0.5673828125 0.180540625 0.5869140625 0.1735140625 0.607421875 0.1724328125 0.634765625 0.18432500000000002 0.625 0.1940546875 0.625 0.2 0.63671875 0.204325 0.65625 0.2140546875 0.658203125 0.20324375 0.6865234375
19 0.420540625 0.341796875 0.42000000000000004 0.310546875 0.384865625 0.3115234375 0.378378125 0.357421875 0.38054062499999997 0.376953125 0.378378125 0.40234375 0.3854046875 0.423828125 0.4064859375 0.4130859375 0.419459375 0.396484375 0.42540468750000004 0.3740234375 0.420540625 0.341796875
1 0.6924328125 0.7353515625 0.6929734375 0.7197265625 0.6886484375 0.708984375 0.68108125 0.689453125 0.676215625 0.689453125 0.6664859375 0.6904296875 0.66108125 0.69140625 0.6508109375 0.6923828125 0.6464859374999999 0.6982421875 0.64324375 0.7177734375 0.6475671875 0.7412109375 0.6524328125000001 0.755859375 0.656215625 0.76953125 0.662703125 0.7763671875 0.6659453125 0.763671875 0.6708109375 0.759765625 0.67891875 0.76171875 0.684865625 0.76953125 0.6902703125 0.771484375 0.6929734375 0.7607421875 0.6929734375 0.7470703125 0.6924328125 0.7353515625
3 0.6340546875 0.7216796875 0.6313515625 0.7099609375 0.624325 0.705078125 0.615675 0.705078125 0.6102703125 0.7060546875 0.604325 0.7119140625 0.6021625 0.7197265625 0.59675625 0.7265625 0.5945953125 0.740234375 0.5978375 0.7568359375 0.603784375 0.7744140625 0.6054046875 0.783203125 0.6124328125 0.798828125 0.619459375 0.77734375 0.6259453125000001 0.7763671875 0.6318921875 0.7919921875 0.635134375 0.7763671875 0.6345953125 0.7685546875 0.63675625 0.7529296875 0.635675 0.736328125 0.6340546875 0.7216796875
4 0.61891875 0.85546875 0.617296875 0.8369140625 0.6135140625 0.8310546875 0.6102703125 0.8193359375 0.6059453125 0.80859375 0.604325 0.796875 0.601621875 0.7861328125 0.597296875 0.775390625 0.5902703125000001 0.7646484375 0.583784375 0.763671875 0.575134375 0.76171875 0.5675671875 0.767578125 0.564865625 0.7744140625 0.560540625 0.7841796875 0.5599999999999999 0.79296875 0.562703125 0.810546875 0.5670265624999999 0.8232421875 0.5724328125 0.83984375 0.5778375 0.853515625 0.582703125 0.8642578125 0.5870265625 0.8759765625 0.5902703125000001 0.8818359375 0.5978375 0.8876953125 0.598378125 0.87109375 0.597296875 0.8603515625 0.60108125 0.8447265625 0.6075671875 0.853515625 0.6124328125 0.8603515625 0.61891875 0.869140625 0.624325 0.873046875 0.61891875 0.85546875
10 0.40324375 0.90234375 0.4086484375 0.896484375 0.4108109375 0.8857421875 0.4129734375 0.8740234375 0.417296875 0.8564453125 0.42000000000000004 0.8427734375 0.42432499999999995 0.83203125 0.42756718749999995 0.822265625 0.4302703125 0.8095703125 0.4291890625 0.7939453125 0.42756718749999995 0.783203125 0.420540625 0.7724609375 0.4135140625 0.76953125 0.40972968749999994 0.76953125 0.399459375 0.7685546875 0.39297343749999997 0.7685546875 0.3870265625 0.7841796875 0.384865625 0.798828125 0.381621875 0.8134765625 0.3821625 0.83203125 0.38054062499999997 0.85546875 0.376215625 0.8701171875 0.3778375 0.8828125 0.3864859375 0.8720703125 0.3908109375 0.8623046875 0.39675625000000003 0.8525390625 0.40270312500000005 0.845703125 0.40432499999999993 0.859375 0.400540625 0.8779296875 0.400540625 0.8896484375 0.40324375 0.90234375
11 0.384865625 0.7890625 0.3864859375 0.779296875 0.3897296875 0.7705078125 0.39297343749999997 0.7607421875 0.3940546875 0.748046875 0.3935140625 0.73828125 0.38918906249999996 0.73046875 0.3821625 0.7255859375 0.37945937500000004 0.7177734375 0.378378125 0.7080078125 0.3735140625 0.7041015625 0.3654046875 0.7080078125 0.358378125 0.712890625 0.3518921875 0.720703125 0.3491890625 0.73046875 0.3497296875 0.74609375 0.3502703125 0.7666015625 0.3518921875 0.78125 0.3535140625 0.794921875 0.355134375 0.810546875 0.35729687499999996 0.8017578125 0.362703125 0.7939453125 0.3681078125 0.7880859375 0.375675 0.7900390625 0.375675 0.80078125 0.3778375 0.810546875 0.38324375 0.7978515625 0.384865625 0.7890625
12 0.3297296875 0.7841796875 0.3340546875 0.7744140625 0.33675625 0.7666015625 0.341621875 0.7548828125 0.34324374999999996 0.7421875 0.33891875 0.7275390625 0.3324328125 0.7197265625 0.3275671875 0.71484375 0.319459375 0.712890625 0.3129734375 0.7119140625 0.3064859375 0.712890625 0.3 0.720703125 0.295675 0.73046875 0.2929734375 0.748046875 0.2945953125 0.7646484375 0.295134375 0.7841796875 0.300540625 0.7802734375 0.3075671875 0.775390625 0.3135140625 0.76953125 0.31891875000000003 0.7880859375 0.319459375 0.798828125 0.32 0.8125 0.3275671875 0.7939453125 0.3297296875 0.7841796875
29 0.5978375 0.435546875 0.6227031249999999 0.3974609375 0.62 0.3076171875 0.602703125 0.345703125 0.5881078125 0.30078125 0.5789187499999999 0.3916015625 0.5978375 0.435546875
19 0.39837812499999997 0.607421875 0.42000000000000004 0.599609375 0.42702656250000004 0.5732421875 0.4091890625 0.4697265625 0.3978375 0.490234375 0.3913515625 0.580078125 0.39837812499999997 0.607421875