31 0.7927484375 0.5263671875 0.7584515625 0.53515625 0.7530625 0.5673828125 0.7491421875000001 0.583984375 0.7466921875 0.626953125 0.7520828125000001 0.6845703125 0.763840625 0.736328125 0.780009375 0.697265625 0.7951984375000001 0.64453125 0.812346875 0.5927734375 0.7927484375 0.5263671875
2 0.7530625 0.51171875 0.7609015625 0.466796875 0.7545328125 0.447265625 0.7403234375000001 0.439453125 0.7285640625 0.4326171875 0.71680625 0.4326171875 0.7060265625000001 0.439453125 0.7060265625000001 0.46875 0.7084765625 0.509765625 0.7123953125 0.599609375 0.7491421875000001 0.64453125 0.7501218749999999 0.576171875 0.7530625 0.51171875
13 0.7050468750000001 0.421875 0.6834890625 0.41796875 0.658990625 0.41796875 0.6462515625 0.4287109375 0.6491921875 0.4755859375 0.65458125 0.513671875 0.6624203125 0.5693359375 0.666340625 0.599609375 0.695246875 0.5927734375 0.7016171875 0.5263671875 0.7050468750000001 0.462890625 0.7050468750000001 0.421875
17 0.6217546875 0.5244140625 0.629103125 0.583984375 0.6560515625 0.607421875 0.6506609375 0.5458984375 0.6506609375 0.5029296875 0.6452718749999999 0.4345703125 0.6148953125000001 0.4375 0.6148953125000001 0.4736328125 0.6217546875 0.5244140625
18 0.5938265625 0.578125 0.604115625 0.6103515625 0.6246937499999999 0.60546875 0.6256734374999999 0.5458984375 0.620284375 0.5078125 0.620284375 0.4775390625 0.6178343749999999 0.4365234375 0.613425 0.4365234375 0.6050953125 0.431640625 0.5918671875 0.4365234375 0.5835375 0.443359375 0.57716875 0.4541015625 0.5805984375000001 0.4970703125 0.5820671875000001 0.5244140625 0.5864765625 0.5537109375 0.5938265625 0.578125
20 0.54973125 0.6181640625 0.5639390625 0.625 0.5595296875 0.4541015625 0.5325828125000001 0.4501953125 0.5335625 0.4990234375 0.54973125 0.6181640625
21 0.5316015625 0.62890625 0.5360125 0.5732421875 0.5360125 0.4970703125 0.5188640625 0.4755859375 0.506125 0.4755859375 0.506125 0.5478515625 0.51249375 0.6416015625 0.5316015625 0.62890625
22 0.48750625000000003 0.6376953125 0.49730468749999995 0.560546875 0.501715625 0.4794921875 0.484565625 0.4580078125 0.47035781249999997 0.4580078125 0.4674171875 0.53125 0.46202812499999996 0.6357421875 0.48750625000000003 0.6376953125
30 0.44145 0.533203125 0.432140625 0.62890625 0.45565937500000003 0.65234375 0.46202812499999996 0.5693359375 0.4639875 0.4990234375 0.46496875 0.4541015625 0.45222968750000003 0.4521484375 0.44145 0.46875 0.44145 0.533203125
29 0.41156249999999994 0.4541015625 0.41156249999999994 0.4921875 0.41156249999999994 0.5654296875 0.40715312499999995 0.6611328125 0.43116093749999995 0.6572265625 0.4331203125 0.5966796875 0.4385109375 0.533203125 0.4385109375 0.4970703125 0.429690625 0.46484375 0.41156249999999994 0.4541015625
23 0.4086234375 0.4609375 0.391475 0.4580078125 0.38265625000000003 0.5263671875 0.381675 0.58203125 0.3782453125 0.6484375 0.41156249999999994 0.64453125 0.42332187499999996 0.5869140625 0.4086234375 0.4609375
24 0.3537484375 0.447265625 0.35276874999999996 0.4951171875 0.3517890625 0.576171875 0.3463984375 0.6357421875 0.37530625 0.64453125 0.3806953125 0.5693359375 0.38510468750000004 0.5185546875 0.3806953125 0.4560546875 0.36550781250000003 0.44140625 0.3537484375 0.447265625
25 0.332190625 0.44140625 0.3150421875 0.44140625 0.304753125 0.4541015625 0.304753125 0.509765625 0.304753125 0.6103515625 0.304753125 0.630859375 0.341009375 0.625 0.3463984375 0.5546875 0.3493390625 0.509765625 0.354728125 0.4609375 0.332190625 0.44140625
26 0.288584375 0.4375 0.2670265625 0.443359375 0.2552671875 0.46875 0.2552671875 0.5078125 0.26065625 0.5498046875 0.2616359375 0.6396484375 0.2983828125 0.6201171875 0.2969125 0.5625 0.302303125 0.5029296875 0.302303125 0.4541015625 0.288584375 0.4375
27 0.2552671875 0.466796875 0.2371390625 0.4521484375 0.21558125 0.462890625 0.21459999999999999 0.4990234375 0.2209703125 0.5498046875 0.2234203125 0.6337890625 0.2435078125 0.6396484375 0.24889687500000002 0.599609375 0.24889687500000002 0.5693359375 0.2542875 0.5205078125 0.2552671875 0.466796875
28 0.181284375 0.3818359375 0.181284375 0.4052734375 0.1847140625 0.447265625 0.1954921875 0.4541015625 0.210190625 0.44140625 0.22195 0.44140625 0.23076875000000002 0.419921875 0.2327296875 0.3876953125 0.22195 0.3642578125 0.21802968749999999 0.3408203125 0.212640625 0.3046875 0.187653125 0.2744140625 0.1945125 0.306640625 0.20088124999999998 0.3388671875 0.20088124999999998 0.3583984375 0.18569375 0.322265625 0.17834375 0.2919921875 0.1705046875 0.32421875 0.1749140625 0.3408203125 0.181284375 0.3818359375
0 0.2876046875 0.4111328125 0.2797640625 0.3662109375 0.272415625 0.345703125 0.2660453125 0.2978515625 0.2508578125 0.259765625 0.2327296875 0.232421875 0.2508578125 0.302734375 0.2523265625 0.34765625 0.23517812500000002 0.279296875 0.21999062500000002 0.26171875 0.21999062500000002 0.2900390625 0.22440000000000002 0.3349609375 0.2297890625 0.373046875 0.2317484375 0.4326171875 0.24154843750000002 0.4521484375 0.256246875 0.439453125 0.2797640625 0.439453125 0.2876046875 0.4111328125
1 0.2851546875 0.373046875 0.288584375 0.416015625 0.302303125 0.421875 0.324840625 0.421875 0.3419890625 0.4091796875 0.338559375 0.37109375 0.33904999999999996 0.35546875 0.333659375 0.322265625 0.3219015625 0.240234375 0.3013234375 0.2001953125 0.304753125 0.25390625 0.3013234375 0.306640625 0.29495312500000004 0.28125 0.2822140625 0.240234375 0.26800625 0.19140625 0.2714359375 0.2490234375 0.2758453125 0.2958984375 0.2822140625 0.3349609375 0.2851546875 0.373046875
3 0.36893750000000003 0.34765625 0.3601171875 0.2919921875 0.3537484375 0.2490234375 0.34835937499999997 0.2109375 0.3258203125 0.1962890625 0.332190625 0.2470703125 0.3366 0.2900390625 0.3400296875 0.3388671875 0.3400296875 0.3798828125 0.34394843750000004 0.416015625 0.3581578125 0.423828125 0.3718765625 0.4091796875 0.36893750000000003 0.34765625
4 0.381675 0.2470703125 0.37530625 0.326171875 0.37530625 0.39453125 0.381675 0.4130859375 0.393434375 0.419921875 0.403234375 0.392578125 0.400784375 0.3173828125 0.3998046875 0.232421875 0.38804531249999996 0.169921875 0.381675 0.2470703125
5 0.4140125 0.1640625 0.40519375 0.193359375 0.40715312499999995 0.28125 0.40715312499999995 0.3349609375 0.40715312499999995 0.3837890625 0.4140125 0.4267578125 0.43116093749999995 0.4267578125 0.4385109375 0.400390625 0.42773125 0.2451171875 0.42234218749999997 0.2216796875 0.4140125 0.1640625
6 0.439490625 0.2958984375 0.439490625 0.3427734375 0.439490625 0.396484375 0.439490625 0.4267578125 0.45026875000000005 0.4375 0.4674171875 0.416015625 0.46006875 0.255859375 0.45026875000000005 0.2216796875 0.4439 0.234375 0.439490625 0.2958984375
7 0.48113593750000005 0.439453125 0.49730468749999995 0.41796875 0.4835859375 0.2841796875 0.4737875 0.232421875 0.4674171875 0.28515625 0.4674171875 0.3876953125 0.47035781249999997 0.4375 0.48113593750000005 0.439453125
8 0.4889765625 0.2880859375 0.49289531249999996 0.376953125 0.5026953125 0.4306640625 0.530621875 0.4306640625 0.5227828125 0.32421875 0.506125 0.2236328125 0.5007343750000001 0.1962890625 0.485546875 0.212890625 0.4889765625 0.2880859375
9 0.5164140625 0.1728515625 0.528171875 0.41796875 0.5595296875 0.419921875 0.5164140625 0.1728515625
10 0.5624687500000001 0.41796875 0.5918671875 0.4033203125 0.5776578125 0.236328125 0.5570796875 0.1728515625 0.5467906250000001 0.189453125 0.5467906250000001 0.263671875 0.5521796875 0.3173828125 0.5624687500000001 0.41796875
11 0.5810875 0.2021484375 0.5850078125 0.28515625 0.5894171874999999 0.35546875 0.6011765625 0.3984375 0.618325 0.396484375 0.626653125 0.3798828125 0.6173437500000001 0.2470703125 0.60460625 0.1806640625 0.5850078125 0.166015625 0.5810875 0.2021484375
12 0.6281234375 0.2880859375 0.6256734374999999 0.3154296875 0.626653125 0.39453125 0.658990625 0.39453125 0.6599703124999999 0.2216796875 0.65458125 0.1513671875 0.636453125 0.162109375 0.6281234375 0.236328125 0.6281234375 0.2880859375
14 0.665359375 0.39453125 0.681528125 0.3896484375 0.7006375 0.4072265625 0.7177859375 0.3984375 0.7212156249999999 0.30078125 0.73199375 0.2216796875 0.730525 0.185546875 0.7202359375 0.2001953125 0.7123953125 0.236328125 0.697696875 0.28515625 0.697696875 0.21484375 0.68691875 0.1591796875 0.6741796875 0.208984375 0.667809375 0.255859375 0.667809375 0.3046875 0.665359375 0.349609375 0.665359375 0.39453125
15 0.77168125 0.2236328125 0.757471875 0.23046875 0.7520828125000001 0.26171875 0.7457125 0.2919921875 0.7339546875 0.349609375 0.7285640625 0.3798828125 0.7339546875 0.4111328125 0.7501218749999999 0.4111328125 0.764821875 0.421875 0.780009375 0.4130859375 0.7932390625 0.2490234375 0.77168125 0.2236328125
16 0.8324343750000001 0.306640625 0.8451734375 0.259765625 0.8451734375 0.212890625 0.8133265625 0.2060546875 0.803528125 0.234375 0.796178125 0.27734375 0.793728125 0.322265625 0.7888296875 0.3662109375 0.8045078125 0.4033203125 0.8270453124999999 0.392578125 0.8432140625000001 0.3876953125 0.8476234375 0.3583984375 0.8324343750000001 0.306640625
19 0.561 0.5302734375 0.5644296875 0.5576171875 0.5668796875 0.583984375 0.56981875 0.607421875 0.5712890625 0.626953125 0.597746875 0.615234375 0.597746875 0.58203125 0.597746875 0.56640625 0.59725625 0.5419921875 0.597746875 0.51953125 0.59725625 0.494140625 0.59480625 0.478515625 0.5918671875 0.4541015625 0.5859875 0.4443359375 0.574228125 0.447265625 0.5663890625 0.455078125 0.5590390625 0.4755859375 0.5590390625 0.484375 0.55855 0.505859375 0.561 0.5302734375