31 0.64453125 0.2048015625 0.5927734375 0.187653125 0.5263671875 0.2072515625 0.53515625 0.24154843750000002 0.5673828125 0.24693749999999998 0.583984375 0.2508578125 0.626953125 0.2533078125 0.6845703125 0.2479171875 0.736328125 0.236159375 0.697265625 0.21999062500000002 0.64453125 0.2048015625
2 0.64453125 0.2508578125 0.576171875 0.249878125 0.51171875 0.24693749999999998 0.466796875 0.23909843749999998 0.447265625 0.2454671875 0.439453125 0.25967656250000004 0.4326171875 0.2714359375 0.4326171875 0.28319375 0.439453125 0.2939734375 0.46875 0.2939734375 0.509765625 0.2915234375 0.599609375 0.2876046875 0.64453125 0.2508578125
13 0.5263671875 0.2983828125 0.462890625 0.29495312500000004 0.421875 0.29495312500000004 0.41796875 0.31651093750000003 0.41796875 0.341009375 0.4287109375 0.3537484375 0.4755859375 0.3508078125 0.513671875 0.34541875 0.5693359375 0.3375796875 0.599609375 0.333659375 0.5927734375 0.304753125 0.5263671875 0.2983828125
17 0.4375 0.38510468750000004 0.4736328125 0.38510468750000004 0.5244140625 0.3782453125 0.583984375 0.370896875 0.607421875 0.34394843750000004 0.5458984375 0.3493390625 0.5029296875 0.3493390625 0.4345703125 0.354728125 0.4375 0.38510468750000004
18 0.5244140625 0.4179328125 0.5537109375 0.4135234375 0.578125 0.4061734375 0.6103515625 0.395884375 0.60546875 0.37530625 0.5458984375 0.37432656249999996 0.5078125 0.379715625 0.4775390625 0.379715625 0.4365234375 0.382165625 0.4365234375 0.386575 0.431640625 0.3949046875 0.4365234375 0.4081328125 0.443359375 0.4164625 0.4541015625 0.42283125000000005 0.4970703125 0.41940156249999994 0.5244140625 0.4179328125
20 0.4501953125 0.4674171875 0.4990234375 0.46643749999999995 0.6181640625 0.45026875000000005 0.625 0.4360609375 0.4541015625 0.4404703125 0.4501953125 0.4674171875
21 0.5478515625 0.49387499999999995 0.6416015625 0.48750625000000003 0.62890625 0.4683984375 0.5732421875 0.4639875 0.4970703125 0.4639875 0.4755859375 0.48113593750000005 0.4755859375 0.49387499999999995 0.5478515625 0.49387499999999995
22 0.53125 0.5325828125000001 0.6357421875 0.537971875 0.6376953125 0.51249375 0.560546875 0.5026953125 0.4794921875 0.498284375 0.4580078125 0.515434375 0.4580078125 0.5296421875 0.53125 0.5325828125000001
30 0.4521484375 0.5477703125 0.46875 0.55855 0.533203125 0.55855 0.62890625 0.567859375 0.65234375 0.544340625 0.5693359375 0.537971875 0.4990234375 0.5360125 0.4541015625 0.5350312500000001 0.4521484375 0.5477703125
29 0.4970703125 0.5614890625 0.46484375 0.570309375 0.4541015625 0.5884375000000001 0.4921875 0.5884375000000001 0.5654296875 0.5884375000000001 0.6611328125 0.592846875 0.6572265625 0.5688390625 0.5966796875 0.5668796875 0.533203125 0.5614890625 0.4970703125 0.5614890625
23 0.64453125 0.5884375000000001 0.5869140625 0.576678125 0.4609375 0.5913765625 0.4580078125 0.608525 0.5263671875 0.6173437500000001 0.58203125 0.618325 0.6484375 0.6217546875 0.64453125 0.5884375000000001
24 0.4560546875 0.6193046875 0.44140625 0.6344921875 0.447265625 0.6462515625 0.4951171875 0.64723125 0.576171875 0.6482109375 0.6357421875 0.6536015625 0.64453125 0.6246937499999999 0.5693359375 0.6193046875 0.5185546875 0.6148953125000001 0.4560546875 0.6193046875
25 0.509765625 0.6506609375 0.4609375 0.6452718749999999 0.44140625 0.667809375 0.44140625 0.6849578125 0.4541015625 0.695246875 0.509765625 0.695246875 0.6103515625 0.695246875 0.630859375 0.695246875 0.625 0.658990625 0.5546875 0.6536015625 0.509765625 0.6506609375
26 0.5029296875 0.697696875 0.4541015625 0.697696875 0.4375 0.711415625 0.443359375 0.7329734375 0.46875 0.7447328125 0.5078125 0.7447328125 0.5498046875 0.73934375 0.6396484375 0.7383640625 0.6201171875 0.7016171875 0.5625 0.7030875 0.5029296875 0.697696875
27 0.5693359375 0.751103125 0.5205078125 0.7457125 0.466796875 0.7447328125 0.4521484375 0.7628609375 0.462890625 0.78441875 0.4990234375 0.7854 0.5498046875 0.7790296875 0.6337890625 0.7765796875000001 0.6396484375 0.7564921874999999 0.599609375 0.751103125 0.5693359375 0.751103125
28 0.32421875 0.8294953125 0.3408203125 0.8250859374999999 0.3818359375 0.818715625 0.4052734375 0.818715625 0.447265625 0.8152859375 0.4541015625 0.8045078125 0.44140625 0.789809375 0.44140625 0.77805 0.419921875 0.76923125 0.3876953125 0.7672703125 0.3642578125 0.77805 0.3408203125 0.7819703125 0.3046875 0.7873593750000001 0.2744140625 0.812346875 0.306640625 0.8054874999999999 0.3388671875 0.79911875 0.3583984375 0.79911875 0.322265625 0.8143062499999999 0.2919921875 0.82165625 0.32421875 0.8294953125
0 0.439453125 0.743753125 0.439453125 0.7202359375 0.4111328125 0.7123953125 0.3662109375 0.7202359375 0.345703125 0.727584375 0.2978515625 0.7339546875 0.259765625 0.7491421875000001 0.232421875 0.7672703125 0.302734375 0.7491421875000001 0.34765625 0.7476734375 0.279296875 0.764821875 0.26171875 0.780009375 0.2900390625 0.780009375 0.3349609375 0.7756000000000001 0.373046875 0.7702109375 0.4326171875 0.7682515624999999 0.4521484375 0.7584515625 0.439453125 0.743753125
1 0.2958984375 0.7241546875 0.3349609375 0.7177859375 0.373046875 0.7148453124999999 0.416015625 0.711415625 0.421875 0.697696875 0.421875 0.675159375 0.4091796875 0.6580109375000001 0.37109375 0.661440625 0.35546875 0.6609499999999999 0.322265625 0.666340625 0.240234375 0.6780984375 0.2001953125 0.6986765625 0.25390625 0.695246875 0.306640625 0.6986765625 0.28125 0.7050468750000001 0.240234375 0.7177859375 0.19140625 0.73199375 0.2490234375 0.7285640625 0.2958984375 0.7241546875
3 0.423828125 0.6418421875 0.4091796875 0.6281234375 0.34765625 0.6310625 0.2919921875 0.6398828125 0.2490234375 0.6462515625 0.2109375 0.651640625 0.1962890625 0.6741796875 0.2470703125 0.667809375 0.2900390625 0.6634 0.3388671875 0.6599703124999999 0.3798828125 0.6599703124999999 0.416015625 0.6560515625 0.423828125 0.6418421875
4 0.232421875 0.6001953125 0.169921875 0.6119546875 0.2470703125 0.618325 0.326171875 0.6246937499999999 0.39453125 0.6246937499999999 0.4130859375 0.618325 0.419921875 0.606565625 0.392578125 0.596765625 0.3173828125 0.599215625 0.232421875 0.6001953125
5 0.2451171875 0.57226875 0.2216796875 0.5776578125 0.1640625 0.5859875 0.193359375 0.59480625 0.28125 0.592846875 0.3349609375 0.592846875 0.3837890625 0.592846875 0.4267578125 0.5859875 0.4267578125 0.5688390625 0.400390625 0.5614890625 0.2451171875 0.57226875
6 0.2216796875 0.54973125 0.234375 0.5561 0.2958984375 0.560509375 0.3427734375 0.560509375 0.396484375 0.560509375 0.4267578125 0.560509375 0.4375 0.54973125 0.416015625 0.5325828125000001 0.255859375 0.53993125 0.2216796875 0.54973125
7 0.3876953125 0.5325828125000001 0.4375 0.5296421875 0.439453125 0.5188640625 0.41796875 0.5026953125 0.2841796875 0.5164140625 0.232421875 0.5262125 0.28515625 0.5325828125000001 0.3876953125 0.5325828125000001
8 0.1962890625 0.49926562499999994 0.212890625 0.514453125 0.2880859375 0.5110234375 0.376953125 0.5071046875 0.4306640625 0.49730468749999995 0.4306640625 0.469378125 0.32421875 0.4772171875 0.2236328125 0.49387499999999995 0.1962890625 0.49926562499999994
9 0.41796875 0.47182812500000004 0.419921875 0.4404703125 0.1728515625 0.4835859375 0.41796875 0.47182812500000004
10 0.263671875 0.45320937499999997 0.3173828125 0.44782031250000004 0.41796875 0.43753125 0.4033203125 0.4081328125 0.236328125 0.42234218749999997 0.1728515625 0.44292031249999997 0.189453125 0.45320937499999997 0.263671875 0.45320937499999997
11 0.1806640625 0.39539375 0.166015625 0.41499218750000005 0.2021484375 0.41891249999999997 0.28515625 0.41499218750000005 0.35546875 0.41058281250000006 0.3984375 0.39882343750000004 0.396484375 0.381675 0.3798828125 0.373346875 0.2470703125 0.38265625000000003 0.1806640625 0.39539375
12 0.162109375 0.363546875 0.236328125 0.3718765625 0.2880859375 0.3718765625 0.3154296875 0.37432656249999996 0.39453125 0.373346875 0.39453125 0.341009375 0.2216796875 0.3400296875 0.1513671875 0.34541875 0.162109375 0.363546875
14 0.3046875 0.332190625 0.349609375 0.33464062499999997 0.39453125 0.33464062499999997 0.3896484375 0.318471875 0.4072265625 0.29936250000000003 0.3984375 0.2822140625 0.30078125 0.278784375 0.2216796875 0.26800625 0.185546875 0.269475 0.2001953125 0.2797640625 0.236328125 0.2876046875 0.28515625 0.302303125 0.21484375 0.302303125 0.1591796875 0.31308125000000003 0.208984375 0.3258203125 0.255859375 0.332190625 0.3046875 0.332190625
15 0.4130859375 0.21999062500000002 0.2490234375 0.2067609375 0.2236328125 0.22831875 0.23046875 0.24252812499999998 0.26171875 0.2479171875 0.2919921875 0.2542875 0.349609375 0.2660453125 0.3798828125 0.2714359375 0.4111328125 0.2660453125 0.4111328125 0.249878125 0.421875 0.23517812500000002 0.4130859375 0.21999062500000002
16 0.3876953125 0.1567859375 0.3583984375 0.1523765625 0.306640625 0.167565625 0.259765625 0.1548265625 0.212890625 0.1548265625 0.2060546875 0.1866734375 0.234375 0.19647187500000002 0.27734375 0.20382187499999999 0.322265625 0.20627187500000002 0.3662109375 0.2111703125 0.4033203125 0.1954921875 0.392578125 0.1729546875 0.3876953125 0.1567859375
19 0.484375 0.4409609375 0.505859375 0.44145 0.5302734375 0.43899999999999995 0.5576171875 0.4355703125 0.583984375 0.4331203125 0.607421875 0.43018124999999996 0.626953125 0.4287109375 0.615234375 0.402253125 0.58203125 0.402253125 0.56640625 0.402253125 0.5419921875 0.40274374999999996 0.51953125 0.402253125 0.494140625 0.40274374999999996 0.478515625 0.40519375 0.4541015625 0.4081328125 0.4443359375 0.4140125 0.447265625 0.425771875 0.455078125 0.4336109375 0.4755859375 0.4409609375 0.484375 0.4409609375