31 0.5498046875 0.73199375 0.5244140625 0.734934375 0.509765625 0.7476734375 0.5048828125 0.763840625 0.5498046875 0.7682515624999999 0.5654296875 0.7790296875 0.578125 0.7702109375 0.6337890625 0.7520828125000001 0.6865234375 0.734934375 0.671875 0.71680625 0.6396484375 0.718765625 0.6015625 0.723175 0.5732421875 0.725625 0.5498046875 0.73199375
2 0.470703125 0.7050468750000001 0.4794921875 0.7148453124999999 0.486328125 0.7285640625 0.5205078125 0.7339546875 0.560546875 0.727584375 0.6142578125 0.71680625 0.6591796875 0.7123953125 0.671875 0.7016171875 0.6376953125 0.6942671875 0.5869140625 0.6878984375 0.533203125 0.6923078125 0.5078125 0.6923078125 0.4814453125 0.6967171875 0.470703125 0.7050468750000001
2 0.4873046875 0.725134375 0.494140625 0.7329734375 0.5048828125 0.734934375 0.5166015625 0.734934375 0.53515625 0.7324843750000001 0.5126953125 0.718765625 0.4873046875 0.725134375
13 0.580078125 0.6482109375 0.5400390625 0.6423328125000001 0.513671875 0.6423328125000001 0.4912109375 0.6433125000000001 0.4755859375 0.6438015625 0.46875 0.6511515625000001 0.4599609375 0.6580109375000001 0.4658203125 0.667809375 0.4609375 0.6795687499999999 0.4609375 0.6883874999999999 0.48046875 0.6908375 0.5068359375 0.692796875 0.52734375 0.6883874999999999 0.546875 0.68446875 0.580078125 0.683978125 0.623046875 0.6795687499999999 0.568359375 0.666340625 0.59765625 0.663890625 0.6298828125 0.6575203125 0.6171875 0.6536015625 0.580078125 0.6482109375
17 0.5166015625 0.6119546875 0.49609375 0.6119546875 0.470703125 0.6119546875 0.470703125 0.6207734375 0.4599609375 0.626653125 0.4521484375 0.6330234375 0.4658203125 0.6433125000000001 0.482421875 0.6433125000000001 0.5068359375 0.6433125000000001 0.5244140625 0.6433125000000001 0.5498046875 0.6433125000000001 0.5810546875 0.6418421875 0.6328125 0.6369421875 0.62109375 0.6217546875 0.5927734375 0.6178343749999999 0.5595703125 0.6163640625 0.5361328125 0.615384375 0.5166015625 0.6119546875
18 0.5087890625 0.59725625 0.470703125 0.5913765625 0.462890625 0.604115625 0.4677734375 0.609015625 0.48046875 0.609015625 0.52734375 0.6148953125000001 0.55078125 0.6163640625 0.5869140625 0.6163640625 0.603515625 0.6163640625 0.642578125 0.613425 0.658203125 0.6026453125 0.619140625 0.59725625 0.5869140625 0.59725625 0.5419921875 0.59725625 0.5087890625 0.59725625
19 0.4677734375 0.579128125 0.482421875 0.5908875 0.505859375 0.5908875 0.55078125 0.5889265625 0.70703125 0.569328125 0.66796875 0.5639390625 0.6083984375 0.5619796874999999 0.576171875 0.5619796874999999 0.52734375 0.5619796874999999 0.4873046875 0.5629593749999999 0.4677734375 0.579128125
20 0.4638671875 0.5639390625 0.50390625 0.5619796874999999 0.546875 0.55855 0.59375 0.5531609375000001 0.6474609375 0.5467906250000001 0.59765625 0.53748125 0.5380859375 0.5360125 0.451171875 0.5340515625 0.451171875 0.5521796875 0.4638671875 0.5639390625
21 0.4912109375 0.498775 0.431640625 0.498775 0.431640625 0.5095546875 0.43359375 0.5213125 0.451171875 0.5320921875 0.498046875 0.5320921875 0.5400390625 0.5296421875 0.5810546875 0.5296421875 0.638671875 0.5276828124999999 0.66796875 0.51494375 0.6279296875 0.5022046875 0.5703125 0.5022046875 0.5322265625 0.5022046875 0.4912109375 0.498775
22 0.5146484375 0.46643749999999995 0.4951171875 0.45908906250000003 0.455078125 0.45908906250000003 0.43359375 0.46251875 0.4248046875 0.48260625 0.4423828125 0.4977953125 0.5419921875 0.4889765625 0.615234375 0.48505624999999997 0.619140625 0.4688875 0.572265625 0.46643749999999995 0.5146484375 0.46643749999999995
30 0.435546875 0.4473296875 0.4462890625 0.45908906250000003 0.478515625 0.45908906250000003 0.5595703125 0.458109375 0.640625 0.45271875 0.591796875 0.441940625 0.546875 0.43459062499999995 0.521484375 0.43459062499999995 0.478515625 0.425771875 0.451171875 0.4292015625 0.435546875 0.4473296875
29 0.4462890625 0.40764374999999997 0.4462890625 0.41842187500000005 0.4677734375 0.4272421875 0.501953125 0.43018124999999996 0.52734375 0.43018124999999996 0.5869140625 0.43018124999999996 0.6552734375 0.42822187500000003 0.662109375 0.4174421875 0.6025390625 0.4086234375 0.5234375 0.4056828125 0.4658203125 0.398334375 0.4462890625 0.40764374999999997
23 0.455078125 0.37432656249999996 0.4677734375 0.384125 0.4677734375 0.395884375 0.4951171875 0.4012734375 0.548828125 0.398334375 0.6259765625 0.398334375 0.6728515625 0.39294531250000003 0.6767578125 0.3811859375 0.572265625 0.37138593750000004 0.5166015625 0.37138593750000004 0.48046875 0.36893750000000003 0.455078125 0.37432656249999996
24 0.455078125 0.34051875 0.4609375 0.35521875 0.4873046875 0.373346875 0.5361328125 0.37138593750000004 0.572265625 0.37040625 0.615234375 0.36795625 0.66796875 0.3640375 0.6533203125 0.349828125 0.59375 0.3444390625 0.5400390625 0.33610937500000004 0.474609375 0.3326796875 0.455078125 0.34051875
26 0.4765625 0.2983828125 0.4716796875 0.3238609375 0.5146484375 0.33464062499999997 0.5703125 0.319940625 0.6171875 0.3125921875 0.6552734375 0.306221875 0.6337890625 0.291034375 0.5830078125 0.291034375 0.5361328125 0.291034375 0.4873046875 0.28662343749999997 0.4765625 0.2983828125
27 0.484375 0.2827046875 0.5185546875 0.28662343749999997 0.546875 0.28907343750000003 0.6240234375 0.28564375000000003 0.66015625 0.2846640625 0.685546875 0.269475 0.619140625 0.25477656249999997 0.5556640625 0.2484078125 0.5146484375 0.24301875 0.5126953125 0.25575625 0.4912109375 0.269475 0.484375 0.2827046875
28 0.4521484375 0.24889687500000002 0.4375 0.2435078125 0.4228515625 0.23566875 0.400390625 0.221459375 0.380859375 0.21166093749999998 0.3642578125 0.21166093749999998 0.3720703125 0.2204796875 0.3876953125 0.2420375 0.380859375 0.24693749999999998 0.35546875 0.23909843749999998 0.34375 0.2293 0.328125 0.22537968749999998 0.3193359375 0.2317484375 0.3359375 0.25134687499999997 0.349609375 0.263596875 0.365234375 0.27290468749999997 0.3701171875 0.2827046875 0.38671875 0.29495312500000004 0.396484375 0.29495312500000004 0.4169921875 0.29495312500000004 0.4296875 0.2915234375 0.4326171875 0.2797640625 0.4423828125 0.2802546875 0.455078125 0.2802546875 0.4580078125 0.27290468749999997 0.466796875 0.2660453125 0.466796875 0.2552671875 0.4521484375 0.24889687500000002
1 0.451171875 0.3106328125 0.44921875 0.30377343749999997 0.4365234375 0.30034375 0.4267578125 0.29495312500000004 0.416015625 0.29495312500000004 0.3720703125 0.297403125 0.357421875 0.29544375 0.32421875 0.297403125 0.3046875 0.29495312500000004 0.28125 0.288584375 0.2587890625 0.288584375 0.267578125 0.2983828125 0.302734375 0.30377343749999997 0.3271484375 0.3096515625 0.3134765625 0.313571875 0.28515625 0.3106328125 0.263671875 0.3067125 0.244140625 0.30034375 0.244140625 0.304753125 0.2587890625 0.3145515625 0.2744140625 0.324840625 0.2841796875 0.3287609375 0.31640625 0.3380703125 0.361328125 0.3395390625 0.3916015625 0.3444390625 0.40234375 0.34688906249999996 0.421875 0.34786875 0.431640625 0.34786875 0.4482421875 0.3424796875 0.4453125 0.3331703125 0.4453125 0.3238609375 0.4482421875 0.31651093750000003 0.451171875 0.3106328125
3 0.4111328125 0.34786875 0.390625 0.34492968749999997 0.359375 0.345909375 0.3388671875 0.3444390625 0.3125 0.341009375 0.2861328125 0.3370890625 0.2607421875 0.3331703125 0.2275390625 0.329740625 0.2158203125 0.33464062499999997 0.2265625 0.341009375 0.244140625 0.3488484375 0.2734375 0.357178125 0.3115234375 0.3650171875 0.3671875 0.37530625 0.3935546875 0.3787359375 0.416015625 0.381675 0.4267578125 0.37775625 0.4306640625 0.3718765625 0.431640625 0.3615875 0.431640625 0.3532578125 0.4228515625 0.3493390625 0.4111328125 0.34786875
4 0.2333984375 0.375796875 0.2265625 0.3782453125 0.2255859375 0.3904953125 0.2392578125 0.39539375 0.2587890625 0.4012734375 0.2841796875 0.40519375 0.3134765625 0.4081328125 0.337890625 0.4081328125 0.36328125 0.412053125 0.380859375 0.4130328125 0.396484375 0.4130328125 0.4130859375 0.4130328125 0.41796875 0.4042140625 0.4296875 0.39784375 0.4248046875 0.3904953125 0.416015625 0.386575 0.4033203125 0.38020624999999997 0.3935546875 0.3787359375 0.3623046875 0.381675 0.3232421875 0.3806953125 0.29296875 0.3806953125 0.2578125 0.3782453125 0.2333984375 0.375796875
5 0.23046875 0.41940156249999994 0.2197265625 0.425771875 0.220703125 0.43165156250000003 0.2333984375 0.43655 0.2734375 0.437040625 0.3037109375 0.4404703125 0.3173828125 0.44242968749999995 0.34375 0.4409609375 0.3623046875 0.4453703125 0.375 0.4453703125 0.39453125 0.44634999999999997 0.412109375 0.44292031249999997 0.4208984375 0.437040625 0.4248046875 0.43165156250000003 0.4267578125 0.42479218750000003 0.4228515625 0.4179328125 0.408203125 0.4130328125 0.388671875 0.4130328125 0.345703125 0.4135234375 0.310546875 0.4135234375 0.2734375 0.4164625 0.2451171875 0.4174421875 0.23046875 0.41940156249999994
6 0.3681640625 0.4448796875 0.3134765625 0.44634999999999997 0.29296875 0.44585937500000006 0.25 0.44634999999999997 0.2314453125 0.44242968749999995 0.2255859375 0.44782031250000004 0.2265625 0.45418906249999996 0.2373046875 0.458109375 0.2587890625 0.4639875 0.30078125 0.4683984375 0.345703125 0.4683984375 0.375 0.4713375 0.4072265625 0.4723171875 0.4150390625 0.4659484375 0.41796875 0.4566390625 0.41796875 0.448309375 0.4072265625 0.4439 0.3876953125 0.44634999999999997 0.3681640625 0.4448796875
7 0.322265625 0.47427656249999994 0.294921875 0.4737875 0.263671875 0.47329687500000006 0.25 0.4737875 0.240234375 0.48603593749999996 0.27734375 0.48848593749999997 0.3310546875 0.49240625 0.3623046875 0.49387499999999995 0.390625 0.496325 0.41015625 0.496325 0.408203125 0.487015625 0.4150390625 0.47182812500000004 0.392578125 0.47329687500000006 0.359375 0.47329687500000006 0.34375 0.47427656249999994 0.322265625 0.47427656249999994
8 0.2861328125 0.51494375 0.322265625 0.5178828125 0.3466796875 0.5178828125 0.3701171875 0.5208234375 0.3876953125 0.5203328125 0.4091796875 0.5193531250000001 0.4169921875 0.5115140625000001 0.4169921875 0.5026953125 0.4013671875 0.496815625 0.3779296875 0.498284375 0.287109375 0.49387499999999995 0.255859375 0.4953453125 0.255859375 0.503675 0.2626953125 0.5110234375 0.2861328125 0.51494375
9 0.26953125 0.5213125 0.244140625 0.5237625 0.2177734375 0.5286625 0.2353515625 0.5355218749999999 0.2607421875 0.53748125 0.283203125 0.542871875 0.322265625 0.5453203125 0.345703125 0.5453203125 0.3681640625 0.54875 0.3857421875 0.54875 0.4091796875 0.54973125 0.4169921875 0.541890625 0.4130859375 0.5271921875000001 0.4072265625 0.5178828125 0.3701171875 0.521803125 0.3564453125 0.5237625 0.328125 0.5237625 0.306640625 0.5213125 0.26953125 0.5213125
10 0.4111328125 0.54875 0.384765625 0.54875 0.36328125 0.54973125 0.3330078125 0.549240625 0.2958984375 0.54973125 0.26171875 0.54875 0.23046875 0.5472812499999999 0.21484375 0.5511999999999999 0.2021484375 0.556590625 0.21484375 0.5658984375 0.2421875 0.574228125 0.2763671875 0.5776578125 0.33203125 0.581578125 0.3896484375 0.5801078125 0.4169921875 0.5796171875 0.4248046875 0.5761875 0.431640625 0.5732484375 0.4345703125 0.5644296875 0.421875 0.5546296875000001 0.4111328125 0.54875
11 0.376953125 0.5805984375000001 0.3486328125 0.5805984375000001 0.318359375 0.5805984375000001 0.2890625 0.5796171875 0.2685546875 0.5796171875 0.2470703125 0.5796171875 0.220703125 0.5869671875 0.2099609375 0.5952968750000001 0.2197265625 0.6011765625 0.255859375 0.599215625 0.3017578125 0.6055859375 0.365234375 0.6119546875 0.3984375 0.6148953125000001 0.4248046875 0.6080359375 0.4296875 0.59480625 0.4208984375 0.5820671875000001 0.41015625 0.5810875 0.39453125 0.5805984375000001 0.376953125 0.5805984375000001
12 0.419921875 0.615384375 0.4140625 0.6119546875 0.4052734375 0.6119546875 0.3720703125 0.6124453125 0.337890625 0.612934375 0.310546875 0.6139140624999999 0.2734375 0.6148953125000001 0.24609375 0.6168546874999999 0.21484375 0.62224375 0.2060546875 0.626653125 0.2119140625 0.631553125 0.2412109375 0.631553125 0.2763671875 0.631553125 0.3369140625 0.6393921875 0.3759765625 0.6438015625 0.40234375 0.6487015625 0.4130859375 0.6447812500000001 0.423828125 0.6374328125 0.4326171875 0.6300828125 0.431640625 0.6246937499999999 0.427734375 0.6207734375 0.419921875 0.615384375
14 0.4228515625 0.6883874999999999 0.4287109375 0.679078125 0.4287109375 0.6712390625 0.4208984375 0.665359375 0.41015625 0.6580109375000001 0.4013671875 0.6521312499999999 0.3974609375 0.6452718749999999 0.380859375 0.6393921875 0.359375 0.6393921875 0.3388671875 0.6501718750000001 0.3125 0.663890625 0.28515625 0.6761390625 0.255859375 0.6972078125000001 0.248046875 0.7104359375 0.23828125 0.725625 0.255859375 0.7290546875 0.2890625 0.7261140625 0.3232421875 0.7192546875 0.345703125 0.7104359375 0.369140625 0.7060265625000001 0.3876953125 0.700146875 0.4033203125 0.6942671875 0.4228515625 0.6883874999999999
15 0.4365234375 0.702596875 0.423828125 0.6967171875 0.41015625 0.6937781249999999 0.3955078125 0.6937781249999999 0.369140625 0.7065171875 0.3447265625 0.7158249999999999 0.3203125 0.7261140625 0.3056640625 0.7422828124999999 0.2939453125 0.7555125 0.3095703125 0.7628609375 0.3291015625 0.7427734375 0.3447265625 0.7427734375 0.3369140625 0.75698125 0.3154296875 0.780009375 0.3701171875 0.7677609375000001 0.416015625 0.7496328125 0.4658203125 0.74179375 0.4638671875 0.7241546875 0.4423828125 0.7123953125 0.4365234375 0.702596875