31 0.23076875000000002 0.6181640625 0.21558125 0.65234375 0.21558125 0.6826171875 0.2297890625 0.71484375 0.23370937500000002 0.7548828125 0.24448750000000002 0.7763671875 0.2523265625 0.7333984375 0.249878125 0.6884765625 0.24448750000000002 0.6376953125 0.23076875000000002 0.6181640625
2 0.28123437500000004 0.5732421875 0.2670265625 0.560546875 0.258696875 0.578125 0.24154843750000002 0.6015625 0.24889687500000002 0.626953125 0.256246875 0.6630859375 0.2640859375 0.69140625 0.269475 0.7333984375 0.2822140625 0.7529296875 0.29054375 0.7021484375 0.2895640625 0.6484375 0.2895640625 0.599609375 0.28123437500000004 0.5732421875
13 0.3356203125 0.5966796875 0.3356203125 0.5546875 0.333659375 0.533203125 0.3238609375 0.5244140625 0.3101421875 0.537109375 0.29495312500000004 0.5439453125 0.286134375 0.5654296875 0.29299375 0.6015625 0.3013234375 0.650390625 0.3013234375 0.7041015625 0.311121875 0.7333984375 0.3400296875 0.7275390625 0.341009375 0.67578125 0.341009375 0.6337890625 0.3356203125 0.5966796875
17 0.347378125 0.529296875 0.3366 0.552734375 0.3400296875 0.603515625 0.3561984375 0.73828125 0.36795625 0.69140625 0.3718765625 0.626953125 0.377265625 0.5908203125 0.37530625 0.560546875 0.36550781250000003 0.5419921875 0.347378125 0.529296875
18 0.39735468749999997 0.640625 0.3998046875 0.583984375 0.39882343750000004 0.5673828125 0.3968640625 0.552734375 0.39294531250000003 0.5400390625 0.3904953125 0.5234375 0.386575 0.5166015625 0.3831453125 0.513671875 0.375796875 0.505859375 0.36795625 0.5166015625 0.363546875 0.53125 0.3630578125 0.5439453125 0.368446875 0.56640625 0.37285625 0.6083984375 0.3723671875 0.62890625 0.37530625 0.6533203125 0.3787359375 0.6728515625 0.3806953125 0.6962890625 0.38265625000000003 0.736328125 0.3860859375 0.7421875 0.3904953125 0.7373046875 0.39392499999999997 0.7060546875 0.39637500000000003 0.67578125 0.39735468749999997 0.640625
19 0.430671875 0.640625 0.430671875 0.615234375 0.4336109375 0.5927734375 0.4336109375 0.568359375 0.4336109375 0.5390625 0.4336109375 0.521484375 0.43018124999999996 0.5078125 0.420871875 0.498046875 0.40519375 0.4931640625 0.398334375 0.51171875 0.39392499999999997 0.533203125 0.39735468749999997 0.55859375 0.39882343750000004 0.5869140625 0.3993140625 0.611328125 0.39784375 0.6328125 0.39784375 0.666015625 0.3993140625 0.7001953125 0.39784375 0.7314453125 0.3993140625 0.7431640625 0.415971875 0.7470703125 0.4218515625 0.7216796875 0.42332187499999996 0.6953125 0.42773125 0.666015625 0.430671875 0.640625
20 0.46643749999999995 0.564453125 0.46643749999999995 0.5439453125 0.4679078125 0.5283203125 0.4659484375 0.5029296875 0.4630078125 0.490234375 0.4561484375 0.484375 0.4492890625 0.4833984375 0.4385109375 0.4970703125 0.43459062499999995 0.5166015625 0.4341015625 0.53515625 0.4385109375 0.5703125 0.4409609375 0.6142578125 0.4409609375 0.6591796875 0.44145 0.6953125 0.46496875 0.689453125 0.46496875 0.6767578125 0.4630078125 0.6357421875 0.4639875 0.595703125 0.46643749999999995 0.564453125
21 0.506125 0.48828125 0.4948546875 0.4833984375 0.4767265625 0.48828125 0.4674171875 0.5068359375 0.47035781249999997 0.55078125 0.47329687500000006 0.5908203125 0.47329687500000006 0.638671875 0.4728078125 0.6845703125 0.47182812500000004 0.7265625 0.4879953125 0.7236328125 0.49436562500000003 0.701171875 0.4977953125 0.6494140625 0.503675 0.5927734375 0.51004375 0.5283203125 0.506125 0.48828125
22 0.5507109375 0.490234375 0.53993125 0.48046875 0.524253125 0.4794921875 0.512984375 0.4853515625 0.5080843749999999 0.501953125 0.5120046874999999 0.564453125 0.5267031249999999 0.693359375 0.5414015625 0.6708984375 0.544340625 0.6494140625 0.5477703125 0.62109375 0.5482609375 0.5634765625 0.5507109375 0.5234375 0.5507109375 0.490234375
30 0.5835375 0.55078125 0.5845171875 0.525390625 0.5859875 0.501953125 0.5835375 0.484375 0.5761875 0.4814453125 0.5683484375 0.4716796875 0.5600203125000001 0.4794921875 0.5521796875 0.4990234375 0.55365 0.5341796875 0.5595296875 0.7041015625 0.567859375 0.68359375 0.57226875 0.658203125 0.57716875 0.630859375 0.5781484375 0.6015625 0.581578125 0.5732421875 0.5835375 0.55078125
23 0.6246937499999999 0.5166015625 0.61979375 0.490234375 0.610484375 0.4853515625 0.60215625 0.4873046875 0.59235625 0.49609375 0.5859875 0.50390625 0.5835375 0.5244140625 0.5850078125 0.54296875 0.5869671875 0.576171875 0.59235625 0.615234375 0.59725625 0.6640625 0.599215625 0.693359375 0.604115625 0.7421875 0.613425 0.740234375 0.613425 0.6806640625 0.6158750000000001 0.62109375 0.6178343749999999 0.5673828125 0.6246937499999999 0.5166015625
24 0.618325 0.6171875 0.6227343750000001 0.6513671875 0.6246937499999999 0.703125 0.6276328125 0.7333984375 0.6506609375 0.728515625 0.6487015625 0.7080078125 0.6487015625 0.669921875 0.64968125 0.642578125 0.6511515625000001 0.61328125 0.64968125 0.5771484375 0.6506609375 0.5556640625 0.6536015625 0.5283203125 0.6531109374999999 0.515625 0.6462515625 0.49609375 0.62959375 0.5107421875 0.6188140625 0.5078125 0.6139140624999999 0.537109375 0.6124453125 0.5732421875 0.615384375 0.59375 0.618325 0.6171875
25 0.6957375 0.6396484375 0.7011265625 0.6083984375 0.7060265625000001 0.5791015625 0.7104359375 0.5517578125 0.70455625 0.5361328125 0.697696875 0.5302734375 0.6864281250000001 0.5283203125 0.67711875 0.5322265625 0.6722187500000001 0.521484375 0.666340625 0.51953125 0.658990625 0.5234375 0.651640625 0.537109375 0.6521312499999999 0.5595703125 0.656540625 0.5791015625 0.6531109374999999 0.60546875 0.6511515625000001 0.6494140625 0.6511515625000001 0.67578125 0.65458125 0.716796875 0.65458125 0.7314453125 0.6923078125 0.71484375 0.692796875 0.7041015625 0.692796875 0.67578125 0.6957375 0.6396484375
26 0.7285640625 0.71484375 0.7315046875 0.6806640625 0.73689375 0.6513671875 0.7486531249999999 0.630859375 0.7555125 0.6103515625 0.75698125 0.59765625 0.7530625 0.5810546875 0.7481625000000001 0.5732421875 0.7403234375000001 0.568359375 0.7359140625 0.5556640625 0.728075 0.55078125 0.7197453125 0.5498046875 0.7123953125 0.5537109375 0.70700625 0.5595703125 0.7016171875 0.5927734375 0.700146875 0.619140625 0.6981875 0.6484375 0.6972078125000001 0.6826171875 0.6972078125000001 0.71484375 0.7035765625 0.7744140625 0.7197453125 0.76953125 0.72954375 0.7548828125 0.7285640625 0.736328125 0.7285640625 0.71484375
27 0.7878484375 0.6806640625 0.7854 0.6416015625 0.7795203125 0.634765625 0.7677609375000001 0.6123046875 0.76188125 0.609375 0.7545328125 0.615234375 0.7476734375 0.642578125 0.7413031250000001 0.6708984375 0.737384375 0.716796875 0.734934375 0.751953125 0.7535515625 0.765625 0.757471875 0.748046875 0.7672703125 0.7275390625 0.7672703125 0.7041015625 0.7878484375 0.6806640625
0 0.727584375 0.5400390625 0.751103125 0.5751953125 0.77168125 0.5927734375 0.7858890625 0.5517578125 0.8084265625 0.51171875 0.78441875 0.4306640625 0.7721703125 0.4658203125 0.7506125 0.4814453125 0.7290546875 0.5 0.727584375 0.5400390625
3 0.6482109375 0.3154296875 0.63204375 0.3779296875 0.624203125 0.419921875 0.6168546874999999 0.4501953125 0.6281234375 0.484375 0.6482109375 0.47265625 0.6575203125 0.4560546875 0.6575203125 0.3955078125 0.6624203125 0.3369140625 0.6727093749999999 0.271484375 0.661440625 0.271484375 0.6482109375 0.3154296875
4 0.625184375 0.2431640625 0.6119546875 0.2646484375 0.5987265625 0.3095703125 0.59480625 0.36328125 0.581578125 0.427734375 0.596765625 0.466796875 0.6178343749999999 0.4423828125 0.6207734375 0.40234375 0.6232234375 0.337890625 0.6261640625 0.2890625 0.625184375 0.2431640625
5 0.5957859375 0.2451171875 0.584028125 0.201171875 0.5712890625 0.275390625 0.5600203125000001 0.349609375 0.5511999999999999 0.42578125 0.56736875 0.46484375 0.5805984375000001 0.4501953125 0.585496875 0.3984375 0.59235625 0.353515625 0.5908875 0.294921875 0.5957859375 0.2451171875
6 0.5208234375 0.2470703125 0.5208234375 0.3154296875 0.521803125 0.3935546875 0.5227828125 0.4580078125 0.544340625 0.4560546875 0.5502203125 0.41796875 0.5472812499999999 0.34765625 0.5433609374999999 0.294921875 0.5301328125 0.232421875 0.5208234375 0.2470703125
7 0.48162656249999997 0.271484375 0.48848593749999997 0.333984375 0.4948546875 0.3994140625 0.501715625 0.4443359375 0.5237625 0.4443359375 0.5227828125 0.3984375 0.5198437499999999 0.345703125 0.5139640625 0.3017578125 0.5075937500000001 0.26953125 0.48162656249999997 0.271484375
8 0.45859843749999996 0.2939453125 0.47427656249999994 0.4501953125 0.498775 0.4521484375 0.4948546875 0.412109375 0.48946562499999996 0.361328125 0.484565625 0.3212890625 0.480646875 0.275390625 0.45859843749999996 0.2939453125
9 0.4292015625 0.275390625 0.4409609375 0.3310546875 0.4453703125 0.40625 0.44439062500000004 0.46875 0.4723171875 0.4599609375 0.4723171875 0.423828125 0.4674171875 0.3837890625 0.4615390625 0.345703125 0.45125000000000004 0.3154296875 0.4292015625 0.275390625
10 0.412053125 0.29296875 0.388534375 0.2509765625 0.388534375 0.296875 0.4056828125 0.3896484375 0.41499218750000005 0.466796875 0.4341015625 0.466796875 0.44439062500000004 0.4365234375 0.43899999999999995 0.3955078125 0.43508125 0.345703125 0.42381250000000004 0.3134765625 0.412053125 0.29296875
11 0.3924546875 0.3271484375 0.389515625 0.294921875 0.381675 0.2666015625 0.373346875 0.28125 0.373346875 0.3251953125 0.373346875 0.3935546875 0.38265625000000003 0.470703125 0.395884375 0.482421875 0.40764374999999997 0.47265625 0.4140125 0.4423828125 0.404703125 0.40625 0.3998046875 0.361328125 0.3924546875 0.3271484375
12 0.345909375 0.486328125 0.3674671875 0.4921875 0.38265625000000003 0.466796875 0.373346875 0.421875 0.36550781250000003 0.3798828125 0.3581578125 0.33984375 0.3512984375 0.3037109375 0.33121093749999997 0.287109375 0.33610937500000004 0.3291015625 0.3419890625 0.359375 0.34296875 0.3955078125 0.34296875 0.427734375 0.34296875 0.462890625 0.345909375 0.486328125
15 0.244978125 0.5546875 0.2552671875 0.556640625 0.261146875 0.5244140625 0.2542875 0.5029296875 0.240078125 0.486328125 0.22195 0.46875 0.207740625 0.4404296875 0.1935328125 0.4326171875 0.1915734375 0.4560546875 0.20088124999999998 0.486328125 0.21459999999999999 0.4970703125 0.18569375 0.4951171875 0.17344375 0.486328125 0.17834375 0.5166015625 0.1905921875 0.53515625 0.1994125 0.55078125 0.208721875 0.5732421875 0.22292968750000003 0.60546875 0.2420375 0.5849609375 0.244978125 0.5546875