26 0.54296875 0.725134375 0.55859375 0.7339546875 0.58984375 0.737384375 0.6142578125 0.73199375 0.65625 0.725134375 0.6982421875 0.7197453125 0.720703125 0.7084765625 0.7138671875 0.7035765625 0.5849609375 0.6996578125 0.5390625 0.7148453124999999 0.54296875 0.725134375
25 0.4970703125 0.6795687499999999 0.5078125 0.6996578125 0.5498046875 0.7030875 0.5966796875 0.695246875 0.6474609375 0.695246875 0.7001953125 0.6883874999999999 0.673828125 0.6717296875 0.6455078125 0.6604609375 0.5166015625 0.6560515625 0.4970703125 0.663890625 0.4970703125 0.6795687499999999
23 0.5048828125 0.6050953125 0.4970703125 0.6261640625 0.521484375 0.6359625 0.5546875 0.6349828125 0.5830078125 0.634003125 0.6142578125 0.62959375 0.7138671875 0.6344921875 0.7197265625 0.6212640625 0.6630859375 0.6119546875 0.609375 0.6070546875 0.560546875 0.6070546875 0.5048828125 0.6050953125
29 0.5546875 0.5683484375 0.5009765625 0.56491875 0.4814453125 0.581578125 0.4853515625 0.5982359374999999 0.5029296875 0.6006859375 0.5322265625 0.6006859375 0.572265625 0.5962765625 0.6025390625 0.5938265625 0.63671875 0.5962765625 0.740234375 0.5796171875 0.671875 0.571778125 0.6142578125 0.5727578125 0.5546875 0.5683484375
22 0.4677734375 0.501715625 0.45703125 0.521803125 0.4638671875 0.5350312500000001 0.4970703125 0.541890625 0.5302734375 0.5340515625 0.5595703125 0.5355218749999999 0.7109375 0.5340515625 0.67578125 0.51739375 0.5986328125 0.512984375 0.5341796875 0.5071046875 0.4677734375 0.501715625
21 0.6962890625 0.480646875 0.6318359375 0.4747671875 0.5673828125 0.47035781249999997 0.5302734375 0.46496875 0.4609375 0.46251875 0.458984375 0.49926562499999994 0.525390625 0.5007343750000001 0.5654296875 0.49730468749999995 0.6318359375 0.49387499999999995 0.6884765625 0.491915625 0.6962890625 0.480646875
19 0.5458984375 0.4081328125 0.51171875 0.40274374999999996 0.474609375 0.40715312499999995 0.4658203125 0.4218515625 0.4765625 0.4385109375 0.5009765625 0.4473296875 0.541015625 0.439490625 0.6123046875 0.4360609375 0.744140625 0.43165156250000003 0.7333984375 0.41548281249999997 0.6025390625 0.4125421875 0.5458984375 0.4081328125
17 0.5078125 0.3615875 0.4814453125 0.368446875 0.4990234375 0.389515625 0.5478515625 0.3904953125 0.6025390625 0.38363593749999997 0.6650390625 0.381675 0.6875 0.377265625 0.6875 0.3625671875 0.6669921875 0.357178125 0.59375 0.3581578125 0.5498046875 0.3615875 0.5078125 0.3615875
13 0.689453125 0.3537484375 0.689453125 0.3317 0.640625 0.3170015625 0.5654296875 0.31161249999999996 0.5146484375 0.30279218750000003 0.490234375 0.3106328125 0.490234375 0.3307203125 0.490234375 0.345909375 0.5029296875 0.359628125 0.5302734375 0.3615875 0.572265625 0.3561984375 0.6181640625 0.3561984375 0.654296875 0.3561984375 0.671875 0.3561984375 0.689453125 0.3537484375
2 0.5634765625 0.25918593749999996 0.541015625 0.27045625 0.5029296875 0.283684375 0.509765625 0.29495312500000004 0.5341796875 0.30377343749999997 0.5791015625 0.3106328125 0.6142578125 0.3194515625 0.6513671875 0.32043125 0.6845703125 0.3258203125 0.7177734375 0.29936250000000003 0.720703125 0.279275 0.671875 0.2782953125 0.6142578125 0.277315625 0.5849609375 0.263596875 0.5634765625 0.25918593749999996
0 0.48828125 0.7863796875 0.4970703125 0.7672703125 0.5302734375 0.755021875 0.5595703125 0.73934375 0.5166015625 0.7324843750000001 0.4921875 0.7128859375000001 0.4697265625 0.7128859375000001 0.4521484375 0.7207250000000001 0.439453125 0.72954375 0.427734375 0.7486531249999999 0.40625 0.763840625 0.3974609375 0.7883390625 0.439453125 0.7883390625 0.439453125 0.7653109375 0.458984375 0.7653109375 0.458984375 0.778540625 0.4541015625 0.8015671875000001 0.48828125 0.7863796875
4 0.4541015625 0.6119546875 0.44140625 0.59480625 0.392578125 0.5918671875 0.3505859375 0.5982359374999999 0.2998046875 0.6070546875 0.2666015625 0.618325 0.2666015625 0.6286140625 0.3193359375 0.625184375 0.4033203125 0.6227343750000001 0.44140625 0.6227343750000001 0.4541015625 0.6119546875
5 0.26171875 0.601665625 0.29296875 0.59725625 0.326171875 0.5903968749999999 0.361328125 0.5903968749999999 0.39453125 0.5903968749999999 0.4326171875 0.5874578125000001 0.4501953125 0.571778125 0.4150390625 0.5614890625 0.345703125 0.56736875 0.27734375 0.5761875 0.2265625 0.5884375000000001 0.2041015625 0.6050953125 0.23046875 0.6060749999999999 0.26171875 0.601665625
6 0.314453125 0.5433609374999999 0.2900390625 0.5472812499999999 0.2744140625 0.5546296875000001 0.2890625 0.558059375 0.30859375 0.560509375 0.3388671875 0.55855 0.359375 0.5575703125 0.3779296875 0.5570796875 0.3994140625 0.558059375 0.416015625 0.5575703125 0.4345703125 0.5546296875000001 0.4365234375 0.5472812499999999 0.4384765625 0.5384609375 0.435546875 0.5325828125000001 0.41796875 0.5325828125000001 0.3857421875 0.53748125 0.3525390625 0.5394421875 0.314453125 0.5433609374999999
7 0.400390625 0.5115140625000001 0.3515625 0.5159234374999999 0.30859375 0.5213125 0.283203125 0.528171875 0.2724609375 0.533071875 0.267578125 0.5365015625 0.2763671875 0.5409109375 0.3056640625 0.53748125 0.3291015625 0.53748125 0.3603515625 0.5355218749999999 0.3876953125 0.5355218749999999 0.404296875 0.5316015625 0.416015625 0.51494375 0.400390625 0.5115140625000001
8 0.3701171875 0.49093593750000003 0.33203125 0.491915625 0.2998046875 0.491915625 0.279296875 0.491425 0.2607421875 0.49387499999999995 0.2529296875 0.4997546875 0.259765625 0.5051453125 0.29296875 0.508575 0.3251953125 0.5090640625 0.3525390625 0.510534375 0.3896484375 0.5120046874999999 0.416015625 0.5134734375 0.4384765625 0.512984375 0.4345703125 0.4879953125 0.416015625 0.48995625 0.3896484375 0.48848593749999997 0.3701171875 0.49093593750000003
9 0.4326171875 0.48652656250000004 0.4365234375 0.47868750000000004 0.4384765625 0.4728078125 0.4345703125 0.4639875 0.4248046875 0.4615390625 0.4130859375 0.4615390625 0.373046875 0.4639875 0.3310546875 0.4674171875 0.296875 0.469378125 0.2763671875 0.4737875 0.2734375 0.48113593750000005 0.2822265625 0.484565625 0.3173828125 0.48603593749999996 0.3505859375 0.48603593749999996 0.3779296875 0.4879953125 0.3935546875 0.4879953125 0.408203125 0.48995625 0.421875 0.4889765625 0.4326171875 0.48652656250000004
10 0.4423828125 0.4409609375 0.4384765625 0.4336109375 0.423828125 0.43165156250000003 0.408203125 0.4292015625 0.390625 0.4287109375 0.36328125 0.42528125 0.3447265625 0.42528125 0.3134765625 0.425771875 0.294921875 0.42528125 0.2685546875 0.42528125 0.2451171875 0.4287109375 0.2333984375 0.4331203125 0.2490234375 0.44439062500000004 0.2607421875 0.4473296875 0.2744140625 0.448309375 0.298828125 0.45125000000000004 0.3251953125 0.45565937500000003 0.357421875 0.4561484375 0.3779296875 0.457128125 0.4013671875 0.4615390625 0.412109375 0.4615390625 0.419921875 0.4605578125 0.4267578125 0.4561484375 0.4345703125 0.45516875 0.4423828125 0.45320937499999997 0.4482421875 0.44782031250000004 0.4423828125 0.4409609375
11 0.3173828125 0.4135234375 0.34765625 0.41940156249999994 0.37109375 0.42381250000000004 0.396484375 0.42528125 0.4111328125 0.4292015625 0.42578125 0.430671875 0.4404296875 0.4292015625 0.44921875 0.42528125 0.455078125 0.420871875 0.455078125 0.4140125 0.4580078125 0.40029375 0.4384765625 0.3998046875 0.4267578125 0.3949046875 0.4130859375 0.39294531250000003 0.396484375 0.3919640625 0.37109375 0.3919640625 0.34765625 0.389025 0.32421875 0.38265625000000003 0.3046875 0.37922656250000003 0.28125 0.3762859375 0.271484375 0.3762859375 0.2578125 0.382165625 0.251953125 0.387065625 0.251953125 0.3944140625 0.26953125 0.400784375 0.2890625 0.4066640625 0.3173828125 0.4135234375
12 0.4521484375 0.3998046875 0.4619140625 0.398334375 0.4697265625 0.3949046875 0.4697265625 0.387065625 0.466796875 0.3782453125 0.466796875 0.3674671875 0.46484375 0.3615875 0.4619140625 0.357178125 0.447265625 0.3561984375 0.4345703125 0.3561984375 0.4208984375 0.35766718750000004 0.40234375 0.35521875 0.3857421875 0.354728125 0.365234375 0.3557078125 0.3486328125 0.35766718750000004 0.330078125 0.3537484375 0.314453125 0.3508078125 0.291015625 0.347378125 0.2802734375 0.3444390625 0.265625 0.34296875 0.248046875 0.34296875 0.2431640625 0.347378125 0.248046875 0.3561984375 0.263671875 0.362078125 0.2763671875 0.3674671875 0.298828125 0.37530625 0.330078125 0.3806953125 0.349609375 0.381675 0.3701171875 0.38510468750000004 0.39453125 0.389515625 0.416015625 0.39294531250000003 0.439453125 0.3998046875 0.4521484375 0.3998046875
15 0.5556640625 0.2577171875 0.5654296875 0.2518375 0.560546875 0.24252812499999998 0.552734375 0.23566875 0.5390625 0.22587031249999998 0.5244140625 0.21999062500000002 0.5126953125 0.207740625 0.5029296875 0.1984328125 0.49609375 0.187653125 0.49609375 0.1793234375 0.466796875 0.1729546875 0.4560546875 0.1793234375 0.4375 0.18814375 0.427734375 0.2097015625 0.4345703125 0.22733906250000002 0.44140625 0.2420375 0.4619140625 0.26751562500000003 0.4697265625 0.2778046875 0.4931640625 0.2827046875 0.5078125 0.279275 0.5224609375 0.272415625 0.5439453125 0.2645765625 0.5556640625 0.2577171875