2 0.6942671875 0.5478515625 0.7104359375 0.5390625 0.723175 0.51171875 0.7123953125 0.4609375 0.7084765625 0.419921875 0.7016171875 0.3642578125 0.6761390625 0.3984375 0.6795687499999999 0.4326171875 0.68691875 0.490234375 0.68691875 0.5263671875 0.6942671875 0.5478515625
13 0.6878984375 0.556640625 0.6761390625 0.3896484375 0.6580109375000001 0.4111328125 0.6536015625 0.4814453125 0.6462515625 0.53515625 0.64723125 0.5693359375 0.6634 0.560546875 0.6878984375 0.556640625
18 0.5903968749999999 0.6142578125 0.6099953124999999 0.5927734375 0.610975 0.552734375 0.6031359375 0.484375 0.5957859375 0.4033203125 0.5776578125 0.419921875 0.5756984375 0.4736328125 0.5810875 0.5458984375 0.5796171875 0.5908203125 0.5903968749999999 0.6142578125
19 0.5859875 0.6123046875 0.5786374999999999 0.515625 0.5756984375 0.4453125 0.5658984375 0.3984375 0.5561 0.4541015625 0.55855 0.5205078125 0.5595296875 0.560546875 0.5595296875 0.6162109375 0.567859375 0.64453125 0.5859875 0.6123046875
21 0.5316015625 0.5048828125 0.5198437499999999 0.443359375 0.5071046875 0.4814453125 0.506125 0.552734375 0.5046546875 0.607421875 0.5335625 0.58984375 0.5316015625 0.5048828125
22 0.49926562499999994 0.5888671875 0.4953453125 0.533203125 0.49289531249999996 0.4345703125 0.47035781249999997 0.423828125 0.47182812500000004 0.53125 0.475746875 0.607421875 0.506125 0.626953125 0.49926562499999994 0.5888671875
30 0.45125000000000004 0.5888671875 0.47035781249999997 0.6015625 0.469378125 0.4326171875 0.44782031250000004 0.416015625 0.45125000000000004 0.5888671875
29 0.425771875 0.3857421875 0.41891249999999997 0.6142578125 0.4448796875 0.6337890625 0.4448796875 0.5390625 0.4439 0.462890625 0.425771875 0.3857421875
23 0.409603125 0.5390625 0.42136250000000003 0.5390625 0.41695312500000004 0.4736328125 0.4140125 0.376953125 0.39784375 0.35546875 0.39784375 0.4267578125 0.39784375 0.5009765625 0.39539375 0.556640625 0.409603125 0.5390625
25 0.34394843750000004 0.583984375 0.3561984375 0.5712890625 0.3537484375 0.537109375 0.347378125 0.466796875 0.347378125 0.4072265625 0.32288125 0.421875 0.32288125 0.5009765625 0.31651093750000003 0.5498046875 0.33022968750000004 0.576171875 0.34394843750000004 0.583984375
26 0.304753125 0.5458984375 0.31651093750000003 0.5458984375 0.32043125 0.490234375 0.32043125 0.4345703125 0.31308125000000003 0.375 0.3032828125 0.373046875 0.29054375 0.4375 0.2851546875 0.4921875 0.278784375 0.5224609375 0.304753125 0.5458984375
28 0.2454671875 0.6611328125 0.2454671875 0.693359375 0.26506562499999997 0.6484375 0.2778046875 0.62890625 0.2616359375 0.67578125 0.2552671875 0.71875 0.274375 0.69140625 0.29054375 0.650390625 0.302303125 0.623046875 0.31651093750000003 0.580078125 0.3057328125 0.5546875 0.284175 0.529296875 0.2714359375 0.556640625 0.2660453125 0.5927734375 0.2523265625 0.630859375 0.2454671875 0.6611328125
0 0.26800625 0.716796875 0.274375 0.7509765625 0.2895640625 0.7509765625 0.33464062499999997 0.673828125 0.3591375 0.6357421875 0.3625671875 0.607421875 0.3463984375 0.599609375 0.3219015625 0.5712890625 0.3067125 0.6201171875 0.2969125 0.6484375 0.2778046875 0.6845703125 0.26800625 0.716796875
3 0.375796875 0.80078125 0.381675 0.8125 0.3860859375 0.7890625 0.391475 0.7607421875 0.39735468749999997 0.7265625 0.3998046875 0.69921875 0.40029375 0.66015625 0.40274374999999996 0.6240234375 0.40764374999999997 0.6005859375 0.39882343750000004 0.587890625 0.3860859375 0.5849609375 0.3767765625 0.5849609375 0.373346875 0.60546875 0.37138593750000004 0.7216796875 0.368446875 0.740234375 0.3694265625 0.759765625 0.3718765625 0.7763671875 0.375796875 0.80078125
5 0.43508125 0.8408203125 0.4448796875 0.7978515625 0.46202812499999996 0.626953125 0.4385109375 0.626953125 0.4287109375 0.646484375 0.4287109375 0.673828125 0.42675156249999996 0.7275390625 0.425771875 0.78515625 0.43508125 0.8408203125
6 0.4639875 0.7900390625 0.4737875 0.8125 0.48750625000000003 0.6318359375 0.4674171875 0.619140625 0.46251875 0.646484375 0.46251875 0.677734375 0.4639875 0.72265625 0.46251875 0.759765625 0.4639875 0.7900390625
7 0.48309687500000004 0.7041015625 0.4835859375 0.740234375 0.48407656250000003 0.7626953125 0.48603593749999996 0.783203125 0.48505624999999997 0.7998046875 0.49436562500000003 0.814453125 0.49730468749999995 0.794921875 0.4997546875 0.7744140625 0.501225 0.7490234375 0.5002453124999999 0.7294921875 0.5022046875 0.708984375 0.5066140625 0.6123046875 0.4977953125 0.607421875 0.48652656250000004 0.607421875 0.4772171875 0.611328125 0.47770625000000005 0.6376953125 0.47819687499999997 0.6689453125 0.48309687500000004 0.7041015625
8 0.5213125 0.8046875 0.5232734375 0.759765625 0.521803125 0.6171875 0.4977953125 0.615234375 0.5026953125 0.69921875 0.5041640625 0.7490234375 0.5041640625 0.7900390625 0.51004375 0.8193359375 0.5213125 0.8046875
9 0.530621875 0.7998046875 0.5365015625 0.8212890625 0.544340625 0.8212890625 0.5502203125 0.7900390625 0.5502203125 0.716796875 0.5453203125 0.6689453125 0.5453203125 0.61328125 0.524253125 0.6171875 0.5227828125 0.654296875 0.524253125 0.69140625 0.5252328125 0.736328125 0.5252328125 0.763671875 0.530621875 0.7998046875
10 0.555609375 0.72265625 0.5614890625 0.75 0.5619796874999999 0.7822265625 0.5683484375 0.8076171875 0.576678125 0.833984375 0.587946875 0.8349609375 0.5952968750000001 0.822265625 0.5820671875000001 0.736328125 0.5732484375 0.6474609375 0.569328125 0.6103515625 0.555609375 0.6142578125 0.5438515625 0.626953125 0.5438515625 0.6591796875 0.549240625 0.681640625 0.555609375 0.72265625
11 0.59725625 0.5869140625 0.5889265625 0.587890625 0.574228125 0.6015625 0.5683484375 0.6181640625 0.5644296875 0.630859375 0.574228125 0.6669921875 0.5786374999999999 0.69921875 0.583046875 0.7275390625 0.587946875 0.76171875 0.59480625 0.7724609375 0.604115625 0.7783203125 0.6099953124999999 0.7451171875 0.610975 0.716796875 0.603625 0.6865234375 0.60215625 0.6552734375 0.59725625 0.6279296875 0.59725625 0.5869140625
12 0.6055859375 0.6572265625 0.6080359375 0.6748046875 0.6119546875 0.705078125 0.6158750000000001 0.7373046875 0.620284375 0.7587890625 0.629103125 0.7666015625 0.6354734375 0.7548828125 0.63204375 0.62890625 0.6281234375 0.611328125 0.618325 0.5947265625 0.606565625 0.6025390625 0.5952968750000001 0.6142578125 0.597746875 0.6396484375 0.6055859375 0.6572265625
15 0.67466875 0.5791015625 0.66585 0.57421875 0.6580109375000001 0.58203125 0.6506609375 0.5947265625 0.6433125000000001 0.6064453125 0.6344921875 0.609375 0.6369421875 0.6337890625 0.6442921875 0.6513671875 0.65703125 0.6650390625 0.6732 0.689453125 0.68446875 0.708984375 0.6996578125 0.71875 0.70945625 0.7265625 0.71680625 0.6962890625 0.7011265625 0.66015625 0.6962265624999999 0.6337890625 0.68201875 0.609375 0.67466875 0.5791015625
16 0.73199375 0.552734375 0.7221953125 0.5322265625 0.71190625 0.5419921875 0.70455625 0.544921875 0.6957375 0.5517578125 0.6834890625 0.572265625 0.68201875 0.59765625 0.6923078125 0.615234375 0.7055359375 0.6513671875 0.7158249999999999 0.671875 0.730034375 0.6962890625 0.755021875 0.654296875 0.751103125 0.6396484375 0.7481625000000001 0.619140625 0.7398328125 0.6015625 0.734934375 0.583984375 0.7334640625 0.5703125 0.73199375 0.552734375
4 0.42528125 0.6962890625 0.4272421875 0.67578125 0.42822187500000003 0.65234375 0.430671875 0.634765625 0.432140625 0.6240234375 0.429690625 0.603515625 0.42234218749999997 0.5908203125 0.41499218750000005 0.5859375 0.40764374999999997 0.6005859375 0.40274374999999996 0.62890625 0.40274374999999996 0.6474609375 0.40274374999999996 0.6669921875 0.4017640625 0.6904296875 0.3993140625 0.7099609375 0.39784375 0.7275390625 0.398334375 0.74609375 0.39882343750000004 0.765625 0.39735468749999997 0.779296875 0.39784375 0.8017578125 0.40715312499999995 0.8056640625 0.4130328125 0.78125 0.4174421875 0.767578125 0.42038281250000004 0.7490234375 0.42234218749999997 0.73046875 0.42332187499999996 0.7158203125 0.42528125 0.6962890625