2 0.32043125 0.4326171875 0.3238609375 0.3984375 0.2983828125 0.3642578125 0.2915234375 0.419921875 0.2876046875 0.4609375 0.276825 0.51171875 0.2895640625 0.5390625 0.3057328125 0.5478515625 0.31308125000000003 0.5263671875 0.31308125000000003 0.490234375 0.32043125 0.4326171875
13 0.3238609375 0.3896484375 0.3121015625 0.556640625 0.3366 0.560546875 0.35276874999999996 0.5693359375 0.3537484375 0.53515625 0.3463984375 0.4814453125 0.3419890625 0.4111328125 0.3238609375 0.3896484375
18 0.42234218749999997 0.419921875 0.4042140625 0.4033203125 0.3968640625 0.484375 0.389025 0.552734375 0.3900046875 0.5927734375 0.409603125 0.6142578125 0.42038281250000004 0.5908203125 0.41891249999999997 0.5458984375 0.4243015625 0.4736328125 0.42234218749999997 0.419921875
19 0.44145 0.5205078125 0.4439 0.4541015625 0.4341015625 0.3984375 0.4243015625 0.4453125 0.42136250000000003 0.515625 0.4140125 0.6123046875 0.432140625 0.64453125 0.4404703125 0.6162109375 0.4404703125 0.560546875 0.44145 0.5205078125
21 0.46643749999999995 0.58984375 0.4953453125 0.607421875 0.49387499999999995 0.552734375 0.49289531249999996 0.4814453125 0.48015625 0.443359375 0.4683984375 0.5048828125 0.46643749999999995 0.58984375
22 0.5046546875 0.533203125 0.5007343750000001 0.5888671875 0.49387499999999995 0.626953125 0.524253125 0.607421875 0.528171875 0.53125 0.5296421875 0.423828125 0.5071046875 0.4345703125 0.5046546875 0.533203125
30 0.5521796875 0.416015625 0.530621875 0.4326171875 0.5296421875 0.6015625 0.54875 0.5888671875 0.5521796875 0.416015625
29 0.5551203124999999 0.6337890625 0.5810875 0.6142578125 0.574228125 0.3857421875 0.5561 0.462890625 0.5551203124999999 0.5390625 0.5551203124999999 0.6337890625
23 0.5859875 0.376953125 0.583046875 0.4736328125 0.5786374999999999 0.5390625 0.5903968749999999 0.5390625 0.60460625 0.556640625 0.60215625 0.5009765625 0.60215625 0.4267578125 0.60215625 0.35546875 0.5859875 0.376953125
25 0.67711875 0.421875 0.652621875 0.4072265625 0.652621875 0.466796875 0.6462515625 0.537109375 0.6438015625 0.5712890625 0.6560515625 0.583984375 0.6697703125000001 0.576171875 0.6834890625 0.5498046875 0.67711875 0.5009765625 0.67711875 0.421875
26 0.6967171875 0.373046875 0.68691875 0.375 0.6795687499999999 0.4345703125 0.6795687499999999 0.490234375 0.6834890625 0.5458984375 0.695246875 0.5458984375 0.7212156249999999 0.5224609375 0.7148453124999999 0.4921875 0.70945625 0.4375 0.6967171875 0.373046875
28 0.734934375 0.6484375 0.7545328125 0.693359375 0.7545328125 0.6611328125 0.7476734375 0.630859375 0.7339546875 0.5927734375 0.7285640625 0.556640625 0.7158249999999999 0.529296875 0.6942671875 0.5546875 0.6834890625 0.580078125 0.697696875 0.623046875 0.70945625 0.650390625 0.725625 0.69140625 0.7447328125 0.71875 0.7383640625 0.67578125 0.7221953125 0.62890625 0.734934375 0.6484375
0 0.7030875 0.6484375 0.6932875000000001 0.6201171875 0.6780984375 0.5712890625 0.6536015625 0.599609375 0.6374328125 0.607421875 0.6408625 0.6357421875 0.665359375 0.673828125 0.7104359375 0.7509765625 0.725625 0.7509765625 0.73199375 0.716796875 0.7221953125 0.6845703125 0.7030875 0.6484375
3 0.6026453125 0.7265625 0.608525 0.7607421875 0.6139140624999999 0.7890625 0.618325 0.8125 0.624203125 0.80078125 0.6281234375 0.7763671875 0.6305734375000001 0.759765625 0.631553125 0.740234375 0.6286140625 0.7216796875 0.626653125 0.60546875 0.6232234375 0.5849609375 0.6139140624999999 0.5849609375 0.6011765625 0.587890625 0.59235625 0.6005859375 0.59725625 0.6240234375 0.59970625 0.66015625 0.6001953125 0.69921875 0.6026453125 0.7265625
5 0.5614890625 0.626953125 0.537971875 0.626953125 0.5551203124999999 0.7978515625 0.56491875 0.8408203125 0.574228125 0.78515625 0.5732484375 0.7275390625 0.5712890625 0.673828125 0.5712890625 0.646484375 0.5614890625 0.626953125
6 0.5325828125000001 0.619140625 0.51249375 0.6318359375 0.5262125 0.8125 0.5360125 0.7900390625 0.53748125 0.759765625 0.5360125 0.72265625 0.53748125 0.677734375 0.53748125 0.646484375 0.5325828125000001 0.619140625
7 0.51494375 0.7998046875 0.5139640625 0.783203125 0.5159234374999999 0.7626953125 0.5164140625 0.740234375 0.516903125 0.7041015625 0.521803125 0.6689453125 0.52229375 0.6376953125 0.5227828125 0.611328125 0.5134734375 0.607421875 0.5022046875 0.607421875 0.4933859375 0.6123046875 0.4977953125 0.708984375 0.4997546875 0.7294921875 0.498775 0.7490234375 0.5002453124999999 0.7744140625 0.5026953125 0.794921875 0.505634375 0.814453125 0.51494375 0.7998046875
8 0.5022046875 0.615234375 0.47819687499999997 0.6171875 0.4767265625 0.759765625 0.47868750000000004 0.8046875 0.48995625 0.8193359375 0.4958359375 0.7900390625 0.4958359375 0.7490234375 0.49730468749999995 0.69921875 0.5022046875 0.615234375
9 0.4747671875 0.763671875 0.4747671875 0.736328125 0.475746875 0.69140625 0.4772171875 0.654296875 0.475746875 0.6171875 0.4546796875 0.61328125 0.4546796875 0.6689453125 0.44977968749999997 0.716796875 0.44977968749999997 0.7900390625 0.45565937500000003 0.8212890625 0.4634984375 0.8212890625 0.469378125 0.7998046875 0.4747671875 0.763671875
10 0.4385109375 0.75 0.44439062500000004 0.72265625 0.45075937499999996 0.681640625 0.4561484375 0.6591796875 0.4561484375 0.626953125 0.44439062500000004 0.6142578125 0.430671875 0.6103515625 0.42675156249999996 0.6474609375 0.4179328125 0.736328125 0.404703125 0.822265625 0.412053125 0.8349609375 0.42332187499999996 0.833984375 0.43165156250000003 0.8076171875 0.43802031250000006 0.7822265625 0.4385109375 0.75
11 0.43165156250000003 0.6181640625 0.425771875 0.6015625 0.41107343749999997 0.587890625 0.40274374999999996 0.5869140625 0.40274374999999996 0.6279296875 0.39784375 0.6552734375 0.39637500000000003 0.6865234375 0.389025 0.716796875 0.3900046875 0.7451171875 0.395884375 0.7783203125 0.40519375 0.7724609375 0.412053125 0.76171875 0.41695312500000004 0.7275390625 0.42136250000000003 0.69921875 0.425771875 0.6669921875 0.4355703125 0.630859375 0.43165156250000003 0.6181640625
12 0.3944140625 0.6572265625 0.402253125 0.6396484375 0.404703125 0.6142578125 0.393434375 0.6025390625 0.381675 0.5947265625 0.3718765625 0.611328125 0.36795625 0.62890625 0.3645265625 0.7548828125 0.370896875 0.7666015625 0.379715625 0.7587890625 0.384125 0.7373046875 0.38804531249999996 0.705078125 0.3919640625 0.6748046875 0.3944140625 0.6572265625
15 0.3566875 0.6064453125 0.3493390625 0.5947265625 0.3419890625 0.58203125 0.33415 0.57421875 0.32533124999999996 0.5791015625 0.31798125 0.609375 0.30377343749999997 0.6337890625 0.2988734375 0.66015625 0.28319375 0.6962890625 0.29054375 0.7265625 0.30034375 0.71875 0.31553125 0.708984375 0.3268 0.689453125 0.34296875 0.6650390625 0.3557078125 0.6513671875 0.3630578125 0.6337890625 0.36550781250000003 0.609375 0.3566875 0.6064453125
16 0.3042625 0.5517578125 0.29544375 0.544921875 0.28809375 0.5419921875 0.2778046875 0.5322265625 0.26800625 0.552734375 0.2665359375 0.5703125 0.26506562499999997 0.583984375 0.2601671875 0.6015625 0.2518375 0.619140625 0.24889687500000002 0.6396484375 0.244978125 0.654296875 0.269965625 0.6962890625 0.284175 0.671875 0.2944640625 0.6513671875 0.3076921875 0.615234375 0.31798125 0.59765625 0.31651093750000003 0.572265625 0.3042625 0.5517578125
4 0.5982359374999999 0.6904296875 0.59725625 0.6669921875 0.59725625 0.6474609375 0.59725625 0.62890625 0.59235625 0.6005859375 0.5850078125 0.5859375 0.5776578125 0.5908203125 0.570309375 0.603515625 0.567859375 0.6240234375 0.569328125 0.634765625 0.571778125 0.65234375 0.5727578125 0.67578125 0.57471875 0.6962890625 0.576678125 0.7158203125 0.5776578125 0.73046875 0.5796171875 0.7490234375 0.5825578124999999 0.767578125 0.5869671875 0.78125 0.592846875 0.8056640625 0.60215625 0.8017578125 0.6026453125 0.779296875 0.6011765625 0.765625 0.601665625 0.74609375 0.60215625 0.7275390625 0.6006859375 0.7099609375 0.5982359374999999 0.6904296875