31 0.24693749999999998 0.599609375 0.24693749999999998 0.578125 0.23909843749999998 0.5595703125 0.23370937500000002 0.541015625 0.22733906250000002 0.5244140625 0.22440000000000002 0.51171875 0.221459375 0.4912109375 0.21313125 0.4814453125 0.20823125 0.4765625 0.20088124999999998 0.4755859375 0.1945125 0.4775390625 0.18814375 0.4814453125 0.18814375 0.494140625 0.1866734375 0.5078125 0.1866734375 0.5166015625 0.1793234375 0.5205078125 0.1749140625 0.529296875 0.17834375 0.5478515625 0.2003921875 0.5849609375 0.220128125 0.61564375 0.2341984375 0.6259765625 0.24252812499999998 0.6220703125 0.24693749999999998 0.599609375
2 0.25820625 0.5400390625 0.25820625 0.5234375 0.2645765625 0.533203125 0.2689859375 0.556640625 0.277315625 0.5712890625 0.277315625 0.55859375 0.2758453125 0.5263671875 0.27339531250000004 0.50390625 0.26849531249999997 0.4833984375 0.26310625 0.455078125 0.26310625 0.4326171875 0.26310625 0.4150390625 0.2601671875 0.408203125 0.25379687500000003 0.404296875 0.24301875 0.4033203125 0.237628125 0.412109375 0.2346890625 0.4267578125 0.2297890625 0.4228515625 0.22195 0.4267578125 0.21705000000000002 0.439453125 0.21411093750000001 0.4521484375 0.21166093749999998 0.462890625 0.21215156249999997 0.4775390625 0.2209703125 0.490234375 0.22440000000000002 0.498046875 0.22831875 0.5068359375 0.23517812500000002 0.517578125 0.24056875 0.5322265625 0.24448750000000002 0.548828125 0.2493875 0.5693359375 0.2552671875 0.587890625 0.2601671875 0.6025390625 0.2601671875 0.5791015625 0.25918593749999996 0.568359375 0.25820625 0.5546875 0.25820625 0.5400390625
13 0.29299375 0.5322265625 0.2959328125 0.5107421875 0.2969125 0.5244140625 0.30034375 0.5400390625 0.3052421875 0.5576171875 0.3091625 0.5654296875 0.31308125000000003 0.5498046875 0.3150421875 0.5361328125 0.3140625 0.5087890625 0.31553125 0.49609375 0.3170015625 0.4736328125 0.3194515625 0.4609375 0.32239062500000004 0.4462890625 0.32043125 0.4306640625 0.32043125 0.4140625 0.31553125 0.3916015625 0.307203125 0.37890625 0.3008328125 0.3857421875 0.292503125 0.3935546875 0.2797640625 0.3994140625 0.274375 0.40625 0.269475 0.4150390625 0.26555625 0.421875 0.26555625 0.4365234375 0.26555625 0.453125 0.269475 0.470703125 0.2797640625 0.49609375 0.28319375 0.5078125 0.286134375 0.5244140625 0.2876046875 0.541015625 0.291034375 0.5634765625 0.2920140625 0.544921875 0.29299375 0.5322265625
17 0.3532578125 0.4892578125 0.352278125 0.45703125 0.35766718750000004 0.4267578125 0.3561984375 0.4140625 0.3542375 0.400390625 0.347378125 0.3798828125 0.34051875 0.3720703125 0.3317 0.3759765625 0.32043125 0.3818359375 0.3194515625 0.39453125 0.3194515625 0.41015625 0.32239062500000004 0.435546875 0.3219015625 0.4541015625 0.33121093749999997 0.501953125 0.333659375 0.5146484375 0.3356203125 0.529296875 0.3356203125 0.556640625 0.3424796875 0.5400390625 0.349828125 0.5087890625 0.3532578125 0.4892578125
18 0.3699171875 0.3662109375 0.3625671875 0.3583984375 0.3557078125 0.36328125 0.3517890625 0.388671875 0.3493390625 0.3798828125 0.3532578125 0.400390625 0.357178125 0.431640625 0.361096875 0.498046875 0.36893750000000003 0.5693359375 0.3831453125 0.48828125 0.3831453125 0.4453125 0.379715625 0.41015625 0.3782453125 0.3798828125 0.3699171875 0.3662109375
19 0.3944140625 0.34375 0.379715625 0.3701171875 0.3787359375 0.38671875 0.379715625 0.4111328125 0.3831453125 0.4365234375 0.3831453125 0.4853515625 0.386575 0.51953125 0.38804531249999996 0.546875 0.39735468749999997 0.60546875 0.4164625 0.4033203125 0.4130328125 0.37109375 0.40715312499999995 0.3525390625 0.400784375 0.34375 0.3944140625 0.34375
20 0.4331203125 0.3388671875 0.42234218749999997 0.345703125 0.41695312500000004 0.35546875 0.41499218750000005 0.3740234375 0.4164625 0.4091796875 0.420871875 0.4306640625 0.4243015625 0.4755859375 0.42528125 0.498046875 0.429690625 0.5234375 0.439490625 0.5458984375 0.4439 0.392578125 0.4439 0.3759765625 0.4439 0.3544921875 0.4399796875 0.3408203125 0.4331203125 0.3388671875
21 0.47770625000000005 0.421875 0.4821171875 0.3994140625 0.4821171875 0.3583984375 0.480646875 0.3369140625 0.4683984375 0.330078125 0.458109375 0.3310546875 0.448309375 0.3408203125 0.44683906249999994 0.3662109375 0.44683906249999994 0.3876953125 0.4473296875 0.4130859375 0.45222968750000003 0.4345703125 0.44880000000000003 0.458984375 0.45271875 0.4951171875 0.457128125 0.51953125 0.46006875 0.56640625 0.47427656249999994 0.5517578125 0.4747671875 0.5185546875 0.4762375 0.48046875 0.47770625000000005 0.451171875 0.47770625000000005 0.421875
22 0.51004375 0.4609375 0.5110234375 0.4296875 0.5198437499999999 0.408203125 0.5198437499999999 0.3623046875 0.514453125 0.3388671875 0.4933859375 0.3349609375 0.484565625 0.3427734375 0.4835859375 0.3876953125 0.48848593749999997 0.43359375 0.48848593749999997 0.4853515625 0.48848593749999997 0.513671875 0.49289531249999996 0.5400390625 0.498775 0.556640625 0.5066140625 0.541015625 0.5090640625 0.5009765625 0.51004375 0.4609375
30 0.5472812499999999 0.4140625 0.5502203125 0.396484375 0.5502203125 0.3798828125 0.5482609375 0.3642578125 0.544340625 0.3544921875 0.5365015625 0.3505859375 0.5311125 0.3486328125 0.5252328125 0.3564453125 0.5198437499999999 0.3837890625 0.521803125 0.4111328125 0.5227828125 0.4296875 0.521803125 0.4482421875 0.5183734375 0.4765625 0.5203328125 0.5087890625 0.52229375 0.544921875 0.5286625 0.537109375 0.5360125 0.505859375 0.5384609375 0.48046875 0.54238125 0.453125 0.5472812499999999 0.4140625
29 0.5845171875 0.4736328125 0.5859875 0.443359375 0.5884375000000001 0.3935546875 0.585496875 0.3779296875 0.5796171875 0.359375 0.569328125 0.3544921875 0.55855 0.361328125 0.5551203124999999 0.375 0.549240625 0.396484375 0.551690625 0.4404296875 0.5546296875000001 0.52734375 0.555609375 0.5439453125 0.5644296875 0.5595703125 0.5737390625 0.5615234375 0.5786374999999999 0.5390625 0.5825578124999999 0.509765625 0.5845171875 0.4736328125
25 0.6874078124999999 0.521484375 0.6908375 0.5009765625 0.6962265624999999 0.47265625 0.6972078125000001 0.451171875 0.697696875 0.4306640625 0.6957375 0.4130859375 0.68691875 0.40234375 0.675159375 0.3955078125 0.6683 0.390625 0.6550703125 0.39453125 0.6487015625 0.4052734375 0.651640625 0.4560546875 0.6511515625000001 0.5126953125 0.64968125 0.5546875 0.6536015625 0.5986328125 0.66585 0.59375 0.6727093749999999 0.5751953125 0.6805484374999999 0.546875 0.6874078124999999 0.521484375
24 0.6482109375 0.451171875 0.6491921875 0.435546875 0.64968125 0.4189453125 0.64968125 0.3857421875 0.634003125 0.380859375 0.618325 0.3759765625 0.6173437500000001 0.419921875 0.6139140624999999 0.4462890625 0.6144046875 0.4736328125 0.6168546874999999 0.5341796875 0.620284375 0.572265625 0.6246937499999999 0.5703125 0.6300828125 0.53515625 0.637921875 0.49609375 0.6423328125000001 0.4775390625 0.6482109375 0.451171875
23 0.5913765625 0.4208984375 0.5894171874999999 0.4736328125 0.5918671875 0.5146484375 0.5962765625 0.5546875 0.60215625 0.58984375 0.6060749999999999 0.5986328125 0.6163640625 0.5947265625 0.625184375 0.568359375 0.6286140625 0.4921875 0.6232234375 0.3974609375 0.6158750000000001 0.39453125 0.6119546875 0.380859375 0.6050953125 0.36328125 0.59725625 0.3701171875 0.59480625 0.3828125 0.5918671875 0.400390625 0.5913765625 0.4208984375
26 0.725625 0.5625 0.728075 0.5380859375 0.7413031250000001 0.5205078125 0.7506125 0.484375 0.7515921875 0.455078125 0.7408140624999999 0.4443359375 0.7217046875 0.42578125 0.7172953125 0.423828125 0.709946875 0.423828125 0.702596875 0.423828125 0.7006375 0.4365234375 0.6972078125000001 0.44921875 0.6996578125 0.474609375 0.697696875 0.51953125 0.6962265624999999 0.5478515625 0.6957375 0.5732421875 0.7040671875 0.548828125 0.7138656250000001 0.5380859375 0.7138656250000001 0.568359375 0.725625 0.5625
27 0.766290625 0.578125 0.7814796875 0.5615234375 0.7873593750000001 0.5419921875 0.7932390625 0.51953125 0.789809375 0.5029296875 0.780009375 0.5048828125 0.7809890625 0.486328125 0.77805 0.46875 0.771190625 0.4677734375 0.7633515625 0.4638671875 0.7555125 0.4814453125 0.7476734375 0.4921875 0.74424375 0.521484375 0.7422828124999999 0.5458984375 0.7383640625 0.5673828125 0.7310140625 0.5908203125 0.7270953125 0.626953125 0.7486531249999999 0.609375 0.766290625 0.578125
0 0.737384375 0.2724609375 0.7290546875 0.296875 0.7290546875 0.275390625 0.7359140625 0.2587890625 0.74179375 0.2421875 0.7491421875000001 0.228515625 0.736403125 0.2314453125 0.7266046875 0.2421875 0.718275 0.2568359375 0.71190625 0.2841796875 0.70945625 0.2998046875 0.7040671875 0.318359375 0.6957375 0.341796875 0.692796875 0.361328125 0.691328125 0.380859375 0.6942671875 0.3994140625 0.7030875 0.3994140625 0.71435625 0.3984375 0.7226843749999999 0.3955078125 0.7354234374999999 0.4091796875 0.746203125 0.392578125 0.7481625000000001 0.3642578125 0.7486531249999999 0.330078125 0.7540421875 0.294921875 0.7555125 0.2666015625 0.7555125 0.248046875 0.7491421875000001 0.244140625 0.74424375 0.2607421875 0.737384375 0.2724609375
1 0.6766296875 0.2392578125 0.66585 0.25390625 0.6697703125000001 0.2236328125 0.683978125 0.197265625 0.6947578125 0.1708984375 0.68691875 0.1494140625 0.665359375 0.1689453125 0.6531109374999999 0.1962890625 0.647721875 0.220703125 0.6423328125000001 0.2548828125 0.6354734375 0.2666015625 0.6300828125 0.275390625 0.6227343750000001 0.29296875 0.620284375 0.31640625 0.6178343749999999 0.3466796875 0.63204375 0.3544921875 0.6438015625 0.326171875 0.6501718750000001 0.349609375 0.6575203125 0.365234375 0.6795687499999999 0.3359375 0.68446875 0.2880859375 0.7035765625 0.244140625 0.70945625 0.2021484375 0.70945625 0.181640625 0.6986765625 0.1884765625 0.6859375 0.2099609375 0.6766296875 0.2392578125
3 0.613425 0.201171875 0.5987265625 0.2255859375 0.585496875 0.2451171875 0.5781484375 0.2763671875 0.5781484375 0.2998046875 0.585496875 0.318359375 0.59480625 0.3125 0.606565625 0.3203125 0.6168546874999999 0.3134765625 0.6217546875 0.291015625 0.6246937499999999 0.2568359375 0.6330234375 0.236328125 0.6447812500000001 0.2021484375 0.647721875 0.173828125 0.6384125 0.162109375 0.6261640625 0.18359375 0.613425 0.201171875
4 0.574228125 0.1435546875 0.5688390625 0.177734375 0.5614890625 0.2021484375 0.5541406249999999 0.2294921875 0.551690625 0.2568359375 0.549240625 0.2841796875 0.549240625 0.2939453125 0.560509375 0.30078125 0.56981875 0.30078125 0.57716875 0.2939453125 0.579128125 0.2685546875 0.579128125 0.24609375 0.584028125 0.2236328125 0.5835375 0.201171875 0.592846875 0.16796875 0.5962765625 0.1376953125 0.5933359375 0.09765625 0.585496875 0.1240234375 0.574228125 0.1435546875
5 0.5546296875000001 0.1953125 0.558059375 0.166015625 0.558059375 0.109375 0.5438515625 0.1064453125 0.5345421875 0.142578125 0.5232734375 0.19921875 0.52229375 0.2490234375 0.5301328125 0.2841796875 0.5409109375 0.3037109375 0.5467906250000001 0.283203125 0.5511999999999999 0.2646484375 0.5541406249999999 0.2294921875 0.5546296875000001 0.1953125
6 0.52229375 0.255859375 0.5227828125 0.224609375 0.5227828125 0.181640625 0.5213125 0.12890625 0.510534375 0.1044921875 0.5007343750000001 0.2021484375 0.498284375 0.2626953125 0.4958359375 0.28125 0.496325 0.3046875 0.5075937500000001 0.3125 0.51739375 0.3095703125 0.5208234375 0.287109375 0.52229375 0.255859375
7 0.498775 0.2431640625 0.498284375 0.193359375 0.49387499999999995 0.1591796875 0.48113593750000005 0.1005859375 0.47868750000000004 0.1572265625 0.47868750000000004 0.2001953125 0.47868750000000004 0.2412109375 0.480646875 0.275390625 0.480646875 0.3076171875 0.498284375 0.296875 0.498775 0.2431640625
8 0.4772171875 0.169921875 0.4674171875 0.1318359375 0.45516875 0.1142578125 0.4566390625 0.24609375 0.45516875 0.2958984375 0.47525781250000004 0.31640625 0.4791765625 0.2763671875 0.47868750000000004 0.2421875 0.47966718750000004 0.1943359375 0.4772171875 0.169921875
9 0.45320937499999997 0.1875 0.45320937499999997 0.1708984375 0.4492890625 0.1318359375 0.4360609375 0.091796875 0.429690625 0.1513671875 0.4292015625 0.27734375 0.43459062499999995 0.30078125 0.4517390625 0.3115234375 0.4546796875 0.2919921875 0.457128125 0.2607421875 0.457128125 0.2275390625 0.45320937499999997 0.1875
10 0.42136250000000003 0.14453125 0.404703125 0.1162109375 0.39392499999999997 0.1103515625 0.391475 0.1416015625 0.4012734375 0.1767578125 0.4042140625 0.2294921875 0.4086234375 0.2666015625 0.41842187500000005 0.2744140625 0.4272421875 0.255859375 0.429690625 0.205078125 0.42675156249999996 0.1728515625 0.42136250000000003 0.14453125
14 0.3081828125 0.2353515625 0.30034375 0.2275390625 0.2876046875 0.1923828125 0.2778046875 0.1630859375 0.2738859375 0.1884765625 0.2807453125 0.224609375 0.2827046875 0.26171875 0.2846640625 0.2958984375 0.28662343749999997 0.3203125 0.2876046875 0.3447265625 0.299853125 0.3564453125 0.3081828125 0.359375 0.32288125 0.345703125 0.3356203125 0.345703125 0.34688906249999996 0.3291015625 0.34541875 0.2939453125 0.3263109375 0.240234375 0.32239062500000004 0.2080078125 0.3150421875 0.1650390625 0.30377343749999997 0.1494140625 0.29544375 0.1669921875 0.304753125 0.201171875 0.3081828125 0.2353515625
15 0.21802968749999999 0.2021484375 0.2165609375 0.2626953125 0.21411093750000001 0.291015625 0.21705000000000002 0.3115234375 0.21705000000000002 0.33984375 0.21705000000000002 0.3662109375 0.22488906250000001 0.384765625 0.236159375 0.3818359375 0.25477656249999997 0.380859375 0.279275 0.3876953125 0.279275 0.3662109375 0.276825 0.33984375 0.2670265625 0.3046875 0.2660453125 0.26171875 0.256246875 0.2314453125 0.249878125 0.212890625 0.24448750000000002 0.19921875 0.23517812500000002 0.1923828125 0.24154843750000002 0.2705078125 0.2317484375 0.21484375 0.21802968749999999 0.2021484375
12 0.365996875 0.2314453125 0.3537484375 0.16015625 0.3326796875 0.12109375 0.3282703125 0.1591796875 0.34296875 0.25390625 0.3463984375 0.3076171875 0.3718765625 0.3203125 0.3806953125 0.3076171875 0.389025 0.294921875 0.3855953125 0.2705078125 0.365996875 0.2314453125
11 0.379715625 0.29296875 0.402253125 0.29296875 0.4125421875 0.2705078125 0.40372343749999995 0.2314453125 0.370896875 0.1376953125 0.361096875 0.1396484375 0.3694265625 0.2470703125 0.379715625 0.29296875