31 0.2435078125 0.3388671875 0.2552671875 0.3603515625 0.2758453125 0.3623046875 0.2876046875 0.349609375 0.2895640625 0.3134765625 0.29054375 0.2880859375 0.256246875 0.263671875 0.2435078125 0.3388671875
13 0.3057328125 0.455078125 0.311121875 0.4716796875 0.319940625 0.466796875 0.324840625 0.4716796875 0.332190625 0.482421875 0.3419890625 0.48828125 0.3493390625 0.48046875 0.35031875 0.4697265625 0.35521875 0.4599609375 0.3601171875 0.447265625 0.361096875 0.4306640625 0.3625671875 0.4150390625 0.3630578125 0.39453125 0.3630578125 0.37890625 0.3645265625 0.36328125 0.36550781250000003 0.3544921875 0.3380703125 0.3310546875 0.33121093749999997 0.3466796875 0.3282703125 0.365234375 0.3233703125 0.37890625 0.31798125 0.3994140625 0.313571875 0.41015625 0.30867187500000004 0.42578125 0.3057328125 0.4404296875 0.3057328125 0.455078125
17 0.3508078125 0.4853515625 0.3581578125 0.509765625 0.3645265625 0.515625 0.373346875 0.51171875 0.3767765625 0.49609375 0.3782453125 0.4814453125 0.382165625 0.4580078125 0.38363593749999997 0.439453125 0.3900046875 0.416015625 0.3904953125 0.400390625 0.3924546875 0.3837890625 0.3949046875 0.373046875 0.3767765625 0.3720703125 0.37285625 0.390625 0.3674671875 0.4072265625 0.36648749999999997 0.423828125 0.3650171875 0.4404296875 0.3601171875 0.455078125 0.35521875 0.46484375 0.3517890625 0.4755859375 0.3508078125 0.4853515625
18 0.3762859375 0.5283203125 0.37775625 0.54296875 0.3860859375 0.54296875 0.393434375 0.53515625 0.400784375 0.529296875 0.40715312499999995 0.525390625 0.4081328125 0.509765625 0.41009375 0.4921875 0.412053125 0.4775390625 0.4130328125 0.4580078125 0.4135234375 0.4365234375 0.415971875 0.4169921875 0.41891249999999997 0.400390625 0.41940156249999994 0.3876953125 0.395884375 0.3837890625 0.390984375 0.400390625 0.389025 0.41796875 0.3855953125 0.435546875 0.3831453125 0.451171875 0.37922656250000003 0.47265625 0.37775625 0.48828125 0.37432656249999996 0.5146484375 0.3762859375 0.5283203125
19 0.41009375 0.552734375 0.415971875 0.560546875 0.4243015625 0.568359375 0.432140625 0.5615234375 0.441940625 0.5478515625 0.4439 0.5302734375 0.443409375 0.513671875 0.441940625 0.48828125 0.44242968749999995 0.4638671875 0.443409375 0.4345703125 0.443409375 0.40625 0.4218515625 0.3837890625 0.420871875 0.3984375 0.4174421875 0.41796875 0.41499218750000005 0.435546875 0.4135234375 0.45703125 0.4125421875 0.478515625 0.41058281250000006 0.4970703125 0.40715312499999995 0.5263671875 0.41009375 0.552734375
20 0.45369843750000005 0.580078125 0.46251875 0.5791015625 0.470846875 0.5732421875 0.47182812500000004 0.5498046875 0.4723171875 0.5234375 0.4723171875 0.494140625 0.47329687500000006 0.46484375 0.47329687500000006 0.4443359375 0.4747671875 0.40625 0.46202812499999996 0.4013671875 0.45516875 0.4267578125 0.45271875 0.4638671875 0.45125000000000004 0.4853515625 0.45075937499999996 0.5107421875 0.44634999999999997 0.5244140625 0.44242968749999995 0.5458984375 0.4453703125 0.5712890625 0.45369843750000005 0.580078125
21 0.4737875 0.5888671875 0.47966718750000004 0.5966796875 0.48995625 0.6015625 0.49926562499999994 0.6025390625 0.5066140625 0.5966796875 0.5075937500000001 0.5615234375 0.503184375 0.5107421875 0.4997546875 0.470703125 0.5002453124999999 0.4443359375 0.5002453124999999 0.419921875 0.48995625 0.404296875 0.48162656249999997 0.4423828125 0.48113593750000005 0.46875 0.47819687499999997 0.4921875 0.47819687499999997 0.51171875 0.4772171875 0.53515625 0.4737875 0.5595703125 0.47329687500000006 0.578125 0.4737875 0.5888671875
22 0.5066140625 0.599609375 0.5134734375 0.60546875 0.521803125 0.6015625 0.529153125 0.599609375 0.5360125 0.599609375 0.5384609375 0.5791015625 0.5384609375 0.5556640625 0.5389515625 0.5322265625 0.5389515625 0.509765625 0.53748125 0.4833984375 0.5360125 0.455078125 0.5360125 0.4365234375 0.5325828125000001 0.41015625 0.5203328125 0.41015625 0.5193531250000001 0.4326171875 0.516903125 0.462890625 0.5139640625 0.4892578125 0.51249375 0.5107421875 0.5110234375 0.5322265625 0.5080843749999999 0.5498046875 0.5066140625 0.57421875 0.5066140625 0.599609375
30 0.5409109375 0.587890625 0.54973125 0.595703125 0.5590390625 0.5966796875 0.56345 0.5859375 0.565409375 0.5693359375 0.5639390625 0.5458984375 0.5624687500000001 0.51953125 0.5644296875 0.4970703125 0.5639390625 0.478515625 0.5614890625 0.4453125 0.561 0.41796875 0.5507109375 0.41015625 0.5453203125 0.4326171875 0.54483125 0.4580078125 0.544340625 0.48046875 0.5433609374999999 0.5068359375 0.544340625 0.537109375 0.5414015625 0.5537109375 0.5394421875 0.5693359375 0.5409109375 0.587890625
29 0.57471875 0.5810546875 0.584028125 0.591796875 0.592846875 0.580078125 0.59725625 0.568359375 0.5952968750000001 0.5390625 0.5957859375 0.5185546875 0.59725625 0.49609375 0.59725625 0.4716796875 0.5952968750000001 0.4453125 0.5952968750000001 0.4287109375 0.59480625 0.4033203125 0.5786374999999999 0.3916015625 0.576678125 0.4033203125 0.574228125 0.4287109375 0.57471875 0.4619140625 0.57471875 0.4912109375 0.571778125 0.5244140625 0.567859375 0.5419921875 0.567859375 0.5595703125 0.57471875 0.5810546875
23 0.6006859375 0.5625 0.609015625 0.568359375 0.6173437500000001 0.5810546875 0.6232234375 0.572265625 0.6300828125 0.5625 0.6261640625 0.552734375 0.61979375 0.5283203125 0.6207734375 0.509765625 0.6212640625 0.4921875 0.6217546875 0.47265625 0.61979375 0.4541015625 0.6163640625 0.4326171875 0.613425 0.4091796875 0.599215625 0.3955078125 0.599215625 0.427734375 0.597746875 0.451171875 0.5987265625 0.48046875 0.599215625 0.494140625 0.599215625 0.513671875 0.5952968750000001 0.53515625 0.5957859375 0.5498046875 0.6006859375 0.5625
24 0.6413515624999999 0.5615234375 0.6482109375 0.560546875 0.6531109374999999 0.5556640625 0.6550703125 0.541015625 0.6560515625 0.5302734375 0.64968125 0.5166015625 0.64968125 0.5048828125 0.64968125 0.4912109375 0.64968125 0.4658203125 0.6511515625000001 0.4462890625 0.64968125 0.4267578125 0.64723125 0.4072265625 0.624203125 0.412109375 0.6246937499999999 0.435546875 0.6227343750000001 0.4697265625 0.62224375 0.4853515625 0.6212640625 0.505859375 0.620284375 0.5234375 0.62224375 0.5380859375 0.6305734375000001 0.5546875 0.6413515624999999 0.5615234375
25 0.6580109375000001 0.525390625 0.666340625 0.5302734375 0.6736890625 0.5244140625 0.6829984375 0.5263671875 0.6883874999999999 0.5205078125 0.6957375 0.5029296875 0.6957375 0.48828125 0.6937781249999999 0.4697265625 0.6864281250000001 0.4423828125 0.683978125 0.419921875 0.6805484374999999 0.3994140625 0.6795687499999999 0.3798828125 0.654090625 0.3828125 0.6511515625000001 0.404296875 0.651640625 0.4248046875 0.65458125 0.447265625 0.652621875 0.4736328125 0.652621875 0.49609375 0.64968125 0.5107421875 0.6511515625000001 0.5234375 0.6580109375000001 0.525390625
26 0.7153359375 0.5009765625 0.7192546875 0.4853515625 0.723665625 0.4775390625 0.7270953125 0.4638671875 0.7212156249999999 0.4375 0.71680625 0.4169921875 0.708965625 0.390625 0.7060265625000001 0.3671875 0.68201875 0.3759765625 0.6829984375 0.3916015625 0.6854484375000001 0.412109375 0.6883874999999999 0.4365234375 0.6908375 0.453125 0.6923078125 0.494140625 0.697696875 0.5009765625 0.70700625 0.5009765625 0.7153359375 0.5009765625
27 0.7447328125 0.4609375 0.7520828125000001 0.443359375 0.757471875 0.423828125 0.7530625 0.4033203125 0.7413031250000001 0.3564453125 0.7324843750000001 0.3359375 0.7148453124999999 0.3486328125 0.7153359375 0.375 0.7207250000000001 0.40234375 0.7217046875 0.42578125 0.7241546875 0.4443359375 0.7266046875 0.4560546875 0.7310140625 0.466796875 0.737384375 0.4697265625 0.7447328125 0.4609375
28 0.7354234374999999 0.5263671875 0.7261140625 0.5234375 0.7226843749999999 0.52734375 0.718765625 0.5302734375 0.716315625 0.541015625 0.7153359375 0.548828125 0.716315625 0.5595703125 0.7212156249999999 0.5732421875 0.7226843749999999 0.58203125 0.727584375 0.58984375 0.730525 0.59765625 0.7339546875 0.6103515625 0.7383640625 0.6181640625 0.7427734375 0.6328125 0.7466921875 0.6416015625 0.7520828125000001 0.6474609375 0.75698125 0.6533203125 0.7628609375 0.654296875 0.7672703125 0.6484375 0.7672703125 0.638671875 0.7658015625 0.6318359375 0.7609015625 0.615234375 0.7687406250000001 0.619140625 0.773640625 0.6201171875 0.7765796875000001 0.6171875 0.7790296875 0.6015625 0.7795203125 0.5927734375 0.7760906249999999 0.587890625 0.7726609375 0.5859375 0.76923125 0.5810546875 0.7653109375 0.5751953125 0.7633515625 0.5625 0.75943125 0.533203125 0.7579625 0.5244140625 0.752571875 0.5078125 0.7481625000000001 0.5048828125 0.74424375 0.5078125 0.7383640625 0.515625 0.7354234374999999 0.5263671875
0 0.6932875000000001 0.5537109375 0.6878984375 0.5546875 0.68446875 0.5595703125 0.681528125 0.5634765625 0.679078125 0.568359375 0.675159375 0.5732421875 0.6736890625 0.5810546875 0.670259375 0.587890625 0.6722187500000001 0.5947265625 0.67466875 0.6005859375 0.6780984375 0.60546875 0.6810390625 0.607421875 0.683978125 0.615234375 0.68691875 0.623046875 0.6903484375 0.62890625 0.6937781249999999 0.6376953125 0.697696875 0.6455078125 0.7011265625 0.6552734375 0.7035765625 0.662109375 0.707496875 0.66796875 0.7104359375 0.67578125 0.71435625 0.6826171875 0.718275 0.6875 0.7221953125 0.693359375 0.725625 0.6982421875 0.72954375 0.703125 0.73444375 0.7109375 0.73934375 0.708984375 0.7398328125 0.7021484375 0.738853125 0.6904296875 0.7354234374999999 0.681640625 0.7310140625 0.6748046875 0.7270953125 0.6669921875 0.7212156249999999 0.6552734375 0.7241546875 0.6513671875 0.73444375 0.666015625 0.73934375 0.669921875 0.7457125 0.67578125 0.7481625000000001 0.66796875 0.7486531249999999 0.6611328125 0.7452234375 0.6513671875 0.7408140624999999 0.6396484375 0.737384375 0.62890625 0.7329734375 0.6181640625 0.7290546875 0.607421875 0.7241546875 0.5986328125 0.7148453124999999 0.5517578125 0.71190625 0.5419921875 0.707496875 0.5361328125 0.7030875 0.5341796875 0.700146875 0.5380859375 0.6962265624999999 0.544921875 0.6932875000000001 0.5537109375
1 0.65458125 0.5830078125 0.64968125 0.587890625 0.6447812500000001 0.5947265625 0.6349828125 0.5927734375 0.6300828125 0.59375 0.6261640625 0.59765625 0.6246937499999999 0.607421875 0.6246937499999999 0.6142578125 0.6261640625 0.6240234375 0.6281234375 0.6328125 0.6305734375000001 0.638671875 0.6344921875 0.6435546875 0.6374328125 0.6513671875 0.640371875 0.6640625 0.6438015625 0.67578125 0.6452718749999999 0.68359375 0.647721875 0.6943359375 0.6506609375 0.7080078125 0.65458125 0.7216796875 0.65948125 0.7353515625 0.6619296875 0.740234375 0.66585 0.748046875 0.6712390625 0.7568359375 0.6756484375 0.7607421875 0.6805484374999999 0.759765625 0.6825078125 0.7529296875 0.681528125 0.7451171875 0.679078125 0.7333984375 0.6761390625 0.7236328125 0.6741796875 0.712890625 0.6722187500000001 0.7021484375 0.6727093749999999 0.693359375 0.6766296875 0.703125 0.6805484374999999 0.712890625 0.683978125 0.7236328125 0.6878984375 0.7333984375 0.6923078125 0.7412109375 0.6986765625 0.744140625 0.7030875 0.7353515625 0.7030875 0.7236328125 0.7016171875 0.712890625 0.697696875 0.697265625 0.6932875000000001 0.6806640625 0.6903484375 0.669921875 0.6859375 0.6591796875 0.6825078125 0.6513671875 0.6780984375 0.6416015625 0.67711875 0.60546875 0.6766296875 0.599609375 0.6736890625 0.5859375 0.6692796875 0.5849609375 0.665359375 0.5849609375 0.6604609375 0.5849609375 0.65458125 0.5830078125
3 0.6119546875 0.615234375 0.606565625 0.6162109375 0.603625 0.6181640625 0.5982359374999999 0.62109375 0.5962765625 0.6328125 0.5982359374999999 0.642578125 0.6006859375 0.6513671875 0.603625 0.6572265625 0.606565625 0.6650390625 0.608525 0.673828125 0.6095046875000001 0.6826171875 0.6075453125 0.7021484375 0.6060749999999999 0.71484375 0.6075453125 0.734375 0.6099953124999999 0.74609375 0.6148953125000001 0.7421875 0.61979375 0.7392578125 0.624203125 0.7275390625 0.626653125 0.7138671875 0.626653125 0.7001953125 0.6281234375 0.693359375 0.6325328125 0.6982421875 0.6384125 0.70703125 0.6438015625 0.71484375 0.6462515625 0.705078125 0.6438015625 0.6953125 0.640371875 0.6845703125 0.6374328125 0.6748046875 0.6325328125 0.6640625 0.6335124999999999 0.640625 0.6281234375 0.634765625 0.6256734374999999 0.6259765625 0.6246937499999999 0.6162109375 0.6207734375 0.6162109375 0.6168546874999999 0.6123046875 0.6119546875 0.615234375
4 0.584028125 0.6455078125 0.579128125 0.6572265625 0.5776578125 0.6650390625 0.5761875 0.671875 0.576678125 0.68359375 0.5781484375 0.6904296875 0.579128125 0.6982421875 0.5781484375 0.7099609375 0.5805984375000001 0.7314453125 0.5805984375000001 0.7421875 0.581578125 0.7578125 0.5820671875000001 0.7763671875 0.584028125 0.7900390625 0.5869671875 0.8017578125 0.5962765625 0.8125 0.6031359375 0.80859375 0.60460625 0.8017578125 0.603625 0.7939453125 0.6026453125 0.7890625 0.60215625 0.7724609375 0.60460625 0.75390625 0.60460625 0.7431640625 0.60460625 0.73046875 0.60460625 0.7119140625 0.603625 0.6787109375 0.60215625 0.6640625 0.59970625 0.6494140625 0.5952968750000001 0.64453125 0.5913765625 0.6435546875 0.587946875 0.6455078125 0.584028125 0.6455078125
5 0.5482609375 0.66015625 0.5458109375 0.66796875 0.5467906250000001 0.68359375 0.54875 0.689453125 0.5502203125 0.6982421875 0.5502203125 0.708984375 0.5507109375 0.71875 0.5511999999999999 0.7314453125 0.5511999999999999 0.7421875 0.5526703125 0.75390625 0.5541406249999999 0.767578125 0.555609375 0.7802734375 0.5575703125 0.794921875 0.5595296875 0.8017578125 0.5624687500000001 0.81640625 0.567859375 0.818359375 0.57226875 0.8173828125 0.5756984375 0.80859375 0.5761875 0.79296875 0.576678125 0.7802734375 0.57716875 0.759765625 0.576678125 0.748046875 0.574228125 0.7265625 0.5737390625 0.708984375 0.5737390625 0.6669921875 0.5707984374999999 0.654296875 0.5668796875 0.650390625 0.5629593749999999 0.6494140625 0.555609375 0.646484375 0.5521796875 0.6533203125 0.5482609375 0.66015625
6 0.529153125 0.62109375 0.5271921875000001 0.6298828125 0.5247421875 0.6416015625 0.5262125 0.6552734375 0.5271921875000001 0.66796875 0.5271921875000001 0.6845703125 0.5257234375000001 0.703125 0.5257234375000001 0.7216796875 0.5257234375000001 0.7421875 0.524253125 0.763671875 0.524253125 0.7802734375 0.5237625 0.796875 0.529153125 0.8046875 0.5345421875 0.8076171875 0.5369921875 0.7978515625 0.5409109375 0.76953125 0.542871875 0.75390625 0.5433609374999999 0.7412109375 0.5458109375 0.7265625 0.5467906250000001 0.7099609375 0.5477703125 0.6904296875 0.5502203125 0.658203125 0.5521796875 0.6435546875 0.551690625 0.6337890625 0.54875 0.625 0.544340625 0.6220703125 0.5360125 0.6220703125 0.529153125 0.62109375
7 0.5075937500000001 0.625 0.506125 0.6474609375 0.505634375 0.66015625 0.5066140625 0.673828125 0.5066140625 0.681640625 0.5066140625 0.69140625 0.505634375 0.71484375 0.503675 0.73828125 0.5022046875 0.767578125 0.5022046875 0.779296875 0.506125 0.7880859375 0.5139640625 0.7822265625 0.516903125 0.759765625 0.5188640625 0.740234375 0.5208234375 0.72265625 0.5227828125 0.7021484375 0.524253125 0.685546875 0.5271921875000001 0.6669921875 0.5262125 0.6533203125 0.524253125 0.6416015625 0.5237625 0.6337890625 0.521803125 0.62890625 0.516903125 0.623046875 0.5075937500000001 0.625
8 0.4889765625 0.634765625 0.48750625000000003 0.64453125 0.48603593749999996 0.658203125 0.48505624999999997 0.6728515625 0.484565625 0.685546875 0.48309687500000004 0.697265625 0.4821171875 0.7109375 0.48113593750000005 0.720703125 0.47966718750000004 0.73046875 0.4791765625 0.7392578125 0.4791765625 0.75390625 0.4821171875 0.767578125 0.484565625 0.771484375 0.48848593749999997 0.7705078125 0.49093593750000003 0.7568359375 0.49289531249999996 0.7392578125 0.4958359375 0.7255859375 0.498284375 0.7109375 0.5002453124999999 0.6982421875 0.506125 0.66796875 0.505634375 0.6591796875 0.505634375 0.6435546875 0.5026953125 0.6396484375 0.4977953125 0.6337890625 0.49436562500000003 0.6328125 0.4889765625 0.634765625
9 0.47035781249999997 0.619140625 0.4659484375 0.6162109375 0.4639875 0.6259765625 0.4639875 0.634765625 0.46251875 0.6455078125 0.4630078125 0.6630859375 0.4610484375 0.6748046875 0.459578125 0.6845703125 0.45761874999999996 0.701171875 0.45516875 0.7138671875 0.45271875 0.7294921875 0.45075937499999996 0.7421875 0.4492890625 0.755859375 0.4492890625 0.763671875 0.45075937499999996 0.7705078125 0.4566390625 0.77734375 0.46251875 0.763671875 0.4659484375 0.7529296875 0.4713375 0.7421875 0.47427656249999994 0.724609375 0.4772171875 0.70703125 0.47819687499999997 0.6962890625 0.48113593750000005 0.68359375 0.4835859375 0.673828125 0.485546875 0.658203125 0.4889765625 0.6337890625 0.48652656250000004 0.630859375 0.48260625 0.6259765625 0.475746875 0.623046875 0.47035781249999997 0.619140625
10 0.45125000000000004 0.609375 0.44634999999999997 0.6083984375 0.441940625 0.6103515625 0.439490625 0.6123046875 0.43655 0.6220703125 0.43508125 0.6318359375 0.4336109375 0.640625 0.43165156250000003 0.6474609375 0.4292015625 0.6591796875 0.4272421875 0.671875 0.42479218750000003 0.68359375 0.420871875 0.7001953125 0.41940156249999994 0.7109375 0.41695312500000004 0.724609375 0.4130328125 0.740234375 0.41156249999999994 0.75390625 0.41009375 0.7685546875 0.41058281250000006 0.783203125 0.41548281249999997 0.7939453125 0.42332187499999996 0.7939453125 0.43116093749999995 0.7783203125 0.4360609375 0.755859375 0.439490625 0.7392578125 0.44242968749999995 0.7265625 0.4453703125 0.7119140625 0.44880000000000003 0.7021484375 0.45075937499999996 0.6884765625 0.46202812499999996 0.65625 0.4630078125 0.6435546875 0.4639875 0.6328125 0.46202812499999996 0.6220703125 0.459578125 0.6171875 0.4566390625 0.6123046875 0.45125000000000004 0.609375
11 0.4341015625 0.615234375 0.432140625 0.6083984375 0.4287109375 0.6083984375 0.425771875 0.60546875 0.42381250000000004 0.599609375 0.420871875 0.5966796875 0.41499218750000005 0.59765625 0.4086234375 0.599609375 0.4061734375 0.6064453125 0.40372343749999995 0.6171875 0.4012734375 0.62890625 0.39882343750000004 0.63671875 0.395884375 0.6533203125 0.39392499999999997 0.6650390625 0.3919640625 0.6787109375 0.3900046875 0.6904296875 0.389025 0.7021484375 0.386575 0.7119140625 0.384615625 0.72265625 0.382165625 0.7373046875 0.3782453125 0.7529296875 0.3762859375 0.7607421875 0.3806953125 0.767578125 0.384615625 0.771484375 0.3904953125 0.7646484375 0.39637500000000003 0.7578125 0.402253125 0.7470703125 0.4061734375 0.7392578125 0.41107343749999997 0.72265625 0.4140125 0.7099609375 0.4174421875 0.693359375 0.41940156249999994 0.6826171875 0.42136250000000003 0.671875 0.42381250000000004 0.6591796875 0.42773125 0.6513671875 0.43116093749999995 0.64453125 0.43459062499999995 0.6357421875 0.4360609375 0.6279296875 0.4355703125 0.6220703125 0.4341015625 0.615234375
12 0.3601171875 0.66796875 0.36550781250000003 0.66015625 0.37530625 0.6474609375 0.38265625000000003 0.642578125 0.3900046875 0.642578125 0.39539375 0.6376953125 0.39882343750000004 0.634765625 0.403234375 0.6201171875 0.404703125 0.6142578125 0.4066640625 0.6044921875 0.4081328125 0.59765625 0.4135234375 0.5966796875 0.4179328125 0.595703125 0.420871875 0.595703125 0.42381250000000004 0.5966796875 0.4243015625 0.5908203125 0.4218515625 0.5859375 0.415971875 0.5791015625 0.4135234375 0.57421875 0.4081328125 0.5732421875 0.40274374999999996 0.5712890625 0.39784375 0.5703125 0.3919640625 0.5712890625 0.3875546875 0.5693359375 0.387065625 0.564453125 0.38363593749999997 0.5615234375 0.3811859375 0.5673828125 0.3762859375 0.5791015625 0.37432656249999996 0.60546875 0.3694265625 0.615234375 0.362078125 0.6318359375 0.3561984375 0.640625 0.34835937499999997 0.65625 0.34492968749999997 0.66796875 0.35031875 0.6728515625 0.3542375 0.671875 0.3601171875 0.66796875
14 0.3831453125 0.5419921875 0.37775625 0.5380859375 0.3738359375 0.541015625 0.3694265625 0.5390625 0.365996875 0.5341796875 0.3630578125 0.529296875 0.3586484375 0.521484375 0.35276874999999996 0.515625 0.34835937499999997 0.5185546875 0.3444390625 0.5205078125 0.341009375 0.51953125 0.3375796875 0.5185546875 0.33415 0.5185546875 0.329740625 0.5234375 0.32778125 0.5400390625 0.32778125 0.544921875 0.3219015625 0.5693359375 0.3170015625 0.5869140625 0.31308125000000003 0.595703125 0.30377343749999997 0.6103515625 0.2983828125 0.626953125 0.2939734375 0.642578125 0.2944640625 0.6552734375 0.30034375 0.6640625 0.311121875 0.6513671875 0.31553125 0.6376953125 0.324840625 0.6240234375 0.33022968750000004 0.626953125 0.33022968750000004 0.6376953125 0.329740625 0.6474609375 0.3238609375 0.6591796875 0.31749218749999997 0.677734375 0.3145515625 0.6884765625 0.3194515625 0.6962890625 0.3263109375 0.6943359375 0.33022968750000004 0.6923828125 0.341009375 0.6640625 0.349828125 0.6474609375 0.3581578125 0.6240234375 0.363546875 0.6064453125 0.37040625 0.59375 0.37432656249999996 0.5859375 0.38510468750000004 0.5771484375 0.387065625 0.5654296875 0.38804531249999996 0.5556640625 0.387065625 0.5439453125 0.3831453125 0.5419921875
15 0.2523265625 0.5947265625 0.2572265625 0.5966796875 0.2601671875 0.5966796875 0.26506562499999997 0.5888671875 0.276334375 0.578125 0.27192500000000003 0.591796875 0.2660453125 0.5986328125 0.26065625 0.6083984375 0.2577171875 0.62109375 0.2621265625 0.6240234375 0.2660453125 0.6220703125 0.27192500000000003 0.6201171875 0.277315625 0.6162109375 0.2846640625 0.6123046875 0.2895640625 0.607421875 0.2944640625 0.59765625 0.29789374999999996 0.58984375 0.3032828125 0.580078125 0.3096515625 0.568359375 0.313571875 0.5625 0.318471875 0.5546875 0.3243515625 0.544921875 0.3268 0.5419921875 0.32778125 0.5361328125 0.32925 0.5283203125 0.3307203125 0.5224609375 0.33415 0.5185546875 0.3375796875 0.5205078125 0.3415 0.51953125 0.3415 0.513671875 0.3415 0.509765625 0.34051875 0.4990234375 0.338559375 0.49609375 0.33610937500000004 0.4931640625 0.3317 0.4921875 0.324840625 0.4912109375 0.32288125 0.4833984375 0.32043125 0.48046875 0.31651093750000003 0.4765625 0.313571875 0.4736328125 0.3106328125 0.46875 0.3076921875 0.4638671875 0.3013234375 0.4609375 0.2969125 0.4658203125 0.2920140625 0.474609375 0.2782953125 0.5205078125 0.2738859375 0.5302734375 0.269965625 0.537109375 0.26751562500000003 0.544921875 0.26310625 0.556640625 0.25918593749999996 0.5615234375 0.256246875 0.572265625 0.2523265625 0.5859375 0.2523265625 0.5947265625
2 0.2802546875 0.35546875 0.2807453125 0.3623046875 0.278784375 0.3701171875 0.276334375 0.3779296875 0.27290468749999997 0.384765625 0.2709453125 0.390625 0.27045625 0.4013671875 0.27045625 0.4091796875 0.274865625 0.4208984375 0.2797640625 0.423828125 0.2827046875 0.4228515625 0.28564375000000003 0.4306640625 0.28809375 0.4365234375 0.292503125 0.4423828125 0.30034375 0.4384765625 0.3052421875 0.4375 0.3076921875 0.431640625 0.3091625 0.423828125 0.31161249999999996 0.4169921875 0.3121015625 0.4091796875 0.31308125000000003 0.3916015625 0.3150421875 0.3701171875 0.31749218749999997 0.3525390625 0.3194515625 0.337890625 0.3214109375 0.3232421875 0.3233703125 0.30859375 0.32533124999999996 0.2978515625 0.327290625 0.2822265625 0.3243515625 0.2744140625 0.319940625 0.2646484375 0.31749218749999997 0.2607421875 0.316021875 0.259765625 0.2920140625 0.2900390625 0.29054375 0.30078125 0.28907343750000003 0.3125 0.28907343750000003 0.3212890625 0.288584375 0.333984375 0.28809375 0.3427734375 0.286134375 0.34765625 0.284175 0.3525390625 0.2802546875 0.35546875
31 0.269475 0.220703125 0.26506562499999997 0.232421875 0.2601671875 0.25 0.2572265625 0.26171875 0.25477656249999997 0.2705078125 0.29005312499999997 0.287109375 0.2920140625 0.267578125 0.2920140625 0.25390625 0.291034375 0.236328125 0.28907343750000003 0.216796875 0.2851546875 0.2099609375 0.279275 0.212890625 0.27290468749999997 0.2158203125 0.269475 0.220703125