22 0.5810546875 0.4723171875 0.5537109375 0.4659484375 0.517578125 0.46006875 0.4775390625 0.46006875 0.46875 0.4723171875 0.46484375 0.48505624999999997 0.4716796875 0.4997546875 0.4951171875 0.501715625 0.5234375 0.501715625 0.5556640625 0.5007343750000001 0.5810546875 0.49926562499999994 0.6279296875 0.4997546875 0.6533203125 0.5041640625 0.69140625 0.5007343750000001 0.6982421875 0.4791765625 0.662109375 0.48015625 0.6328125 0.47868750000000004 0.611328125 0.4762375 0.5810546875 0.4723171875
21 0.607421875 0.5095546875 0.5810546875 0.506125 0.560546875 0.5071046875 0.53515625 0.5046546875 0.5126953125 0.503184375 0.4892578125 0.5022046875 0.4619140625 0.4997546875 0.4599609375 0.5213125 0.46875 0.5414015625 0.5029296875 0.5414015625 0.5224609375 0.5414015625 0.5478515625 0.53993125 0.578125 0.53748125 0.6044921875 0.537971875 0.6318359375 0.5365015625 0.662109375 0.5340515625 0.6904296875 0.5360125 0.7138671875 0.52229375 0.693359375 0.51249375 0.6650390625 0.5110234375 0.6455078125 0.5110234375 0.607421875 0.5095546875
20 0.5986328125 0.5414015625 0.5732421875 0.542871875 0.5400390625 0.5414015625 0.5146484375 0.54238125 0.482421875 0.54238125 0.4599609375 0.54238125 0.4619140625 0.561 0.47265625 0.5761875 0.5029296875 0.5761875 0.5234375 0.5732484375 0.5478515625 0.5756984375 0.5712890625 0.5737390625 0.6025390625 0.5707984374999999 0.6279296875 0.565409375 0.66015625 0.5619796874999999 0.6953125 0.5590390625 0.7060546875 0.5438515625 0.6650390625 0.54238125 0.64453125 0.54238125 0.619140625 0.5414015625 0.5986328125 0.5414015625
19 0.5859375 0.5707984374999999 0.556640625 0.5707984374999999 0.5302734375 0.569328125 0.498046875 0.57716875 0.4794921875 0.5859875 0.4794921875 0.604115625 0.5048828125 0.6095046875000001 0.5283203125 0.609015625 0.5537109375 0.6075453125 0.5732421875 0.6050953125 0.5986328125 0.6031359375 0.6279296875 0.6011765625 0.6552734375 0.599215625 0.6826171875 0.596765625 0.716796875 0.59480625 0.7265625 0.5801078125 0.685546875 0.5756984375 0.666015625 0.57471875 0.6240234375 0.5732484375 0.5859375 0.5707984374999999
18 0.5986328125 0.597746875 0.576171875 0.597746875 0.5439453125 0.597746875 0.5 0.606565625 0.498046875 0.618325 0.4970703125 0.6335124999999999 0.5146484375 0.64723125 0.533203125 0.64723125 0.5712890625 0.6398828125 0.6142578125 0.6276328125 0.6494140625 0.6232234375 0.677734375 0.6217546875 0.6982421875 0.624203125 0.7265625 0.604115625 0.701171875 0.599215625 0.6650390625 0.599215625 0.634765625 0.6001953125 0.5986328125 0.597746875
15 0.537109375 0.730525 0.52734375 0.7138656250000001 0.4951171875 0.707496875 0.4658203125 0.71435625 0.443359375 0.7315046875 0.42578125 0.74424375 0.4130859375 0.755021875 0.40625 0.7687406250000001 0.41015625 0.78441875 0.4365234375 0.762371875 0.4716796875 0.7496328125 0.43359375 0.7814796875 0.4462890625 0.7927484375 0.46484375 0.7814796875 0.509765625 0.7677609375000001 0.533203125 0.7613921875 0.55859375 0.7545328125 0.55859375 0.7408140624999999 0.537109375 0.730525
14 0.5078125 0.6883874999999999 0.4921875 0.6780984375 0.484375 0.6643796875 0.4619140625 0.6575203125 0.4345703125 0.6599703124999999 0.416015625 0.667809375 0.3798828125 0.6878984375 0.349609375 0.700146875 0.3330078125 0.711415625 0.3212890625 0.7329734375 0.349609375 0.730525 0.375 0.7153359375 0.408203125 0.7035765625 0.3779296875 0.725625 0.3349609375 0.7471828125 0.3623046875 0.7447328125 0.3876953125 0.73689375 0.4208984375 0.7266046875 0.466796875 0.7138656250000001 0.484375 0.7138656250000001 0.5126953125 0.702596875 0.5078125 0.6883874999999999
13 0.64453125 0.67075 0.6123046875 0.667809375 0.5888671875 0.665359375 0.5537109375 0.6692796875 0.5400390625 0.679078125 0.54296875 0.6898578125 0.5283203125 0.70210625 0.53515625 0.7177859375 0.5556640625 0.7202359375 0.5791015625 0.7217046875 0.6142578125 0.7153359375 0.63671875 0.7128859375000001 0.6650390625 0.7138656250000001 0.693359375 0.716315625 0.724609375 0.7153359375 0.7373046875 0.6957375 0.71875 0.6918171875 0.693359375 0.6859375 0.6708984375 0.6780984375 0.64453125 0.67075
12 0.4697265625 0.6550703125 0.474609375 0.6438015625 0.46484375 0.6256734374999999 0.4560546875 0.6144046875 0.4267578125 0.624203125 0.388671875 0.6286140625 0.3623046875 0.6310625 0.333984375 0.6423328125000001 0.3017578125 0.6487015625 0.283203125 0.6501718750000001 0.2578125 0.663890625 0.28125 0.6687890624999999 0.31640625 0.6643796875 0.3505859375 0.6643796875 0.3828125 0.6629109375 0.4140625 0.6560515625 0.447265625 0.658990625 0.4697265625 0.6550703125
11 0.40625 0.624203125 0.43359375 0.6193046875 0.4521484375 0.6212640625 0.4599609375 0.6001953125 0.4560546875 0.5889265625 0.4140625 0.5850078125 0.3681640625 0.5899062500000001 0.349609375 0.59235625 0.326171875 0.6001953125 0.3037109375 0.601665625 0.2763671875 0.6075453125 0.248046875 0.6144046875 0.25 0.6286140625 0.283203125 0.6256734374999999 0.3046875 0.62224375 0.3349609375 0.62224375 0.359375 0.6207734375 0.3828125 0.62224375 0.40625 0.624203125
10 0.388671875 0.5938265625 0.41796875 0.5874578125000001 0.439453125 0.5825578124999999 0.458984375 0.5668796875 0.458984375 0.555609375 0.423828125 0.5526703125 0.388671875 0.5541406249999999 0.3525390625 0.555609375 0.3134765625 0.5595296875 0.279296875 0.5629593749999999 0.2509765625 0.5683484375 0.2041015625 0.5810875 0.2333984375 0.5864765625 0.2734375 0.5874578125000001 0.2919921875 0.5874578125000001 0.3173828125 0.5913765625 0.3447265625 0.5938265625 0.3701171875 0.5952968750000001 0.388671875 0.5938265625
9 0.44921875 0.555609375 0.4560546875 0.54238125 0.447265625 0.5286625 0.408203125 0.5276828124999999 0.3857421875 0.5276828124999999 0.357421875 0.5262125 0.33203125 0.5252328125 0.3134765625 0.5252328125 0.279296875 0.5271921875000001 0.28125 0.54238125 0.3056640625 0.5502203125 0.3466796875 0.5546296875000001 0.3828125 0.555609375 0.408203125 0.5541406249999999 0.4306640625 0.556590625 0.44921875 0.555609375
8 0.4443359375 0.5183734375 0.4443359375 0.503184375 0.4130859375 0.5022046875 0.384765625 0.5007343750000001 0.3525390625 0.4997546875 0.326171875 0.5007343750000001 0.298828125 0.4977953125 0.2626953125 0.4997546875 0.2880859375 0.51249375 0.326171875 0.51739375 0.349609375 0.5159234374999999 0.3759765625 0.52229375 0.4130859375 0.5286625 0.439453125 0.528171875 0.4443359375 0.5183734375
7 0.431640625 0.505634375 0.451171875 0.5007343750000001 0.44921875 0.4904453125 0.44921875 0.48015625 0.4130859375 0.48015625 0.3798828125 0.48113593750000005 0.3525390625 0.4767265625 0.333984375 0.4762375 0.30078125 0.4747671875 0.2919921875 0.4879953125 0.3134765625 0.491425 0.333984375 0.4948546875 0.3701171875 0.5007343750000001 0.3876953125 0.503184375 0.408203125 0.5022046875 0.431640625 0.505634375
6 0.451171875 0.4683984375 0.45703125 0.4561484375 0.4384765625 0.45075937499999996 0.3974609375 0.4517390625 0.3720703125 0.45222968750000003 0.34765625 0.45222968750000003 0.3203125 0.45369843750000005 0.2734375 0.45222968750000003 0.28515625 0.4630078125 0.3271484375 0.4674171875 0.3623046875 0.4723171875 0.390625 0.4767265625 0.41796875 0.4767265625 0.44140625 0.480646875 0.451171875 0.4683984375
5 0.419921875 0.4517390625 0.4619140625 0.4546796875 0.46875 0.439490625 0.46875 0.4292015625 0.4462890625 0.41891249999999997 0.4111328125 0.4164625 0.3720703125 0.41548281249999997 0.3505859375 0.41548281249999997 0.3193359375 0.4140125 0.291015625 0.4164625 0.2666015625 0.4174421875 0.2666015625 0.43802031250000006 0.291015625 0.43655 0.3203125 0.43753125 0.3544921875 0.441940625 0.3759765625 0.4473296875 0.3974609375 0.4492890625 0.419921875 0.4517390625
4 0.4716796875 0.41548281249999997 0.4716796875 0.3968640625 0.4443359375 0.388534375 0.3935546875 0.3860859375 0.3623046875 0.387065625 0.330078125 0.38804531249999996 0.3037109375 0.384125 0.2890625 0.395884375 0.31640625 0.4056828125 0.357421875 0.4125421875 0.3779296875 0.4140125 0.416015625 0.4179328125 0.45703125 0.42675156249999996 0.4716796875 0.41548281249999997
3 0.46484375 0.393434375 0.4814453125 0.3767765625 0.4892578125 0.3674671875 0.494140625 0.3561984375 0.466796875 0.35031875 0.4384765625 0.347378125 0.41015625 0.34492968749999997 0.380859375 0.341009375 0.291015625 0.347378125 0.3154296875 0.3586484375 0.35546875 0.37138593750000004 0.3779296875 0.373346875 0.3984375 0.37922656250000003 0.4189453125 0.384125 0.46484375 0.393434375
2 0.6064453125 0.718765625 0.58203125 0.71680625 0.5615234375 0.725625 0.552734375 0.7378734375 0.5654296875 0.7535515625 0.5654296875 0.77168125 0.599609375 0.7775593749999999 0.626953125 0.7677609375000001 0.6533203125 0.7584515625 0.6806640625 0.751103125 0.701171875 0.7457125 0.736328125 0.73689375 0.75 0.725134375 0.7001953125 0.7177859375 0.6552734375 0.71680625 0.6279296875 0.7177859375 0.6064453125 0.718765625
0 0.466796875 0.3307203125 0.4892578125 0.329740625 0.5078125 0.3189609375 0.5224609375 0.3081828125 0.5458984375 0.2934828125 0.5361328125 0.283684375 0.517578125 0.27192500000000003 0.498046875 0.2640859375 0.4765625 0.2552671875 0.4462890625 0.2439984375 0.43359375 0.2346890625 0.4130859375 0.226359375 0.3857421875 0.226359375 0.400390625 0.24105781249999997 0.365234375 0.24889687500000002 0.3857421875 0.26310625 0.3935546875 0.28123437500000004 0.416015625 0.2915234375 0.4287109375 0.3067125 0.439453125 0.32043125 0.466796875 0.3307203125
28 0.5146484375 0.277315625 0.548828125 0.272415625 0.5654296875 0.2621265625 0.576171875 0.25134687499999997 0.5947265625 0.237628125 0.591796875 0.223909375 0.5634765625 0.21949999999999997 0.5439453125 0.21215156249999997 0.52734375 0.2018625 0.5029296875 0.1930421875 0.4775390625 0.1861828125 0.4462890625 0.1915734375 0.431640625 0.21313125 0.4443359375 0.22488906250000001 0.4541015625 0.236159375 0.4716796875 0.24693749999999998 0.482421875 0.2577171875 0.4951171875 0.2709453125 0.5146484375 0.277315625
30 0.6171875 0.4404703125 0.5859375 0.4355703125 0.560546875 0.43263125 0.5380859375 0.43018124999999996 0.517578125 0.42675156249999996 0.494140625 0.43263125 0.4853515625 0.4453703125 0.4873046875 0.459578125 0.5146484375 0.4674171875 0.5458984375 0.4674171875 0.5791015625 0.4683984375 0.6318359375 0.47035781249999997 0.66015625 0.4747671875 0.703125 0.4747671875 0.7216796875 0.4610484375 0.69140625 0.45565937500000003 0.662109375 0.4492890625 0.642578125 0.44585937500000006 0.6171875 0.4404703125
29 0.5478515625 0.39882343750000004 0.52734375 0.3968640625 0.498046875 0.3998046875 0.5 0.41107343749999997 0.5107421875 0.43459062499999995 0.53515625 0.44292031249999997 0.5654296875 0.4404703125 0.5869140625 0.43459062499999995 0.611328125 0.42675156249999996 0.640625 0.4198921875 0.66796875 0.41499218750000005 0.67578125 0.400784375 0.6328125 0.40372343749999995 0.6025390625 0.4061734375 0.5712890625 0.403234375 0.5478515625 0.39882343750000004
23 0.56640625 0.3615875 0.5458984375 0.3615875 0.525390625 0.3674671875 0.5146484375 0.3767765625 0.5205078125 0.39735468749999997 0.5478515625 0.4061734375 0.5693359375 0.4061734375 0.59375 0.402253125 0.615234375 0.3998046875 0.63671875 0.3968640625 0.6787109375 0.3904953125 0.6826171875 0.37285625 0.6552734375 0.3718765625 0.6298828125 0.36795625 0.599609375 0.36550781250000003 0.56640625 0.3615875
25 0.6171875 0.26800625 0.5859375 0.2640859375 0.56640625 0.269475 0.5537109375 0.2876046875 0.5517578125 0.31161249999999996 0.56640625 0.3219015625 0.5869140625 0.3233703125 0.609375 0.3243515625 0.64453125 0.3189609375 0.6708984375 0.3140625 0.703125 0.3101421875 0.728515625 0.29544375 0.7158203125 0.283684375 0.6962890625 0.2797640625 0.6630859375 0.276825 0.6171875 0.26800625
26 0.642578125 0.222440625 0.6123046875 0.21705000000000002 0.599609375 0.23517812500000002 0.5888671875 0.2493875 0.5888671875 0.26310625 0.607421875 0.2670265625 0.64453125 0.27045625 0.666015625 0.26849531249999997 0.6953125 0.26849531249999997 0.7294921875 0.2670265625 0.74609375 0.2459578125 0.71875 0.24105781249999997 0.693359375 0.23517812500000002 0.6630859375 0.22587031249999998 0.642578125 0.222440625