26 0.21068125000000001 0.3701171875 0.21313125 0.3935546875 0.22733906250000002 0.40625 0.23909843749999998 0.4111328125 0.25918593749999996 0.4130859375 0.26065625 0.380859375 0.26310625 0.3310546875 0.26065625 0.2880859375 0.25918593749999996 0.2509765625 0.244978125 0.25 0.23370937500000002 0.283203125 0.22587031249999998 0.3173828125 0.2185203125 0.3427734375 0.21068125000000001 0.3701171875
30 0.43165156250000003 0.4013671875 0.42773125 0.4267578125 0.42626093750000005 0.4541015625 0.4218515625 0.4814453125 0.42381250000000004 0.5 0.43802031250000006 0.5126953125 0.45369843750000005 0.4951171875 0.45761874999999996 0.4619140625 0.4610484375 0.43359375 0.46006875 0.4052734375 0.46202812499999996 0.3759765625 0.46496875 0.349609375 0.4659484375 0.3095703125 0.448309375 0.30078125 0.44292031249999997 0.3193359375 0.439490625 0.3447265625 0.43459062499999995 0.3681640625 0.43165156250000003 0.4013671875
29 0.390984375 0.3984375 0.3919640625 0.4267578125 0.387065625 0.4716796875 0.39882343750000004 0.5 0.41891249999999997 0.4951171875 0.4331203125 0.482421875 0.4355703125 0.451171875 0.42822187500000003 0.423828125 0.4243015625 0.3935546875 0.4164625 0.36328125 0.4125421875 0.341796875 0.4061734375 0.306640625 0.39735468749999997 0.2734375 0.387065625 0.2841796875 0.389515625 0.3173828125 0.390984375 0.3427734375 0.389515625 0.3759765625 0.390984375 0.3984375
23 0.3650171875 0.380859375 0.3586484375 0.4189453125 0.352278125 0.4462890625 0.35521875 0.47265625 0.3674671875 0.482421875 0.387065625 0.4921875 0.39294531250000003 0.4716796875 0.39735468749999997 0.44140625 0.395884375 0.4208984375 0.3949046875 0.3974609375 0.3944140625 0.375 0.3924546875 0.3447265625 0.3904953125 0.3212890625 0.388534375 0.2958984375 0.3718765625 0.279296875 0.37285625 0.3115234375 0.37040625 0.330078125 0.36893750000000003 0.35546875 0.3650171875 0.380859375
25 0.2616359375 0.384765625 0.25918593749999996 0.4130859375 0.2645765625 0.439453125 0.2797640625 0.44921875 0.292503125 0.451171875 0.3067125 0.4521484375 0.3145515625 0.4306640625 0.3125921875 0.400390625 0.3076921875 0.3779296875 0.3076921875 0.3466796875 0.3091625 0.322265625 0.30034375 0.2685546875 0.283684375 0.2607421875 0.28319375 0.291015625 0.274865625 0.322265625 0.26849531249999997 0.3447265625 0.2616359375 0.384765625
2 0.7202359375 0.3974609375 0.7217046875 0.4267578125 0.7354234374999999 0.451171875 0.7506125 0.4443359375 0.7672703125 0.44140625 0.77805 0.42578125 0.78295 0.3974609375 0.780009375 0.373046875 0.766290625 0.345703125 0.7506125 0.30078125 0.73934375 0.263671875 0.7217046875 0.2763671875 0.7226843749999999 0.3017578125 0.7212156249999999 0.3349609375 0.7212156249999999 0.373046875 0.7202359375 0.3974609375
0 0.32043125 0.5146484375 0.30867187500000004 0.48828125 0.2876046875 0.4560546875 0.2782953125 0.447265625 0.2660453125 0.484375 0.25918593749999996 0.505859375 0.2479171875 0.517578125 0.23860781250000002 0.5400390625 0.2346890625 0.56640625 0.22733906250000002 0.5869140625 0.237628125 0.6142578125 0.2542875 0.6240234375 0.2640859375 0.6044921875 0.28319375 0.5810546875 0.2934828125 0.5732421875 0.30377343749999997 0.560546875 0.3170015625 0.53515625 0.32043125 0.5146484375
28 0.2552671875 0.423828125 0.24252812499999998 0.408203125 0.2297890625 0.400390625 0.21558125 0.421875 0.20921093750000003 0.453125 0.198921875 0.490234375 0.18275312500000002 0.5283203125 0.1915734375 0.55859375 0.21068125000000001 0.56640625 0.23076875000000002 0.5556640625 0.24889687500000002 0.5146484375 0.2621265625 0.482421875 0.26800625 0.4638671875 0.2670265625 0.4384765625 0.2552671875 0.423828125
3 0.384615625 0.53125 0.3718765625 0.5185546875 0.3615875 0.509765625 0.34835937499999997 0.505859375 0.3395390625 0.52734375 0.338559375 0.5654296875 0.333659375 0.591796875 0.333659375 0.6201171875 0.32925 0.6494140625 0.327290625 0.673828125 0.343459375 0.6962890625 0.3537484375 0.6650390625 0.3630578125 0.634765625 0.36648749999999997 0.6142578125 0.37040625 0.591796875 0.379715625 0.5634765625 0.384615625 0.53125
4 0.40764374999999997 0.5634765625 0.41156249999999994 0.5361328125 0.39735468749999997 0.5224609375 0.3831453125 0.5234375 0.37775625 0.5478515625 0.381675 0.58203125 0.381675 0.611328125 0.375796875 0.6328125 0.3767765625 0.662109375 0.3718765625 0.685546875 0.388534375 0.6962890625 0.3924546875 0.6728515625 0.39735468749999997 0.650390625 0.39735468749999997 0.626953125 0.402253125 0.6044921875 0.404703125 0.583984375 0.40764374999999997 0.5634765625
5 0.437040625 0.5947265625 0.441940625 0.57421875 0.4453703125 0.55078125 0.441940625 0.53125 0.42773125 0.515625 0.41156249999999994 0.52734375 0.40764374999999997 0.57421875 0.4061734375 0.607421875 0.4061734375 0.642578125 0.4012734375 0.6708984375 0.3998046875 0.7119140625 0.4179328125 0.724609375 0.42136250000000003 0.7060546875 0.42675156249999996 0.68359375 0.4292015625 0.6630859375 0.43018124999999996 0.642578125 0.4341015625 0.615234375 0.437040625 0.5947265625
6 0.4610484375 0.5478515625 0.448309375 0.53515625 0.44439062500000004 0.5732421875 0.441940625 0.611328125 0.4404703125 0.634765625 0.4341015625 0.669921875 0.4341015625 0.69921875 0.44683906249999994 0.7158203125 0.44977968749999997 0.6708984375 0.45761874999999996 0.64453125 0.46251875 0.607421875 0.4688875 0.5869140625 0.4747671875 0.55078125 0.4610484375 0.5478515625
7 0.48162656249999997 0.548828125 0.4713375 0.5458984375 0.46986718749999995 0.5810546875 0.4659484375 0.6171875 0.46202812499999996 0.6376953125 0.4561484375 0.669921875 0.4561484375 0.6962890625 0.4747671875 0.7080078125 0.47868750000000004 0.6708984375 0.48750625000000003 0.6318359375 0.491425 0.607421875 0.49387499999999995 0.5888671875 0.4953453125 0.5634765625 0.48162656249999997 0.548828125
8 0.5022046875 0.55078125 0.491915625 0.556640625 0.4904453125 0.599609375 0.48750625000000003 0.6279296875 0.48309687500000004 0.6552734375 0.48015625 0.6884765625 0.48309687500000004 0.7138671875 0.5007343750000001 0.6953125 0.5046546875 0.66015625 0.5071046875 0.6376953125 0.510534375 0.607421875 0.5159234374999999 0.5888671875 0.5183734375 0.556640625 0.5022046875 0.55078125
9 0.54238125 0.5458984375 0.5271921875000001 0.541015625 0.5183734375 0.5634765625 0.516903125 0.5966796875 0.51494375 0.626953125 0.5134734375 0.6572265625 0.510534375 0.6904296875 0.5301328125 0.7041015625 0.5340515625 0.666015625 0.53993125 0.64453125 0.5438515625 0.6201171875 0.5467906250000001 0.591796875 0.5526703125 0.5634765625 0.54238125 0.5458984375
10 0.5781484375 0.5869140625 0.5756984375 0.548828125 0.558059375 0.541015625 0.5438515625 0.548828125 0.544340625 0.5810546875 0.5438515625 0.6171875 0.5414015625 0.642578125 0.540421875 0.6787109375 0.5438515625 0.7119140625 0.5438515625 0.7373046875 0.5737390625 0.736328125 0.5801078125 0.701171875 0.5810875 0.6806640625 0.5835375 0.6572265625 0.5820671875000001 0.634765625 0.5820671875000001 0.6142578125 0.5781484375 0.5869140625
11 0.615384375 0.560546875 0.6031359375 0.541015625 0.5884375000000001 0.5478515625 0.5786374999999999 0.5693359375 0.5801078125 0.591796875 0.5850078125 0.6220703125 0.5889265625 0.6533203125 0.59235625 0.6884765625 0.5952968750000001 0.7119140625 0.6050953125 0.7578125 0.6193046875 0.728515625 0.615384375 0.701171875 0.6144046875 0.6708984375 0.6139140624999999 0.6474609375 0.612934375 0.6201171875 0.612934375 0.5966796875 0.615384375 0.560546875
12 0.6531109374999999 0.5615234375 0.6501718750000001 0.533203125 0.6310625 0.5234375 0.618325 0.533203125 0.6075453125 0.5361328125 0.615384375 0.578125 0.62224375 0.5986328125 0.6310625 0.6318359375 0.6374328125 0.662109375 0.6398828125 0.6884765625 0.64723125 0.71875 0.665359375 0.720703125 0.658990625 0.69140625 0.6575203125 0.6650390625 0.6560515625 0.63671875 0.6550703125 0.615234375 0.6550703125 0.5888671875 0.6531109374999999 0.5615234375
14 0.7065171875 0.509765625 0.6883874999999999 0.5048828125 0.6741796875 0.5126953125 0.6629109375 0.5205078125 0.6462515625 0.54296875 0.651640625 0.5693359375 0.6629109375 0.5888671875 0.67466875 0.6044921875 0.6942671875 0.63671875 0.7035765625 0.66015625 0.7177859375 0.693359375 0.7403234375000001 0.703125 0.73199375 0.669921875 0.716315625 0.6396484375 0.7065171875 0.6044921875 0.727584375 0.625 0.73689375 0.6455078125 0.751103125 0.6552734375 0.7383640625 0.6201171875 0.730525 0.59375 0.7226843749999999 0.57421875 0.7153359375 0.5458984375 0.7065171875 0.509765625
15 0.7481625000000001 0.4384765625 0.72954375 0.4619140625 0.7202359375 0.4765625 0.708965625 0.482421875 0.700146875 0.5078125 0.711415625 0.53125 0.7212156249999999 0.55078125 0.73689375 0.5712890625 0.7535515625 0.5859375 0.7677609375000001 0.599609375 0.78295 0.611328125 0.7726609375 0.5791015625 0.755021875 0.5478515625 0.78295 0.5791015625 0.7971578125 0.578125 0.7927484375 0.55078125 0.78686875 0.525390625 0.77805 0.5029296875 0.7677609375000001 0.47265625 0.7613921875 0.4541015625 0.7481625000000001 0.4384765625
13 0.6717296875 0.3720703125 0.667809375 0.3984375 0.6643796875 0.4326171875 0.67075 0.4560546875 0.68201875 0.47265625 0.6932875000000001 0.4794921875 0.7050468750000001 0.4794921875 0.723175 0.4677734375 0.7266046875 0.43359375 0.725134375 0.3984375 0.7192546875 0.36328125 0.7177859375 0.330078125 0.7153359375 0.296875 0.709946875 0.2529296875 0.6947578125 0.25390625 0.6893671875 0.2880859375 0.68201875 0.314453125 0.6756484375 0.341796875 0.6717296875 0.3720703125
18 0.6001953125 0.4384765625 0.5987265625 0.4716796875 0.604115625 0.4951171875 0.615384375 0.5107421875 0.6369421875 0.517578125 0.6447812500000001 0.4794921875 0.6408625 0.4521484375 0.6325328125 0.4140625 0.6256734374999999 0.373046875 0.62224375 0.3505859375 0.6144046875 0.2919921875 0.601665625 0.306640625 0.601665625 0.3369140625 0.6026453125 0.3623046875 0.6031359375 0.400390625 0.6001953125 0.4384765625
19 0.5658984375 0.4189453125 0.565409375 0.4521484375 0.5707984374999999 0.4873046875 0.5781484375 0.505859375 0.592846875 0.5234375 0.606565625 0.5107421875 0.6080359375 0.4814453125 0.6075453125 0.44921875 0.6075453125 0.431640625 0.6050953125 0.390625 0.604115625 0.365234375 0.601665625 0.3369140625 0.5962765625 0.30078125 0.5796171875 0.2890625 0.5732484375 0.322265625 0.57226875 0.357421875 0.56736875 0.3876953125 0.5658984375 0.4189453125
20 0.5365015625 0.416015625 0.5335625 0.439453125 0.53748125 0.482421875 0.5438515625 0.521484375 0.5595296875 0.533203125 0.57471875 0.517578125 0.57716875 0.4873046875 0.57716875 0.4599609375 0.5732484375 0.4306640625 0.56981875 0.4013671875 0.5683484375 0.373046875 0.561 0.341796875 0.556590625 0.3193359375 0.53748125 0.296875 0.5360125 0.3369140625 0.5350312500000001 0.359375 0.5360125 0.3828125 0.5365015625 0.416015625
21 0.49926562499999994 0.451171875 0.496815625 0.4853515625 0.49387499999999995 0.533203125 0.51249375 0.54296875 0.5232734375 0.53125 0.537971875 0.52734375 0.54238125 0.5048828125 0.542871875 0.4814453125 0.53993125 0.4462890625 0.5365015625 0.40625 0.5365015625 0.3759765625 0.5350312500000001 0.333984375 0.5311125 0.3017578125 0.5095546875 0.3037109375 0.5041640625 0.333984375 0.5022046875 0.3720703125 0.5022046875 0.3984375 0.49926562499999994 0.451171875
22 0.457128125 0.4208984375 0.4561484375 0.443359375 0.45565937500000003 0.474609375 0.4566390625 0.5146484375 0.4723171875 0.53125 0.491425 0.5185546875 0.496815625 0.4892578125 0.49926562499999994 0.4697265625 0.49926562499999994 0.4267578125 0.49926562499999994 0.3828125 0.5007343750000001 0.359375 0.4958359375 0.3173828125 0.47525781250000004 0.2958984375 0.46202812499999996 0.3212890625 0.46251875 0.357421875 0.459578125 0.384765625 0.457128125 0.4208984375