2 0.2934828125 0.6396484375 0.2964234375 0.5966796875 0.299853125 0.57421875 0.2988734375 0.5478515625 0.292503125 0.52734375 0.27192500000000003 0.5205078125 0.26065625 0.533203125 0.2528171875 0.5634765625 0.25918593749999996 0.5869140625 0.26310625 0.640625 0.2640859375 0.6728515625 0.2577171875 0.71875 0.2645765625 0.7490234375 0.2797640625 0.7314453125 0.286134375 0.7060546875 0.28907343750000003 0.673828125 0.2934828125 0.6396484375
13 0.345909375 0.560546875 0.3488484375 0.5283203125 0.3488484375 0.509765625 0.3400296875 0.4892578125 0.3307203125 0.482421875 0.3125921875 0.484375 0.3018125 0.509765625 0.29789374999999996 0.53125 0.299853125 0.560546875 0.30377343749999997 0.5966796875 0.30279218750000003 0.6171875 0.31161249999999996 0.658203125 0.3282703125 0.6962890625 0.33610937500000004 0.6572265625 0.3424796875 0.6298828125 0.34394843750000004 0.59375 0.345909375 0.560546875
31 0.25134687499999997 0.6328125 0.25134687499999997 0.6064453125 0.2567375 0.5859375 0.25575625 0.55859375 0.2439984375 0.55078125 0.22733906250000002 0.5556640625 0.21558125 0.5693359375 0.21362031250000002 0.599609375 0.21949999999999997 0.6298828125 0.22488906250000001 0.66015625 0.223909375 0.6884765625 0.22587031249999998 0.7236328125 0.2346890625 0.76171875 0.2439984375 0.7109375 0.24693749999999998 0.677734375 0.24889687500000002 0.6533203125 0.25134687499999997 0.6328125
17 0.3806953125 0.5556640625 0.384125 0.5146484375 0.3718765625 0.490234375 0.35766718750000004 0.482421875 0.34835937499999997 0.4892578125 0.34492968749999997 0.5146484375 0.34492968749999997 0.5439453125 0.345909375 0.5654296875 0.3488484375 0.6015625 0.35031875 0.6240234375 0.35766718750000004 0.669921875 0.3718765625 0.6630859375 0.37138593750000004 0.63671875 0.37432656249999996 0.611328125 0.375796875 0.578125 0.3806953125 0.5556640625
19 0.42283125000000005 0.5400390625 0.42381250000000004 0.509765625 0.420871875 0.4755859375 0.4061734375 0.458984375 0.393434375 0.4775390625 0.389515625 0.5048828125 0.389515625 0.533203125 0.3944140625 0.5634765625 0.3968640625 0.58984375 0.400784375 0.6318359375 0.409603125 0.6708984375 0.42136250000000003 0.6494140625 0.42136250000000003 0.626953125 0.42136250000000003 0.5966796875 0.4218515625 0.568359375 0.42283125000000005 0.5400390625
20 0.4561484375 0.5234375 0.448309375 0.4775390625 0.43263125 0.4716796875 0.42528125 0.5 0.42773125 0.533203125 0.4331203125 0.5654296875 0.43655 0.607421875 0.4404703125 0.64453125 0.45565937500000003 0.662109375 0.45320937499999997 0.625 0.45222968750000003 0.583984375 0.4546796875 0.5537109375 0.4561484375 0.5234375
30 0.571778125 0.5185546875 0.56981875 0.4892578125 0.5546296875000001 0.466796875 0.5414015625 0.4873046875 0.5360125 0.5185546875 0.5389515625 0.5693359375 0.540421875 0.607421875 0.5360125 0.6572265625 0.5502203125 0.6552734375 0.5526703125 0.619140625 0.5619796874999999 0.5888671875 0.5668796875 0.5556640625 0.571778125 0.5185546875
23 0.6369421875 0.53125 0.6359625 0.509765625 0.6286140625 0.484375 0.6144046875 0.4853515625 0.592846875 0.5029296875 0.5962765625 0.53125 0.6099953124999999 0.5712890625 0.6158750000000001 0.6201171875 0.6168546874999999 0.6455078125 0.6232234375 0.677734375 0.6349828125 0.6630859375 0.6335124999999999 0.6240234375 0.6359625 0.5947265625 0.6369421875 0.5654296875 0.6369421875 0.53125
26 0.73689375 0.556640625 0.7378734375 0.5234375 0.728075 0.509765625 0.711415625 0.501953125 0.6947578125 0.509765625 0.6874078124999999 0.5361328125 0.6898578125 0.56640625 0.6947578125 0.5986328125 0.6972078125000001 0.626953125 0.70455625 0.66015625 0.711415625 0.6904296875 0.73199375 0.6953125 0.7339546875 0.669921875 0.7339546875 0.6298828125 0.7354234374999999 0.59375 0.73689375 0.556640625
27 0.766290625 0.5234375 0.7506125 0.517578125 0.7408140624999999 0.5361328125 0.7432624999999999 0.576171875 0.7447328125 0.609375 0.7520828125000001 0.642578125 0.7584515625 0.666015625 0.7741296875 0.6650390625 0.7741296875 0.6240234375 0.7741296875 0.583984375 0.7687406250000001 0.548828125 0.766290625 0.5234375
6 0.5208234375 0.4462890625 0.540421875 0.4580078125 0.5531609375000001 0.447265625 0.5482609375 0.41015625 0.5507109375 0.3798828125 0.551690625 0.3505859375 0.5526703125 0.33203125 0.5531609375000001 0.306640625 0.54238125 0.296875 0.5365015625 0.330078125 0.5301328125 0.349609375 0.5276828124999999 0.380859375 0.5237625 0.4013671875 0.5232734375 0.4267578125 0.5208234375 0.4462890625
7 0.510534375 0.44140625 0.5208234375 0.4287109375 0.5164140625 0.3779296875 0.5159234374999999 0.3349609375 0.5159234374999999 0.3115234375 0.5007343750000001 0.30859375 0.498284375 0.33203125 0.4977953125 0.359375 0.49436562500000003 0.3779296875 0.49436562500000003 0.4052734375 0.49436562500000003 0.4287109375 0.510534375 0.44140625
8 0.4791765625 0.439453125 0.491915625 0.44140625 0.49436562500000003 0.40625 0.4879953125 0.380859375 0.485546875 0.3505859375 0.48505624999999997 0.32421875 0.4688875 0.3115234375 0.4674171875 0.3369140625 0.46496875 0.3603515625 0.46251875 0.3798828125 0.4639875 0.400390625 0.46986718749999995 0.4287109375 0.4791765625 0.439453125
9 0.4409609375 0.4443359375 0.45369843750000005 0.451171875 0.4659484375 0.4560546875 0.4688875 0.4345703125 0.4659484375 0.400390625 0.4634984375 0.3681640625 0.45761874999999996 0.33984375 0.44977968749999997 0.3017578125 0.4331203125 0.3017578125 0.43459062499999995 0.33203125 0.43655 0.3525390625 0.43899999999999995 0.375 0.43655 0.400390625 0.439490625 0.421875 0.4409609375 0.4443359375
10 0.41107343749999997 0.45703125 0.42822187500000003 0.4599609375 0.43802031250000006 0.4423828125 0.43899999999999995 0.3955078125 0.4331203125 0.365234375 0.4243015625 0.333984375 0.4179328125 0.306640625 0.41009375 0.2705078125 0.3968640625 0.28125 0.3968640625 0.3115234375 0.39882343750000004 0.341796875 0.4012734375 0.373046875 0.40372343749999995 0.4013671875 0.40715312499999995 0.431640625 0.41107343749999997 0.45703125
11 0.37285625 0.4697265625 0.3855953125 0.4775390625 0.3968640625 0.4716796875 0.40715312499999995 0.4638671875 0.403234375 0.431640625 0.398334375 0.400390625 0.393434375 0.365234375 0.390984375 0.3369140625 0.387065625 0.3134765625 0.36795625 0.28125 0.3601171875 0.3017578125 0.36795625 0.33203125 0.37040625 0.3603515625 0.37040625 0.390625 0.36795625 0.416015625 0.3694265625 0.44140625 0.37285625 0.4697265625
12 0.354728125 0.4814453125 0.37138593750000004 0.470703125 0.373346875 0.4111328125 0.3694265625 0.3857421875 0.3650171875 0.3466796875 0.35521875 0.3095703125 0.33610937500000004 0.30078125 0.341009375 0.337890625 0.341009375 0.375 0.3370890625 0.4033203125 0.33610937500000004 0.4345703125 0.3356203125 0.46484375 0.354728125 0.4814453125
15 0.291034375 0.443359375 0.2988734375 0.4130859375 0.28319375 0.3759765625 0.27339531250000004 0.3681640625 0.25918593749999996 0.3505859375 0.2234203125 0.390625 0.23860781250000002 0.41796875 0.24301875 0.4384765625 0.2542875 0.4560546875 0.2670265625 0.447265625 0.278784375 0.44140625 0.291034375 0.443359375
16 0.24693749999999998 0.5458984375 0.25967656250000004 0.5263671875 0.2758453125 0.509765625 0.2660453125 0.4794921875 0.2567375 0.4599609375 0.24105781249999997 0.431640625 0.22733906250000002 0.408203125 0.2003921875 0.4013671875 0.1930421875 0.421875 0.20431093749999998 0.45703125 0.2097015625 0.484375 0.21558125 0.517578125 0.22195 0.5439453125 0.2322390625 0.5537109375 0.24693749999999998 0.5458984375
5 0.5683484375 0.4443359375 0.5820671875000001 0.42578125 0.5874578125000001 0.40625 0.5899062500000001 0.3798828125 0.5889265625 0.34765625 0.5874578125000001 0.314453125 0.56736875 0.2939453125 0.565409375 0.3271484375 0.561 0.349609375 0.558059375 0.3798828125 0.5546296875000001 0.40625 0.5546296875000001 0.43359375 0.5683484375 0.4443359375
4 0.5903968749999999 0.46875 0.6031359375 0.474609375 0.6139140624999999 0.474609375 0.624203125 0.466796875 0.6232234375 0.4306640625 0.6193046875 0.400390625 0.6193046875 0.375 0.6217546875 0.341796875 0.624203125 0.314453125 0.609015625 0.314453125 0.6011765625 0.33984375 0.6011765625 0.3681640625 0.5962765625 0.388671875 0.592846875 0.4267578125 0.5884375000000001 0.4462890625 0.5903968749999999 0.46875
3 0.6374328125 0.490234375 0.647721875 0.474609375 0.654090625 0.451171875 0.651640625 0.4189453125 0.6501718750000001 0.390625 0.64968125 0.3623046875 0.6462515625 0.330078125 0.6447812500000001 0.2939453125 0.6305734375000001 0.3037109375 0.6256734374999999 0.33984375 0.62224375 0.384765625 0.6207734375 0.4130859375 0.6193046875 0.44140625 0.6173437500000001 0.46875 0.6374328125 0.490234375
0 0.6575203125 0.47265625 0.67075 0.49609375 0.6893671875 0.5048828125 0.6986765625 0.517578125 0.7123953125 0.5078125 0.716315625 0.4794921875 0.7177859375 0.4462890625 0.7192546875 0.4267578125 0.725134375 0.40625 0.7334640625 0.3759765625 0.7383640625 0.333984375 0.7109265625 0.3193359375 0.6986765625 0.34765625 0.68446875 0.365234375 0.67466875 0.388671875 0.670259375 0.4287109375 0.663890625 0.4443359375 0.6575203125 0.47265625
21 0.48015625 0.458984375 0.4546796875 0.455078125 0.45125000000000004 0.498046875 0.4566390625 0.5439453125 0.46006875 0.642578125 0.47819687499999997 0.6689453125 0.48015625 0.607421875 0.48603593749999996 0.5185546875 0.48603593749999996 0.4775390625 0.48015625 0.458984375