2 0.2988734375 0.4521484375 0.299853125 0.42578125 0.2964234375 0.4033203125 0.2934828125 0.3603515625 0.28907343750000003 0.326171875 0.286134375 0.2939453125 0.2797640625 0.2685546875 0.2645765625 0.2509765625 0.2577171875 0.28125 0.2640859375 0.3271484375 0.26310625 0.359375 0.25918593749999996 0.4130859375 0.2528171875 0.4365234375 0.26065625 0.466796875 0.27192500000000003 0.4794921875 0.292503125 0.47265625 0.2988734375 0.4521484375
13 0.3400296875 0.5107421875 0.3488484375 0.490234375 0.3488484375 0.4716796875 0.345909375 0.439453125 0.34394843750000004 0.40625 0.3424796875 0.3701171875 0.33610937500000004 0.3427734375 0.3282703125 0.3037109375 0.31161249999999996 0.341796875 0.30279218750000003 0.3828125 0.30377343749999997 0.4033203125 0.299853125 0.439453125 0.29789374999999996 0.46875 0.3018125 0.490234375 0.3125921875 0.515625 0.3307203125 0.517578125 0.3400296875 0.5107421875
31 0.25575625 0.44140625 0.2567375 0.4140625 0.25134687499999997 0.3935546875 0.25134687499999997 0.3671875 0.24889687500000002 0.3466796875 0.24693749999999998 0.322265625 0.2439984375 0.2890625 0.2346890625 0.23828125 0.22587031249999998 0.2763671875 0.223909375 0.3115234375 0.22488906250000001 0.33984375 0.21949999999999997 0.3701171875 0.21362031250000002 0.400390625 0.21558125 0.4306640625 0.22733906250000002 0.4443359375 0.2439984375 0.44921875 0.25575625 0.44140625
17 0.3718765625 0.509765625 0.384125 0.4853515625 0.3806953125 0.4443359375 0.375796875 0.421875 0.37432656249999996 0.388671875 0.37138593750000004 0.36328125 0.3718765625 0.3369140625 0.35766718750000004 0.330078125 0.35031875 0.3759765625 0.3488484375 0.3984375 0.345909375 0.4345703125 0.34492968749999997 0.4560546875 0.34492968749999997 0.4853515625 0.34835937499999997 0.5107421875 0.35766718750000004 0.517578125 0.3718765625 0.509765625
19 0.420871875 0.5244140625 0.42381250000000004 0.490234375 0.42283125000000005 0.4599609375 0.4218515625 0.431640625 0.42136250000000003 0.4033203125 0.42136250000000003 0.373046875 0.42136250000000003 0.3505859375 0.409603125 0.3291015625 0.400784375 0.3681640625 0.3968640625 0.41015625 0.3944140625 0.4365234375 0.389515625 0.466796875 0.389515625 0.4951171875 0.393434375 0.5224609375 0.4061734375 0.541015625 0.420871875 0.5244140625
20 0.4546796875 0.4462890625 0.45222968750000003 0.416015625 0.45320937499999997 0.375 0.45565937500000003 0.337890625 0.4404703125 0.35546875 0.43655 0.392578125 0.4331203125 0.4345703125 0.42773125 0.466796875 0.42528125 0.5 0.43263125 0.5283203125 0.448309375 0.5224609375 0.4561484375 0.4765625 0.4546796875 0.4462890625
30 0.5668796875 0.4443359375 0.5619796874999999 0.4111328125 0.5526703125 0.380859375 0.5502203125 0.3447265625 0.5360125 0.3427734375 0.540421875 0.392578125 0.5389515625 0.4306640625 0.5360125 0.4814453125 0.5414015625 0.5126953125 0.5546296875000001 0.533203125 0.56981875 0.5107421875 0.571778125 0.4814453125 0.5668796875 0.4443359375
23 0.6359625 0.490234375 0.6369421875 0.46875 0.6369421875 0.4345703125 0.6359625 0.4052734375 0.6335124999999999 0.3759765625 0.6349828125 0.3369140625 0.6232234375 0.322265625 0.6168546874999999 0.3544921875 0.6158750000000001 0.3798828125 0.6099953124999999 0.4287109375 0.5962765625 0.46875 0.592846875 0.4970703125 0.6144046875 0.5146484375 0.6286140625 0.515625 0.6359625 0.490234375
26 0.728075 0.490234375 0.7378734375 0.4765625 0.73689375 0.443359375 0.7354234374999999 0.40625 0.7339546875 0.3701171875 0.7339546875 0.330078125 0.73199375 0.3046875 0.711415625 0.3095703125 0.70455625 0.33984375 0.6972078125000001 0.373046875 0.6947578125 0.4013671875 0.6898578125 0.43359375 0.6874078124999999 0.4638671875 0.6947578125 0.490234375 0.711415625 0.498046875 0.728075 0.490234375
27 0.7741296875 0.416015625 0.7741296875 0.3759765625 0.7741296875 0.3349609375 0.7584515625 0.333984375 0.7520828125000001 0.357421875 0.7447328125 0.390625 0.7432624999999999 0.423828125 0.7408140624999999 0.4638671875 0.7506125 0.482421875 0.766290625 0.4765625 0.7687406250000001 0.451171875 0.7741296875 0.416015625
6 0.540421875 0.5419921875 0.5208234375 0.5537109375 0.5232734375 0.5732421875 0.5237625 0.5986328125 0.5276828124999999 0.619140625 0.5301328125 0.650390625 0.5365015625 0.669921875 0.54238125 0.703125 0.5531609375000001 0.693359375 0.5526703125 0.66796875 0.551690625 0.6494140625 0.5507109375 0.6201171875 0.5482609375 0.58984375 0.5531609375000001 0.552734375 0.540421875 0.5419921875
7 0.49436562500000003 0.5947265625 0.49436562500000003 0.6220703125 0.4977953125 0.640625 0.498284375 0.66796875 0.5007343750000001 0.69140625 0.5159234374999999 0.6884765625 0.5159234374999999 0.6650390625 0.5164140625 0.6220703125 0.5208234375 0.5712890625 0.510534375 0.55859375 0.49436562500000003 0.5712890625 0.49436562500000003 0.5947265625
8 0.46986718749999995 0.5712890625 0.4639875 0.599609375 0.46251875 0.6201171875 0.46496875 0.6396484375 0.4674171875 0.6630859375 0.4688875 0.6884765625 0.48505624999999997 0.67578125 0.485546875 0.6494140625 0.4879953125 0.619140625 0.49436562500000003 0.59375 0.491915625 0.55859375 0.4791765625 0.560546875 0.46986718749999995 0.5712890625
9 0.45369843750000005 0.548828125 0.4409609375 0.5556640625 0.439490625 0.578125 0.43655 0.599609375 0.43899999999999995 0.625 0.43655 0.6474609375 0.43459062499999995 0.66796875 0.4331203125 0.6982421875 0.44977968749999997 0.6982421875 0.45761874999999996 0.66015625 0.4634984375 0.6318359375 0.4659484375 0.599609375 0.4688875 0.5654296875 0.4659484375 0.5439453125 0.45369843750000005 0.548828125
10 0.42822187500000003 0.5400390625 0.41107343749999997 0.54296875 0.40715312499999995 0.568359375 0.40372343749999995 0.5986328125 0.4012734375 0.626953125 0.39882343750000004 0.658203125 0.3968640625 0.6884765625 0.3968640625 0.71875 0.41009375 0.7294921875 0.4179328125 0.693359375 0.4243015625 0.666015625 0.4331203125 0.634765625 0.43899999999999995 0.6044921875 0.43802031250000006 0.5576171875 0.42822187500000003 0.5400390625
11 0.40715312499999995 0.5361328125 0.3968640625 0.5283203125 0.3855953125 0.5224609375 0.37285625 0.5302734375 0.3694265625 0.55859375 0.36795625 0.583984375 0.37040625 0.609375 0.37040625 0.6396484375 0.36795625 0.66796875 0.3601171875 0.6982421875 0.36795625 0.71875 0.387065625 0.6865234375 0.390984375 0.6630859375 0.393434375 0.634765625 0.398334375 0.599609375 0.403234375 0.568359375 0.40715312499999995 0.5361328125
12 0.3356203125 0.53515625 0.33610937500000004 0.5654296875 0.3370890625 0.5966796875 0.341009375 0.625 0.341009375 0.662109375 0.33610937500000004 0.69921875 0.35521875 0.6904296875 0.3650171875 0.6533203125 0.3694265625 0.6142578125 0.373346875 0.5888671875 0.37138593750000004 0.529296875 0.354728125 0.5185546875 0.3356203125 0.53515625
15 0.2670265625 0.552734375 0.2542875 0.5439453125 0.24301875 0.5615234375 0.23860781250000002 0.58203125 0.2234203125 0.609375 0.25918593749999996 0.6494140625 0.27339531250000004 0.6318359375 0.28319375 0.6240234375 0.2988734375 0.5869140625 0.291034375 0.556640625 0.278784375 0.55859375 0.2670265625 0.552734375
16 0.25967656250000004 0.4736328125 0.24693749999999998 0.4541015625 0.2322390625 0.4462890625 0.22195 0.4560546875 0.21558125 0.482421875 0.2097015625 0.515625 0.20431093749999998 0.54296875 0.1930421875 0.578125 0.2003921875 0.5986328125 0.22733906250000002 0.591796875 0.24105781249999997 0.568359375 0.2567375 0.5400390625 0.2660453125 0.5205078125 0.2758453125 0.490234375 0.25967656250000004 0.4736328125
5 0.5546296875000001 0.56640625 0.5546296875000001 0.59375 0.558059375 0.6201171875 0.561 0.650390625 0.565409375 0.6728515625 0.56736875 0.7060546875 0.5874578125000001 0.685546875 0.5889265625 0.65234375 0.5899062500000001 0.6201171875 0.5874578125000001 0.59375 0.5820671875000001 0.57421875 0.5683484375 0.5556640625 0.5546296875000001 0.56640625
4 0.6139140624999999 0.525390625 0.6031359375 0.525390625 0.5903968749999999 0.53125 0.5884375000000001 0.5537109375 0.592846875 0.5732421875 0.5962765625 0.611328125 0.6011765625 0.6318359375 0.6011765625 0.66015625 0.609015625 0.685546875 0.624203125 0.685546875 0.6217546875 0.658203125 0.6193046875 0.625 0.6193046875 0.599609375 0.6232234375 0.5693359375 0.624203125 0.533203125 0.6139140624999999 0.525390625
3 0.647721875 0.525390625 0.6374328125 0.509765625 0.6173437500000001 0.53125 0.6193046875 0.55859375 0.6207734375 0.5869140625 0.62224375 0.615234375 0.6256734374999999 0.66015625 0.6305734375000001 0.6962890625 0.6447812500000001 0.7060546875 0.6462515625 0.669921875 0.64968125 0.6376953125 0.6501718750000001 0.609375 0.651640625 0.5810546875 0.654090625 0.548828125 0.647721875 0.525390625
0 0.7123953125 0.4921875 0.6986765625 0.482421875 0.6893671875 0.4951171875 0.67075 0.50390625 0.6575203125 0.52734375 0.663890625 0.5556640625 0.670259375 0.5712890625 0.67466875 0.611328125 0.68446875 0.634765625 0.6986765625 0.65234375 0.7109265625 0.6806640625 0.7383640625 0.666015625 0.7334640625 0.6240234375 0.725134375 0.59375 0.7192546875 0.5732421875 0.7177859375 0.5537109375 0.716315625 0.5205078125 0.7123953125 0.4921875
21 0.47819687499999997 0.3310546875 0.46006875 0.357421875 0.4566390625 0.4560546875 0.45125000000000004 0.501953125 0.4546796875 0.544921875 0.48015625 0.541015625 0.48603593749999996 0.5224609375 0.48603593749999996 0.4814453125 0.48015625 0.392578125 0.47819687499999997 0.3310546875