31 0.423828125 0.25134687499999997 0.4521484375 0.2479171875 0.474609375 0.236159375 0.4521484375 0.222440625 0.4560546875 0.2048015625 0.421875 0.20088124999999998 0.3798828125 0.21215156249999997 0.3291015625 0.222440625 0.2880859375 0.2209703125 0.2685546875 0.23370937500000002 0.3173828125 0.240078125 0.3466796875 0.244978125 0.384765625 0.24693749999999998 0.423828125 0.25134687499999997
30 0.490234375 0.5810875 0.533203125 0.5845171875 0.55859375 0.57716875 0.56640625 0.56345 0.5615234375 0.5507109375 0.53125 0.5477703125 0.501953125 0.549240625 0.4716796875 0.551690625 0.439453125 0.5507109375 0.4013671875 0.5507109375 0.3603515625 0.5502203125 0.33203125 0.5570796875 0.3779296875 0.5658984375 0.41796875 0.57226875 0.447265625 0.5761875 0.490234375 0.5810875
29 0.4716796875 0.6168546874999999 0.5107421875 0.6207734375 0.533203125 0.620284375 0.552734375 0.6075453125 0.5478515625 0.59235625 0.5234375 0.5850078125 0.4951171875 0.5845171875 0.466796875 0.5884375000000001 0.43359375 0.5874578125000001 0.388671875 0.5850078125 0.3447265625 0.5889265625 0.341796875 0.601665625 0.375 0.609015625 0.3984375 0.612934375 0.43359375 0.615384375 0.4716796875 0.6168546874999999
23 0.4599609375 0.6487015625 0.4873046875 0.651640625 0.5126953125 0.6550703125 0.533203125 0.652621875 0.54296875 0.6374328125 0.53515625 0.6256734374999999 0.5185546875 0.6158750000000001 0.4951171875 0.6178343749999999 0.4619140625 0.6217546875 0.4267578125 0.624203125 0.3935546875 0.6193046875 0.3623046875 0.6207734375 0.333984375 0.626653125 0.31640625 0.6398828125 0.3525390625 0.6413515624999999 0.3857421875 0.6452718749999999 0.4208984375 0.6452718749999999 0.4599609375 0.6487015625
24 0.439453125 0.6780984375 0.46875 0.68201875 0.4951171875 0.6859375 0.5185546875 0.6795687499999999 0.525390625 0.6687890624999999 0.52734375 0.6575203125 0.5048828125 0.6511515625000001 0.4775390625 0.651640625 0.44921875 0.652621875 0.42578125 0.651640625 0.3876953125 0.64968125 0.35546875 0.647721875 0.3291015625 0.651640625 0.3134765625 0.6624203125 0.3427734375 0.6687890624999999 0.3779296875 0.6717296875 0.4052734375 0.67466875 0.439453125 0.6780984375
25 0.2958984375 0.711415625 0.3291015625 0.716315625 0.36328125 0.718765625 0.3935546875 0.7217046875 0.4287109375 0.728075 0.4521484375 0.73199375 0.474609375 0.7329734375 0.4873046875 0.7192546875 0.4873046875 0.7084765625 0.5048828125 0.6962265624999999 0.4892578125 0.68446875 0.466796875 0.67711875 0.4384765625 0.6795687499999999 0.4189453125 0.6834890625 0.380859375 0.68201875 0.3427734375 0.6795687499999999 0.30859375 0.6810390625 0.2890625 0.6947578125 0.2958984375 0.711415625
26 0.390625 0.7702109375 0.423828125 0.7765796875000001 0.443359375 0.771190625 0.4619140625 0.763840625 0.4716796875 0.7535515625 0.4765625 0.73689375 0.4443359375 0.730525 0.41796875 0.7315046875 0.3857421875 0.730525 0.359375 0.7241546875 0.3134765625 0.7241546875 0.2880859375 0.7359140625 0.2919921875 0.751103125 0.326171875 0.75698125 0.357421875 0.7609015625 0.390625 0.7702109375
27 0.373046875 0.8045078125 0.4033203125 0.8108765625000001 0.4306640625 0.8069578125 0.4462890625 0.79666875 0.453125 0.78295 0.4267578125 0.7726609375 0.390625 0.77168125 0.3525390625 0.764821875 0.32421875 0.7653109375 0.2958984375 0.766290625 0.2880859375 0.77805 0.30859375 0.7902984375 0.337890625 0.7981374999999999 0.373046875 0.8045078125
28 0.4814453125 0.7560015625000001 0.4619140625 0.7653109375 0.46875 0.7775593749999999 0.4560546875 0.7888296875 0.447265625 0.8025484374999999 0.4794921875 0.809896875 0.5146484375 0.8094078124999999 0.5439453125 0.8094078124999999 0.5654296875 0.812346875 0.5947265625 0.8182265624999999 0.6171875 0.81185625 0.6123046875 0.8005875 0.6044921875 0.7902984375 0.578125 0.7814796875 0.55078125 0.7726609375 0.5283203125 0.7633515625 0.509765625 0.7560015625000001 0.4814453125 0.7560015625000001
0 0.607421875 0.73444375 0.5859375 0.7217046875 0.55859375 0.7079859374999999 0.5283203125 0.70210625 0.5146484375 0.7148453124999999 0.498046875 0.72954375 0.4814453125 0.7403234375000001 0.4853515625 0.7535515625 0.5078125 0.7609015625 0.533203125 0.7613921875 0.5615234375 0.763840625 0.5810546875 0.7760906249999999 0.6015625 0.78931875 0.6318359375 0.8005875 0.6220703125 0.780009375 0.611328125 0.7672703125 0.6025390625 0.755021875 0.64453125 0.7633515625 0.65234375 0.7775593749999999 0.673828125 0.7726609375 0.666015625 0.757471875 0.6455078125 0.7486531249999999 0.626953125 0.7422828124999999 0.607421875 0.73444375
1 0.650390625 0.6834890625 0.626953125 0.6687890624999999 0.5966796875 0.6580109375000001 0.5693359375 0.6511515625000001 0.5537109375 0.661440625 0.5302734375 0.6756484375 0.5224609375 0.6932875000000001 0.5380859375 0.7065171875 0.576171875 0.7128859375000001 0.6064453125 0.7226843749999999 0.6396484375 0.73199375 0.6650390625 0.7481625000000001 0.68359375 0.7589421875 0.6787109375 0.7354234374999999 0.658203125 0.7192546875 0.6396484375 0.7123953125 0.662109375 0.7050468750000001 0.6904296875 0.7148453124999999 0.716796875 0.723175 0.744140625 0.7217046875 0.728515625 0.7084765625 0.703125 0.6981875 0.67578125 0.6918171875 0.650390625 0.6834890625
2 0.416015625 0.29495312500000004 0.447265625 0.30377343749999997 0.4716796875 0.3052421875 0.4873046875 0.2915234375 0.4921875 0.274375 0.484375 0.2577171875 0.4560546875 0.24889687500000002 0.421875 0.25134687499999997 0.3779296875 0.2533078125 0.341796875 0.25036718750000003 0.296875 0.2454671875 0.2763671875 0.2640859375 0.298828125 0.28319375 0.3369140625 0.29005312499999997 0.3779296875 0.2915234375 0.416015625 0.29495312500000004
3 0.611328125 0.6310625 0.5771484375 0.63204375 0.56640625 0.6433125000000001 0.5625 0.652621875 0.58203125 0.663890625 0.6201171875 0.6692796875 0.65234375 0.6717296875 0.68359375 0.6756484375 0.708984375 0.6810390625 0.7412109375 0.6874078124999999 0.77734375 0.6937781249999999 0.767578125 0.6780984375 0.7421875 0.6692796875 0.7119140625 0.658990625 0.69140625 0.651640625 0.66015625 0.64723125 0.6328125 0.6374328125 0.611328125 0.6310625
4 0.626953125 0.5987265625 0.6015625 0.5938265625 0.5791015625 0.6031359375 0.5712890625 0.612934375 0.5810546875 0.6232234375 0.607421875 0.6286140625 0.650390625 0.6335124999999999 0.67578125 0.6359625 0.7041015625 0.6447812500000001 0.7333984375 0.651640625 0.76171875 0.6580109375000001 0.7919921875 0.6687890624999999 0.7822265625 0.652621875 0.75 0.6325328125 0.720703125 0.6281234375 0.6962890625 0.6217546875 0.669921875 0.6139140624999999 0.650390625 0.606565625 0.626953125 0.5987265625
5 0.611328125 0.5590390625 0.5810546875 0.5629593749999999 0.578125 0.5786374999999999 0.5791015625 0.592846875 0.619140625 0.5962765625 0.66015625 0.5987265625 0.69921875 0.604115625 0.7294921875 0.609015625 0.7626953125 0.6144046875 0.8046875 0.62224375 0.7998046875 0.6055859375 0.7744140625 0.59235625 0.74609375 0.5825578124999999 0.7109375 0.5737390625 0.6787109375 0.5683484375 0.6494140625 0.565409375 0.611328125 0.5590390625
6 0.5859375 0.5296421875 0.5791015625 0.542871875 0.583984375 0.558059375 0.6240234375 0.5590390625 0.658203125 0.5595296875 0.69140625 0.5629593749999999 0.728515625 0.56736875 0.7646484375 0.57226875 0.7578125 0.5570796875 0.7373046875 0.5502203125 0.708984375 0.5453203125 0.6708984375 0.540421875 0.6455078125 0.5335625 0.619140625 0.5301328125 0.5859375 0.5296421875
7 0.5966796875 0.5007343750000001 0.5947265625 0.5188640625 0.6044921875 0.5296421875 0.6494140625 0.5325828125000001 0.68359375 0.5360125 0.7138671875 0.5389515625 0.7490234375 0.544340625 0.779296875 0.5467906250000001 0.7568359375 0.5316015625 0.7373046875 0.5198437499999999 0.708984375 0.51494375 0.6806640625 0.5071046875 0.6552734375 0.503184375 0.6240234375 0.5002453124999999 0.5966796875 0.5007343750000001
8 0.5986328125 0.48309687500000004 0.599609375 0.496815625 0.6396484375 0.498284375 0.6728515625 0.498284375 0.7080078125 0.5022046875 0.7412109375 0.5071046875 0.76953125 0.51249375 0.7578125 0.49289531249999996 0.7158203125 0.48407656250000003 0.6884765625 0.48015625 0.66015625 0.4747671875 0.6318359375 0.46986718749999995 0.6025390625 0.4713375 0.5986328125 0.48309687500000004
9 0.5859375 0.4453703125 0.58984375 0.4610484375 0.6025390625 0.4723171875 0.640625 0.4688875 0.67578125 0.4639875 0.708984375 0.4674171875 0.744140625 0.4723171875 0.775390625 0.4747671875 0.802734375 0.46986718749999995 0.775390625 0.45565937500000003 0.74609375 0.44977968749999997 0.708984375 0.443409375 0.673828125 0.4409609375 0.650390625 0.441940625 0.6171875 0.4404703125 0.5859375 0.4453703125
10 0.5888671875 0.4125421875 0.576171875 0.42773125 0.5966796875 0.437040625 0.6298828125 0.4409609375 0.666015625 0.4453703125 0.7041015625 0.437040625 0.7314453125 0.4341015625 0.76171875 0.42626093750000005 0.79296875 0.4198921875 0.8134765625 0.4125421875 0.787109375 0.39735468749999997 0.7421875 0.393434375 0.7080078125 0.3944140625 0.67578125 0.3998046875 0.650390625 0.404703125 0.6201171875 0.40764374999999997 0.5888671875 0.4125421875
11 0.5732421875 0.3782453125 0.5712890625 0.3944140625 0.5869140625 0.40519375 0.6064453125 0.41107343749999997 0.640625 0.4012734375 0.669921875 0.393434375 0.7060546875 0.381675 0.7373046875 0.37530625 0.7646484375 0.3650171875 0.7880859375 0.35031875 0.810546875 0.3375796875 0.77734375 0.3395390625 0.7412109375 0.349828125 0.7119140625 0.3561984375 0.677734375 0.3601171875 0.6318359375 0.36795625 0.6015625 0.3694265625 0.5732421875 0.3782453125
12 0.578125 0.3419890625 0.55859375 0.354728125 0.55859375 0.3674671875 0.5693359375 0.37775625 0.59375 0.3782453125 0.619140625 0.37138593750000004 0.650390625 0.3586484375 0.6806640625 0.349828125 0.716796875 0.3356203125 0.744140625 0.3307203125 0.7705078125 0.32288125 0.7978515625 0.3101421875 0.775390625 0.306221875 0.7392578125 0.31161249999999996 0.7041015625 0.3189609375 0.666015625 0.32288125 0.634765625 0.329740625 0.6044921875 0.3356203125 0.578125 0.3419890625
14 0.6064453125 0.26849531249999997 0.5732421875 0.2782953125 0.5361328125 0.283684375 0.517578125 0.29495312500000004 0.5234375 0.3125921875 0.5302734375 0.327290625 0.55078125 0.338559375 0.57421875 0.349828125 0.6044921875 0.34394843750000004 0.6201171875 0.329740625 0.6474609375 0.31308125000000003 0.6728515625 0.30279218750000003 0.6982421875 0.2915234375 0.724609375 0.2807453125 0.75 0.26555625 0.736328125 0.2528171875 0.6962890625 0.27192500000000003 0.66796875 0.2846640625 0.634765625 0.2876046875 0.6494140625 0.2670265625 0.6806640625 0.25967656250000004 0.703125 0.2454671875 0.708984375 0.2297890625 0.6787109375 0.24154843750000002 0.65234375 0.24889687500000002 0.625 0.25820625 0.6064453125 0.26849531249999997
15 0.53125 0.22587031249999998 0.5 0.22880937499999998 0.4775390625 0.2439984375 0.494140625 0.2621265625 0.498046875 0.274375 0.515625 0.2846640625 0.5400390625 0.2934828125 0.568359375 0.2851546875 0.5966796875 0.27192500000000003 0.625 0.25967656250000004 0.6552734375 0.2464484375 0.6787109375 0.22831875 0.6904296875 0.2097015625 0.6494140625 0.2327296875 0.6123046875 0.236159375 0.634765625 0.2209703125 0.662109375 0.2072515625 0.662109375 0.18814375 0.625 0.20088124999999998 0.6025390625 0.21068125000000001 0.5732421875 0.222440625 0.53125 0.22587031249999998
16 0.4638671875 0.1866734375 0.44140625 0.2018625 0.45703125 0.21705000000000002 0.482421875 0.2209703125 0.501953125 0.2302796875 0.525390625 0.23517812500000002 0.55859375 0.22880937499999998 0.5712890625 0.2185203125 0.58203125 0.2003921875 0.5888671875 0.1817734375 0.59375 0.1660953125 0.5498046875 0.166584375 0.533203125 0.144046875 0.509765625 0.16070625 0.4873046875 0.17344375 0.4638671875 0.1866734375
17 0.4267578125 0.347378125 0.4599609375 0.3463984375 0.494140625 0.347378125 0.5205078125 0.3375796875 0.52734375 0.32533124999999996 0.5234375 0.3106328125 0.4951171875 0.306221875 0.4638671875 0.31308125000000003 0.4287109375 0.3170015625 0.388671875 0.32533124999999996 0.3466796875 0.3268 0.3173828125 0.338559375 0.30078125 0.3488484375 0.3291015625 0.35031875 0.36328125 0.35276874999999996 0.388671875 0.34835937499999997 0.4267578125 0.347378125
18 0.44140625 0.37775625 0.4794921875 0.379715625 0.5126953125 0.3782453125 0.533203125 0.3694265625 0.5400390625 0.3566875 0.5283203125 0.3444390625 0.505859375 0.33610937500000004 0.4794921875 0.341009375 0.44921875 0.349828125 0.4111328125 0.3537484375 0.3681640625 0.3591375 0.33203125 0.3601171875 0.306640625 0.37138593750000004 0.3427734375 0.37775625 0.3759765625 0.37775625 0.41015625 0.37775625 0.44140625 0.37775625
19 0.4599609375 0.41499218750000005 0.498046875 0.4140125 0.5302734375 0.41499218750000005 0.5537109375 0.4086234375 0.5634765625 0.3968640625 0.5615234375 0.382165625 0.54296875 0.37530625 0.5146484375 0.37285625 0.4873046875 0.3782453125 0.4560546875 0.382165625 0.41796875 0.389515625 0.373046875 0.3919640625 0.32421875 0.3919640625 0.330078125 0.40372343749999995 0.3603515625 0.41499218750000005 0.3857421875 0.4135234375 0.4267578125 0.41499218750000005 0.4599609375 0.41499218750000005
20 0.4814453125 0.448309375 0.515625 0.44977968749999997 0.5625 0.45271875 0.56640625 0.4409609375 0.5712890625 0.4292015625 0.5712890625 0.41499218750000005 0.5361328125 0.409603125 0.505859375 0.41499218750000005 0.4775390625 0.4198921875 0.439453125 0.4243015625 0.40625 0.42822187500000003 0.3681640625 0.430671875 0.36328125 0.4453703125 0.3974609375 0.4492890625 0.423828125 0.44977968749999997 0.4541015625 0.4492890625 0.4814453125 0.448309375
21 0.4794921875 0.49387499999999995 0.5205078125 0.49436562500000003 0.548828125 0.4958359375 0.5732421875 0.496815625 0.578125 0.48162656249999997 0.57421875 0.4634984375 0.5712890625 0.448309375 0.5380859375 0.4492890625 0.498046875 0.4546796875 0.4521484375 0.45761874999999996 0.41015625 0.45859843749999996 0.349609375 0.46496875 0.337890625 0.48407656250000003 0.3857421875 0.48407656250000003 0.4189453125 0.485546875 0.4462890625 0.491425 0.4794921875 0.49387499999999995
22 0.4794921875 0.544340625 0.509765625 0.5467906250000001 0.5478515625 0.549240625 0.57421875 0.542871875 0.58203125 0.5276828124999999 0.5791015625 0.51739375 0.5810546875 0.505634375 0.5712890625 0.49436562500000003 0.5458984375 0.4958359375 0.5185546875 0.501715625 0.4716796875 0.508575 0.4267578125 0.5110234375 0.3955078125 0.5110234375 0.3447265625 0.514453125 0.337890625 0.53748125 0.3681640625 0.537971875 0.4111328125 0.5389515625 0.44140625 0.53993125 0.4794921875 0.544340625