26 0.2621265625 0.6474609375 0.2782953125 0.6298828125 0.28319375 0.58203125 0.2822140625 0.53125 0.283684375 0.498046875 0.2846640625 0.4716796875 0.2782953125 0.447265625 0.2616359375 0.443359375 0.24693749999999998 0.458984375 0.236159375 0.4814453125 0.240078125 0.505859375 0.2464484375 0.5361328125 0.2518375 0.5615234375 0.2567375 0.5869140625 0.26065625 0.615234375 0.2621265625 0.6474609375
27 0.24889687500000002 0.6279296875 0.2464484375 0.58203125 0.2439984375 0.5439453125 0.24105781249999997 0.5078125 0.236159375 0.4794921875 0.222440625 0.4716796875 0.20921093750000003 0.4794921875 0.2028421875 0.505859375 0.2028421875 0.533203125 0.2097015625 0.560546875 0.2185203125 0.58984375 0.21999062500000002 0.615234375 0.22587031249999998 0.650390625 0.23909843749999998 0.658203125 0.24889687500000002 0.6279296875
25 0.292503125 0.576171875 0.291034375 0.6123046875 0.2915234375 0.65234375 0.3091625 0.6376953125 0.3194515625 0.6064453125 0.32533124999999996 0.56640625 0.32925 0.52734375 0.3356203125 0.4970703125 0.3375796875 0.46875 0.33464062499999997 0.44140625 0.32288125 0.423828125 0.3101421875 0.431640625 0.29544375 0.43359375 0.2846640625 0.44921875 0.2846640625 0.4765625 0.2876046875 0.5126953125 0.29495312500000004 0.5458984375 0.292503125 0.576171875
24 0.3356203125 0.619140625 0.3331703125 0.650390625 0.345909375 0.6474609375 0.352278125 0.607421875 0.354728125 0.568359375 0.3591375 0.533203125 0.3650171875 0.498046875 0.36550781250000003 0.47265625 0.361096875 0.4443359375 0.3488484375 0.4345703125 0.3331703125 0.4384765625 0.32533124999999996 0.4638671875 0.333659375 0.498046875 0.33464062499999997 0.5224609375 0.333659375 0.548828125 0.3370890625 0.58984375 0.3356203125 0.619140625
23 0.3650171875 0.59375 0.3640375 0.625 0.36550781250000003 0.66796875 0.375796875 0.650390625 0.379715625 0.6123046875 0.3806953125 0.576171875 0.3855953125 0.5361328125 0.389515625 0.5078125 0.3924546875 0.4775390625 0.3949046875 0.4560546875 0.3831453125 0.4345703125 0.37040625 0.4345703125 0.361096875 0.4443359375 0.3615875 0.4765625 0.3630578125 0.505859375 0.3630578125 0.5400390625 0.3650171875 0.5693359375 0.3650171875 0.59375
29 0.3949046875 0.662109375 0.3944140625 0.693359375 0.41156249999999994 0.67578125 0.4164625 0.6396484375 0.4198921875 0.6015625 0.42528125 0.5615234375 0.42773125 0.52734375 0.42822187500000003 0.4921875 0.43018124999999996 0.46484375 0.4179328125 0.447265625 0.404703125 0.439453125 0.393434375 0.4599609375 0.393434375 0.5 0.3949046875 0.5478515625 0.3944140625 0.5859375 0.3949046875 0.6298828125 0.3949046875 0.662109375
30 0.4292015625 0.6494140625 0.42773125 0.685546875 0.43899999999999995 0.6865234375 0.4473296875 0.65234375 0.4473296875 0.6201171875 0.45369843750000005 0.576171875 0.45369843750000005 0.541015625 0.4561484375 0.515625 0.46251875 0.490234375 0.4610484375 0.46484375 0.44977968749999997 0.4560546875 0.4341015625 0.458984375 0.4292015625 0.505859375 0.43018124999999996 0.5283203125 0.43018124999999996 0.57421875 0.42822187500000003 0.609375 0.4292015625 0.6494140625
31 0.7633515625 0.6455078125 0.766290625 0.6806640625 0.79176875 0.6708984375 0.78931875 0.63671875 0.7932390625 0.611328125 0.8010781250000001 0.58203125 0.8133265625 0.5634765625 0.817246875 0.53515625 0.8133265625 0.505859375 0.8010781250000001 0.4921875 0.78931875 0.4853515625 0.77315 0.5 0.7687406250000001 0.5244140625 0.763840625 0.55859375 0.7609015625 0.5810546875 0.7613921875 0.619140625 0.7633515625 0.6455078125
2 0.7241546875 0.662109375 0.7354234374999999 0.685546875 0.7496328125 0.666015625 0.751103125 0.6240234375 0.7545328125 0.58984375 0.7633515625 0.552734375 0.7687406250000001 0.517578125 0.766290625 0.4873046875 0.755021875 0.4716796875 0.7383640625 0.474609375 0.7241546875 0.47265625 0.7192546875 0.4951171875 0.7177859375 0.5302734375 0.7192546875 0.5615234375 0.7192546875 0.5986328125 0.7217046875 0.6318359375 0.7241546875 0.662109375
0 0.24252812499999998 0.359375 0.22587031249999998 0.333984375 0.21362031250000002 0.3134765625 0.1979421875 0.3115234375 0.185203125 0.3173828125 0.192553125 0.3466796875 0.1979421875 0.373046875 0.2028421875 0.3955078125 0.20921093750000003 0.4287109375 0.21459999999999999 0.447265625 0.2234203125 0.474609375 0.24105781249999997 0.4541015625 0.2533078125 0.4443359375 0.2645765625 0.4345703125 0.2645765625 0.40625 0.25575625 0.380859375 0.24252812499999998 0.359375
3 0.37775625 0.3603515625 0.375796875 0.333984375 0.37530625 0.30078125 0.37285625 0.263671875 0.36893750000000003 0.2353515625 0.361096875 0.1943359375 0.3463984375 0.203125 0.3463984375 0.2373046875 0.34492968749999997 0.263671875 0.34492968749999997 0.2958984375 0.343459375 0.3193359375 0.3419890625 0.3466796875 0.338559375 0.3759765625 0.3400296875 0.4033203125 0.349828125 0.4208984375 0.3625671875 0.4345703125 0.37775625 0.4208984375 0.37775625 0.3876953125 0.37775625 0.3603515625
4 0.4125421875 0.359375 0.41107343749999997 0.333984375 0.41009375 0.3046875 0.40715312499999995 0.271484375 0.404703125 0.2451171875 0.39882343750000004 0.212890625 0.387065625 0.197265625 0.389515625 0.2333984375 0.3904953125 0.255859375 0.3860859375 0.2890625 0.384615625 0.326171875 0.3806953125 0.3505859375 0.3782453125 0.3857421875 0.375796875 0.41796875 0.3860859375 0.42578125 0.4012734375 0.4287109375 0.41548281249999997 0.41796875 0.4164625 0.388671875 0.4125421875 0.359375
5 0.44585937500000006 0.3271484375 0.44292031249999997 0.2958984375 0.4404703125 0.2607421875 0.439490625 0.2275390625 0.43802031250000006 0.1953125 0.42283125000000005 0.1865234375 0.41891249999999997 0.216796875 0.4179328125 0.240234375 0.4174421875 0.283203125 0.4140125 0.31640625 0.4140125 0.359375 0.41107343749999997 0.41796875 0.42136250000000003 0.423828125 0.4341015625 0.43359375 0.44782031250000004 0.4208984375 0.44977968749999997 0.3828125 0.4473296875 0.349609375 0.44585937500000006 0.3271484375
6 0.4713375 0.3271484375 0.47035781249999997 0.298828125 0.4723171875 0.2685546875 0.46986718749999995 0.2431640625 0.46496875 0.2119140625 0.45369843750000005 0.2255859375 0.4546796875 0.255859375 0.45320937499999997 0.2841796875 0.45320937499999997 0.326171875 0.45369843750000005 0.349609375 0.44977968749999997 0.3935546875 0.44585937500000006 0.4267578125 0.4610484375 0.4287109375 0.4762375 0.431640625 0.4791765625 0.400390625 0.47525781250000004 0.3779296875 0.4728078125 0.349609375 0.4713375 0.3271484375
7 0.496815625 0.33203125 0.4977953125 0.3046875 0.496815625 0.2763671875 0.4958359375 0.24609375 0.49289531249999996 0.22265625 0.48162656249999997 0.2119140625 0.48015625 0.2431640625 0.48015625 0.2763671875 0.4791765625 0.30078125 0.47868750000000004 0.3349609375 0.4767265625 0.35546875 0.47525781250000004 0.3955078125 0.4747671875 0.42578125 0.48652656250000004 0.42578125 0.4977953125 0.41015625 0.496815625 0.380859375 0.496815625 0.3544921875 0.496815625 0.33203125
8 0.5208234375 0.3779296875 0.5198437499999999 0.3447265625 0.51739375 0.3134765625 0.516903125 0.283203125 0.5183734375 0.255859375 0.5183734375 0.220703125 0.5080843749999999 0.2021484375 0.5041640625 0.2294921875 0.5041640625 0.25390625 0.5041640625 0.28125 0.5022046875 0.3115234375 0.5022046875 0.3427734375 0.5007343750000001 0.36328125 0.501715625 0.3935546875 0.496815625 0.431640625 0.5071046875 0.4345703125 0.5247421875 0.42578125 0.5213125 0.3984375 0.5208234375 0.3779296875
9 0.551690625 0.4033203125 0.549240625 0.3759765625 0.5482609375 0.3427734375 0.5477703125 0.3134765625 0.544340625 0.2861328125 0.5438515625 0.248046875 0.542871875 0.216796875 0.5340515625 0.1796875 0.5296421875 0.2099609375 0.5276828124999999 0.24609375 0.5276828124999999 0.2734375 0.5271921875000001 0.3017578125 0.5271921875000001 0.3349609375 0.5247421875 0.3671875 0.5232734375 0.3984375 0.5183734375 0.44140625 0.5276828124999999 0.4462890625 0.5414015625 0.439453125 0.5531609375000001 0.431640625 0.551690625 0.4033203125
10 0.5864765625 0.3369140625 0.5859875 0.30859375 0.5835375 0.283203125 0.5810875 0.2509765625 0.57716875 0.2197265625 0.5732484375 0.197265625 0.560509375 0.2001953125 0.5595296875 0.240234375 0.558059375 0.2587890625 0.5546296875000001 0.2880859375 0.5531609375000001 0.3291015625 0.5526703125 0.3701171875 0.5526703125 0.3935546875 0.555609375 0.4306640625 0.57226875 0.44140625 0.5874578125000001 0.4306640625 0.5874578125000001 0.4013671875 0.5874578125000001 0.3701171875 0.5864765625 0.3369140625
11 0.615384375 0.2890625 0.610484375 0.25 0.6050953125 0.220703125 0.592846875 0.2197265625 0.5913765625 0.25 0.5899062500000001 0.291015625 0.5884375000000001 0.33203125 0.5864765625 0.3720703125 0.5859875 0.408203125 0.5913765625 0.4345703125 0.6055859375 0.447265625 0.6217546875 0.42578125 0.626653125 0.3974609375 0.624203125 0.3681640625 0.620284375 0.333984375 0.615384375 0.2890625
12 0.6668296875 0.3701171875 0.663890625 0.337890625 0.663890625 0.3017578125 0.6599703124999999 0.2666015625 0.6599703124999999 0.2333984375 0.6575203125 0.2021484375 0.647721875 0.2021484375 0.6423328125000001 0.2353515625 0.6344921875 0.263671875 0.6310625 0.3017578125 0.62959375 0.341796875 0.6281234375 0.380859375 0.6246937499999999 0.4130859375 0.62714375 0.44140625 0.638903125 0.4443359375 0.651640625 0.4365234375 0.6668296875 0.4287109375 0.6687890624999999 0.3974609375 0.6668296875 0.3701171875
13 0.6732 0.5888671875 0.67466875 0.615234375 0.6805484374999999 0.650390625 0.6932875000000001 0.6806640625 0.708965625 0.66015625 0.707496875 0.6025390625 0.708965625 0.55859375 0.7128859375000001 0.5283203125 0.7148453124999999 0.52734375 0.7212156249999999 0.498046875 0.7192546875 0.4697265625 0.7060265625000001 0.44921875 0.6893671875 0.458984375 0.6727093749999999 0.4541015625 0.663890625 0.474609375 0.6643796875 0.5029296875 0.667809375 0.53125 0.670259375 0.556640625 0.6732 0.5888671875
15 0.72954375 0.4619140625 0.7422828124999999 0.4541015625 0.7481625000000001 0.4287109375 0.7545328125 0.3984375 0.763840625 0.3701171875 0.771190625 0.3369140625 0.7751109375 0.30859375 0.7790296875 0.2734375 0.7805 0.2451171875 0.7677609375000001 0.24609375 0.7530625 0.2626953125 0.74179375 0.28125 0.7290546875 0.298828125 0.7202359375 0.326171875 0.707496875 0.349609375 0.6932875000000001 0.375 0.6883874999999999 0.3984375 0.6883874999999999 0.4306640625 0.7035765625 0.4384765625 0.716315625 0.4462890625 0.72954375 0.4619140625
16 0.8094078124999999 0.4208984375 0.8138171875 0.3955078125 0.8162671874999999 0.365234375 0.8162671874999999 0.33203125 0.8069578125 0.33203125 0.7888296875 0.34765625 0.7765796875000001 0.365234375 0.7672703125 0.384765625 0.7520828125000001 0.40625 0.74424375 0.43359375 0.7447328125 0.4599609375 0.763840625 0.466796875 0.773640625 0.482421875 0.7863796875 0.4921875 0.7956890624999999 0.47265625 0.8010781250000001 0.439453125 0.8094078124999999 0.4208984375
17 0.64968125 0.6474609375 0.6624203125 0.6552734375 0.6604609375 0.609375 0.661440625 0.5654296875 0.665359375 0.525390625 0.670259375 0.4951171875 0.6732 0.46484375 0.663890625 0.439453125 0.64723125 0.447265625 0.6344921875 0.4599609375 0.6305734375000001 0.5048828125 0.6335124999999999 0.5302734375 0.638903125 0.5634765625 0.6408625 0.5888671875 0.6433125000000001 0.6123046875 0.64968125 0.6474609375
18 0.6139140624999999 0.609375 0.6158750000000001 0.63671875 0.6178343749999999 0.662109375 0.62714375 0.66015625 0.62959375 0.6201171875 0.6325328125 0.5810546875 0.6344921875 0.5458984375 0.6335124999999999 0.517578125 0.6384125 0.4873046875 0.638903125 0.458984375 0.62959375 0.4345703125 0.6119546875 0.4541015625 0.6011765625 0.474609375 0.5938265625 0.4951171875 0.597746875 0.5205078125 0.604115625 0.548828125 0.6075453125 0.5810546875 0.6139140624999999 0.609375
19 0.5732484375 0.5654296875 0.5786374999999999 0.599609375 0.5820671875000001 0.6318359375 0.5845171875 0.658203125 0.5864765625 0.6865234375 0.59235625 0.71875 0.6026453125 0.7138671875 0.599215625 0.669921875 0.6026453125 0.626953125 0.604115625 0.5869140625 0.604115625 0.55078125 0.6055859375 0.5126953125 0.606565625 0.4794921875 0.6026453125 0.4521484375 0.5913765625 0.44140625 0.5786374999999999 0.451171875 0.5683484375 0.466796875 0.5619796874999999 0.4892578125 0.5668796875 0.5146484375 0.5683484375 0.541015625 0.5732484375 0.5654296875
20 0.549240625 0.6025390625 0.5507109375 0.634765625 0.5531609375000001 0.6650390625 0.565409375 0.7041015625 0.56345 0.6533203125 0.56736875 0.6142578125 0.5658984375 0.5712890625 0.5668796875 0.5400390625 0.56981875 0.5126953125 0.5707984374999999 0.4794921875 0.5658984375 0.458984375 0.5531609375000001 0.451171875 0.537971875 0.4521484375 0.5365015625 0.4765625 0.5389515625 0.5029296875 0.542871875 0.5361328125 0.5453203125 0.5712890625 0.549240625 0.6025390625
21 0.5208234375 0.63671875 0.5286625 0.677734375 0.5414015625 0.673828125 0.537971875 0.626953125 0.53748125 0.5869140625 0.5365015625 0.552734375 0.53748125 0.5185546875 0.5389515625 0.490234375 0.5389515625 0.4560546875 0.5247421875 0.458984375 0.503184375 0.46484375 0.498284375 0.484375 0.501715625 0.515625 0.506125 0.5478515625 0.510534375 0.5810546875 0.51739375 0.609375 0.5208234375 0.63671875
22 0.46202812499999996 0.658203125 0.46006875 0.6962890625 0.4737875 0.666015625 0.47770625000000005 0.626953125 0.48750625000000003 0.59375 0.49436562500000003 0.556640625 0.4958359375 0.5234375 0.4997546875 0.4892578125 0.4977953125 0.4638671875 0.48015625 0.4599609375 0.4610484375 0.45703125 0.46006875 0.4951171875 0.46202812499999996 0.5224609375 0.45761874999999996 0.5615234375 0.45859843749999996 0.59375 0.4610484375 0.6298828125 0.46202812499999996 0.658203125