22 0.537971875 0.58203125 0.555609375 0.583984375 0.5595296875 0.5634765625 0.560509375 0.533203125 0.561 0.5107421875 0.56345 0.4765625 0.560509375 0.447265625 0.5619796874999999 0.4189453125 0.56345 0.380859375 0.5438515625 0.3935546875 0.5325828125000001 0.43359375 0.5252328125 0.46875 0.5183734375 0.5 0.510534375 0.5224609375 0.505634375 0.5537109375 0.5046546875 0.58203125 0.5183734375 0.58984375 0.537971875 0.58203125
21 0.49926562499999994 0.578125 0.506125 0.548828125 0.505634375 0.5224609375 0.5002453124999999 0.4970703125 0.5002453124999999 0.46484375 0.5007343750000001 0.439453125 0.501715625 0.4130859375 0.5022046875 0.3759765625 0.485546875 0.357421875 0.47525781250000004 0.4033203125 0.46496875 0.443359375 0.459578125 0.4775390625 0.45565937500000003 0.515625 0.44977968749999997 0.54296875 0.4473296875 0.576171875 0.46251875 0.5791015625 0.4791765625 0.5810546875 0.49926562499999994 0.578125
20 0.43165156250000003 0.5791015625 0.4453703125 0.57421875 0.4473296875 0.5556640625 0.44683906249999994 0.5224609375 0.44683906249999994 0.4873046875 0.44292031249999997 0.45703125 0.441940625 0.421875 0.43899999999999995 0.384765625 0.43263125 0.33984375 0.42136250000000003 0.3935546875 0.4174421875 0.4287109375 0.4140125 0.4638671875 0.41009375 0.4970703125 0.40715312499999995 0.525390625 0.4061734375 0.5546875 0.40764374999999997 0.578125 0.41891249999999997 0.57421875 0.43165156250000003 0.5791015625
19 0.393434375 0.54296875 0.4061734375 0.5302734375 0.3998046875 0.5048828125 0.3944140625 0.4765625 0.3904953125 0.447265625 0.3860859375 0.421875 0.379715625 0.388671875 0.3767765625 0.36328125 0.36648749999999997 0.373046875 0.36550781250000003 0.40625 0.3674671875 0.4462890625 0.36648749999999997 0.4716796875 0.3650171875 0.5029296875 0.3640375 0.53515625 0.3718765625 0.560546875 0.381675 0.556640625 0.393434375 0.54296875
18 0.3601171875 0.5732421875 0.3718765625 0.55078125 0.3630578125 0.5185546875 0.3586484375 0.490234375 0.35276874999999996 0.451171875 0.35031875 0.4267578125 0.3366 0.40625 0.333659375 0.4365234375 0.333659375 0.46875 0.33464062499999997 0.498046875 0.333659375 0.5224609375 0.3307203125 0.5478515625 0.3331703125 0.576171875 0.3488484375 0.5859375 0.3601171875 0.5732421875
17 0.3400296875 0.55859375 0.3370890625 0.525390625 0.33121093749999997 0.498046875 0.3282703125 0.466796875 0.3243515625 0.44140625 0.3219015625 0.41796875 0.3067125 0.416015625 0.30377343749999997 0.443359375 0.306221875 0.4775390625 0.30377343749999997 0.5107421875 0.30034375 0.5400390625 0.30279218750000003 0.5712890625 0.31308125000000003 0.5859375 0.327290625 0.5810546875 0.3400296875 0.55859375
13 0.30279218750000003 0.5732421875 0.3042625 0.5400390625 0.2964234375 0.4970703125 0.29544375 0.4638671875 0.286134375 0.4287109375 0.2660453125 0.41796875 0.2552671875 0.4443359375 0.2567375 0.4794921875 0.2533078125 0.5078125 0.2464484375 0.53125 0.2493875 0.5615234375 0.25820625 0.5888671875 0.27192500000000003 0.58203125 0.2876046875 0.5869140625 0.30279218750000003 0.5732421875
7 0.5095546875 0.611328125 0.4977953125 0.6298828125 0.5041640625 0.6708984375 0.5095546875 0.708984375 0.52229375 0.734375 0.5301328125 0.767578125 0.5477703125 0.7646484375 0.5389515625 0.734375 0.5311125 0.7109375 0.5271921875000001 0.6826171875 0.52229375 0.658203125 0.5188640625 0.619140625 0.5095546875 0.611328125
8 0.4723171875 0.6328125 0.4737875 0.6728515625 0.47770625000000005 0.6982421875 0.4791765625 0.7314453125 0.4958359375 0.7333984375 0.4953453125 0.703125 0.496815625 0.6728515625 0.4958359375 0.65234375 0.4977953125 0.626953125 0.48652656250000004 0.619140625 0.4723171875 0.6328125
9 0.4404703125 0.626953125 0.4409609375 0.6552734375 0.443409375 0.68359375 0.44977968749999997 0.7119140625 0.45369843750000005 0.7421875 0.4688875 0.7470703125 0.46496875 0.7158203125 0.4639875 0.6826171875 0.4674171875 0.6572265625 0.4683984375 0.625 0.4546796875 0.6201171875 0.4404703125 0.626953125
10 0.4243015625 0.615234375 0.40715312499999995 0.615234375 0.40715312499999995 0.662109375 0.40715312499999995 0.6982421875 0.40372343749999995 0.734375 0.398334375 0.76953125 0.404703125 0.79296875 0.4198921875 0.7626953125 0.42773125 0.724609375 0.4341015625 0.6904296875 0.4404703125 0.6552734375 0.439490625 0.6220703125 0.4243015625 0.615234375
11 0.384125 0.626953125 0.37138593750000004 0.6650390625 0.36795625 0.7041015625 0.3694265625 0.734375 0.361096875 0.76953125 0.37285625 0.7880859375 0.3831453125 0.7724609375 0.3904953125 0.7333984375 0.395884375 0.69140625 0.4012734375 0.6474609375 0.39882343750000004 0.6201171875 0.384125 0.626953125
6 0.5208234375 0.6171875 0.5237625 0.6572265625 0.5296421875 0.6806640625 0.5365015625 0.7041015625 0.542871875 0.7421875 0.5546296875000001 0.7646484375 0.565409375 0.751953125 0.561 0.7138671875 0.5570796875 0.6826171875 0.5507109375 0.66015625 0.5477703125 0.6240234375 0.5350312500000001 0.615234375 0.5208234375 0.6171875
5 0.56736875 0.607421875 0.5546296875000001 0.609375 0.5502203125 0.63671875 0.556590625 0.6650390625 0.561 0.6962890625 0.56736875 0.728515625 0.57226875 0.751953125 0.5781484375 0.78515625 0.5850078125 0.8076171875 0.5987265625 0.794921875 0.5913765625 0.751953125 0.5889265625 0.7138671875 0.5864765625 0.677734375 0.5859875 0.64453125 0.5796171875 0.615234375 0.56736875 0.607421875
30 0.5938265625 0.525390625 0.5938265625 0.4970703125 0.5903968749999999 0.4716796875 0.592846875 0.44140625 0.6001953125 0.408203125 0.5859875 0.3935546875 0.5781484375 0.423828125 0.56736875 0.466796875 0.560509375 0.509765625 0.558059375 0.5361328125 0.565409375 0.560546875 0.5761875 0.576171875 0.5874578125000001 0.5556640625 0.5938265625 0.525390625
29 0.6305734375000001 0.54296875 0.6310625 0.505859375 0.6349828125 0.4638671875 0.6359625 0.4306640625 0.6413515624999999 0.3876953125 0.62959375 0.3828125 0.6232234375 0.421875 0.611465625 0.458984375 0.6075453125 0.4951171875 0.597746875 0.5224609375 0.5938265625 0.5537109375 0.6080359375 0.5712890625 0.626653125 0.5732421875 0.6305734375000001 0.54296875
23 0.670259375 0.56640625 0.6604609375 0.5224609375 0.6599703124999999 0.494140625 0.6580109375000001 0.4638671875 0.6550703125 0.4306640625 0.6462515625 0.4052734375 0.6413515624999999 0.443359375 0.6447812500000001 0.4775390625 0.638903125 0.5146484375 0.6349828125 0.5458984375 0.6384125 0.5732421875 0.6487015625 0.5986328125 0.6629109375 0.5947265625 0.670259375 0.56640625
24 0.6986765625 0.541015625 0.6957375 0.5078125 0.6918171875 0.4814453125 0.6883874999999999 0.44921875 0.6859375 0.4208984375 0.6732 0.4208984375 0.67466875 0.458984375 0.67466875 0.5029296875 0.6692796875 0.533203125 0.670259375 0.56640625 0.6780984375 0.5859375 0.6923078125 0.591796875 0.6996578125 0.5693359375 0.6986765625 0.541015625
27 0.8074468749999999 0.541015625 0.812346875 0.5185546875 0.812346875 0.494140625 0.8084265625 0.46875 0.8045078125 0.44140625 0.8045078125 0.4111328125 0.805978125 0.384765625 0.78686875 0.384765625 0.7805 0.416015625 0.7726609375 0.44921875 0.766290625 0.482421875 0.7633515625 0.509765625 0.7653109375 0.5400390625 0.7790296875 0.55078125 0.7932390625 0.548828125 0.8074468749999999 0.541015625
2 0.2542875 0.568359375 0.2493875 0.52734375 0.24693749999999998 0.4892578125 0.2454671875 0.447265625 0.22831875 0.4306640625 0.20921093750000003 0.4443359375 0.2097015625 0.4794921875 0.20823125 0.5185546875 0.1954921875 0.548828125 0.2028421875 0.5888671875 0.2185203125 0.599609375 0.236159375 0.5888671875 0.2493875 0.6044921875 0.2542875 0.568359375
31 0.2003921875 0.556640625 0.2028421875 0.5302734375 0.2018625 0.498046875 0.198921875 0.45703125 0.19696249999999998 0.4267578125 0.1842234375 0.3935546875 0.1724640625 0.3720703125 0.16070625 0.392578125 0.164625 0.421875 0.162175 0.45703125 0.15580624999999998 0.4892578125 0.1455171875 0.5224609375 0.15335625 0.552734375 0.1685453125 0.55859375 0.18814375 0.560546875 0.2003921875 0.556640625
26 0.75943125 0.5029296875 0.7422828124999999 0.5068359375 0.7408140624999999 0.525390625 0.7457125 0.544921875 0.7560015625000001 0.53125 0.7653109375 0.52734375 0.7633515625 0.50390625 0.75943125 0.5029296875