30 0.4409609375 0.650390625 0.4492890625 0.6865234375 0.46251875 0.6787109375 0.46006875 0.6455078125 0.459578125 0.609375 0.46202812499999996 0.5693359375 0.46006875 0.54296875 0.46006875 0.5166015625 0.45222968750000003 0.4970703125 0.43655 0.498046875 0.42528125 0.501953125 0.4243015625 0.52734375 0.42773125 0.5478515625 0.43165156250000003 0.576171875 0.4341015625 0.6015625 0.43899999999999995 0.626953125 0.4409609375 0.650390625
29 0.398334375 0.619140625 0.402253125 0.650390625 0.403234375 0.6708984375 0.40715312499999995 0.703125 0.4174421875 0.744140625 0.42528125 0.7138671875 0.42528125 0.68359375 0.42626093750000005 0.65234375 0.42773125 0.6171875 0.43018124999999996 0.5859375 0.43018124999999996 0.556640625 0.42283125000000005 0.533203125 0.4198921875 0.509765625 0.4061734375 0.5078125 0.3924546875 0.509765625 0.390984375 0.5361328125 0.3919640625 0.5654296875 0.3944140625 0.5888671875 0.398334375 0.619140625
23 0.403234375 0.5654296875 0.3968640625 0.5361328125 0.3855953125 0.5283203125 0.37040625 0.5146484375 0.3591375 0.541015625 0.3650171875 0.5732421875 0.3694265625 0.599609375 0.37432656249999996 0.6396484375 0.379715625 0.673828125 0.384615625 0.703125 0.3919640625 0.7490234375 0.39735468749999997 0.708984375 0.39735468749999997 0.6826171875 0.395884375 0.625 0.398334375 0.5986328125 0.403234375 0.5654296875
24 0.3512984375 0.6904296875 0.352278125 0.720703125 0.3650171875 0.720703125 0.36795625 0.6806640625 0.375796875 0.6494140625 0.375796875 0.6171875 0.373346875 0.5859375 0.375796875 0.556640625 0.36550781250000003 0.5380859375 0.3512984375 0.53515625 0.33415 0.53125 0.332190625 0.5556640625 0.33610937500000004 0.5869140625 0.3419890625 0.6142578125 0.345909375 0.6376953125 0.35031875 0.669921875 0.3512984375 0.6904296875
26 0.279275 0.6572265625 0.278784375 0.68359375 0.2876046875 0.7041015625 0.3018125 0.6953125 0.3101421875 0.6708984375 0.31553125 0.642578125 0.3194515625 0.6142578125 0.327290625 0.5869140625 0.332190625 0.5615234375 0.3268 0.5400390625 0.3170015625 0.5302734375 0.3052421875 0.5283203125 0.292503125 0.525390625 0.28123437500000004 0.5400390625 0.277315625 0.5615234375 0.2782953125 0.5869140625 0.2822140625 0.6220703125 0.279275 0.6572265625
2 0.7202359375 0.7109375 0.73689375 0.7041015625 0.73689375 0.666015625 0.7339546875 0.626953125 0.7383640625 0.58984375 0.73934375 0.556640625 0.730525 0.533203125 0.7148453124999999 0.52734375 0.697696875 0.529296875 0.6908375 0.55078125 0.6947578125 0.57421875 0.7011265625 0.6044921875 0.70455625 0.6298828125 0.7084765625 0.662109375 0.709946875 0.6904296875 0.7202359375 0.7109375
3 0.37432656249999996 0.400390625 0.36795625 0.3759765625 0.3650171875 0.3427734375 0.3517890625 0.3232421875 0.3488484375 0.296875 0.3400296875 0.3212890625 0.347378125 0.3603515625 0.349828125 0.3828125 0.35276874999999996 0.408203125 0.35521875 0.431640625 0.35521875 0.4521484375 0.361096875 0.4814453125 0.3718765625 0.490234375 0.384125 0.490234375 0.395884375 0.46875 0.3924546875 0.4443359375 0.384615625 0.423828125 0.37432656249999996 0.400390625
4 0.4086234375 0.380859375 0.404703125 0.349609375 0.398334375 0.3271484375 0.3944140625 0.3037109375 0.3831453125 0.3134765625 0.3860859375 0.34765625 0.38804531249999996 0.3701171875 0.388534375 0.392578125 0.3904953125 0.4130859375 0.389515625 0.4384765625 0.388534375 0.47265625 0.400784375 0.4765625 0.41548281249999997 0.4716796875 0.42626093750000005 0.451171875 0.42038281250000004 0.4287109375 0.41107343749999997 0.408203125 0.4086234375 0.380859375
5 0.443409375 0.33203125 0.439490625 0.30078125 0.4341015625 0.2685546875 0.42283125000000005 0.271484375 0.4243015625 0.3037109375 0.4218515625 0.3349609375 0.42038281250000004 0.3720703125 0.4179328125 0.4140625 0.4174421875 0.4365234375 0.4179328125 0.4697265625 0.43165156250000003 0.474609375 0.448309375 0.4716796875 0.45075937499999996 0.439453125 0.448309375 0.4052734375 0.44683906249999994 0.3671875 0.443409375 0.33203125
6 0.46986718749999995 0.33984375 0.46643749999999995 0.306640625 0.45369843750000005 0.2939453125 0.4546796875 0.3349609375 0.45565937500000003 0.36328125 0.4561484375 0.392578125 0.4546796875 0.4140625 0.4492890625 0.4521484375 0.45565937500000003 0.4716796875 0.4683984375 0.4814453125 0.48162656249999997 0.47265625 0.47868750000000004 0.4384765625 0.4728078125 0.41015625 0.4723171875 0.375 0.46986718749999995 0.33984375
7 0.491915625 0.330078125 0.48113593750000005 0.306640625 0.48113593750000005 0.3466796875 0.48309687500000004 0.380859375 0.48162656249999997 0.4033203125 0.48162656249999997 0.4287109375 0.48015625 0.45703125 0.485546875 0.4775390625 0.501715625 0.4765625 0.506125 0.443359375 0.501715625 0.4189453125 0.4977953125 0.3876953125 0.4953453125 0.359375 0.491915625 0.330078125
8 0.5134734375 0.314453125 0.49926562499999994 0.3046875 0.5007343750000001 0.3525390625 0.505634375 0.3798828125 0.5041640625 0.40625 0.5022046875 0.4384765625 0.498284375 0.474609375 0.51249375 0.474609375 0.5271921875000001 0.4697265625 0.5252328125 0.4306640625 0.52229375 0.4052734375 0.5213125 0.3759765625 0.51739375 0.33984375 0.5134734375 0.314453125
9 0.54238125 0.314453125 0.5296421875 0.298828125 0.5286625 0.341796875 0.5311125 0.3759765625 0.5311125 0.4033203125 0.5286625 0.4384765625 0.5252328125 0.47265625 0.53993125 0.4853515625 0.556590625 0.46875 0.5526703125 0.443359375 0.549240625 0.4130859375 0.5467906250000001 0.3779296875 0.5438515625 0.349609375 0.54238125 0.314453125
10 0.5801078125 0.33203125 0.5786374999999999 0.2939453125 0.57716875 0.265625 0.5668796875 0.25390625 0.560509375 0.30078125 0.5595296875 0.3349609375 0.5570796875 0.3759765625 0.556590625 0.416015625 0.5541406249999999 0.4443359375 0.5590390625 0.474609375 0.5756984375 0.46875 0.5864765625 0.451171875 0.5864765625 0.4140625 0.5845171875 0.390625 0.5825578124999999 0.3671875 0.5801078125 0.33203125
11 0.611465625 0.330078125 0.609015625 0.296875 0.596765625 0.30078125 0.5952968750000001 0.3349609375 0.59480625 0.359375 0.59235625 0.392578125 0.5864765625 0.421875 0.5801078125 0.4599609375 0.59235625 0.4814453125 0.609015625 0.474609375 0.6144046875 0.44921875 0.615384375 0.421875 0.6144046875 0.3935546875 0.611465625 0.3603515625 0.611465625 0.330078125
12 0.652621875 0.36328125 0.6536015625 0.3291015625 0.656540625 0.296875 0.6447812500000001 0.2880859375 0.6369421875 0.3291015625 0.63204375 0.3525390625 0.6256734374999999 0.3828125 0.6178343749999999 0.41015625 0.6095046875000001 0.443359375 0.610484375 0.4697265625 0.6246937499999999 0.482421875 0.6384125 0.4765625 0.647721875 0.4638671875 0.64968125 0.4287109375 0.651640625 0.3955078125 0.652621875 0.36328125
15 0.7839296874999999 0.5224609375 0.79666875 0.5146484375 0.8108765625000001 0.494140625 0.7951984375000001 0.4775390625 0.763840625 0.4814453125 0.79176875 0.4365234375 0.7902984375 0.4052734375 0.77168125 0.4140625 0.7520828125000001 0.4287109375 0.73444375 0.4365234375 0.718765625 0.458984375 0.71680625 0.482421875 0.725625 0.509765625 0.7315046875 0.53515625 0.74179375 0.560546875 0.757471875 0.548828125 0.771190625 0.53125 0.7839296874999999 0.5224609375
17 0.658990625 0.6650390625 0.6550703125 0.6201171875 0.651640625 0.5869140625 0.652621875 0.5478515625 0.6462515625 0.5224609375 0.62714375 0.5234375 0.6178343749999999 0.5439453125 0.62224375 0.5732421875 0.6286140625 0.6044921875 0.6369421875 0.625 0.6433125000000001 0.6572265625 0.647721875 0.6826171875 0.661440625 0.6962890625 0.658990625 0.6650390625
19 0.5845171875 0.6953125 0.5859875 0.716796875 0.6011765625 0.7216796875 0.6031359375 0.6904296875 0.6031359375 0.650390625 0.6055859375 0.607421875 0.6075453125 0.57421875 0.6119546875 0.541015625 0.6095046875000001 0.5126953125 0.59480625 0.5078125 0.5796171875 0.5185546875 0.57716875 0.54296875 0.57716875 0.57421875 0.5781484375 0.6044921875 0.5786374999999999 0.6318359375 0.5825578124999999 0.6650390625 0.5845171875 0.6953125
20 0.5414015625 0.6787109375 0.5546296875000001 0.673828125 0.5629593749999999 0.640625 0.56736875 0.6064453125 0.569328125 0.5791015625 0.5732484375 0.560546875 0.57716875 0.5361328125 0.5761875 0.5146484375 0.56345 0.5 0.5502203125 0.5048828125 0.544340625 0.5283203125 0.542871875 0.5693359375 0.5414015625 0.591796875 0.540421875 0.6240234375 0.54238125 0.650390625 0.5414015625 0.6787109375
21 0.5080843749999999 0.6455078125 0.5110234375 0.673828125 0.51739375 0.7138671875 0.5311125 0.69140625 0.5350312500000001 0.666015625 0.5389515625 0.6318359375 0.53993125 0.6044921875 0.5414015625 0.5654296875 0.544340625 0.5361328125 0.5453203125 0.5126953125 0.5360125 0.4951171875 0.5232734375 0.494140625 0.506125 0.498046875 0.5046546875 0.5205078125 0.506125 0.5478515625 0.506125 0.5732421875 0.508575 0.611328125 0.5080843749999999 0.6455078125
22 0.506125 0.509765625 0.49436562500000003 0.4970703125 0.48113593750000005 0.49609375 0.4639875 0.5029296875 0.46006875 0.5302734375 0.46251875 0.552734375 0.4639875 0.58984375 0.4659484375 0.6376953125 0.4688875 0.6708984375 0.4737875 0.7060546875 0.48260625 0.7470703125 0.491425 0.69921875 0.496815625 0.6650390625 0.503184375 0.626953125 0.5046546875 0.5869140625 0.506125 0.5439453125 0.506125 0.509765625
13 0.67466875 0.7158203125 0.68691875 0.6982421875 0.6893671875 0.6533203125 0.6898578125 0.619140625 0.6908375 0.5693359375 0.6937781249999999 0.5361328125 0.6883874999999999 0.5048828125 0.6717296875 0.5029296875 0.6580109375000001 0.5185546875 0.6452718749999999 0.525390625 0.6438015625 0.5537109375 0.6487015625 0.576171875 0.6550703125 0.611328125 0.663890625 0.6396484375 0.6692796875 0.6787109375 0.67466875 0.7158203125