30 0.57471875 0.498046875 0.5756984375 0.47265625 0.57226875 0.4521484375 0.5683484375 0.423828125 0.5658984375 0.3984375 0.561 0.373046875 0.5590390625 0.349609375 0.5507109375 0.3134765625 0.53748125 0.3212890625 0.53993125 0.3544921875 0.540421875 0.390625 0.537971875 0.4306640625 0.53993125 0.45703125 0.53993125 0.4833984375 0.5477703125 0.5029296875 0.56345 0.501953125 0.57471875 0.498046875
29 0.5801078125 0.490234375 0.5938265625 0.4921875 0.6075453125 0.490234375 0.609015625 0.4638671875 0.6080359375 0.4345703125 0.6055859375 0.4111328125 0.601665625 0.380859375 0.597746875 0.349609375 0.596765625 0.3291015625 0.592846875 0.296875 0.5825578124999999 0.255859375 0.57471875 0.2861328125 0.57471875 0.31640625 0.5737390625 0.34765625 0.57226875 0.3828125 0.56981875 0.4140625 0.56981875 0.443359375 0.57716875 0.466796875 0.5801078125 0.490234375
23 0.615384375 0.296875 0.6080359375 0.2509765625 0.6026453125 0.291015625 0.6026453125 0.3173828125 0.604115625 0.375 0.601665625 0.4013671875 0.596765625 0.4345703125 0.6031359375 0.4638671875 0.6144046875 0.4716796875 0.62959375 0.4853515625 0.6408625 0.458984375 0.6349828125 0.4267578125 0.6305734375000001 0.400390625 0.6256734374999999 0.3603515625 0.620284375 0.326171875 0.615384375 0.296875
24 0.66585 0.46875 0.667809375 0.4443359375 0.663890625 0.4130859375 0.6580109375000001 0.3857421875 0.654090625 0.3623046875 0.64968125 0.330078125 0.6487015625 0.3095703125 0.647721875 0.279296875 0.6349828125 0.279296875 0.63204375 0.3193359375 0.624203125 0.3505859375 0.624203125 0.3828125 0.626653125 0.4140625 0.624203125 0.443359375 0.6344921875 0.4619140625 0.6487015625 0.46484375 0.66585 0.46875
26 0.6947578125 0.4716796875 0.707496875 0.474609375 0.718765625 0.4599609375 0.7226843749999999 0.4384765625 0.7217046875 0.4130859375 0.7177859375 0.3779296875 0.7207250000000001 0.3427734375 0.7212156249999999 0.31640625 0.7123953125 0.2958984375 0.6981875 0.3046875 0.6898578125 0.3291015625 0.68446875 0.357421875 0.6805484374999999 0.3857421875 0.6727093749999999 0.4130859375 0.667809375 0.4384765625 0.6732 0.4599609375 0.6829984375 0.4697265625 0.6947578125 0.4716796875
2 0.3091625 0.44921875 0.3052421875 0.42578125 0.2988734375 0.3955078125 0.29544375 0.3701171875 0.2915234375 0.337890625 0.29005312499999997 0.3095703125 0.2797640625 0.2890625 0.26310625 0.2958984375 0.26310625 0.333984375 0.2660453125 0.373046875 0.2616359375 0.41015625 0.26065625 0.443359375 0.269475 0.466796875 0.2851546875 0.47265625 0.302303125 0.470703125 0.3091625 0.44921875
3 0.638903125 0.5185546875 0.6281234375 0.509765625 0.6158750000000001 0.509765625 0.604115625 0.53125 0.6075453125 0.5556640625 0.615384375 0.576171875 0.6256734374999999 0.599609375 0.63204375 0.6240234375 0.6349828125 0.6572265625 0.6482109375 0.6767578125 0.6511515625000001 0.703125 0.6599703124999999 0.6787109375 0.652621875 0.6396484375 0.6501718750000001 0.6171875 0.64723125 0.591796875 0.6447812500000001 0.568359375 0.6447812500000001 0.5478515625 0.638903125 0.5185546875
4 0.611465625 0.52734375 0.599215625 0.5234375 0.5845171875 0.5283203125 0.5737390625 0.548828125 0.5796171875 0.5712890625 0.5889265625 0.591796875 0.5913765625 0.619140625 0.5952968750000001 0.650390625 0.601665625 0.6728515625 0.6055859375 0.6962890625 0.6168546874999999 0.6865234375 0.6139140624999999 0.65234375 0.6119546875 0.6298828125 0.611465625 0.607421875 0.6095046875000001 0.5869140625 0.610484375 0.5615234375 0.611465625 0.52734375
5 0.5820671875000001 0.5302734375 0.5683484375 0.525390625 0.551690625 0.5283203125 0.549240625 0.560546875 0.551690625 0.5947265625 0.5531609375000001 0.6328125 0.556590625 0.66796875 0.560509375 0.69921875 0.5658984375 0.7314453125 0.57716875 0.728515625 0.5756984375 0.6962890625 0.5781484375 0.6650390625 0.5796171875 0.6279296875 0.5820671875000001 0.5859375 0.5825578124999999 0.5634765625 0.5820671875000001 0.5302734375
6 0.544340625 0.5283203125 0.5316015625 0.5185546875 0.5183734375 0.52734375 0.5213125 0.5615234375 0.5271921875000001 0.58984375 0.5276828124999999 0.625 0.5301328125 0.66015625 0.5335625 0.693359375 0.5463015625 0.7060546875 0.5453203125 0.6650390625 0.544340625 0.63671875 0.5438515625 0.607421875 0.5453203125 0.5859375 0.5507109375 0.5478515625 0.544340625 0.5283203125
7 0.514453125 0.5224609375 0.498284375 0.5234375 0.49387499999999995 0.556640625 0.498284375 0.5810546875 0.5022046875 0.6123046875 0.5046546875 0.640625 0.5080843749999999 0.669921875 0.5188640625 0.693359375 0.5188640625 0.6533203125 0.516903125 0.619140625 0.5183734375 0.5966796875 0.5183734375 0.5712890625 0.5198437499999999 0.54296875 0.514453125 0.5224609375
8 0.48750625000000003 0.525390625 0.4728078125 0.5302734375 0.4747671875 0.5693359375 0.47770625000000005 0.5947265625 0.47868750000000004 0.6240234375 0.48260625 0.66015625 0.48652656250000004 0.685546875 0.5007343750000001 0.6953125 0.49926562499999994 0.6474609375 0.49436562500000003 0.6201171875 0.4958359375 0.59375 0.4977953125 0.5615234375 0.501715625 0.525390625 0.48750625000000003 0.525390625
9 0.46006875 0.5146484375 0.443409375 0.53125 0.4473296875 0.556640625 0.45075937499999996 0.5869140625 0.45320937499999997 0.6220703125 0.4561484375 0.650390625 0.45761874999999996 0.685546875 0.47035781249999997 0.701171875 0.4713375 0.658203125 0.4688875 0.6240234375 0.4688875 0.5966796875 0.4713375 0.5615234375 0.4747671875 0.52734375 0.46006875 0.5146484375
10 0.4409609375 0.525390625 0.4243015625 0.53125 0.4135234375 0.548828125 0.4135234375 0.5859375 0.41548281249999997 0.609375 0.4174421875 0.6328125 0.4198921875 0.66796875 0.42136250000000003 0.7060546875 0.42283125000000005 0.734375 0.4331203125 0.74609375 0.439490625 0.69921875 0.4404703125 0.6650390625 0.44292031249999997 0.6240234375 0.443409375 0.583984375 0.44585937500000006 0.5556640625 0.4409609375 0.525390625
11 0.40764374999999997 0.5185546875 0.390984375 0.525390625 0.3855953125 0.55078125 0.384615625 0.578125 0.3855953125 0.6064453125 0.388534375 0.6396484375 0.388534375 0.669921875 0.390984375 0.703125 0.403234375 0.69921875 0.404703125 0.6650390625 0.40519375 0.640625 0.40764374999999997 0.607421875 0.4135234375 0.578125 0.4198921875 0.5400390625 0.40764374999999997 0.5185546875
12 0.389515625 0.5302734375 0.37530625 0.517578125 0.3615875 0.5234375 0.352278125 0.5361328125 0.35031875 0.5712890625 0.34835937499999997 0.6044921875 0.347378125 0.63671875 0.3463984375 0.6708984375 0.343459375 0.703125 0.35521875 0.7119140625 0.3630578125 0.6708984375 0.36795625 0.6474609375 0.37432656249999996 0.6171875 0.382165625 0.58984375 0.3904953125 0.556640625 0.389515625 0.5302734375
15 0.28319375 0.517578125 0.274375 0.490234375 0.26849531249999997 0.46484375 0.25820625 0.439453125 0.24252812499999998 0.451171875 0.22880937499999998 0.46875 0.2160703125 0.4775390625 0.20333125000000002 0.4853515625 0.1891234375 0.505859375 0.2048015625 0.5224609375 0.236159375 0.5185546875 0.20823125 0.5634765625 0.2097015625 0.5947265625 0.22831875 0.5859375 0.2479171875 0.5712890625 0.26555625 0.5634765625 0.28123437500000004 0.541015625 0.28319375 0.517578125
17 0.37775625 0.4267578125 0.37138593750000004 0.3955078125 0.3630578125 0.375 0.3566875 0.3427734375 0.352278125 0.3173828125 0.338559375 0.3037109375 0.341009375 0.3349609375 0.34492968749999997 0.3798828125 0.34835937499999997 0.4130859375 0.347378125 0.4521484375 0.3537484375 0.4775390625 0.37285625 0.4765625 0.382165625 0.4560546875 0.37775625 0.4267578125
19 0.42038281250000004 0.4814453125 0.42283125000000005 0.45703125 0.42283125000000005 0.42578125 0.4218515625 0.3955078125 0.42136250000000003 0.3681640625 0.4174421875 0.3349609375 0.41548281249999997 0.3046875 0.4140125 0.283203125 0.39882343750000004 0.2783203125 0.3968640625 0.3095703125 0.3968640625 0.349609375 0.3944140625 0.392578125 0.3924546875 0.42578125 0.38804531249999996 0.458984375 0.3904953125 0.4873046875 0.40519375 0.4921875 0.42038281250000004 0.4814453125
20 0.44977968749999997 0.4951171875 0.45565937500000003 0.4716796875 0.457128125 0.4306640625 0.45859843749999996 0.408203125 0.459578125 0.3759765625 0.45761874999999996 0.349609375 0.45859843749999996 0.3212890625 0.4453703125 0.326171875 0.437040625 0.359375 0.43263125 0.3935546875 0.430671875 0.4208984375 0.42675156249999996 0.439453125 0.42283125000000005 0.4638671875 0.42381250000000004 0.4853515625 0.43655 0.5 0.44977968749999997 0.4951171875
21 0.4767265625 0.505859375 0.49387499999999995 0.501953125 0.4953453125 0.4794921875 0.49387499999999995 0.4521484375 0.49387499999999995 0.4267578125 0.491425 0.388671875 0.491915625 0.3544921875 0.4889765625 0.326171875 0.48260625 0.2861328125 0.4688875 0.30859375 0.46496875 0.333984375 0.4610484375 0.3681640625 0.46006875 0.3955078125 0.45859843749999996 0.4345703125 0.45565937500000003 0.4638671875 0.4546796875 0.4873046875 0.4639875 0.5048828125 0.4767265625 0.505859375
22 0.51739375 0.2529296875 0.508575 0.30078125 0.503184375 0.3349609375 0.496815625 0.373046875 0.4953453125 0.4130859375 0.49387499999999995 0.4560546875 0.49387499999999995 0.490234375 0.505634375 0.5029296875 0.5188640625 0.50390625 0.5360125 0.4970703125 0.53993125 0.4697265625 0.53748125 0.447265625 0.5360125 0.41015625 0.5340515625 0.3623046875 0.5311125 0.3291015625 0.5262125 0.2939453125 0.51739375 0.2529296875
13 0.354728125 0.474609375 0.3561984375 0.4462890625 0.3512984375 0.423828125 0.34492968749999997 0.388671875 0.33610937500000004 0.3603515625 0.3307203125 0.3212890625 0.32533124999999996 0.2841796875 0.31308125000000003 0.3017578125 0.3106328125 0.3466796875 0.3101421875 0.380859375 0.3091625 0.4306640625 0.306221875 0.4638671875 0.31161249999999996 0.4951171875 0.3282703125 0.4970703125 0.3419890625 0.4814453125 0.354728125 0.474609375