2 0.7421875 0.292503125 0.708984375 0.291034375 0.6787109375 0.291034375 0.65234375 0.2871140625 0.6142578125 0.28907343750000003 0.5966796875 0.2988734375 0.59375 0.3145515625 0.599609375 0.327290625 0.619140625 0.33610937500000004 0.6455078125 0.3356203125 0.669921875 0.332190625 0.69921875 0.3258203125 0.7216796875 0.31798125 0.7490234375 0.3076921875 0.7421875 0.292503125
15 0.560546875 0.22488906250000001 0.52734375 0.2160703125 0.5078125 0.20578124999999997 0.4892578125 0.198921875 0.46875 0.1891234375 0.4599609375 0.2003921875 0.474609375 0.21313125 0.4462890625 0.22587031249999998 0.431640625 0.21068125000000001 0.3984375 0.2160703125 0.4189453125 0.2322390625 0.4384765625 0.24105781249999997 0.4619140625 0.2493875 0.474609375 0.26065625 0.498046875 0.2758453125 0.52734375 0.2797640625 0.5439453125 0.2670265625 0.56640625 0.25036718750000003 0.58203125 0.237628125 0.560546875 0.22488906250000001
21 0.66015625 0.4889765625 0.6650390625 0.4767265625 0.6318359375 0.4737875 0.5947265625 0.4683984375 0.56640625 0.4683984375 0.53515625 0.4659484375 0.509765625 0.4639875 0.4873046875 0.46986718749999995 0.482421875 0.48260625 0.4853515625 0.5002453124999999 0.5126953125 0.49926562499999994 0.541015625 0.496815625 0.5693359375 0.4953453125 0.5986328125 0.49289531249999996 0.625 0.49289531249999996 0.66015625 0.4889765625
22 0.650390625 0.5213125 0.6787109375 0.5183734375 0.66015625 0.5080843749999999 0.6298828125 0.508575 0.5966796875 0.505634375 0.5693359375 0.5041640625 0.5380859375 0.503184375 0.509765625 0.5007343750000001 0.4892578125 0.5046546875 0.482421875 0.5188640625 0.486328125 0.5350312500000001 0.5146484375 0.5389515625 0.5478515625 0.5335625 0.576171875 0.5316015625 0.6015625 0.5286625 0.6279296875 0.5262125 0.650390625 0.5213125
20 0.666015625 0.443409375 0.63671875 0.44439062500000004 0.6064453125 0.443409375 0.568359375 0.44439062500000004 0.54296875 0.441940625 0.517578125 0.4404703125 0.4951171875 0.4404703125 0.4921875 0.45565937500000003 0.498046875 0.4630078125 0.5302734375 0.46496875 0.5615234375 0.46202812499999996 0.5966796875 0.459578125 0.6171875 0.4561484375 0.642578125 0.4546796875 0.666015625 0.443409375
19 0.701171875 0.4179328125 0.6533203125 0.41548281249999997 0.607421875 0.4140125 0.5654296875 0.41156249999999994 0.533203125 0.40519375 0.5126953125 0.41009375 0.4970703125 0.42626093750000005 0.509765625 0.43899999999999995 0.541015625 0.439490625 0.576171875 0.43899999999999995 0.615234375 0.43655 0.6455078125 0.43655 0.6787109375 0.43263125 0.7138671875 0.4292015625 0.701171875 0.4179328125
17 0.59375 0.347378125 0.55859375 0.345909375 0.541015625 0.361096875 0.55859375 0.37775625 0.59375 0.37922656250000003 0.6318359375 0.3806953125 0.666015625 0.382165625 0.701171875 0.3860859375 0.6953125 0.37138593750000004 0.65234375 0.3615875 0.6201171875 0.35766718750000004 0.59375 0.347378125
30 0.673828125 0.5414015625 0.63671875 0.53993125 0.591796875 0.54238125 0.5634765625 0.537971875 0.53515625 0.53748125 0.501953125 0.5365015625 0.494140625 0.5507109375 0.505859375 0.56736875 0.53125 0.565409375 0.5693359375 0.5619796874999999 0.599609375 0.558059375 0.634765625 0.558059375 0.66015625 0.5546296875000001 0.6962890625 0.5541406249999999 0.673828125 0.5414015625
29 0.5986328125 0.5644296875 0.55859375 0.5644296875 0.5283203125 0.5658984375 0.5078125 0.5786374999999999 0.5146484375 0.5938265625 0.541015625 0.599215625 0.57421875 0.592846875 0.6064453125 0.5903968749999999 0.6376953125 0.5864765625 0.66796875 0.5820671875000001 0.69140625 0.5668796875 0.6455078125 0.5619796874999999 0.5986328125 0.5644296875
24 0.609375 0.618325 0.578125 0.611465625 0.55859375 0.612934375 0.5283203125 0.6158750000000001 0.5234375 0.6310625 0.5400390625 0.6413515624999999 0.5712890625 0.6413515624999999 0.6064453125 0.6408625 0.63671875 0.6384125 0.66796875 0.6423328125000001 0.67578125 0.6305734375000001 0.64453125 0.6246937499999999 0.609375 0.618325
0 0.5146484375 0.707496875 0.501953125 0.7202359375 0.4873046875 0.7329734375 0.4697265625 0.7432624999999999 0.4853515625 0.757471875 0.5126953125 0.7677609375000001 0.5380859375 0.77805 0.55859375 0.773640625 0.56640625 0.7584515625 0.576171875 0.7466921875 0.6025390625 0.7408140624999999 0.6142578125 0.725134375 0.5947265625 0.711415625 0.578125 0.7011265625 0.5556640625 0.6947578125 0.53515625 0.6962265624999999 0.5146484375 0.707496875
1 0.56640625 0.6874078124999999 0.5810546875 0.6766296875 0.576171875 0.6643796875 0.55859375 0.654090625 0.54296875 0.6408625 0.5224609375 0.63204375 0.4970703125 0.6398828125 0.4794921875 0.651640625 0.46875 0.667809375 0.44921875 0.6780984375 0.4267578125 0.6893671875 0.41015625 0.6996578125 0.4052734375 0.71680625 0.423828125 0.725134375 0.4365234375 0.7128859375000001 0.44921875 0.6996578125 0.4765625 0.6932875000000001 0.4814453125 0.711415625 0.4560546875 0.728075 0.4521484375 0.7432624999999999 0.4794921875 0.73934375 0.4970703125 0.72954375 0.5146484375 0.71680625 0.52734375 0.7065171875 0.5458984375 0.6962265624999999 0.56640625 0.6874078124999999
4 0.3447265625 0.5952968750000001 0.3173828125 0.604115625 0.337890625 0.612934375 0.3701171875 0.610484375 0.400390625 0.6075453125 0.43359375 0.6080359375 0.466796875 0.6075453125 0.4951171875 0.604115625 0.5078125 0.5913765625 0.4853515625 0.57716875 0.4619140625 0.569328125 0.4462890625 0.5796171875 0.41796875 0.5825578124999999 0.3828125 0.5889265625 0.3447265625 0.5952968750000001
5 0.35546875 0.5595296875 0.3271484375 0.5644296875 0.2919921875 0.5644296875 0.298828125 0.57716875 0.33203125 0.5786374999999999 0.3671875 0.57716875 0.392578125 0.5732484375 0.4267578125 0.5737390625 0.4697265625 0.5761875 0.478515625 0.565409375 0.482421875 0.5502203125 0.4697265625 0.53748125 0.4365234375 0.5414015625 0.41015625 0.5453203125 0.3828125 0.551690625 0.35546875 0.5595296875
6 0.3369140625 0.52229375 0.306640625 0.5237625 0.2841796875 0.5340515625 0.3173828125 0.540421875 0.349609375 0.53993125 0.384765625 0.542871875 0.4111328125 0.5414015625 0.44921875 0.540421875 0.474609375 0.53748125 0.474609375 0.5159234374999999 0.4443359375 0.51249375 0.41796875 0.5159234374999999 0.392578125 0.5188640625 0.365234375 0.5208234375 0.3369140625 0.52229375
7 0.31640625 0.5002453124999999 0.298828125 0.5095546875 0.330078125 0.510534375 0.3623046875 0.506125 0.3935546875 0.510534375 0.4267578125 0.5095546875 0.45703125 0.510534375 0.46875 0.5002453124999999 0.4541015625 0.48946562499999996 0.41796875 0.491425 0.390625 0.49387499999999995 0.3671875 0.49387499999999995 0.3349609375 0.4953453125 0.31640625 0.5002453124999999
8 0.306640625 0.47868750000000004 0.296875 0.491425 0.3369140625 0.491425 0.3671875 0.4889765625 0.3974609375 0.48652656250000004 0.4306640625 0.48652656250000004 0.466796875 0.4889765625 0.46875 0.4762375 0.4638671875 0.46251875 0.421875 0.4683984375 0.3935546875 0.47035781249999997 0.3671875 0.4728078125 0.3369140625 0.4728078125 0.306640625 0.47868750000000004
9 0.2958984375 0.439490625 0.28125 0.45075937499999996 0.31640625 0.45859843749999996 0.3525390625 0.459578125 0.388671875 0.46202812499999996 0.4287109375 0.46251875 0.4697265625 0.46643749999999995 0.474609375 0.4517390625 0.46875 0.4355703125 0.43359375 0.43899999999999995 0.4013671875 0.4409609375 0.3701171875 0.439490625 0.3369140625 0.441940625 0.2958984375 0.439490625
10 0.3505859375 0.40764374999999997 0.326171875 0.41156249999999994 0.2890625 0.4125421875 0.296875 0.42283125000000005 0.33203125 0.42528125 0.3701171875 0.42822187500000003 0.4052734375 0.4331203125 0.4287109375 0.43802031250000006 0.46875 0.44292031249999997 0.4921875 0.43802031250000006 0.494140625 0.4198921875 0.4853515625 0.404703125 0.443359375 0.4086234375 0.4208984375 0.40715312499999995 0.388671875 0.4061734375 0.3505859375 0.40764374999999997
11 0.3671875 0.37530625 0.33984375 0.37922656250000003 0.3291015625 0.390984375 0.3623046875 0.3968640625 0.3974609375 0.398334375 0.431640625 0.40372343749999995 0.45703125 0.4086234375 0.4921875 0.4135234375 0.515625 0.4012734375 0.5107421875 0.384615625 0.490234375 0.37138593750000004 0.458984375 0.375796875 0.431640625 0.3782453125 0.4013671875 0.37775625 0.3671875 0.37530625
12 0.4306640625 0.3419890625 0.3955078125 0.341009375 0.3603515625 0.343459375 0.330078125 0.3400296875 0.3349609375 0.352278125 0.36328125 0.3591375 0.390625 0.36550781250000003 0.416015625 0.36648749999999997 0.443359375 0.3718765625 0.466796875 0.3806953125 0.4921875 0.379715625 0.5078125 0.3694265625 0.5126953125 0.354728125 0.5126953125 0.3419890625 0.4853515625 0.33464062499999997 0.4599609375 0.3400296875 0.4306640625 0.3419890625
31 0.611328125 0.24105781249999997 0.5966796875 0.2533078125 0.583984375 0.26555625 0.5859375 0.283684375 0.611328125 0.286134375 0.650390625 0.2876046875 0.6884765625 0.291034375 0.728515625 0.2939734375 0.7626953125 0.291034375 0.787109375 0.28123437500000004 0.7744140625 0.2640859375 0.7392578125 0.2567375 0.701171875 0.2518375 0.669921875 0.244978125 0.6376953125 0.237628125 0.611328125 0.24105781249999997