2 0.4970703125 0.7863796875 0.5361328125 0.7902984375 0.5517578125 0.7756000000000001 0.5498046875 0.7604109375 0.5263671875 0.7501218749999999 0.462890625 0.7609015625 0.41796875 0.764821875 0.3876953125 0.7765796875000001 0.400390625 0.789809375 0.447265625 0.7873593750000001 0.4970703125 0.7863796875
13 0.4033203125 0.7447328125 0.443359375 0.7447328125 0.484375 0.7447328125 0.515625 0.7520828125000001 0.564453125 0.7520828125000001 0.57421875 0.73934375 0.5830078125 0.725625 0.5732421875 0.7104359375 0.5390625 0.70945625 0.494140625 0.71435625 0.4501953125 0.7241546875 0.4130859375 0.730525 0.4033203125 0.7447328125
17 0.421875 0.6834890625 0.396484375 0.68691875 0.3837890625 0.6967171875 0.3876953125 0.7104359375 0.44140625 0.7104359375 0.484375 0.70945625 0.515625 0.70945625 0.5458984375 0.711415625 0.5673828125 0.70945625 0.5712890625 0.6932875000000001 0.5791015625 0.6722187500000001 0.5654296875 0.6619296875 0.5263671875 0.6624203125 0.490234375 0.6727093749999999 0.4541015625 0.67711875 0.421875 0.6834890625
19 0.35546875 0.6031359375 0.3623046875 0.6119546875 0.4091796875 0.6148953125000001 0.470703125 0.6139140624999999 0.529296875 0.6168546874999999 0.5712890625 0.612934375 0.5908203125 0.6001953125 0.5673828125 0.5874578125000001 0.5341796875 0.5835375 0.48828125 0.5894171874999999 0.462890625 0.5894171874999999 0.423828125 0.592846875 0.3857421875 0.596765625 0.35546875 0.6031359375
20 0.396484375 0.5796171875 0.4453125 0.5850078125 0.490234375 0.583046875 0.5224609375 0.5810875 0.5712890625 0.5810875 0.583984375 0.5658984375 0.5712890625 0.5521796875 0.5419921875 0.5507109375 0.5078125 0.5561 0.466796875 0.55855 0.4326171875 0.5639390625 0.4052734375 0.570309375 0.396484375 0.5796171875
21 0.392578125 0.5414015625 0.4052734375 0.5551203124999999 0.4453125 0.5531609375000001 0.486328125 0.5531609375000001 0.529296875 0.54875 0.5732421875 0.5433609374999999 0.5703125 0.5271921875000001 0.55859375 0.51494375 0.5322265625 0.5120046874999999 0.5068359375 0.5159234374999999 0.4794921875 0.5252328125 0.4501953125 0.530621875 0.4267578125 0.5360125 0.392578125 0.5414015625
22 0.392578125 0.49093593750000003 0.421875 0.503675 0.4736328125 0.5046546875 0.5205078125 0.5080843749999999 0.56640625 0.5066140625 0.5751953125 0.48848593749999997 0.5693359375 0.4767265625 0.546875 0.4737875 0.5185546875 0.4772171875 0.490234375 0.4772171875 0.4560546875 0.4791765625 0.4130859375 0.4821171875 0.392578125 0.49093593750000003
30 0.423828125 0.4404703125 0.388671875 0.44242968749999995 0.3818359375 0.45565937500000003 0.4072265625 0.4610484375 0.4345703125 0.46202812499999996 0.466796875 0.46202812499999996 0.5078125 0.46496875 0.53515625 0.469378125 0.5712890625 0.46643749999999995 0.5712890625 0.45222968750000003 0.5673828125 0.4385109375 0.53515625 0.43753125 0.5029296875 0.44145 0.470703125 0.44145 0.423828125 0.4404703125
29 0.3623046875 0.40519375 0.330078125 0.409603125 0.375 0.42136250000000003 0.416015625 0.4331203125 0.46875 0.43116093749999995 0.5205078125 0.4331203125 0.5546875 0.4341015625 0.578125 0.42136250000000003 0.5673828125 0.4042140625 0.5390625 0.400784375 0.4970703125 0.400784375 0.462890625 0.3998046875 0.4130859375 0.402253125 0.3623046875 0.40519375
23 0.3876953125 0.387065625 0.3642578125 0.391475 0.4130859375 0.3968640625 0.447265625 0.3998046875 0.486328125 0.403234375 0.5224609375 0.403234375 0.5498046875 0.3998046875 0.578125 0.389025 0.560546875 0.3699171875 0.5224609375 0.3718765625 0.484375 0.3782453125 0.447265625 0.3782453125 0.419921875 0.38363593749999997 0.3876953125 0.387065625
26 0.416015625 0.278784375 0.4609375 0.2895640625 0.4951171875 0.29495312500000004 0.5078125 0.2822140625 0.5146484375 0.2640859375 0.4951171875 0.2518375 0.4501953125 0.249878125 0.4091796875 0.2435078125 0.3642578125 0.2479171875 0.3818359375 0.2616359375 0.416015625 0.278784375
0 0.69921875 0.27045625 0.677734375 0.2640859375 0.646484375 0.276825 0.6103515625 0.2876046875 0.560546875 0.2939734375 0.533203125 0.3101421875 0.552734375 0.3238609375 0.556640625 0.33904999999999996 0.5947265625 0.3375796875 0.6123046875 0.324840625 0.646484375 0.31308125000000003 0.66796875 0.3032828125 0.693359375 0.29054375 0.69921875 0.27045625
10 0.76953125 0.5913765625 0.8017578125 0.596765625 0.8017578125 0.5786374999999999 0.744140625 0.5668796875 0.7021484375 0.5551203124999999 0.6611328125 0.5551203124999999 0.615234375 0.5526703125 0.6044921875 0.571778125 0.625 0.583046875 0.6630859375 0.583046875 0.69140625 0.5859875 0.7314453125 0.592846875 0.76953125 0.5913765625
4 0.591796875 0.3968640625 0.5966796875 0.4125421875 0.6005859375 0.425771875 0.6376953125 0.41891249999999997 0.6826171875 0.415971875 0.7275390625 0.415971875 0.76953125 0.409603125 0.767578125 0.39784375 0.73828125 0.3924546875 0.6845703125 0.393434375 0.626953125 0.388534375 0.591796875 0.3968640625
5 0.7529296875 0.415971875 0.71875 0.42234218749999997 0.673828125 0.42038281250000004 0.64453125 0.42136250000000003 0.6142578125 0.42675156249999996 0.5966796875 0.4360609375 0.603515625 0.4492890625 0.6396484375 0.4492890625 0.673828125 0.44585937500000006 0.71875 0.4448796875 0.7529296875 0.43508125 0.7890625 0.42675156249999996 0.7939453125 0.4125421875 0.7529296875 0.415971875
6 0.6064453125 0.45026875000000005 0.5986328125 0.46643749999999995 0.6171875 0.4767265625 0.669921875 0.47182812500000004 0.716796875 0.469378125 0.7509765625 0.46643749999999995 0.7724609375 0.4546796875 0.724609375 0.44782031250000004 0.6845703125 0.45125000000000004 0.65234375 0.45222968750000003 0.6064453125 0.45026875000000005
7 0.654296875 0.475746875 0.626953125 0.4791765625 0.6025390625 0.47966718750000004 0.607421875 0.49926562499999994 0.6484375 0.49730468749999995 0.6953125 0.49387499999999995 0.7314453125 0.49289531249999996 0.76171875 0.4791765625 0.7275390625 0.475746875 0.6845703125 0.475746875 0.654296875 0.475746875
8 0.7724609375 0.5198437499999999 0.767578125 0.5090640625 0.7294921875 0.5071046875 0.6884765625 0.503675 0.65234375 0.5007343750000001 0.6103515625 0.4997546875 0.611328125 0.5227828125 0.646484375 0.5252328125 0.6826171875 0.524253125 0.71484375 0.524253125 0.7421875 0.5227828125 0.7724609375 0.5198437499999999
9 0.7275390625 0.5521796875 0.767578125 0.5507109375 0.7939453125 0.5467906250000001 0.7939453125 0.5350312500000001 0.76171875 0.5325828125000001 0.7275390625 0.530621875 0.6884765625 0.5271921875000001 0.6484375 0.5271921875000001 0.6142578125 0.5247421875 0.6103515625 0.5389515625 0.6142578125 0.5531609375000001 0.64453125 0.5507109375 0.6845703125 0.5521796875 0.7275390625 0.5521796875
11 0.626953125 0.6148953125000001 0.673828125 0.6173437500000001 0.720703125 0.6173437500000001 0.783203125 0.6237140625 0.8017578125 0.6119546875 0.7763671875 0.60460625 0.7509765625 0.5938265625 0.7119140625 0.5884375000000001 0.677734375 0.5874578125000001 0.6201171875 0.576678125 0.59375 0.5864765625 0.5947265625 0.608525 0.626953125 0.6148953125000001
12 0.7490234375 0.6344921875 0.7099609375 0.6237140625 0.6826171875 0.620284375 0.65234375 0.620284375 0.626953125 0.612934375 0.603515625 0.6099953124999999 0.5869140625 0.6193046875 0.58203125 0.638903125 0.6015625 0.6491921875 0.650390625 0.6482109375 0.6865234375 0.6506609375 0.720703125 0.65703125 0.7490234375 0.6619296875 0.78515625 0.652621875 0.7763671875 0.6438015625 0.7490234375 0.6344921875