31 0.634765625 0.7562156250000001 0.59765625 0.761621875 0.580078125 0.77891875 0.58984375 0.7951343750000001 0.634765625 0.8070265624999999 0.6923828125 0.7821625 0.7509765625 0.7735140625 0.755859375 0.7594593749999999 0.7333984375 0.7481078125 0.7060546875 0.7470265625 0.6728515625 0.7535140625000001 0.634765625 0.7562156250000001
2 0.5625 0.7264859375 0.5224609375 0.737296875 0.4833984375 0.739459375 0.4658203125 0.7502703125 0.4794921875 0.77675625 0.5009765625 0.7875671875 0.5302734375 0.7908109375000001 0.560546875 0.7691890625 0.619140625 0.7540546875 0.6708984375 0.7502703125 0.7021484375 0.744865625 0.6767578125 0.7308109375 0.64453125 0.72108125 0.611328125 0.7178375 0.5625 0.7264859375
13 0.58203125 0.681621875 0.5400390625 0.684865625 0.5107421875 0.682703125 0.4775390625 0.682703125 0.4541015625 0.684865625 0.4521484375 0.7016218750000001 0.4521484375 0.71891875 0.4599609375 0.7329734375 0.4853515625 0.742703125 0.5048828125 0.739459375 0.5458984375 0.7286484375 0.58203125 0.72108125 0.630859375 0.7178375 0.646484375 0.7178375 0.6533203125 0.7059453125 0.6552734375 0.6945953125 0.634765625 0.683784375 0.61328125 0.681621875 0.58203125 0.681621875
17 0.5068359375 0.643784375 0.4775390625 0.641621875 0.44921875 0.6481078124999999 0.435546875 0.664325 0.447265625 0.677296875 0.4775390625 0.683784375 0.5205078125 0.684865625 0.5478515625 0.684865625 0.607421875 0.683784375 0.6484375 0.6783781249999999 0.6591796875 0.66324375 0.642578125 0.6502703125 0.611328125 0.6459453125 0.572265625 0.6459453125 0.5361328125 0.6459453125 0.5068359375 0.643784375
18 0.5380859375 0.6032437500000001 0.5029296875 0.6021625 0.4736328125 0.6086484375000001 0.4501953125 0.615134375 0.443359375 0.6291890625 0.4521484375 0.6427031249999999 0.5029296875 0.6427031249999999 0.5625 0.644865625 0.6171875 0.6470265625 0.642578125 0.6410812499999999 0.650390625 0.623784375 0.640625 0.6097296875 0.607421875 0.6032437500000001 0.578125 0.6032437500000001 0.5380859375 0.6032437500000001
19 0.4912109375 0.5702703125 0.4638671875 0.5724328125 0.44921875 0.5778375 0.431640625 0.5945953125 0.447265625 0.6032437500000001 0.4677734375 0.6075671875 0.4931640625 0.6032437500000001 0.5322265625 0.6032437500000001 0.580078125 0.6032437500000001 0.62890625 0.6021625 0.6669921875 0.5978375 0.6591796875 0.5854046875 0.609375 0.575675 0.564453125 0.5735140624999999 0.5263671875 0.5713515625000001 0.4912109375 0.5702703125
20 0.4638671875 0.5302703125 0.423828125 0.5335140625 0.421875 0.5508109375 0.43359375 0.5713515625000001 0.4658203125 0.5702703125 0.5166015625 0.563784375 0.5625 0.5540546875000001 0.609375 0.5421625 0.611328125 0.5313515625 0.59375 0.5275671875 0.552734375 0.5275671875 0.4990234375 0.5302703125 0.4638671875 0.5302703125
21 0.4970703125 0.49081093750000004 0.4658203125 0.49081093750000004 0.431640625 0.4854046875 0.400390625 0.4875671875 0.400390625 0.5070265625 0.41796875 0.5264859375000001 0.4375 0.5324328125 0.4677734375 0.5264859375000001 0.5107421875 0.5243249999999999 0.55078125 0.5243249999999999 0.615234375 0.515675 0.640625 0.5135140625 0.619140625 0.502703125 0.59375 0.499459375 0.5703125 0.495134375 0.5283203125 0.4940546875 0.4970703125 0.49081093750000004
22 0.4638671875 0.4481078125 0.4296875 0.4491890625 0.40625 0.45459531249999996 0.39453125 0.4697296875 0.408203125 0.48864843750000003 0.443359375 0.49081093750000004 0.4873046875 0.4854046875 0.5283203125 0.484325 0.59375 0.47351406249999994 0.638671875 0.47351406249999994 0.626953125 0.46108125 0.595703125 0.45675625000000003 0.560546875 0.45459531249999996 0.5126953125 0.4502703125 0.4638671875 0.4481078125
30 0.5205078125 0.42216250000000005 0.4873046875 0.41675625 0.4453125 0.40972968749999994 0.412109375 0.41513437499999994 0.40234375 0.42972968749999996 0.40625 0.4491890625 0.447265625 0.4491890625 0.4951171875 0.4502703125 0.5322265625 0.4502703125 0.57421875 0.45459531249999996 0.611328125 0.45675625000000003 0.63671875 0.4491890625 0.62890625 0.436215625 0.59375 0.43513437499999996 0.560546875 0.42972968749999996 0.5205078125 0.42216250000000005
29 0.4697265625 0.3708109375 0.43359375 0.376215625 0.3984375 0.381621875 0.4091796875 0.396215625 0.4375 0.4108109375 0.4892578125 0.4140546875 0.5400390625 0.4108109375 0.59765625 0.3978375 0.619140625 0.38918906249999996 0.619140625 0.38054062499999997 0.59765625 0.37189218749999997 0.5546875 0.37189218749999997 0.5107421875 0.3729734375 0.4697265625 0.3708109375
23 0.5009765625 0.33675625 0.4580078125 0.33891875 0.421875 0.34108125 0.40625 0.34756718750000004 0.41796875 0.35729687499999996 0.431640625 0.377296875 0.466796875 0.38 0.5244140625 0.37405468750000004 0.5595703125 0.37189218749999997 0.59765625 0.3686484375 0.6015625 0.3529734375 0.59765625 0.34108125 0.57421875 0.33999999999999997 0.5439453125 0.33675625 0.5009765625 0.33675625
24 0.4697265625 0.3021625 0.43359375 0.300540625 0.4140625 0.3097296875 0.423828125 0.324865625 0.43359375 0.33999999999999997 0.4677734375 0.33999999999999997 0.5166015625 0.33675625 0.552734375 0.3378375 0.58203125 0.33891875 0.6015625 0.3313515625 0.607421875 0.3140546875 0.591796875 0.304325 0.55078125 0.304325 0.5107421875 0.30324375 0.4697265625 0.3021625
25 0.4814453125 0.2475671875 0.4541015625 0.244865625 0.427734375 0.256215625 0.421875 0.2724328125 0.421875 0.2875671875 0.435546875 0.30162187500000004 0.4658203125 0.3021625 0.5048828125 0.3054046875 0.5625 0.30162187500000004 0.6015625 0.30324375 0.619140625 0.296215625 0.62109375 0.284325 0.6015625 0.2681078125 0.560546875 0.263784375 0.5283203125 0.263784375 0.4814453125 0.2475671875
26 0.5048828125 0.196215625 0.4697265625 0.1929734375 0.4501953125 0.21135156249999998 0.4375 0.22540468749999998 0.44140625 0.240540625 0.4873046875 0.2475671875 0.5439453125 0.2529734375 0.57421875 0.257296875 0.591796875 0.262703125 0.60546875 0.2508109375 0.59765625 0.23729687500000002 0.560546875 0.22108124999999998 0.5361328125 0.21243281249999998 0.5048828125 0.196215625
27 0.5859375 0.196215625 0.568359375 0.200540625 0.56640625 0.2178375 0.580078125 0.22864843750000002 0.609375 0.23729687500000002 0.64453125 0.23945937499999997 0.6650390625 0.2459453125 0.6923828125 0.24270312500000002 0.7197265625 0.23297343750000002 0.6884765625 0.21891875 0.6630859375 0.201621875 0.642578125 0.1918921875 0.6171875 0.177296875 0.5859375 0.196215625
28 0.3173828125 0.14378437500000002 0.267578125 0.17891875 0.2666015625 0.1945953125 0.2880859375 0.199459375 0.3095703125 0.20270312499999998 0.3330078125 0.2070265625 0.3603515625 0.2102703125 0.376953125 0.204865625 0.3828125 0.1870265625 0.392578125 0.16216250000000001 0.408203125 0.140540625 0.40234375 0.12378437499999999 0.37890625 0.1140546875 0.34765625 0.11945937499999999 0.3369140625 0.1302703125 0.3173828125 0.14378437500000002
0 0.2490234375 0.2459453125 0.2802734375 0.260540625 0.3125 0.264865625 0.3349609375 0.2540546875 0.3388671875 0.240540625 0.35546875 0.22108124999999998 0.341796875 0.2091890625 0.3095703125 0.20270312499999998 0.2666015625 0.200540625 0.234375 0.1881078125 0.20703125 0.17621562500000001 0.1796875 0.17621562500000001 0.1640625 0.19729687499999998 0.17578125 0.21135156249999998 0.1953125 0.22540468749999998 0.22265625 0.240540625 0.2490234375 0.2459453125
1 0.3916015625 0.31567500000000004 0.390625 0.2918921875 0.390625 0.27675625 0.37890625 0.261621875 0.359375 0.255134375 0.314453125 0.263784375 0.2919921875 0.263784375 0.2626953125 0.262703125 0.2265625 0.258378125 0.181640625 0.260540625 0.16796875 0.2821625 0.201171875 0.300540625 0.23046875 0.3129734375 0.2763671875 0.3140546875 0.32421875 0.3108109375 0.359375 0.317296875 0.3916015625 0.31567500000000004
3 0.380859375 0.3497296875 0.37109375 0.3291890625 0.357421875 0.315134375 0.3056640625 0.316215625 0.2724609375 0.3140546875 0.240234375 0.3129734375 0.205078125 0.3108109375 0.173828125 0.3129734375 0.154296875 0.324865625 0.17578125 0.33351406250000004 0.208984375 0.33891875 0.2587890625 0.3454046875 0.3037109375 0.3529734375 0.3310546875 0.355134375 0.357421875 0.35729687499999996 0.380859375 0.3497296875
4 0.376953125 0.383784375 0.369140625 0.3697296875 0.34765625 0.36 0.3076171875 0.364325 0.2685546875 0.364325 0.2265625 0.358378125 0.1796875 0.36324375 0.173828125 0.377296875 0.216796875 0.3870265625 0.2548828125 0.3902703125 0.2958984375 0.3945953125 0.3349609375 0.39891875 0.36328125 0.3978375 0.376953125 0.383784375
5 0.36328125 0.440540625 0.380859375 0.42540468750000004 0.37890625 0.41513437499999994 0.3671875 0.401621875 0.3037109375 0.3978375 0.2646484375 0.40216250000000003 0.20703125 0.40756718750000004 0.17578125 0.41675625 0.185546875 0.43945937500000004 0.228515625 0.442703125 0.2666015625 0.43945937500000004 0.2958984375 0.43729687500000003 0.3310546875 0.438378125 0.36328125 0.440540625
6 0.375 0.4578375 0.37109375 0.442703125 0.3427734375 0.438378125 0.3134765625 0.443784375 0.2705078125 0.44594531249999997 0.234375 0.4491890625 0.203125 0.45351406250000004 0.19140625 0.46324375 0.197265625 0.47783749999999997 0.234375 0.4708109375 0.2802734375 0.4708109375 0.32421875 0.47351406249999994 0.34765625 0.47351406249999994 0.375 0.4724328125 0.375 0.4578375
7 0.37109375 0.48324375 0.3671875 0.4724328125 0.3134765625 0.47891874999999995 0.2900390625 0.48324375 0.2568359375 0.484325 0.228515625 0.48864843750000003 0.203125 0.4929734375 0.22265625 0.5037843750000001 0.2587890625 0.501621875 0.2900390625 0.502703125 0.3134765625 0.501621875 0.3427734375 0.501621875 0.375 0.499459375 0.37109375 0.48324375
8 0.369140625 0.5124328125 0.349609375 0.504865625 0.3212890625 0.5070265625 0.2861328125 0.5091890625 0.240234375 0.5124328125 0.2109375 0.52324375 0.220703125 0.5335140625 0.2509765625 0.5324328125 0.2958984375 0.535675 0.3310546875 0.5335140625 0.365234375 0.53675625 0.375 0.5275671875 0.369140625 0.5124328125
9 0.373046875 0.5735140624999999 0.376953125 0.559459375 0.38671875 0.5454046875 0.36328125 0.53675625 0.3388671875 0.535675 0.3115234375 0.535675 0.2783203125 0.54324375 0.2490234375 0.54324375 0.212890625 0.5454046875 0.20703125 0.555134375 0.23828125 0.557296875 0.2744140625 0.5616218749999999 0.3115234375 0.5681078125 0.349609375 0.5713515625000001 0.373046875 0.5735140624999999
10 0.36328125 0.6108109374999999 0.390625 0.6 0.392578125 0.584325 0.375 0.5735140624999999 0.3349609375 0.5713515625000001 0.2919921875 0.5724328125 0.2451171875 0.5767562500000001 0.20703125 0.5848656250000001 0.1640625 0.5902703125000001 0.16796875 0.604325 0.189453125 0.6075671875 0.236328125 0.6097296875 0.2744140625 0.6097296875 0.3017578125 0.6097296875 0.3310546875 0.6108109374999999 0.36328125 0.6108109374999999
11 0.390625 0.63675625 0.392578125 0.624865625 0.37109375 0.6118921875 0.3408203125 0.6118921875 0.3115234375 0.617296875 0.2822265625 0.6205406250000001 0.2529296875 0.624865625 0.22265625 0.6281078124999999 0.197265625 0.6345953125 0.1796875 0.6378375000000001 0.1796875 0.6491890625 0.201171875 0.6502703125 0.23046875 0.6481078124999999 0.2822265625 0.6491890625 0.3212890625 0.6481078124999999 0.3427734375 0.6513515625 0.365234375 0.6481078124999999 0.390625 0.63675625
12 0.376953125 0.6924328125 0.39453125 0.683784375 0.39453125 0.6664859375 0.37890625 0.655675 0.353515625 0.655675 0.3115234375 0.664325 0.2685546875 0.6718921875 0.224609375 0.677296875 0.1875 0.6902703125 0.216796875 0.7016218750000001 0.2509765625 0.6972968749999999 0.2802734375 0.700540625 0.3193359375 0.6945953125 0.349609375 0.6924328125 0.376953125 0.6924328125
14 0.416015625 0.7275671874999999 0.40625 0.71675625 0.40625 0.7059453125 0.396484375 0.6913515625 0.35546875 0.695675 0.3173828125 0.7081078125 0.2822265625 0.7081078125 0.2421875 0.7102703125 0.212890625 0.7286484375 0.232421875 0.737296875 0.2470703125 0.742703125 0.2666015625 0.7470265625 0.2900390625 0.7481078125 0.3154296875 0.7481078125 0.3388671875 0.7470265625 0.3828125 0.7545953125 0.3984375 0.7470265625 0.416015625 0.7275671874999999
15 0.201171875 0.8345953125 0.212890625 0.8464859375 0.2470703125 0.8443250000000001 0.2529296875 0.818378125 0.2607421875 0.7983781249999999 0.2744140625 0.7745953125 0.2998046875 0.762703125 0.3056640625 0.7481078125 0.2685546875 0.7481078125 0.240234375 0.741621875 0.21875 0.736215625 0.197265625 0.7491890625 0.1796875 0.7659453125 0.1875 0.7864859375 0.189453125 0.8091890625 0.201171875 0.8345953125
16 0.3154296875 0.764865625 0.2978515625 0.7702703125 0.2841796875 0.779459375 0.2958984375 0.801621875 0.2919921875 0.8454046875 0.3056640625 0.8594593749999999 0.3291015625 0.863784375 0.359375 0.8529734375 0.361328125 0.8335140624999999 0.369140625 0.817296875 0.400390625 0.796215625 0.3994140625 0.78108125 0.36328125 0.7735140625 0.3349609375 0.7681078125 0.3154296875 0.764865625