15 0.2895640625 0.53125 0.2778046875 0.517578125 0.2640859375 0.4921875 0.2454671875 0.4794921875 0.23517812500000002 0.5078125 0.2346890625 0.5400390625 0.2209703125 0.568359375 0.2003921875 0.599609375 0.20823125 0.6318359375 0.22488906250000001 0.64453125 0.24301875 0.6240234375 0.26065625 0.599609375 0.272415625 0.583984375 0.291034375 0.5654296875 0.2895640625 0.53125
7 0.514453125 0.505859375 0.4958359375 0.5224609375 0.5002453124999999 0.556640625 0.498284375 0.578125 0.496815625 0.609375 0.4977953125 0.65234375 0.4977953125 0.685546875 0.5041640625 0.708984375 0.508575 0.677734375 0.5110234375 0.65234375 0.51249375 0.6240234375 0.51494375 0.5966796875 0.5159234374999999 0.5556640625 0.514453125 0.505859375
8 0.485546875 0.5224609375 0.48015625 0.560546875 0.4767265625 0.5859375 0.47525781250000004 0.619140625 0.47525781250000004 0.650390625 0.4747671875 0.68359375 0.48407656250000003 0.7041015625 0.4889765625 0.66015625 0.48946562499999996 0.6328125 0.491915625 0.607421875 0.4953453125 0.5732421875 0.4958359375 0.5380859375 0.485546875 0.5224609375
9 0.48162656249999997 0.5029296875 0.46202812499999996 0.5458984375 0.4561484375 0.5712890625 0.457128125 0.6044921875 0.45320937499999997 0.6376953125 0.4546796875 0.6708984375 0.45565937500000003 0.7080078125 0.46643749999999995 0.708984375 0.4674171875 0.68359375 0.46986718749999995 0.6552734375 0.4713375 0.6201171875 0.4747671875 0.5869140625 0.4791765625 0.5400390625 0.48162656249999997 0.5029296875
10 0.43899999999999995 0.65234375 0.45075937499999996 0.625 0.45761874999999996 0.599609375 0.45320937499999997 0.578125 0.43899999999999995 0.583984375 0.4218515625 0.5869140625 0.4174421875 0.6171875 0.4218515625 0.64453125 0.43899999999999995 0.65234375
11 0.388534375 0.625 0.3944140625 0.6533203125 0.3998046875 0.6806640625 0.4061734375 0.7080078125 0.4140125 0.677734375 0.4140125 0.64453125 0.41499218750000005 0.615234375 0.4140125 0.57421875 0.3998046875 0.5712890625 0.3831453125 0.59375 0.388534375 0.625
6 0.540421875 0.5126953125 0.5213125 0.517578125 0.5188640625 0.541015625 0.516903125 0.568359375 0.51494375 0.6015625 0.51249375 0.6298828125 0.5110234375 0.66015625 0.5095546875 0.6953125 0.510534375 0.716796875 0.5232734375 0.716796875 0.5247421875 0.6962890625 0.5286625 0.669921875 0.5335625 0.6240234375 0.5389515625 0.5947265625 0.549240625 0.53125 0.540421875 0.5126953125
5 0.5737390625 0.59375 0.5820671875000001 0.5556640625 0.57471875 0.5283203125 0.561 0.5224609375 0.5477703125 0.55078125 0.54238125 0.5810546875 0.540421875 0.6142578125 0.53748125 0.6533203125 0.5350312500000001 0.69140625 0.5335625 0.7294921875 0.5350312500000001 0.7646484375 0.5477703125 0.77734375 0.5507109375 0.74609375 0.555609375 0.716796875 0.561 0.685546875 0.5644296875 0.6474609375 0.56981875 0.6123046875 0.5737390625 0.59375
2 0.30034375 0.5029296875 0.29789374999999996 0.482421875 0.2964234375 0.451171875 0.29495312500000004 0.41796875 0.2939734375 0.390625 0.2934828125 0.36328125 0.288584375 0.333984375 0.274375 0.3525390625 0.269475 0.390625 0.26555625 0.421875 0.25477656249999997 0.4580078125 0.25134687499999997 0.4892578125 0.2645765625 0.501953125 0.276825 0.521484375 0.29005312499999997 0.5283203125 0.30034375 0.5029296875
13 0.313571875 0.5712890625 0.3331703125 0.56640625 0.33464062499999997 0.54296875 0.33121093749999997 0.5126953125 0.3331703125 0.4814453125 0.3331703125 0.4521484375 0.329740625 0.4267578125 0.3282703125 0.3974609375 0.327290625 0.3720703125 0.3125921875 0.3798828125 0.3106328125 0.4052734375 0.3076921875 0.4384765625 0.3042625 0.4638671875 0.297403125 0.4873046875 0.28907343750000003 0.509765625 0.286134375 0.53515625 0.30279218750000003 0.560546875 0.313571875 0.5712890625
17 0.3419890625 0.4638671875 0.345909375 0.53125 0.3537484375 0.552734375 0.3694265625 0.5400390625 0.37775625 0.515625 0.3767765625 0.4892578125 0.37432656249999996 0.4638671875 0.3586484375 0.4599609375 0.3419890625 0.4638671875
19 0.45565937500000003 0.56640625 0.46006875 0.54296875 0.45565937500000003 0.509765625 0.44977968749999997 0.4765625 0.4492890625 0.4716796875 0.45075937499999996 0.4384765625 0.448309375 0.3984375 0.44292031249999997 0.36328125 0.437040625 0.32421875 0.4179328125 0.330078125 0.42675156249999996 0.3701171875 0.42675156249999996 0.4384765625 0.42675156249999996 0.4814453125 0.42626093750000005 0.5146484375 0.42626093750000005 0.55078125 0.430671875 0.576171875 0.443409375 0.5810546875 0.45565937500000003 0.56640625
29 0.5864765625 0.390625 0.5732484375 0.3779296875 0.5658984375 0.41015625 0.561 0.439453125 0.5546296875000001 0.47265625 0.5619796874999999 0.498046875 0.5732484375 0.4970703125 0.5796171875 0.46875 0.5845171875 0.43359375 0.5864765625 0.390625
23 0.610484375 0.490234375 0.6207734375 0.47265625 0.62714375 0.4521484375 0.6217546875 0.4306640625 0.6055859375 0.4306640625 0.597746875 0.4599609375 0.5903968749999999 0.4873046875 0.5820671875000001 0.5224609375 0.5801078125 0.548828125 0.5903968749999999 0.5654296875 0.601665625 0.5439453125 0.606565625 0.5107421875 0.610484375 0.490234375
24 0.6335124999999999 0.4765625 0.6193046875 0.4873046875 0.6144046875 0.5224609375 0.610975 0.5576171875 0.6286140625 0.578125 0.6413515624999999 0.57421875 0.6452718749999999 0.548828125 0.6447812500000001 0.5185546875 0.6462515625 0.4853515625 0.6335124999999999 0.4765625
25 0.67075 0.619140625 0.6898578125 0.5986328125 0.6986765625 0.5712890625 0.6908375 0.54296875 0.6834890625 0.5107421875 0.6810390625 0.482421875 0.6829984375 0.4541015625 0.6854484375000001 0.423828125 0.6692796875 0.4130859375 0.6560515625 0.44140625 0.652621875 0.47265625 0.652621875 0.5146484375 0.6462515625 0.54296875 0.6433125000000001 0.57421875 0.6413515624999999 0.6025390625 0.654090625 0.6123046875 0.67075 0.619140625
26 0.7408140624999999 0.53125 0.7354234374999999 0.4970703125 0.72954375 0.4697265625 0.7226843749999999 0.44140625 0.7217046875 0.416015625 0.7192546875 0.3798828125 0.70455625 0.388671875 0.700146875 0.42578125 0.6986765625 0.4638671875 0.6957375 0.5029296875 0.6947578125 0.53125 0.7011265625 0.5615234375 0.7123953125 0.576171875 0.7266046875 0.5439453125 0.7408140624999999 0.53125