31 0.4091796875 0.22831875 0.4208984375 0.2204796875 0.40234375 0.20137187499999998 0.3857421875 0.187653125 0.3662109375 0.1822640625 0.328125 0.1954921875 0.3076171875 0.20137187499999998 0.2783203125 0.21215156249999997 0.259765625 0.22195 0.263671875 0.2322390625 0.2900390625 0.23517812500000002 0.314453125 0.2371390625 0.357421875 0.23517812500000002 0.4091796875 0.22831875
2 0.3662109375 0.2827046875 0.3857421875 0.2797640625 0.4111328125 0.2782953125 0.435546875 0.277315625 0.453125 0.27290468749999997 0.453125 0.2577171875 0.4501953125 0.24448750000000002 0.4384765625 0.23370937500000002 0.4169921875 0.22782968750000002 0.3876953125 0.23370937500000002 0.35546875 0.24154843750000002 0.31640625 0.2479171875 0.2783203125 0.2577171875 0.2783203125 0.269965625 0.2900390625 0.27535468750000003 0.3115234375 0.2782953125 0.3408203125 0.28123437500000004 0.3662109375 0.2827046875
13 0.3642578125 0.324840625 0.396484375 0.32288125 0.423828125 0.3233703125 0.455078125 0.327290625 0.4794921875 0.32288125 0.4833984375 0.3081828125 0.4833984375 0.2920140625 0.4677734375 0.2797640625 0.4443359375 0.2758453125 0.423828125 0.2782953125 0.400390625 0.28319375 0.3818359375 0.286134375 0.3349609375 0.2915234375 0.3046875 0.2934828125 0.2998046875 0.3052421875 0.2998046875 0.3145515625 0.3134765625 0.32043125 0.3369140625 0.3219015625 0.3642578125 0.324840625
17 0.4404296875 0.3586484375 0.466796875 0.3591375 0.4951171875 0.3557078125 0.5126953125 0.35031875 0.515625 0.3351296875 0.4921875 0.327290625 0.4677734375 0.32778125 0.412109375 0.333659375 0.375 0.3366 0.3466796875 0.3366 0.326171875 0.35276874999999996 0.345703125 0.3561984375 0.3583984375 0.357178125 0.3818359375 0.357178125 0.412109375 0.357178125 0.4404296875 0.3586484375
18 0.453125 0.384125 0.5009765625 0.389515625 0.515625 0.382165625 0.529296875 0.3738359375 0.5185546875 0.3557078125 0.4765625 0.3591375 0.4404296875 0.3591375 0.388671875 0.357178125 0.3515625 0.3561984375 0.328125 0.357178125 0.3251953125 0.3645265625 0.3427734375 0.374815625 0.3974609375 0.38265625000000003 0.453125 0.384125
19 0.4052734375 0.41842187500000005 0.447265625 0.42381250000000004 0.4814453125 0.425771875 0.505859375 0.420871875 0.5263671875 0.41058281250000006 0.509765625 0.39637500000000003 0.4677734375 0.388534375 0.4326171875 0.386575 0.39453125 0.382165625 0.3544921875 0.3762859375 0.328125 0.37530625 0.3173828125 0.3900046875 0.3427734375 0.4017640625 0.36328125 0.41107343749999997 0.4052734375 0.41842187500000005
20 0.4462890625 0.459578125 0.4833984375 0.4630078125 0.5087890625 0.4615390625 0.52734375 0.457128125 0.529296875 0.448309375 0.5205078125 0.43459062499999995 0.4833984375 0.429690625 0.443359375 0.4287109375 0.4111328125 0.4287109375 0.369140625 0.43459062499999995 0.3427734375 0.4360609375 0.3017578125 0.4385109375 0.3173828125 0.448309375 0.3408203125 0.45222968750000003 0.36328125 0.45516875 0.4033203125 0.4566390625 0.4462890625 0.459578125
21 0.458984375 0.4948546875 0.4892578125 0.49387499999999995 0.521484375 0.491915625 0.5244140625 0.4835859375 0.5263671875 0.47182812500000004 0.5205078125 0.4610484375 0.4765625 0.4610484375 0.4228515625 0.45859843749999996 0.36328125 0.457128125 0.3369140625 0.457128125 0.28125 0.4639875 0.275390625 0.47427656249999994 0.302734375 0.4791765625 0.345703125 0.4835859375 0.3994140625 0.48505624999999997 0.458984375 0.4948546875
22 0.4892578125 0.5188640625 0.51171875 0.5178828125 0.5263671875 0.5164140625 0.52734375 0.5071046875 0.5146484375 0.4953453125 0.4814453125 0.4953453125 0.4501953125 0.4953453125 0.41796875 0.4948546875 0.3583984375 0.498284375 0.326171875 0.4997546875 0.3046875 0.503184375 0.3232421875 0.508575 0.384765625 0.5115140625000001 0.4267578125 0.5159234374999999 0.4609375 0.5188640625 0.4892578125 0.5188640625
30 0.3134765625 0.5394421875 0.326171875 0.5453203125 0.357421875 0.5472812499999999 0.400390625 0.5521796875 0.431640625 0.5521796875 0.458984375 0.5531609375000001 0.486328125 0.5531609375000001 0.515625 0.54875 0.52734375 0.5365015625 0.517578125 0.5237625 0.4912109375 0.5208234375 0.4580078125 0.5188640625 0.4208984375 0.51739375 0.3916015625 0.514453125 0.3515625 0.51004375 0.3232421875 0.512984375 0.29296875 0.510534375 0.2841796875 0.521803125 0.2822265625 0.5320921875 0.3134765625 0.5394421875
29 0.4794921875 0.5943171875 0.5087890625 0.5889265625 0.5185546875 0.5801078125 0.5146484375 0.56491875 0.4755859375 0.5561 0.431640625 0.556590625 0.40234375 0.5590390625 0.349609375 0.57226875 0.3232421875 0.5727578125 0.28125 0.581578125 0.296875 0.5918671875 0.3486328125 0.59480625 0.400390625 0.59480625 0.44140625 0.5943171875 0.4794921875 0.5943171875
23 0.3857421875 0.6256734374999999 0.412109375 0.6261640625 0.44921875 0.6256734374999999 0.4794921875 0.6286140625 0.5087890625 0.6286140625 0.515625 0.611465625 0.505859375 0.6050953125 0.498046875 0.5933359375 0.4580078125 0.5957859375 0.4208984375 0.597746875 0.3701171875 0.5933359375 0.3369140625 0.5962765625 0.314453125 0.596765625 0.3076171875 0.608525 0.3291015625 0.6173437500000001 0.345703125 0.620284375 0.3662109375 0.6246937499999999 0.3857421875 0.6256734374999999
24 0.3857421875 0.658990625 0.4208984375 0.65703125 0.455078125 0.6599703124999999 0.482421875 0.6599703124999999 0.5 0.65458125 0.5 0.6462515625 0.5009765625 0.6344921875 0.4736328125 0.6305734375000001 0.447265625 0.6276328125 0.40234375 0.6246937499999999 0.375 0.6217546875 0.3427734375 0.6212640625 0.3232421875 0.620284375 0.2939453125 0.624203125 0.302734375 0.6374328125 0.33984375 0.64968125 0.3603515625 0.65703125 0.3857421875 0.658990625
25 0.3935546875 0.70455625 0.435546875 0.707496875 0.4619140625 0.7060265625000001 0.4814453125 0.6942671875 0.4833984375 0.67466875 0.4833984375 0.6648703125 0.458984375 0.6585 0.419921875 0.6585 0.3916015625 0.6604609375 0.3603515625 0.6604609375 0.3232421875 0.6687890624999999 0.2880859375 0.6717296875 0.2802734375 0.6854484375000001 0.298828125 0.6986765625 0.3349609375 0.70210625 0.35546875 0.7030875 0.3935546875 0.70455625
26 0.4443359375 0.7564921874999999 0.44921875 0.7403234375000001 0.453125 0.730034375 0.458984375 0.718275 0.4462890625 0.708965625 0.4111328125 0.7065171875 0.3583984375 0.7065171875 0.328125 0.7109265625 0.291015625 0.7177859375 0.28515625 0.7310140625 0.3193359375 0.737384375 0.375 0.7476734375 0.4091796875 0.7564921874999999 0.4443359375 0.7564921874999999
27 0.4091796875 0.7947078125 0.4140625 0.7858890625 0.4326171875 0.7726609375 0.431640625 0.762371875 0.408203125 0.7555125 0.3642578125 0.7564921874999999 0.3232421875 0.7564921874999999 0.2822265625 0.7579625 0.2939453125 0.7706999999999999 0.326171875 0.7814796875 0.36328125 0.7907890625 0.39453125 0.7976484375 0.4091796875 0.7947078125
0 0.662109375 0.752571875 0.6796875 0.7564921874999999 0.673828125 0.7447328125 0.6484375 0.7339546875 0.615234375 0.7207250000000001 0.58984375 0.71190625 0.5712890625 0.7079859374999999 0.55078125 0.7006375 0.53515625 0.6908375 0.50390625 0.6883874999999999 0.486328125 0.708965625 0.4814453125 0.7324843750000001 0.5029296875 0.7413031250000001 0.5373234375 0.7457484375 0.638671875 0.762371875 0.625 0.7535515625 0.609375 0.74424375 0.583984375 0.7315046875 0.607421875 0.7324843750000001 0.626953125 0.7359140625 0.6474609375 0.7432624999999999 0.662109375 0.752571875
1 0.701171875 0.6825078125 0.6767578125 0.67075 0.642578125 0.6629109375 0.615234375 0.6555609375 0.59765625 0.6531109374999999 0.5859375 0.64968125 0.5625 0.6438015625 0.546875 0.637921875 0.529296875 0.638903125 0.5146484375 0.6438015625 0.51171875 0.6560515625 0.5126953125 0.6717296875 0.5068359375 0.6854484375000001 0.5390625 0.6893671875 0.5703125 0.692796875 0.595703125 0.695246875 0.6279296875 0.70455625 0.66015625 0.718275 0.689453125 0.7315046875 0.7099609375 0.7212156249999999 0.6865234375 0.70455625 0.6572265625 0.692796875 0.6337890625 0.683978125 0.609375 0.6780984375 0.6630859375 0.6854484375000001 0.6845703125 0.6908375 0.70703125 0.6991671875 0.7158203125 0.691328125 0.701171875 0.6825078125
3 0.5380859375 0.62714375 0.541015625 0.636453125 0.564453125 0.6408625 0.5869140625 0.6423328125000001 0.6220703125 0.6423328125000001 0.662109375 0.6482109375 0.6982421875 0.65703125 0.734375 0.65703125 0.7314453125 0.6467421875 0.705078125 0.6374328125 0.6826171875 0.63204375 0.6533203125 0.6232234375 0.609375 0.6168546874999999 0.5830078125 0.610975 0.5625 0.6080359375 0.5478515625 0.6139140624999999 0.5380859375 0.62714375
4 0.5478515625 0.5899062500000001 0.556640625 0.599215625 0.5703125 0.6080359375 0.595703125 0.6055859375 0.63671875 0.6055859375 0.6748046875 0.608525 0.6982421875 0.608525 0.734375 0.612934375 0.7607421875 0.610975 0.7451171875 0.603625 0.72265625 0.597746875 0.7099609375 0.5918671875 0.677734375 0.584028125 0.6337890625 0.581578125 0.615234375 0.581578125 0.5830078125 0.57716875 0.5615234375 0.5781484375 0.5478515625 0.5899062500000001
5 0.5537109375 0.5521796875 0.544921875 0.560509375 0.5625 0.5663890625 0.580078125 0.5707984374999999 0.603515625 0.5737390625 0.6298828125 0.57716875 0.65625 0.57716875 0.6806640625 0.57716875 0.7138671875 0.5801078125 0.748046875 0.583046875 0.765625 0.5801078125 0.7568359375 0.56491875 0.7333984375 0.5624687500000001 0.7080078125 0.5531609375000001 0.6796875 0.5472812499999999 0.650390625 0.542871875 0.6279296875 0.5409109375 0.6015625 0.54238125 0.583984375 0.5472812499999999 0.5537109375 0.5521796875
6 0.546875 0.5325828125000001 0.576171875 0.5365015625 0.61328125 0.5350312500000001 0.6572265625 0.5340515625 0.70703125 0.5320921875 0.748046875 0.5296421875 0.748046875 0.5193531250000001 0.7255859375 0.5178828125 0.7021484375 0.5178828125 0.6748046875 0.5164140625 0.64453125 0.5178828125 0.615234375 0.51494375 0.5771484375 0.5120046874999999 0.556640625 0.514453125 0.5390625 0.5193531250000001 0.546875 0.5325828125000001
7 0.5537109375 0.4997546875 0.568359375 0.5134734375 0.595703125 0.5134734375 0.6279296875 0.5115140625000001 0.6689453125 0.5115140625000001 0.701171875 0.512984375 0.7333984375 0.51004375 0.728515625 0.498775 0.7021484375 0.4948546875 0.6796875 0.4933859375 0.6494140625 0.4933859375 0.61328125 0.491915625 0.5927734375 0.491915625 0.55859375 0.48946562499999996 0.5537109375 0.4997546875
8 0.591796875 0.48946562499999996 0.64453125 0.4904453125 0.68359375 0.4933859375 0.7197265625 0.4948546875 0.7333984375 0.48946562499999996 0.716796875 0.47868750000000004 0.6796875 0.47329687500000006 0.6484375 0.475746875 0.607421875 0.46986718749999995 0.5732421875 0.4674171875 0.5537109375 0.47035781249999997 0.55859375 0.4889765625 0.591796875 0.48946562499999996
9 0.576171875 0.4659484375 0.607421875 0.4683984375 0.638671875 0.4688875 0.66796875 0.4688875 0.70703125 0.4659484375 0.7197265625 0.4615390625 0.71875 0.44782031250000004 0.6806640625 0.44634999999999997 0.6572265625 0.4453703125 0.626953125 0.4453703125 0.59765625 0.44439062500000004 0.5712890625 0.44292031249999997 0.556640625 0.44977968749999997 0.5556640625 0.4610484375 0.576171875 0.4659484375
10 0.591796875 0.44292031249999997 0.62109375 0.44439062500000004 0.654296875 0.4448796875 0.693359375 0.44634999999999997 0.7314453125 0.44145 0.7275390625 0.43018124999999996 0.7158203125 0.41695312500000004 0.6904296875 0.4066640625 0.666015625 0.4066640625 0.630859375 0.409603125 0.6015625 0.41058281250000006 0.5634765625 0.41548281249999997 0.5556640625 0.42528125 0.5712890625 0.43459062499999995 0.591796875 0.44292031249999997
11 0.5771484375 0.41107343749999997 0.5986328125 0.41058281250000006 0.638671875 0.41058281250000006 0.6806640625 0.4066640625 0.70703125 0.404703125 0.7451171875 0.400784375 0.77734375 0.3949046875 0.7421875 0.38265625000000003 0.705078125 0.3782453125 0.6533203125 0.3782453125 0.6044921875 0.3782453125 0.5771484375 0.382165625 0.5537109375 0.3855953125 0.544921875 0.39294531250000003 0.5556640625 0.403234375 0.5771484375 0.41107343749999997
12 0.580078125 0.382165625 0.6044921875 0.374815625 0.630859375 0.36795625 0.673828125 0.3650171875 0.716796875 0.357178125 0.7421875 0.347378125 0.7685546875 0.3366 0.775390625 0.32778125 0.7548828125 0.32778125 0.728515625 0.332190625 0.69921875 0.3351296875 0.6689453125 0.3375796875 0.6220703125 0.3444390625 0.5888671875 0.345909375 0.564453125 0.35031875 0.5419921875 0.357178125 0.53515625 0.36795625 0.546875 0.3811859375 0.580078125 0.382165625
14 0.6845703125 0.2665359375 0.65625 0.2738859375 0.62109375 0.2802546875 0.6005859375 0.28907343750000003 0.57421875 0.2920140625 0.5380859375 0.29789374999999996 0.517578125 0.3057328125 0.5126953125 0.318471875 0.5244140625 0.3307203125 0.5302734375 0.33904999999999996 0.5361328125 0.347378125 0.5537109375 0.3512984375 0.57421875 0.34394843750000004 0.59765625 0.3366 0.62109375 0.32925 0.6513671875 0.32043125 0.6708984375 0.3125921875 0.6923828125 0.3042625 0.72265625 0.29544375 0.72265625 0.28319375 0.6982421875 0.29005312499999997 0.6630859375 0.299853125 0.6337890625 0.3052421875 0.662109375 0.2915234375 0.673828125 0.281725 0.701171875 0.27535468750000003 0.7109375 0.25967656250000004 0.6845703125 0.2665359375
15 0.5732421875 0.2758453125 0.6015625 0.262615625 0.62109375 0.2508578125 0.638671875 0.24154843750000002 0.66015625 0.223909375 0.6689453125 0.2072515625 0.625 0.2190109375 0.59765625 0.226359375 0.5615234375 0.23664843750000003 0.5361328125 0.2435078125 0.5185546875 0.2464484375 0.4853515625 0.256246875 0.4765625 0.2778046875 0.50390625 0.29299375 0.5263671875 0.3008328125 0.552734375 0.29005312499999997 0.5732421875 0.2758453125