31 0.1915734375 0.4609375 0.20382187499999999 0.4609375 0.2165609375 0.4482421875 0.217540625 0.4169921875 0.2204796875 0.3876953125 0.22292968750000003 0.3623046875 0.22685 0.3291015625 0.22782968750000002 0.3017578125 0.22587031249999998 0.279296875 0.21558125 0.2685546875 0.20823125 0.267578125 0.19647187500000002 0.279296875 0.1905921875 0.30078125 0.18569375 0.328125 0.1822640625 0.3564453125 0.1749140625 0.3828125 0.1700140625 0.4052734375 0.1700140625 0.4296875 0.181284375 0.4443359375 0.1915734375 0.4609375
2 0.22685 0.50390625 0.24105781249999997 0.513671875 0.25379687500000003 0.5029296875 0.26310625 0.4951171875 0.26310625 0.4716796875 0.25820625 0.443359375 0.25820625 0.42578125 0.2621265625 0.4033203125 0.263596875 0.37890625 0.263596875 0.349609375 0.26506562499999997 0.3173828125 0.2484078125 0.298828125 0.2341984375 0.310546875 0.23076875000000002 0.3330078125 0.22782968750000002 0.3515625 0.2209703125 0.3798828125 0.2209703125 0.4052734375 0.21705000000000002 0.439453125 0.2097015625 0.4619140625 0.21558125 0.4990234375 0.22685 0.50390625
13 0.27045625 0.484375 0.2807453125 0.4912109375 0.2920140625 0.4912109375 0.304753125 0.4912109375 0.3125921875 0.462890625 0.3145515625 0.4384765625 0.31553125 0.416015625 0.3125921875 0.38671875 0.3101421875 0.357421875 0.3096515625 0.33984375 0.3076921875 0.310546875 0.3008328125 0.2958984375 0.286134375 0.294921875 0.2782953125 0.298828125 0.27290468749999997 0.3203125 0.26800625 0.341796875 0.2709453125 0.3603515625 0.2709453125 0.3828125 0.263596875 0.41015625 0.261146875 0.4296875 0.2601671875 0.4462890625 0.2660453125 0.46875 0.27045625 0.484375
17 0.33415 0.4912109375 0.3375796875 0.4794921875 0.343459375 0.4482421875 0.3493390625 0.421875 0.3493390625 0.3916015625 0.347378125 0.3544921875 0.34051875 0.3193359375 0.327290625 0.306640625 0.3219015625 0.3388671875 0.319940625 0.3642578125 0.31749218749999997 0.3994140625 0.31749218749999997 0.427734375 0.31749218749999997 0.4501953125 0.3140625 0.4775390625 0.324840625 0.4912109375 0.33415 0.4912109375
18 0.357178125 0.5146484375 0.3767765625 0.5009765625 0.375796875 0.45703125 0.375796875 0.4091796875 0.373346875 0.3671875 0.3615875 0.32421875 0.35276874999999996 0.2998046875 0.34051875 0.310546875 0.34492968749999997 0.3525390625 0.3493390625 0.3740234375 0.3493390625 0.404296875 0.34835937499999997 0.4443359375 0.34492968749999997 0.4619140625 0.3424796875 0.4814453125 0.34492968749999997 0.4990234375 0.357178125 0.5146484375
19 0.409603125 0.5078125 0.41548281249999997 0.490234375 0.4164625 0.451171875 0.41107343749999997 0.4052734375 0.4042140625 0.3740234375 0.3998046875 0.3408203125 0.39294531250000003 0.3154296875 0.37775625 0.3154296875 0.374815625 0.359375 0.37432656249999996 0.384765625 0.37432656249999996 0.4140625 0.37775625 0.4775390625 0.3831453125 0.509765625 0.393434375 0.529296875 0.4017640625 0.529296875 0.409603125 0.5078125
20 0.448309375 0.5361328125 0.45222968750000003 0.5146484375 0.45125000000000004 0.4775390625 0.4439 0.4501953125 0.4448796875 0.4111328125 0.44292031249999997 0.384765625 0.44292031249999997 0.3544921875 0.437040625 0.32421875 0.42822187500000003 0.3388671875 0.42283125000000005 0.384765625 0.41940156249999994 0.435546875 0.4164625 0.4658203125 0.41548281249999997 0.494140625 0.4164625 0.5146484375 0.4218515625 0.5419921875 0.4341015625 0.5419921875 0.448309375 0.5361328125
21 0.49289531249999996 0.53125 0.49730468749999995 0.494140625 0.4889765625 0.451171875 0.485546875 0.3955078125 0.4821171875 0.34765625 0.47966718750000004 0.32421875 0.4634984375 0.2978515625 0.457128125 0.3134765625 0.45565937500000003 0.3525390625 0.45369843750000005 0.3916015625 0.45026875000000005 0.451171875 0.45026875000000005 0.4873046875 0.45369843750000005 0.5185546875 0.464478125 0.54296875 0.47966718750000004 0.5419921875 0.49289531249999996 0.53125
22 0.5394421875 0.513671875 0.5394421875 0.4638671875 0.5345421875 0.419921875 0.5316015625 0.3681640625 0.529153125 0.3388671875 0.5247421875 0.30859375 0.512984375 0.3037109375 0.5075937500000001 0.3330078125 0.506125 0.3779296875 0.496325 0.4306640625 0.4977953125 0.4658203125 0.5007343750000001 0.5341796875 0.512984375 0.54296875 0.5335625 0.5380859375 0.5394421875 0.513671875
30 0.574228125 0.4599609375 0.57226875 0.421875 0.57226875 0.3779296875 0.5663890625 0.341796875 0.56345 0.30859375 0.5511999999999999 0.2890625 0.54238125 0.349609375 0.54483125 0.3955078125 0.5438515625 0.458984375 0.5414015625 0.51171875 0.5546296875000001 0.5322265625 0.57226875 0.53125 0.576678125 0.505859375 0.574228125 0.4599609375
29 0.6144046875 0.4443359375 0.612934375 0.3974609375 0.6139140624999999 0.35546875 0.6144046875 0.31640625 0.6158750000000001 0.2861328125 0.612934375 0.2646484375 0.5982359374999999 0.2626953125 0.5943171875 0.3017578125 0.585496875 0.34765625 0.576678125 0.4130859375 0.5756984375 0.458984375 0.5820671875000001 0.513671875 0.6031359375 0.529296875 0.6119546875 0.4951171875 0.6144046875 0.4443359375
25 0.7192546875 0.40234375 0.71680625 0.3701171875 0.7172953125 0.3212890625 0.7172953125 0.294921875 0.7035765625 0.2802734375 0.683978125 0.287109375 0.6785890625000001 0.3388671875 0.6687890624999999 0.4072265625 0.6668296875 0.4619140625 0.6829984375 0.494140625 0.70700625 0.4794921875 0.7172953125 0.4677734375 0.7217046875 0.43359375 0.7192546875 0.40234375
26 0.7677609375000001 0.4482421875 0.77315 0.421875 0.7672703125 0.3876953125 0.7609015625 0.3583984375 0.757471875 0.326171875 0.757471875 0.2998046875 0.751103125 0.27734375 0.7398328125 0.255859375 0.7261140625 0.2841796875 0.723665625 0.3154296875 0.7246453125000001 0.3828125 0.7226843749999999 0.4267578125 0.723665625 0.453125 0.730034375 0.470703125 0.7555125 0.458984375 0.7677609375000001 0.4482421875
0 0.7628609375 0.51171875 0.7447328125 0.5009765625 0.725625 0.5078125 0.7104359375 0.5166015625 0.7035765625 0.54296875 0.7104359375 0.5751953125 0.7158249999999999 0.5947265625 0.723665625 0.6123046875 0.7315046875 0.638671875 0.738853125 0.66015625 0.7447328125 0.6787109375 0.751103125 0.6962890625 0.76433125 0.705078125 0.7633515625 0.689453125 0.7535515625 0.6669921875 0.7457125 0.6416015625 0.7403234375000001 0.623046875 0.7491421875000001 0.6103515625 0.757471875 0.6298828125 0.77168125 0.6650390625 0.7839296874999999 0.689453125 0.7902984375 0.6689453125 0.7854 0.63671875 0.7721703125 0.6064453125 0.7653109375 0.5693359375 0.7628609375 0.51171875
1 0.70945625 0.599609375 0.7079859374999999 0.5712890625 0.7050468750000001 0.54296875 0.6972078125000001 0.5234375 0.6805484374999999 0.5185546875 0.6634 0.5185546875 0.6487015625 0.5341796875 0.6491921875 0.560546875 0.6599703124999999 0.583984375 0.665359375 0.6103515625 0.665359375 0.6435546875 0.6697703125000001 0.669921875 0.6766296875 0.6953125 0.6849578125 0.7236328125 0.6962265624999999 0.7373046875 0.7084765625 0.7412109375 0.7035765625 0.7158203125 0.6962265624999999 0.7041015625 0.6883874999999999 0.677734375 0.683978125 0.6611328125 0.683978125 0.6435546875 0.6937781249999999 0.634765625 0.7040671875 0.6611328125 0.7138656250000001 0.6826171875 0.7192546875 0.7041015625 0.7310140625 0.73046875 0.7378734375 0.70703125 0.7290546875 0.677734375 0.71680625 0.63671875 0.70945625 0.599609375
3 0.6501718750000001 0.58203125 0.6413515624999999 0.548828125 0.62714375 0.548828125 0.6173437500000001 0.560546875 0.6119546875 0.583984375 0.620284375 0.5927734375 0.6261640625 0.6123046875 0.6300828125 0.6318359375 0.6393921875 0.671875 0.6467421875 0.693359375 0.6555609375 0.7216796875 0.6697703125000001 0.7548828125 0.6722187500000001 0.7265625 0.6643796875 0.6953125 0.658990625 0.658203125 0.6521312499999999 0.6279296875 0.6501718750000001 0.58203125
4 0.585496875 0.5771484375 0.5810875 0.6015625 0.5952968750000001 0.6474609375 0.6031359375 0.677734375 0.6148953125000001 0.7177734375 0.6300828125 0.7353515625 0.6300828125 0.7041015625 0.6217546875 0.67578125 0.618325 0.6416015625 0.6148953125000001 0.6103515625 0.6139140624999999 0.5771484375 0.6031359375 0.5615234375 0.585496875 0.5771484375
5 0.57716875 0.5732421875 0.561 0.556640625 0.5458109375 0.576171875 0.544340625 0.6162109375 0.5561 0.6455078125 0.561 0.669921875 0.567859375 0.6953125 0.5801078125 0.7373046875 0.5899062500000001 0.7568359375 0.59970625 0.7744140625 0.610484375 0.7548828125 0.59970625 0.712890625 0.5938265625 0.6787109375 0.5894171874999999 0.65234375 0.585496875 0.62109375 0.57716875 0.5732421875
6 0.5164140625 0.5625 0.51494375 0.5927734375 0.521803125 0.6259765625 0.528171875 0.6630859375 0.530621875 0.6962890625 0.5433609374999999 0.7353515625 0.555609375 0.732421875 0.5467906250000001 0.69140625 0.54483125 0.65625 0.5438515625 0.619140625 0.54238125 0.578125 0.529153125 0.5625 0.5164140625 0.5625
7 0.506125 0.568359375 0.4933859375 0.564453125 0.48848593749999997 0.580078125 0.496325 0.60546875 0.498775 0.6259765625 0.503184375 0.6416015625 0.508575 0.669921875 0.5120046874999999 0.6953125 0.521803125 0.7158203125 0.5296421875 0.7158203125 0.5271921875000001 0.677734375 0.521803125 0.6435546875 0.5159234374999999 0.6142578125 0.5120046874999999 0.5888671875 0.506125 0.568359375
10 0.4336109375 0.6806640625 0.44145 0.6298828125 0.4448796875 0.5869140625 0.4341015625 0.5576171875 0.42038281250000004 0.5576171875 0.40519375 0.564453125 0.4061734375 0.6298828125 0.403234375 0.6669921875 0.39784375 0.7236328125 0.390984375 0.76171875 0.389025 0.78515625 0.400784375 0.78515625 0.41107343749999997 0.7705078125 0.42479218750000003 0.7353515625 0.4336109375 0.6806640625
11 0.373346875 0.73046875 0.3831453125 0.7021484375 0.390984375 0.658203125 0.39784375 0.6259765625 0.4017640625 0.5859375 0.39784375 0.5537109375 0.3787359375 0.5556640625 0.3669765625 0.5859375 0.3669765625 0.619140625 0.36060781249999996 0.6669921875 0.357178125 0.7041015625 0.3493390625 0.744140625 0.36550781250000003 0.75 0.373346875 0.73046875
12 0.357178125 0.6474609375 0.3669765625 0.60546875 0.373346875 0.5732421875 0.363546875 0.546875 0.34688906249999996 0.54296875 0.33610937500000004 0.5537109375 0.33610937500000004 0.583984375 0.33415 0.603515625 0.3317 0.6318359375 0.3317 0.6806640625 0.3238609375 0.7353515625 0.31553125 0.765625 0.329740625 0.76953125 0.3380703125 0.744140625 0.34394843750000004 0.712890625 0.3517890625 0.6787109375 0.357178125 0.6474609375
14 0.31749218749999997 0.689453125 0.31651093750000003 0.65234375 0.3243515625 0.6123046875 0.33415 0.5908203125 0.33610937500000004 0.56640625 0.3194515625 0.546875 0.306221875 0.5166015625 0.29544375 0.5166015625 0.283684375 0.5234375 0.276825 0.548828125 0.276825 0.5732421875 0.27339531250000004 0.6015625 0.262615625 0.6259765625 0.2518375 0.6630859375 0.237628125 0.7001953125 0.236159375 0.724609375 0.244978125 0.7421875 0.262615625 0.7041015625 0.27045625 0.6865234375 0.276825 0.669921875 0.28564375000000003 0.650390625 0.2969125 0.63671875 0.2969125 0.66015625 0.2920140625 0.69140625 0.28662343749999997 0.7197265625 0.2778046875 0.75 0.278784375 0.779296875 0.28907343750000003 0.7587890625 0.302303125 0.7265625 0.31749218749999997 0.689453125
23 0.6325328125 0.5205078125 0.6462515625 0.505859375 0.647721875 0.482421875 0.64723125 0.4521484375 0.6438015625 0.423828125 0.6374328125 0.3857421875 0.6369421875 0.34765625 0.6344921875 0.31640625 0.6325328125 0.2783203125 0.6178343749999999 0.2919921875 0.6158750000000001 0.341796875 0.6139140624999999 0.3701171875 0.6095046875000001 0.400390625 0.6075453125 0.4287109375 0.606565625 0.45703125 0.6080359375 0.4892578125 0.6193046875 0.5048828125 0.6325328125 0.5205078125
8 0.4767265625 0.56640625 0.4747671875 0.5966796875 0.4728078125 0.6298828125 0.4728078125 0.66796875 0.4762375 0.7080078125 0.48505624999999997 0.734375 0.4958359375 0.7265625 0.498284375 0.6982421875 0.49926562499999994 0.6572265625 0.4977953125 0.609375 0.48946562499999996 0.583984375 0.4767265625 0.56640625
9 0.4610484375 0.560546875 0.44585937500000006 0.5556640625 0.44439062500000004 0.599609375 0.4453703125 0.6318359375 0.44585937500000006 0.658203125 0.448309375 0.6962890625 0.4473296875 0.736328125 0.46986718749999995 0.7392578125 0.4713375 0.7109375 0.4723171875 0.6650390625 0.4737875 0.626953125 0.47525781250000004 0.599609375 0.4723171875 0.5634765625 0.4610484375 0.560546875