2 0.29735 0.5458984375 0.29735 0.513671875 0.30029374999999997 0.48828125 0.3042203125 0.4716796875 0.3081453125 0.451171875 0.3076546875 0.435546875 0.293425 0.427734375 0.2836109375 0.4287109375 0.2684 0.431640625 0.259078125 0.4501953125 0.25613281250000003 0.4755859375 0.25956875 0.5 0.264965625 0.5322265625 0.259078125 0.5595703125 0.25760625 0.58203125 0.25760625 0.603515625 0.263984375 0.611328125 0.2787046875 0.611328125 0.289009375 0.599609375 0.291953125 0.57421875 0.29735 0.5458984375
13 0.3370953125 0.5732421875 0.3439640625 0.537109375 0.350834375 0.509765625 0.3621203125 0.4912109375 0.3621203125 0.47265625 0.357703125 0.4580078125 0.3400390625 0.443359375 0.328753125 0.439453125 0.31894062500000003 0.4345703125 0.3105984375 0.44921875 0.3081453125 0.4560546875 0.3110890625 0.478515625 0.30863593749999996 0.4921875 0.3056921875 0.513671875 0.3056921875 0.5380859375 0.2953875 0.5556640625 0.2914625 0.5810546875 0.289990625 0.5986328125 0.298821875 0.611328125 0.3081453125 0.6103515625 0.32335625 0.6142578125 0.3321890625 0.591796875 0.3370953125 0.5732421875
19 0.43866562499999995 0.4794921875 0.4308140625 0.4462890625 0.40824375 0.4521484375 0.3989203125 0.4697265625 0.3989203125 0.4990234375 0.4008828125 0.541015625 0.40186406249999995 0.58203125 0.4072625 0.6318359375 0.41216875000000003 0.6552734375 0.4219828125 0.626953125 0.4308140625 0.59765625 0.4337578125 0.552734375 0.436703125 0.513671875 0.43866562499999995 0.4794921875
21 0.496565625 0.5234375 0.4872421875 0.4990234375 0.47350312499999997 0.5126953125 0.467615625 0.5439453125 0.46614374999999997 0.576171875 0.46614374999999997 0.6171875 0.46418125000000005 0.6416015625 0.46957812499999996 0.6748046875 0.48037343750000006 0.6708984375 0.4901859375 0.6318359375 0.49411250000000007 0.609375 0.49705625 0.572265625 0.496565625 0.5234375
29 0.6099109375 0.509765625 0.6079484374999999 0.4873046875 0.5981359375 0.4638671875 0.58586875 0.4912109375 0.582925 0.529296875 0.58685 0.564453125 0.58390625 0.609375 0.58783125 0.6435546875 0.6000984375 0.6337890625 0.6069671875 0.60546875 0.6079484374999999 0.5859375 0.61089375 0.5546875 0.6099109375 0.509765625
1 0.7276734375 0.4853515625 0.7428859375 0.478515625 0.7468109375 0.4599609375 0.7571140625 0.41015625 0.764965625 0.3876953125 0.7723265625 0.3671875 0.7762515624999999 0.349609375 0.767909375 0.330078125 0.7463203125 0.322265625 0.73454375 0.3515625 0.7237484375000001 0.375 0.707065625 0.3974609375 0.6967609375 0.419921875 0.6957796875 0.4423828125 0.701178125 0.462890625 0.7276734375 0.4853515625
4 0.610403125 0.4619140625 0.6158 0.427734375 0.619234375 0.396484375 0.61285625 0.35546875 0.6074578125000001 0.3203125 0.6030421875 0.2978515625 0.5927374999999999 0.306640625 0.5927374999999999 0.3359375 0.5888125 0.3662109375 0.591265625 0.38671875 0.5922468750000001 0.4189453125 0.5927374999999999 0.431640625 0.5966640625 0.455078125 0.610403125 0.4619140625
5 0.585378125 0.4111328125 0.5888125 0.3701171875 0.584396875 0.34375 0.584396875 0.3115234375 0.5740921875 0.30078125 0.562315625 0.318359375 0.56084375 0.361328125 0.554465625 0.3896484375 0.559371875 0.4384765625 0.5672234375 0.462890625 0.5785078125 0.453125 0.585378125 0.4111328125
7 0.532384375 0.4345703125 0.534346875 0.4013671875 0.52796875 0.359375 0.5269874999999999 0.322265625 0.524534375 0.287109375 0.5093234375 0.2958984375 0.5078515625 0.34375 0.5078515625 0.380859375 0.50490625 0.4150390625 0.5083421875 0.453125 0.5127578125000001 0.482421875 0.5255156249999999 0.4580078125 0.532384375 0.4345703125
6 0.5490671875 0.3115234375 0.5392546874999999 0.291015625 0.534346875 0.3134765625 0.52895 0.341796875 0.532384375 0.392578125 0.5377828124999999 0.4248046875 0.5368015625 0.466796875 0.5485765625 0.46484375 0.552503125 0.416015625 0.554465625 0.3720703125 0.555446875 0.33984375 0.5490671875 0.3115234375
8 0.4852796875 0.3857421875 0.4852796875 0.4189453125 0.4882234375 0.4423828125 0.49411250000000007 0.4560546875 0.499509375 0.4169921875 0.4980375 0.361328125 0.493621875 0.341796875 0.4828265625 0.3525390625 0.4852796875 0.3857421875
9 0.477428125 0.4013671875 0.476446875 0.375 0.476446875 0.3466796875 0.4730125 0.3203125 0.4631984375 0.322265625 0.45878281249999997 0.3359375 0.45632968749999997 0.3642578125 0.45632968749999997 0.3818359375 0.45731093749999996 0.4072265625 0.4607453125 0.4296875 0.46712499999999996 0.4580078125 0.47399375 0.453125 0.476446875 0.42578125 0.477428125 0.4013671875
10 0.4308140625 0.2822265625 0.4224734375 0.291015625 0.41265937499999994 0.306640625 0.41364062500000004 0.337890625 0.41462187500000003 0.36328125 0.41805624999999996 0.3984375 0.42639843749999995 0.4248046875 0.436703125 0.44921875 0.444553125 0.447265625 0.4489703125 0.412109375 0.45191406250000005 0.39453125 0.45289531250000004 0.3701171875 0.44111874999999995 0.326171875 0.4308140625 0.2822265625
11 0.3969578125 0.3095703125 0.38714375 0.3046875 0.38714375 0.326171875 0.38910625 0.35546875 0.3905796875 0.3837890625 0.3905796875 0.41015625 0.3949953125 0.4453125 0.40235468750000003 0.4580078125 0.41118750000000004 0.44921875 0.41658437499999995 0.431640625 0.41560312499999996 0.3984375 0.41265937499999994 0.3681640625 0.406771875 0.337890625 0.3969578125 0.3095703125
12 0.352796875 0.3330078125 0.35721250000000004 0.361328125 0.3616296875 0.3935546875 0.3660453125 0.42578125 0.384690625 0.42578125 0.3842 0.39453125 0.37733125 0.376953125 0.3748765625 0.3466796875 0.36800781250000003 0.31640625 0.352796875 0.3330078125