2 0.3233703125 0.5732421875 0.32092187499999997 0.5556640625 0.3194515625 0.5224609375 0.31553125 0.5087890625 0.3096515625 0.498046875 0.3013234375 0.4931640625 0.2934828125 0.498046875 0.286134375 0.51171875 0.2778046875 0.5244140625 0.27192500000000003 0.5439453125 0.2822140625 0.57421875 0.2915234375 0.59765625 0.2988734375 0.630859375 0.30377343749999997 0.650390625 0.3067125 0.6767578125 0.3233703125 0.6767578125 0.3287609375 0.640625 0.329740625 0.6171875 0.32778125 0.5966796875 0.3233703125 0.5732421875
13 0.3625671875 0.5224609375 0.3625671875 0.494140625 0.361096875 0.4755859375 0.3557078125 0.4599609375 0.34688906249999996 0.453125 0.3370890625 0.4560546875 0.3263109375 0.4619140625 0.31651093750000003 0.4677734375 0.3121015625 0.49609375 0.319940625 0.529296875 0.3268 0.560546875 0.33022968750000004 0.6005859375 0.3375796875 0.6171875 0.3375796875 0.642578125 0.34541875 0.6455078125 0.3586484375 0.6337890625 0.3625671875 0.6123046875 0.3625671875 0.5732421875 0.3625671875 0.5478515625 0.3625671875 0.5224609375
17 0.384615625 0.4716796875 0.368446875 0.458984375 0.3625671875 0.4580078125 0.3561984375 0.46484375 0.3542375 0.48046875 0.35521875 0.5 0.3601171875 0.5283203125 0.361096875 0.5654296875 0.3615875 0.59375 0.3645265625 0.6171875 0.37775625 0.591796875 0.3831453125 0.5634765625 0.3855953125 0.53515625 0.389025 0.5068359375 0.384615625 0.4716796875
22 0.5325828125000001 0.4697265625 0.5369921875 0.4501953125 0.5384609375 0.443359375 0.5394421875 0.431640625 0.540421875 0.4169921875 0.5409109375 0.4072265625 0.5369921875 0.4013671875 0.530621875 0.3984375 0.521803125 0.400390625 0.5188640625 0.404296875 0.51739375 0.4228515625 0.514453125 0.44140625 0.5115140625000001 0.458984375 0.5090640625 0.4921875 0.5090640625 0.5126953125 0.5090640625 0.5380859375 0.5115140625000001 0.5771484375 0.515434375 0.59375 0.5198437499999999 0.5849609375 0.5227828125 0.55859375 0.5301328125 0.5302734375 0.5325828125000001 0.4970703125 0.5325828125000001 0.4697265625
30 0.5551203124999999 0.5234375 0.55855 0.5029296875 0.56491875 0.46484375 0.5668796875 0.4453125 0.5683484375 0.4326171875 0.5688390625 0.4228515625 0.56736875 0.412109375 0.56491875 0.4052734375 0.5595296875 0.40234375 0.5541406249999999 0.40234375 0.54973125 0.404296875 0.54238125 0.4111328125 0.5409109375 0.42578125 0.5409109375 0.4365234375 0.5394421875 0.4560546875 0.5369921875 0.501953125 0.5350312500000001 0.5244140625 0.5286625 0.5498046875 0.5301328125 0.5810546875 0.5325828125000001 0.5908203125 0.5394421875 0.5888671875 0.542871875 0.5771484375 0.5467906250000001 0.5595703125 0.5507109375 0.54296875 0.5551203124999999 0.5234375
29 0.5899062500000001 0.5205078125 0.5899062500000001 0.4921875 0.5952968750000001 0.4697265625 0.5952968750000001 0.4482421875 0.5962765625 0.4384765625 0.5962765625 0.4267578125 0.5957859375 0.4150390625 0.5913765625 0.4052734375 0.584028125 0.400390625 0.5796171875 0.400390625 0.5737390625 0.4052734375 0.5658984375 0.41796875 0.5624687500000001 0.44140625 0.5639390625 0.4677734375 0.565409375 0.525390625 0.565409375 0.546875 0.56736875 0.5859375 0.5707984374999999 0.60546875 0.5707984374999999 0.619140625 0.5781484375 0.6142578125 0.581578125 0.5888671875 0.5850078125 0.5654296875 0.5864765625 0.546875 0.5899062500000001 0.5205078125
4 0.636453125 0.451171875 0.6457625 0.4443359375 0.6531109374999999 0.44140625 0.6560515625 0.4208984375 0.6531109374999999 0.380859375 0.6575203125 0.3515625 0.658990625 0.3154296875 0.6619296875 0.2958984375 0.663890625 0.271484375 0.651640625 0.2724609375 0.6408625 0.2880859375 0.6344921875 0.314453125 0.6300828125 0.3427734375 0.625184375 0.3759765625 0.6207734375 0.3984375 0.6193046875 0.4140625 0.6246937499999999 0.44140625 0.636453125 0.451171875
5 0.6031359375 0.439453125 0.6163640625 0.431640625 0.6188140625 0.3984375 0.6188140625 0.3740234375 0.6163640625 0.345703125 0.6163640625 0.3193359375 0.6188140625 0.2939453125 0.62224375 0.2685546875 0.612934375 0.2666015625 0.60215625 0.30078125 0.59725625 0.3330078125 0.5938265625 0.3671875 0.5835375 0.404296875 0.581578125 0.423828125 0.5908875 0.4296875 0.6031359375 0.439453125
6 0.5786374999999999 0.3427734375 0.5786374999999999 0.3251953125 0.574228125 0.2978515625 0.5732484375 0.2783203125 0.574228125 0.2626953125 0.5707984374999999 0.2470703125 0.5619796874999999 0.263671875 0.5575703125 0.2822265625 0.5526703125 0.3095703125 0.549240625 0.3330078125 0.54973125 0.3623046875 0.54973125 0.404296875 0.5507109375 0.4228515625 0.5575703125 0.4384765625 0.569328125 0.4384765625 0.5776578125 0.4296875 0.583046875 0.4248046875 0.5805984375000001 0.4052734375 0.581578125 0.392578125 0.5805984375000001 0.3759765625 0.5786374999999999 0.3427734375
7 0.54238125 0.322265625 0.53748125 0.2958984375 0.5296421875 0.3193359375 0.52229375 0.3388671875 0.5188640625 0.4052734375 0.5183734375 0.423828125 0.5159234374999999 0.439453125 0.52229375 0.4375 0.5360125 0.4384765625 0.5433609374999999 0.4375 0.5477703125 0.4228515625 0.5463015625 0.40234375 0.5453203125 0.373046875 0.5453203125 0.34375 0.54238125 0.322265625
9 0.48946562499999996 0.4375 0.4889765625 0.40234375 0.47819687499999997 0.380859375 0.46986718749999995 0.328125 0.4630078125 0.2978515625 0.45271875 0.275390625 0.44880000000000003 0.30859375 0.45271875 0.322265625 0.45369843750000005 0.3427734375 0.458109375 0.37109375 0.459578125 0.41015625 0.4659484375 0.4384765625 0.480646875 0.44140625 0.48946562499999996 0.4375
10 0.41842187500000005 0.25390625 0.41058281250000006 0.2744140625 0.41548281249999997 0.3095703125 0.42136250000000003 0.3486328125 0.42332187499999996 0.3896484375 0.42332187499999996 0.4189453125 0.4336109375 0.447265625 0.44880000000000003 0.447265625 0.4566390625 0.4208984375 0.45369843750000005 0.3779296875 0.44439062500000004 0.3330078125 0.437040625 0.2978515625 0.42626093750000005 0.26953125 0.41842187500000005 0.25390625
11 0.379715625 0.248046875 0.3860859375 0.275390625 0.387065625 0.29296875 0.387065625 0.3525390625 0.387065625 0.3837890625 0.3855953125 0.4296875 0.3998046875 0.4453125 0.4179328125 0.439453125 0.42136250000000003 0.41015625 0.4140125 0.3466796875 0.4081328125 0.3134765625 0.390984375 0.2548828125 0.379715625 0.248046875
12 0.3855953125 0.4228515625 0.3855953125 0.3974609375 0.37530625 0.3525390625 0.370896875 0.314453125 0.3640375 0.2841796875 0.35031875 0.263671875 0.357178125 0.3134765625 0.357178125 0.314453125 0.35766718750000004 0.35546875 0.3566875 0.376953125 0.3566875 0.4267578125 0.36550781250000003 0.4443359375 0.38020624999999997 0.4501953125 0.3855953125 0.4228515625
8 0.501715625 0.443359375 0.51494375 0.43359375 0.5188640625 0.41015625 0.5120046874999999 0.3779296875 0.5071046875 0.3447265625 0.5022046875 0.3095703125 0.5022046875 0.2880859375 0.485546875 0.2919921875 0.48750625000000003 0.326171875 0.4889765625 0.3544921875 0.48750625000000003 0.384765625 0.4889765625 0.408203125 0.4889765625 0.43359375 0.501715625 0.443359375
16 0.2797640625 0.5048828125 0.286134375 0.4794921875 0.292503125 0.451171875 0.2846640625 0.4306640625 0.27045625 0.4267578125 0.25918593749999996 0.41796875 0.2464484375 0.4140625 0.23370937500000002 0.4130859375 0.21999062500000002 0.4189453125 0.20578124999999997 0.42578125 0.20333125000000002 0.4462890625 0.2209703125 0.458984375 0.23517812500000002 0.484375 0.2464484375 0.5126953125 0.25967656250000004 0.533203125 0.27192500000000003 0.52734375 0.2797640625 0.5048828125