2 0.2934828125 0.501953125 0.3013234375 0.5068359375 0.3096515625 0.501953125 0.31553125 0.4912109375 0.3194515625 0.4775390625 0.32092187499999997 0.4443359375 0.3233703125 0.4267578125 0.32778125 0.4033203125 0.329740625 0.3828125 0.3287609375 0.359375 0.3233703125 0.3232421875 0.3067125 0.3232421875 0.30377343749999997 0.349609375 0.2988734375 0.369140625 0.2915234375 0.40234375 0.2822140625 0.42578125 0.27192500000000003 0.4560546875 0.2778046875 0.4755859375 0.286134375 0.48828125 0.2934828125 0.501953125
13 0.3263109375 0.5380859375 0.3370890625 0.5439453125 0.34688906249999996 0.546875 0.3557078125 0.5400390625 0.361096875 0.5244140625 0.3625671875 0.505859375 0.3625671875 0.4775390625 0.3625671875 0.4521484375 0.3625671875 0.4267578125 0.3625671875 0.3876953125 0.3586484375 0.3662109375 0.34541875 0.3544921875 0.3375796875 0.357421875 0.3375796875 0.3828125 0.33022968750000004 0.3994140625 0.3268 0.439453125 0.319940625 0.470703125 0.3121015625 0.50390625 0.31651093750000003 0.5322265625 0.3263109375 0.5380859375
17 0.368446875 0.541015625 0.384615625 0.5283203125 0.389025 0.4931640625 0.3855953125 0.46484375 0.3831453125 0.4365234375 0.37775625 0.408203125 0.3645265625 0.3828125 0.3615875 0.40625 0.361096875 0.4345703125 0.3601171875 0.4716796875 0.35521875 0.5 0.3542375 0.51953125 0.3561984375 0.53515625 0.3625671875 0.5419921875 0.368446875 0.541015625
22 0.5188640625 0.595703125 0.521803125 0.599609375 0.530621875 0.6015625 0.5369921875 0.5986328125 0.5409109375 0.5927734375 0.540421875 0.5830078125 0.5394421875 0.568359375 0.5384609375 0.556640625 0.5369921875 0.5498046875 0.5325828125000001 0.5302734375 0.5325828125000001 0.5029296875 0.5301328125 0.4697265625 0.5227828125 0.44140625 0.5198437499999999 0.4150390625 0.515434375 0.40625 0.5115140625000001 0.4228515625 0.5090640625 0.4619140625 0.5090640625 0.4873046875 0.5090640625 0.5078125 0.5115140625000001 0.541015625 0.514453125 0.55859375 0.51739375 0.5771484375 0.5188640625 0.595703125
30 0.54238125 0.5888671875 0.54973125 0.595703125 0.5541406249999999 0.59765625 0.5595296875 0.59765625 0.56491875 0.5947265625 0.56736875 0.587890625 0.5688390625 0.5771484375 0.5683484375 0.5673828125 0.5668796875 0.5546875 0.56491875 0.53515625 0.55855 0.4970703125 0.5551203124999999 0.4765625 0.5507109375 0.45703125 0.5467906250000001 0.4404296875 0.542871875 0.4228515625 0.5394421875 0.4111328125 0.5325828125000001 0.4091796875 0.5301328125 0.4189453125 0.5286625 0.4501953125 0.5350312500000001 0.4755859375 0.5369921875 0.498046875 0.5394421875 0.5439453125 0.5409109375 0.5634765625 0.5409109375 0.57421875 0.54238125 0.5888671875
29 0.5737390625 0.5947265625 0.5796171875 0.599609375 0.584028125 0.599609375 0.5913765625 0.5947265625 0.5957859375 0.5849609375 0.5962765625 0.5732421875 0.5962765625 0.5615234375 0.5952968750000001 0.5517578125 0.5952968750000001 0.5302734375 0.5899062500000001 0.5078125 0.5899062500000001 0.4794921875 0.5864765625 0.453125 0.5850078125 0.4345703125 0.581578125 0.4111328125 0.5781484375 0.3857421875 0.5707984374999999 0.380859375 0.5707984374999999 0.39453125 0.56736875 0.4140625 0.565409375 0.453125 0.565409375 0.474609375 0.5639390625 0.5322265625 0.5624687500000001 0.55859375 0.5658984375 0.58203125 0.5737390625 0.5947265625
4 0.6531109374999999 0.619140625 0.6560515625 0.5791015625 0.6531109374999999 0.55859375 0.6457625 0.5556640625 0.636453125 0.548828125 0.6246937499999999 0.55859375 0.6193046875 0.5859375 0.6207734375 0.6015625 0.625184375 0.6240234375 0.6300828125 0.6572265625 0.6344921875 0.685546875 0.6408625 0.7119140625 0.651640625 0.7275390625 0.663890625 0.728515625 0.6619296875 0.7041015625 0.658990625 0.6845703125 0.6575203125 0.6484375 0.6531109374999999 0.619140625
5 0.6188140625 0.6015625 0.6163640625 0.568359375 0.6031359375 0.560546875 0.5908875 0.5703125 0.581578125 0.576171875 0.5835375 0.595703125 0.5938265625 0.6328125 0.59725625 0.6669921875 0.60215625 0.69921875 0.612934375 0.7333984375 0.62224375 0.7314453125 0.6188140625 0.7060546875 0.6163640625 0.6806640625 0.6163640625 0.654296875 0.6188140625 0.6259765625 0.6188140625 0.6015625
6 0.5575703125 0.7177734375 0.5619796874999999 0.736328125 0.5707984374999999 0.7529296875 0.574228125 0.7373046875 0.5732484375 0.7216796875 0.574228125 0.7021484375 0.5786374999999999 0.6748046875 0.5786374999999999 0.6572265625 0.5805984375000001 0.6240234375 0.581578125 0.607421875 0.5805984375000001 0.5947265625 0.583046875 0.5751953125 0.5776578125 0.5703125 0.569328125 0.5615234375 0.5575703125 0.5615234375 0.5507109375 0.5771484375 0.54973125 0.595703125 0.54973125 0.6376953125 0.549240625 0.6669921875 0.5526703125 0.6904296875 0.5575703125 0.7177734375
7 0.53748125 0.7041015625 0.54238125 0.677734375 0.5453203125 0.65625 0.5453203125 0.626953125 0.5463015625 0.59765625 0.5477703125 0.5771484375 0.5433609374999999 0.5625 0.5360125 0.5615234375 0.52229375 0.5625 0.5159234374999999 0.560546875 0.5183734375 0.576171875 0.5188640625 0.5947265625 0.52229375 0.6611328125 0.5296421875 0.6806640625 0.53748125 0.7041015625
9 0.48946562499999996 0.5625 0.480646875 0.55859375 0.4659484375 0.5615234375 0.459578125 0.58984375 0.458109375 0.62890625 0.45369843750000005 0.6572265625 0.45271875 0.677734375 0.44880000000000003 0.69140625 0.45271875 0.724609375 0.4630078125 0.7021484375 0.46986718749999995 0.671875 0.47819687499999997 0.619140625 0.4889765625 0.59765625 0.48946562499999996 0.5625
10 0.41842187500000005 0.74609375 0.42626093750000005 0.73046875 0.437040625 0.7021484375 0.44439062500000004 0.6669921875 0.45369843750000005 0.6220703125 0.4566390625 0.5791015625 0.44880000000000003 0.552734375 0.4336109375 0.552734375 0.42332187499999996 0.5810546875 0.42332187499999996 0.6103515625 0.42136250000000003 0.6513671875 0.41548281249999997 0.6904296875 0.41058281250000006 0.7255859375 0.41842187500000005 0.74609375
11 0.390984375 0.7451171875 0.4081328125 0.6865234375 0.4140125 0.6533203125 0.42136250000000003 0.58984375 0.4179328125 0.560546875 0.3998046875 0.5546875 0.3855953125 0.5703125 0.387065625 0.6162109375 0.387065625 0.6474609375 0.387065625 0.70703125 0.3860859375 0.724609375 0.379715625 0.751953125 0.390984375 0.7451171875
12 0.3855953125 0.5771484375 0.38020624999999997 0.5498046875 0.36550781250000003 0.5556640625 0.3566875 0.5732421875 0.3566875 0.623046875 0.35766718750000004 0.64453125 0.357178125 0.685546875 0.357178125 0.6865234375 0.35031875 0.736328125 0.3640375 0.7158203125 0.370896875 0.685546875 0.37530625 0.6474609375 0.3855953125 0.6025390625 0.3855953125 0.5771484375
8 0.501715625 0.556640625 0.4889765625 0.56640625 0.4889765625 0.591796875 0.48750625000000003 0.615234375 0.4889765625 0.6455078125 0.48750625000000003 0.673828125 0.485546875 0.7080078125 0.5022046875 0.7119140625 0.5022046875 0.6904296875 0.5071046875 0.6552734375 0.5120046874999999 0.6220703125 0.5188640625 0.58984375 0.51494375 0.56640625 0.501715625 0.556640625
16 0.2846640625 0.5693359375 0.292503125 0.548828125 0.286134375 0.5205078125 0.2797640625 0.4951171875 0.27192500000000003 0.47265625 0.25967656250000004 0.466796875 0.2464484375 0.4873046875 0.23517812500000002 0.515625 0.2209703125 0.541015625 0.20333125000000002 0.5537109375 0.20578124999999997 0.57421875 0.21999062500000002 0.5810546875 0.23370937500000002 0.5869140625 0.2464484375 0.5859375 0.25918593749999996 0.58203125 0.27045625 0.5732421875 0.2846640625 0.5693359375