13 0.2983828125 0.6103515625 0.2915234375 0.5673828125 0.2822140625 0.5478515625 0.2660453125 0.5546875 0.24693749999999998 0.5625 0.2317484375 0.576171875 0.23517812500000002 0.6123046875 0.2479171875 0.7001953125 0.25379687500000003 0.734375 0.27192500000000003 0.712890625 0.29005312499999997 0.744140625 0.2983828125 0.6953125 0.2983828125 0.646484375 0.2983828125 0.6103515625
17 0.324840625 0.5244140625 0.3032828125 0.5224609375 0.2876046875 0.533203125 0.2939734375 0.5712890625 0.302303125 0.6123046875 0.3121015625 0.66796875 0.31651093750000003 0.7041015625 0.3282703125 0.75 0.3400296875 0.669921875 0.332190625 0.6162109375 0.33121093749999997 0.5654296875 0.324840625 0.5244140625
18 0.3591375 0.5244140625 0.347378125 0.5048828125 0.333659375 0.4921875 0.3258203125 0.53515625 0.33121093749999997 0.5732421875 0.33121093749999997 0.6162109375 0.3356203125 0.6572265625 0.34541875 0.69140625 0.363546875 0.736328125 0.36795625 0.6416015625 0.36795625 0.5908203125 0.36550781250000003 0.552734375 0.3591375 0.5244140625
19 0.4061734375 0.537109375 0.403234375 0.4990234375 0.389025 0.4755859375 0.37530625 0.4775390625 0.36550781250000003 0.5048828125 0.36550781250000003 0.5390625 0.3699171875 0.58203125 0.370896875 0.6357421875 0.370896875 0.66796875 0.3806953125 0.75390625 0.3924546875 0.7666015625 0.39784375 0.669921875 0.3998046875 0.6357421875 0.402253125 0.5869140625 0.4061734375 0.537109375
20 0.44242968749999995 0.552734375 0.44439062500000004 0.517578125 0.44292031249999997 0.486328125 0.4336109375 0.4765625 0.42283125000000005 0.4794921875 0.41156249999999994 0.4853515625 0.4066640625 0.515625 0.40715312499999995 0.544921875 0.414503125 0.5888671875 0.414503125 0.6240234375 0.42479218750000003 0.6806640625 0.42675156249999996 0.705078125 0.43802031250000006 0.69921875 0.4409609375 0.6748046875 0.44145 0.6328125 0.44242968749999995 0.6005859375 0.44242968749999995 0.552734375
21 0.491915625 0.5732421875 0.4933859375 0.533203125 0.49289531249999996 0.4951171875 0.4821171875 0.4677734375 0.47035781249999997 0.46484375 0.45908906250000003 0.466796875 0.44880000000000003 0.4814453125 0.44292031249999997 0.4970703125 0.4439 0.5263671875 0.45026875000000005 0.568359375 0.45026875000000005 0.6162109375 0.45271875 0.650390625 0.4615390625 0.6904296875 0.4659484375 0.716796875 0.4762375 0.6923828125 0.48015625 0.6533203125 0.48603593749999996 0.62109375 0.4904453125 0.5986328125 0.491915625 0.5732421875
22 0.5389515625 0.5498046875 0.540421875 0.51171875 0.53748125 0.4755859375 0.52229375 0.4677734375 0.5090640625 0.4677734375 0.48995625 0.4794921875 0.4933859375 0.5244140625 0.5002453124999999 0.5869140625 0.5022046875 0.6279296875 0.5110234375 0.66796875 0.5208234375 0.7080078125 0.5271921875000001 0.6875 0.530621875 0.666015625 0.533071875 0.630859375 0.5365015625 0.58984375 0.5389515625 0.5498046875
30 0.5781484375 0.529296875 0.5761875 0.4951171875 0.5683484375 0.478515625 0.556590625 0.4755859375 0.54238125 0.484375 0.54238125 0.51171875 0.54483125 0.5537109375 0.5453203125 0.6015625 0.5453203125 0.6337890625 0.54238125 0.666015625 0.555609375 0.6953125 0.5639390625 0.6796875 0.56736875 0.65625 0.56736875 0.625 0.57716875 0.5791015625 0.5781484375 0.529296875
29 0.6193046875 0.533203125 0.6173437500000001 0.50390625 0.608525 0.4755859375 0.5982359374999999 0.4697265625 0.579128125 0.4951171875 0.5781484375 0.552734375 0.5781484375 0.615234375 0.5913765625 0.6572265625 0.59725625 0.69921875 0.60460625 0.7275390625 0.612934375 0.69921875 0.6158750000000001 0.6875 0.620284375 0.6181640625 0.6193046875 0.5673828125 0.6193046875 0.533203125
23 0.6580109375000001 0.5556640625 0.6580109375000001 0.5185546875 0.6550703125 0.498046875 0.6457625 0.4853515625 0.6384125 0.4853515625 0.6300828125 0.5 0.6207734375 0.509765625 0.6188140625 0.5361328125 0.6188140625 0.576171875 0.6193046875 0.6279296875 0.6207734375 0.6650390625 0.626653125 0.6962890625 0.6398828125 0.69921875 0.647721875 0.673828125 0.6521312499999999 0.625 0.6550703125 0.5869140625 0.6580109375000001 0.5556640625
24 0.6903484375 0.5625 0.695246875 0.529296875 0.6874078124999999 0.505859375 0.6756484375 0.4970703125 0.6648703125 0.5087890625 0.658990625 0.5439453125 0.6575203125 0.58203125 0.6501718750000001 0.615234375 0.6521312499999999 0.6533203125 0.65458125 0.7021484375 0.6648703125 0.7080078125 0.675159375 0.6767578125 0.6834890625 0.64453125 0.6874078124999999 0.609375 0.6903484375 0.5625
25 0.7398328125 0.6025390625 0.7496328125 0.5791015625 0.7486531249999999 0.5458984375 0.74179375 0.5234375 0.7285640625 0.5107421875 0.7035765625 0.521484375 0.6947578125 0.533203125 0.697696875 0.57421875 0.6981875 0.630859375 0.6991671875 0.677734375 0.6991671875 0.7080078125 0.71435625 0.71484375 0.7329734375 0.697265625 0.738853125 0.677734375 0.7354234374999999 0.6337890625 0.7398328125 0.6025390625
26 0.8045078125 0.57421875 0.7976484375 0.55078125 0.78686875 0.5478515625 0.764821875 0.53515625 0.7496328125 0.5498046875 0.752571875 0.59375 0.7486531249999999 0.662109375 0.7540421875 0.697265625 0.766290625 0.73828125 0.7756000000000001 0.7275390625 0.780009375 0.697265625 0.7888296875 0.6591796875 0.7947078125 0.6201171875 0.8045078125 0.57421875
0 0.7339546875 0.4384765625 0.718765625 0.4716796875 0.7266046875 0.498046875 0.738853125 0.5126953125 0.7540421875 0.5302734375 0.7702109375 0.5048828125 0.7746203125 0.4736328125 0.782459375 0.431640625 0.7947078125 0.3974609375 0.7947078125 0.3642578125 0.7814796875 0.353515625 0.771190625 0.353515625 0.7584515625 0.3857421875 0.7486531249999999 0.40625 0.7339546875 0.4384765625
3 0.638903125 0.4140625 0.634003125 0.443359375 0.6398828125 0.462890625 0.651640625 0.4736328125 0.6619296875 0.46875 0.6717296875 0.4541015625 0.675159375 0.42578125 0.6761390625 0.3837890625 0.67711875 0.337890625 0.67711875 0.296875 0.6805484374999999 0.267578125 0.67711875 0.244140625 0.663890625 0.2587890625 0.6560515625 0.279296875 0.6531109374999999 0.318359375 0.6506609375 0.3427734375 0.6487015625 0.3662109375 0.6442921875 0.3955078125 0.638903125 0.4140625
4 0.610975 0.4580078125 0.620284375 0.466796875 0.6330234375 0.4501953125 0.636453125 0.427734375 0.634003125 0.373046875 0.6310625 0.337890625 0.6300828125 0.296875 0.6286140625 0.2529296875 0.6188140625 0.2509765625 0.6070546875 0.2685546875 0.6055859375 0.3076171875 0.60215625 0.3486328125 0.60215625 0.3837890625 0.6011765625 0.4140625 0.6011765625 0.443359375 0.610975 0.4580078125
5 0.579128125 0.470703125 0.5869671875 0.44921875 0.5933359375 0.423828125 0.5943171875 0.3994140625 0.5943171875 0.3544921875 0.59235625 0.3193359375 0.5845171875 0.287109375 0.57716875 0.2470703125 0.5644296875 0.2373046875 0.5507109375 0.2666015625 0.54973125 0.3017578125 0.5521796875 0.341796875 0.556590625 0.3916015625 0.561 0.421875 0.569328125 0.4541015625 0.579128125 0.470703125
6 0.5365015625 0.4482421875 0.549240625 0.4482421875 0.5541406249999999 0.4208984375 0.5541406249999999 0.39453125 0.5521796875 0.3466796875 0.5467906250000001 0.3037109375 0.542871875 0.2646484375 0.533071875 0.25390625 0.5257234375000001 0.28125 0.5271921875000001 0.314453125 0.5252328125 0.353515625 0.5257234375000001 0.38671875 0.5257234375000001 0.416015625 0.5267031249999999 0.44140625 0.5365015625 0.4482421875
7 0.5115140625000001 0.4482421875 0.521803125 0.4296875 0.521803125 0.3994140625 0.5183734375 0.3623046875 0.516903125 0.326171875 0.5080843749999999 0.28125 0.5007343750000001 0.2587890625 0.491915625 0.271484375 0.491425 0.2939453125 0.49387499999999995 0.3291015625 0.49436562500000003 0.3623046875 0.49387499999999995 0.4033203125 0.49387499999999995 0.4267578125 0.498284375 0.4482421875 0.5115140625000001 0.4482421875
8 0.48652656250000004 0.4482421875 0.4953453125 0.4267578125 0.48946562499999996 0.3916015625 0.4879953125 0.349609375 0.48309687500000004 0.31640625 0.475746875 0.279296875 0.469378125 0.2666015625 0.4605578125 0.2861328125 0.4615390625 0.3271484375 0.464478125 0.359375 0.464478125 0.3984375 0.46545781249999996 0.43359375 0.47329687500000006 0.4443359375 0.48652656250000004 0.4482421875
9 0.441940625 0.4482421875 0.45320937499999997 0.4462890625 0.4639875 0.4345703125 0.46202812499999996 0.396484375 0.4566390625 0.3662109375 0.45516875 0.333984375 0.45075937499999996 0.2998046875 0.44782031250000004 0.2734375 0.44292031249999997 0.2490234375 0.4331203125 0.263671875 0.43165156250000003 0.2939453125 0.4341015625 0.3193359375 0.4331203125 0.3447265625 0.4331203125 0.3759765625 0.4331203125 0.404296875 0.43165156250000003 0.4345703125 0.441940625 0.4482421875
10 0.43165156250000003 0.423828125 0.43018124999999996 0.388671875 0.4292015625 0.3486328125 0.41940156249999994 0.2998046875 0.41499218750000005 0.2763671875 0.40519375 0.2314453125 0.3904953125 0.2236328125 0.384125 0.2421875 0.3855953125 0.2919921875 0.389025 0.326171875 0.39539375 0.3837890625 0.3993140625 0.4267578125 0.40519375 0.4521484375 0.4164625 0.46875 0.42528125 0.4541015625 0.43165156250000003 0.423828125
11 0.39539375 0.4189453125 0.391475 0.39453125 0.38510468750000004 0.3544921875 0.3762859375 0.3193359375 0.3723671875 0.2822265625 0.3640375 0.2412109375 0.349828125 0.244140625 0.3488484375 0.2685546875 0.34541875 0.2861328125 0.347378125 0.333984375 0.349828125 0.3583984375 0.3566875 0.3896484375 0.3630578125 0.43359375 0.37530625 0.466796875 0.38265625000000003 0.4638671875 0.3904953125 0.439453125 0.39539375 0.4189453125
12 0.3561984375 0.486328125 0.3640375 0.474609375 0.36893750000000003 0.4560546875 0.3630578125 0.4189453125 0.35521875 0.3837890625 0.347378125 0.3515625 0.3366 0.3095703125 0.3263109375 0.28125 0.319940625 0.2587890625 0.30867187500000004 0.2822265625 0.313571875 0.333984375 0.31651093750000003 0.369140625 0.3238609375 0.3916015625 0.32533124999999996 0.4111328125 0.3287609375 0.443359375 0.33121093749999997 0.4716796875 0.341009375 0.4892578125 0.3561984375 0.486328125
14 0.2964234375 0.51953125 0.3091625 0.5146484375 0.318471875 0.501953125 0.33121093749999997 0.49609375 0.3263109375 0.474609375 0.32239062500000004 0.4462890625 0.3150421875 0.4072265625 0.3052421875 0.3720703125 0.2959328125 0.341796875 0.2802546875 0.298828125 0.2714359375 0.3046875 0.25379687500000003 0.3310546875 0.256246875 0.353515625 0.2660453125 0.404296875 0.269965625 0.431640625 0.274865625 0.45703125 0.278784375 0.478515625 0.28123437500000004 0.5087890625 0.288584375 0.51953125 0.2964234375 0.51953125
15 0.26849531249999997 0.529296875 0.278784375 0.513671875 0.28123437500000004 0.4921875 0.27339531250000004 0.4638671875 0.256246875 0.431640625 0.2484078125 0.4111328125 0.22733906250000002 0.3837890625 0.21459999999999999 0.3896484375 0.20088124999999998 0.416015625 0.2097015625 0.4521484375 0.2209703125 0.4814453125 0.22831875 0.513671875 0.23860781250000002 0.546875 0.249878125 0.5556640625 0.258696875 0.5458984375 0.26849531249999997 0.529296875