2 0.27535468750000003 0.62890625 0.274375 0.6142578125 0.276334375 0.578125 0.27535468750000003 0.5703125 0.2758453125 0.5546875 0.277315625 0.52734375 0.277315625 0.5048828125 0.272415625 0.4951171875 0.26506562499999997 0.486328125 0.2577171875 0.484375 0.2493875 0.4892578125 0.2435078125 0.4951171875 0.236159375 0.5068359375 0.2327296875 0.5224609375 0.231259375 0.5400390625 0.23370937500000002 0.5546875 0.24154843750000002 0.6015625 0.2479171875 0.6630859375 0.2533078125 0.6953125 0.2616359375 0.6953125 0.26751562500000003 0.6845703125 0.274375 0.673828125 0.274375 0.658203125 0.2738859375 0.6455078125 0.27535468750000003 0.62890625
20 0.45125000000000004 0.4306640625 0.4453703125 0.3984375 0.43165156250000003 0.3984375 0.4198921875 0.392578125 0.41891249999999997 0.4248046875 0.420871875 0.4599609375 0.4218515625 0.4951171875 0.42479218750000003 0.5517578125 0.430671875 0.5859375 0.4355703125 0.6171875 0.44439062500000004 0.591796875 0.448309375 0.5283203125 0.4473296875 0.5068359375 0.4473296875 0.4697265625 0.45125000000000004 0.4306640625
21 0.48505624999999997 0.4404296875 0.4879953125 0.4111328125 0.47819687499999997 0.380859375 0.46202812499999996 0.390625 0.45026875000000005 0.39453125 0.45026875000000005 0.4326171875 0.45418906249999996 0.4677734375 0.45516875 0.5009765625 0.45516875 0.5205078125 0.457128125 0.5517578125 0.46006875 0.583984375 0.47035781249999997 0.607421875 0.47427656249999994 0.5859375 0.4772171875 0.5556640625 0.4791765625 0.5322265625 0.48015625 0.4755859375 0.48505624999999997 0.4404296875
22 0.5301328125 0.4208984375 0.5232734375 0.396484375 0.5115140625000001 0.37890625 0.496815625 0.380859375 0.48995625 0.3984375 0.49093593750000003 0.4267578125 0.49387499999999995 0.4833984375 0.49093593750000003 0.5244140625 0.48995625 0.5556640625 0.501715625 0.59375 0.508575 0.568359375 0.515434375 0.5322265625 0.5203328125 0.4794921875 0.528171875 0.4404296875 0.5301328125 0.4208984375
30 0.561 0.4248046875 0.561 0.39453125 0.5472812499999999 0.384765625 0.5311125 0.390625 0.5320921875 0.4306640625 0.5320921875 0.4658203125 0.5320921875 0.5009765625 0.5301328125 0.5361328125 0.5320921875 0.576171875 0.5433609374999999 0.564453125 0.5472812499999999 0.5478515625 0.5502203125 0.5107421875 0.5551203124999999 0.4794921875 0.561 0.4248046875
29 0.599215625 0.4716796875 0.604115625 0.4384765625 0.6011765625 0.40625 0.5894171874999999 0.40234375 0.5786374999999999 0.404296875 0.567859375 0.408203125 0.5639390625 0.4248046875 0.5639390625 0.4580078125 0.571778125 0.5107421875 0.5727578125 0.5498046875 0.5776578125 0.591796875 0.581578125 0.623046875 0.5884375000000001 0.642578125 0.59725625 0.619140625 0.5982359374999999 0.5859375 0.5982359374999999 0.5625 0.5982359374999999 0.5322265625 0.599215625 0.5048828125 0.599215625 0.4716796875
26 0.751103125 0.5419921875 0.75698125 0.5146484375 0.7520828125000001 0.4833984375 0.7422828124999999 0.4697265625 0.730525 0.4619140625 0.7158249999999999 0.4736328125 0.70700625 0.5087890625 0.7177859375 0.5595703125 0.7226843749999999 0.607421875 0.725625 0.65234375 0.7413031250000001 0.68359375 0.7471828125 0.654296875 0.7471828125 0.619140625 0.7481625000000001 0.58203125 0.7501218749999999 0.5625 0.751103125 0.5419921875
0 0.7589421875 0.33984375 0.7481625000000001 0.3515625 0.7403234375000001 0.359375 0.7217046875 0.3828125 0.7197453125 0.404296875 0.7285640625 0.4150390625 0.7383640625 0.4248046875 0.74424375 0.4423828125 0.7579625 0.4423828125 0.7672703125 0.4150390625 0.77805 0.390625 0.79176875 0.375 0.8015671875000001 0.361328125 0.812346875 0.345703125 0.8103875 0.326171875 0.7976484375 0.33203125 0.7888296875 0.337890625 0.7790296875 0.34765625 0.7907890625 0.314453125 0.7947078125 0.29296875 0.77805 0.30859375 0.7682515624999999 0.328125 0.7589421875 0.33984375
1 0.71190625 0.2314453125 0.7030875 0.2529296875 0.695246875 0.267578125 0.6864281250000001 0.28515625 0.6761390625 0.3125 0.6692796875 0.328125 0.6634 0.35546875 0.6683 0.37109375 0.68201875 0.38671875 0.6932875000000001 0.39453125 0.7060265625000001 0.39453125 0.7177859375 0.375 0.7207250000000001 0.345703125 0.727584375 0.30859375 0.7413031250000001 0.275390625 0.74424375 0.2314453125 0.7324843750000001 0.2490234375 0.7207250000000001 0.265625 0.708965625 0.2890625 0.709946875 0.271484375 0.7226843749999999 0.2509765625 0.7285640625 0.2119140625 0.7217046875 0.2177734375 0.71190625 0.2314453125
3 0.6398828125 0.3828125 0.6487015625 0.3828125 0.6585 0.373046875 0.6634 0.35546875 0.6634 0.318359375 0.6634 0.287109375 0.665359375 0.2587890625 0.6683 0.2197265625 0.6634 0.1845703125 0.6555609375 0.1689453125 0.6447812500000001 0.1962890625 0.6418421875 0.2255859375 0.6359625 0.2509765625 0.634003125 0.287109375 0.6310625 0.328125 0.62714375 0.357421875 0.6310625 0.376953125 0.6398828125 0.3828125
4 0.5982359374999999 0.373046875 0.610975 0.373046875 0.6212640625 0.353515625 0.6193046875 0.318359375 0.618325 0.279296875 0.6232234375 0.2412109375 0.6281234375 0.2138671875 0.63204375 0.1787109375 0.618325 0.1708984375 0.604115625 0.1865234375 0.5962765625 0.2138671875 0.5952968750000001 0.2451171875 0.59235625 0.27734375 0.5894171874999999 0.30078125 0.5874578125000001 0.337890625 0.5874578125000001 0.361328125 0.5982359374999999 0.373046875
5 0.5658984375 0.345703125 0.5786374999999999 0.330078125 0.5825578124999999 0.302734375 0.5825578124999999 0.2607421875 0.5884375000000001 0.2236328125 0.5943171875 0.1845703125 0.5952968750000001 0.1572265625 0.5894171874999999 0.1259765625 0.57471875 0.1494140625 0.5658984375 0.1845703125 0.5600203125000001 0.2197265625 0.5531609375000001 0.2490234375 0.549240625 0.28515625 0.5502203125 0.326171875 0.5541406249999999 0.353515625 0.5658984375 0.345703125
6 0.5301328125 0.34375 0.5472812499999999 0.3359375 0.549240625 0.30859375 0.5414015625 0.2568359375 0.540421875 0.2080078125 0.5369921875 0.1708984375 0.528171875 0.1728515625 0.5183734375 0.1845703125 0.5183734375 0.2158203125 0.5203328125 0.263671875 0.5193531250000001 0.29296875 0.51739375 0.31640625 0.5213125 0.341796875 0.5301328125 0.34375
7 0.5115140625000001 0.34375 0.5193531250000001 0.322265625 0.5164140625 0.279296875 0.508575 0.2509765625 0.5026953125 0.2216796875 0.501715625 0.1943359375 0.4997546875 0.1748046875 0.4879953125 0.1904296875 0.4821171875 0.2080078125 0.48113593750000005 0.2509765625 0.48407656250000003 0.28125 0.49289531249999996 0.318359375 0.4958359375 0.34375 0.503675 0.349609375 0.5115140625000001 0.34375
8 0.49093593750000003 0.337890625 0.49093593750000003 0.30859375 0.48407656250000003 0.275390625 0.47329687500000006 0.2333984375 0.4610484375 0.2060546875 0.4473296875 0.2099609375 0.4492890625 0.2392578125 0.4561484375 0.263671875 0.46202812499999996 0.287109375 0.46643749999999995 0.30859375 0.47525781250000004 0.3515625 0.49093593750000003 0.337890625
9 0.458109375 0.345703125 0.46545781249999996 0.333984375 0.46202812499999996 0.306640625 0.46006875 0.279296875 0.448309375 0.2548828125 0.44145 0.2294921875 0.43165156250000003 0.1982421875 0.4198921875 0.1787109375 0.4140125 0.2001953125 0.4198921875 0.2314453125 0.429690625 0.2529296875 0.4355703125 0.27734375 0.4404703125 0.298828125 0.4453703125 0.328125 0.448309375 0.345703125 0.458109375 0.345703125
10 0.43753125 0.330078125 0.43459062499999995 0.28125 0.42479218750000003 0.2412109375 0.412053125 0.2041015625 0.398334375 0.1806640625 0.389515625 0.1552734375 0.3762859375 0.1435546875 0.37138593750000004 0.1748046875 0.38020624999999997 0.2021484375 0.388534375 0.2373046875 0.398334375 0.2587890625 0.402253125 0.28515625 0.4091125 0.330078125 0.41695312500000004 0.353515625 0.430671875 0.34765625 0.43753125 0.330078125
11 0.402253125 0.310546875 0.398334375 0.267578125 0.387065625 0.2353515625 0.377265625 0.2060546875 0.36550781250000003 0.1806640625 0.354728125 0.1650390625 0.34394843750000004 0.1669921875 0.35276874999999996 0.2001953125 0.3615875 0.2314453125 0.36550781250000003 0.2587890625 0.3694265625 0.294921875 0.37530625 0.328125 0.3811859375 0.353515625 0.393434375 0.361328125 0.4042140625 0.341796875 0.402253125 0.310546875
12 0.3694265625 0.388671875 0.38020624999999997 0.373046875 0.38020624999999997 0.34765625 0.37432656249999996 0.30859375 0.36648749999999997 0.267578125 0.359628125 0.2392578125 0.34786875 0.2099609375 0.332190625 0.1845703125 0.32239062500000004 0.2138671875 0.332190625 0.2509765625 0.3370890625 0.271484375 0.33904999999999996 0.298828125 0.34296875 0.318359375 0.345909375 0.3671875 0.3557078125 0.380859375 0.3694265625 0.388671875
14 0.286134375 0.2431640625 0.276825 0.2216796875 0.26849531249999997 0.216796875 0.26555625 0.2265625 0.262615625 0.2412109375 0.2714359375 0.2744140625 0.2807453125 0.30859375 0.2876046875 0.341796875 0.29054375 0.361328125 0.2964234375 0.39453125 0.30034375 0.41015625 0.3121015625 0.41015625 0.3243515625 0.4169921875 0.3351296875 0.40234375 0.34786875 0.3984375 0.349828125 0.380859375 0.34492968749999997 0.361328125 0.3380703125 0.333984375 0.3326796875 0.314453125 0.333659375 0.30078125 0.33022968750000004 0.287109375 0.32533124999999996 0.2568359375 0.316021875 0.224609375 0.3076921875 0.20703125 0.2969125 0.197265625 0.2876046875 0.2021484375 0.2915234375 0.2236328125 0.3032828125 0.2685546875 0.3067125 0.2890625 0.3101421875 0.318359375 0.3057328125 0.3115234375 0.29936250000000003 0.2978515625 0.2944640625 0.275390625 0.291034375 0.259765625 0.286134375 0.2431640625
15 0.212640625 0.296875 0.21558125 0.31640625 0.2234203125 0.333984375 0.23321874999999997 0.365234375 0.240078125 0.40234375 0.2435078125 0.4228515625 0.2552671875 0.4423828125 0.2709453125 0.4365234375 0.2807453125 0.4189453125 0.28662343749999997 0.4189453125 0.29054375 0.4150390625 0.2983828125 0.4091796875 0.29789374999999996 0.39453125 0.2969125 0.3798828125 0.29544375 0.3701171875 0.286134375 0.3544921875 0.27192500000000003 0.3330078125 0.2640859375 0.3095703125 0.256246875 0.29296875 0.24693749999999998 0.2724609375 0.23517812500000002 0.255859375 0.2204796875 0.2490234375 0.2293 0.2734375 0.23909843749999998 0.30078125 0.2484078125 0.33984375 0.240078125 0.326171875 0.2322390625 0.31640625 0.22440000000000002 0.302734375 0.2067609375 0.28125 0.212640625 0.296875
16 0.20578124999999997 0.4912109375 0.21215156249999997 0.49609375 0.217540625 0.4912109375 0.22831875 0.482421875 0.23958906249999998 0.4755859375 0.244978125 0.4716796875 0.25036718750000003 0.4619140625 0.249878125 0.4482421875 0.24889687500000002 0.4345703125 0.236159375 0.40625 0.21949999999999997 0.365234375 0.207740625 0.333984375 0.195003125 0.31640625 0.1773640625 0.31640625 0.1773640625 0.353515625 0.1861828125 0.37890625 0.1891234375 0.40234375 0.195003125 0.4208984375 0.1999015625 0.4365234375 0.2018625 0.4658203125 0.20578124999999997 0.4912109375
19 0.41009375 0.5732421875 0.4125421875 0.5537109375 0.414503125 0.53125 0.415971875 0.50390625 0.41891249999999997 0.48046875 0.42136250000000003 0.4599609375 0.420871875 0.4404296875 0.4174421875 0.423828125 0.4130328125 0.4130859375 0.40372343749999995 0.400390625 0.3949046875 0.408203125 0.38804531249999996 0.41796875 0.3811859375 0.4326171875 0.382165625 0.4560546875 0.3811859375 0.4765625 0.38363593749999997 0.4990234375 0.3831453125 0.5205078125 0.384125 0.54296875 0.38510468750000004 0.5693359375 0.386575 0.595703125 0.388534375 0.62109375 0.388534375 0.646484375 0.3919640625 0.671875 0.400784375 0.6669921875 0.4056828125 0.6416015625 0.40715312499999995 0.6171875 0.4086234375 0.6005859375 0.41009375 0.5732421875