31 0.416015625 0.24056875 0.4296875 0.22880937499999998 0.4296875 0.2165609375 0.412109375 0.21166093749999998 0.392578125 0.2072515625 0.373046875 0.20333125000000002 0.3544921875 0.20921093750000003 0.337890625 0.22292968750000003 0.2919921875 0.23860781250000002 0.2646484375 0.249878125 0.27734375 0.258696875 0.302734375 0.258696875 0.330078125 0.2572265625 0.3525390625 0.2518375 0.3896484375 0.2464484375 0.416015625 0.24056875
2 0.439453125 0.29054375 0.47265625 0.29054375 0.4853515625 0.28123437500000004 0.490234375 0.27192500000000003 0.4873046875 0.2621265625 0.4775390625 0.2533078125 0.4638671875 0.2439984375 0.431640625 0.237628125 0.4150390625 0.2435078125 0.376953125 0.25575625 0.33984375 0.2645765625 0.310546875 0.27192500000000003 0.3076171875 0.28564375000000003 0.3359375 0.292503125 0.3623046875 0.292503125 0.3994140625 0.291034375 0.439453125 0.29054375
13 0.4541015625 0.3415 0.484375 0.34492968749999997 0.5009765625 0.33904999999999996 0.5166015625 0.3263109375 0.5107421875 0.3170015625 0.5078125 0.3081828125 0.5078125 0.2959328125 0.482421875 0.29054375 0.4501953125 0.2920140625 0.427734375 0.297403125 0.384765625 0.3057328125 0.3505859375 0.311121875 0.330078125 0.316021875 0.3349609375 0.324840625 0.3525390625 0.3263109375 0.3857421875 0.3307203125 0.41796875 0.3331703125 0.4541015625 0.3415
17 0.3798828125 0.370896875 0.419921875 0.373346875 0.453125 0.3738359375 0.4853515625 0.377265625 0.5126953125 0.375796875 0.529296875 0.3650171875 0.533203125 0.3557078125 0.52734375 0.3463984375 0.509765625 0.338559375 0.490234375 0.341009375 0.453125 0.3419890625 0.4306640625 0.3370890625 0.40234375 0.3331703125 0.3642578125 0.3287609375 0.3505859375 0.3375796875 0.34765625 0.3488484375 0.345703125 0.357178125 0.3505859375 0.365996875 0.3798828125 0.370896875
18 0.4501953125 0.40519375 0.4833984375 0.414503125 0.53125 0.4140125 0.5380859375 0.3993140625 0.5546875 0.384125 0.5361328125 0.3738359375 0.5166015625 0.3694265625 0.5048828125 0.3723671875 0.4619140625 0.3762859375 0.427734375 0.374815625 0.400390625 0.37138593750000004 0.376953125 0.37138593750000004 0.349609375 0.37138593750000004 0.33203125 0.389025 0.33984375 0.398334375 0.35546875 0.40372343749999995 0.3828125 0.4061734375 0.4169921875 0.4061734375 0.4501953125 0.40519375
19 0.466796875 0.44242968749999995 0.5244140625 0.4409609375 0.541015625 0.43263125 0.5595703125 0.42479218750000003 0.5625 0.4164625 0.54296875 0.40764374999999997 0.5322265625 0.4012734375 0.501953125 0.402253125 0.48046875 0.40372343749999995 0.4423828125 0.40715312499999995 0.3955078125 0.4135234375 0.3603515625 0.4164625 0.337890625 0.42381250000000004 0.3447265625 0.4360609375 0.36328125 0.4448796875 0.3857421875 0.4448796875 0.41796875 0.4439 0.466796875 0.44242968749999995
20 0.5302734375 0.4679078125 0.5595703125 0.4634984375 0.5654296875 0.45418906249999996 0.5625 0.44242968749999995 0.537109375 0.4399796875 0.515625 0.4399796875 0.482421875 0.4409609375 0.439453125 0.443409375 0.3994140625 0.443409375 0.36328125 0.4561484375 0.40234375 0.4615390625 0.42578125 0.46496875 0.4599609375 0.46545781249999996 0.4951171875 0.4688875 0.5302734375 0.4679078125
21 0.5478515625 0.503675 0.5771484375 0.503675 0.578125 0.4904453125 0.578125 0.47868750000000004 0.5595703125 0.4674171875 0.515625 0.46986718749999995 0.4775390625 0.47035781249999997 0.4345703125 0.47868750000000004 0.3876953125 0.48260625 0.4130859375 0.491425 0.439453125 0.496325 0.4677734375 0.4977953125 0.5146484375 0.501715625 0.5478515625 0.503675
22 0.5625 0.53748125 0.57421875 0.5252328125 0.5771484375 0.5090640625 0.552734375 0.5041640625 0.525390625 0.508575 0.4951171875 0.5115140625000001 0.455078125 0.5115140625000001 0.390625 0.5252328125 0.41015625 0.5325828125000001 0.435546875 0.5340515625 0.4873046875 0.5389515625 0.5244140625 0.5384609375 0.5625 0.53748125
30 0.5576171875 0.569328125 0.572265625 0.5629593749999999 0.5751953125 0.5467906250000001 0.5595703125 0.5389515625 0.5244140625 0.5438515625 0.4775390625 0.54875 0.4326171875 0.5502203125 0.3955078125 0.555609375 0.3798828125 0.5629593749999999 0.4228515625 0.5663890625 0.4599609375 0.5688390625 0.4970703125 0.570309375 0.5400390625 0.5727578125 0.5576171875 0.569328125
29 0.525390625 0.604115625 0.568359375 0.60460625 0.5703125 0.5903968749999999 0.5517578125 0.5801078125 0.5146484375 0.5752078125 0.482421875 0.574228125 0.4443359375 0.581578125 0.4033203125 0.5825578124999999 0.3701171875 0.587946875 0.390625 0.5957859375 0.421875 0.6006859375 0.462890625 0.6026453125 0.490234375 0.6026453125 0.525390625 0.604115625
23 0.4951171875 0.6393921875 0.533203125 0.6438015625 0.5576171875 0.638903125 0.560546875 0.62959375 0.5458984375 0.6158750000000001 0.5419921875 0.6075453125 0.4970703125 0.6050953125 0.453125 0.6050953125 0.4072265625 0.6050953125 0.3798828125 0.606565625 0.3525390625 0.6119546875 0.345703125 0.6207734375 0.373046875 0.6281234375 0.42578125 0.6344921875 0.46484375 0.636453125 0.4951171875 0.6393921875
24 0.5029296875 0.6732 0.533203125 0.6717296875 0.552734375 0.6580109375000001 0.525390625 0.6413515624999999 0.494140625 0.638903125 0.453125 0.6433125000000001 0.41015625 0.6457625 0.3583984375 0.6457625 0.3359375 0.658990625 0.357421875 0.6634 0.3974609375 0.6634 0.439453125 0.6668296875 0.4794921875 0.6717296875 0.5029296875 0.6732
25 0.474609375 0.7192546875 0.5068359375 0.7128859375000001 0.5224609375 0.70700625 0.525390625 0.692796875 0.5205078125 0.681528125 0.509765625 0.67075 0.470703125 0.6722187500000001 0.427734375 0.6766296875 0.375 0.681528125 0.3623046875 0.68691875 0.3583984375 0.6918171875 0.3798828125 0.70700625 0.4296875 0.70945625 0.474609375 0.7192546875
26 0.498046875 0.7354234374999999 0.4853515625 0.7172953125 0.431640625 0.7153359375 0.3857421875 0.718275 0.34765625 0.7153359375 0.3125 0.723175 0.369140625 0.7413031250000001 0.396484375 0.7496328125 0.439453125 0.76433125 0.4755859375 0.7609015625 0.498046875 0.7354234374999999
27 0.4580078125 0.7809890625 0.4453125 0.7628609375 0.349609375 0.755021875 0.306640625 0.7560015625000001 0.36328125 0.7819703125 0.38671875 0.7956890624999999 0.4111328125 0.8000984375 0.443359375 0.78931875 0.4580078125 0.7809890625
28 0.58203125 0.7609015625 0.546875 0.7491421875000001 0.5205078125 0.743753125 0.4892578125 0.7609015625 0.4912109375 0.77315 0.4892578125 0.7805 0.490234375 0.796178125 0.5048828125 0.8010781250000001 0.5478515625 0.8015671875000001 0.595703125 0.803528125 0.6279296875 0.8025484374999999 0.6328125 0.7927484375 0.6083984375 0.784909375 0.5830078125 0.7795203125 0.6044921875 0.7775593749999999 0.6220703125 0.7775593749999999 0.6416015625 0.7770703125 0.62890625 0.7706999999999999 0.6083984375 0.766290625 0.58203125 0.7609015625
0 0.6923828125 0.738853125 0.6787109375 0.73444375 0.6640625 0.727584375 0.646484375 0.7202359375 0.6279296875 0.7138656250000001 0.6083984375 0.7079859374999999 0.583984375 0.6947578125 0.5537109375 0.6981875 0.537109375 0.711415625 0.5361328125 0.7246453125000001 0.5205078125 0.73689375 0.5380859375 0.7457125 0.5712890625 0.7501218749999999 0.595703125 0.7501218749999999 0.6240234375 0.7530625 0.646484375 0.7584515625 0.671875 0.7609015625 0.69140625 0.763840625 0.6962890625 0.7555125 0.6728515625 0.7520828125000001 0.650390625 0.7452234375 0.630859375 0.73444375 0.646484375 0.7378734375 0.6748046875 0.7452234375 0.6923828125 0.7476734375 0.708984375 0.7476734375 0.6923828125 0.738853125
1 0.74609375 0.6849578125 0.7333984375 0.6776093750000001 0.7138671875 0.67075 0.6875 0.666340625 0.669921875 0.6619296875 0.646484375 0.6575203125 0.6328125 0.65458125 0.5859375 0.640371875 0.564453125 0.6452718749999999 0.5732421875 0.656540625 0.5654296875 0.6697703125000001 0.5478515625 0.6780984375 0.5537109375 0.6937781249999999 0.59375 0.6981875 0.6220703125 0.700146875 0.6435546875 0.702596875 0.669921875 0.70700625 0.6962890625 0.7104359375 0.72265625 0.7123953125 0.73828125 0.7133765624999999 0.7275390625 0.7050468750000001 0.701171875 0.6972078125000001 0.6748046875 0.6908375 0.6591796875 0.6805484374999999 0.68359375 0.6829984375 0.705078125 0.6859375 0.72265625 0.6893671875 0.7421875 0.6918171875 0.74609375 0.6849578125
3 0.58984375 0.647721875 0.615234375 0.6482109375 0.65234375 0.6487015625 0.72265625 0.658990625 0.7724609375 0.6609499999999999 0.744140625 0.6433125000000001 0.7158203125 0.6335124999999999 0.6875 0.629103125 0.650390625 0.6227343750000001 0.6123046875 0.610975 0.583984375 0.612934375 0.5791015625 0.624203125 0.58984375 0.647721875
4 0.599609375 0.6070546875 0.6171875 0.6158750000000001 0.6630859375 0.613425 0.69140625 0.613425 0.71875 0.613425 0.76171875 0.6148953125000001 0.7861328125 0.6139140624999999 0.7705078125 0.604115625 0.744140625 0.5952968750000001 0.7158203125 0.592846875 0.6943359375 0.5903968749999999 0.6640625 0.5884375000000001 0.62109375 0.5796171875 0.5849609375 0.5938265625 0.599609375 0.6070546875
5 0.6044921875 0.5600203125000001 0.6044921875 0.571778125 0.615234375 0.5820671875000001 0.6455078125 0.583046875 0.6728515625 0.583046875 0.7294921875 0.5820671875000001 0.7666015625 0.5805984375000001 0.7841796875 0.574228125 0.8076171875 0.57226875 0.7900390625 0.561 0.7548828125 0.55855 0.7119140625 0.55365 0.685546875 0.5521796875 0.650390625 0.5521796875 0.6279296875 0.54973125 0.6044921875 0.5600203125000001
6 0.5986328125 0.5482609375 0.615234375 0.549240625 0.6396484375 0.549240625 0.6611328125 0.54875 0.708984375 0.54483125 0.74609375 0.537971875 0.7666015625 0.5355218749999999 0.76171875 0.528171875 0.72265625 0.5301328125 0.689453125 0.5311125 0.671875 0.528171875 0.6435546875 0.5262125 0.603515625 0.5247421875 0.599609375 0.5345421875 0.5986328125 0.5482609375
7 0.62890625 0.5247421875 0.6572265625 0.5227828125 0.69140625 0.5213125 0.71875 0.5183734375 0.7490234375 0.5193531250000001 0.7470703125 0.5095546875 0.7119140625 0.5071046875 0.6826171875 0.5051453125 0.6435546875 0.5051453125 0.6064453125 0.5041640625 0.6005859375 0.5159234374999999 0.609375 0.5247421875 0.62890625 0.5247421875
8 0.6083984375 0.5026953125 0.63671875 0.5051453125 0.6728515625 0.5007343750000001 0.7099609375 0.498284375 0.744140625 0.496325 0.7490234375 0.48750625000000003 0.72265625 0.48750625000000003 0.705078125 0.48505624999999997 0.6826171875 0.48407656250000003 0.6611328125 0.4821171875 0.63671875 0.4821171875 0.609375 0.4821171875 0.6044921875 0.48995625 0.6083984375 0.5026953125
9 0.5947265625 0.47770625000000005 0.6328125 0.4767265625 0.68359375 0.47525781250000004 0.71875 0.4762375 0.7509765625 0.4767265625 0.755859375 0.4688875 0.744140625 0.46006875 0.708984375 0.4546796875 0.685546875 0.45565937500000003 0.6484375 0.45369843750000005 0.607421875 0.45271875 0.6025390625 0.46202812499999996 0.5947265625 0.47770625000000005
10 0.5927734375 0.439490625 0.60546875 0.448309375 0.630859375 0.45369843750000005 0.671875 0.45026875000000005 0.701171875 0.4492890625 0.73828125 0.4404703125 0.7861328125 0.437040625 0.794921875 0.4272421875 0.759765625 0.41842187500000005 0.720703125 0.42136250000000003 0.689453125 0.4218515625 0.6630859375 0.42283125000000005 0.6171875 0.42283125000000005 0.6015625 0.43018124999999996 0.5927734375 0.439490625
11 0.5830078125 0.41499218750000005 0.6044921875 0.425771875 0.6201171875 0.425771875 0.6591796875 0.4174421875 0.6806640625 0.4140125 0.72265625 0.40715312499999995 0.74609375 0.403234375 0.7705078125 0.3998046875 0.775390625 0.388534375 0.7421875 0.384125 0.70703125 0.386575 0.6748046875 0.384615625 0.630859375 0.389515625 0.611328125 0.389515625 0.5830078125 0.3998046875 0.5830078125 0.41499218750000005
12 0.57421875 0.3669765625 0.5693359375 0.377265625 0.572265625 0.393434375 0.591796875 0.3949046875 0.6279296875 0.384615625 0.6640625 0.37530625 0.705078125 0.370896875 0.7314453125 0.363546875 0.7529296875 0.3557078125 0.755859375 0.34688906249999996 0.7314453125 0.34688906249999996 0.68359375 0.35031875 0.65234375 0.352278125 0.634765625 0.3537484375 0.6220703125 0.354728125 0.6025390625 0.3566875 0.5849609375 0.3591375 0.57421875 0.3669765625
14 0.71875 0.28564375000000003 0.6982421875 0.288584375 0.669921875 0.2920140625 0.650390625 0.297403125 0.6171875 0.307203125 0.5849609375 0.3096515625 0.5634765625 0.3076921875 0.5478515625 0.3125921875 0.548828125 0.3243515625 0.5498046875 0.33464062499999997 0.55859375 0.3424796875 0.5625 0.35276874999999996 0.556640625 0.3640375 0.5771484375 0.36893750000000003 0.6171875 0.3557078125 0.6591796875 0.345909375 0.6826171875 0.3370890625 0.708984375 0.33022968750000004 0.7353515625 0.32092187499999997 0.7548828125 0.3121015625 0.7353515625 0.31161249999999996 0.705078125 0.31651093750000003 0.6767578125 0.32288125 0.650390625 0.32288125 0.6630859375 0.3150421875 0.671875 0.3076921875 0.685546875 0.3032828125 0.708984375 0.29789374999999996 0.71875 0.28564375000000003
15 0.6640625 0.23370937500000002 0.634765625 0.23811875 0.5869140625 0.24693749999999998 0.5654296875 0.25036718750000003 0.5263671875 0.2523265625 0.513671875 0.2665359375 0.5224609375 0.277315625 0.533203125 0.2851546875 0.529296875 0.2988734375 0.55859375 0.31161249999999996 0.576171875 0.307203125 0.6044921875 0.297403125 0.6484375 0.2802546875 0.671875 0.2670265625 0.6875 0.261146875 0.6982421875 0.2484078125 0.6767578125 0.25134687499999997 0.646484375 0.2572265625 0.6328125 0.261146875 0.61328125 0.2660453125 0.6328125 0.25134687499999997 0.650390625 0.244978125 0.66796875 0.24056875 0.6787109375 0.23076875000000002 0.6640625 0.23370937500000002
16 0.5849609375 0.1935328125 0.5517578125 0.1954921875 0.521484375 0.1954921875 0.4814453125 0.1999015625 0.470703125 0.208721875 0.4912109375 0.22195 0.482421875 0.2341984375 0.50390625 0.2523265625 0.521484375 0.25477656249999997 0.5537109375 0.2439984375 0.5869140625 0.2317484375 0.6181640625 0.22537968749999998 0.6396484375 0.21411093750000001 0.6328125 0.20627187500000002 0.609375 0.21313125 0.5869140625 0.2160703125 0.576171875 0.207740625 0.609375 0.2018625 0.6328125 0.19647187500000002 0.6083984375 0.1935328125 0.5849609375 0.1935328125