2 0.7285640625 0.54296875 0.7270953125 0.56640625 0.727584375 0.5869140625 0.7290546875 0.607421875 0.736403125 0.6259765625 0.7452234375 0.6357421875 0.7486531249999999 0.609375 0.751103125 0.583984375 0.7535515625 0.5615234375 0.7604109375 0.5283203125 0.766290625 0.513671875 0.7672703125 0.4921875 0.76188125 0.4775390625 0.7579625 0.4580078125 0.7535515625 0.45703125 0.74424375 0.4609375 0.7315046875 0.4716796875 0.7310140625 0.4912109375 0.730034375 0.5185546875 0.7285640625 0.54296875
13 0.6898578125 0.4931640625 0.6942671875 0.5302734375 0.695246875 0.5625 0.6957375 0.5869140625 0.6981875 0.6103515625 0.70455625 0.6328125 0.7172953125 0.634765625 0.7266046875 0.615234375 0.725625 0.5869140625 0.7207250000000001 0.5634765625 0.7177859375 0.5341796875 0.718275 0.509765625 0.7221953125 0.4892578125 0.725625 0.46484375 0.7226843749999999 0.44921875 0.7158249999999999 0.44140625 0.707496875 0.4345703125 0.6981875 0.4375 0.691328125 0.4404296875 0.6878984375 0.44921875 0.68691875 0.470703125 0.6898578125 0.4931640625
17 0.65458125 0.5185546875 0.656540625 0.55078125 0.6624203125 0.5751953125 0.666340625 0.6005859375 0.6722187500000001 0.6171875 0.679078125 0.6201171875 0.6864281250000001 0.6103515625 0.6849578125 0.5654296875 0.68201875 0.52734375 0.68446875 0.4970703125 0.68691875 0.4765625 0.68691875 0.453125 0.6805484374999999 0.4404296875 0.6712390625 0.4462890625 0.6629109375 0.4443359375 0.6531109374999999 0.4443359375 0.6462515625 0.455078125 0.642821875 0.4658203125 0.642821875 0.48046875 0.6487015625 0.498046875 0.65458125 0.5185546875
19 0.5737390625 0.525390625 0.5761875 0.5537109375 0.576678125 0.5859375 0.5776578125 0.6259765625 0.5801078125 0.6484375 0.584028125 0.67578125 0.587946875 0.6552734375 0.5899062500000001 0.6357421875 0.5903968749999999 0.5830078125 0.59235625 0.5517578125 0.597746875 0.4892578125 0.6001953125 0.44921875 0.5913765625 0.4404296875 0.583046875 0.4365234375 0.5737390625 0.435546875 0.565409375 0.44140625 0.570309375 0.4765625 0.5712890625 0.5029296875 0.5737390625 0.525390625
20 0.55365 0.560546875 0.5551203124999999 0.53125 0.5575703125 0.486328125 0.561 0.443359375 0.5502203125 0.431640625 0.5335625 0.4306640625 0.5350312500000001 0.458984375 0.5350312500000001 0.4912109375 0.540421875 0.515625 0.540421875 0.5458984375 0.5463015625 0.5830078125 0.5472812499999999 0.6005859375 0.5551203124999999 0.6142578125 0.55365 0.560546875
21 0.5164140625 0.5830078125 0.5198437499999999 0.5966796875 0.5276828124999999 0.6181640625 0.5301328125 0.5908203125 0.5286625 0.560546875 0.529153125 0.5263671875 0.529153125 0.4912109375 0.5325828125000001 0.443359375 0.5198437499999999 0.423828125 0.5090640625 0.431640625 0.4977953125 0.4404296875 0.4997546875 0.466796875 0.5046546875 0.4912109375 0.5051453125 0.5185546875 0.5090640625 0.54296875 0.5139640625 0.5615234375 0.5164140625 0.5830078125
22 0.46643749999999995 0.59375 0.47329687500000006 0.6240234375 0.47868750000000004 0.5966796875 0.4821171875 0.560546875 0.48505624999999997 0.5283203125 0.48750625000000003 0.4814453125 0.4933859375 0.453125 0.48603593749999996 0.43359375 0.46643749999999995 0.4306640625 0.457128125 0.44140625 0.45761874999999996 0.4658203125 0.46251875 0.494140625 0.46251875 0.515625 0.4639875 0.5478515625 0.46643749999999995 0.57421875 0.46643749999999995 0.59375
30 0.443409375 0.6298828125 0.44634999999999997 0.583984375 0.45222968750000003 0.5263671875 0.45516875 0.4814453125 0.45761874999999996 0.453125 0.45125000000000004 0.4384765625 0.4385109375 0.443359375 0.42822187500000003 0.451171875 0.429690625 0.4736328125 0.43263125 0.5068359375 0.43508125 0.529296875 0.43753125 0.55078125 0.43753125 0.576171875 0.4409609375 0.6083984375 0.443409375 0.6298828125
29 0.41499218750000005 0.6240234375 0.420871875 0.5703125 0.425771875 0.50390625 0.4287109375 0.46875 0.420871875 0.44140625 0.4081328125 0.4384765625 0.39882343750000004 0.4462890625 0.395884375 0.4716796875 0.398334375 0.505859375 0.3998046875 0.5390625 0.3998046875 0.5908203125 0.403234375 0.630859375 0.412053125 0.6689453125 0.41499218750000005 0.6240234375
23 0.387065625 0.5703125 0.3919640625 0.541015625 0.3998046875 0.486328125 0.393434375 0.4560546875 0.382165625 0.4443359375 0.373346875 0.4365234375 0.3718765625 0.44921875 0.3723671875 0.4814453125 0.37432656249999996 0.515625 0.375796875 0.548828125 0.375796875 0.5927734375 0.379715625 0.6162109375 0.387065625 0.611328125 0.387065625 0.5703125
24 0.3586484375 0.5615234375 0.3586484375 0.513671875 0.361096875 0.498046875 0.370896875 0.46875 0.368446875 0.4384765625 0.359628125 0.4287109375 0.34835937499999997 0.431640625 0.34492968749999997 0.4482421875 0.3444390625 0.4755859375 0.34492968749999997 0.51171875 0.345909375 0.5390625 0.34688906249999996 0.5830078125 0.3537484375 0.5888671875 0.3586484375 0.5615234375
25 0.31798125 0.583984375 0.324840625 0.56640625 0.3307203125 0.525390625 0.3370890625 0.48828125 0.345909375 0.458984375 0.3444390625 0.435546875 0.3370890625 0.4189453125 0.3268 0.4189453125 0.3145515625 0.4189453125 0.304753125 0.4208984375 0.3042625 0.4443359375 0.304753125 0.4716796875 0.3081828125 0.5107421875 0.311121875 0.54296875 0.31798125 0.583984375
26 0.29936250000000003 0.5732421875 0.2969125 0.5341796875 0.2959328125 0.4990234375 0.2983828125 0.4609375 0.299853125 0.4287109375 0.29054375 0.408203125 0.2778046875 0.41796875 0.2616359375 0.431640625 0.25918593749999996 0.453125 0.26800625 0.4873046875 0.27192500000000003 0.51171875 0.274375 0.5458984375 0.2822140625 0.5830078125 0.2944640625 0.5908203125 0.29936250000000003 0.5732421875
27 0.25036718750000003 0.61328125 0.26310625 0.6279296875 0.2670265625 0.603515625 0.26555625 0.5712890625 0.2621265625 0.5439453125 0.26065625 0.51171875 0.26065625 0.486328125 0.26065625 0.4482421875 0.2479171875 0.453125 0.2371390625 0.4638671875 0.22831875 0.4814453125 0.2234203125 0.494140625 0.2302796875 0.51171875 0.23909843749999998 0.541015625 0.24154843750000002 0.578125 0.25036718750000003 0.61328125
4 0.4164625 0.314453125 0.414503125 0.2783203125 0.404703125 0.2578125 0.3904953125 0.2314453125 0.391475 0.2685546875 0.3968640625 0.296875 0.39784375 0.3388671875 0.39784375 0.3759765625 0.39882343750000004 0.4072265625 0.41107343749999997 0.423828125 0.42234218749999997 0.423828125 0.4287109375 0.404296875 0.42332187499999996 0.3701171875 0.41891249999999997 0.3515625 0.4164625 0.314453125
5 0.4404703125 0.2509765625 0.42773125 0.2314453125 0.42234218749999997 0.255859375 0.4287109375 0.291015625 0.43116093749999995 0.32421875 0.42773125 0.3740234375 0.42773125 0.404296875 0.4448796875 0.4130859375 0.458109375 0.40234375 0.4517390625 0.3564453125 0.4517390625 0.3193359375 0.44977968749999997 0.2822265625 0.4404703125 0.2509765625
6 0.4683984375 0.259765625 0.4683984375 0.2841796875 0.4639875 0.3232421875 0.4615390625 0.3564453125 0.459578125 0.3876953125 0.46251875 0.4130859375 0.4767265625 0.4091796875 0.48162656249999997 0.384765625 0.48015625 0.34765625 0.48260625 0.291015625 0.4772171875 0.259765625 0.4683984375 0.259765625
7 0.49289531249999996 0.2861328125 0.4889765625 0.3154296875 0.48750625000000003 0.34375 0.48750625000000003 0.3740234375 0.48652656250000004 0.400390625 0.5026953125 0.4052734375 0.503675 0.3876953125 0.503184375 0.3671875 0.5022046875 0.3369140625 0.5022046875 0.31640625 0.4977953125 0.296875 0.49289531249999996 0.2861328125
8 0.524253125 0.3369140625 0.524253125 0.322265625 0.5232734375 0.3037109375 0.521803125 0.2841796875 0.5178828125 0.265625 0.5139640625 0.28515625 0.51249375 0.3037109375 0.51004375 0.3330078125 0.5090640625 0.3642578125 0.5071046875 0.392578125 0.512984375 0.408203125 0.521803125 0.404296875 0.5237625 0.392578125 0.5237625 0.3671875 0.524253125 0.3369140625
9 0.549240625 0.35546875 0.5511999999999999 0.3310546875 0.54973125 0.296875 0.5467906250000001 0.2744140625 0.54238125 0.255859375 0.5335625 0.2626953125 0.533071875 0.2890625 0.529153125 0.3173828125 0.529153125 0.3486328125 0.529153125 0.3818359375 0.5286625 0.4052734375 0.541890625 0.41015625 0.5502203125 0.4091796875 0.54973125 0.392578125 0.549240625 0.3779296875 0.549240625 0.35546875
10 0.5810875 0.396484375 0.5801078125 0.369140625 0.5801078125 0.3203125 0.5864765625 0.2861328125 0.5864765625 0.2578125 0.5864765625 0.2119140625 0.5781484375 0.1875 0.574228125 0.2138671875 0.570309375 0.2333984375 0.5658984375 0.2744140625 0.5629593749999999 0.314453125 0.5590390625 0.3349609375 0.555609375 0.384765625 0.5551203124999999 0.4072265625 0.5644296875 0.4033203125 0.57716875 0.4091796875 0.5810875 0.396484375
11 0.5943171875 0.419921875 0.603625 0.4169921875 0.611465625 0.4130859375 0.6070546875 0.38671875 0.6070546875 0.3681640625 0.6070546875 0.3466796875 0.609015625 0.322265625 0.609015625 0.298828125 0.610484375 0.2783203125 0.611465625 0.2470703125 0.608525 0.232421875 0.6006859375 0.2421875 0.5962765625 0.2587890625 0.5943171875 0.2763671875 0.592846875 0.3017578125 0.5899062500000001 0.328125 0.5859875 0.3564453125 0.5835375 0.37890625 0.5825578124999999 0.396484375 0.5835375 0.41796875 0.5943171875 0.419921875
12 0.626653125 0.4248046875 0.6354734375 0.4228515625 0.6442921875 0.408203125 0.6418421875 0.392578125 0.6393921875 0.3759765625 0.6393921875 0.3525390625 0.6408625 0.3271484375 0.6442921875 0.3037109375 0.6447812500000001 0.283203125 0.6467421875 0.2607421875 0.64723125 0.232421875 0.6408625 0.2333984375 0.6354734375 0.248046875 0.6330234375 0.2734375 0.6276328125 0.3095703125 0.6217546875 0.34375 0.6163640625 0.369140625 0.609015625 0.40234375 0.613425 0.4150390625 0.620284375 0.4248046875 0.626653125 0.4248046875