31 0.21802968749999999 0.6396484375 0.21362031250000002 0.6123046875 0.2048015625 0.5869140625 0.19010312499999998 0.576171875 0.180303125 0.580078125 0.1729546875 0.599609375 0.1685453125 0.6201171875 0.1685453125 0.650390625 0.1793234375 0.6826171875 0.1891234375 0.7080078125 0.2111703125 0.7294921875 0.22537968749999998 0.7255859375 0.226359375 0.7060546875 0.22195 0.673828125 0.21802968749999999 0.6396484375
2 0.2533078125 0.576171875 0.2484078125 0.541015625 0.24301875 0.5224609375 0.23321874999999997 0.513671875 0.22440000000000002 0.513671875 0.2111703125 0.5322265625 0.20431093749999998 0.5400390625 0.20088124999999998 0.5517578125 0.20382187499999999 0.572265625 0.20823125 0.5947265625 0.21313125 0.615234375 0.2185203125 0.638671875 0.22587031249999998 0.6845703125 0.23517812500000002 0.736328125 0.2484078125 0.7236328125 0.2528171875 0.701171875 0.2572265625 0.6787109375 0.2572265625 0.6416015625 0.2542875 0.60546875 0.2533078125 0.576171875
13 0.3018125 0.5791015625 0.304753125 0.5498046875 0.302303125 0.51953125 0.29299375 0.505859375 0.283684375 0.5048828125 0.276825 0.5048828125 0.26751562500000003 0.5078125 0.2542875 0.5078125 0.2454671875 0.5234375 0.25036718750000003 0.5576171875 0.25036718750000003 0.576171875 0.258696875 0.6181640625 0.26065625 0.646484375 0.2616359375 0.67578125 0.2616359375 0.703125 0.29005312499999997 0.6943359375 0.3106328125 0.6787109375 0.3081828125 0.638671875 0.3018125 0.609375 0.3018125 0.5791015625
17 0.3395390625 0.5615234375 0.33464062499999997 0.5400390625 0.3326796875 0.5146484375 0.32533124999999996 0.5048828125 0.3096515625 0.5107421875 0.30377343749999997 0.5341796875 0.30377343749999997 0.5634765625 0.30377343749999997 0.599609375 0.3091625 0.626953125 0.313571875 0.650390625 0.32092187499999997 0.681640625 0.3287609375 0.7041015625 0.352278125 0.6865234375 0.3493390625 0.6611328125 0.34688906249999996 0.623046875 0.34492968749999997 0.59375 0.3395390625 0.5615234375
18 0.3787359375 0.6005859375 0.374815625 0.552734375 0.370896875 0.5283203125 0.361096875 0.505859375 0.352278125 0.4873046875 0.3419890625 0.494140625 0.3356203125 0.517578125 0.33464062499999997 0.5341796875 0.33904999999999996 0.5634765625 0.3424796875 0.5947265625 0.34688906249999996 0.6142578125 0.34541875 0.638671875 0.3557078125 0.6845703125 0.3645265625 0.7060546875 0.3787359375 0.70703125 0.384615625 0.6982421875 0.382165625 0.6669921875 0.3787359375 0.6318359375 0.3787359375 0.6005859375
19 0.4135234375 0.623046875 0.414503125 0.5908203125 0.415971875 0.56640625 0.415971875 0.541015625 0.412053125 0.517578125 0.404703125 0.5 0.3944140625 0.48046875 0.386575 0.4833984375 0.37922656250000003 0.4990234375 0.374815625 0.5107421875 0.374815625 0.53125 0.377265625 0.5498046875 0.377265625 0.5810546875 0.38020624999999997 0.6064453125 0.3806953125 0.6298828125 0.381675 0.6591796875 0.3831453125 0.6865234375 0.38804531249999996 0.7041015625 0.4012734375 0.70703125 0.412053125 0.6943359375 0.4130328125 0.66796875 0.4135234375 0.6416015625 0.4135234375 0.623046875
20 0.45320937499999997 0.5458984375 0.4517390625 0.5234375 0.44585937500000006 0.4990234375 0.43802031250000006 0.494140625 0.42675156249999996 0.490234375 0.42038281250000004 0.5029296875 0.4174421875 0.5283203125 0.41499218750000005 0.5517578125 0.42332187499999996 0.609375 0.42626093750000005 0.6474609375 0.429690625 0.6845703125 0.4336109375 0.708984375 0.43899999999999995 0.7158203125 0.44782031250000004 0.7099609375 0.4546796875 0.6640625 0.45516875 0.6328125 0.4546796875 0.59765625 0.45320937499999997 0.5751953125 0.45320937499999997 0.5458984375
21 0.5026953125 0.5703125 0.5026953125 0.5458984375 0.5041640625 0.5234375 0.5041640625 0.49609375 0.48995625 0.490234375 0.47819687499999997 0.4873046875 0.4634984375 0.490234375 0.45908906250000003 0.5234375 0.4566390625 0.548828125 0.4566390625 0.5810546875 0.45761874999999996 0.6083984375 0.45908906250000003 0.6494140625 0.46251875 0.689453125 0.4728078125 0.70703125 0.48407656250000003 0.7119140625 0.4948546875 0.7060546875 0.496815625 0.673828125 0.49926562499999994 0.640625 0.501225 0.59765625 0.5026953125 0.5703125
22 0.5511999999999999 0.6181640625 0.5531609375000001 0.591796875 0.5561 0.5615234375 0.5561 0.537109375 0.555609375 0.513671875 0.5526703125 0.48828125 0.53748125 0.4833984375 0.5247421875 0.4833984375 0.5110234375 0.484375 0.5110234375 0.517578125 0.5110234375 0.546875 0.5115140625000001 0.5859375 0.5110234375 0.611328125 0.508575 0.650390625 0.5139640625 0.69140625 0.51739375 0.7177734375 0.5262125 0.7216796875 0.5394421875 0.7177734375 0.5453203125 0.703125 0.5458109375 0.67578125 0.5472812499999999 0.65234375 0.5511999999999999 0.6181640625
30 0.5899062500000001 0.591796875 0.5908875 0.5673828125 0.59480625 0.53515625 0.5957859375 0.5107421875 0.5850078125 0.4912109375 0.57471875 0.4912109375 0.5619796874999999 0.490234375 0.5590390625 0.5166015625 0.5561 0.546875 0.555609375 0.587890625 0.551690625 0.609375 0.54973125 0.6328125 0.5467906250000001 0.673828125 0.5472812499999999 0.7099609375 0.55855 0.712890625 0.5732484375 0.708984375 0.576678125 0.69140625 0.5796171875 0.67578125 0.587946875 0.615234375 0.5899062500000001 0.591796875
29 0.6354734375 0.5791015625 0.6359625 0.5458984375 0.6359625 0.517578125 0.6286140625 0.49609375 0.6237140625 0.4814453125 0.615384375 0.484375 0.6075453125 0.4970703125 0.597746875 0.5146484375 0.597746875 0.548828125 0.599215625 0.583984375 0.599215625 0.623046875 0.603625 0.65234375 0.603625 0.6845703125 0.6031359375 0.71484375 0.618325 0.712890625 0.6286140625 0.7041015625 0.6310625 0.66796875 0.6344921875 0.62109375 0.6354734375 0.5791015625
23 0.6697703125000001 0.5849609375 0.6697703125000001 0.5546875 0.6683 0.5263671875 0.6683 0.51171875 0.6585 0.4970703125 0.6467421875 0.494140625 0.6374328125 0.4970703125 0.6354734375 0.5234375 0.6369421875 0.58203125 0.6359625 0.6318359375 0.6300828125 0.6845703125 0.6354734375 0.7158203125 0.6506609375 0.71875 0.65948125 0.6953125 0.6599703124999999 0.6728515625 0.663890625 0.6416015625 0.6673203125 0.6123046875 0.6697703125000001 0.5849609375
24 0.6996578125 0.5791015625 0.7040671875 0.548828125 0.70455625 0.53125 0.7030875 0.5166015625 0.695246875 0.51171875 0.6874078124999999 0.5048828125 0.6785890625000001 0.505859375 0.6732 0.51953125 0.6717296875 0.5498046875 0.670259375 0.5791015625 0.6683 0.60546875 0.665359375 0.626953125 0.663890625 0.64453125 0.6624203125 0.669921875 0.6599703124999999 0.701171875 0.6717296875 0.7099609375 0.6849578125 0.697265625 0.688878125 0.6796875 0.6937781249999999 0.65234375 0.6957375 0.615234375 0.6996578125 0.5791015625
25 0.7545328125 0.59765625 0.7545328125 0.56640625 0.7545328125 0.548828125 0.7530625 0.529296875 0.7447328125 0.5224609375 0.73199375 0.517578125 0.723665625 0.513671875 0.711415625 0.5263671875 0.707496875 0.548828125 0.71190625 0.583984375 0.7172953125 0.6318359375 0.7202359375 0.6611328125 0.7246453125000001 0.6767578125 0.72954375 0.708984375 0.7378734375 0.7158203125 0.7486531249999999 0.697265625 0.7501218749999999 0.6796875 0.7501218749999999 0.6494140625 0.7501218749999999 0.6259765625 0.7545328125 0.59765625
26 0.8064671875 0.578125 0.8010781250000001 0.564453125 0.7947078125 0.548828125 0.782459375 0.54296875 0.7697203125 0.541015625 0.76188125 0.5576171875 0.7604109375 0.5791015625 0.7560015625000001 0.6005859375 0.7535515625 0.62890625 0.7515921875 0.6533203125 0.7535515625 0.6884765625 0.7609015625 0.70703125 0.7765796875000001 0.7060546875 0.7873593750000001 0.69140625 0.7932390625 0.6611328125 0.7976484375 0.634765625 0.7996078125 0.6171875 0.8040171875000001 0.5947265625 0.8064671875 0.578125
28 0.8319453125 0.384765625 0.8270453124999999 0.345703125 0.809896875 0.32421875 0.7932390625 0.2978515625 0.7726609375 0.3076171875 0.7677609375000001 0.341796875 0.7677609375000001 0.3681640625 0.7697203125 0.390625 0.7858890625 0.4072265625 0.7981374999999999 0.408203125 0.8064671875 0.421875 0.8182265624999999 0.4306640625 0.828515625 0.4306640625 0.8299859375 0.40234375 0.8319453125 0.384765625
0 0.7545328125 0.283203125 0.7447328125 0.2705078125 0.73934375 0.2919921875 0.736403125 0.3046875 0.73199375 0.3212890625 0.727584375 0.33984375 0.7266046875 0.365234375 0.7266046875 0.3828125 0.7261140625 0.4072265625 0.723665625 0.42578125 0.723175 0.4453125 0.725134375 0.4638671875 0.7324843750000001 0.47265625 0.7447328125 0.474609375 0.7564921874999999 0.466796875 0.7677609375000001 0.462890625 0.7751109375 0.4462890625 0.7741296875 0.419921875 0.76923125 0.3935546875 0.76923125 0.365234375 0.76923125 0.33984375 0.771190625 0.3212890625 0.7756000000000001 0.3017578125 0.77805 0.2890625 0.7721703125 0.265625 0.7633515625 0.2802734375 0.7584515625 0.3076171875 0.7564921874999999 0.3369140625 0.7535515625 0.3564453125 0.7491421875000001 0.3740234375 0.74424375 0.3564453125 0.7457125 0.3330078125 0.7476734375 0.3193359375 0.7486531249999999 0.3017578125 0.7545328125 0.283203125
1 0.700146875 0.2333984375 0.6859375 0.244140625 0.67466875 0.27734375 0.6712390625 0.3037109375 0.6712390625 0.3330078125 0.6697703125000001 0.369140625 0.6683 0.3994140625 0.6643796875 0.42578125 0.670259375 0.455078125 0.68446875 0.455078125 0.6937781249999999 0.4482421875 0.7084765625 0.451171875 0.716315625 0.419921875 0.7172953125 0.390625 0.7177859375 0.353515625 0.7202359375 0.318359375 0.7310140625 0.27734375 0.727584375 0.2529296875 0.71435625 0.2626953125 0.70700625 0.283203125 0.7016171875 0.3076171875 0.6942671875 0.3310546875 0.6937781249999999 0.3017578125 0.6967171875 0.2900390625 0.6996578125 0.2705078125 0.71190625 0.23828125 0.700146875 0.2333984375
3 0.6369421875 0.4599609375 0.6452718749999999 0.4599609375 0.6550703125 0.43359375 0.6580109375000001 0.4052734375 0.6550703125 0.365234375 0.6536015625 0.3212890625 0.6536015625 0.2890625 0.65703125 0.25390625 0.6555609375 0.2294921875 0.6462515625 0.232421875 0.6384125 0.259765625 0.6359625 0.30078125 0.6330234375 0.3310546875 0.62959375 0.36328125 0.62714375 0.390625 0.62224375 0.4189453125 0.6286140625 0.443359375 0.6369421875 0.4599609375
4 0.5864765625 0.431640625 0.5962765625 0.451171875 0.6080359375 0.4521484375 0.618325 0.4365234375 0.6212640625 0.4130859375 0.6148953125000001 0.36328125 0.6148953125000001 0.3076171875 0.6168546874999999 0.2587890625 0.6168546874999999 0.2294921875 0.60215625 0.20703125 0.597746875 0.2275390625 0.5957859375 0.2509765625 0.5957859375 0.2841796875 0.5957859375 0.3017578125 0.5913765625 0.3388671875 0.5913765625 0.3740234375 0.5884375000000001 0.3896484375 0.5850078125 0.4140625 0.5864765625 0.431640625
5 0.54238125 0.4169921875 0.54238125 0.439453125 0.5472812499999999 0.45703125 0.5590390625 0.4697265625 0.570309375 0.455078125 0.5781484375 0.4345703125 0.5776578125 0.40234375 0.5781484375 0.37109375 0.5825578124999999 0.3037109375 0.5899062500000001 0.2734375 0.5957859375 0.2392578125 0.5957859375 0.2060546875 0.5864765625 0.185546875 0.5810875 0.212890625 0.5752078125 0.2421875 0.569328125 0.265625 0.56345 0.294921875 0.560509375 0.32421875 0.5502203125 0.3515625 0.544340625 0.3798828125 0.54238125 0.4169921875
7 0.5203328125 0.451171875 0.5350312500000001 0.451171875 0.537971875 0.43359375 0.537971875 0.404296875 0.5365015625 0.3681640625 0.5345421875 0.3330078125 0.533071875 0.2919921875 0.533071875 0.2568359375 0.533071875 0.236328125 0.5247421875 0.2587890625 0.5188640625 0.29296875 0.515434375 0.3193359375 0.512984375 0.353515625 0.51004375 0.396484375 0.5071046875 0.421875 0.5026953125 0.4423828125 0.51004375 0.455078125 0.5203328125 0.451171875
8 0.487015625 0.4541015625 0.5007343750000001 0.4453125 0.501225 0.421875 0.5022046875 0.3779296875 0.503675 0.3427734375 0.505634375 0.298828125 0.5022046875 0.2607421875 0.496325 0.25 0.48995625 0.2841796875 0.48995625 0.318359375 0.48407656250000003 0.3427734375 0.47770625000000005 0.369140625 0.4762375 0.40234375 0.4737875 0.42578125 0.4767265625 0.451171875 0.487015625 0.4541015625
9 0.4517390625 0.4638671875 0.4610484375 0.4638671875 0.46986718749999995 0.45703125 0.46986718749999995 0.435546875 0.46986718749999995 0.40234375 0.469378125 0.3798828125 0.466928125 0.353515625 0.466928125 0.3310546875 0.466928125 0.3125 0.4679078125 0.2919921875 0.4679078125 0.267578125 0.470846875 0.255859375 0.458109375 0.2568359375 0.45369843750000005 0.2763671875 0.4546796875 0.298828125 0.45516875 0.3203125 0.45222968750000003 0.3486328125 0.45075937499999996 0.376953125 0.44782031250000004 0.408203125 0.44585937500000006 0.4248046875 0.44585937500000006 0.439453125 0.44439062500000004 0.4658203125 0.4517390625 0.4638671875
10 0.42479218750000003 0.4609375 0.4355703125 0.4609375 0.441940625 0.4453125 0.44145 0.4130859375 0.43899999999999995 0.384765625 0.43802031250000006 0.3515625 0.43802031250000006 0.3193359375 0.44145 0.2763671875 0.44145 0.25390625 0.432140625 0.2353515625 0.42773125 0.25390625 0.42381250000000004 0.2919921875 0.42234218749999997 0.3125 0.420871875 0.3251953125 0.4164625 0.36328125 0.4130328125 0.3994140625 0.41058281250000006 0.4287109375 0.41058281250000006 0.44921875 0.414503125 0.466796875 0.42479218750000003 0.4609375
11 0.38020624999999997 0.4580078125 0.3900046875 0.4638671875 0.395884375 0.4580078125 0.4091125 0.4423828125 0.40764374999999997 0.4140625 0.404703125 0.373046875 0.39392499999999997 0.3076171875 0.3900046875 0.2744140625 0.3875546875 0.248046875 0.38363593749999997 0.21875 0.381675 0.201171875 0.373346875 0.1943359375 0.37138593750000004 0.2333984375 0.37138593750000004 0.265625 0.37138593750000004 0.30078125 0.37138593750000004 0.3271484375 0.37138593750000004 0.3681640625 0.373346875 0.390625 0.37432656249999996 0.4248046875 0.377265625 0.439453125 0.38020624999999997 0.4580078125
12 0.33022968750000004 0.421875 0.33415 0.43359375 0.34051875 0.4541015625 0.34688906249999996 0.4599609375 0.3537484375 0.4541015625 0.3601171875 0.4462890625 0.3669765625 0.431640625 0.36893750000000003 0.41015625 0.3645265625 0.3740234375 0.3586484375 0.33984375 0.35521875 0.3193359375 0.3542375 0.3037109375 0.3542375 0.27734375 0.357178125 0.248046875 0.3581578125 0.224609375 0.3512984375 0.2158203125 0.343459375 0.2353515625 0.33904999999999996 0.2763671875 0.3356203125 0.31640625 0.3370890625 0.3505859375 0.3370890625 0.36328125 0.33415 0.3828125 0.3331703125 0.4013671875 0.33022968750000004 0.421875
14 0.2484078125 0.2919921875 0.24693749999999998 0.3095703125 0.2484078125 0.33984375 0.2572265625 0.3544921875 0.263596875 0.3798828125 0.26751562500000003 0.404296875 0.26751562500000003 0.4287109375 0.274865625 0.451171875 0.28662343749999997 0.4697265625 0.2959328125 0.4716796875 0.306221875 0.4599609375 0.3150421875 0.4521484375 0.3258203125 0.4345703125 0.3258203125 0.41015625 0.318471875 0.3828125 0.311121875 0.3515625 0.3032828125 0.32421875 0.2983828125 0.296875 0.28564375000000003 0.2744140625 0.27535468750000003 0.2568359375 0.272415625 0.2734375 0.276825 0.30078125 0.28123437500000004 0.3212890625 0.2851546875 0.3427734375 0.2738859375 0.3359375 0.263596875 0.31640625 0.258696875 0.2890625 0.24889687500000002 0.2763671875 0.2484078125 0.2919921875
15 0.180303125 0.3896484375 0.1842234375 0.404296875 0.192553125 0.4248046875 0.20088124999999998 0.4306640625 0.20823125 0.4462890625 0.21459999999999999 0.4697265625 0.21459999999999999 0.484375 0.22587031249999998 0.4931640625 0.23517812500000002 0.4853515625 0.2454671875 0.4755859375 0.25477656249999997 0.466796875 0.2645765625 0.4521484375 0.26310625 0.4287109375 0.2518375 0.4013671875 0.24105781249999997 0.3779296875 0.226359375 0.353515625 0.21459999999999999 0.3369140625 0.20137187499999998 0.3388671875 0.18961250000000002 0.3388671875 0.1861828125 0.3564453125 0.1979421875 0.36328125 0.210190625 0.369140625 0.2160703125 0.3837890625 0.20431093749999998 0.3955078125 0.19696249999999998 0.390625 0.1910828125 0.38671875 0.1768734375 0.376953125 0.180303125 0.3896484375