31 0.6376953125 0.2028421875 0.580078125 0.1994125 0.5458984375 0.20627187500000002 0.5458984375 0.21999062500000002 0.552734375 0.2435078125 0.5927734375 0.24301875 0.6357421875 0.2371390625 0.677734375 0.23076875000000002 0.6953125 0.21558125 0.6865234375 0.2028421875 0.6376953125 0.2028421875
2 0.6123046875 0.2454671875 0.5712890625 0.24252812499999998 0.5390625 0.23370937500000002 0.4990234375 0.2190109375 0.4609375 0.2297890625 0.443359375 0.24252812499999998 0.443359375 0.2552671875 0.4609375 0.2709453125 0.5458984375 0.269475 0.5888671875 0.27045625 0.60546875 0.26800625 0.6201171875 0.2572265625 0.6123046875 0.2454671875
13 0.5888671875 0.30034375 0.60546875 0.2876046875 0.5732421875 0.278784375 0.5263671875 0.278784375 0.484375 0.274375 0.447265625 0.262615625 0.4169921875 0.2758453125 0.416015625 0.2959328125 0.408203125 0.3121015625 0.4267578125 0.324840625 0.490234375 0.318471875 0.5478515625 0.31749218749999997 0.576171875 0.3140625 0.5888671875 0.30034375
17 0.4072265625 0.319940625 0.39453125 0.3356203125 0.4111328125 0.3537484375 0.4404296875 0.3566875 0.5029296875 0.3561984375 0.556640625 0.3561984375 0.58203125 0.347378125 0.5390625 0.3400296875 0.4619140625 0.3287609375 0.4072265625 0.319940625
18 0.6064453125 0.374815625 0.58203125 0.36648749999999997 0.5234375 0.3615875 0.486328125 0.35766718750000004 0.4580078125 0.3581578125 0.435546875 0.3557078125 0.404296875 0.35031875 0.3759765625 0.3615875 0.3916015625 0.3811859375 0.404296875 0.3924546875 0.4560546875 0.3919640625 0.5078125 0.391475 0.599609375 0.389025 0.6064453125 0.374815625
19 0.5361328125 0.412053125 0.5732421875 0.41009375 0.59765625 0.39735468749999997 0.560546875 0.3924546875 0.501953125 0.3904953125 0.46484375 0.389025 0.435546875 0.387065625 0.4091796875 0.387065625 0.375 0.3949046875 0.37890625 0.40715312499999995 0.3984375 0.4198921875 0.4248046875 0.420871875 0.4619140625 0.4164625 0.4990234375 0.4164625 0.5361328125 0.412053125
20 0.5166015625 0.4385109375 0.46875 0.4341015625 0.4228515625 0.432140625 0.3876953125 0.432140625 0.373046875 0.4473296875 0.3818359375 0.45761874999999996 0.40625 0.46545781249999996 0.46484375 0.459578125 0.5107421875 0.459578125 0.5341796875 0.4561484375 0.544921875 0.4439 0.5166015625 0.4385109375
21 0.51953125 0.4728078125 0.482421875 0.4728078125 0.4404296875 0.4713375 0.392578125 0.4639875 0.3701171875 0.4762375 0.376953125 0.4933859375 0.38671875 0.5071046875 0.4169921875 0.508575 0.4560546875 0.49926562499999994 0.48828125 0.498775 0.5166015625 0.49387499999999995 0.5341796875 0.4835859375 0.51953125 0.4728078125
22 0.5693359375 0.5541406249999999 0.57421875 0.5384609375 0.5146484375 0.5276828124999999 0.46484375 0.5178828125 0.39453125 0.5095546875 0.375 0.5120046874999999 0.3720703125 0.52229375 0.3671875 0.541890625 0.3798828125 0.5511999999999999 0.4140625 0.5531609375000001 0.4736328125 0.5541406249999999 0.4970703125 0.5551203124999999 0.5478515625 0.5561 0.5693359375 0.5541406249999999
30 0.5458984375 0.5752078125 0.552734375 0.5707984374999999 0.5517578125 0.5663890625 0.5361328125 0.5663890625 0.5234375 0.5658984375 0.509765625 0.565409375 0.4951171875 0.56491875 0.484375 0.5644296875 0.4697265625 0.5639390625 0.4619140625 0.56345 0.4462890625 0.5624687500000001 0.4365234375 0.5614890625 0.427734375 0.5600203125000001 0.4111328125 0.556590625 0.3974609375 0.5575703125 0.373046875 0.558059375 0.3740234375 0.56345 0.3740234375 0.583046875 0.388671875 0.587946875 0.4296875 0.5864765625 0.4736328125 0.5845171875 0.4970703125 0.5845171875 0.5283203125 0.581578125 0.537109375 0.5781484375 0.5458984375 0.5752078125
29 0.59765625 0.6099953124999999 0.599609375 0.597746875 0.5712890625 0.5903968749999999 0.5361328125 0.5913765625 0.4560546875 0.5889265625 0.4189453125 0.5899062500000001 0.375 0.5957859375 0.3662109375 0.609015625 0.392578125 0.6207734375 0.41015625 0.62224375 0.451171875 0.6188140625 0.5078125 0.6163640625 0.5517578125 0.613425 0.59765625 0.6099953124999999
23 0.3935546875 0.6384125 0.3837890625 0.6438015625 0.3857421875 0.6506609375 0.408203125 0.6604609375 0.439453125 0.6604609375 0.4931640625 0.654090625 0.5498046875 0.64723125 0.58203125 0.6438015625 0.6083984375 0.636453125 0.6083984375 0.6188140625 0.564453125 0.612934375 0.521484375 0.6163640625 0.482421875 0.61979375 0.4638671875 0.6188140625 0.451171875 0.615384375 0.4384765625 0.613425 0.427734375 0.612934375 0.416015625 0.615384375 0.404296875 0.61979375 0.4072265625 0.6276328125 0.4072265625 0.634003125 0.3935546875 0.6384125
24 0.5966796875 0.652621875 0.578125 0.6447812500000001 0.5302734375 0.6482109375 0.4931640625 0.652621875 0.4296875 0.6506609375 0.4140625 0.6604609375 0.3955078125 0.675159375 0.4091796875 0.68691875 0.4365234375 0.6883874999999999 0.521484375 0.679078125 0.5556640625 0.6712390625 0.5908203125 0.66585 0.5966796875 0.652621875
25 0.5107421875 0.6932875000000001 0.453125 0.6854484375000001 0.416015625 0.691328125 0.4140625 0.71190625 0.4208984375 0.7261140625 0.435546875 0.73689375 0.484375 0.7334640625 0.52734375 0.723175 0.55859375 0.723175 0.5888671875 0.723175 0.6083984375 0.7109265625 0.56700625 0.6964640625 0.5107421875 0.6932875000000001
26 0.6328125 0.73934375 0.619140625 0.7285640625 0.5869140625 0.7315046875 0.5283203125 0.73199375 0.4775390625 0.734934375 0.4443359375 0.73934375 0.451171875 0.7604109375 0.4697265625 0.7741296875 0.4931640625 0.780009375 0.5341796875 0.7677609375000001 0.564453125 0.7613921875 0.6005859375 0.7545328125 0.630859375 0.7481625000000001 0.6328125 0.73934375
27 0.6748046875 0.764821875 0.6748046875 0.7515921875 0.654296875 0.7496328125 0.6220703125 0.7540421875 0.580078125 0.7555125 0.5634765625 0.7609015625 0.54296875 0.7790296875 0.55078125 0.7878484375 0.5673828125 0.7956890624999999 0.5830078125 0.8005875 0.599609375 0.803528125 0.6435546875 0.7902984375 0.6552734375 0.7756000000000001 0.6748046875 0.764821875
28 0.333984375 0.8182265624999999 0.3310546875 0.8339046874999999 0.3701171875 0.837334375 0.3984375 0.817246875 0.421875 0.805978125 0.4453125 0.7951984375000001 0.4228515625 0.782459375 0.396484375 0.778540625 0.3798828125 0.7672703125 0.3349609375 0.7726609375 0.3330078125 0.7878484375 0.341796875 0.8010781250000001 0.333984375 0.8182265624999999
0 0.3984375 0.7158249999999999 0.369140625 0.711415625 0.32421875 0.72954375 0.2919921875 0.73934375 0.26953125 0.7560015625000001 0.248046875 0.7677609375000001 0.2412109375 0.7756000000000001 0.248046875 0.782459375 0.2734375 0.7863796875 0.3173828125 0.77805 0.34375 0.7721703125 0.376953125 0.7677609375000001 0.4111328125 0.7604109375 0.4189453125 0.7501218749999999 0.4052734375 0.74179375 0.4052734375 0.7315046875 0.3984375 0.7158249999999999
1 0.3505859375 0.65703125 0.30078125 0.6668296875 0.267578125 0.67466875 0.21875 0.6903484375 0.1904296875 0.7011265625 0.173828125 0.707496875 0.1953125 0.709946875 0.2255859375 0.70210625 0.2431640625 0.6996578125 0.2587890625 0.6957375 0.2802734375 0.6967171875 0.2587890625 0.7055359375 0.2431640625 0.71435625 0.216796875 0.723175 0.2021484375 0.730525 0.216796875 0.734934375 0.2734375 0.7261140625 0.33984375 0.71190625 0.3818359375 0.7138656250000001 0.39453125 0.6991671875 0.375 0.68446875 0.376953125 0.6599703124999999 0.3505859375 0.65703125
3 0.279296875 0.6643796875 0.2880859375 0.6634 0.3017578125 0.661440625 0.3154296875 0.65948125 0.330078125 0.65948125 0.3466796875 0.6585 0.3544921875 0.6560515625 0.3623046875 0.6536015625 0.3642578125 0.6487015625 0.369140625 0.6447812500000001 0.3701171875 0.6359625 0.3623046875 0.6310625 0.3525390625 0.6261640625 0.3427734375 0.6217546875 0.33203125 0.6207734375 0.3154296875 0.62714375 0.2890625 0.6354734375 0.251953125 0.6452718749999999 0.2197265625 0.6550703125 0.1923828125 0.6643796875 0.177734375 0.6761390625 0.185546875 0.6810390625 0.197265625 0.6795687499999999 0.2080078125 0.6785890625000001 0.21875 0.6776093750000001 0.2333984375 0.6732 0.240234375 0.6722187500000001 0.2470703125 0.6697703125000001 0.26171875 0.6683 0.279296875 0.6643796875
4 0.2236328125 0.6217546875 0.2451171875 0.6217546875 0.30859375 0.624203125 0.3125 0.62714375 0.3232421875 0.6276328125 0.3330078125 0.62714375 0.3447265625 0.6246937499999999 0.353515625 0.620284375 0.357421875 0.6144046875 0.3603515625 0.6080359375 0.3583984375 0.6011765625 0.34375 0.5938265625 0.32421875 0.59235625 0.275390625 0.59725625 0.2587890625 0.6006859375 0.2373046875 0.6011765625 0.224609375 0.6001953125 0.2080078125 0.601665625 0.19140625 0.603625 0.181640625 0.6050953125 0.166015625 0.6060749999999999 0.15625 0.6080359375 0.1513671875 0.613425 0.16015625 0.6178343749999999 0.169921875 0.6212640625 0.181640625 0.6217546875 0.2236328125 0.6217546875
5 0.248046875 0.5889265625 0.2958984375 0.587946875 0.3359375 0.5889265625 0.3525390625 0.5850078125 0.3544921875 0.5801078125 0.359375 0.5756984375 0.3623046875 0.56981875 0.3603515625 0.5644296875 0.3544921875 0.5600203125000001 0.3486328125 0.556590625 0.3369140625 0.555609375 0.3291015625 0.5561 0.31640625 0.5546296875000001 0.3037109375 0.5575703125 0.29296875 0.5600203125000001 0.2822265625 0.5590390625 0.2734375 0.55855 0.251953125 0.5590390625 0.2353515625 0.5595296875 0.216796875 0.5619796874999999 0.2001953125 0.56491875 0.1875 0.567859375 0.1708984375 0.571778125 0.1591796875 0.5727578125 0.150390625 0.5756984375 0.140625 0.57716875 0.150390625 0.5820671875000001 0.162109375 0.5845171875 0.17578125 0.5874578125000001 0.1904296875 0.587946875 0.248046875 0.5889265625
6 0.3388671875 0.5551203124999999 0.3486328125 0.5546296875000001 0.357421875 0.549240625 0.359375 0.5433609374999999 0.3583984375 0.5355218749999999 0.3583984375 0.530621875 0.3544921875 0.5257234375000001 0.3369140625 0.5252328125 0.310546875 0.5267031249999999 0.283203125 0.5296421875 0.232421875 0.5286625 0.2060546875 0.5267031249999999 0.177734375 0.5276828124999999 0.1689453125 0.53993125 0.1865234375 0.5482609375 0.216796875 0.5482609375 0.2490234375 0.54875 0.287109375 0.5502203125 0.3125 0.55365 0.3212890625 0.55365 0.3310546875 0.5551203124999999 0.3388671875 0.5551203124999999
7 0.2763671875 0.5198437499999999 0.2919921875 0.5208234375 0.30859375 0.5232734375 0.3173828125 0.5232734375 0.3330078125 0.5237625 0.345703125 0.5252328125 0.349609375 0.5237625 0.357421875 0.51004375 0.3544921875 0.498284375 0.3251953125 0.4977953125 0.2919921875 0.49926562499999994 0.263671875 0.5022046875 0.228515625 0.5046546875 0.2021484375 0.51004375 0.181640625 0.5178828125 0.1787109375 0.5227828125 0.189453125 0.5232734375 0.2001953125 0.5227828125 0.212890625 0.521803125 0.2294921875 0.5227828125 0.2412109375 0.52229375 0.25 0.5213125 0.2646484375 0.5203328125 0.2763671875 0.5198437499999999
8 0.3427734375 0.4977953125 0.3544921875 0.49926562499999994 0.3544921875 0.48015625 0.3515625 0.470846875 0.3359375 0.470846875 0.3203125 0.4723171875 0.3037109375 0.4728078125 0.291015625 0.47427656249999994 0.2783203125 0.4737875 0.2451171875 0.4737875 0.2216796875 0.475746875 0.1904296875 0.4772171875 0.1884765625 0.48505624999999997 0.2294921875 0.48995625 0.26171875 0.49289531249999996 0.2724609375 0.49387499999999995 0.2841796875 0.49387499999999995 0.2998046875 0.4953453125 0.3125 0.4958359375 0.3291015625 0.496325 0.3427734375 0.4977953125
9 0.3291015625 0.4404703125 0.30859375 0.44145 0.287109375 0.4439 0.228515625 0.44977968749999997 0.1953125 0.4561484375 0.1640625 0.4615390625 0.171875 0.47035781249999997 0.2294921875 0.47035781249999997 0.2587890625 0.470846875 0.283203125 0.469378125 0.306640625 0.4674171875 0.3486328125 0.4659484375 0.3466796875 0.44880000000000003 0.345703125 0.4385109375 0.3291015625 0.4404703125
10 0.3486328125 0.42234218749999997 0.3427734375 0.41695312500000004 0.3310546875 0.41058281250000006 0.3212890625 0.41009375 0.30859375 0.41009375 0.296875 0.4091125 0.2841796875 0.40764374999999997 0.2548828125 0.4081328125 0.2080078125 0.4081328125 0.1708984375 0.4081328125 0.123046875 0.4091125 0.126953125 0.41891249999999997 0.1513671875 0.425771875 0.197265625 0.4341015625 0.234375 0.4385109375 0.2646484375 0.439490625 0.3017578125 0.4399796875 0.3408203125 0.4385109375 0.353515625 0.4292015625 0.3486328125 0.42234218749999997
11 0.3330078125 0.403234375 0.3388671875 0.402253125 0.349609375 0.3993140625 0.357421875 0.395884375 0.35546875 0.3900046875 0.353515625 0.381675 0.3466796875 0.3762859375 0.3408203125 0.373346875 0.314453125 0.37040625 0.2841796875 0.37285625 0.2412109375 0.37285625 0.193359375 0.3650171875 0.162109375 0.3586484375 0.1572265625 0.37432656249999996 0.177734375 0.382165625 0.216796875 0.388534375 0.251953125 0.3924546875 0.2890625 0.403234375 0.3046875 0.4086234375 0.3212890625 0.41107343749999997 0.3251953125 0.4086234375 0.3330078125 0.403234375
12 0.35546875 0.3669765625 0.3662109375 0.3625671875 0.3642578125 0.35521875 0.361328125 0.3463984375 0.3544921875 0.3400296875 0.341796875 0.33610937500000004 0.3310546875 0.3366 0.2978515625 0.3366 0.263671875 0.33022968750000004 0.236328125 0.3258203125 0.177734375 0.3189609375 0.1865234375 0.3356203125 0.21875 0.34541875 0.2587890625 0.35521875 0.296875 0.3645265625 0.314453125 0.37138593750000004 0.3271484375 0.37285625 0.3388671875 0.373346875 0.34765625 0.3723671875 0.35546875 0.3669765625
14 0.26171875 0.3170015625 0.2802734375 0.32092187499999997 0.2998046875 0.3258203125 0.310546875 0.32925 0.3193359375 0.33415 0.3271484375 0.338559375 0.3388671875 0.343459375 0.349609375 0.34296875 0.3623046875 0.3400296875 0.37109375 0.3380703125 0.37109375 0.3263109375 0.3740234375 0.316021875 0.37890625 0.3101421875 0.3857421875 0.304753125 0.3896484375 0.299853125 0.388671875 0.2934828125 0.3916015625 0.2851546875 0.3798828125 0.2797640625 0.3681640625 0.279275 0.30859375 0.2738859375 0.2890625 0.26849531249999997 0.2626953125 0.261146875 0.2412109375 0.258696875 0.2041015625 0.249878125 0.2109375 0.26751562500000003 0.232421875 0.2758453125 0.2568359375 0.28564375000000003 0.2587890625 0.291034375 0.21875 0.278784375 0.208984375 0.2738859375 0.1826171875 0.269965625 0.1875 0.277315625 0.189453125 0.2846640625 0.19921875 0.2895640625 0.203125 0.29544375 0.2109375 0.3008328125 0.2236328125 0.306221875 0.2353515625 0.3121015625 0.248046875 0.3140625 0.26171875 0.3170015625
15 0.427734375 0.24301875 0.4140625 0.2302796875 0.396484375 0.22488906250000001 0.3642578125 0.22488906250000001 0.3544921875 0.22488906250000001 0.328125 0.2190109375 0.302734375 0.20921093750000003 0.2568359375 0.2028421875 0.2431640625 0.20627187500000002 0.234375 0.21362031250000002 0.248046875 0.2341984375 0.3134765625 0.25477656249999997 0.345703125 0.26751562500000003 0.361328125 0.2782953125 0.38671875 0.281725 0.4033203125 0.27192500000000003 0.416015625 0.26065625 0.427734375 0.24301875
16 0.3310546875 0.14894687499999998 0.326171875 0.1700140625 0.326171875 0.185203125 0.322265625 0.1994125 0.32421875 0.2067609375 0.326171875 0.210190625 0.3330078125 0.21558125 0.34375 0.2204796875 0.35546875 0.2204796875 0.3701171875 0.221459375 0.376953125 0.21705000000000002 0.384765625 0.212640625 0.3955078125 0.21215156249999997 0.41015625 0.2111703125 0.4228515625 0.2097015625 0.4306640625 0.2048015625 0.4326171875 0.1979421875 0.4267578125 0.1905921875 0.3916015625 0.1700140625 0.3837890625 0.15139687500000001 0.3505859375 0.1435578125 0.3310546875 0.14894687499999998