13 0.64453125 0.6996578125 0.5859375 0.7040671875 0.548828125 0.7148453124999999 0.5556640625 0.730034375 0.5537109375 0.7491421875000001 0.583984375 0.76923125 0.669921875 0.7560015625000001 0.73046875 0.7457125 0.7470703125 0.736403125 0.751953125 0.7217046875 0.7265625 0.70700625 0.6845703125 0.6986765625 0.64453125 0.6996578125
17 0.541015625 0.6722187500000001 0.5078125 0.68446875 0.5126953125 0.7030875 0.5341796875 0.71435625 0.58203125 0.7050468750000001 0.609375 0.6942671875 0.638671875 0.6878984375 0.66796875 0.6829984375 0.69921875 0.6805484374999999 0.7109375 0.656540625 0.66796875 0.6555609375 0.62890625 0.661440625 0.5947265625 0.6692796875 0.541015625 0.6722187500000001
18 0.5205078125 0.636453125 0.50390625 0.6438015625 0.5 0.6555609375 0.4990234375 0.665359375 0.5166015625 0.6756484375 0.583984375 0.670259375 0.6572265625 0.6575203125 0.693359375 0.65458125 0.701171875 0.6418421875 0.6748046875 0.6330234375 0.6318359375 0.631553125 0.5908203125 0.6310625 0.5400390625 0.6286140625 0.5205078125 0.636453125
19 0.4814453125 0.604115625 0.462890625 0.6178343749999999 0.5087890625 0.636453125 0.548828125 0.6344921875 0.5859375 0.6344921875 0.6318359375 0.6325328125 0.6884765625 0.6335124999999999 0.7451171875 0.6178343749999999 0.703125 0.6050953125 0.6552734375 0.6006859375 0.556640625 0.59235625 0.5048828125 0.59480625 0.4814453125 0.604115625
20 0.5166015625 0.556590625 0.4873046875 0.556590625 0.47265625 0.57226875 0.4775390625 0.5825578124999999 0.490234375 0.5903968749999999 0.5107421875 0.5903968749999999 0.5439453125 0.5903968749999999 0.6220703125 0.583046875 0.669921875 0.5786374999999999 0.7138671875 0.5712890625 0.7099609375 0.549240625 0.6552734375 0.549240625 0.6083984375 0.5541406249999999 0.55078125 0.55365 0.5166015625 0.556590625
21 0.4921875 0.510534375 0.462890625 0.5115140625000001 0.470703125 0.5296421875 0.4541015625 0.542871875 0.4580078125 0.55365 0.521484375 0.55855 0.5517578125 0.5507109375 0.6171875 0.5453203125 0.6806640625 0.537971875 0.7138671875 0.5355218749999999 0.6767578125 0.524253125 0.615234375 0.514453125 0.5615234375 0.51249375 0.525390625 0.510534375 0.4921875 0.510534375
22 0.5712890625 0.46643749999999995 0.53125 0.4630078125 0.48144687499999994 0.45862499999999995 0.4482421875 0.48407656250000003 0.4716796875 0.5095546875 0.5546875 0.506125 0.6201171875 0.4997546875 0.6845703125 0.49240625 0.72265625 0.4821171875 0.6806640625 0.47770625000000005 0.6318359375 0.475746875 0.5712890625 0.46643749999999995
30 0.48828125 0.42332187499999996 0.47265625 0.43165156250000003 0.4814453125 0.457128125 0.52734375 0.46006875 0.5986328125 0.45565937500000003 0.6611328125 0.4492890625 0.703125 0.44977968749999997 0.6826171875 0.4409609375 0.6298828125 0.43459062499999995 0.5966796875 0.4287109375 0.5546875 0.42528125 0.48828125 0.42332187499999996
29 0.4873046875 0.382165625 0.46875 0.39294531250000003 0.46875 0.41499218750000005 0.501953125 0.42234218749999997 0.580078125 0.42234218749999997 0.6298828125 0.4140125 0.732421875 0.40029375 0.6826171875 0.3855953125 0.6240234375 0.38020624999999997 0.5908203125 0.38020624999999997 0.525390625 0.38020624999999997 0.4873046875 0.382165625
23 0.5400390625 0.3444390625 0.4873046875 0.3463984375 0.4775390625 0.362078125 0.5068359375 0.3811859375 0.5419921875 0.3904953125 0.6748046875 0.38020624999999997 0.755859375 0.3831453125 0.7412109375 0.368446875 0.701171875 0.3581578125 0.6552734375 0.347378125 0.5947265625 0.34541875 0.5400390625 0.3444390625
24 0.49609375 0.306221875 0.4912109375 0.3263109375 0.4990234375 0.3444390625 0.546875 0.34541875 0.611328125 0.3463984375 0.6611328125 0.3488484375 0.7177734375 0.34541875 0.7294921875 0.32533124999999996 0.66015625 0.3150421875 0.5966796875 0.3106328125 0.5205078125 0.3008328125 0.49609375 0.306221875
25 0.5888671875 0.2533078125 0.544921875 0.24742812500000003 0.5185546875 0.25820625 0.5126953125 0.281725 0.5166015625 0.29544375 0.5400390625 0.3057328125 0.6201171875 0.302303125 0.6865234375 0.302303125 0.75 0.29936250000000003 0.7353515625 0.2709453125 0.6787109375 0.2709453125 0.64453125 0.2621265625 0.6123046875 0.258696875 0.5888671875 0.2533078125
26 0.5263671875 0.20627187500000002 0.5302734375 0.22685 0.5537109375 0.2479171875 0.59765625 0.2493875 0.6630859375 0.24693749999999998 0.7392578125 0.236159375 0.7138671875 0.2160703125 0.65234375 0.212640625 0.6025390625 0.198921875 0.5556640625 0.1979421875 0.5263671875 0.20627187500000002
0 0.5390625 0.23860781250000002 0.498046875 0.226359375 0.462890625 0.2190109375 0.4296875 0.21509062499999998 0.3916015625 0.2023515625 0.34375 0.2111703125 0.3720703125 0.22782968750000002 0.38671875 0.24889687500000002 0.4560546875 0.2802546875 0.5068359375 0.278784375 0.5263671875 0.25967656250000004 0.5390625 0.23860781250000002
3 0.4375 0.3243515625 0.38671875 0.3243515625 0.30078125 0.32043125 0.2421875 0.3243515625 0.267578125 0.338559375 0.3212890625 0.349828125 0.3720703125 0.3532578125 0.4423828125 0.365996875 0.4599609375 0.3601171875 0.478515625 0.343459375 0.458984375 0.32778125 0.4375 0.3243515625
4 0.412109375 0.3625671875 0.376953125 0.36893750000000003 0.318359375 0.37138593750000004 0.2705078125 0.3762859375 0.2900390625 0.389025 0.3408203125 0.3919640625 0.36328125 0.39539375 0.4326171875 0.40274374999999996 0.4501953125 0.398334375 0.47265625 0.384125 0.4501953125 0.36648749999999997 0.412109375 0.3625671875
5 0.271484375 0.41548281249999997 0.255859375 0.429690625 0.2783203125 0.4360609375 0.3173828125 0.43899999999999995 0.3798828125 0.443409375 0.4375 0.4385109375 0.4716796875 0.4218515625 0.4345703125 0.4061734375 0.3544921875 0.4056828125 0.298828125 0.40715312499999995 0.271484375 0.41548281249999997
6 0.4501953125 0.45516875 0.4482421875 0.441940625 0.4267578125 0.4439 0.40625 0.4439 0.3857421875 0.4439 0.3603515625 0.45075937499999996 0.31640625 0.45026875000000005 0.275390625 0.4517390625 0.2734375 0.4747671875 0.3173828125 0.4767265625 0.3515625 0.4772171875 0.376953125 0.4762375 0.40625 0.4747671875 0.4482421875 0.47770625000000005 0.4501953125 0.46496875 0.4501953125 0.45516875
8 0.3837890625 0.5080843749999999 0.294921875 0.5120046874999999 0.2626953125 0.51739375 0.26171875 0.54238125 0.3212890625 0.5414015625 0.3876953125 0.5384609375 0.4189453125 0.53748125 0.4599609375 0.5360125 0.462890625 0.51494375 0.4404296875 0.5046546875 0.3837890625 0.5080843749999999
9 0.455078125 0.5624687500000001 0.4560546875 0.5472812499999999 0.44921875 0.5345421875 0.4140625 0.5384609375 0.3837890625 0.5394421875 0.3544921875 0.5409109375 0.31640625 0.5438515625 0.2841796875 0.5453203125 0.259765625 0.54875 0.25 0.5712890625 0.2802734375 0.57226875 0.33203125 0.5712890625 0.35546875 0.56981875 0.3818359375 0.5683484375 0.4072265625 0.5668796875 0.4267578125 0.5683484375 0.455078125 0.5624687500000001
10 0.447265625 0.5756984375 0.427734375 0.5688390625 0.4091796875 0.5688390625 0.3837890625 0.571778125 0.357421875 0.574228125 0.33203125 0.5761875 0.3046875 0.5805984375000001 0.27734375 0.5884375000000001 0.2294921875 0.59725625 0.2646484375 0.6099953124999999 0.3154296875 0.6124453125 0.345703125 0.609015625 0.388671875 0.6060749999999999 0.4248046875 0.59970625 0.462890625 0.597746875 0.4697265625 0.5825578124999999 0.447265625 0.5756984375
7 0.322265625 0.5041640625 0.3623046875 0.5075937500000001 0.40625 0.5066140625 0.451171875 0.505634375 0.447265625 0.4728078125 0.4033203125 0.47525781250000004 0.3466796875 0.47868750000000004 0.265625 0.480646875 0.26171875 0.5026953125 0.322265625 0.5041640625
11 0.4111328125 0.6050953125 0.392578125 0.6080359375 0.3623046875 0.6119546875 0.3359375 0.6178343749999999 0.2724609375 0.625184375 0.2294921875 0.6354734375 0.2294921875 0.64968125 0.271484375 0.6511515625000001 0.3037109375 0.652621875 0.345703125 0.6487015625 0.3720703125 0.6487015625 0.3974609375 0.6418421875 0.419921875 0.6408625 0.447265625 0.636453125 0.4599609375 0.6305734375000001 0.4697265625 0.620284375 0.4736328125 0.610975 0.4462890625 0.610975 0.4326171875 0.6001953125 0.4111328125 0.6050953125
12 0.404296875 0.6482109375 0.3359375 0.6624203125 0.2900390625 0.6736890625 0.2568359375 0.6849578125 0.2900390625 0.692796875 0.3486328125 0.6849578125 0.416015625 0.67711875 0.455078125 0.6761390625 0.4951171875 0.6624203125 0.482421875 0.6413515624999999 0.4501953125 0.6330234375 0.404296875 0.6482109375
14 0.4296875 0.725625 0.4541015625 0.725625 0.474609375 0.7221953125 0.4921875 0.7202359375 0.5283203125 0.716315625 0.5146484375 0.697696875 0.5029296875 0.6683 0.48046875 0.66585 0.4296875 0.680059375 0.365234375 0.6903484375 0.326171875 0.70700625 0.30078125 0.72954375 0.3310546875 0.7270953125 0.36328125 0.7197453125 0.4013671875 0.7104359375 0.3837890625 0.723175 0.353515625 0.7422828124999999 0.3583984375 0.7589421875 0.3857421875 0.7413031250000001 0.4296875 0.725625
15 0.4345703125 0.8020578125 0.4697265625 0.7932390625 0.490234375 0.7765796875000001 0.533203125 0.766290625 0.5615234375 0.7564921874999999 0.548828125 0.743753125 0.537109375 0.727584375 0.5185546875 0.7192546875 0.4970703125 0.718765625 0.466796875 0.725134375 0.4326171875 0.743753125 0.4013671875 0.7589421875 0.3740234375 0.7741296875 0.3837890625 0.7854 0.4072265625 0.77805 0.44921875 0.766290625 0.4384765625 0.7805 0.4130859375 0.79176875 0.3935546875 0.7996078125 0.3994140625 0.8138171875 0.4345703125 0.8020578125