13 0.3013234375 0.3154296875 0.29299375 0.2734375 0.2782953125 0.248046875 0.263596875 0.2529296875 0.2542875 0.26953125 0.2439984375 0.330078125 0.23076875000000002 0.416015625 0.2508578125 0.4462890625 0.269965625 0.4443359375 0.2851546875 0.451171875 0.2959328125 0.4140625 0.30034375 0.35546875 0.3013234375 0.3154296875
17 0.32778125 0.458984375 0.3307203125 0.4052734375 0.338559375 0.37109375 0.3444390625 0.33203125 0.343459375 0.2890625 0.3194515625 0.30078125 0.3170015625 0.33203125 0.3121015625 0.361328125 0.3057328125 0.390625 0.29495312500000004 0.41796875 0.28564375000000003 0.4658203125 0.2969125 0.4873046875 0.31553125 0.4921875 0.32778125 0.458984375
18 0.363546875 0.4794921875 0.37138593750000004 0.4599609375 0.36893750000000003 0.4091796875 0.368446875 0.3681640625 0.3669765625 0.3251953125 0.3581578125 0.298828125 0.34541875 0.306640625 0.3424796875 0.3427734375 0.329740625 0.416015625 0.3243515625 0.4833984375 0.33464062499999997 0.5009765625 0.3444390625 0.5 0.3561984375 0.49609375 0.363546875 0.4794921875
19 0.40519375 0.4951171875 0.40764374999999997 0.443359375 0.3993140625 0.3447265625 0.3949046875 0.296875 0.382165625 0.2548828125 0.36648749999999997 0.3115234375 0.3674671875 0.3681640625 0.36550781250000003 0.4140625 0.36550781250000003 0.451171875 0.363546875 0.4912109375 0.382165625 0.537109375 0.395884375 0.5185546875 0.40519375 0.4951171875
20 0.443409375 0.5126953125 0.443409375 0.4833984375 0.44634999999999997 0.44921875 0.44585937500000006 0.3916015625 0.45075937499999996 0.3447265625 0.45075937499999996 0.2900390625 0.4287109375 0.2861328125 0.42136250000000003 0.330078125 0.41695312500000004 0.3779296875 0.409603125 0.4560546875 0.409603125 0.4892578125 0.409603125 0.509765625 0.4174421875 0.5224609375 0.42773125 0.52734375 0.443409375 0.5126953125
21 0.48848593749999997 0.537109375 0.48946562499999996 0.5078125 0.48946562499999996 0.474609375 0.48750625000000003 0.4384765625 0.485546875 0.384765625 0.475746875 0.3232421875 0.464478125 0.2861328125 0.46202812499999996 0.3193359375 0.4546796875 0.3828125 0.4492890625 0.4482421875 0.44145 0.478515625 0.44634999999999997 0.5419921875 0.457128125 0.5458984375 0.47035781249999997 0.529296875 0.48848593749999997 0.537109375
22 0.52229375 0.3193359375 0.5178828125 0.27734375 0.5075937500000001 0.3154296875 0.5002453124999999 0.3798828125 0.49387499999999995 0.4453125 0.4904453125 0.5283203125 0.5159234374999999 0.5517578125 0.541375 0.5185531250000001 0.5369921875 0.46875 0.5335625 0.4287109375 0.524253125 0.3681640625 0.52229375 0.3193359375
30 0.5712890625 0.4033203125 0.565409375 0.3701171875 0.5590390625 0.3173828125 0.5502203125 0.296875 0.5507109375 0.3388671875 0.544340625 0.4013671875 0.53993125 0.47265625 0.542871875 0.5185546875 0.5683484375 0.52734375 0.576678125 0.51171875 0.57471875 0.4453125 0.5712890625 0.4033203125
29 0.61979375 0.4091796875 0.61979375 0.3759765625 0.6144046875 0.3173828125 0.59970625 0.267578125 0.5859875 0.3701171875 0.5776578125 0.419921875 0.5776578125 0.498046875 0.5850078125 0.53125 0.6070546875 0.53125 0.6178343749999999 0.5126953125 0.61979375 0.474609375 0.61979375 0.4091796875
23 0.652621875 0.3447265625 0.6418421875 0.298828125 0.631553125 0.2587890625 0.6168546874999999 0.244140625 0.61979375 0.3251953125 0.6095046875000001 0.4580078125 0.6188140625 0.4931640625 0.637921875 0.5224609375 0.6536015625 0.5126953125 0.6555609375 0.4599609375 0.65458125 0.4052734375 0.652621875 0.3447265625
24 0.6893671875 0.4033203125 0.6849578125 0.33984375 0.67466875 0.2705078125 0.65458125 0.2822265625 0.6511515625000001 0.3388671875 0.6536015625 0.388671875 0.65458125 0.453125 0.6555609375 0.5009765625 0.6736890625 0.5087890625 0.6937781249999999 0.50390625 0.6991671875 0.4794921875 0.6893671875 0.4033203125
25 0.7466921875 0.4111328125 0.7413031250000001 0.3876953125 0.7378734375 0.35546875 0.7290546875 0.3212890625 0.7290546875 0.2646484375 0.7006375 0.25 0.697696875 0.3134765625 0.697696875 0.3798828125 0.6942671875 0.4599609375 0.70455625 0.4833984375 0.718275 0.4873046875 0.74179375 0.4814453125 0.752571875 0.455078125 0.7466921875 0.4111328125
26 0.7873593750000001 0.34765625 0.7839296874999999 0.2861328125 0.763840625 0.2607421875 0.7530625 0.3369140625 0.7506125 0.40234375 0.7520828125000001 0.4462890625 0.77315 0.4697265625 0.793728125 0.4736328125 0.8020578125 0.4443359375 0.8010781250000001 0.3974609375 0.7873593750000001 0.34765625
0 0.7212156249999999 0.4931640625 0.7197453125 0.5439453125 0.751103125 0.61328125 0.7721703125 0.6279296875 0.7888296875 0.65625 0.7976484375 0.6083984375 0.784909375 0.5703125 0.7809890625 0.537109375 0.773640625 0.501953125 0.7613921875 0.4609375 0.7403234375000001 0.4736328125 0.7212156249999999 0.4931640625
3 0.656540625 0.521484375 0.6398828125 0.5400390625 0.634003125 0.5576171875 0.6467421875 0.6279296875 0.6501718750000001 0.6787109375 0.661440625 0.732421875 0.6756484375 0.7578125 0.6795687499999999 0.69921875 0.6756484375 0.61328125 0.6756484375 0.5625 0.6722187500000001 0.541015625 0.656540625 0.521484375
4 0.6158750000000001 0.52734375 0.601665625 0.5498046875 0.59725625 0.5673828125 0.60460625 0.63671875 0.6080359375 0.6591796875 0.610975 0.7099609375 0.6237140625 0.7294921875 0.6286140625 0.681640625 0.6310625 0.623046875 0.6374328125 0.587890625 0.6335124999999999 0.5498046875 0.6158750000000001 0.52734375
5 0.5938265625 0.5654296875 0.5781484375 0.5283203125 0.5614890625 0.5625 0.556590625 0.6201171875 0.561 0.6826171875 0.5639390625 0.7216796875 0.570309375 0.744140625 0.5845171875 0.728515625 0.592846875 0.701171875 0.5943171875 0.6455078125 0.5938265625 0.5654296875
6 0.5561 0.5732421875 0.558059375 0.5517578125 0.54483125 0.5498046875 0.5350312500000001 0.5498046875 0.52229375 0.5517578125 0.5252328125 0.59375 0.5237625 0.623046875 0.5227828125 0.6484375 0.5232734375 0.6826171875 0.5252328125 0.7265625 0.5482609375 0.724609375 0.54973125 0.68359375 0.549240625 0.6396484375 0.5561 0.6142578125 0.5561 0.59375 0.5561 0.5732421875
8 0.4639875 0.5400390625 0.46251875 0.5810546875 0.4615390625 0.6123046875 0.45859843749999996 0.6787109375 0.45761874999999996 0.73828125 0.48260625 0.7373046875 0.4879953125 0.705078125 0.491915625 0.6162109375 0.4953453125 0.5595703125 0.48505624999999997 0.537109375 0.4639875 0.5400390625
9 0.4615390625 0.5859375 0.46545781249999996 0.55078125 0.45271875 0.5439453125 0.43753125 0.544921875 0.43165156250000003 0.5732421875 0.4331203125 0.5927734375 0.43165156250000003 0.6181640625 0.43018124999999996 0.64453125 0.4287109375 0.66796875 0.42773125 0.7197265625 0.4287109375 0.75 0.45125000000000004 0.740234375 0.4546796875 0.7158203125 0.4561484375 0.68359375 0.45908906250000003 0.6455078125 0.4605578125 0.6162109375 0.4615390625 0.5859375
10 0.42822187500000003 0.6162109375 0.43116093749999995 0.5908203125 0.43116093749999995 0.572265625 0.4243015625 0.552734375 0.4174421875 0.5302734375 0.402253125 0.537109375 0.40029375 0.5751953125 0.39392499999999997 0.611328125 0.390984375 0.654296875 0.3875546875 0.6845703125 0.3900046875 0.7353515625 0.40274374999999996 0.7705078125 0.41156249999999994 0.72265625 0.41940156249999994 0.6953125 0.42381250000000004 0.66796875 0.425771875 0.642578125 0.42822187500000003 0.6162109375
7 0.5247421875 0.5966796875 0.5271921875000001 0.552734375 0.49436562500000003 0.548828125 0.4933859375 0.59375 0.49240625 0.6376953125 0.4958359375 0.677734375 0.49730468749999995 0.73828125 0.5193531250000001 0.734375 0.5213125 0.6533203125 0.5247421875 0.5966796875
11 0.35031875 0.7705078125 0.3645265625 0.7705078125 0.374815625 0.7275390625 0.382165625 0.6640625 0.38804531249999996 0.6376953125 0.3919640625 0.607421875 0.3949046875 0.5888671875 0.3998046875 0.5673828125 0.389025 0.5537109375 0.389025 0.5263671875 0.379715625 0.5302734375 0.3694265625 0.5400390625 0.363546875 0.552734375 0.3591375 0.580078125 0.3581578125 0.6025390625 0.3512984375 0.6279296875 0.3512984375 0.654296875 0.347378125 0.6962890625 0.3488484375 0.728515625 0.35031875 0.7705078125
12 0.3586484375 0.517578125 0.3375796875 0.5048828125 0.3238609375 0.544921875 0.32288125 0.583984375 0.3150421875 0.6513671875 0.307203125 0.7099609375 0.3150421875 0.7431640625 0.3263109375 0.7099609375 0.3375796875 0.6640625 0.3517890625 0.595703125 0.3669765625 0.5498046875 0.3586484375 0.517578125
14 0.3317 0.4970703125 0.302303125 0.4853515625 0.283684375 0.4716796875 0.2797640625 0.5078125 0.2778046875 0.525390625 0.274375 0.5458984375 0.274375 0.5703125 0.258696875 0.6142578125 0.24105781249999997 0.6416015625 0.2577171875 0.646484375 0.276825 0.6162109375 0.2895640625 0.5986328125 0.2802546875 0.63671875 0.27290468749999997 0.6689453125 0.27045625 0.69921875 0.29299375 0.673828125 0.3096515625 0.634765625 0.319940625 0.5703125 0.33415 0.51953125 0.3317 0.4970703125
15 0.2807453125 0.4814453125 0.272415625 0.462890625 0.256246875 0.451171875 0.2435078125 0.4384765625 0.23370937500000002 0.466796875 0.2234203125 0.509765625 0.2067609375 0.5302734375 0.1979421875 0.5654296875 0.1861828125 0.6005859375 0.2003921875 0.6064453125 0.20823125 0.5869140625 0.21949999999999997 0.5615234375 0.23370937500000002 0.55078125 0.22195 0.5927734375 0.21459999999999999 0.6162109375 0.22587031249999998 0.6259765625 0.24105781249999997 0.5986328125 0.256246875 0.5673828125 0.274865625 0.533203125 0.28123437500000004 0.5029296875 0.2807453125 0.4814453125