13 0.416015625 0.76923125 0.4462890625 0.7491421875000001 0.4443359375 0.730034375 0.451171875 0.7148453124999999 0.4140625 0.7040671875 0.35546875 0.6996578125 0.3154296875 0.6986765625 0.2734375 0.70700625 0.248046875 0.7217046875 0.2529296875 0.736403125 0.26953125 0.7457125 0.330078125 0.7560015625000001 0.416015625 0.76923125
17 0.33203125 0.6829984375 0.361328125 0.6878984375 0.390625 0.6942671875 0.41796875 0.7050468750000001 0.4658203125 0.71435625 0.4873046875 0.7030875 0.4921875 0.68446875 0.458984375 0.6722187500000001 0.4052734375 0.6692796875 0.37109375 0.661440625 0.33203125 0.6555609375 0.2890625 0.656540625 0.30078125 0.6805484374999999 0.33203125 0.6829984375
18 0.306640625 0.65458125 0.3427734375 0.6575203125 0.416015625 0.670259375 0.4833984375 0.6756484375 0.5009765625 0.665359375 0.5 0.6555609375 0.49609375 0.6438015625 0.4794921875 0.636453125 0.4599609375 0.6286140625 0.4091796875 0.6310625 0.3681640625 0.631553125 0.3251953125 0.6330234375 0.298828125 0.6418421875 0.306640625 0.65458125
19 0.3681640625 0.6325328125 0.4140625 0.6344921875 0.451171875 0.6344921875 0.4912109375 0.636453125 0.537109375 0.6178343749999999 0.5185546875 0.604115625 0.4951171875 0.59480625 0.443359375 0.59235625 0.3447265625 0.6006859375 0.296875 0.6050953125 0.2548828125 0.6178343749999999 0.3115234375 0.6335124999999999 0.3681640625 0.6325328125
20 0.2861328125 0.5712890625 0.330078125 0.5786374999999999 0.3779296875 0.583046875 0.4560546875 0.5903968749999999 0.4892578125 0.5903968749999999 0.509765625 0.5903968749999999 0.5224609375 0.5825578124999999 0.52734375 0.57226875 0.5126953125 0.556590625 0.4833984375 0.556590625 0.44921875 0.55365 0.3916015625 0.5541406249999999 0.3447265625 0.549240625 0.2900390625 0.549240625 0.2861328125 0.5712890625
21 0.2861328125 0.5355218749999999 0.3193359375 0.537971875 0.3828125 0.5453203125 0.4482421875 0.5507109375 0.478515625 0.55855 0.5419921875 0.55365 0.5458984375 0.542871875 0.529296875 0.5296421875 0.537109375 0.5115140625000001 0.5078125 0.510534375 0.474609375 0.510534375 0.4384765625 0.51249375 0.384765625 0.514453125 0.3232421875 0.524253125 0.2861328125 0.5355218749999999
22 0.5517578125 0.48407656250000003 0.5185531250000001 0.45862499999999995 0.46875 0.4630078125 0.4287109375 0.46643749999999995 0.3681640625 0.475746875 0.3193359375 0.47770625000000005 0.27734375 0.4821171875 0.3154296875 0.49240625 0.3798828125 0.4997546875 0.4453125 0.506125 0.5283203125 0.5095546875 0.5517578125 0.48407656250000003
30 0.47265625 0.46006875 0.5185546875 0.457128125 0.52734375 0.43165156250000003 0.51171875 0.42332187499999996 0.4453125 0.42528125 0.4033203125 0.4287109375 0.3701171875 0.43459062499999995 0.3173828125 0.4409609375 0.296875 0.44977968749999997 0.3388671875 0.4492890625 0.4013671875 0.45565937500000003 0.47265625 0.46006875
29 0.498046875 0.42234218749999997 0.53125 0.41499218750000005 0.53125 0.39294531250000003 0.5126953125 0.382165625 0.474609375 0.38020624999999997 0.4091796875 0.38020624999999997 0.3759765625 0.38020624999999997 0.3173828125 0.3855953125 0.267578125 0.40029375 0.3701171875 0.4140125 0.419921875 0.42234218749999997 0.498046875 0.42234218749999997
23 0.4931640625 0.3811859375 0.5224609375 0.362078125 0.5126953125 0.3463984375 0.4599609375 0.3444390625 0.4052734375 0.34541875 0.3447265625 0.347378125 0.298828125 0.3581578125 0.2587890625 0.368446875 0.244140625 0.3831453125 0.3251953125 0.38020624999999997 0.4580078125 0.3904953125 0.4931640625 0.3811859375
24 0.453125 0.34541875 0.5009765625 0.3444390625 0.5087890625 0.3263109375 0.50390625 0.306221875 0.4794921875 0.3008328125 0.4033203125 0.3106328125 0.33984375 0.3150421875 0.2705078125 0.32533124999999996 0.2822265625 0.34541875 0.3388671875 0.3488484375 0.388671875 0.3463984375 0.453125 0.34541875
25 0.3134765625 0.302303125 0.3798828125 0.302303125 0.4599609375 0.3057328125 0.4833984375 0.29544375 0.4873046875 0.281725 0.4814453125 0.25820625 0.455078125 0.24742812500000003 0.4111328125 0.2533078125 0.3876953125 0.258696875 0.35546875 0.2621265625 0.3212890625 0.2709453125 0.2646484375 0.2709453125 0.25 0.29936250000000003 0.3134765625 0.302303125
26 0.4697265625 0.22685 0.4736328125 0.20627187500000002 0.4443359375 0.1979421875 0.3974609375 0.198921875 0.34765625 0.212640625 0.2861328125 0.2160703125 0.2607421875 0.236159375 0.3369140625 0.24693749999999998 0.40234375 0.2493875 0.4462890625 0.2479171875 0.4697265625 0.22685
0 0.5703125 0.21509062499999998 0.537109375 0.2190109375 0.501953125 0.226359375 0.4609375 0.23860781250000002 0.4736328125 0.25967656250000004 0.4931640625 0.278784375 0.5439453125 0.2802546875 0.61328125 0.24889687500000002 0.6279296875 0.22782968750000002 0.65625 0.2111703125 0.6083984375 0.2023515625 0.5703125 0.21509062499999998
3 0.7578125 0.3243515625 0.69921875 0.32043125 0.61328125 0.3243515625 0.5625 0.3243515625 0.541015625 0.32778125 0.521484375 0.343459375 0.5400390625 0.3601171875 0.5576171875 0.365996875 0.6279296875 0.3532578125 0.6787109375 0.349828125 0.732421875 0.338559375 0.7578125 0.3243515625
4 0.7294921875 0.3762859375 0.681640625 0.37138593750000004 0.623046875 0.36893750000000003 0.587890625 0.3625671875 0.5498046875 0.36648749999999997 0.52734375 0.384125 0.5498046875 0.398334375 0.5673828125 0.40274374999999996 0.63671875 0.39539375 0.6591796875 0.3919640625 0.7099609375 0.389025 0.7294921875 0.3762859375
5 0.744140625 0.429690625 0.728515625 0.41548281249999997 0.701171875 0.40715312499999995 0.6455078125 0.4056828125 0.5654296875 0.4061734375 0.5283203125 0.4218515625 0.5625 0.4385109375 0.6201171875 0.443409375 0.6826171875 0.43899999999999995 0.7216796875 0.4360609375 0.744140625 0.429690625
6 0.623046875 0.4762375 0.6484375 0.4772171875 0.6826171875 0.4767265625 0.7265625 0.4747671875 0.724609375 0.4517390625 0.68359375 0.45026875000000005 0.6396484375 0.45075937499999996 0.6142578125 0.4439 0.59375 0.4439 0.5732421875 0.4439 0.5517578125 0.441940625 0.5498046875 0.45516875 0.5498046875 0.46496875 0.5517578125 0.47770625000000005 0.59375 0.4747671875 0.623046875 0.4762375
8 0.705078125 0.5120046874999999 0.6162109375 0.5080843749999999 0.5595703125 0.5046546875 0.537109375 0.51494375 0.5400390625 0.5360125 0.5810546875 0.53748125 0.6123046875 0.5384609375 0.6787109375 0.5414015625 0.73828125 0.54238125 0.7373046875 0.51739375 0.705078125 0.5120046874999999
9 0.6181640625 0.5683484375 0.64453125 0.56981875 0.66796875 0.5712890625 0.7197265625 0.57226875 0.75 0.5712890625 0.740234375 0.54875 0.7158203125 0.5453203125 0.68359375 0.5438515625 0.6455078125 0.5409109375 0.6162109375 0.5394421875 0.5859375 0.5384609375 0.55078125 0.5345421875 0.5439453125 0.5472812499999999 0.544921875 0.5624687500000001 0.5732421875 0.5683484375 0.5927734375 0.5668796875 0.6181640625 0.5683484375
10 0.5751953125 0.59970625 0.611328125 0.6060749999999999 0.654296875 0.609015625 0.6845703125 0.6124453125 0.7353515625 0.6099953124999999 0.7705078125 0.59725625 0.72265625 0.5884375000000001 0.6953125 0.5805984375000001 0.66796875 0.5761875 0.642578125 0.574228125 0.6162109375 0.571778125 0.5908203125 0.5688390625 0.572265625 0.5688390625 0.552734375 0.5756984375 0.5302734375 0.5825578124999999 0.537109375 0.597746875 0.5751953125 0.59970625
7 0.73828125 0.5026953125 0.734375 0.480646875 0.6533203125 0.47868750000000004 0.5966796875 0.47525781250000004 0.552734375 0.4728078125 0.548828125 0.505634375 0.59375 0.5066140625 0.6376953125 0.5075937500000001 0.677734375 0.5041640625 0.73828125 0.5026953125
11 0.5888671875 0.6050953125 0.5673828125 0.6001953125 0.5537109375 0.610975 0.5263671875 0.610975 0.5302734375 0.620284375 0.5400390625 0.6305734375000001 0.552734375 0.636453125 0.580078125 0.6408625 0.6025390625 0.6418421875 0.6279296875 0.6487015625 0.654296875 0.6487015625 0.6962890625 0.652621875 0.728515625 0.6511515625000001 0.7705078125 0.64968125 0.7705078125 0.6354734375 0.7275390625 0.625184375 0.6640625 0.6178343749999999 0.6376953125 0.6119546875 0.607421875 0.6080359375 0.5888671875 0.6050953125
12 0.7431640625 0.6849578125 0.7099609375 0.6736890625 0.6640625 0.6624203125 0.595703125 0.6482109375 0.5498046875 0.6330234375 0.517578125 0.6413515624999999 0.5048828125 0.6624203125 0.544921875 0.6761390625 0.583984375 0.67711875 0.6513671875 0.6849578125 0.7099609375 0.692796875 0.7431640625 0.6849578125
14 0.5703125 0.725625 0.6142578125 0.7413031250000001 0.6416015625 0.7589421875 0.646484375 0.7422828124999999 0.6162109375 0.723175 0.5986328125 0.7104359375 0.63671875 0.7197453125 0.6689453125 0.7270953125 0.69921875 0.72954375 0.673828125 0.70700625 0.634765625 0.6903484375 0.5703125 0.680059375 0.51953125 0.66585 0.4970703125 0.6683 0.4853515625 0.697696875 0.4716796875 0.716315625 0.5078125 0.7202359375 0.525390625 0.7221953125 0.5458984375 0.725625 0.5703125 0.725625
15 0.5302734375 0.7932390625 0.5654296875 0.8020578125 0.6005859375 0.8138171875 0.6064453125 0.7996078125 0.5869140625 0.79176875 0.5615234375 0.7805 0.55078125 0.766290625 0.5927734375 0.77805 0.6162109375 0.7854 0.6259765625 0.7741296875 0.5986328125 0.7589421875 0.5673828125 0.743753125 0.533203125 0.725134375 0.5029296875 0.718765625 0.4814453125 0.7192546875 0.462890625 0.727584375 0.451171875 0.743753125 0.4384765625 0.7564921874999999 0.466796875 0.766290625 0.509765625 0.7765796875000001 0.5302734375 0.7932390625