21 0.48848593749999997 0.5400390625 0.4997546875 0.5380859375 0.501225 0.517578125 0.49926562499999994 0.4931640625 0.498284375 0.4697265625 0.4948546875 0.4482421875 0.49289531249999996 0.423828125 0.49289531249999996 0.400390625 0.48750625000000003 0.369140625 0.47525781250000004 0.3701171875 0.47525781250000004 0.40625 0.47035781249999997 0.4541015625 0.466928125 0.4736328125 0.4688875 0.498046875 0.4679078125 0.51953125 0.46545781249999996 0.537109375 0.4762375 0.5458984375 0.48848593749999997 0.5400390625
22 0.5120046874999999 0.5400390625 0.5247421875 0.541015625 0.5365015625 0.544921875 0.53748125 0.521484375 0.5384609375 0.498046875 0.53748125 0.46875 0.5384609375 0.4384765625 0.5369921875 0.416015625 0.537971875 0.3876953125 0.5360125 0.3505859375 0.5252328125 0.3701171875 0.521803125 0.3896484375 0.5139640625 0.41796875 0.51004375 0.4423828125 0.5090640625 0.4609375 0.5051453125 0.4873046875 0.503675 0.5068359375 0.5041640625 0.5341796875 0.5120046874999999 0.5400390625
30 0.5453203125 0.533203125 0.558059375 0.537109375 0.567859375 0.53125 0.569328125 0.509765625 0.567859375 0.4912109375 0.56736875 0.46875 0.56736875 0.44921875 0.5683484375 0.4228515625 0.56736875 0.39453125 0.5712890625 0.365234375 0.5595296875 0.3564453125 0.5521796875 0.3759765625 0.551690625 0.40625 0.5477703125 0.4326171875 0.5463015625 0.453125 0.54238125 0.478515625 0.5414015625 0.4990234375 0.53748125 0.5244140625 0.5453203125 0.533203125
29 0.5688390625 0.5341796875 0.5786374999999999 0.53515625 0.5894171874999999 0.5341796875 0.60215625 0.52734375 0.6001953125 0.5087890625 0.59970625 0.4853515625 0.597746875 0.458984375 0.59970625 0.4384765625 0.59970625 0.4130859375 0.6006859375 0.390625 0.60215625 0.36328125 0.59235625 0.361328125 0.5835375 0.3818359375 0.5776578125 0.4052734375 0.5752078125 0.42578125 0.571778125 0.4482421875 0.569328125 0.47265625 0.5683484375 0.494140625 0.5658984375 0.513671875 0.5688390625 0.5341796875
23 0.6050953125 0.5322265625 0.613425 0.54296875 0.6227343750000001 0.5458984375 0.629103125 0.529296875 0.6276328125 0.5107421875 0.6276328125 0.48828125 0.6281234375 0.4677734375 0.629103125 0.447265625 0.6300828125 0.4248046875 0.629103125 0.40234375 0.6300828125 0.3798828125 0.6300828125 0.359375 0.6237140625 0.3408203125 0.6119546875 0.357421875 0.6099953124999999 0.3818359375 0.6060749999999999 0.41015625 0.6001953125 0.4423828125 0.59970625 0.46875 0.597746875 0.4892578125 0.5943171875 0.5068359375 0.59480625 0.53125 0.6050953125 0.5322265625
24 0.6330234375 0.533203125 0.6398828125 0.548828125 0.6487015625 0.5537109375 0.658990625 0.537109375 0.6580109375000001 0.5205078125 0.65703125 0.5029296875 0.65458125 0.484375 0.6531109374999999 0.4638671875 0.6501718750000001 0.4384765625 0.64968125 0.41796875 0.64968125 0.3955078125 0.64968125 0.36328125 0.647721875 0.341796875 0.6354734375 0.3583984375 0.6286140625 0.3896484375 0.6276328125 0.4169921875 0.6281234375 0.4365234375 0.62959375 0.4638671875 0.6286140625 0.4853515625 0.6256734374999999 0.501953125 0.625184375 0.51953125 0.6330234375 0.533203125
26 0.6991671875 0.5390625 0.7104359375 0.548828125 0.7192546875 0.54296875 0.728075 0.53125 0.7329734375 0.5126953125 0.7334640625 0.4892578125 0.7324843750000001 0.46484375 0.7310140625 0.4423828125 0.730525 0.4189453125 0.72954375 0.3896484375 0.7217046875 0.390625 0.711415625 0.3896484375 0.70210625 0.3857421875 0.692796875 0.3984375 0.6859375 0.4111328125 0.6849578125 0.44140625 0.6849578125 0.4638671875 0.683978125 0.4912109375 0.6849578125 0.51171875 0.688878125 0.53125 0.6991671875 0.5390625
27 0.7378734375 0.4765625 0.7329734375 0.5029296875 0.73934375 0.5244140625 0.7481625000000001 0.5302734375 0.7589421875 0.5361328125 0.7682515624999999 0.533203125 0.7770703125 0.51953125 0.7805 0.498046875 0.778540625 0.470703125 0.7775593749999999 0.4521484375 0.7765796875000001 0.427734375 0.7770703125 0.4111328125 0.7765796875000001 0.3935546875 0.778540625 0.3701171875 0.7770703125 0.3486328125 0.7687406250000001 0.3544921875 0.764821875 0.3818359375 0.755021875 0.4052734375 0.7564921874999999 0.361328125 0.7491421875000001 0.341796875 0.7447328125 0.3662109375 0.74424375 0.3857421875 0.74179375 0.4091796875 0.74179375 0.43359375 0.7403234375000001 0.4560546875 0.7378734375 0.4765625
20 0.46496875 0.4814453125 0.46251875 0.451171875 0.4561484375 0.4189453125 0.45369843750000005 0.3828125 0.448309375 0.3369140625 0.439490625 0.3671875 0.4360609375 0.4033203125 0.437040625 0.43359375 0.439490625 0.4697265625 0.4409609375 0.501953125 0.44242968749999995 0.541015625 0.45761874999999996 0.5400390625 0.47035781249999997 0.515625 0.46496875 0.4814453125
19 0.4448796875 0.515625 0.437040625 0.486328125 0.43753125 0.45703125 0.4331203125 0.4208984375 0.42332187499999996 0.3876953125 0.41891249999999997 0.357421875 0.40274374999999996 0.3623046875 0.40519375 0.3955078125 0.4081328125 0.435546875 0.40764374999999997 0.46875 0.4066640625 0.5 0.4066640625 0.5400390625 0.4218515625 0.5478515625 0.4355703125 0.5478515625 0.4448796875 0.515625
8 0.503675 0.5703125 0.48652656250000004 0.5732421875 0.4821171875 0.6162109375 0.47819687499999997 0.6552734375 0.475746875 0.6875 0.4728078125 0.7158203125 0.480646875 0.74609375 0.491915625 0.72265625 0.4948546875 0.6904296875 0.4997546875 0.6572265625 0.5075937500000001 0.625 0.5134734375 0.5966796875 0.503675 0.5703125
10 0.44634999999999997 0.5712890625 0.4331203125 0.5791015625 0.4331203125 0.619140625 0.43116093749999995 0.65234375 0.4331203125 0.6875 0.429690625 0.71875 0.42479218750000003 0.7490234375 0.4473296875 0.744140625 0.45271875 0.7109375 0.45908906250000003 0.67578125 0.4639875 0.642578125 0.4688875 0.599609375 0.46545781249999996 0.56640625 0.44634999999999997 0.5712890625
11 0.43459062499999995 0.5654296875 0.41548281249999997 0.5654296875 0.40274374999999996 0.580078125 0.4012734375 0.611328125 0.40029375 0.646484375 0.4012734375 0.685546875 0.39637500000000003 0.712890625 0.390984375 0.74609375 0.40764374999999997 0.751953125 0.41940156249999994 0.7109375 0.42528125 0.68359375 0.42675156249999996 0.6552734375 0.4331203125 0.6220703125 0.439490625 0.59375 0.43459062499999995 0.5654296875
12 0.4042140625 0.59375 0.4066640625 0.56640625 0.3949046875 0.541015625 0.377265625 0.537109375 0.3640375 0.560546875 0.359628125 0.59375 0.3581578125 0.62890625 0.3532578125 0.66015625 0.3517890625 0.6982421875 0.3493390625 0.7314453125 0.3532578125 0.771484375 0.373346875 0.736328125 0.38363593749999997 0.7060546875 0.389025 0.6806640625 0.391475 0.650390625 0.39784375 0.6240234375 0.4042140625 0.59375
5 0.596765625 0.5712890625 0.5810875 0.5615234375 0.56491875 0.56640625 0.5658984375 0.6123046875 0.56736875 0.650390625 0.570309375 0.6875 0.57471875 0.71875 0.5786374999999999 0.7568359375 0.5913765625 0.78515625 0.5952968750000001 0.75390625 0.592846875 0.7158203125 0.5918671875 0.6748046875 0.5918671875 0.634765625 0.5913765625 0.6083984375 0.596765625 0.5712890625
4 0.596765625 0.6044921875 0.6006859375 0.6376953125 0.60215625 0.6669921875 0.6070546875 0.6982421875 0.615384375 0.73828125 0.6286140625 0.7265625 0.6212640625 0.6884765625 0.6207734375 0.6396484375 0.6237140625 0.6083984375 0.6163640625 0.5703125 0.59725625 0.56640625 0.596765625 0.6044921875
3 0.636453125 0.5712890625 0.6212640625 0.56640625 0.6237140625 0.599609375 0.6261640625 0.6416015625 0.6325328125 0.669921875 0.642821875 0.7001953125 0.6442921875 0.7421875 0.65948125 0.7646484375 0.6629109375 0.7216796875 0.6609499999999999 0.6923828125 0.65948125 0.6552734375 0.6580109375000001 0.6142578125 0.65458125 0.5830078125 0.636453125 0.5712890625
16 0.231259375 0.6025390625 0.2204796875 0.6171875 0.2111703125 0.6328125 0.1974515625 0.6396484375 0.1886328125 0.6533203125 0.20921093750000003 0.6630859375 0.22537968749999998 0.658203125 0.244978125 0.6279296875 0.25477656249999997 0.6103515625 0.26555625 0.5947265625 0.27339531250000004 0.58984375 0.278784375 0.5830078125 0.28319375 0.568359375 0.29005312499999997 0.5400390625 0.27192500000000003 0.5224609375 0.2660453125 0.50390625 0.2577171875 0.4931640625 0.237628125 0.505859375 0.2190109375 0.54296875 0.1915734375 0.572265625 0.173934375 0.59765625 0.1886328125 0.615234375 0.2111703125 0.609375 0.231259375 0.6025390625