22 0.540421875 0.5234375 0.5438515625 0.4736328125 0.544340625 0.4384765625 0.5286625 0.423828125 0.508575 0.42578125 0.5071046875 0.466796875 0.506125 0.515625 0.5071046875 0.5478515625 0.508575 0.5791015625 0.5120046874999999 0.6171875 0.514453125 0.6455078125 0.51739375 0.6884765625 0.5316015625 0.7041015625 0.5340515625 0.6650390625 0.537971875 0.6103515625 0.5389515625 0.5732421875 0.540421875 0.5234375
21 0.4723171875 0.5869140625 0.4737875 0.6171875 0.4747671875 0.650390625 0.48309687500000004 0.6884765625 0.49289531249999996 0.650390625 0.49436562500000003 0.6044921875 0.4958359375 0.57421875 0.49926562499999994 0.54296875 0.5007343750000001 0.515625 0.503184375 0.486328125 0.503184375 0.439453125 0.4904453125 0.431640625 0.4747671875 0.431640625 0.46986718749999995 0.46875 0.4713375 0.5205078125 0.4728078125 0.560546875 0.4723171875 0.5869140625
20 0.4517390625 0.701171875 0.4634984375 0.6552734375 0.4634984375 0.6025390625 0.46496875 0.5654296875 0.46643749999999995 0.53125 0.4683984375 0.498046875 0.4688875 0.46484375 0.459578125 0.4423828125 0.44585937500000006 0.44921875 0.437040625 0.474609375 0.4399796875 0.5087890625 0.4409609375 0.56640625 0.44292031249999997 0.5986328125 0.44439062500000004 0.6376953125 0.4517390625 0.701171875
19 0.43018124999999996 0.4619140625 0.4164625 0.443359375 0.402253125 0.4765625 0.3949046875 0.5078125 0.402253125 0.54296875 0.40519375 0.5712890625 0.404703125 0.611328125 0.403234375 0.650390625 0.409603125 0.71875 0.4174421875 0.6630859375 0.42381250000000004 0.615234375 0.430671875 0.57421875 0.43655 0.53515625 0.439490625 0.494140625 0.43018124999999996 0.4619140625
18 0.40519375 0.5947265625 0.41009375 0.5458984375 0.40519375 0.5107421875 0.3924546875 0.4814453125 0.37775625 0.4638671875 0.37138593750000004 0.494140625 0.37040625 0.5302734375 0.37432656249999996 0.5654296875 0.37775625 0.609375 0.3767765625 0.6494140625 0.3767765625 0.7119140625 0.387065625 0.7490234375 0.39735468749999997 0.708984375 0.400784375 0.666015625 0.403234375 0.63671875 0.40519375 0.5947265625
17 0.36795625 0.5869140625 0.3694265625 0.5361328125 0.36648749999999997 0.5 0.3512984375 0.4912109375 0.33464062499999997 0.4970703125 0.333659375 0.5380859375 0.3395390625 0.576171875 0.34394843750000004 0.6171875 0.34835937499999997 0.666015625 0.3488484375 0.7138671875 0.3615875 0.7421875 0.36795625 0.6962890625 0.36648749999999997 0.6572265625 0.36550781250000003 0.6171875 0.36795625 0.5869140625
16 0.2097015625 0.421875 0.20382187499999999 0.392578125 0.1842234375 0.3798828125 0.1685453125 0.3876953125 0.15188593749999998 0.3828125 0.13326875 0.3857421875 0.13326875 0.4287109375 0.14845625 0.4384765625 0.14061718750000002 0.4853515625 0.15825625000000001 0.4853515625 0.180303125 0.4951171875 0.20088124999999998 0.501953125 0.20823125 0.4619140625 0.2097015625 0.421875
15 0.25820625 0.5107421875 0.2758453125 0.4873046875 0.27045625 0.4619140625 0.2616359375 0.431640625 0.25575625 0.3984375 0.25036718750000003 0.3701171875 0.24154843750000002 0.33984375 0.22488906250000001 0.3134765625 0.20333125000000002 0.3095703125 0.21558125 0.341796875 0.2302796875 0.365234375 0.2322390625 0.4013671875 0.210190625 0.361328125 0.19696249999999998 0.3447265625 0.21362031250000002 0.431640625 0.21362031250000002 0.4775390625 0.22195 0.5107421875 0.23664843750000003 0.5234375 0.25820625 0.5107421875
14 0.2640859375 0.4140625 0.2660453125 0.4541015625 0.274375 0.4794921875 0.292503125 0.4853515625 0.31161249999999996 0.4794921875 0.3282703125 0.4384765625 0.32043125 0.4052734375 0.3101421875 0.3701171875 0.306221875 0.330078125 0.3052421875 0.2939453125 0.2915234375 0.265625 0.274375 0.25 0.272415625 0.2890625 0.283684375 0.330078125 0.283684375 0.3623046875 0.2640859375 0.3369140625 0.2533078125 0.306640625 0.24105781249999997 0.2763671875 0.22587031249999998 0.2705078125 0.2327296875 0.306640625 0.244978125 0.341796875 0.2567375 0.3828125 0.2640859375 0.4140625
13 0.3370890625 0.583984375 0.3400296875 0.5439453125 0.32778125 0.509765625 0.3101421875 0.4951171875 0.2964234375 0.4970703125 0.283684375 0.525390625 0.2846640625 0.5693359375 0.2934828125 0.607421875 0.3013234375 0.6572265625 0.3081828125 0.7080078125 0.3219015625 0.7490234375 0.3307203125 0.7080078125 0.3331703125 0.669921875 0.33464062499999997 0.626953125 0.3370890625 0.583984375
12 0.3258203125 0.439453125 0.3370890625 0.44140625 0.35276874999999996 0.44921875 0.3615875 0.4267578125 0.3625671875 0.3984375 0.35521875 0.3779296875 0.35031875 0.349609375 0.3463984375 0.330078125 0.341009375 0.298828125 0.3370890625 0.275390625 0.3331703125 0.25390625 0.31798125 0.23828125 0.3013234375 0.232421875 0.29789374999999996 0.24609375 0.3052421875 0.2783203125 0.3145515625 0.3212890625 0.3189609375 0.3525390625 0.3219015625 0.3828125 0.3233703125 0.41015625 0.3258203125 0.439453125
11 0.3591375 0.3984375 0.3615875 0.42578125 0.37530625 0.4365234375 0.38804531249999996 0.4345703125 0.3919640625 0.4189453125 0.39882343750000004 0.3984375 0.393434375 0.3798828125 0.3855953125 0.3505859375 0.37922656250000003 0.3349609375 0.37285625 0.3046875 0.36795625 0.2880859375 0.3601171875 0.2607421875 0.349828125 0.2451171875 0.3370890625 0.23046875 0.33610937500000004 0.248046875 0.3424796875 0.279296875 0.347378125 0.3037109375 0.35031875 0.3271484375 0.3537484375 0.349609375 0.3566875 0.3759765625 0.3591375 0.3984375
10 0.3924546875 0.3779296875 0.395884375 0.3974609375 0.40372343749999995 0.4208984375 0.4179328125 0.42578125 0.4243015625 0.4033203125 0.43165156250000003 0.3857421875 0.43165156250000003 0.357421875 0.42283125000000005 0.326171875 0.4174421875 0.2958984375 0.41009375 0.271484375 0.39882343750000004 0.24609375 0.3924546875 0.2119140625 0.37775625 0.1943359375 0.37138593750000004 0.2080078125 0.37530625 0.25 0.3782453125 0.279296875 0.382165625 0.3037109375 0.3860859375 0.330078125 0.3904953125 0.3525390625 0.3924546875 0.3779296875
9 0.44683906249999994 0.408203125 0.457128125 0.400390625 0.46006875 0.384765625 0.45761874999999996 0.3603515625 0.4561484375 0.33984375 0.45369843750000005 0.3173828125 0.45222968750000003 0.2939453125 0.44977968749999997 0.2666015625 0.44292031249999997 0.25 0.4331203125 0.2587890625 0.430671875 0.2880859375 0.43263125 0.3095703125 0.43165156250000003 0.3447265625 0.4292015625 0.3759765625 0.4341015625 0.3974609375 0.44683906249999994 0.408203125
8 0.4610484375 0.3974609375 0.4723171875 0.41015625 0.48113593750000005 0.400390625 0.48407656250000003 0.384765625 0.48309687500000004 0.3544921875 0.48162656249999997 0.3349609375 0.48015625 0.3115234375 0.4791765625 0.2890625 0.4791765625 0.2626953125 0.4723171875 0.25 0.4639875 0.2626953125 0.46006875 0.2841796875 0.46006875 0.306640625 0.46006875 0.330078125 0.46006875 0.349609375 0.46006875 0.375 0.4610484375 0.3974609375
7 0.48505624999999997 0.390625 0.485546875 0.41015625 0.4958359375 0.41015625 0.505634375 0.4130859375 0.514453125 0.4052734375 0.5095546875 0.3828125 0.5080843749999999 0.3466796875 0.5080843749999999 0.30078125 0.5071046875 0.2734375 0.506125 0.25 0.4977953125 0.255859375 0.491915625 0.28125 0.4879953125 0.30078125 0.485546875 0.3291015625 0.485546875 0.34765625 0.48505624999999997 0.3701171875 0.48505624999999997 0.390625
6 0.5095546875 0.3671875 0.510534375 0.3955078125 0.52229375 0.400390625 0.5311125 0.3955078125 0.53993125 0.3828125 0.5414015625 0.35546875 0.540421875 0.3349609375 0.542871875 0.3095703125 0.5463015625 0.291015625 0.5467906250000001 0.2578125 0.54238125 0.240234375 0.5311125 0.24609375 0.5247421875 0.2666015625 0.52229375 0.2880859375 0.5183734375 0.3095703125 0.514453125 0.33203125 0.5120046874999999 0.34765625 0.5095546875 0.3671875
5 0.5467906250000001 0.314453125 0.5438515625 0.3349609375 0.542871875 0.357421875 0.54238125 0.384765625 0.551690625 0.3974609375 0.5668796875 0.3955078125 0.5781484375 0.3623046875 0.57716875 0.3291015625 0.5786374999999999 0.30078125 0.5825578124999999 0.28125 0.5850078125 0.2578125 0.5884375000000001 0.240234375 0.592846875 0.2177734375 0.59480625 0.1953125 0.5801078125 0.212890625 0.5683484375 0.2294921875 0.561 0.25 0.5531609375000001 0.2685546875 0.5502203125 0.2958984375 0.5467906250000001 0.314453125
4 0.5825578124999999 0.33984375 0.57471875 0.35546875 0.57226875 0.380859375 0.5825578124999999 0.3955078125 0.5913765625 0.4052734375 0.601665625 0.4052734375 0.610484375 0.3974609375 0.6144046875 0.3759765625 0.615384375 0.3525390625 0.618325 0.3349609375 0.6207734375 0.30859375 0.6246937499999999 0.2919921875 0.62714375 0.2685546875 0.62959375 0.24609375 0.6305734375000001 0.2255859375 0.6286140625 0.2041015625 0.618325 0.220703125 0.6095046875000001 0.2333984375 0.6011765625 0.2529296875 0.5952968750000001 0.2734375 0.592846875 0.30078125 0.5874578125000001 0.3193359375 0.5825578124999999 0.33984375
3 0.6193046875 0.3544921875 0.6139140624999999 0.3759765625 0.610484375 0.3955078125 0.6095046875000001 0.41796875 0.6158750000000001 0.43359375 0.6286140625 0.439453125 0.6413515624999999 0.431640625 0.64968125 0.4130859375 0.6501718750000001 0.3876953125 0.652621875 0.3701171875 0.6560515625 0.3369140625 0.6575203125 0.3193359375 0.6624203125 0.30078125 0.665359375 0.283203125 0.6717296875 0.2626953125 0.67711875 0.2333984375 0.6668296875 0.23046875 0.6560515625 0.25 0.6433125000000001 0.263671875 0.6384125 0.2919921875 0.6335124999999999 0.3095703125 0.62714375 0.333984375 0.6193046875 0.3544921875
2 0.286134375 0.6630859375 0.286134375 0.6455078125 0.286134375 0.626953125 0.2871140625 0.607421875 0.2871140625 0.5869140625 0.286134375 0.5712890625 0.28319375 0.552734375 0.278784375 0.5380859375 0.27045625 0.52734375 0.2567375 0.5234375 0.25134687499999997 0.5458984375 0.24301875 0.541015625 0.23370937500000002 0.55859375 0.2346890625 0.578125 0.23909843749999998 0.6064453125 0.2479171875 0.6279296875 0.25036718750000003 0.6533203125 0.2542875 0.685546875 0.2616359375 0.7138671875 0.276825 0.7158203125 0.2851546875 0.703125 0.2851546875 0.6826171875 0.286134375 0.6630859375
1 0.6668296875 0.3037109375 0.6629109375 0.3291015625 0.6599703124999999 0.3544921875 0.6536015625 0.3828125 0.6462515625 0.400390625 0.6438015625 0.4306640625 0.6511515625000001 0.4345703125 0.661440625 0.443359375 0.667809375 0.4560546875 0.6780984375 0.4716796875 0.6883874999999999 0.466796875 0.6986765625 0.45703125 0.702596875 0.43359375 0.70455625 0.41796875 0.7035765625 0.3935546875 0.7060265625000001 0.375 0.711415625 0.3544921875 0.7192546875 0.341796875 0.7270953125 0.314453125 0.7354234374999999 0.29296875 0.73689375 0.263671875 0.7290546875 0.2607421875 0.718765625 0.283203125 0.7128859375000001 0.3046875 0.7050468750000001 0.326171875 0.6957375 0.337890625 0.68691875 0.3544921875 0.6780984375 0.330078125 0.679078125 0.3017578125 0.6834890625 0.275390625 0.6918171875 0.2529296875 0.6981875 0.23046875 0.6874078124999999 0.232421875 0.6756484375 0.255859375 0.6692796875 0.2880859375 0.6668296875 0.3037109375
0 0.73444375 0.3369140625 0.72954375 0.3544921875 0.7202359375 0.3828125 0.7123953125 0.40625 0.700146875 0.431640625 0.6981875 0.451171875 0.700146875 0.4697265625 0.709946875 0.484375 0.7217046875 0.4873046875 0.7329734375 0.501953125 0.7422828124999999 0.5078125 0.7481625000000001 0.484375 0.7530625 0.4638671875 0.7560015625000001 0.44140625 0.757471875 0.42578125 0.763840625 0.4052734375 0.7726609375 0.3876953125 0.7814796875 0.3759765625 0.79176875 0.35546875 0.8010781250000001 0.33984375 0.7888296875 0.33203125 0.7741296875 0.34765625 0.7613921875 0.3603515625 0.7535515625 0.3828125 0.7383640625 0.3828125 0.74179375 0.3544921875 0.7530625 0.330078125 0.7697203125 0.3115234375 0.7672703125 0.2919921875 0.7545328125 0.291015625 0.74424375 0.3037109375 0.7378734375 0.3193359375 0.73444375 0.3369140625
28 0.7599218750000001 0.431640625 0.762371875 0.447265625 0.7609015625 0.466796875 0.7672703125 0.4853515625 0.7790296875 0.490234375 0.78931875 0.4892578125 0.8010781250000001 0.474609375 0.8069578125 0.4638671875 0.8157765625 0.4560546875 0.8250859374999999 0.4541015625 0.826065625 0.4287109375 0.8226359375 0.40625 0.812346875 0.3857421875 0.79911875 0.3779296875 0.7878484375 0.3759765625 0.7765796875000001 0.3798828125 0.7672703125 0.3955078125 0.7589421875 0.41015625 0.7599218750000001 0.431640625
27 0.7315046875 0.6982421875 0.7359140625 0.734375 0.73934375 0.716796875 0.7422828124999999 0.693359375 0.7422828124999999 0.673828125 0.74179375 0.6572265625 0.74424375 0.640625 0.7481625000000001 0.6240234375 0.7545328125 0.6025390625 0.7589421875 0.5859375 0.755021875 0.5634765625 0.7466921875 0.55078125 0.7378734375 0.5361328125 0.725625 0.5302734375 0.7153359375 0.552734375 0.7123953125 0.5732421875 0.7123953125 0.6044921875 0.708965625 0.63671875 0.7065171875 0.666015625 0.7060265625000001 0.703125 0.7148453124999999 0.7109375 0.7217046875 0.69921875 0.7266046875 0.6474609375 0.7266046875 0.6728515625 0.7315046875 0.6982421875
26 0.6972078125000001 0.6904296875 0.6986765625 0.658203125 0.700146875 0.642578125 0.700146875 0.6240234375 0.7060265625000001 0.599609375 0.7138656250000001 0.5791015625 0.7153359375 0.5556640625 0.7138656250000001 0.5302734375 0.7050468750000001 0.5126953125 0.6932875000000001 0.5107421875 0.68446875 0.5 0.67075 0.5078125 0.666340625 0.53515625 0.6629109375 0.56640625 0.667809375 0.58984375 0.6643796875 0.6298828125 0.6624203125 0.6708984375 0.67075 0.6953125 0.6780984375 0.669921875 0.6859375 0.63671875 0.6874078124999999 0.666015625 0.6972078125000001 0.6904296875
25 0.661440625 0.58984375 0.6643796875 0.568359375 0.666340625 0.548828125 0.6687890624999999 0.52734375 0.67075 0.5048828125 0.666340625 0.4853515625 0.652621875 0.4775390625 0.6447812500000001 0.4853515625 0.6349828125 0.5029296875 0.63204375 0.5234375 0.6344921875 0.55078125 0.638903125 0.5712890625 0.6413515624999999 0.59375 0.6413515624999999 0.6201171875 0.6408625 0.65234375 0.6413515624999999 0.6826171875 0.652621875 0.6826171875 0.6575203125 0.658203125 0.658990625 0.63671875 0.661440625 0.611328125 0.661440625 0.58984375
24 0.6310625 0.5869140625 0.6310625 0.5712890625 0.6335124999999999 0.548828125 0.6369421875 0.5283203125 0.6384125 0.5107421875 0.6398828125 0.4814453125 0.6286140625 0.466796875 0.6139140624999999 0.46484375 0.604115625 0.474609375 0.6001953125 0.5029296875 0.5962765625 0.5224609375 0.6001953125 0.552734375 0.604115625 0.57421875 0.6075453125 0.6123046875 0.611465625 0.6376953125 0.6139140624999999 0.67578125 0.624203125 0.6826171875 0.62959375 0.650390625 0.6286140625 0.626953125 0.6286140625 0.611328125 0.6310625 0.5869140625
23 0.604115625 0.59375 0.6055859375 0.5712890625 0.606565625 0.5556640625 0.6050953125 0.5283203125 0.6050953125 0.5029296875 0.6055859375 0.4892578125 0.6031359375 0.46484375 0.596765625 0.447265625 0.5874578125000001 0.439453125 0.5786374999999999 0.4560546875 0.57471875 0.474609375 0.569328125 0.494140625 0.5707984374999999 0.5185546875 0.571778125 0.533203125 0.5761875 0.5654296875 0.5786374999999999 0.583984375 0.5825578124999999 0.6123046875 0.5859875 0.64453125 0.5899062500000001 0.66796875 0.5962765625 0.6904296875 0.6055859375 0.6962890625 0.6080359375 0.669921875 0.606565625 0.640625 0.6055859375 0.619140625 0.604115625 0.59375
31 0.231259375 0.63671875 0.23909843749999998 0.6708984375 0.25036718750000003 0.7041015625 0.2479171875 0.6806640625 0.24693749999999998 0.666015625 0.244978125 0.650390625 0.24252812499999998 0.6328125 0.24105781249999997 0.619140625 0.237628125 0.5986328125 0.22831875 0.58203125 0.2185203125 0.576171875 0.2097015625 0.578125 0.20333125000000002 0.5986328125 0.19647187500000002 0.6025390625 0.19696249999999998 0.6220703125 0.2067609375 0.6455078125 0.21459999999999999 0.662109375 0.22195 0.69140625 0.22587031249999998 0.7119140625 0.23860781250000002 0.71875 0.237628125 0.6953125 0.2322390625 0.6728515625 0.22831875 0.6533203125 0.231259375 0.63671875
30 0.56981875 0.578125 0.57226875 0.55078125 0.5737390625 0.525390625 0.5737390625 0.4970703125 0.5732484375 0.458984375 0.5644296875 0.44140625 0.5463015625 0.4443359375 0.54238125 0.482421875 0.5438515625 0.515625 0.5467906250000001 0.556640625 0.5463015625 0.5791015625 0.5453203125 0.6123046875 0.5463015625 0.6376953125 0.5502203125 0.6826171875 0.5668796875 0.703125 0.56981875 0.666015625 0.56736875 0.6298828125 0.56736875 0.607421875 0.56981875 0.578125
27 0.7501218749999999 0.669921875 0.757471875 0.681640625 0.7814796875 0.6357421875 0.7790296875 0.583984375 0.75943125 0.57421875 0.7501218749999999 0.669921875