2 0.443359375 0.7564921874999999 0.43359375 0.7339546875 0.3623046875 0.72954375 0.2880859375 0.7329734375 0.259765625 0.7501218749999999 0.2685546875 0.764821875 0.328125 0.7682515624999999 0.3798828125 0.78295 0.41796875 0.78295 0.443359375 0.7564921874999999
17 0.369140625 0.6687890624999999 0.4267578125 0.681528125 0.455078125 0.675159375 0.4580078125 0.6609499999999999 0.4677734375 0.6418421875 0.4326171875 0.636453125 0.4072265625 0.636453125 0.3642578125 0.6438015625 0.2587890625 0.6506609375 0.25390625 0.6643796875 0.2802734375 0.675159375 0.369140625 0.6687890624999999
19 0.3349609375 0.5894171874999999 0.3662109375 0.5903968749999999 0.4091796875 0.5903968749999999 0.47265625 0.599215625 0.4921875 0.5938265625 0.515625 0.57716875 0.5107421875 0.5712890625 0.4990234375 0.5658984375 0.4794921875 0.5546296875000001 0.423828125 0.55855 0.3837890625 0.5595296875 0.3115234375 0.560509375 0.30078125 0.584028125 0.3349609375 0.5894171874999999
20 0.4736328125 0.5531609375000001 0.5263671875 0.56491875 0.552734375 0.549240625 0.5263671875 0.5286625 0.484375 0.5271921875000001 0.4404296875 0.5252328125 0.3876953125 0.5198437499999999 0.373046875 0.530621875 0.3984375 0.5433609374999999 0.4267578125 0.5467906250000001 0.4736328125 0.5531609375000001
21 0.513671875 0.48652656250000004 0.486328125 0.484565625 0.4375 0.484565625 0.3857421875 0.4835859375 0.3369140625 0.49730468749999995 0.3671875 0.510534375 0.4091796875 0.515434375 0.4521484375 0.5178828125 0.486328125 0.5046546875 0.513671875 0.48652656250000004
22 0.51171875 0.4791765625 0.5205078125 0.46496875 0.5185546875 0.45026875000000005 0.447265625 0.44145 0.416015625 0.43753125 0.3984375 0.441940625 0.3583984375 0.4473296875 0.380859375 0.46202812499999996 0.4033203125 0.469378125 0.4912109375 0.48505624999999997 0.51171875 0.4791765625
30 0.42578125 0.425771875 0.453125 0.425771875 0.5078125 0.4287109375 0.5419921875 0.42136250000000003 0.5419921875 0.400784375 0.5146484375 0.3968640625 0.46484375 0.403234375 0.3984375 0.40715312499999995 0.3583984375 0.41156249999999994 0.3798828125 0.429690625 0.3984375 0.42675156249999996 0.42578125 0.425771875
29 0.330078125 0.3581578125 0.279296875 0.373346875 0.322265625 0.38510468750000004 0.3203125 0.38265625000000003 0.3798828125 0.3944140625 0.3515625 0.38804531249999996 0.4150390625 0.393434375 0.4541015625 0.402253125 0.4990234375 0.3998046875 0.53125 0.393434375 0.53515625 0.377265625 0.5224609375 0.363546875 0.4814453125 0.3561984375 0.4541015625 0.36648749999999997 0.3857421875 0.361096875 0.330078125 0.3581578125
23 0.322265625 0.33904999999999996 0.3427734375 0.341009375 0.3681640625 0.3424796875 0.3876953125 0.34394843750000004 0.4423828125 0.3419890625 0.4970703125 0.34492968749999997 0.51171875 0.33904999999999996 0.5224609375 0.3238609375 0.5087890625 0.3145515625 0.4921875 0.30867187500000004 0.46484375 0.30867187500000004 0.439453125 0.318471875 0.4052734375 0.3219015625 0.353515625 0.32043125 0.322265625 0.33904999999999996
24 0.5146484375 0.299853125 0.51171875 0.2807453125 0.4853515625 0.27339531250000004 0.3837890625 0.2876046875 0.326171875 0.286134375 0.32421875 0.3057328125 0.3896484375 0.3076921875 0.4375 0.3032828125 0.46484375 0.3067125 0.4931640625 0.3076921875 0.5146484375 0.299853125
25 0.4130859375 0.27339531250000004 0.4560546875 0.274375 0.5087890625 0.27535468750000003 0.5283203125 0.2601671875 0.5283203125 0.24252812499999998 0.4970703125 0.2297890625 0.4716796875 0.22733906250000002 0.396484375 0.2371390625 0.3642578125 0.23811875 0.3310546875 0.24252812499999998 0.3173828125 0.27339531250000004 0.388671875 0.278784375 0.4130859375 0.27339531250000004
3 0.72265625 0.3145515625 0.7197265625 0.3125921875 0.7060546875 0.30867187500000004 0.6884765625 0.3096515625 0.671875 0.3091625 0.6513671875 0.307203125 0.6298828125 0.3042625 0.615234375 0.3032828125 0.599609375 0.3008328125 0.5869140625 0.2983828125 0.5703125 0.29299375 0.5556640625 0.29544375 0.541015625 0.29789374999999996 0.5380859375 0.3042625 0.5380859375 0.313571875 0.54296875 0.32533124999999996 0.552734375 0.32778125 0.5703125 0.3287609375 0.5908203125 0.3263109375 0.6083984375 0.3258203125 0.6240234375 0.3263109375 0.642578125 0.3263109375 0.673828125 0.3282703125 0.6884765625 0.329740625 0.705078125 0.32778125 0.7314453125 0.3238609375 0.728515625 0.31749218749999997 0.72265625 0.3145515625
4 0.55078125 0.3591375 0.560546875 0.3674671875 0.62890625 0.3601171875 0.6591796875 0.3586484375 0.6845703125 0.35766718750000004 0.72265625 0.354728125 0.7275390625 0.341009375 0.70703125 0.333659375 0.6630859375 0.33464062499999997 0.6142578125 0.333659375 0.548828125 0.3351296875 0.5439453125 0.35276874999999996 0.55078125 0.3591375
5 0.7548828125 0.37138593750000004 0.7421875 0.36795625 0.6962890625 0.370896875 0.6240234375 0.3762859375 0.5908203125 0.37432656249999996 0.576171875 0.375796875 0.55859375 0.37922656250000003 0.552734375 0.389025 0.5634765625 0.40519375 0.6083984375 0.4056828125 0.6376953125 0.402253125 0.658203125 0.40029375 0.6767578125 0.3993140625 0.6904296875 0.395884375 0.7158203125 0.3924546875 0.751953125 0.38265625000000003 0.75390625 0.37775625 0.7548828125 0.37138593750000004
6 0.66796875 0.425771875 0.6796875 0.42528125 0.6875 0.42283125000000005 0.697265625 0.4179328125 0.6953125 0.4140125 0.6826171875 0.41156249999999994 0.6728515625 0.41058281250000006 0.662109375 0.41156249999999994 0.6513671875 0.4125421875 0.6396484375 0.4140125 0.625 0.4135234375 0.6103515625 0.414503125 0.599609375 0.41499218750000005 0.5908203125 0.4140125 0.5791015625 0.41499218750000005 0.5654296875 0.41548281249999997 0.5439453125 0.415971875 0.5322265625 0.42136250000000003 0.525390625 0.42822187500000003 0.5302734375 0.43753125 0.53125 0.441940625 0.5439453125 0.44634999999999997 0.560546875 0.44292031249999997 0.5791015625 0.43899999999999995 0.59765625 0.437040625 0.611328125 0.4341015625 0.6259765625 0.432140625 0.6337890625 0.43018124999999996 0.6455078125 0.4287109375 0.6552734375 0.42773125 0.66796875 0.425771875
7 0.638671875 0.43508125 0.62109375 0.43753125 0.6103515625 0.43899999999999995 0.5986328125 0.43899999999999995 0.5869140625 0.4409609375 0.57421875 0.44242968749999995 0.5625 0.441940625 0.5478515625 0.443409375 0.5390625 0.44439062500000004 0.53515625 0.44782031250000004 0.533203125 0.45271875 0.5361328125 0.4610484375 0.5390625 0.46545781249999996 0.5458984375 0.470846875 0.5927734375 0.46643749999999995 0.615234375 0.46202812499999996 0.662109375 0.45320937499999997 0.677734375 0.4473296875 0.6865234375 0.439490625 0.677734375 0.43655 0.6630859375 0.4336109375 0.65234375 0.4341015625 0.638671875 0.43508125
8 0.5439453125 0.4933859375 0.5537109375 0.49289531249999996 0.5625 0.491915625 0.58984375 0.487015625 0.634765625 0.48113593750000005 0.650390625 0.4767265625 0.6630859375 0.47329687500000006 0.66796875 0.47035781249999997 0.6630859375 0.4546796875 0.6181640625 0.45859843749999996 0.5625 0.46496875 0.525390625 0.4683984375 0.529296875 0.48113593750000005 0.5302734375 0.4879953125 0.5341796875 0.49240625 0.5439453125 0.4933859375
9 0.5712890625 0.514453125 0.6025390625 0.5159234374999999 0.6494140625 0.5198437499999999 0.69140625 0.5139640625 0.6787109375 0.4997546875 0.650390625 0.4948546875 0.6279296875 0.49093593750000003 0.6044921875 0.487015625 0.580078125 0.48946562499999996 0.55859375 0.49240625 0.5498046875 0.4997546875 0.5498046875 0.5139640625 0.5712890625 0.514453125
10 0.5546875 0.54875 0.5732421875 0.5561 0.619140625 0.5683484375 0.6728515625 0.579128125 0.6923828125 0.5521796875 0.6474609375 0.5350312500000001 0.619140625 0.5247421875 0.5869140625 0.516903125 0.5556640625 0.51494375 0.5302734375 0.5227828125 0.5185546875 0.5335625 0.53515625 0.5453203125 0.5546875 0.54875
11 0.623046875 0.6124453125 0.6435546875 0.6168546874999999 0.6630859375 0.610975 0.6572265625 0.5982359374999999 0.6201171875 0.5835375 0.578125 0.5570796875 0.5458984375 0.5663890625 0.5224609375 0.5776578125 0.5322265625 0.5938265625 0.5751953125 0.6055859375 0.623046875 0.6124453125
12 0.5966796875 0.64723125 0.63671875 0.654090625 0.654296875 0.6580109375000001 0.666015625 0.6536015625 0.6826171875 0.64968125 0.673828125 0.6398828125 0.6708984375 0.631553125 0.6513671875 0.624203125 0.6357421875 0.6188140625 0.6044921875 0.6075453125 0.5830078125 0.6031359375 0.5654296875 0.59970625 0.5537109375 0.59480625 0.548828125 0.5889265625 0.5361328125 0.5825578124999999 0.5224609375 0.5810875 0.5087890625 0.5825578124999999 0.505859375 0.5894171874999999 0.5048828125 0.5952968750000001 0.4912109375 0.60460625 0.4912109375 0.6124453125 0.5107421875 0.62714375 0.55859375 0.6413515624999999 0.5966796875 0.64723125
14 0.5712890625 0.7060265625000001 0.615234375 0.7217046875 0.6367812500000001 0.7200828125000001 0.64453125 0.7079859374999999 0.625 0.7060265625000001 0.5703125 0.6761390625 0.58984375 0.6878984375 0.5595703125 0.6697703125000001 0.5908203125 0.679078125 0.6181640625 0.683978125 0.6376953125 0.6893671875 0.6669921875 0.6878984375 0.662109375 0.67711875 0.6484375 0.6722187500000001 0.60546875 0.6550703125 0.5556640625 0.6398828125 0.4990234375 0.618325 0.4697265625 0.624203125 0.46484375 0.6487015625 0.458984375 0.6727093749999999 0.4619140625 0.6829984375 0.4970703125 0.6864281250000001 0.5205078125 0.6937781249999999 0.5712890625 0.7060265625000001
15 0.44921875 0.751103125 0.5 0.7564921874999999 0.5146484375 0.7604109375 0.5439453125 0.771190625 0.5625 0.7809890625 0.60546875 0.79421875 0.603515625 0.7770703125 0.5908203125 0.766290625 0.5615234375 0.7501218749999999 0.5419921875 0.73689375 0.552734375 0.7378734375 0.59375 0.7564921874999999 0.62890625 0.7628609375 0.6513671875 0.7706999999999999 0.6435546875 0.7579625 0.6240234375 0.74424375 0.6005859375 0.7354234374999999 0.5712890625 0.718275 0.513671875 0.6947578125 0.48828125 0.6878984375 0.4580078125 0.6962265624999999 0.447265625 0.7158249999999999 0.4345703125 0.7334640625 0.44921875 0.751103125
31 0.2578125 0.796178125 0.220703125 0.7981374999999999 0.2490234375 0.81185625 0.2822265625 0.8245953125 0.3125 0.828025 0.341796875 0.834884375 0.3701171875 0.8476234375 0.3974609375 0.8539937500000001 0.4248046875 0.8402749999999999 0.4482421875 0.8304750000000001 0.4384765625 0.8103875 0.4248046875 0.7947078125 0.39453125 0.7883390625 0.3564453125 0.78686875 0.3173828125 0.7863796875 0.28515625 0.7883390625 0.2578125 0.796178125
13 0.30859375 0.6864281250000001 0.3173828125 0.7123953125 0.376953125 0.7226843749999999 0.4052734375 0.723665625 0.3828125 0.7040671875 0.3701171875 0.6898578125 0.3583984375 0.6736890625 0.328125 0.67466875 0.30859375 0.6864281250000001