2 0.2670265625 0.2880859375 0.249878125 0.259765625 0.23517812500000002 0.2685546875 0.2317484375 0.328125 0.21705000000000002 0.3798828125 0.21705000000000002 0.41796875 0.2435078125 0.443359375 0.2660453125 0.43359375 0.27045625 0.3623046875 0.2670265625 0.2880859375
17 0.363546875 0.4326171875 0.363546875 0.4072265625 0.3561984375 0.3642578125 0.3493390625 0.2587890625 0.3356203125 0.25390625 0.324840625 0.2802734375 0.33121093749999997 0.369140625 0.318471875 0.4267578125 0.324840625 0.455078125 0.33904999999999996 0.4580078125 0.3581578125 0.4677734375 0.363546875 0.4326171875
19 0.4341015625 0.4990234375 0.4453703125 0.4794921875 0.44145 0.423828125 0.4404703125 0.3837890625 0.439490625 0.3115234375 0.415971875 0.30078125 0.41058281250000006 0.3349609375 0.409603125 0.3662109375 0.409603125 0.4091796875 0.400784375 0.47265625 0.4061734375 0.4921875 0.42283125000000005 0.515625 0.4287109375 0.5107421875 0.4341015625 0.4990234375
20 0.4728078125 0.484375 0.4747671875 0.4404296875 0.48015625 0.3876953125 0.469378125 0.373046875 0.4566390625 0.3984375 0.45320937499999997 0.4267578125 0.44683906249999994 0.4736328125 0.43508125 0.5263671875 0.45075937499999996 0.552734375 0.4713375 0.5263671875 0.4728078125 0.484375
21 0.5164140625 0.3857421875 0.5026953125 0.3369140625 0.48946562499999996 0.3671875 0.484565625 0.4091796875 0.4821171875 0.4521484375 0.4953453125 0.486328125 0.5134734375 0.513671875 0.515434375 0.486328125 0.515434375 0.4375 0.5164140625 0.3857421875
22 0.5624687500000001 0.416015625 0.558059375 0.3984375 0.5526703125 0.3583984375 0.537971875 0.380859375 0.530621875 0.4033203125 0.51494375 0.4912109375 0.5208234375 0.51171875 0.5350312500000001 0.5205078125 0.54973125 0.5185546875 0.55855 0.447265625 0.5624687500000001 0.416015625
30 0.6031359375 0.5146484375 0.596765625 0.46484375 0.592846875 0.3984375 0.5884375000000001 0.3583984375 0.570309375 0.3798828125 0.5732484375 0.3984375 0.574228125 0.42578125 0.574228125 0.453125 0.5712890625 0.5078125 0.5786374999999999 0.5419921875 0.599215625 0.5419921875 0.6031359375 0.5146484375
29 0.606565625 0.53125 0.6227343750000001 0.53515625 0.636453125 0.5224609375 0.6438015625 0.4814453125 0.6335124999999999 0.4541015625 0.638903125 0.3857421875 0.6418421875 0.330078125 0.626653125 0.279296875 0.6148953125000001 0.322265625 0.6173437500000001 0.3203125 0.6055859375 0.3798828125 0.6119546875 0.3515625 0.606565625 0.4150390625 0.597746875 0.4541015625 0.6001953125 0.4990234375 0.606565625 0.53125
23 0.6854484375000001 0.5087890625 0.691328125 0.4921875 0.691328125 0.46484375 0.681528125 0.439453125 0.6780984375 0.4052734375 0.6795687499999999 0.353515625 0.6609499999999999 0.322265625 0.658990625 0.3427734375 0.6575203125 0.3681640625 0.6560515625 0.3876953125 0.6580109375000001 0.4423828125 0.6550703125 0.4970703125 0.6609499999999999 0.51171875 0.6761390625 0.5224609375 0.6854484375000001 0.5087890625
24 0.7138656250000001 0.326171875 0.6942671875 0.32421875 0.6923078125 0.3896484375 0.6967171875 0.4375 0.6932875000000001 0.46484375 0.6923078125 0.4931640625 0.700146875 0.5146484375 0.7192546875 0.51171875 0.7266046875 0.4853515625 0.7123953125 0.3837890625 0.7138656250000001 0.326171875
25 0.7726609375 0.4716796875 0.7628609375 0.396484375 0.76188125 0.3642578125 0.757471875 0.3310546875 0.7266046875 0.3173828125 0.7212156249999999 0.388671875 0.7266046875 0.4130859375 0.725625 0.4560546875 0.7246453125000001 0.5087890625 0.7398328125 0.5283203125 0.757471875 0.5283203125 0.7702109375 0.4970703125 0.7726609375 0.4716796875
3 0.6736890625 0.642578125 0.6717296875 0.673828125 0.670259375 0.6884765625 0.6722187500000001 0.705078125 0.6761390625 0.7314453125 0.6825078125 0.728515625 0.6854484375000001 0.72265625 0.6874078124999999 0.7197265625 0.691328125 0.7060546875 0.6903484375 0.6884765625 0.6908375 0.671875 0.692796875 0.6513671875 0.6957375 0.6298828125 0.6967171875 0.615234375 0.6991671875 0.599609375 0.7016171875 0.5869140625 0.70700625 0.5703125 0.70455625 0.5556640625 0.70210625 0.541015625 0.6957375 0.5380859375 0.6864281250000001 0.5380859375 0.67466875 0.54296875 0.6722187500000001 0.552734375 0.6712390625 0.5703125 0.6736890625 0.5908203125 0.6741796875 0.6083984375 0.6736890625 0.6240234375 0.6736890625 0.642578125
4 0.658990625 0.7275390625 0.666340625 0.70703125 0.665359375 0.6630859375 0.666340625 0.6142578125 0.6648703125 0.548828125 0.64723125 0.5439453125 0.6408625 0.55078125 0.6325328125 0.560546875 0.6398828125 0.62890625 0.6413515624999999 0.6591796875 0.6423328125000001 0.6845703125 0.6452718749999999 0.72265625 0.658990625 0.7275390625
5 0.59970625 0.658203125 0.6006859375 0.6767578125 0.604115625 0.6904296875 0.6075453125 0.7158203125 0.6173437500000001 0.751953125 0.62224375 0.75390625 0.6286140625 0.7548828125 0.63204375 0.7421875 0.629103125 0.6962890625 0.6237140625 0.6240234375 0.6256734374999999 0.5908203125 0.624203125 0.576171875 0.6207734375 0.55859375 0.610975 0.552734375 0.59480625 0.5634765625 0.5943171875 0.6083984375 0.597746875 0.6376953125 0.59970625 0.658203125
6 0.5629593749999999 0.59765625 0.5658984375 0.611328125 0.567859375 0.6259765625 0.56981875 0.6337890625 0.5712890625 0.6455078125 0.57226875 0.6552734375 0.574228125 0.66796875 0.57471875 0.6796875 0.57716875 0.6875 0.5820671875000001 0.697265625 0.5859875 0.6953125 0.5884375000000001 0.6826171875 0.5894171874999999 0.6728515625 0.5884375000000001 0.662109375 0.5874578125000001 0.6513671875 0.5859875 0.6396484375 0.5864765625 0.625 0.585496875 0.6103515625 0.5850078125 0.599609375 0.5859875 0.5908203125 0.5850078125 0.5791015625 0.5845171875 0.5654296875 0.584028125 0.5439453125 0.5786374999999999 0.5322265625 0.571778125 0.525390625 0.5624687500000001 0.5302734375 0.558059375 0.53125 0.55365 0.5439453125 0.5570796875 0.560546875 0.561 0.5791015625 0.5629593749999999 0.59765625
7 0.5467906250000001 0.662109375 0.5526703125 0.677734375 0.560509375 0.6865234375 0.56345 0.677734375 0.5663890625 0.6630859375 0.5658984375 0.65234375 0.56491875 0.638671875 0.5624687500000001 0.62109375 0.561 0.6103515625 0.561 0.5986328125 0.5590390625 0.5869140625 0.5575703125 0.57421875 0.558059375 0.5625 0.556590625 0.5478515625 0.555609375 0.5390625 0.5521796875 0.53515625 0.5472812499999999 0.533203125 0.5389515625 0.5361328125 0.5345421875 0.5390625 0.529153125 0.5458984375 0.5335625 0.5927734375 0.537971875 0.615234375 0.5467906250000001 0.662109375
8 0.5414015625 0.6181640625 0.5350312500000001 0.5625 0.5316015625 0.525390625 0.5188640625 0.529296875 0.5120046874999999 0.5302734375 0.5075937500000001 0.5341796875 0.5066140625 0.5439453125 0.5071046875 0.5537109375 0.5080843749999999 0.5625 0.512984375 0.58984375 0.5188640625 0.634765625 0.5232734375 0.650390625 0.5267031249999999 0.6630859375 0.5296421875 0.66796875 0.5453203125 0.6630859375 0.5414015625 0.6181640625
9 0.5090640625 0.6279296875 0.512984375 0.6044921875 0.510534375 0.580078125 0.5075937500000001 0.55859375 0.5002453124999999 0.5498046875 0.48603593749999996 0.5498046875 0.485546875 0.5712890625 0.48407656250000003 0.6025390625 0.48015625 0.6494140625 0.48603593749999996 0.69140625 0.5002453124999999 0.6787109375 0.5051453125 0.650390625 0.5090640625 0.6279296875
10 0.47525781250000004 0.619140625 0.48309687500000004 0.5869140625 0.48505624999999997 0.5556640625 0.4772171875 0.5302734375 0.46643749999999995 0.5185546875 0.4546796875 0.53515625 0.45125000000000004 0.5546875 0.4439 0.5732421875 0.43165156250000003 0.619140625 0.420871875 0.6728515625 0.44782031250000004 0.6923828125 0.46496875 0.6474609375 0.47525781250000004 0.619140625
11 0.4164625 0.6201171875 0.44292031249999997 0.578125 0.4336109375 0.5458984375 0.42234218749999997 0.5224609375 0.4061734375 0.5322265625 0.3944140625 0.5751953125 0.3875546875 0.623046875 0.3831453125 0.6435546875 0.389025 0.6630859375 0.4017640625 0.6572265625 0.4164625 0.6201171875
12 0.41058281250000006 0.505859375 0.404703125 0.5048828125 0.39539375 0.4912109375 0.3875546875 0.4912109375 0.37285625 0.5107421875 0.3586484375 0.55859375 0.35276874999999996 0.5966796875 0.345909375 0.63671875 0.3419890625 0.654296875 0.3463984375 0.666015625 0.35031875 0.6826171875 0.3601171875 0.673828125 0.368446875 0.6708984375 0.375796875 0.6513671875 0.3811859375 0.6357421875 0.3924546875 0.6044921875 0.3968640625 0.5830078125 0.40029375 0.5654296875 0.40519375 0.5537109375 0.41107343749999997 0.548828125 0.4174421875 0.5361328125 0.41891249999999997 0.5224609375 0.4174421875 0.5087890625 0.41058281250000006 0.505859375
14 0.375796875 0.4697265625 0.3512984375 0.46484375 0.327290625 0.458984375 0.3170015625 0.4619140625 0.313571875 0.4970703125 0.306221875 0.5205078125 0.2939734375 0.5712890625 0.2782953125 0.615234375 0.2799171875 0.6367812500000001 0.2920140625 0.64453125 0.2939734375 0.625 0.3238609375 0.5703125 0.3121015625 0.58984375 0.33022968750000004 0.5595703125 0.32092187499999997 0.5908203125 0.316021875 0.6181640625 0.3106328125 0.6376953125 0.3121015625 0.6669921875 0.32288125 0.662109375 0.32778125 0.6484375 0.34492968749999997 0.60546875 0.3601171875 0.5556640625 0.381675 0.4990234375 0.375796875 0.4697265625
15 0.281725 0.5712890625 0.3052421875 0.513671875 0.3121015625 0.48828125 0.30377343749999997 0.4580078125 0.284175 0.447265625 0.2665359375 0.4345703125 0.24889687500000002 0.44921875 0.2435078125 0.5 0.23958906249999998 0.5146484375 0.22880937499999998 0.5439453125 0.2190109375 0.5625 0.20578124999999997 0.60546875 0.22292968750000003 0.603515625 0.23370937500000002 0.5908203125 0.249878125 0.5615234375 0.26310625 0.5419921875 0.2621265625 0.552734375 0.2435078125 0.59375 0.2371390625 0.62890625 0.2293 0.6513671875 0.2420375 0.6435546875 0.25575625 0.6240234375 0.2645765625 0.6005859375 0.281725 0.5712890625
31 0.18961250000000002 0.4384765625 0.2052921875 0.4248046875 0.21166093749999998 0.39453125 0.21313125 0.3564453125 0.21362031250000002 0.3173828125 0.21166093749999998 0.28515625 0.20382187499999999 0.2578125 0.2018625 0.220703125 0.18814375 0.2490234375 0.1754046875 0.2822265625 0.171975 0.3125 0.16511562500000002 0.341796875 0.1523765625 0.3701171875 0.14600625 0.3974609375 0.159725 0.4248046875 0.16952499999999998 0.4482421875 0.18961250000000002 0.4384765625
13 0.277315625 0.376953125 0.276334375 0.4052734375 0.2959328125 0.3828125 0.3101421875 0.3701171875 0.3263109375 0.3583984375 0.32533124999999996 0.328125 0.313571875 0.30859375 0.2876046875 0.3173828125 0.277315625 0.376953125