18 0.398334375 0.4599609375 0.400784375 0.41796875 0.398334375 0.3720703125 0.3855953125 0.3974609375 0.3767765625 0.4365234375 0.37285625 0.46484375 0.36795625 0.4951171875 0.36648749999999997 0.5380859375 0.361096875 0.568359375 0.35031875 0.591796875 0.352278125 0.619140625 0.36550781250000003 0.6328125 0.37922656250000003 0.6279296875 0.3924546875 0.6142578125 0.398334375 0.59375 0.39735468749999997 0.5634765625 0.3924546875 0.5380859375 0.3968640625 0.5 0.398334375 0.4599609375
19 0.42675156249999996 0.4697265625 0.4243015625 0.4365234375 0.41891249999999997 0.400390625 0.4086234375 0.384765625 0.400784375 0.41796875 0.39735468749999997 0.451171875 0.3968640625 0.484375 0.3944140625 0.5205078125 0.393434375 0.55078125 0.390984375 0.591796875 0.389515625 0.6240234375 0.3949046875 0.65234375 0.4086234375 0.658203125 0.42038281250000004 0.6455078125 0.42675156249999996 0.6201171875 0.42773125 0.59375 0.42822187500000003 0.568359375 0.42626093750000005 0.541015625 0.42675156249999996 0.5078125 0.42675156249999996 0.4697265625
20 0.4453703125 0.66796875 0.46006875 0.6572265625 0.4659484375 0.634765625 0.46202812499999996 0.6015625 0.4561484375 0.5634765625 0.45369843750000005 0.533203125 0.4517390625 0.501953125 0.44683906249999994 0.47265625 0.4453703125 0.4521484375 0.44292031249999997 0.423828125 0.43459062499999995 0.4033203125 0.42773125 0.4345703125 0.430671875 0.474609375 0.4331203125 0.5107421875 0.43165156250000003 0.5458984375 0.43018124999999996 0.57421875 0.42822187500000003 0.607421875 0.42822187500000003 0.634765625 0.4331203125 0.66015625 0.4453703125 0.66796875
21 0.47525781250000004 0.669921875 0.49289531249999996 0.66796875 0.5002453124999999 0.6494140625 0.4958359375 0.611328125 0.49387499999999995 0.568359375 0.49289531249999996 0.533203125 0.49289531249999996 0.498046875 0.491915625 0.466796875 0.491425 0.4345703125 0.48113593750000005 0.3876953125 0.4683984375 0.421875 0.4723171875 0.466796875 0.46643749999999995 0.5078125 0.4634984375 0.5458984375 0.46006875 0.5732421875 0.4610484375 0.607421875 0.4610484375 0.6279296875 0.46202812499999996 0.658203125 0.47525781250000004 0.669921875
22 0.5041640625 0.4345703125 0.501715625 0.4716796875 0.5007343750000001 0.501953125 0.5007343750000001 0.533203125 0.5022046875 0.568359375 0.5007343750000001 0.609375 0.49926562499999994 0.6396484375 0.5046546875 0.666015625 0.5213125 0.6708984375 0.5350312500000001 0.669921875 0.5360125 0.6455078125 0.5365015625 0.6015625 0.5335625 0.5439453125 0.5340515625 0.4765625 0.5316015625 0.4365234375 0.5252328125 0.4013671875 0.5159234374999999 0.3798828125 0.5071046875 0.4052734375 0.5041640625 0.4345703125
17 0.32043125 0.609375 0.33464062499999997 0.619140625 0.349828125 0.611328125 0.3561984375 0.5791015625 0.3615875 0.541015625 0.3674671875 0.4970703125 0.36893750000000003 0.4521484375 0.37040625 0.4208984375 0.37285625 0.384765625 0.3615875 0.3603515625 0.3463984375 0.3857421875 0.34492968749999997 0.4189453125 0.343459375 0.4521484375 0.338559375 0.4873046875 0.332190625 0.515625 0.32925 0.54296875 0.3243515625 0.5634765625 0.31798125 0.5859375 0.32043125 0.609375
13 0.2846640625 0.6025390625 0.299853125 0.5966796875 0.31161249999999996 0.6044921875 0.32092187499999997 0.58203125 0.32043125 0.55078125 0.3189609375 0.5224609375 0.32092187499999997 0.4921875 0.3233703125 0.458984375 0.3194515625 0.43359375 0.3081828125 0.408203125 0.2915234375 0.4052734375 0.286134375 0.43359375 0.2851546875 0.46484375 0.2797640625 0.494140625 0.27339531250000004 0.5205078125 0.27045625 0.54296875 0.2660453125 0.5654296875 0.2738859375 0.587890625 0.2846640625 0.6025390625
2 0.236159375 0.5654296875 0.24889687500000002 0.5732421875 0.26310625 0.5712890625 0.2709453125 0.552734375 0.27045625 0.5234375 0.2709453125 0.4951171875 0.2709453125 0.4599609375 0.2709453125 0.423828125 0.269475 0.3857421875 0.26849531249999997 0.357421875 0.2533078125 0.3427734375 0.236159375 0.359375 0.2322390625 0.3857421875 0.2297890625 0.416015625 0.231259375 0.447265625 0.2297890625 0.4814453125 0.2234203125 0.5048828125 0.2209703125 0.525390625 0.22587031249999998 0.5478515625 0.236159375 0.5654296875
30 0.5541406249999999 0.673828125 0.56981875 0.6533203125 0.5707984374999999 0.6240234375 0.56736875 0.58984375 0.56736875 0.5615234375 0.5668796875 0.53515625 0.5668796875 0.5029296875 0.5644296875 0.4775390625 0.5629593749999999 0.451171875 0.5644296875 0.42578125 0.5570796875 0.4033203125 0.5463015625 0.4267578125 0.5467906250000001 0.46875 0.54238125 0.5078125 0.54238125 0.5439453125 0.54238125 0.57421875 0.540421875 0.607421875 0.53748125 0.63671875 0.5414015625 0.6630859375 0.5541406249999999 0.673828125
29 0.5761875 0.640625 0.5884375000000001 0.662109375 0.6075453125 0.6396484375 0.610484375 0.58984375 0.604115625 0.552734375 0.601665625 0.5185546875 0.5952968750000001 0.484375 0.59235625 0.4560546875 0.5889265625 0.431640625 0.5864765625 0.3955078125 0.57716875 0.400390625 0.57226875 0.4384765625 0.57226875 0.4697265625 0.571778125 0.5029296875 0.5732484375 0.53515625 0.57226875 0.5654296875 0.56981875 0.591796875 0.5707984374999999 0.6171875 0.5761875 0.640625
23 0.6139140624999999 0.4013671875 0.6031359375 0.4013671875 0.6031359375 0.44921875 0.6050953125 0.4853515625 0.604115625 0.53515625 0.6001953125 0.5732421875 0.6055859375 0.59375 0.615384375 0.6171875 0.6305734375000001 0.626953125 0.6447812500000001 0.615234375 0.6447812500000001 0.583984375 0.638903125 0.560546875 0.63204375 0.533203125 0.626653125 0.5029296875 0.620284375 0.4443359375 0.6139140624999999 0.4013671875
24 0.665359375 0.6123046875 0.67711875 0.59375 0.6766296875 0.560546875 0.67075 0.5302734375 0.6629109375 0.4970703125 0.656540625 0.4716796875 0.6536015625 0.44140625 0.6487015625 0.4130859375 0.6433125000000001 0.388671875 0.6335124999999999 0.400390625 0.63204375 0.439453125 0.6344921875 0.4853515625 0.6344921875 0.515625 0.63204375 0.5478515625 0.6325328125 0.57421875 0.6413515624999999 0.5947265625 0.6511515625000001 0.6064453125 0.665359375 0.6123046875
25 0.6986765625 0.5966796875 0.7153359375 0.5888671875 0.7266046875 0.5732421875 0.73199375 0.548828125 0.725625 0.5185546875 0.718765625 0.494140625 0.7123953125 0.4697265625 0.709946875 0.4345703125 0.702596875 0.3955078125 0.6986765625 0.4287109375 0.6986765625 0.4560546875 0.6937781249999999 0.4794921875 0.6893671875 0.44921875 0.6834890625 0.423828125 0.6732 0.439453125 0.6741796875 0.466796875 0.6727093749999999 0.498046875 0.67075 0.541015625 0.6741796875 0.5732421875 0.6829984375 0.591796875 0.6986765625 0.5966796875
26 0.7589421875 0.552734375 0.7697203125 0.53515625 0.7765796875000001 0.5126953125 0.7751109375 0.484375 0.764821875 0.4619140625 0.7589421875 0.43359375 0.7530625 0.4013671875 0.7383640625 0.380859375 0.74424375 0.4267578125 0.7471828125 0.451171875 0.74179375 0.4716796875 0.73444375 0.451171875 0.7266046875 0.4208984375 0.7212156249999999 0.44140625 0.7226843749999999 0.4716796875 0.7226843749999999 0.5048828125 0.723175 0.53515625 0.7339546875 0.548828125 0.7447328125 0.5556640625 0.7589421875 0.552734375
0 0.8030375 0.7392578125 0.7932390625 0.716796875 0.7839296874999999 0.6865234375 0.7775593749999999 0.6630859375 0.7702109375 0.6328125 0.7677609375000001 0.6044921875 0.7609015625 0.58203125 0.7481625000000001 0.5732421875 0.7359140625 0.583984375 0.725134375 0.5947265625 0.7128859375000001 0.6025390625 0.711415625 0.625 0.7153359375 0.65234375 0.7241546875 0.67578125 0.73199375 0.6953125 0.73934375 0.7138671875 0.7466921875 0.7421875 0.7560015625000001 0.7578125 0.7672703125 0.7744140625 0.780009375 0.759765625 0.7672703125 0.744140625 0.7560015625000001 0.7216796875 0.7496328125 0.673828125 0.7599218750000001 0.685546875 0.7697203125 0.7041015625 0.7775593749999999 0.720703125 0.79176875 0.74609375 0.8030375 0.7392578125
1 0.73199375 0.78515625 0.7447328125 0.80859375 0.7466921875 0.7880859375 0.7403234375000001 0.7568359375 0.7329734375 0.734375 0.725134375 0.7109375 0.7202359375 0.685546875 0.718765625 0.66015625 0.7148453124999999 0.6318359375 0.709946875 0.611328125 0.6962265624999999 0.6171875 0.6810390625 0.626953125 0.665359375 0.6318359375 0.656540625 0.650390625 0.6604609375 0.673828125 0.670259375 0.69140625 0.6732 0.7138671875 0.6780984375 0.7392578125 0.6829984375 0.7626953125 0.6893671875 0.7822265625 0.6957375 0.80078125 0.7035765625 0.8203125 0.7177859375 0.8388671875 0.716315625 0.8056640625 0.7050468750000001 0.787109375 0.6962265624999999 0.7578125 0.6932875000000001 0.7333984375 0.6981875 0.708984375 0.708965625 0.7236328125 0.71680625 0.744140625 0.723175 0.763671875 0.73199375 0.78515625
3 0.665359375 0.7392578125 0.663890625 0.708984375 0.6643796875 0.677734375 0.661440625 0.640625 0.64968125 0.6357421875 0.6384125 0.6474609375 0.626653125 0.65234375 0.62714375 0.677734375 0.6335124999999999 0.701171875 0.6344921875 0.734375 0.6398828125 0.7626953125 0.6447812500000001 0.7978515625 0.64968125 0.826171875 0.6536015625 0.8583984375 0.661440625 0.8837890625 0.6741796875 0.88671875 0.6727093749999999 0.8671875 0.67075 0.8486328125 0.6692796875 0.8203125 0.6668296875 0.7978515625 0.6668296875 0.76953125 0.665359375 0.7392578125
4 0.6256734374999999 0.6572265625 0.6144046875 0.6533203125 0.6026453125 0.66015625 0.5913765625 0.6728515625 0.5938265625 0.6953125 0.5962765625 0.71875 0.599215625 0.7490234375 0.6001953125 0.7802734375 0.601665625 0.810546875 0.6050953125 0.841796875 0.6080359375 0.8720703125 0.6168546874999999 0.8974609375 0.6193046875 0.853515625 0.620284375 0.826171875 0.618325 0.794921875 0.6207734375 0.7470703125 0.6256734374999999 0.6962890625 0.6256734374999999 0.6572265625
5 0.5903968749999999 0.708984375 0.5938265625 0.673828125 0.5884375000000001 0.6552734375 0.5756984375 0.6455078125 0.56345 0.6474609375 0.558059375 0.66796875 0.5590390625 0.693359375 0.561 0.720703125 0.561 0.751953125 0.56345 0.7802734375 0.56345 0.818359375 0.5619796874999999 0.8505859375 0.5668796875 0.876953125 0.57226875 0.9169921875 0.5825578124999999 0.8798828125 0.5835375 0.8515625 0.5874578125000001 0.818359375 0.5889265625 0.78515625 0.5889265625 0.7470703125 0.5903968749999999 0.708984375
6 0.5507109375 0.6396484375 0.5296421875 0.6396484375 0.5296421875 0.666015625 0.5296421875 0.6865234375 0.5286625 0.7236328125 0.5271921875000001 0.7578125 0.5262125 0.78515625 0.5232734375 0.8251953125 0.5350312500000001 0.853515625 0.5463015625 0.826171875 0.5502203125 0.787109375 0.5531609375000001 0.7392578125 0.5590390625 0.6884765625 0.561 0.6533203125 0.5507109375 0.6396484375
7 0.5286625 0.6318359375 0.5188640625 0.6279296875 0.5007343750000001 0.625 0.5007343750000001 0.666015625 0.501715625 0.693359375 0.5007343750000001 0.7216796875 0.5022046875 0.7548828125 0.5007343750000001 0.7900390625 0.503184375 0.8310546875 0.5198437499999999 0.837890625 0.52229375 0.810546875 0.52229375 0.7802734375 0.5237625 0.75 0.5247421875 0.708984375 0.5276828124999999 0.666015625 0.5286625 0.6318359375
8 0.49436562500000003 0.625 0.4762375 0.642578125 0.4762375 0.673828125 0.4767265625 0.6953125 0.4791765625 0.734375 0.48113593750000005 0.7802734375 0.48407656250000003 0.8251953125 0.49436562500000003 0.8515625 0.5002453124999999 0.8212890625 0.498284375 0.783203125 0.5002453124999999 0.7333984375 0.49926562499999994 0.693359375 0.49926562499999994 0.6455078125 0.49436562500000003 0.625
9 0.4762375 0.677734375 0.47770625000000005 0.642578125 0.4674171875 0.634765625 0.45222968750000003 0.640625 0.44683906249999994 0.669921875 0.44977968749999997 0.6953125 0.44977968749999997 0.7314453125 0.4546796875 0.767578125 0.457128125 0.8076171875 0.45761874999999996 0.853515625 0.4688875 0.876953125 0.48015625 0.8642578125 0.4791765625 0.837890625 0.47770625000000005 0.80078125 0.4762375 0.7646484375 0.4747671875 0.7158203125 0.4762375 0.677734375
10 0.4473296875 0.7158203125 0.4492890625 0.6787109375 0.44292031249999997 0.6474609375 0.42528125 0.6474609375 0.41548281249999997 0.673828125 0.41499218750000005 0.701171875 0.4135234375 0.7265625 0.41548281249999997 0.7578125 0.4135234375 0.794921875 0.4164625 0.830078125 0.4198921875 0.86328125 0.41891249999999997 0.90234375 0.4331203125 0.9248046875 0.43899999999999995 0.888671875 0.439490625 0.8564453125 0.44292031249999997 0.8330078125 0.44585937500000006 0.79296875 0.4492890625 0.7548828125 0.4473296875 0.7158203125
11 0.41009375 0.7119140625 0.4174421875 0.6787109375 0.40715312499999995 0.6630859375 0.393434375 0.66015625 0.37922656250000003 0.6572265625 0.37530625 0.6826171875 0.3767765625 0.7080078125 0.3782453125 0.736328125 0.3782453125 0.7626953125 0.381675 0.7919921875 0.3806953125 0.818359375 0.3831453125 0.8515625 0.3831453125 0.884765625 0.3944140625 0.9013671875 0.3998046875 0.869140625 0.400784375 0.84375 0.402253125 0.8134765625 0.40519375 0.7802734375 0.40715312499999995 0.7421875 0.41009375 0.7119140625
12 0.37530625 0.6962890625 0.384125 0.662109375 0.373346875 0.650390625 0.35766718750000004 0.650390625 0.343459375 0.6533203125 0.3400296875 0.685546875 0.3395390625 0.708984375 0.33610937500000004 0.7470703125 0.3331703125 0.775390625 0.3307203125 0.8125 0.3258203125 0.8466796875 0.3194515625 0.8759765625 0.3268 0.896484375 0.3375796875 0.8896484375 0.343459375 0.8662109375 0.3488484375 0.845703125 0.35521875 0.8125 0.3591375 0.783203125 0.36795625 0.7421875 0.37530625 0.6962890625
14 0.2846640625 0.8359375 0.29495312500000004 0.8466796875 0.3067125 0.828125 0.31553125 0.802734375 0.3233703125 0.7724609375 0.3282703125 0.7421875 0.33121093749999997 0.71875 0.3370890625 0.6953125 0.343459375 0.66796875 0.345909375 0.640625 0.3356203125 0.626953125 0.3219015625 0.6279296875 0.3091625 0.6220703125 0.29495312500000004 0.6142578125 0.2846640625 0.63671875 0.283684375 0.6708984375 0.2822140625 0.6904296875 0.276825 0.708984375 0.27339531250000004 0.728515625 0.26800625 0.751953125 0.2640859375 0.7724609375 0.2567375 0.79296875 0.25575625 0.8134765625 0.269475 0.8154296875 0.2782953125 0.7919921875 0.2846640625 0.7666015625 0.292503125 0.7421875 0.3081828125 0.7265625 0.3091625 0.7568359375 0.30279218750000003 0.787109375 0.2915234375 0.8125 0.2846640625 0.8359375
15 0.21949999999999997 0.783203125 0.2302796875 0.7958984375 0.25036718750000003 0.76953125 0.26310625 0.7392578125 0.27045625 0.708984375 0.278784375 0.68359375 0.2876046875 0.658203125 0.288584375 0.6318359375 0.2797640625 0.615234375 0.26849531249999997 0.6142578125 0.25967656250000004 0.5947265625 0.24693749999999998 0.5966796875 0.236159375 0.609375 0.2297890625 0.6328125 0.22587031249999998 0.6630859375 0.21999062500000002 0.685546875 0.21313125 0.7109375 0.20823125 0.7333984375 0.20088124999999998 0.75 0.20431093749999998 0.7744140625 0.21949999999999997 0.7548828125 0.2297890625 0.728515625 0.240078125 0.703125 0.2533078125 0.6865234375 0.25036718750000003 0.71875 0.24301875 0.7421875 0.2327296875 0.7578125 0.21949999999999997 0.783203125