18 0.63204375 0.5048828125 0.6335124999999999 0.4619140625 0.638903125 0.431640625 0.64968125 0.408203125 0.647721875 0.380859375 0.6344921875 0.3671875 0.6207734375 0.3720703125 0.6075453125 0.3857421875 0.601665625 0.40625 0.6026453125 0.4365234375 0.6075453125 0.4619140625 0.6031359375 0.5 0.601665625 0.5400390625 0.599215625 0.58203125 0.601665625 0.6279296875 0.6144046875 0.6025390625 0.6232234375 0.5634765625 0.62714375 0.53515625 0.63204375 0.5048828125
19 0.6031359375 0.515625 0.6055859375 0.4794921875 0.606565625 0.44921875 0.609015625 0.408203125 0.610484375 0.3759765625 0.6050953125 0.34765625 0.5913765625 0.341796875 0.5796171875 0.3544921875 0.5732484375 0.3798828125 0.57226875 0.40625 0.571778125 0.431640625 0.5737390625 0.458984375 0.5732484375 0.4921875 0.5732484375 0.5302734375 0.5756984375 0.5634765625 0.5810875 0.599609375 0.5913765625 0.615234375 0.599215625 0.58203125 0.6026453125 0.548828125 0.6031359375 0.515625
20 0.5482609375 0.498046875 0.5531609375000001 0.52734375 0.5546296875000001 0.5478515625 0.5570796875 0.576171875 0.565409375 0.5966796875 0.57226875 0.5654296875 0.569328125 0.525390625 0.5668796875 0.4892578125 0.5683484375 0.4541015625 0.56981875 0.42578125 0.571778125 0.392578125 0.571778125 0.365234375 0.5668796875 0.33984375 0.5546296875000001 0.33203125 0.53993125 0.3427734375 0.5340515625 0.365234375 0.537971875 0.3984375 0.5438515625 0.4365234375 0.5463015625 0.466796875 0.5482609375 0.498046875
21 0.5071046875 0.501953125 0.5080843749999999 0.533203125 0.508575 0.5654296875 0.5188640625 0.6123046875 0.5316015625 0.578125 0.5276828124999999 0.533203125 0.5335625 0.4921875 0.5365015625 0.4541015625 0.53993125 0.4267578125 0.5389515625 0.392578125 0.5389515625 0.3720703125 0.537971875 0.341796875 0.5247421875 0.330078125 0.5071046875 0.33203125 0.4997546875 0.3505859375 0.5041640625 0.388671875 0.506125 0.431640625 0.5071046875 0.466796875 0.5071046875 0.501953125
22 0.5007343750000001 0.3603515625 0.4953453125 0.333984375 0.47868750000000004 0.3291015625 0.46496875 0.330078125 0.4639875 0.3544921875 0.4634984375 0.3984375 0.46643749999999995 0.4560546875 0.4659484375 0.5234375 0.4683984375 0.5634765625 0.4747671875 0.5986328125 0.48407656250000003 0.6201171875 0.49289531249999996 0.5947265625 0.4958359375 0.5654296875 0.498284375 0.5283203125 0.49926562499999994 0.498046875 0.49926562499999994 0.466796875 0.4977953125 0.431640625 0.49926562499999994 0.390625 0.5007343750000001 0.3603515625
17 0.6310625 0.5478515625 0.62959375 0.5791015625 0.62714375 0.615234375 0.6384125 0.6396484375 0.6536015625 0.6142578125 0.6550703125 0.5810546875 0.656540625 0.5478515625 0.661440625 0.5126953125 0.667809375 0.484375 0.67075 0.45703125 0.6756484375 0.4365234375 0.68201875 0.4140625 0.6795687499999999 0.390625 0.665359375 0.380859375 0.6501718750000001 0.388671875 0.6438015625 0.4208984375 0.6384125 0.458984375 0.6325328125 0.5029296875 0.6310625 0.5478515625
13 0.679078125 0.5078125 0.6766296875 0.541015625 0.6805484374999999 0.56640625 0.6918171875 0.591796875 0.7084765625 0.5947265625 0.7138656250000001 0.56640625 0.7148453124999999 0.53515625 0.7202359375 0.505859375 0.7266046875 0.4794921875 0.72954375 0.45703125 0.7339546875 0.4345703125 0.7261140625 0.412109375 0.7153359375 0.3974609375 0.700146875 0.4033203125 0.6883874999999999 0.3955078125 0.679078125 0.41796875 0.6795687499999999 0.44921875 0.6810390625 0.4775390625 0.679078125 0.5078125
2 0.7290546875 0.5400390625 0.7290546875 0.576171875 0.730525 0.6142578125 0.7315046875 0.642578125 0.7466921875 0.6572265625 0.763840625 0.640625 0.7677609375000001 0.6142578125 0.7702109375 0.583984375 0.7687406250000001 0.552734375 0.7702109375 0.5185546875 0.7765796875000001 0.4951171875 0.7790296875 0.474609375 0.7741296875 0.4521484375 0.763840625 0.4345703125 0.751103125 0.4267578125 0.73689375 0.4287109375 0.7290546875 0.447265625 0.72954375 0.4765625 0.7290546875 0.5048828125 0.7290546875 0.5400390625
30 0.4331203125 0.4970703125 0.4355703125 0.5224609375 0.437040625 0.548828125 0.4355703125 0.57421875 0.44292031249999997 0.5966796875 0.45369843750000005 0.5732421875 0.45320937499999997 0.53125 0.45761874999999996 0.4921875 0.45761874999999996 0.4560546875 0.45761874999999996 0.42578125 0.459578125 0.392578125 0.46251875 0.36328125 0.45859843749999996 0.3369140625 0.44585937500000006 0.326171875 0.43018124999999996 0.3466796875 0.4292015625 0.3759765625 0.43263125 0.41015625 0.43263125 0.4384765625 0.4331203125 0.46484375 0.4331203125 0.4970703125
29 0.404703125 0.515625 0.40764374999999997 0.5439453125 0.41107343749999997 0.568359375 0.4135234375 0.6044921875 0.42283125000000005 0.599609375 0.42773125 0.5615234375 0.42773125 0.5302734375 0.42822187500000003 0.4970703125 0.42675156249999996 0.46484375 0.42773125 0.4345703125 0.43018124999999996 0.408203125 0.4292015625 0.3828125 0.42381250000000004 0.359375 0.41156249999999994 0.337890625 0.3924546875 0.3603515625 0.389515625 0.41015625 0.395884375 0.447265625 0.398334375 0.4814453125 0.404703125 0.515625
23 0.3944140625 0.40625 0.384615625 0.3828125 0.3694265625 0.373046875 0.35521875 0.384765625 0.35521875 0.416015625 0.361096875 0.439453125 0.36795625 0.466796875 0.373346875 0.4970703125 0.379715625 0.5556640625 0.3860859375 0.5986328125 0.3968640625 0.5986328125 0.3968640625 0.55078125 0.3949046875 0.5146484375 0.395884375 0.46484375 0.3998046875 0.4267578125 0.3944140625 0.40625
24 0.3463984375 0.55859375 0.3512984375 0.5869140625 0.3566875 0.611328125 0.36648749999999997 0.599609375 0.36795625 0.560546875 0.36550781250000003 0.5146484375 0.36550781250000003 0.484375 0.36795625 0.4521484375 0.3674671875 0.42578125 0.3586484375 0.4052734375 0.3488484375 0.3935546875 0.33464062499999997 0.3876953125 0.32288125 0.40625 0.3233703125 0.439453125 0.32925 0.4697265625 0.3370890625 0.5029296875 0.343459375 0.5283203125 0.3463984375 0.55859375
25 0.2876046875 0.5302734375 0.29005312499999997 0.5654296875 0.297403125 0.6044921875 0.3013234375 0.5712890625 0.3013234375 0.5439453125 0.306221875 0.5205078125 0.3106328125 0.55078125 0.31651093750000003 0.576171875 0.3268 0.560546875 0.3258203125 0.533203125 0.327290625 0.501953125 0.32925 0.458984375 0.3258203125 0.4267578125 0.3170015625 0.408203125 0.3013234375 0.4033203125 0.2846640625 0.4111328125 0.27339531250000004 0.4267578125 0.26800625 0.451171875 0.274375 0.4814453125 0.28123437500000004 0.505859375 0.2876046875 0.5302734375
26 0.24693749999999998 0.5986328125 0.2616359375 0.619140625 0.25575625 0.5732421875 0.2528171875 0.548828125 0.25820625 0.5283203125 0.26555625 0.548828125 0.27339531250000004 0.5791015625 0.278784375 0.55859375 0.277315625 0.5283203125 0.277315625 0.4951171875 0.276825 0.46484375 0.2660453125 0.451171875 0.2552671875 0.4443359375 0.24105781249999997 0.447265625 0.2302796875 0.46484375 0.2234203125 0.4873046875 0.22488906250000001 0.515625 0.23517812500000002 0.5380859375 0.24105781249999997 0.56640625 0.24693749999999998 0.5986328125
0 0.23909843749999998 0.41796875 0.2518375 0.4267578125 0.2640859375 0.416015625 0.274865625 0.4052734375 0.2871140625 0.3974609375 0.288584375 0.375 0.2846640625 0.34765625 0.2758453125 0.32421875 0.26800625 0.3046875 0.26065625 0.2861328125 0.2533078125 0.2578125 0.2439984375 0.2421875 0.2327296875 0.2255859375 0.21999062500000002 0.240234375 0.2327296875 0.255859375 0.2439984375 0.2783203125 0.25036718750000003 0.326171875 0.240078125 0.314453125 0.2302796875 0.2958984375 0.222440625 0.279296875 0.20823125 0.25390625 0.19696249999999998 0.2607421875 0.2067609375 0.283203125 0.2160703125 0.3134765625 0.222440625 0.3369140625 0.2297890625 0.3671875 0.2322390625 0.3955078125 0.23909843749999998 0.41796875
1 0.2797640625 0.314453125 0.28123437500000004 0.33984375 0.2851546875 0.3681640625 0.29005312499999997 0.388671875 0.30377343749999997 0.3828125 0.3189609375 0.373046875 0.33464062499999997 0.3681640625 0.343459375 0.349609375 0.3395390625 0.326171875 0.329740625 0.30859375 0.3268 0.2861328125 0.3219015625 0.2607421875 0.3170015625 0.2373046875 0.3106328125 0.2177734375 0.3042625 0.19921875 0.2964234375 0.1796875 0.2822140625 0.1611328125 0.283684375 0.1943359375 0.29495312500000004 0.212890625 0.30377343749999997 0.2421875 0.3067125 0.2666015625 0.3018125 0.291015625 0.291034375 0.2763671875 0.28319375 0.255859375 0.276825 0.236328125 0.26800625 0.21484375 0.2552671875 0.19140625 0.2533078125 0.2119140625 0.25967656250000004 0.2431640625 0.2670265625 0.265625 0.274865625 0.2890625 0.2797640625 0.314453125
3 0.373346875 0.34765625 0.37285625 0.322265625 0.36648749999999997 0.298828125 0.36550781250000003 0.265625 0.3601171875 0.2373046875 0.35521875 0.2021484375 0.35031875 0.173828125 0.3463984375 0.1416015625 0.338559375 0.1162109375 0.3258203125 0.11328125 0.327290625 0.1328125 0.32925 0.1513671875 0.3307203125 0.1796875 0.3331703125 0.2021484375 0.3331703125 0.23046875 0.33464062499999997 0.2607421875 0.33610937500000004 0.291015625 0.3356203125 0.322265625 0.338559375 0.359375 0.35031875 0.3642578125 0.3615875 0.3525390625 0.373346875 0.34765625
4 0.400784375 0.2509765625 0.3998046875 0.2197265625 0.398334375 0.189453125 0.3949046875 0.158203125 0.3919640625 0.1279296875 0.3831453125 0.1025390625 0.3806953125 0.146484375 0.379715625 0.173828125 0.381675 0.205078125 0.37922656250000003 0.2529296875 0.37432656249999996 0.3037109375 0.37432656249999996 0.3427734375 0.3855953125 0.3466796875 0.39735468749999997 0.33984375 0.4086234375 0.3271484375 0.4061734375 0.3046875 0.40372343749999995 0.28125 0.400784375 0.2509765625
5 0.4409609375 0.306640625 0.43899999999999995 0.279296875 0.43899999999999995 0.248046875 0.43655 0.2197265625 0.43655 0.181640625 0.43802031250000006 0.1494140625 0.4331203125 0.123046875 0.42773125 0.0830078125 0.4174421875 0.1201171875 0.4164625 0.1484375 0.4125421875 0.181640625 0.41107343749999997 0.21484375 0.41107343749999997 0.2529296875 0.409603125 0.291015625 0.4061734375 0.326171875 0.41156249999999994 0.3447265625 0.4243015625 0.3544921875 0.43655 0.3525390625 0.441940625 0.33203125 0.4409609375 0.306640625
6 0.4737875 0.21484375 0.4767265625 0.1748046875 0.46496875 0.146484375 0.45369843750000005 0.173828125 0.44977968749999997 0.212890625 0.44683906249999994 0.2607421875 0.4409609375 0.3115234375 0.43899999999999995 0.3466796875 0.4492890625 0.3603515625 0.47035781249999997 0.3603515625 0.47035781249999997 0.333984375 0.47035781249999997 0.3134765625 0.4713375 0.2763671875 0.4728078125 0.2421875 0.4737875 0.21484375
7 0.4977953125 0.2451171875 0.49926562499999994 0.2099609375 0.496815625 0.1689453125 0.48015625 0.162109375 0.47770625000000005 0.189453125 0.47770625000000005 0.2197265625 0.4762375 0.25 0.47525781250000004 0.291015625 0.4723171875 0.333984375 0.4713375 0.3681640625 0.48113593750000005 0.3720703125 0.49926562499999994 0.375 0.49926562499999994 0.333984375 0.498284375 0.306640625 0.49926562499999994 0.2783203125 0.4977953125 0.2451171875
8 0.5159234374999999 0.1748046875 0.505634375 0.1484375 0.4997546875 0.1787109375 0.501715625 0.216796875 0.4997546875 0.2666015625 0.5007343750000001 0.306640625 0.5007343750000001 0.3544921875 0.505634375 0.375 0.5237625 0.357421875 0.5237625 0.326171875 0.5232734375 0.3046875 0.5208234375 0.265625 0.5188640625 0.2197265625 0.5159234374999999 0.1748046875
9 0.5502203125 0.2685546875 0.5453203125 0.232421875 0.542871875 0.1923828125 0.54238125 0.146484375 0.5311125 0.123046875 0.5198437499999999 0.1357421875 0.5208234375 0.162109375 0.52229375 0.19921875 0.5237625 0.2353515625 0.5252328125 0.2841796875 0.5237625 0.322265625 0.52229375 0.357421875 0.5325828125000001 0.365234375 0.5477703125 0.359375 0.5531609375000001 0.330078125 0.5502203125 0.3046875 0.5502203125 0.2685546875
10 0.5864765625 0.2734375 0.5845171875 0.2421875 0.5864765625 0.205078125 0.5835375 0.169921875 0.5801078125 0.13671875 0.5810875 0.09765625 0.5668796875 0.0751953125 0.561 0.111328125 0.560509375 0.1435546875 0.5570796875 0.1669921875 0.5541406249999999 0.20703125 0.5507109375 0.2451171875 0.5526703125 0.2841796875 0.5507109375 0.3212890625 0.5570796875 0.3525390625 0.57471875 0.3525390625 0.5845171875 0.326171875 0.5850078125 0.298828125 0.5864765625 0.2734375
11 0.6232234375 0.2919921875 0.6217546875 0.263671875 0.6217546875 0.2373046875 0.618325 0.2080078125 0.6193046875 0.181640625 0.6168546874999999 0.1484375 0.6168546874999999 0.115234375 0.6055859375 0.0986328125 0.6001953125 0.130859375 0.599215625 0.15625 0.597746875 0.1865234375 0.59480625 0.2197265625 0.592846875 0.2578125 0.5899062500000001 0.2880859375 0.5825578124999999 0.3212890625 0.592846875 0.3369140625 0.606565625 0.33984375 0.6207734375 0.3427734375 0.6246937499999999 0.3173828125 0.6232234375 0.2919921875
12 0.6604609375 0.291015625 0.663890625 0.2529296875 0.6668296875 0.224609375 0.6692796875 0.1875 0.6741796875 0.1533203125 0.6805484374999999 0.1240234375 0.6732 0.103515625 0.6624203125 0.1103515625 0.656540625 0.1337890625 0.6511515625000001 0.154296875 0.6447812500000001 0.1875 0.6408625 0.216796875 0.63204375 0.2578125 0.6246937499999999 0.3037109375 0.6158750000000001 0.337890625 0.626653125 0.349609375 0.6423328125000001 0.349609375 0.656540625 0.3466796875 0.6599703124999999 0.314453125 0.6604609375 0.291015625
14 0.6687890624999999 0.28125 0.6629109375 0.3046875 0.656540625 0.33203125 0.654090625 0.359375 0.6643796875 0.373046875 0.6780984375 0.3720703125 0.6908375 0.3779296875 0.7050468750000001 0.3857421875 0.7153359375 0.36328125 0.716315625 0.3291015625 0.7177859375 0.3095703125 0.723175 0.291015625 0.7266046875 0.271484375 0.73199375 0.248046875 0.7359140625 0.2275390625 0.7432624999999999 0.20703125 0.74424375 0.1865234375 0.730525 0.1845703125 0.7217046875 0.2080078125 0.7153359375 0.2333984375 0.707496875 0.2578125 0.6918171875 0.2734375 0.6908375 0.2431640625 0.6972078125000001 0.212890625 0.7084765625 0.1875 0.7153359375 0.1640625 0.7050468750000001 0.1533203125 0.6932875000000001 0.171875 0.68446875 0.197265625 0.6766296875 0.2275390625 0.6717296875 0.2578125 0.6687890624999999 0.28125
15 0.7123953125 0.341796875 0.711415625 0.3681640625 0.7202359375 0.384765625 0.7315046875 0.3857421875 0.7403234375000001 0.4052734375 0.7530625 0.4033203125 0.763840625 0.390625 0.7702109375 0.3671875 0.7741296875 0.3369140625 0.780009375 0.314453125 0.78686875 0.2890625 0.79176875 0.2666015625 0.79911875 0.25 0.7956890624999999 0.2255859375 0.7805 0.2451171875 0.7702109375 0.271484375 0.7599218750000001 0.296875 0.7466921875 0.3134765625 0.7496328125 0.28125 0.75698125 0.2578125 0.7672703125 0.2421875 0.7805 0.216796875 0.7697203125 0.2041015625 0.7496328125 0.23046875 0.73689375 0.2607421875 0.72954375 0.291015625 0.7212156249999999 0.31640625 0.7123953125 0.341796875