2 0.767578125 0.723175 0.7373046875 0.7153359375 0.6982421875 0.7128859375000001 0.66796875 0.7153359375 0.640625 0.7123953125 0.6220703125 0.7128859375000001 0.5966796875 0.7226843749999999 0.5966796875 0.73444375 0.607421875 0.7432624999999999 0.6142578125 0.75698125 0.6328125 0.75698125 0.6630859375 0.7560015625000001 0.69140625 0.7471828125 0.724609375 0.7378734375 0.767578125 0.723175
3 0.3623046875 0.3904953125 0.380859375 0.398334375 0.40625 0.404703125 0.42578125 0.3944140625 0.4345703125 0.3767765625 0.431640625 0.36550781250000003 0.3935546875 0.3674671875 0.3505859375 0.3591375 0.314453125 0.3488484375 0.2763671875 0.34492968749999997 0.248046875 0.3400296875 0.22265625 0.3307203125 0.21484375 0.3424796875 0.232421875 0.352278125 0.2587890625 0.3650171875 0.2890625 0.37285625 0.314453125 0.3767765625 0.337890625 0.384125 0.3623046875 0.3904953125
4 0.365234375 0.43165156250000003 0.3876953125 0.4331203125 0.408203125 0.42528125 0.4140625 0.41499218750000005 0.4111328125 0.400784375 0.3876953125 0.3968640625 0.349609375 0.398334375 0.30078125 0.39735468749999997 0.265625 0.395884375 0.240234375 0.3949046875 0.21484375 0.3919640625 0.1875 0.3904953125 0.1953125 0.402253125 0.22265625 0.409603125 0.255859375 0.4140125 0.291015625 0.4198921875 0.3193359375 0.42136250000000003 0.33984375 0.42675156249999996 0.365234375 0.43165156250000003
5 0.388671875 0.46251875 0.423828125 0.45859843749999996 0.439453125 0.4473296875 0.40625 0.43899999999999995 0.36328125 0.43165156250000003 0.322265625 0.4292015625 0.283203125 0.42773125 0.2451171875 0.42626093750000005 0.2080078125 0.42626093750000005 0.1767578125 0.42773125 0.173828125 0.439490625 0.224609375 0.45075937499999996 0.25390625 0.4610484375 0.2919921875 0.46496875 0.32421875 0.4659484375 0.357421875 0.46496875 0.388671875 0.46251875
6 0.4013671875 0.491425 0.4267578125 0.491915625 0.43359375 0.47770625000000005 0.4306640625 0.4634984375 0.408203125 0.4634984375 0.373046875 0.4659484375 0.341796875 0.46643749999999995 0.3095703125 0.46986718749999995 0.283203125 0.4713375 0.2587890625 0.4713375 0.2333984375 0.4737875 0.2099609375 0.4791765625 0.232421875 0.48652656250000004 0.2607421875 0.48652656250000004 0.291015625 0.4879953125 0.32421875 0.4879953125 0.35546875 0.4889765625 0.3828125 0.491425 0.4013671875 0.491425
7 0.3955078125 0.5159234374999999 0.421875 0.5159234374999999 0.4306640625 0.501715625 0.41796875 0.491425 0.3798828125 0.49387499999999995 0.341796875 0.49289531249999996 0.3095703125 0.4904453125 0.283203125 0.4904453125 0.2587890625 0.4904453125 0.2275390625 0.48750625000000003 0.2373046875 0.496815625 0.2607421875 0.5022046875 0.2919921875 0.5071046875 0.3193359375 0.5095546875 0.3447265625 0.5110234375 0.3720703125 0.5134734375 0.3955078125 0.5159234374999999
8 0.392578125 0.537971875 0.4111328125 0.5325828125000001 0.408203125 0.51494375 0.3798828125 0.5134734375 0.33984375 0.514453125 0.30078125 0.514453125 0.2705078125 0.51494375 0.2451171875 0.514453125 0.232421875 0.5257234375000001 0.2578125 0.5276828124999999 0.2880859375 0.5276828124999999 0.314453125 0.5301328125 0.33984375 0.5301328125 0.365234375 0.5350312500000001 0.392578125 0.537971875
9 0.431640625 0.555609375 0.44140625 0.542871875 0.4306640625 0.5316015625 0.41015625 0.5286625 0.3671875 0.5286625 0.322265625 0.5350312500000001 0.2861328125 0.5365015625 0.2607421875 0.5360125 0.2255859375 0.537971875 0.224609375 0.549240625 0.255859375 0.556590625 0.298828125 0.556590625 0.341796875 0.556590625 0.373046875 0.5546296875000001 0.4033203125 0.556590625 0.431640625 0.555609375
10 0.390625 0.5884375000000001 0.4267578125 0.5820671875000001 0.4384765625 0.5668796875 0.41796875 0.5590390625 0.3828125 0.556590625 0.326171875 0.560509375 0.2666015625 0.565409375 0.2333984375 0.5707984374999999 0.2080078125 0.5756984375 0.1865234375 0.5810875 0.189453125 0.5952968750000001 0.2255859375 0.59480625 0.265625 0.59235625 0.3017578125 0.5913765625 0.337890625 0.5864765625 0.3701171875 0.5864765625 0.390625 0.5884375000000001
11 0.3974609375 0.6217546875 0.4189453125 0.6217546875 0.43359375 0.6080359375 0.4267578125 0.5952968750000001 0.3984375 0.5850078125 0.373046875 0.5913765625 0.337890625 0.597746875 0.30859375 0.6011765625 0.28125 0.6050953125 0.248046875 0.609015625 0.220703125 0.6139140624999999 0.220703125 0.624203125 0.2451171875 0.6310625 0.275390625 0.626653125 0.3095703125 0.6217546875 0.33984375 0.6207734375 0.3701171875 0.6207734375 0.3974609375 0.6217546875
12 0.4384765625 0.6536015625 0.44921875 0.638903125 0.44140625 0.624203125 0.421875 0.6193046875 0.3974609375 0.6232234375 0.3603515625 0.6349828125 0.3291015625 0.6408625 0.2958984375 0.647721875 0.2685546875 0.652621875 0.23828125 0.6624203125 0.224609375 0.6741796875 0.2529296875 0.679078125 0.2861328125 0.6732 0.3212890625 0.667809375 0.35546875 0.6629109375 0.3857421875 0.658990625 0.408203125 0.656540625 0.4384765625 0.6536015625
13 0.7119140625 0.6981875 0.74609375 0.6854484375000001 0.7373046875 0.6717296875 0.703125 0.6692796875 0.6650390625 0.6692796875 0.63671875 0.67075 0.6123046875 0.6717296875 0.5869140625 0.67075 0.5634765625 0.6741796875 0.5634765625 0.6893671875 0.5712890625 0.6986765625 0.5693359375 0.7128859375000001 0.5947265625 0.718765625 0.6240234375 0.716315625 0.650390625 0.7109265625 0.6787109375 0.70210625 0.7119140625 0.6981875
14 0.4052734375 0.7123953125 0.439453125 0.709946875 0.4697265625 0.7084765625 0.484375 0.6947578125 0.4794921875 0.6834890625 0.474609375 0.6692796875 0.4697265625 0.656540625 0.44921875 0.6511515625000001 0.4267578125 0.6599703124999999 0.4052734375 0.665359375 0.3828125 0.67075 0.357421875 0.6741796875 0.33203125 0.6805484374999999 0.3017578125 0.68691875 0.2734375 0.6937781249999999 0.2509765625 0.7060265625000001 0.2607421875 0.71680625 0.291015625 0.7065171875 0.314453125 0.6986765625 0.3466796875 0.6923078125 0.375 0.6932875000000001 0.3544921875 0.7060265625000001 0.32421875 0.7128859375000001 0.3017578125 0.7177859375 0.28125 0.72954375 0.30078125 0.7359140625 0.326171875 0.72954375 0.34765625 0.725625 0.3828125 0.718765625 0.4052734375 0.7123953125
15 0.4638671875 0.7560015625000001 0.498046875 0.7520828125000001 0.5224609375 0.74424375 0.525390625 0.72954375 0.5 0.723175 0.5107421875 0.7109265625 0.4970703125 0.7011265625 0.4716796875 0.697696875 0.4462890625 0.7084765625 0.4267578125 0.716315625 0.408203125 0.7241546875 0.388671875 0.7315046875 0.3671875 0.7378734375 0.341796875 0.7447328125 0.32421875 0.7560015625000001 0.322265625 0.771190625 0.3447265625 0.7599218750000001 0.3701171875 0.7535515625 0.3955078125 0.7471828125 0.421875 0.7486531249999999 0.392578125 0.7613921875 0.361328125 0.771190625 0.341796875 0.7751109375 0.357421875 0.78441875 0.388671875 0.7775593749999999 0.41796875 0.77168125 0.439453125 0.7633515625 0.4638671875 0.7560015625000001
16 0.470703125 0.8388046875 0.494140625 0.835375 0.498046875 0.8162671874999999 0.5126953125 0.803528125 0.5302734375 0.79421875 0.54296875 0.7814796875 0.54296875 0.7677609375000001 0.5185546875 0.7653109375 0.5029296875 0.7545328125 0.482421875 0.751103125 0.458984375 0.7535515625 0.44140625 0.7672703125 0.42578125 0.7814796875 0.41796875 0.7932390625 0.4111328125 0.8064671875 0.416015625 0.82655625 0.4365234375 0.8138171875 0.4580078125 0.809896875 0.458984375 0.8226359375 0.470703125 0.8388046875
17 0.611328125 0.6374328125 0.58203125 0.6359625 0.560546875 0.6413515624999999 0.5361328125 0.64968125 0.5361328125 0.6643796875 0.5537109375 0.67711875 0.57421875 0.67711875 0.609375 0.6692796875 0.6328125 0.6629109375 0.662109375 0.6575203125 0.69921875 0.6501718750000001 0.734375 0.638903125 0.7236328125 0.6256734374999999 0.69140625 0.63204375 0.662109375 0.6349828125 0.6396484375 0.6369421875 0.611328125 0.6374328125
18 0.685546875 0.62224375 0.71875 0.618325 0.75390625 0.6080359375 0.7236328125 0.6050953125 0.6865234375 0.6075453125 0.65234375 0.6080359375 0.619140625 0.6075453125 0.591796875 0.6031359375 0.5693359375 0.6026453125 0.5478515625 0.606565625 0.525390625 0.6158750000000001 0.517578125 0.6310625 0.5361328125 0.6413515624999999 0.556640625 0.6447812500000001 0.5859375 0.6398828125 0.611328125 0.6335124999999999 0.6494140625 0.6281234375 0.685546875 0.62224375
19 0.66796875 0.6050953125 0.6962890625 0.6011765625 0.734375 0.5938265625 0.767578125 0.5845171875 0.720703125 0.5810875 0.677734375 0.5781484375 0.634765625 0.5737390625 0.591796875 0.56981875 0.55859375 0.57226875 0.5302734375 0.57226875 0.5029296875 0.5810875 0.4814453125 0.599215625 0.505859375 0.606565625 0.5283203125 0.6139140624999999 0.560546875 0.611465625 0.5986328125 0.6080359375 0.625 0.6055859375 0.66796875 0.6050953125
20 0.6376953125 0.5629593749999999 0.6708984375 0.558059375 0.7080078125 0.5463015625 0.6572265625 0.5467906250000001 0.607421875 0.5463015625 0.5693359375 0.5463015625 0.54296875 0.5453203125 0.5048828125 0.5482609375 0.4716796875 0.5590390625 0.4775390625 0.5737390625 0.5 0.5801078125 0.53125 0.5781484375 0.560546875 0.56981875 0.5966796875 0.5658984375 0.6376953125 0.5629593749999999
21 0.552734375 0.516903125 0.517578125 0.51494375 0.484375 0.510534375 0.4560546875 0.5120046874999999 0.44921875 0.5296421875 0.451171875 0.542871875 0.4736328125 0.5507109375 0.5029296875 0.549240625 0.533203125 0.5438515625 0.55859375 0.53748125 0.5888671875 0.5360125 0.6279296875 0.5335625 0.66796875 0.5296421875 0.68359375 0.514453125 0.6474609375 0.514453125 0.615234375 0.51739375 0.58203125 0.516903125 0.552734375 0.516903125
22 0.5478515625 0.4728078125 0.5126953125 0.4728078125 0.4775390625 0.4713375 0.44921875 0.4723171875 0.4443359375 0.48407656250000003 0.447265625 0.4958359375 0.4541015625 0.510534375 0.4892578125 0.510534375 0.5146484375 0.505634375 0.54296875 0.4997546875 0.57421875 0.4958359375 0.611328125 0.49289531249999996 0.6494140625 0.49289531249999996 0.666015625 0.4791765625 0.634765625 0.4747671875 0.6064453125 0.4747671875 0.5732421875 0.4728078125 0.5478515625 0.4728078125
30 0.55078125 0.44439062500000004 0.5205078125 0.439490625 0.4921875 0.43655 0.466796875 0.43899999999999995 0.4521484375 0.45320937499999997 0.45703125 0.46643749999999995 0.4765625 0.47035781249999997 0.5048828125 0.47035781249999997 0.52734375 0.46986718749999995 0.5537109375 0.4659484375 0.5810546875 0.46496875 0.6123046875 0.46496875 0.640625 0.4683984375 0.662109375 0.4610484375 0.6376953125 0.45075937499999996 0.607421875 0.448309375 0.5810546875 0.44585937500000006 0.55078125 0.44439062500000004
29 0.6708984375 0.43018124999999996 0.6982421875 0.4174421875 0.64453125 0.4125421875 0.5966796875 0.409603125 0.5654296875 0.40715312499999995 0.5361328125 0.4012734375 0.5146484375 0.403234375 0.490234375 0.4061734375 0.4697265625 0.4140125 0.478515625 0.42626093750000005 0.4970703125 0.4341015625 0.5234375 0.4404703125 0.560546875 0.443409375 0.5966796875 0.4409609375 0.626953125 0.43899999999999995 0.6708984375 0.43018124999999996
23 0.6201171875 0.381675 0.58984375 0.3782453125 0.5634765625 0.37530625 0.5361328125 0.3674671875 0.515625 0.37432656249999996 0.5146484375 0.387065625 0.517578125 0.39735468749999997 0.5302734375 0.40764374999999997 0.548828125 0.4135234375 0.5732421875 0.41499218750000005 0.6015625 0.4125421875 0.6298828125 0.41009375 0.6728515625 0.40715312499999995 0.7060546875 0.41156249999999994 0.716796875 0.402253125 0.6982421875 0.3949046875 0.677734375 0.3904953125 0.650390625 0.3860859375 0.6201171875 0.381675
24 0.6279296875 0.347378125 0.5966796875 0.343459375 0.5615234375 0.338559375 0.53125 0.3370890625 0.5146484375 0.3463984375 0.5185546875 0.361096875 0.5390625 0.368446875 0.564453125 0.3806953125 0.5947265625 0.3860859375 0.6298828125 0.3831453125 0.65234375 0.3782453125 0.6865234375 0.37775625 0.720703125 0.3806953125 0.7421875 0.3694265625 0.7119140625 0.3625671875 0.6806640625 0.354728125 0.65234375 0.349828125 0.6279296875 0.347378125
25 0.619140625 0.30034375 0.59375 0.2964234375 0.5556640625 0.3042625 0.541015625 0.31553125 0.5283203125 0.3268 0.552734375 0.33610937500000004 0.57421875 0.3375796875 0.5947265625 0.341009375 0.6171875 0.3424796875 0.64453125 0.34394843750000004 0.6708984375 0.34394843750000004 0.7041015625 0.3400296875 0.728515625 0.333659375 0.736328125 0.3219015625 0.7080078125 0.3145515625 0.6787109375 0.3106328125 0.6474609375 0.3067125 0.619140625 0.30034375
26 0.76953125 0.292503125 0.7392578125 0.2871140625 0.7080078125 0.2822140625 0.685546875 0.2758453125 0.6630859375 0.2645765625 0.6376953125 0.26065625 0.6064453125 0.25820625 0.5966796875 0.262615625 0.58203125 0.2738859375 0.5712890625 0.2851546875 0.5947265625 0.2939734375 0.626953125 0.299853125 0.6572265625 0.299853125 0.693359375 0.3018125 0.7314453125 0.3042625 0.76953125 0.292503125
27 0.810546875 0.27339531250000004 0.78515625 0.25820625 0.759765625 0.2464484375 0.7333984375 0.240078125 0.7109375 0.237628125 0.6982421875 0.2479171875 0.6728515625 0.25575625 0.673828125 0.2670265625 0.6982421875 0.276825 0.7314453125 0.2846640625 0.7578125 0.288584375 0.7822265625 0.292503125 0.8251953125 0.2876046875 0.810546875 0.27339531250000004
28 0.484375 0.25575625 0.509765625 0.24693749999999998 0.5234375 0.2346890625 0.505859375 0.222440625 0.4853515625 0.2160703125 0.4716796875 0.2048015625 0.44921875 0.1945125 0.4287109375 0.1891234375 0.408203125 0.181284375 0.41015625 0.1945125 0.4384765625 0.21068125000000001 0.421875 0.22195 0.408203125 0.21215156249999997 0.3798828125 0.192553125 0.3681640625 0.20333125000000002 0.3876953125 0.21999062500000002 0.4033203125 0.2327296875 0.4208984375 0.2464484375 0.431640625 0.2567375 0.4560546875 0.2640859375 0.484375 0.25575625
0 0.42578125 0.3076921875 0.4462890625 0.32043125 0.47265625 0.3189609375 0.4921875 0.3067125 0.5029296875 0.2915234375 0.5078125 0.278784375 0.4892578125 0.27045625 0.4521484375 0.2645765625 0.41796875 0.2577171875 0.3935546875 0.2479171875 0.3671875 0.24301875 0.3447265625 0.24105781249999997 0.314453125 0.236159375 0.2841796875 0.23517812500000002 0.291015625 0.24889687500000002 0.3046875 0.26310625 0.3291015625 0.27192500000000003 0.3544921875 0.2846640625 0.375 0.29544375 0.400390625 0.299853125 0.42578125 0.3076921875
1 0.32421875 0.3463984375 0.349609375 0.3512984375 0.375 0.35766718750000004 0.4013671875 0.3650171875 0.4287109375 0.37138593750000004 0.451171875 0.36893750000000003 0.4599609375 0.3537484375 0.4638671875 0.3400296875 0.46875 0.3268 0.451171875 0.31553125 0.4287109375 0.3125921875 0.3955078125 0.3081828125 0.3720703125 0.3042625 0.341796875 0.29789374999999996 0.314453125 0.291034375 0.279296875 0.2846640625 0.2509765625 0.288584375 0.279296875 0.3013234375 0.3037109375 0.306221875 0.33203125 0.31553125 0.3603515625 0.327290625 0.322265625 0.327290625 0.296875 0.3219015625 0.2705078125 0.31308125000000003 0.2421875 0.3052421875 0.2177734375 0.3145515625 0.2431640625 0.3268 0.2685546875 0.332190625 0.2958984375 0.3419890625 0.32421875 0.3463984375