2 0.6142578125 0.24301875 0.607421875 0.2567375 0.5966796875 0.26555625 0.5966796875 0.277315625 0.6220703125 0.2871140625 0.640625 0.2876046875 0.66796875 0.2846640625 0.6982421875 0.2871140625 0.7373046875 0.2846640625 0.767578125 0.276825 0.724609375 0.2621265625 0.69140625 0.2528171875 0.6630859375 0.2439984375 0.6328125 0.24301875 0.6142578125 0.24301875
3 0.337890625 0.6158750000000001 0.314453125 0.6232234375 0.2890625 0.62714375 0.2587890625 0.6349828125 0.232421875 0.647721875 0.21484375 0.6575203125 0.22265625 0.6692796875 0.248046875 0.6599703124999999 0.2763671875 0.6550703125 0.314453125 0.6511515625000001 0.3505859375 0.6408625 0.3935546875 0.6325328125 0.431640625 0.6344921875 0.4345703125 0.6232234375 0.42578125 0.6055859375 0.40625 0.5952968750000001 0.380859375 0.601665625 0.3623046875 0.6095046875000001 0.337890625 0.6158750000000001
4 0.33984375 0.5732484375 0.3193359375 0.5786374999999999 0.291015625 0.5801078125 0.255859375 0.5859875 0.22265625 0.5903968749999999 0.1953125 0.597746875 0.1875 0.6095046875000001 0.21484375 0.6080359375 0.240234375 0.6050953125 0.265625 0.604115625 0.30078125 0.6026453125 0.349609375 0.601665625 0.3876953125 0.6031359375 0.4111328125 0.599215625 0.4140625 0.5850078125 0.408203125 0.57471875 0.3876953125 0.5668796875 0.365234375 0.5683484375 0.33984375 0.5732484375
5 0.2919921875 0.5350312500000001 0.25390625 0.5389515625 0.224609375 0.549240625 0.173828125 0.560509375 0.1767578125 0.57226875 0.2080078125 0.5737390625 0.2451171875 0.5737390625 0.283203125 0.57226875 0.322265625 0.5707984374999999 0.36328125 0.5683484375 0.40625 0.561 0.439453125 0.5526703125 0.423828125 0.5414015625 0.388671875 0.53748125 0.357421875 0.5350312500000001 0.32421875 0.5340515625 0.2919921875 0.5350312500000001
6 0.3828125 0.508575 0.35546875 0.5110234375 0.32421875 0.5120046874999999 0.291015625 0.5120046874999999 0.2607421875 0.5134734375 0.232421875 0.5134734375 0.2099609375 0.5208234375 0.2333984375 0.5262125 0.2587890625 0.5286625 0.283203125 0.5286625 0.3095703125 0.5301328125 0.341796875 0.5335625 0.373046875 0.5340515625 0.408203125 0.5365015625 0.4306640625 0.5365015625 0.43359375 0.52229375 0.4267578125 0.5080843749999999 0.4013671875 0.508575 0.3828125 0.508575
7 0.3193359375 0.4904453125 0.2919921875 0.49289531249999996 0.2607421875 0.4977953125 0.2373046875 0.503184375 0.2275390625 0.51249375 0.2587890625 0.5095546875 0.283203125 0.5095546875 0.3095703125 0.5095546875 0.341796875 0.5071046875 0.3798828125 0.506125 0.41796875 0.508575 0.4306640625 0.498284375 0.421875 0.48407656250000003 0.3955078125 0.48407656250000003 0.3720703125 0.48652656250000004 0.3447265625 0.4889765625 0.3193359375 0.4904453125
8 0.2578125 0.4723171875 0.232421875 0.47427656249999994 0.2451171875 0.485546875 0.2705078125 0.48505624999999997 0.30078125 0.485546875 0.33984375 0.485546875 0.3798828125 0.48652656250000004 0.408203125 0.48505624999999997 0.4111328125 0.4674171875 0.392578125 0.46202812499999996 0.365234375 0.46496875 0.33984375 0.46986718749999995 0.314453125 0.46986718749999995 0.2880859375 0.4723171875 0.2578125 0.4723171875
9 0.298828125 0.443409375 0.255859375 0.443409375 0.224609375 0.45075937499999996 0.2255859375 0.46202812499999996 0.2607421875 0.4639875 0.2861328125 0.4634984375 0.322265625 0.46496875 0.3671875 0.4713375 0.41015625 0.4713375 0.4306640625 0.4683984375 0.44140625 0.457128125 0.431640625 0.44439062500000004 0.4033203125 0.443409375 0.373046875 0.4453703125 0.341796875 0.443409375 0.298828125 0.443409375
10 0.3017578125 0.4086234375 0.265625 0.40764374999999997 0.2255859375 0.40519375 0.189453125 0.404703125 0.1865234375 0.41891249999999997 0.2080078125 0.4243015625 0.2333984375 0.4292015625 0.2666015625 0.43459062499999995 0.326171875 0.439490625 0.3828125 0.443409375 0.41796875 0.4409609375 0.4384765625 0.4331203125 0.4267578125 0.4179328125 0.390625 0.41156249999999994 0.3701171875 0.4135234375 0.337890625 0.4135234375 0.3017578125 0.4086234375
11 0.33984375 0.37922656250000003 0.3095703125 0.3782453125 0.275390625 0.373346875 0.2451171875 0.36893750000000003 0.220703125 0.375796875 0.220703125 0.3860859375 0.248046875 0.390984375 0.28125 0.3949046875 0.30859375 0.39882343750000004 0.337890625 0.402253125 0.373046875 0.4086234375 0.3984375 0.41499218750000005 0.4267578125 0.404703125 0.43359375 0.3919640625 0.4189453125 0.3782453125 0.3974609375 0.3782453125 0.3701171875 0.37922656250000003 0.33984375 0.37922656250000003
12 0.3857421875 0.341009375 0.35546875 0.3370890625 0.3212890625 0.332190625 0.2861328125 0.3268 0.2529296875 0.32092187499999997 0.224609375 0.3258203125 0.23828125 0.3375796875 0.2685546875 0.347378125 0.2958984375 0.352278125 0.3291015625 0.3591375 0.3603515625 0.3650171875 0.3974609375 0.3767765625 0.421875 0.3806953125 0.44140625 0.375796875 0.44921875 0.361096875 0.4384765625 0.3463984375 0.408203125 0.343459375 0.3857421875 0.341009375
13 0.6240234375 0.283684375 0.5947265625 0.28123437500000004 0.5693359375 0.2871140625 0.5712890625 0.3013234375 0.5634765625 0.3106328125 0.5634765625 0.3258203125 0.5869140625 0.32925 0.6123046875 0.3282703125 0.63671875 0.32925 0.6650390625 0.3307203125 0.703125 0.3307203125 0.7373046875 0.3282703125 0.74609375 0.3145515625 0.7119140625 0.3018125 0.6787109375 0.29789374999999996 0.650390625 0.28907343750000003 0.6240234375 0.283684375
14 0.3828125 0.32925 0.4052734375 0.33464062499999997 0.4267578125 0.3400296875 0.44921875 0.3488484375 0.4697265625 0.343459375 0.474609375 0.3307203125 0.4794921875 0.31651093750000003 0.484375 0.3052421875 0.4697265625 0.2915234375 0.439453125 0.29005312499999997 0.4052734375 0.2876046875 0.3828125 0.28123437500000004 0.34765625 0.274375 0.326171875 0.27045625 0.30078125 0.2640859375 0.28125 0.27045625 0.3017578125 0.2822140625 0.32421875 0.2871140625 0.3544921875 0.2939734375 0.375 0.3067125 0.3466796875 0.3076921875 0.314453125 0.3013234375 0.291015625 0.2934828125 0.2607421875 0.28319375 0.2509765625 0.2939734375 0.2734375 0.306221875 0.3017578125 0.31308125000000003 0.33203125 0.3194515625 0.357421875 0.3258203125 0.3828125 0.32925
15 0.4462890625 0.2915234375 0.4716796875 0.302303125 0.4970703125 0.2988734375 0.5107421875 0.28907343750000003 0.5 0.276825 0.525390625 0.27045625 0.5224609375 0.25575625 0.498046875 0.2479171875 0.4638671875 0.2439984375 0.439453125 0.23664843750000003 0.41796875 0.22831875 0.388671875 0.222440625 0.357421875 0.21558125 0.341796875 0.22488906250000001 0.361328125 0.22880937499999998 0.392578125 0.23860781250000002 0.421875 0.25134687499999997 0.3955078125 0.2528171875 0.3701171875 0.2464484375 0.3447265625 0.240078125 0.322265625 0.22880937499999998 0.32421875 0.2439984375 0.341796875 0.2552671875 0.3671875 0.2621265625 0.388671875 0.26849531249999997 0.408203125 0.2758453125 0.4267578125 0.283684375 0.4462890625 0.2915234375
16 0.470703125 0.16119531250000002 0.458984375 0.1773640625 0.4580078125 0.19010312499999998 0.4365234375 0.1861828125 0.416015625 0.17344375 0.4111328125 0.1935328125 0.41796875 0.2067609375 0.42578125 0.2185203125 0.44140625 0.2327296875 0.458984375 0.2464484375 0.482421875 0.24889687500000002 0.5029296875 0.2454671875 0.5185546875 0.2346890625 0.54296875 0.2322390625 0.54296875 0.2185203125 0.5302734375 0.20578124999999997 0.5126953125 0.19647187500000002 0.498046875 0.1837328125 0.494140625 0.164625 0.470703125 0.16119531250000002
17 0.69140625 0.36795625 0.7236328125 0.37432656249999996 0.734375 0.361096875 0.69921875 0.349828125 0.662109375 0.3424796875 0.6328125 0.3370890625 0.609375 0.3307203125 0.57421875 0.32288125 0.5537109375 0.32288125 0.5361328125 0.3356203125 0.5361328125 0.35031875 0.560546875 0.3586484375 0.58203125 0.3640375 0.611328125 0.3625671875 0.6396484375 0.3630578125 0.662109375 0.3650171875 0.69140625 0.36795625
18 0.611328125 0.36648749999999997 0.5859375 0.3601171875 0.556640625 0.35521875 0.5361328125 0.3586484375 0.517578125 0.36893750000000003 0.525390625 0.384125 0.5478515625 0.393434375 0.5693359375 0.39735468749999997 0.591796875 0.3968640625 0.619140625 0.3924546875 0.65234375 0.3919640625 0.6865234375 0.3924546875 0.7236328125 0.3949046875 0.75390625 0.3919640625 0.71875 0.381675 0.685546875 0.37775625 0.6494140625 0.3718765625 0.611328125 0.36648749999999997
19 0.5986328125 0.3919640625 0.560546875 0.388534375 0.5283203125 0.3860859375 0.505859375 0.393434375 0.4814453125 0.400784375 0.5029296875 0.41891249999999997 0.5302734375 0.42773125 0.55859375 0.42773125 0.591796875 0.43018124999999996 0.634765625 0.42626093750000005 0.677734375 0.4218515625 0.720703125 0.41891249999999997 0.767578125 0.41548281249999997 0.734375 0.4061734375 0.6962890625 0.39882343750000004 0.66796875 0.3949046875 0.625 0.3944140625 0.5986328125 0.3919640625
20 0.4775390625 0.42626093750000005 0.4716796875 0.4409609375 0.5048828125 0.4517390625 0.54296875 0.4546796875 0.5693359375 0.45369843750000005 0.607421875 0.45369843750000005 0.6572265625 0.45320937499999997 0.7080078125 0.45369843750000005 0.6708984375 0.441940625 0.6376953125 0.437040625 0.5966796875 0.4341015625 0.560546875 0.43018124999999996 0.53125 0.4218515625 0.5 0.4198921875 0.4775390625 0.42626093750000005
21 0.615234375 0.48260625 0.6474609375 0.485546875 0.68359375 0.485546875 0.66796875 0.47035781249999997 0.6279296875 0.46643749999999995 0.5888671875 0.4639875 0.55859375 0.46251875 0.533203125 0.4561484375 0.5029296875 0.45075937499999996 0.4736328125 0.4492890625 0.451171875 0.457128125 0.44921875 0.47035781249999997 0.4560546875 0.4879953125 0.484375 0.48946562499999996 0.517578125 0.48505624999999997 0.552734375 0.48309687500000004 0.58203125 0.48309687500000004 0.615234375 0.48260625
22 0.6064453125 0.5252328125 0.634765625 0.5252328125 0.666015625 0.5208234375 0.6494140625 0.5071046875 0.611328125 0.5071046875 0.57421875 0.5041640625 0.54296875 0.5002453124999999 0.5146484375 0.49436562500000003 0.4892578125 0.48946562499999996 0.4541015625 0.48946562499999996 0.447265625 0.5041640625 0.4443359375 0.5159234374999999 0.44921875 0.5276828124999999 0.4775390625 0.5286625 0.5126953125 0.5271921875000001 0.5478515625 0.5271921875000001 0.5732421875 0.5271921875000001 0.6064453125 0.5252328125
30 0.607421875 0.551690625 0.6376953125 0.549240625 0.662109375 0.5389515625 0.640625 0.5316015625 0.6123046875 0.5350312500000001 0.5810546875 0.5350312500000001 0.5537109375 0.5340515625 0.52734375 0.5301328125 0.5048828125 0.5296421875 0.4765625 0.5296421875 0.45703125 0.5335625 0.4521484375 0.5467906250000001 0.466796875 0.561 0.4921875 0.56345 0.5205078125 0.560509375 0.55078125 0.555609375 0.5810546875 0.5541406249999999 0.607421875 0.551690625
29 0.5234375 0.5595296875 0.4970703125 0.5658984375 0.478515625 0.5737390625 0.4697265625 0.5859875 0.490234375 0.5938265625 0.5146484375 0.596765625 0.5361328125 0.5987265625 0.5654296875 0.592846875 0.5966796875 0.5903968749999999 0.64453125 0.5874578125000001 0.6982421875 0.5825578124999999 0.6708984375 0.56981875 0.626953125 0.561 0.5966796875 0.5590390625 0.560546875 0.556590625 0.5234375 0.5595296875
23 0.650390625 0.6139140624999999 0.677734375 0.6095046875000001 0.6982421875 0.6050953125 0.716796875 0.597746875 0.7060546875 0.5884375000000001 0.6728515625 0.592846875 0.6298828125 0.5899062500000001 0.6015625 0.5874578125000001 0.5732421875 0.5850078125 0.548828125 0.5864765625 0.5302734375 0.59235625 0.517578125 0.6026453125 0.5146484375 0.612934375 0.515625 0.6256734374999999 0.5361328125 0.6325328125 0.5634765625 0.6246937499999999 0.58984375 0.6217546875 0.6201171875 0.618325 0.650390625 0.6139140624999999
24 0.6806640625 0.6452718749999999 0.7119140625 0.6374328125 0.7421875 0.6305734375000001 0.720703125 0.6193046875 0.6865234375 0.62224375 0.65234375 0.6217546875 0.6298828125 0.6168546874999999 0.5947265625 0.6139140624999999 0.564453125 0.6193046875 0.5390625 0.631553125 0.5185546875 0.638903125 0.5146484375 0.6536015625 0.53125 0.6629109375 0.5615234375 0.661440625 0.5966796875 0.656540625 0.6279296875 0.652621875 0.65234375 0.6501718750000001 0.6806640625 0.6452718749999999
25 0.6787109375 0.6893671875 0.7080078125 0.6854484375000001 0.736328125 0.6780984375 0.728515625 0.666340625 0.7041015625 0.6599703124999999 0.6708984375 0.6560515625 0.64453125 0.6560515625 0.6171875 0.6575203125 0.5947265625 0.658990625 0.57421875 0.6624203125 0.552734375 0.663890625 0.5283203125 0.6732 0.541015625 0.68446875 0.5556640625 0.6957375 0.59375 0.7035765625 0.619140625 0.6996578125 0.6474609375 0.6932875000000001 0.6787109375 0.6893671875
26 0.626953125 0.700146875 0.5947265625 0.7060265625000001 0.5712890625 0.7148453124999999 0.58203125 0.7261140625 0.5966796875 0.737384375 0.6064453125 0.74179375 0.6376953125 0.73934375 0.6630859375 0.7354234374999999 0.685546875 0.7241546875 0.7080078125 0.7177859375 0.7392578125 0.7128859375000001 0.76953125 0.707496875 0.7314453125 0.6957375 0.693359375 0.6981875 0.6572265625 0.700146875 0.626953125 0.700146875
27 0.673828125 0.7329734375 0.6728515625 0.74424375 0.6982421875 0.7520828125000001 0.7109375 0.762371875 0.7333984375 0.7599218750000001 0.759765625 0.7535515625 0.78515625 0.74179375 0.810546875 0.7266046875 0.8251953125 0.7123953125 0.7822265625 0.707496875 0.7578125 0.711415625 0.7314453125 0.7153359375 0.6982421875 0.723175 0.673828125 0.7329734375
28 0.509765625 0.7530625 0.484375 0.74424375 0.4560546875 0.7359140625 0.431640625 0.7432624999999999 0.4208984375 0.7535515625 0.4033203125 0.7672703125 0.3876953125 0.780009375 0.3681640625 0.79666875 0.3798828125 0.8074468749999999 0.408203125 0.7878484375 0.421875 0.77805 0.4384765625 0.78931875 0.41015625 0.8054874999999999 0.408203125 0.818715625 0.4287109375 0.8108765625000001 0.44921875 0.8054874999999999 0.4716796875 0.7951984375000001 0.4853515625 0.7839296874999999 0.505859375 0.7775593749999999 0.5234375 0.7653109375 0.509765625 0.7530625
0 0.4462890625 0.6795687499999999 0.42578125 0.6923078125 0.400390625 0.700146875 0.375 0.70455625 0.3544921875 0.7153359375 0.3291015625 0.728075 0.3046875 0.73689375 0.291015625 0.751103125 0.2841796875 0.764821875 0.314453125 0.763840625 0.3447265625 0.7589421875 0.3671875 0.75698125 0.3935546875 0.7520828125000001 0.41796875 0.7422828124999999 0.4521484375 0.7354234374999999 0.4892578125 0.72954375 0.5078125 0.7212156249999999 0.5029296875 0.7084765625 0.4921875 0.6932875000000001 0.47265625 0.6810390625 0.4462890625 0.6795687499999999
1 0.4287109375 0.6874078124999999 0.451171875 0.68446875 0.46875 0.6732 0.4638671875 0.6599703124999999 0.4599609375 0.6462515625 0.451171875 0.6310625 0.4287109375 0.6286140625 0.4013671875 0.6349828125 0.375 0.6423328125000001 0.349609375 0.6487015625 0.32421875 0.6536015625 0.2958984375 0.6580109375000001 0.2685546875 0.667809375 0.2431640625 0.6732 0.2177734375 0.6854484375000001 0.2421875 0.6947578125 0.2705078125 0.68691875 0.296875 0.6780984375 0.322265625 0.6727093749999999 0.3603515625 0.6727093749999999 0.33203125 0.68446875 0.3037109375 0.6937781249999999 0.279296875 0.6986765625 0.2509765625 0.711415625 0.279296875 0.7153359375 0.314453125 0.708965625 0.341796875 0.70210625 0.3720703125 0.6957375 0.3955078125 0.6918171875 0.4287109375 0.6874078124999999