16 0.08321406249999999 0.5224609375 0.07101874999999999 0.5087890625 0.0494984375 0.515625 0.0222375 0.521484375 0.013629687500000001 0.5537109375 0.0215203125 0.5830078125 0.030846875000000003 0.609375 0.0459109375 0.6220703125 0.06312812500000001 0.62109375 0.0767578125 0.607421875 0.0903875 0.58984375 0.101865625 0.5791015625 0.0868 0.568359375 0.0796265625 0.54296875 0.08321406249999999 0.5224609375
15 0.1456234375 0.693359375 0.15495 0.6767578125 0.15495 0.6572265625 0.1456234375 0.6376953125 0.1312765625 0.630859375 0.127690625 0.6103515625 0.1154953125 0.6064453125 0.10258281250000001 0.59765625 0.0896703125 0.6005859375 0.0753234375 0.6162109375 0.06886718750000001 0.634765625 0.059540625 0.65234375 0.0509328125 0.6748046875 0.0588234375 0.701171875 0.069584375 0.6845703125 0.08608281250000001 0.6875 0.08608281250000001 0.7041015625 0.077475 0.7275390625 0.0925390625 0.734375 0.114778125 0.7177734375 0.13271093750000001 0.701171875 0.1456234375 0.693359375
14 0.16140625 0.7724609375 0.1585359375 0.7880859375 0.17216718749999999 0.796875 0.1893828125 0.775390625 0.2037296875 0.7509765625 0.215925 0.7265625 0.2195125 0.7041015625 0.22883749999999997 0.6875 0.24390312500000003 0.6708984375 0.256096875 0.650390625 0.263271875 0.6328125 0.263271875 0.6162109375 0.249640625 0.6015625 0.2360109375 0.609375 0.22238125000000003 0.609375 0.2137734375 0.5908203125 0.195121875 0.5869140625 0.1814921875 0.587890625 0.1671453125 0.6044921875 0.16642812499999998 0.626953125 0.16140625 0.6484375 0.1585359375 0.6650390625 0.1520796875 0.6806640625 0.1456234375 0.697265625 0.13558125000000001 0.71484375 0.127690625 0.7333984375 0.1248203125 0.7529296875 0.1413203125 0.7607421875 0.1520796875 0.740234375 0.16140625 0.71484375 0.1736015625 0.6982421875 0.1879484375 0.6875 0.19153437499999998 0.7060546875 0.182209375 0.734375 0.1736015625 0.7509765625 0.16140625 0.7724609375
12 0.3005734375 0.7353515625 0.3063125 0.7177734375 0.3120515625 0.6982421875 0.3235296875 0.6787109375 0.3285515625 0.6591796875 0.3235296875 0.6396484375 0.308465625 0.634765625 0.29411718750000004 0.6337890625 0.281921875 0.6220703125 0.2682921875 0.625 0.2510765625 0.6328125 0.2474890625 0.66015625 0.246771875 0.6806640625 0.23242500000000002 0.7041015625 0.2202296875 0.7255859375 0.237446875 0.72265625 0.25896718750000003 0.70703125 0.27403125 0.7041015625 0.285509375 0.7177734375 0.2876609375 0.736328125 0.28837812500000004 0.763671875 0.3005734375 0.7353515625
12 0.2553796875 0.822265625 0.262553125 0.802734375 0.27187968749999997 0.787109375 0.2812046875 0.7724609375 0.29555312499999997 0.7548828125 0.291965625 0.7373046875 0.2804875 0.72265625 0.263271875 0.716796875 0.250359375 0.71484375 0.23385937499999998 0.7255859375 0.22812031250000003 0.7470703125 0.22596875 0.7724609375 0.2216640625 0.794921875 0.214490625 0.818359375 0.23385937499999998 0.8017578125 0.24175 0.7822265625 0.253228125 0.7646484375 0.2474890625 0.798828125 0.24031562499999998 0.822265625 0.24390312500000003 0.8408203125 0.2553796875 0.822265625
11 0.3665703125 0.7353515625 0.36441875 0.71484375 0.3665703125 0.7001953125 0.3701578125 0.6767578125 0.370875 0.662109375 0.3522234375 0.6552734375 0.3342890625 0.658203125 0.3220953125 0.646484375 0.3149203125 0.6640625 0.31563906249999996 0.681640625 0.3149203125 0.697265625 0.3063125 0.7138671875 0.2991390625 0.7353515625 0.319225 0.7216796875 0.33285468749999997 0.716796875 0.3493546875 0.7333984375 0.3543765625 0.7509765625 0.3558109375 0.7724609375 0.36800625 0.7626953125 0.3665703125 0.7353515625
11 0.3027265625 0.8544921875 0.317790625 0.84375 0.3235296875 0.8271484375 0.3299859375 0.810546875 0.3407453125 0.79296875 0.352940625 0.7763671875 0.3572453125 0.759765625 0.350071875 0.744140625 0.3364421875 0.71875 0.3149203125 0.7216796875 0.30344375 0.7294921875 0.2977046875 0.74609375 0.2934 0.763671875 0.2862265625 0.7822265625 0.2804875 0.8056640625 0.2747484375 0.828125 0.28694375 0.8310546875 0.2934 0.8134765625 0.2991390625 0.7978515625 0.31276875 0.7900390625 0.3099 0.814453125 0.3027265625 0.8330078125 0.3027265625 0.8544921875
10 0.359396875 0.8642578125 0.350071875 0.8818359375 0.340028125 0.8994140625 0.33213750000000003 0.919921875 0.3364421875 0.9375 0.35509375 0.91796875 0.369440625 0.9013671875 0.3794828125 0.880859375 0.39239531250000004 0.857421875 0.40674374999999996 0.8349609375 0.4103296875 0.8115234375 0.39813437500000004 0.7958984375 0.3895265625 0.771484375 0.369440625 0.7734375 0.3572453125 0.7802734375 0.34504999999999997 0.7978515625 0.33142031250000004 0.8173828125 0.3249640625 0.8388671875 0.319225 0.861328125 0.31276875 0.8818359375 0.30344375 0.9033203125 0.304878125 0.9228515625 0.317790625 0.916015625 0.3285515625 0.8984375 0.33787656250000003 0.876953125 0.346484375 0.85546875 0.3651359375 0.8408203125 0.359396875 0.8642578125
10 0.4053078125 0.6748046875 0.388809375 0.6728515625 0.375896875 0.6748046875 0.3701578125 0.6943359375 0.3672890625 0.712890625 0.369440625 0.7333984375 0.3715921875 0.7490234375 0.3730265625 0.76953125 0.39024375 0.765625 0.3988515625 0.7841796875 0.40172187499999995 0.7685546875 0.4038734375 0.7470703125 0.4053078125 0.7265625 0.41319999999999996 0.7001953125 0.4053078125 0.6748046875
9 0.46341406249999995 0.7021484375 0.46197968749999996 0.681640625 0.44189375000000003 0.6806640625 0.4261125 0.6875 0.41965624999999995 0.7099609375 0.4167859375 0.7265625 0.417503125 0.7470703125 0.417503125 0.7724609375 0.41893906249999996 0.794921875 0.41965624999999995 0.8232421875 0.4361546875 0.8427734375 0.45337187500000004 0.822265625 0.45624062500000007 0.798828125 0.45624062500000007 0.77734375 0.45695781249999995 0.7548828125 0.46269687499999995 0.73046875 0.46341406249999995 0.7021484375
8 0.505021875 0.7109375 0.5021515625 0.69140625 0.4813484375 0.6875 0.46628437500000003 0.6923828125 0.46413125 0.708984375 0.46628437500000003 0.7314453125 0.46915312499999995 0.7548828125 0.47130625000000004 0.78125 0.47489218749999995 0.802734375 0.47489218749999995 0.8271484375 0.4870875 0.84375 0.494978125 0.8271484375 0.49784843749999996 0.806640625 0.49784843749999996 0.7841796875 0.5 0.7607421875 0.5021515625 0.736328125 0.505021875 0.7109375
7 0.5430421875 0.712890625 0.5423250000000001 0.6923828125 0.5279765624999999 0.693359375 0.514346875 0.693359375 0.50286875 0.697265625 0.50645625 0.72265625 0.5071734375 0.740234375 0.509325 0.7587890625 0.514346875 0.7763671875 0.5236734375000001 0.794921875 0.5279765624999999 0.8193359375 0.5430421875 0.83203125 0.55451875 0.8173828125 0.553084375 0.798828125 0.54878125 0.7763671875 0.546628125 0.7548828125 0.5459109375 0.734375 0.5430421875 0.712890625
6 0.588953125 0.7333984375 0.5860828125 0.7060546875 0.5767578125 0.6865234375 0.560975 0.6875 0.5451937499999999 0.6923828125 0.5459109375 0.708984375 0.54878125 0.7294921875 0.553084375 0.7490234375 0.560975 0.7685546875 0.5667140625 0.7880859375 0.5731703125000001 0.810546875 0.585365625 0.8359375 0.598278125 0.85546875 0.6104734374999999 0.8603515625 0.608321875 0.8369140625 0.6025828125 0.818359375 0.598278125 0.80078125 0.59325625 0.78125 0.5903875000000001 0.7548828125 0.588953125 0.7333984375
5 0.6284078125 0.7099609375 0.6269734375 0.685546875 0.6162124999999999 0.6845703125 0.6047343749999999 0.6875 0.5903875000000001 0.693359375 0.5903875000000001 0.71484375 0.598278125 0.7314453125 0.6025828125 0.7509765625 0.6054515625 0.7724609375 0.6133421875 0.7939453125 0.6197984375 0.8154296875 0.6334296875 0.822265625 0.63845 0.8056640625 0.63558125 0.7900390625 0.6348640624999999 0.7734375 0.63199375 0.755859375 0.6291249999999999 0.7353515625 0.6284078125 0.7099609375
5 0.679340625 0.88671875 0.6750359375 0.861328125 0.6700140625000001 0.8369140625 0.666428125 0.814453125 0.659971875 0.7880859375 0.6477765625 0.7763671875 0.6334296875 0.7685546875 0.6219515624999999 0.7685546875 0.608321875 0.7880859375 0.6018656250000001 0.8056640625 0.6076046875000001 0.8271484375 0.6140609375 0.8515625 0.6262546875 0.8681640625 0.6298421875 0.884765625 0.647059375 0.9189453125 0.6520796875 0.8984375 0.6463421874999999 0.87109375 0.6391671875 0.8310546875 0.649928125 0.8466796875 0.66140625 0.869140625 0.666428125 0.888671875 0.6757531250000001 0.9072265625 0.679340625 0.88671875
4 0.6908171875 0.7587890625 0.68723125 0.740234375 0.6850796875 0.7197265625 0.6857968750000001 0.697265625 0.6750359375 0.6806640625 0.66140625 0.67578125 0.649928125 0.6650390625 0.6420375 0.6796875 0.63845 0.701171875 0.6327109375 0.716796875 0.6441890625 0.7470703125 0.6542328125 0.7685546875 0.6736015625 0.8134765625 0.6779046875 0.8076171875 0.679340625 0.8056640625 0.6800578125000001 0.798828125 0.682209375 0.794921875 0.68723125 0.794921875 0.691534375 0.8076171875 0.7022953125 0.791015625 0.6908171875 0.7587890625
3 0.7474890624999999 0.7607421875 0.7424671875 0.7275390625 0.7395984375 0.708984375 0.740315625 0.69140625 0.7374468750000001 0.6728515625 0.7352937500000001 0.65625 0.7195125 0.6591796875 0.7022953125 0.6513671875 0.6908171875 0.6669921875 0.68723125 0.68359375 0.6944046875 0.7041015625 0.70014375 0.7236328125 0.720946875 0.7783203125 0.7266859375 0.7763671875 0.7281203125 0.7734375 0.7317078125 0.78125 0.7345765625 0.77734375 0.7381640625 0.7783203125 0.7395984375 0.775390625 0.7467718750000001 0.7802734375 0.7474890624999999 0.7607421875
1 0.8536578125000001 0.76953125 0.8586796874999999 0.7509765625 0.8486375 0.72265625 0.83859375 0.7021484375 0.8299859375 0.6796875 0.82568125 0.658203125 0.8185078125 0.634765625 0.8163562499999999 0.61328125 0.8070296875 0.591796875 0.789096875 0.59765625 0.7747484375 0.6044921875 0.7711625 0.62109375 0.7546625 0.62109375 0.7345765625 0.6259765625 0.7381640625 0.6484375 0.7460546875 0.6708984375 0.767575 0.6982421875 0.7783359375 0.716796875 0.785509375 0.7353515625 0.794834375 0.7568359375 0.807746875 0.78125 0.8228125000000001 0.8046875 0.8299859375 0.78515625 0.824246875 0.7607421875 0.814203125 0.740234375 0.8070296875 0.7197265625 0.81276875 0.7177734375 0.8170734375 0.7138671875 0.8263984375 0.7216796875 0.8378765625 0.7421875 0.8536578125000001 0.76953125
0 0.91606875 0.71484375 0.9124828125000001 0.6962890625 0.9074609375 0.6748046875 0.9038734375 0.654296875 0.9002874999999999 0.630859375 0.8880921875000001 0.6162109375 0.8766140625000001 0.609375 0.8608328125 0.6123046875 0.8493546875 0.6328125 0.833571875 0.6328125 0.8278328125 0.65234375 0.8299859375 0.66796875 0.8378765625 0.689453125 0.8493546875 0.705078125 0.8579625 0.7255859375 0.8658531249999999 0.7421875 0.8802015624999999 0.7470703125 0.878765625 0.7255859375 0.872309375 0.708984375 0.8637015625 0.685546875 0.878765625 0.6728515625 0.8923953125 0.689453125 0.91606875 0.71484375
28 0.8923953125 0.57421875 0.8823531250000001 0.59375 0.8672890625 0.6015625 0.898134375 0.615234375 0.9103296875 0.642578125 0.927546875 0.62890625 0.9375890625000001 0.6015625 0.94189375 0.5791015625 0.9397421874999999 0.5498046875 0.9253953125000001 0.5380859375 0.9002874999999999 0.537109375 0.8938312500000001 0.5576171875 0.8923953125 0.57421875
2 0.185796875 0.4228515625 0.1958390625 0.400390625 0.201578125 0.3740234375 0.19727343749999998 0.3544921875 0.1750359375 0.3173828125 0.1542328125 0.333984375 0.13629843749999998 0.345703125 0.121234375 0.3701171875 0.11979843750000001 0.38671875 0.1248203125 0.4072265625 0.130559375 0.4287109375 0.14203749999999998 0.44921875 0.1527984375 0.453125 0.17216718749999999 0.439453125 0.185796875 0.4228515625
13 0.18723125000000002 0.56640625 0.204446875 0.55859375 0.2195125 0.552734375 0.230271875 0.5322265625 0.23457656249999997 0.4853515625 0.243184375 0.4453125 0.24605468749999998 0.4091796875 0.249640625 0.384765625 0.227403125 0.3681640625 0.20301249999999998 0.3740234375 0.19297031250000002 0.4208984375 0.1786234375 0.4521484375 0.16929687499999999 0.4677734375 0.1556671875 0.4775390625 0.147059375 0.501953125 0.147059375 0.5283203125 0.16284062500000002 0.546875 0.18364375 0.544921875 0.18723125000000002 0.56640625
17 0.3041609375 0.392578125 0.2639890625 0.38671875 0.249640625 0.435546875 0.24820625000000002 0.455078125 0.249640625 0.4794921875 0.269009375 0.49609375 0.29411718750000004 0.4833984375 0.3134859375 0.4697265625 0.3120515625 0.4375 0.3041609375 0.392578125
17 0.2862265625 0.5751953125 0.27761874999999997 0.55078125 0.27618437500000004 0.5322265625 0.2804875 0.509765625 0.27690156250000003 0.498046875 0.27116250000000003 0.5029296875 0.267575 0.5009765625 0.26111875 0.505859375 0.2360109375 0.5166015625 0.22238125000000003 0.541015625 0.22238125000000003 0.5771484375 0.237446875 0.5849609375 0.249640625 0.5732421875 0.2639890625 0.5927734375 0.281921875 0.5908203125 0.2862265625 0.5751953125
18 0.307746875 0.556640625 0.3299859375 0.5732421875 0.340028125 0.55078125 0.32783281249999996 0.5263671875 0.3249640625 0.4921875 0.3149203125 0.4658203125 0.29555312499999997 0.4833984375 0.2804875 0.501953125 0.281921875 0.5302734375 0.2847921875 0.55859375 0.29411718750000004 0.5810546875 0.307746875 0.556640625
19 0.37733125 0.4111328125 0.37733125 0.37890625 0.37733125 0.33984375 0.35509375 0.3359375 0.3285515625 0.3359375 0.3285515625 0.38671875 0.32783281249999996 0.40234375 0.32783281249999996 0.4248046875 0.3235296875 0.455078125 0.3263984375 0.4775390625 0.33715937500000004 0.4853515625 0.359396875 0.50390625 0.37446250000000003 0.4853515625 0.38020156250000003 0.4677734375 0.38020156250000003 0.4375 0.37733125 0.4111328125
19 0.3665703125 0.5888671875 0.36800625 0.552734375 0.36872343750000003 0.5146484375 0.3536578125 0.517578125 0.34289843750000004 0.54296875 0.33715937500000004 0.5751953125 0.3263984375 0.60546875 0.3263984375 0.6357421875 0.3457671875 0.6357421875 0.3665703125 0.623046875 0.3665703125 0.5888671875
20 0.3967 0.662109375 0.41606875 0.662109375 0.4232421875 0.6318359375 0.4246765625 0.59765625 0.414634375 0.5712890625 0.4038734375 0.5224609375 0.3967 0.4814453125 0.375896875 0.4833984375 0.37446250000000003 0.5 0.3730265625 0.5283203125 0.3730265625 0.56640625 0.375896875 0.603515625 0.37446250000000003 0.6357421875 0.378765625 0.65625 0.3967 0.662109375
21 0.46485000000000004 0.55078125 0.4605453125 0.5244140625 0.45911093750000004 0.49609375 0.4490671875 0.4619140625 0.434003125 0.431640625 0.4218078125 0.392578125 0.4053078125 0.376953125 0.3816359375 0.37890625 0.3895265625 0.4150390625 0.39813437500000004 0.451171875 0.40100468749999996 0.5029296875 0.40243906249999994 0.54296875 0.3988515625 0.5419921875 0.4246765625 0.568359375 0.4490671875 0.5732421875 0.46485000000000004 0.55078125
30 0.6284078125 0.5244140625 0.612625 0.494140625 0.59684375 0.4921875 0.5911046875 0.5068359375 0.591821875 0.533203125 0.5903875000000001 0.544921875 0.5882359375 0.5771484375 0.5781921875 0.603515625 0.5781921875 0.66015625 0.612625 0.673828125 0.6183640625 0.6455078125 0.6169296875 0.5966796875 0.624103125 0.560546875 0.6284078125 0.5244140625
23 0.6657109375 0.3583984375 0.6642750000000001 0.3173828125 0.6391671875 0.3134765625 0.6298421875 0.341796875 0.6269734375 0.380859375 0.6197984375 0.4150390625 0.6119078124999999 0.451171875 0.621234375 0.4755859375 0.6420375 0.49609375 0.6571015625000001 0.48828125 0.6685796875000001 0.4619140625 0.6671453125 0.4306640625 0.6671453125 0.3984375 0.6657109375 0.3583984375
29 0.6700140625000001 0.615234375 0.6657109375 0.5869140625 0.6571015625000001 0.556640625 0.6527984375 0.5322265625 0.6556671875 0.5078125 0.6506453125 0.4853515625 0.6391671875 0.4853515625 0.6362984375 0.5185546875 0.6362984375 0.560546875 0.6362984375 0.5908203125 0.6312765625 0.62109375 0.6348640624999999 0.65234375 0.6556671875 0.65234375 0.6764703125 0.6455078125 0.6700140625000001 0.615234375
23 0.711621875 0.541015625 0.7058828125 0.5185546875 0.68723125 0.4736328125 0.6908171875 0.455078125 0.6908171875 0.4287109375 0.6750359375 0.4287109375 0.6685796875000001 0.455078125 0.6642750000000001 0.4736328125 0.6571015625000001 0.498046875 0.6542328125 0.5224609375 0.6556671875 0.548828125 0.6671453125 0.5771484375 0.679340625 0.560546875 0.6972734375 0.5849609375 0.7101859375 0.5693359375 0.711621875 0.541015625
23 0.6700140625000001 0.59765625 0.6764703125 0.623046875 0.6972734375 0.6396484375 0.7137734375 0.6298828125 0.7152078125 0.591796875 0.6850796875 0.5810546875 0.6700140625000001 0.5712890625 0.6700140625000001 0.59765625
25 0.74175 0.4599609375 0.730990625 0.4453125 0.718078125 0.4306640625 0.70014375 0.4287109375 0.6944046875 0.451171875 0.6929703125 0.4775390625 0.70014375 0.49609375 0.7137734375 0.51171875 0.732425 0.5244140625 0.7446203125 0.51171875 0.750359375 0.4775390625 0.74175 0.4599609375
25 0.7654234375 0.560546875 0.75179375 0.5400390625 0.7374468750000001 0.5302734375 0.7238156250000001 0.5263671875 0.7101859375 0.51171875 0.71305625 0.546875 0.7087515625 0.5732421875 0.711621875 0.603515625 0.7295546875000001 0.6240234375 0.7532281249999999 0.62109375 0.7532281249999999 0.6015625 0.7711625 0.5888671875 0.7654234375 0.560546875
26 0.830703125 0.5341796875 0.8249640625 0.498046875 0.8055953125 0.4794921875 0.7934 0.4599609375 0.7804875 0.435546875 0.76111875 0.4248046875 0.7489234375 0.4150390625 0.7489234375 0.44140625 0.759684375 0.490234375 0.7625531249999999 0.5283203125 0.7639890625 0.564453125 0.781921875 0.5791015625 0.7969875 0.5849609375 0.808465625 0.5625 0.8235296875 0.5712890625 0.830703125 0.5341796875
27 0.8637015625 0.4306640625 0.8579625 0.4033203125 0.85026875 0.3919359375 0.8493546875 0.3935546875 0.825771875 0.3665203125 0.8041609375000001 0.3564453125 0.79053125 0.3740234375 0.7941171875 0.40234375 0.79985625 0.4326171875 0.801290625 0.44921875 0.819225 0.4736328125 0.83859375 0.4716796875 0.85509375 0.453125 0.8637015625 0.4306640625
22 0.6068859375 0.4833984375 0.5925390625 0.470703125 0.5738875 0.4619140625 0.5552374999999999 0.4462890625 0.540171875 0.4384765625 0.5236734375000001 0.4287109375 0.50286875 0.451171875 0.509325 0.4833984375 0.5272593750000001 0.50390625 0.5473453125 0.517578125 0.5746046875 0.5322265625 0.6018656250000001 0.5302734375 0.6205171875 0.513671875 0.6197984375 0.49609375 0.6068859375 0.4833984375
22 0.50286875 0.630859375 0.5007171875 0.658203125 0.509325 0.67578125 0.52869375 0.6689453125 0.5552374999999999 0.66796875 0.5688671875 0.650390625 0.5746046875 0.6171875 0.5717359375 0.5888671875 0.5717359375 0.5625 0.577475 0.5419921875 0.5781921875 0.509765625 0.582496875 0.4833984375 0.5882359375 0.4541015625 0.588953125 0.421875 0.5688671875 0.4296875 0.55810625 0.4541015625 0.5494984374999999 0.4794921875 0.5380203125 0.5078125 0.5301296875 0.5341796875 0.524390625 0.5615234375 0.511478125 0.5888671875 0.5057390625 0.6064453125 0.50286875 0.630859375
21 0.49784843749999996 0.6171875 0.49354375 0.587890625 0.4928265625 0.56640625 0.494978125 0.54296875 0.48995625 0.5283203125 0.49139218749999997 0.5068359375 0.47919687499999997 0.486328125 0.46341406249999995 0.509765625 0.4605453125 0.541015625 0.45121874999999995 0.5849609375 0.45121874999999995 0.6220703125 0.45408906250000003 0.6552734375 0.47130625000000004 0.6669921875 0.4878046875 0.6630859375 0.5007171875 0.6396484375 0.49784843749999996 0.6171875
31 0.1133421875 0.3564453125 0.15495 0.3232421875 0.1269734375 0.2841796875 0.10616874999999999 0.27734375 0.091821875 0.2802734375 0.0796265625 0.3134765625 0.1133421875 0.3564453125