31 0.32421875 0.7765796875000001 0.2958984375 0.7741296875 0.271484375 0.7756000000000001 0.2548828125 0.7907890625 0.263671875 0.8143062499999999 0.2890625 0.818715625 0.322265625 0.81920625 0.353515625 0.8255750000000001 0.3779296875 0.8388046875 0.40625 0.8481140625 0.431640625 0.8432140625000001 0.439453125 0.8309656249999999 0.4619140625 0.8221453125 0.4599609375 0.8025484374999999 0.4404296875 0.789809375 0.416015625 0.7878484375 0.38671875 0.7854 0.359375 0.778540625 0.32421875 0.7765796875000001
30 0.4462890625 0.4492890625 0.4775390625 0.448309375 0.51171875 0.45271875 0.5400390625 0.45320937499999997 0.56640625 0.4439 0.5625 0.43165156250000003 0.5517578125 0.4174421875 0.5263671875 0.41695312500000004 0.498046875 0.42038281250000004 0.46484375 0.42283125000000005 0.4306640625 0.4272421875 0.3916015625 0.43165156250000003 0.3515625 0.4360609375 0.3173828125 0.4404703125 0.357421875 0.448309375 0.388671875 0.4492890625 0.4150390625 0.4492890625 0.4462890625 0.4492890625
29 0.439453125 0.4130328125 0.470703125 0.4174421875 0.5 0.415971875 0.53125 0.4130328125 0.544921875 0.40274374999999996 0.544921875 0.389515625 0.5185546875 0.377265625 0.4931640625 0.3767765625 0.46484375 0.381675 0.4375 0.384615625 0.404296875 0.38804531249999996 0.37109375 0.3904953125 0.3271484375 0.3968640625 0.2861328125 0.40372343749999995 0.3349609375 0.409603125 0.369140625 0.4091125 0.400390625 0.41058281250000006 0.439453125 0.4130328125
23 0.3818359375 0.3782453125 0.416015625 0.3806953125 0.451171875 0.38510468750000004 0.482421875 0.389025 0.5068359375 0.3806953125 0.529296875 0.374815625 0.5361328125 0.3645265625 0.529296875 0.35031875 0.5068359375 0.3400296875 0.4794921875 0.34688906249999996 0.4580078125 0.35031875 0.4248046875 0.3493390625 0.390625 0.352278125 0.3603515625 0.357178125 0.3203125 0.36060781249999996 0.279296875 0.36893750000000003 0.322265625 0.3738359375 0.359375 0.375796875 0.3818359375 0.3782453125
24 0.4111328125 0.34786875 0.4384765625 0.3493390625 0.4619140625 0.3424796875 0.46484375 0.32925 0.46875 0.3170015625 0.4404296875 0.31651093750000003 0.416015625 0.32043125 0.384765625 0.3233703125 0.359375 0.32778125 0.3115234375 0.32778125 0.275390625 0.33464062499999997 0.306640625 0.33904999999999996 0.33984375 0.3424796875 0.3779296875 0.345909375 0.4111328125 0.34786875
25 0.373046875 0.3121015625 0.404296875 0.3125921875 0.43359375 0.313571875 0.466796875 0.3170015625 0.4951171875 0.319940625 0.5224609375 0.3125921875 0.5263671875 0.299853125 0.5244140625 0.2797640625 0.513671875 0.2640859375 0.482421875 0.2645765625 0.453125 0.269965625 0.423828125 0.276825 0.3955078125 0.2802546875 0.3671875 0.2846640625 0.32421875 0.28809375 0.2958984375 0.2934828125 0.2734375 0.3057328125 0.3154296875 0.3125921875 0.3486328125 0.3121015625 0.373046875 0.3121015625
26 0.337890625 0.23958906249999998 0.3115234375 0.24448750000000002 0.287109375 0.24742812500000003 0.275390625 0.26310625 0.2998046875 0.2709453125 0.33984375 0.26751562500000003 0.3818359375 0.26555625 0.419921875 0.26310625 0.455078125 0.26555625 0.48046875 0.26310625 0.50390625 0.2508578125 0.4951171875 0.23321874999999997 0.484375 0.22195 0.4580078125 0.21313125 0.43359375 0.21999062500000002 0.4111328125 0.22537968749999998 0.384765625 0.2317484375 0.3623046875 0.23517812500000002 0.337890625 0.23958906249999998
27 0.3515625 0.22782968750000002 0.3779296875 0.22292968750000003 0.408203125 0.22195 0.43359375 0.2165609375 0.44921875 0.2052921875 0.4443359375 0.195003125 0.4267578125 0.1798140625 0.40234375 0.1705046875 0.375 0.1729546875 0.359375 0.1837328125 0.3359375 0.18961250000000002 0.3154296875 0.1974515625 0.2861328125 0.2052921875 0.259765625 0.2165609375 0.26171875 0.22880937499999998 0.29296875 0.2322390625 0.322265625 0.2317484375 0.3515625 0.22782968750000002
28 0.4638671875 0.1984328125 0.4736328125 0.21068125000000001 0.486328125 0.2209703125 0.49609375 0.23321874999999997 0.51953125 0.24301875 0.548828125 0.2420375 0.5712890625 0.23076875000000002 0.591796875 0.21999062500000002 0.6162109375 0.21411093750000001 0.64453125 0.2048015625 0.662109375 0.18961250000000002 0.625 0.1915734375 0.59375 0.20431093749999998 0.5751953125 0.194021875 0.6025390625 0.1817734375 0.640625 0.17638437499999998 0.6328125 0.16070625 0.6083984375 0.1616859375 0.5849609375 0.1685453125 0.5576171875 0.1793234375 0.533203125 0.18275312500000002 0.50390625 0.1817734375 0.4794921875 0.187653125 0.4638671875 0.1984328125
0 0.5556640625 0.28907343750000003 0.578125 0.2964234375 0.599609375 0.29005312499999997 0.626953125 0.2797640625 0.65625 0.2709453125 0.677734375 0.2621265625 0.7001953125 0.2542875 0.7265625 0.24448750000000002 0.7529296875 0.23958906249999998 0.755859375 0.2165609375 0.728515625 0.21215156249999997 0.7041015625 0.21558125 0.6806640625 0.21999062500000002 0.6513671875 0.22733906250000002 0.6220703125 0.22880937499999998 0.5888671875 0.2322390625 0.5595703125 0.237628125 0.5263671875 0.24301875 0.529296875 0.2552671875 0.5380859375 0.2665359375 0.546875 0.2778046875 0.5556640625 0.28907343750000003
3 0.625 0.3581578125 0.6533203125 0.357178125 0.6796875 0.3537484375 0.712890625 0.354728125 0.740234375 0.3537484375 0.7822265625 0.35276874999999996 0.7958984375 0.3400296875 0.7646484375 0.33464062499999997 0.7353515625 0.333659375 0.705078125 0.333659375 0.6708984375 0.33022968750000004 0.6376953125 0.3282703125 0.609375 0.3268 0.5712890625 0.3258203125 0.5595703125 0.3366 0.5595703125 0.3493390625 0.5732421875 0.3615875 0.6005859375 0.3601171875 0.625 0.3581578125
4 0.6396484375 0.39294531250000003 0.6708984375 0.39392499999999997 0.7021484375 0.39392499999999997 0.7314453125 0.39294531250000003 0.7646484375 0.3924546875 0.7939453125 0.3904953125 0.818359375 0.3782453125 0.7822265625 0.3723671875 0.7470703125 0.37138593750000004 0.708984375 0.37040625 0.6650390625 0.36893750000000003 0.62890625 0.3645265625 0.5888671875 0.36060781249999996 0.5576171875 0.3669765625 0.5556640625 0.37922656250000003 0.56640625 0.395884375 0.5888671875 0.40029375 0.615234375 0.3968640625 0.6396484375 0.39294531250000003
5 0.62890625 0.4331203125 0.6533203125 0.43508125 0.6796875 0.43165156250000003 0.705078125 0.4292015625 0.736328125 0.4272421875 0.76953125 0.4218515625 0.7978515625 0.41940156249999994 0.818359375 0.4091125 0.787109375 0.40029375 0.7626953125 0.40029375 0.7294921875 0.3993140625 0.7021484375 0.398334375 0.6669921875 0.40029375 0.6328125 0.3993140625 0.59375 0.39735468749999997 0.56640625 0.4056828125 0.56640625 0.420871875 0.5693359375 0.43263125 0.6005859375 0.4331203125 0.62890625 0.4331203125
6 0.7177734375 0.45761874999999996 0.7470703125 0.457128125 0.7646484375 0.4453703125 0.72265625 0.441940625 0.6865234375 0.4439 0.6494140625 0.4404703125 0.609375 0.4385109375 0.5732421875 0.4385109375 0.5732421875 0.45320937499999997 0.578125 0.46496875 0.6083984375 0.46643749999999995 0.6357421875 0.4610484375 0.6640625 0.46202812499999996 0.689453125 0.459578125 0.7177734375 0.45761874999999996
7 0.693359375 0.48750625000000003 0.720703125 0.48309687500000004 0.7578125 0.480646875 0.7626953125 0.4639875 0.7333984375 0.4674171875 0.705078125 0.4683984375 0.673828125 0.4683984375 0.642578125 0.4674171875 0.611328125 0.4683984375 0.576171875 0.4679078125 0.5712890625 0.47966718750000004 0.578125 0.4953453125 0.6083984375 0.4933859375 0.6328125 0.49289531249999996 0.6640625 0.49093593750000003 0.693359375 0.48750625000000003
8 0.7353515625 0.514453125 0.7646484375 0.514453125 0.7734375 0.4997546875 0.7451171875 0.4977953125 0.7109375 0.498775 0.673828125 0.498775 0.626953125 0.4977953125 0.5869140625 0.49730468749999995 0.5751953125 0.5095546875 0.5888671875 0.521803125 0.6201171875 0.5208234375 0.642578125 0.5178828125 0.6689453125 0.5164140625 0.705078125 0.515434375 0.7353515625 0.514453125
9 0.6796875 0.54875 0.7109375 0.5467906250000001 0.736328125 0.5458109375 0.771484375 0.5433609374999999 0.7890625 0.5296421875 0.7666015625 0.5208234375 0.7333984375 0.5198437499999999 0.7021484375 0.521803125 0.662109375 0.52229375 0.6240234375 0.524253125 0.580078125 0.521803125 0.5732421875 0.5389515625 0.576171875 0.5531609375000001 0.6083984375 0.5531609375000001 0.62890625 0.5502203125 0.6513671875 0.5477703125 0.6796875 0.54875
10 0.5849609375 0.5938265625 0.611328125 0.59480625 0.6396484375 0.59235625 0.6708984375 0.5913765625 0.7041015625 0.5913765625 0.7333984375 0.59480625 0.7666015625 0.597746875 0.7939453125 0.6011765625 0.8271484375 0.599215625 0.8115234375 0.5845171875 0.791015625 0.5737390625 0.76953125 0.567859375 0.7451171875 0.5624687500000001 0.7177734375 0.5590390625 0.6845703125 0.5546296875000001 0.6513671875 0.5531609375000001 0.615234375 0.55365 0.580078125 0.5575703125 0.568359375 0.5688390625 0.5751953125 0.5825578124999999 0.5849609375 0.5938265625
11 0.646484375 0.6305734375000001 0.6728515625 0.629103125 0.7021484375 0.6300828125 0.7314453125 0.629103125 0.7646484375 0.6300828125 0.787109375 0.6246937499999999 0.78515625 0.6099953124999999 0.755859375 0.6055859375 0.7158203125 0.603625 0.673828125 0.603625 0.64453125 0.599215625 0.61328125 0.5889265625 0.5849609375 0.587946875 0.564453125 0.596765625 0.5625 0.6099953124999999 0.5693359375 0.6237140625 0.59375 0.6300828125 0.6220703125 0.6305734375000001 0.646484375 0.6305734375000001
12 0.6201171875 0.6673203125 0.6552734375 0.6673203125 0.6806640625 0.663890625 0.7138671875 0.6624203125 0.7490234375 0.663890625 0.7783203125 0.670259375 0.80859375 0.6624203125 0.7802734375 0.6462515625 0.7529296875 0.642821875 0.720703125 0.6384125 0.6826171875 0.6349828125 0.646484375 0.631553125 0.61328125 0.6227343750000001 0.580078125 0.6212640625 0.5625 0.6344921875 0.5595703125 0.6491921875 0.568359375 0.6624203125 0.59375 0.6683 0.6201171875 0.6673203125
13 0.40234375 0.7354234374999999 0.4404296875 0.7408140624999999 0.4775390625 0.7471828125 0.5068359375 0.7452234375 0.5244140625 0.7329734375 0.533203125 0.7197453125 0.53125 0.702596875 0.517578125 0.6893671875 0.4892578125 0.6859375 0.4599609375 0.6903484375 0.4287109375 0.692796875 0.3994140625 0.695246875 0.3623046875 0.7006375 0.3154296875 0.7040671875 0.294921875 0.716315625 0.34375 0.723175 0.37109375 0.730525 0.40234375 0.7354234374999999
14 0.640625 0.6673203125 0.61328125 0.6629109375 0.583984375 0.65948125 0.5595703125 0.6580109375000001 0.5556640625 0.67466875 0.560546875 0.6893671875 0.55078125 0.7030875 0.5556640625 0.718765625 0.580078125 0.727584375 0.609375 0.7261140625 0.6357421875 0.725134375 0.67578125 0.7285640625 0.7138671875 0.73444375 0.73828125 0.7452234375 0.775390625 0.751103125 0.76953125 0.738853125 0.7470703125 0.7241546875 0.72265625 0.718275 0.69140625 0.7104359375 0.6640625 0.7050468750000001 0.6796875 0.692796875 0.705078125 0.6947578125 0.7353515625 0.7030875 0.7763671875 0.7217046875 0.791015625 0.7065171875 0.775390625 0.6874078124999999 0.740234375 0.6785890625000001 0.7109375 0.670259375 0.6728515625 0.66585 0.640625 0.6673203125
15 0.529296875 0.77315 0.5556640625 0.7819703125 0.58203125 0.7834390625000001 0.6064453125 0.778540625 0.6328125 0.7873593750000001 0.6669921875 0.79421875 0.708984375 0.7951984375000001 0.7451171875 0.79666875 0.7666015625 0.7863796875 0.7578125 0.7721703125 0.7314453125 0.7584515625 0.708984375 0.7496328125 0.677734375 0.7427734375 0.6484375 0.736403125 0.615234375 0.727584375 0.5869140625 0.7172953125 0.5576171875 0.7217046875 0.5439453125 0.737384375 0.5380859375 0.7496328125 0.529296875 0.7599218750000001 0.529296875 0.77315
16 0.5068359375 0.8392937500000001 0.5283203125 0.8476234375 0.55078125 0.8657515625000001 0.580078125 0.8770203125 0.615234375 0.88143125 0.6337890625 0.8711421874999999 0.62890625 0.84909375 0.6220703125 0.8358640625 0.611328125 0.8201859375 0.6025390625 0.8000984375 0.5908203125 0.7834390625000001 0.5625 0.778540625 0.533203125 0.78295 0.51171875 0.7976484375 0.4912109375 0.8054874999999999 0.4716796875 0.8157765625 0.482421875 0.8299859375 0.5068359375 0.8392937500000001
17 0.43359375 0.6859375 0.4736328125 0.6903484375 0.50390625 0.6962265624999999 0.53125 0.692796875 0.5400390625 0.6795687499999999 0.5361328125 0.6673203125 0.513671875 0.652621875 0.4931640625 0.6506609375 0.46875 0.651640625 0.4482421875 0.6560515625 0.40625 0.6585 0.3642578125 0.6629109375 0.3193359375 0.66585 0.27734375 0.6736890625 0.3310546875 0.6785890625000001 0.3671875 0.6795687499999999 0.400390625 0.6829984375 0.43359375 0.6859375
18 0.4111328125 0.6482109375 0.4443359375 0.651640625 0.46875 0.65458125 0.5068359375 0.6580109375000001 0.53125 0.65458125 0.5537109375 0.6462515625 0.5419921875 0.6300828125 0.5283203125 0.6168546874999999 0.5068359375 0.6144046875 0.48046875 0.6144046875 0.4482421875 0.6168546874999999 0.421875 0.6212640625 0.388671875 0.6261640625 0.3515625 0.6300828125 0.275390625 0.6393921875 0.322265625 0.642821875 0.3515625 0.6462515625 0.3779296875 0.6462515625 0.4111328125 0.6482109375
19 0.404296875 0.6158750000000001 0.431640625 0.6168546874999999 0.470703125 0.6193046875 0.50390625 0.620284375 0.529296875 0.62224375 0.5556640625 0.6144046875 0.5595703125 0.597746875 0.5380859375 0.5801078125 0.515625 0.57471875 0.4736328125 0.5801078125 0.4462890625 0.5845171875 0.41796875 0.5869671875 0.38671875 0.59235625 0.353515625 0.596765625 0.3173828125 0.60215625 0.2978515625 0.613425 0.341796875 0.6144046875 0.3671875 0.6158750000000001 0.404296875 0.6158750000000001
20 0.5283203125 0.5810875 0.548828125 0.567859375 0.546875 0.5477703125 0.515625 0.544340625 0.4892578125 0.544340625 0.4638671875 0.5433609374999999 0.421875 0.537971875 0.3837890625 0.5365015625 0.33984375 0.5409109375 0.310546875 0.55365 0.357421875 0.5668796875 0.3974609375 0.5712890625 0.4462890625 0.5776578125 0.4931640625 0.5801078125 0.5283203125 0.5810875
21 0.4248046875 0.53748125 0.453125 0.53748125 0.484375 0.537971875 0.513671875 0.5433609374999999 0.5400390625 0.5433609374999999 0.56640625 0.537971875 0.568359375 0.5257234375000001 0.564453125 0.5134734375 0.5595703125 0.4997546875 0.529296875 0.5007343750000001 0.5068359375 0.5007343750000001 0.482421875 0.503184375 0.4482421875 0.498775 0.41796875 0.5022046875 0.373046875 0.4997546875 0.3349609375 0.5110234375 0.3310546875 0.524253125 0.3623046875 0.5335625 0.390625 0.5335625 0.4248046875 0.53748125
22 0.4775390625 0.49436562500000003 0.51171875 0.49730468749999995 0.55078125 0.5007343750000001 0.5625 0.48652656250000004 0.568359375 0.459578125 0.55078125 0.45320937499999997 0.51953125 0.45418906249999996 0.4912109375 0.457128125 0.4638671875 0.457128125 0.423828125 0.4605578125 0.3818359375 0.46202812499999996 0.337890625 0.46202812499999996 0.3037109375 0.47427656249999994 0.35546875 0.48162656249999997 0.3974609375 0.48848593749999997 0.4404296875 0.4933859375 0.4775390625 0.49436562500000003
2 0.384765625 0.7819703125 0.431640625 0.7907890625 0.466796875 0.798628125 0.4912109375 0.791278125 0.49609375 0.7741296875 0.5048828125 0.7599218750000001 0.4951171875 0.7471828125 0.470703125 0.7427734375 0.4482421875 0.74179375 0.4111328125 0.746203125 0.369140625 0.7471828125 0.3291015625 0.7476734375 0.2861328125 0.746203125 0.2421875 0.7506125 0.2841796875 0.7653109375 0.32421875 0.7721703125 0.3515625 0.7775593749999999 0.384765625 0.7819703125