31 0.693359375 0.210190625 0.6865234375 0.1954921875 0.6591796875 0.1891234375 0.6201171875 0.19647187500000002 0.5693359375 0.20382187499999999 0.53125 0.20333125000000002 0.513671875 0.21999062500000002 0.5068359375 0.236159375 0.529296875 0.24448750000000002 0.552734375 0.2552671875 0.5908203125 0.24693749999999998 0.62890625 0.24252812499999998 0.6591796875 0.23517812500000002 0.6826171875 0.2234203125 0.693359375 0.210190625
13 0.599609375 0.3238609375 0.625 0.3258203125 0.6484375 0.3238609375 0.6611328125 0.3140625 0.62890625 0.3121015625 0.6064453125 0.30034375 0.666015625 0.29495312500000004 0.6630859375 0.286134375 0.6357421875 0.2797640625 0.599609375 0.276825 0.5654296875 0.26555625 0.5390625 0.2577171875 0.5029296875 0.2552671875 0.484375 0.26555625 0.4609375 0.2895640625 0.48046875 0.3076921875 0.513671875 0.3150421875 0.5458984375 0.3150421875 0.5693359375 0.31651093750000003 0.599609375 0.3238609375
17 0.5390625 0.3508078125 0.583984375 0.3591375 0.6396484375 0.3591375 0.671875 0.3561984375 0.6787109375 0.34394843750000004 0.6806640625 0.33022968750000004 0.646484375 0.3375796875 0.5966796875 0.3366 0.556640625 0.333659375 0.5390625 0.3508078125
19 0.53125 0.42773125 0.5732421875 0.42332187499999996 0.6357421875 0.42038281250000004 0.69140625 0.4140125 0.7060546875 0.3944140625 0.6884765625 0.3860859375 0.6650390625 0.3924546875 0.6337890625 0.393434375 0.5908203125 0.3968640625 0.5458984375 0.39539375 0.509765625 0.39539375 0.4814453125 0.39539375 0.462890625 0.40519375 0.46875 0.41891249999999997 0.4921875 0.42773125 0.53125 0.42773125
20 0.6357421875 0.46496875 0.673828125 0.47182812500000004 0.7099609375 0.46643749999999995 0.6953125 0.4492890625 0.6630859375 0.44145 0.6337890625 0.4360609375 0.5947265625 0.43753125 0.5498046875 0.4331203125 0.4951171875 0.429690625 0.462890625 0.43508125 0.4609375 0.44782031250000004 0.46484375 0.46006875 0.4970703125 0.46202812499999996 0.537109375 0.46202812499999996 0.5888671875 0.4630078125 0.6357421875 0.46496875
21 0.529296875 0.501715625 0.5693359375 0.501715625 0.6103515625 0.49926562499999994 0.6337890625 0.496325 0.6611328125 0.49387499999999995 0.6806640625 0.485546875 0.6572265625 0.47182812500000004 0.6142578125 0.4674171875 0.5712890625 0.46496875 0.5498046875 0.47035781249999997 0.5078125 0.46202812499999996 0.490234375 0.4639875 0.46484375 0.46643749999999995 0.4521484375 0.484565625 0.4609375 0.496325 0.470703125 0.5046546875 0.4990234375 0.506125 0.529296875 0.501715625
22 0.6123046875 0.5531609375000001 0.65234375 0.5561 0.6826171875 0.5639390625 0.7041015625 0.5477703125 0.7119140625 0.5350312500000001 0.7041015625 0.5227828125 0.677734375 0.515434375 0.654296875 0.514453125 0.603515625 0.5134734375 0.556640625 0.51004375 0.51171875 0.5080843749999999 0.4794921875 0.5071046875 0.4580078125 0.5134734375 0.4580078125 0.5296421875 0.4580078125 0.5467906250000001 0.4794921875 0.54973125 0.5048828125 0.54973125 0.533203125 0.5477703125 0.576171875 0.54973125 0.6123046875 0.5531609375000001
30 0.6337890625 0.5859875 0.677734375 0.592846875 0.6865234375 0.5820671875000001 0.6611328125 0.5712890625 0.6357421875 0.5639390625 0.6103515625 0.55855 0.580078125 0.5541406249999999 0.5498046875 0.5507109375 0.51171875 0.54875 0.486328125 0.5521796875 0.4580078125 0.55855 0.46484375 0.5712890625 0.513671875 0.5756984375 0.5546875 0.576678125 0.5908203125 0.583046875 0.6337890625 0.5859875
29 0.6396484375 0.6173437500000001 0.669921875 0.6139140624999999 0.6826171875 0.599215625 0.6416015625 0.5938265625 0.599609375 0.5874578125000001 0.5654296875 0.5810875 0.5205078125 0.576678125 0.4814453125 0.5796171875 0.46484375 0.5903968749999999 0.4609375 0.60460625 0.5029296875 0.6055859375 0.5458984375 0.610975 0.5712890625 0.6139140624999999 0.599609375 0.6139140624999999 0.6396484375 0.6173437500000001
23 0.583984375 0.6418421875 0.6181640625 0.64723125 0.6396484375 0.6452718749999999 0.6572265625 0.6398828125 0.6396484375 0.6281234375 0.6103515625 0.6173437500000001 0.5712890625 0.6163640625 0.5234375 0.6070546875 0.4990234375 0.60460625 0.48046875 0.6055859375 0.4580078125 0.6193046875 0.4541015625 0.6354734375 0.466796875 0.6438015625 0.486328125 0.642821875 0.515625 0.6418421875 0.5390625 0.638903125 0.5625 0.638903125 0.583984375 0.6418421875
24 0.580078125 0.6741796875 0.6142578125 0.67711875 0.6416015625 0.6741796875 0.6630859375 0.67075 0.654296875 0.6580109375000001 0.625 0.652621875 0.599609375 0.6452718749999999 0.556640625 0.6408625 0.509765625 0.6408625 0.4775390625 0.6452718749999999 0.4521484375 0.652621875 0.4541015625 0.6643796875 0.462890625 0.6766296875 0.48828125 0.67711875 0.5205078125 0.67075 0.5498046875 0.667809375 0.580078125 0.6741796875
25 0.5009765625 0.723175 0.529296875 0.727584375 0.5673828125 0.7266046875 0.6015625 0.7266046875 0.62890625 0.727584375 0.6484375 0.727584375 0.669921875 0.7241546875 0.6845703125 0.7148453124999999 0.6650390625 0.7030875 0.6416015625 0.695246875 0.61328125 0.6898578125 0.583984375 0.6834890625 0.5654296875 0.67075 0.52734375 0.667809375 0.5087890625 0.6683 0.490234375 0.6805484374999999 0.4814453125 0.6932875000000001 0.49609375 0.6981875 0.4794921875 0.7040671875 0.4775390625 0.7177859375 0.5009765625 0.723175
26 0.5546875 0.7756000000000001 0.5869140625 0.77168125 0.6181640625 0.76923125 0.646484375 0.7726609375 0.669921875 0.7726609375 0.6884765625 0.764821875 0.7021484375 0.7545328125 0.6884765625 0.73934375 0.650390625 0.73934375 0.60546875 0.7339546875 0.5693359375 0.72954375 0.505859375 0.7226843749999999 0.486328125 0.727584375 0.470703125 0.7413031250000001 0.474609375 0.7506125 0.4873046875 0.75698125 0.4755859375 0.763840625 0.4970703125 0.77805 0.53125 0.7790296875 0.5546875 0.7756000000000001
27 0.484375 0.7981374999999999 0.486328125 0.8040171875000001 0.5 0.809896875 0.5126953125 0.8167562500000001 0.5166015625 0.8221453125 0.529296875 0.8255750000000001 0.552734375 0.8226359375 0.583984375 0.8162671874999999 0.623046875 0.8162671874999999 0.654296875 0.82165625 0.6865234375 0.812346875 0.6884765625 0.796178125 0.65234375 0.7873593750000001 0.6396484375 0.78686875 0.62109375 0.7858890625 0.607421875 0.7858890625 0.58984375 0.7858890625 0.5771484375 0.7834390625000001 0.5556640625 0.7805 0.53515625 0.7795203125 0.5146484375 0.7805 0.5029296875 0.78441875 0.4921875 0.7907890625 0.484375 0.7981374999999999
7 0.40625 0.501715625 0.3720703125 0.5007343750000001 0.33984375 0.498284375 0.30859375 0.49289531249999996 0.28125 0.4889765625 0.275390625 0.501715625 0.296875 0.5080843749999999 0.3212890625 0.514453125 0.3447265625 0.5188640625 0.3828125 0.5247421875 0.408203125 0.5262125 0.4306640625 0.5296421875 0.44921875 0.5237625 0.4521484375 0.5120046874999999 0.443359375 0.5022046875 0.40625 0.501715625
8 0.4287109375 0.4762375 0.408203125 0.4737875 0.3828125 0.4737875 0.35546875 0.4737875 0.3291015625 0.4737875 0.30078125 0.4713375 0.275390625 0.4728078125 0.279296875 0.485546875 0.3017578125 0.48652656250000004 0.322265625 0.48946562499999996 0.3466796875 0.49387499999999995 0.3701171875 0.4953453125 0.3984375 0.49926562499999994 0.4267578125 0.501715625 0.4599609375 0.505634375 0.458984375 0.49289531249999996 0.4521484375 0.47868750000000004 0.4287109375 0.4762375
9 0.4013671875 0.4453703125 0.3759765625 0.44585937500000006 0.349609375 0.44439062500000004 0.3173828125 0.441940625 0.2890625 0.4404703125 0.2607421875 0.4453703125 0.2607421875 0.46006875 0.2861328125 0.46251875 0.3095703125 0.4634984375 0.337890625 0.46496875 0.3681640625 0.47035781249999997 0.390625 0.4728078125 0.4189453125 0.4762375 0.439453125 0.4723171875 0.4462890625 0.45761874999999996 0.43359375 0.4453703125 0.4013671875 0.4453703125
10 0.4052734375 0.40715312499999995 0.3828125 0.4061734375 0.34765625 0.404703125 0.322265625 0.40519375 0.2880859375 0.40715312499999995 0.25390625 0.4061734375 0.2197265625 0.4061734375 0.1953125 0.4086234375 0.203125 0.42773125 0.2294921875 0.430671875 0.2626953125 0.4331203125 0.298828125 0.43655 0.3349609375 0.43802031250000006 0.3828125 0.44292031249999997 0.4111328125 0.4404703125 0.439453125 0.4341015625 0.4521484375 0.41891249999999997 0.4306640625 0.409603125 0.4052734375 0.40715312499999995
11 0.2578125 0.40372343749999995 0.2861328125 0.40372343749999995 0.326171875 0.40715312499999995 0.3271484375 0.390984375 0.3349609375 0.37432656249999996 0.3037109375 0.37040625 0.283203125 0.36648749999999997 0.2333984375 0.37138593750000004 0.2333984375 0.3949046875 0.2578125 0.40372343749999995
12 0.4130859375 0.33464062499999997 0.390625 0.333659375 0.357421875 0.33610937500000004 0.3349609375 0.338559375 0.298828125 0.3400296875 0.2666015625 0.3400296875 0.2373046875 0.33610937500000004 0.216796875 0.34394843750000004 0.224609375 0.3601171875 0.248046875 0.3630578125 0.291015625 0.36795625 0.326171875 0.36893750000000003 0.3603515625 0.37285625 0.388671875 0.37775625 0.423828125 0.37922656250000003 0.4287109375 0.36648749999999997 0.4365234375 0.3561984375 0.43359375 0.34394843750000004 0.4130859375 0.33464062499999997
15 0.408203125 0.29005312499999997 0.439453125 0.2871140625 0.4462890625 0.2709453125 0.458984375 0.2567375 0.46484375 0.24154843750000002 0.451171875 0.2297890625 0.416015625 0.223909375 0.384765625 0.2185203125 0.35546875 0.21362031250000002 0.3369140625 0.2048015625 0.3095703125 0.1994125 0.279296875 0.194021875 0.2890625 0.20578124999999997 0.314453125 0.2209703125 0.341796875 0.2322390625 0.3291015625 0.244978125 0.3017578125 0.23958906249999998 0.2783203125 0.2302796875 0.240234375 0.222440625 0.263671875 0.24154843750000002 0.30078125 0.25575625 0.32421875 0.25918593749999996 0.35546875 0.26849531249999997 0.3798828125 0.2822140625 0.408203125 0.29005312499999997
6 0.4033203125 0.5316015625 0.3759765625 0.5311125 0.33984375 0.5286625 0.3046875 0.5286625 0.271484375 0.5271921875000001 0.2587890625 0.540421875 0.296875 0.5467906250000001 0.330078125 0.549240625 0.36328125 0.5526703125 0.3935546875 0.558059375 0.431640625 0.561 0.4541015625 0.556590625 0.4521484375 0.540421875 0.4560546875 0.5276828124999999 0.4345703125 0.5276828124999999 0.4033203125 0.5316015625
5 0.45703125 0.5590390625 0.431640625 0.556590625 0.4033203125 0.555609375 0.3720703125 0.5541406249999999 0.3447265625 0.5541406249999999 0.3134765625 0.5541406249999999 0.2861328125 0.5531609375000001 0.2607421875 0.5541406249999999 0.240234375 0.5658984375 0.255859375 0.5801078125 0.28125 0.5825578124999999 0.3134765625 0.5850078125 0.33984375 0.5889265625 0.365234375 0.5889265625 0.4052734375 0.5903968749999999 0.447265625 0.5952968750000001 0.46875 0.5874578125000001 0.47265625 0.57226875 0.45703125 0.5590390625
4 0.46484375 0.601665625 0.44921875 0.5894171874999999 0.4306640625 0.581578125 0.392578125 0.5859875 0.3505859375 0.5874578125000001 0.314453125 0.5899062500000001 0.2783203125 0.592846875 0.248046875 0.599215625 0.232421875 0.6095046875000001 0.2587890625 0.615384375 0.2919921875 0.615384375 0.32421875 0.6168546874999999 0.3515625 0.6212640625 0.384765625 0.624203125 0.4150390625 0.6256734374999999 0.4404296875 0.6300828125 0.4580078125 0.6237140625 0.466796875 0.6119546875 0.46484375 0.601665625
3 0.466796875 0.6423328125000001 0.451171875 0.6207734375 0.4267578125 0.620284375 0.3974609375 0.6207734375 0.373046875 0.62224375 0.3427734375 0.6232234375 0.31640625 0.626653125 0.279296875 0.624203125 0.248046875 0.6305734375000001 0.2197265625 0.6369421875 0.2421875 0.6487015625 0.2763671875 0.6536015625 0.30078125 0.6550703125 0.3369140625 0.6575203125 0.3623046875 0.658990625 0.3955078125 0.665359375 0.423828125 0.6687890624999999 0.451171875 0.663890625 0.46484375 0.652621875 0.466796875 0.6423328125000001
0 0.35546875 0.751103125 0.3857421875 0.7466921875 0.4140625 0.7432624999999999 0.439453125 0.73689375 0.4619140625 0.727584375 0.466796875 0.7123953125 0.4541015625 0.700146875 0.4443359375 0.6883874999999999 0.4365234375 0.6756484375 0.4111328125 0.666340625 0.3828125 0.6717296875 0.359375 0.6795687499999999 0.33984375 0.6918171875 0.3212890625 0.700146875 0.3017578125 0.7109265625 0.2783203125 0.7138656250000001 0.255859375 0.7212156249999999 0.248046875 0.7329734375 0.2451171875 0.7457125 0.271484375 0.73934375 0.2939453125 0.730525 0.3291015625 0.7217046875 0.330078125 0.7378734375 0.3017578125 0.7471828125 0.271484375 0.757471875 0.265625 0.7741296875 0.296875 0.7790296875 0.333984375 0.757471875 0.35546875 0.751103125