31 0.1891234375 0.3408203125 0.19647187500000002 0.3798828125 0.20382187499999999 0.4306640625 0.20333125000000002 0.46875 0.21999062500000002 0.486328125 0.236159375 0.4931640625 0.24448750000000002 0.470703125 0.2552671875 0.447265625 0.24693749999999998 0.4091796875 0.24252812499999998 0.37109375 0.23517812500000002 0.3408203125 0.2234203125 0.3173828125 0.210190625 0.306640625 0.1954921875 0.3134765625 0.1891234375 0.3408203125
13 0.3238609375 0.3515625 0.3140625 0.3388671875 0.3121015625 0.37109375 0.30034375 0.3935546875 0.29495312500000004 0.333984375 0.286134375 0.3369140625 0.2797640625 0.3642578125 0.276825 0.400390625 0.26555625 0.4345703125 0.2577171875 0.4609375 0.2552671875 0.4970703125 0.26555625 0.515625 0.2895640625 0.5390625 0.3076921875 0.51953125 0.3150421875 0.486328125 0.3150421875 0.4541015625 0.31651093750000003 0.4306640625 0.3238609375 0.400390625 0.3258203125 0.375 0.3238609375 0.3515625
17 0.3591375 0.3603515625 0.3561984375 0.328125 0.34394843750000004 0.3212890625 0.33022968750000004 0.3193359375 0.3375796875 0.353515625 0.3366 0.4033203125 0.333659375 0.443359375 0.3508078125 0.4609375 0.3591375 0.416015625 0.3591375 0.3603515625
19 0.42038281250000004 0.3642578125 0.4140125 0.30859375 0.3944140625 0.2939453125 0.3860859375 0.3115234375 0.3924546875 0.3349609375 0.393434375 0.3662109375 0.3968640625 0.4091796875 0.39539375 0.4541015625 0.39539375 0.490234375 0.39539375 0.5185546875 0.40519375 0.537109375 0.41891249999999997 0.53125 0.42773125 0.5078125 0.42773125 0.46875 0.42332187499999996 0.4267578125 0.42038281250000004 0.3642578125
20 0.46643749999999995 0.2900390625 0.4492890625 0.3046875 0.44145 0.3369140625 0.4360609375 0.3662109375 0.43753125 0.4052734375 0.4331203125 0.4501953125 0.429690625 0.5048828125 0.43508125 0.537109375 0.44782031250000004 0.5390625 0.46006875 0.53515625 0.46202812499999996 0.5029296875 0.46202812499999996 0.462890625 0.4630078125 0.4111328125 0.46496875 0.3642578125 0.47182812500000004 0.326171875 0.46643749999999995 0.2900390625
21 0.49926562499999994 0.3896484375 0.496325 0.3662109375 0.49387499999999995 0.3388671875 0.485546875 0.3193359375 0.47182812500000004 0.3427734375 0.4674171875 0.3857421875 0.46496875 0.4287109375 0.47035781249999997 0.4501953125 0.46202812499999996 0.4921875 0.4639875 0.509765625 0.46643749999999995 0.53515625 0.484565625 0.5478515625 0.496325 0.5390625 0.5046546875 0.529296875 0.506125 0.5009765625 0.501715625 0.470703125 0.501715625 0.4306640625 0.49926562499999994 0.3896484375
22 0.5639390625 0.3173828125 0.5477703125 0.2958984375 0.5350312500000001 0.2880859375 0.5227828125 0.2958984375 0.515434375 0.322265625 0.514453125 0.345703125 0.5134734375 0.396484375 0.51004375 0.443359375 0.5080843749999999 0.48828125 0.5071046875 0.5205078125 0.5134734375 0.5419921875 0.5296421875 0.5419921875 0.5467906250000001 0.5419921875 0.54973125 0.5205078125 0.54973125 0.4951171875 0.5477703125 0.466796875 0.54973125 0.423828125 0.5531609375000001 0.3876953125 0.5561 0.34765625 0.5639390625 0.3173828125
30 0.5820671875000001 0.3134765625 0.5712890625 0.3388671875 0.5639390625 0.3642578125 0.55855 0.3896484375 0.5541406249999999 0.419921875 0.5507109375 0.4501953125 0.54875 0.48828125 0.5521796875 0.513671875 0.55855 0.5419921875 0.5712890625 0.53515625 0.5756984375 0.486328125 0.576678125 0.4453125 0.583046875 0.4091796875 0.5859875 0.3662109375 0.592846875 0.322265625 0.5820671875000001 0.3134765625
29 0.599215625 0.3173828125 0.5938265625 0.3583984375 0.5874578125000001 0.400390625 0.5810875 0.4345703125 0.576678125 0.4794921875 0.5796171875 0.5185546875 0.5903968749999999 0.53515625 0.60460625 0.5390625 0.6055859375 0.4970703125 0.610975 0.4541015625 0.6139140624999999 0.4287109375 0.6139140624999999 0.400390625 0.6173437500000001 0.3603515625 0.6139140624999999 0.330078125 0.599215625 0.3173828125
23 0.6452718749999999 0.3603515625 0.6398828125 0.3427734375 0.6281234375 0.3603515625 0.6173437500000001 0.3896484375 0.6163640625 0.4287109375 0.6070546875 0.4765625 0.60460625 0.5009765625 0.6055859375 0.51953125 0.6193046875 0.5419921875 0.6354734375 0.5458984375 0.6438015625 0.533203125 0.642821875 0.513671875 0.6418421875 0.484375 0.638903125 0.4609375 0.638903125 0.4375 0.6418421875 0.416015625 0.64723125 0.3818359375 0.6452718749999999 0.3603515625
24 0.6741796875 0.3583984375 0.67075 0.3369140625 0.6580109375000001 0.345703125 0.652621875 0.375 0.6452718749999999 0.400390625 0.6408625 0.443359375 0.6408625 0.490234375 0.6452718749999999 0.5224609375 0.652621875 0.5478515625 0.6643796875 0.5458984375 0.6766296875 0.537109375 0.67711875 0.51171875 0.67075 0.4794921875 0.667809375 0.4501953125 0.6741796875 0.419921875 0.67711875 0.3857421875 0.6741796875 0.3583984375
25 0.7266046875 0.4326171875 0.7266046875 0.3984375 0.727584375 0.37109375 0.727584375 0.3515625 0.7241546875 0.330078125 0.7148453124999999 0.3154296875 0.7030875 0.3349609375 0.695246875 0.3583984375 0.6898578125 0.38671875 0.6834890625 0.416015625 0.67075 0.4345703125 0.667809375 0.47265625 0.6683 0.4912109375 0.6805484374999999 0.509765625 0.6932875000000001 0.5185546875 0.6981875 0.50390625 0.7040671875 0.5205078125 0.7177859375 0.5224609375 0.723175 0.4990234375 0.727584375 0.470703125 0.7266046875 0.4326171875
26 0.76923125 0.3818359375 0.7726609375 0.353515625 0.7726609375 0.330078125 0.764821875 0.3115234375 0.7545328125 0.2978515625 0.73934375 0.3115234375 0.73934375 0.349609375 0.7339546875 0.39453125 0.72954375 0.4306640625 0.7226843749999999 0.494140625 0.727584375 0.513671875 0.7413031250000001 0.529296875 0.7506125 0.525390625 0.75698125 0.5126953125 0.763840625 0.5244140625 0.77805 0.5029296875 0.7790296875 0.46875 0.7756000000000001 0.4453125 0.77168125 0.4130859375 0.76923125 0.3818359375
27 0.809896875 0.5 0.8167562500000001 0.4873046875 0.8221453125 0.4833984375 0.8255750000000001 0.470703125 0.8226359375 0.447265625 0.8162671874999999 0.416015625 0.8162671874999999 0.376953125 0.82165625 0.345703125 0.812346875 0.3134765625 0.796178125 0.3115234375 0.7873593750000001 0.34765625 0.78686875 0.3603515625 0.7858890625 0.37890625 0.7858890625 0.392578125 0.7858890625 0.41015625 0.7834390625000001 0.4228515625 0.7805 0.4443359375 0.7795203125 0.46484375 0.7805 0.4853515625 0.78441875 0.4970703125 0.7907890625 0.5078125 0.7981374999999999 0.515625 0.8040171875000001 0.513671875 0.809896875 0.5
7 0.498284375 0.66015625 0.49289531249999996 0.69140625 0.4889765625 0.71875 0.501715625 0.724609375 0.5080843749999999 0.703125 0.514453125 0.6787109375 0.5188640625 0.6552734375 0.5247421875 0.6171875 0.5262125 0.591796875 0.5296421875 0.5693359375 0.5237625 0.55078125 0.5120046874999999 0.5478515625 0.5022046875 0.556640625 0.501715625 0.59375 0.5007343750000001 0.6279296875 0.498284375 0.66015625
8 0.4737875 0.6171875 0.4737875 0.64453125 0.4737875 0.6708984375 0.4713375 0.69921875 0.4728078125 0.724609375 0.485546875 0.720703125 0.48652656250000004 0.6982421875 0.48946562499999996 0.677734375 0.49387499999999995 0.6533203125 0.4953453125 0.6298828125 0.49926562499999994 0.6015625 0.501715625 0.5732421875 0.505634375 0.5400390625 0.49289531249999996 0.541015625 0.47868750000000004 0.5478515625 0.4762375 0.5712890625 0.4737875 0.591796875 0.4737875 0.6171875
9 0.44439062500000004 0.650390625 0.441940625 0.6826171875 0.4404703125 0.7109375 0.4453703125 0.7392578125 0.46006875 0.7392578125 0.46251875 0.7138671875 0.4634984375 0.6904296875 0.46496875 0.662109375 0.47035781249999997 0.6318359375 0.4728078125 0.609375 0.4762375 0.5810546875 0.4723171875 0.560546875 0.45761874999999996 0.5537109375 0.4453703125 0.56640625 0.4453703125 0.5986328125 0.44585937500000006 0.6240234375 0.44439062500000004 0.650390625
10 0.404703125 0.65234375 0.40519375 0.677734375 0.40715312499999995 0.7119140625 0.4061734375 0.74609375 0.4061734375 0.7802734375 0.4086234375 0.8046875 0.42773125 0.796875 0.430671875 0.7705078125 0.4331203125 0.7373046875 0.43655 0.701171875 0.43802031250000006 0.6650390625 0.44292031249999997 0.6171875 0.4404703125 0.5888671875 0.4341015625 0.560546875 0.41891249999999997 0.5478515625 0.409603125 0.5693359375 0.40715312499999995 0.5947265625 0.4061734375 0.6171875 0.404703125 0.65234375
11 0.40715312499999995 0.673828125 0.390984375 0.6728515625 0.37432656249999996 0.6650390625 0.37040625 0.6962890625 0.36648749999999997 0.716796875 0.37138593750000004 0.7666015625 0.3949046875 0.7666015625 0.40372343749999995 0.7421875 0.40372343749999995 0.7138671875 0.40715312499999995 0.673828125
12 0.33610937500000004 0.642578125 0.338559375 0.6650390625 0.3400296875 0.701171875 0.3400296875 0.7333984375 0.33610937500000004 0.7626953125 0.34394843750000004 0.783203125 0.3601171875 0.775390625 0.3630578125 0.751953125 0.36795625 0.708984375 0.36893750000000003 0.673828125 0.37285625 0.6396484375 0.37775625 0.611328125 0.37922656250000003 0.576171875 0.36648749999999997 0.5712890625 0.3561984375 0.5634765625 0.34394843750000004 0.56640625 0.33464062499999997 0.5869140625 0.333659375 0.609375 0.33610937500000004 0.642578125
15 0.2709453125 0.5537109375 0.2567375 0.541015625 0.24154843750000002 0.53515625 0.2297890625 0.548828125 0.223909375 0.583984375 0.2185203125 0.615234375 0.21362031250000002 0.64453125 0.2048015625 0.6630859375 0.1994125 0.6904296875 0.194021875 0.720703125 0.20578124999999997 0.7109375 0.2209703125 0.685546875 0.2322390625 0.658203125 0.244978125 0.6708984375 0.23958906249999998 0.6982421875 0.2302796875 0.7216796875 0.222440625 0.759765625 0.24154843750000002 0.736328125 0.25575625 0.69921875 0.25918593749999996 0.67578125 0.26849531249999997 0.64453125 0.2822140625 0.6201171875 0.29005312499999997 0.591796875 0.2871140625 0.560546875 0.2709453125 0.5537109375
6 0.5286625 0.66015625 0.5286625 0.6953125 0.5271921875000001 0.728515625 0.540421875 0.7412109375 0.5467906250000001 0.703125 0.549240625 0.669921875 0.5526703125 0.63671875 0.558059375 0.6064453125 0.561 0.568359375 0.556590625 0.5458984375 0.540421875 0.5478515625 0.5276828124999999 0.5439453125 0.5276828124999999 0.5654296875 0.5316015625 0.5966796875 0.5311125 0.6240234375 0.5286625 0.66015625
5 0.555609375 0.5966796875 0.5541406249999999 0.6279296875 0.5541406249999999 0.6552734375 0.5541406249999999 0.6865234375 0.5531609375000001 0.7138671875 0.5541406249999999 0.7392578125 0.5658984375 0.759765625 0.5801078125 0.744140625 0.5825578124999999 0.71875 0.5850078125 0.6865234375 0.5889265625 0.66015625 0.5889265625 0.634765625 0.5903968749999999 0.5947265625 0.5952968750000001 0.552734375 0.5874578125000001 0.53125 0.57226875 0.52734375 0.5590390625 0.54296875 0.556590625 0.568359375 0.555609375 0.5966796875
4 0.581578125 0.5693359375 0.5859875 0.607421875 0.5874578125000001 0.6494140625 0.5899062500000001 0.685546875 0.592846875 0.7216796875 0.599215625 0.751953125 0.6095046875000001 0.767578125 0.615384375 0.7412109375 0.615384375 0.7080078125 0.6168546874999999 0.67578125 0.6212640625 0.6484375 0.624203125 0.615234375 0.6256734374999999 0.5849609375 0.6300828125 0.5595703125 0.6237140625 0.5419921875 0.6119546875 0.533203125 0.601665625 0.53515625 0.5894171874999999 0.55078125 0.581578125 0.5693359375
3 0.620284375 0.5732421875 0.6207734375 0.6025390625 0.62224375 0.626953125 0.6232234375 0.6572265625 0.626653125 0.68359375 0.624203125 0.720703125 0.6305734375000001 0.751953125 0.6369421875 0.7802734375 0.6487015625 0.7578125 0.6536015625 0.7236328125 0.6550703125 0.69921875 0.6575203125 0.6630859375 0.658990625 0.6376953125 0.665359375 0.6044921875 0.6687890624999999 0.576171875 0.663890625 0.548828125 0.652621875 0.53515625 0.6423328125000001 0.533203125 0.6207734375 0.548828125 0.620284375 0.5732421875
0 0.7432624999999999 0.5859375 0.73689375 0.560546875 0.727584375 0.5380859375 0.7123953125 0.533203125 0.700146875 0.5458984375 0.6883874999999999 0.5556640625 0.6756484375 0.5634765625 0.666340625 0.5888671875 0.6717296875 0.6171875 0.6795687499999999 0.640625 0.6918171875 0.66015625 0.700146875 0.6787109375 0.7109265625 0.6982421875 0.7138656250000001 0.7216796875 0.7212156249999999 0.744140625 0.7329734375 0.751953125 0.7457125 0.7548828125 0.73934375 0.728515625 0.730525 0.7060546875 0.7217046875 0.6708984375 0.7378734375 0.669921875 0.7471828125 0.6982421875 0.757471875 0.728515625 0.7741296875 0.734375 0.7790296875 0.703125 0.757471875 0.666015625 0.751103125 0.64453125 0.7466921875 0.6142578125 0.7432624999999999 0.5859375