31 0.724425 0.36328125 0.73519375 0.380859375 0.74449375 0.3671875 0.7611359375 0.365234375 0.7581984375 0.337890625 0.7493875 0.3212890625 0.7581984375 0.3173828125 0.7660296875 0.3017578125 0.7621140625 0.2822265625 0.7405781250000001 0.2724609375 0.720509375 0.2763671875 0.7087609375 0.2939453125 0.7077828125 0.3251953125 0.7146359375 0.34765625 0.724425 0.36328125
2 0.6960359375 0.416015625 0.6960359375 0.4375 0.6960359375 0.4609375 0.6999515625 0.486328125 0.7107187500000001 0.5048828125 0.7234453125 0.5166015625 0.7332359375 0.5048828125 0.7376406249999999 0.490234375 0.7493875 0.4921875 0.7533046875 0.47265625 0.756240625 0.455078125 0.7542828125 0.43359375 0.74155625 0.41796875 0.7332359375 0.40234375 0.7214875000000001 0.37890625 0.701909375 0.384765625 0.69211875 0.390625 0.6960359375 0.416015625
13 0.6387671874999999 0.5283203125 0.64561875 0.5556640625 0.6558984375 0.5673828125 0.669603125 0.5634765625 0.677434375 0.5439453125 0.688203125 0.5634765625 0.6999515625 0.5458984375 0.701909375 0.5205078125 0.701909375 0.5009765625 0.69505625 0.4765625 0.6891828125 0.44921875 0.687225 0.4296875 0.6842875 0.412109375 0.6842875 0.39453125 0.6656875 0.388671875 0.6490453125 0.392578125 0.6480671874999999 0.431640625 0.644640625 0.46484375 0.6387671874999999 0.5 0.6387671874999999 0.5283203125
17 0.6103765625 0.5029296875 0.6103765625 0.5322265625 0.6133140625 0.5517578125 0.615271875 0.5771484375 0.6250609375 0.5810546875 0.636809375 0.5888671875 0.644640625 0.5810546875 0.6465984375 0.5595703125 0.64561875 0.5361328125 0.6465984375 0.5068359375 0.64561875 0.48046875 0.6392562500000001 0.4580078125 0.636809375 0.439453125 0.6348499999999999 0.412109375 0.632403125 0.3955078125 0.630934375 0.380859375 0.6133140625 0.384765625 0.60841875 0.41015625 0.60841875 0.44140625 0.60841875 0.4765625 0.6103765625 0.5029296875
21 0.50318125 0.5869140625 0.5056296875 0.6083984375 0.5183546875 0.6142578125 0.5291234375 0.6142578125 0.54038125 0.6015625 0.5418499999999999 0.5712890625 0.5418499999999999 0.5400390625 0.5438078125 0.5205078125 0.54625625 0.4921875 0.5491921875 0.46484375 0.5452765625 0.4326171875 0.5335296875 0.41796875 0.52471875 0.4453125 0.5203125 0.4755859375 0.5129718750000001 0.5185546875 0.5110125 0.556640625 0.50318125 0.5869140625
22 0.480665625 0.5439453125 0.47675 0.57421875 0.48849687499999994 0.5693359375 0.49926562499999994 0.55859375 0.5075875 0.537109375 0.5075875 0.4970703125 0.50465 0.462890625 0.5022031250000001 0.4326171875 0.49486093750000004 0.400390625 0.4850703125 0.4267578125 0.4850703125 0.466796875 0.480665625 0.509765625 0.480665625 0.5439453125
30 0.4390609375 0.5537109375 0.4454234375 0.5888671875 0.4478703125 0.6142578125 0.45961875 0.623046875 0.4669609375 0.6181640625 0.4708765625 0.6123046875 0.47675 0.5654296875 0.47332343750000005 0.529296875 0.47332343750000005 0.51171875 0.46891875 0.484375 0.46891875 0.4560546875 0.4669609375 0.439453125 0.46598125 0.4111328125 0.45178593749999996 0.4091796875 0.44444375 0.4501953125 0.4424859375 0.490234375 0.440528125 0.525390625 0.4390609375 0.5537109375
29 0.4092015625 0.5693359375 0.4092015625 0.603515625 0.4175234375 0.619140625 0.42829218750000003 0.62109375 0.44640312499999996 0.6142578125 0.4478703125 0.5908203125 0.44395468749999994 0.5537109375 0.43808125000000003 0.5224609375 0.43465468749999997 0.490234375 0.4336765625 0.46484375 0.4336765625 0.4482421875 0.4336765625 0.4287109375 0.41850156250000003 0.423828125 0.4229078125 0.4580078125 0.421928125 0.486328125 0.41654375000000005 0.51171875 0.411159375 0.537109375 0.4092015625 0.5693359375
23 0.37934375 0.5224609375 0.37591718749999997 0.552734375 0.3705328125 0.576171875 0.3857078125 0.609375 0.394028125 0.6025390625 0.40528593749999997 0.5947265625 0.40969218749999997 0.578125 0.41018125000000005 0.5458984375 0.4092015625 0.5224609375 0.4092015625 0.4921875 0.404796875 0.462890625 0.40039218749999994 0.4052734375 0.38864375 0.396484375 0.377875 0.4111328125 0.38228125 0.4326171875 0.38228125 0.4794921875 0.37934375 0.5224609375
24 0.34116562500000003 0.5595703125 0.3426328125 0.580078125 0.35780781250000004 0.5927734375 0.36368125 0.5849609375 0.3724921875 0.5810546875 0.3764078125 0.5634765625 0.377875 0.5322265625 0.373959375 0.4716796875 0.3715125 0.443359375 0.3724921875 0.416015625 0.368575 0.3896484375 0.35438125 0.37109375 0.34997500000000004 0.4091796875 0.34997500000000004 0.44140625 0.34997500000000004 0.4775390625 0.346059375 0.5244140625 0.34116562500000003 0.5595703125
25 0.2976015625 0.484375 0.29319687499999997 0.5146484375 0.2946640625 0.5458984375 0.3039640625 0.5634765625 0.3157125 0.55859375 0.32354375 0.578125 0.33235468749999997 0.5751953125 0.34459062500000004 0.5556640625 0.3441015625 0.52734375 0.340675 0.5009765625 0.340675 0.46875 0.340675 0.4365234375 0.339696875 0.4072265625 0.335290625 0.369140625 0.3157125 0.3818359375 0.3029859375 0.3818359375 0.3093484375 0.4287109375 0.307390625 0.4560546875 0.2976015625 0.484375
26 0.24620625000000002 0.482421875 0.2604015625 0.48828125 0.2643171875 0.513671875 0.2750859375 0.5205078125 0.2858546875 0.513671875 0.29858125 0.501953125 0.2976015625 0.4521484375 0.3000484375 0.421875 0.3000484375 0.39453125 0.3000484375 0.376953125 0.29858125 0.328125 0.2829171875 0.330078125 0.279490625 0.376953125 0.25844374999999997 0.4296875 0.2506125 0.4482421875 0.24620625000000002 0.482421875
27 0.23152187500000002 0.3212890625 0.23886406249999997 0.345703125 0.24865468750000003 0.3623046875 0.259421875 0.376953125 0.27410625 0.3798828125 0.279490625 0.345703125 0.2829171875 0.3193359375 0.2765546875 0.287109375 0.2643171875 0.279296875 0.24865468750000003 0.279296875 0.23788593750000003 0.302734375 0.23152187500000002 0.3212890625
28 0.20264375 0.62109375 0.20117500000000002 0.642578125 0.2055796875 0.66796875 0.2153703125 0.6630859375 0.225159375 0.6572265625 0.23543750000000002 0.650390625 0.24963281249999997 0.6376953125 0.24865468750000003 0.6103515625 0.24620625000000002 0.5849609375 0.23543750000000002 0.580078125 0.23690625 0.55078125 0.22809531249999998 0.53515625 0.214390625 0.5419921875 0.2055796875 0.5673828125 0.2001953125 0.5947265625 0.20264375 0.62109375
0 0.24327031250000003 0.6533203125 0.23250156249999998 0.673828125 0.22809531249999998 0.7001953125 0.242290625 0.7275390625 0.2525703125 0.7275390625 0.2633375 0.7021484375 0.273128125 0.6875 0.284875 0.66796875 0.2976015625 0.6396484375 0.3083703125 0.623046875 0.316690625 0.6015625 0.3083703125 0.5712890625 0.3000484375 0.560546875 0.28683281250000003 0.5458984375 0.2721484375 0.533203125 0.2604015625 0.55859375 0.25599531249999996 0.59765625 0.251590625 0.626953125 0.24327031250000003 0.6533203125
1 0.307390625 0.7041015625 0.322565625 0.7080078125 0.3308859375 0.6845703125 0.335290625 0.6630859375 0.3308859375 0.626953125 0.31718125 0.6103515625 0.30641250000000003 0.6318359375 0.2936859375 0.64453125 0.2912390625 0.671875 0.2976015625 0.69140625 0.307390625 0.7041015625
3 0.3308859375 0.7216796875 0.32648125 0.759765625 0.322565625 0.7978515625 0.322565625 0.8212890625 0.331865625 0.8408203125 0.339696875 0.810546875 0.3455703125 0.7861328125 0.3509546875 0.7626953125 0.3548703125 0.73046875 0.3671078125 0.6943359375 0.38130156249999997 0.650390625 0.38228125 0.6259765625 0.363190625 0.6162109375 0.35144375 0.6337890625 0.338228125 0.6552734375 0.3362703125 0.689453125 0.3308859375 0.7216796875
4 0.3842390625 0.716796875 0.3842390625 0.7509765625 0.38228125 0.78515625 0.38228125 0.8193359375 0.3842390625 0.8388671875 0.3901125 0.8212890625 0.3950078125 0.7958984375 0.39892343750000003 0.7626953125 0.40088125 0.7373046875 0.4013703125 0.7021484375 0.40822343749999995 0.673828125 0.411159375 0.638671875 0.396475 0.6318359375 0.383259375 0.6279296875 0.3773859375 0.6640625 0.38032343750000003 0.6875 0.3842390625 0.716796875
5 0.4121390625 0.7216796875 0.411159375 0.755859375 0.411159375 0.7998046875 0.411159375 0.8388671875 0.4229078125 0.84765625 0.42927031250000003 0.82421875 0.4307390625 0.783203125 0.43563437499999996 0.76171875 0.43808125000000003 0.732421875 0.4400390625 0.689453125 0.44640312499999996 0.640625 0.4278015625 0.625 0.4131171875 0.63671875 0.4121390625 0.697265625 0.4121390625 0.7216796875
6 0.4454234375 0.7939453125 0.45178593749999996 0.8193359375 0.46255468750000006 0.810546875 0.46255468750000006 0.78125 0.46500312499999996 0.7578125 0.46891875 0.724609375 0.4708765625 0.701171875 0.47332343750000005 0.662109375 0.4747921875 0.6416015625 0.45815 0.6357421875 0.44444375 0.646484375 0.4424859375 0.6875 0.4424859375 0.7294921875 0.4424859375 0.76171875 0.4454234375 0.7939453125
7 0.47332343750000005 0.7451171875 0.4703859375 0.7724609375 0.4703859375 0.806640625 0.4831125 0.8212890625 0.48996562499999996 0.8076171875 0.4919234375 0.779296875 0.49681875 0.7451171875 0.49779687499999997 0.7041015625 0.5012234375 0.6650390625 0.49926562499999994 0.6337890625 0.4831125 0.6376953125 0.4723453125 0.642578125 0.47332343750000005 0.6826171875 0.47528125 0.71484375 0.47332343750000005 0.7451171875
8 0.50465 0.7314453125 0.5012234375 0.7578125 0.5022031250000001 0.783203125 0.5022031250000001 0.810546875 0.5129718750000001 0.806640625 0.5163968750000001 0.7744140625 0.519334375 0.7451171875 0.52178125 0.716796875 0.5237390625 0.693359375 0.5256968750000001 0.6767578125 0.5266765625 0.6533203125 0.5183546875 0.62890625 0.508565625 0.6337890625 0.49926562499999994 0.646484375 0.49926562499999994 0.669921875 0.50318125 0.697265625 0.50465 0.7314453125
9 0.5266765625 0.7744140625 0.5266765625 0.80859375 0.5398921875 0.806640625 0.5438078125 0.7744140625 0.5491921875 0.7421875 0.5526187499999999 0.7236328125 0.55898125 0.697265625 0.558003125 0.671875 0.55898125 0.6552734375 0.55898125 0.6376953125 0.5438078125 0.626953125 0.5256968750000001 0.623046875 0.5291234375 0.6572265625 0.5291234375 0.693359375 0.5281453125 0.7314453125 0.5266765625 0.7744140625
10 0.5624078124999999 0.783203125 0.564365625 0.826171875 0.5663234375 0.8623046875 0.5814984375 0.869140625 0.58345625 0.8388671875 0.5849234375 0.8046875 0.5878609375 0.7724609375 0.588840625 0.73828125 0.5903078125000001 0.7080078125 0.5942234375 0.6787109375 0.5942234375 0.6591796875 0.5903078125000001 0.6396484375 0.579540625 0.619140625 0.5663234375 0.6337890625 0.55898125 0.6552734375 0.5633874999999999 0.693359375 0.564365625 0.73828125 0.5624078124999999 0.783203125
11 0.596671875 0.71484375 0.596671875 0.7490234375 0.5986296875 0.7763671875 0.607440625 0.8046875 0.605971875 0.8369140625 0.6157609374999999 0.853515625 0.624571875 0.8369140625 0.6201671875 0.8154296875 0.6201671875 0.78515625 0.6191875 0.755859375 0.6211453125 0.734375 0.6211453125 0.7109375 0.622125 0.6787109375 0.622125 0.646484375 0.6147828125 0.619140625 0.5996078125000001 0.6123046875 0.5942234375 0.6396484375 0.592265625 0.6806640625 0.596671875 0.71484375
12 0.623103125 0.6591796875 0.633871875 0.689453125 0.6348499999999999 0.71875 0.64561875 0.7509765625 0.6500250000000001 0.78515625 0.6544296875 0.806640625 0.6607921875 0.83203125 0.6715609375 0.828125 0.668134375 0.802734375 0.668134375 0.7763671875 0.668134375 0.7529296875 0.6637296874999999 0.7255859375 0.6607921875 0.7060546875 0.6607921875 0.673828125 0.6598140625 0.6533203125 0.6607921875 0.626953125 0.6500250000000001 0.60546875 0.633871875 0.6103515625 0.6211453125 0.6123046875 0.61771875 0.6396484375 0.623103125 0.6591796875
15 0.7738625 0.6611328125 0.767009375 0.63671875 0.7567296875 0.603515625 0.75379375 0.576171875 0.7493875 0.552734375 0.7400875 0.53125 0.72295625 0.5263671875 0.7195296875 0.560546875 0.705825 0.5478515625 0.69505625 0.5712890625 0.6862453125 0.5947265625 0.6916296875 0.6142578125 0.7048453125 0.6337890625 0.71659375 0.646484375 0.72589375 0.666015625 0.733725 0.6875 0.74449375 0.7041015625 0.756240625 0.716796875 0.7621140625 0.712890625 0.7660296875 0.708984375 0.7650515625 0.701171875 0.7586875 0.6865234375 0.7420453124999999 0.6435546875 0.74449375 0.638671875 0.75085625 0.650390625 0.76015625 0.673828125 0.7753296875 0.7021484375 0.780225 0.7041015625 0.780225 0.6904296875 0.7738625 0.6611328125
16 0.821340625 0.5771484375 0.8193828125 0.5498046875 0.813509375 0.5234375 0.80029375 0.5185546875 0.78169375 0.5302734375 0.773371875 0.5537109375 0.7626046875 0.580078125 0.7660296875 0.61328125 0.7821828125 0.6318359375 0.7978468750000001 0.6435546875 0.8169359375 0.650390625 0.8193828125 0.626953125 0.8179140625000001 0.603515625 0.821340625 0.5771484375
18 0.5663234375 0.5224609375 0.5721984375 0.57421875 0.5986296875 0.6044921875 0.616740625 0.5830078125 0.6089078125 0.5419921875 0.603525 0.4423828125 0.5971609375 0.392578125 0.5663234375 0.5224609375
19 0.5814984375 0.580078125 0.578071875 0.3857421875 0.5736656250000001 0.349609375 0.5584921875 0.4091796875 0.5516390624999999 0.509765625 0.5423390625 0.5595703125 0.55555625 0.6103515625 0.5702406250000001 0.619140625 0.5814984375 0.580078125