21 0.576171875 0.51249375 0.54296875 0.5110234375 0.509765625 0.5071046875 0.4814453125 0.51249375 0.4794921875 0.5262125 0.4794921875 0.53993125 0.4921875 0.5507109375 0.5224609375 0.549240625 0.552734375 0.5463015625 0.5810546875 0.5453203125 0.611328125 0.5414015625 0.6455078125 0.5389515625 0.67578125 0.537971875 0.7080078125 0.5335625 0.7119140625 0.51739375 0.6787109375 0.516903125 0.6533203125 0.5134734375 0.6142578125 0.5134734375 0.576171875 0.51249375
20 0.5654296875 0.5477703125 0.53515625 0.5482609375 0.5078125 0.5502203125 0.5126953125 0.5619796874999999 0.5126953125 0.5737390625 0.5380859375 0.57471875 0.5654296875 0.57226875 0.591796875 0.5668796875 0.615234375 0.5644296875 0.654296875 0.560509375 0.68359375 0.558059375 0.728515625 0.558059375 0.720703125 0.544340625 0.6630859375 0.549240625 0.6279296875 0.5467906250000001 0.6015625 0.5477703125 0.5654296875 0.5477703125
19 0.6044921875 0.5737390625 0.568359375 0.571778125 0.5361328125 0.57226875 0.515625 0.5801078125 0.515625 0.5938265625 0.52734375 0.604115625 0.55078125 0.6055859375 0.576171875 0.604115625 0.6064453125 0.6031359375 0.640625 0.6001953125 0.6826171875 0.5987265625 0.716796875 0.5938265625 0.7373046875 0.5786374999999999 0.701171875 0.57716875 0.669921875 0.5781484375 0.640625 0.57716875 0.6044921875 0.5737390625
18 0.6025390625 0.606565625 0.56640625 0.6031359375 0.5302734375 0.6026453125 0.53125 0.6178343749999999 0.53125 0.6344921875 0.548828125 0.6438015625 0.5810546875 0.6359625 0.6025390625 0.6325328125 0.6376953125 0.6286140625 0.677734375 0.626653125 0.716796875 0.624203125 0.744140625 0.6119546875 0.703125 0.6119546875 0.666015625 0.6080359375 0.6328125 0.606565625 0.6025390625 0.606565625
2 0.6708984375 0.7226843749999999 0.6396484375 0.7226843749999999 0.611328125 0.723175 0.5986328125 0.73444375 0.5869140625 0.7496328125 0.609375 0.7613921875 0.6328125 0.7702109375 0.6630859375 0.7672703125 0.6865234375 0.762371875 0.7138671875 0.7599218750000001 0.7470703125 0.7599218750000001 0.7724609375 0.74424375 0.75390625 0.7339546875 0.7294921875 0.7226843749999999 0.7041015625 0.723175 0.6708984375 0.7226843749999999
30 0.5732421875 0.44585937500000006 0.53515625 0.439490625 0.501953125 0.439490625 0.4814453125 0.45320937499999997 0.4775390625 0.4688875 0.505859375 0.4713375 0.52734375 0.4737875 0.5537109375 0.4737875 0.583984375 0.4723171875 0.6171875 0.46986718749999995 0.640625 0.46986718749999995 0.6630859375 0.4688875 0.69921875 0.4674171875 0.7060546875 0.45369843750000005 0.673828125 0.45320937499999997 0.640625 0.448309375 0.6044921875 0.45075937499999996 0.5732421875 0.44585937500000006
29 0.6240234375 0.4140125 0.5947265625 0.41156249999999994 0.5615234375 0.40715312499999995 0.52734375 0.41107343749999997 0.490234375 0.4164625 0.482421875 0.42773125 0.484375 0.437040625 0.505859375 0.443409375 0.53125 0.44683906249999994 0.560546875 0.4473296875 0.5947265625 0.4453703125 0.6240234375 0.4404703125 0.6630859375 0.44292031249999997 0.703125 0.439490625 0.724609375 0.4243015625 0.6962890625 0.4179328125 0.673828125 0.41548281249999997 0.6474609375 0.4140125 0.6240234375 0.4140125
24 0.5556640625 0.3317 0.515625 0.33121093749999997 0.4873046875 0.3370890625 0.490234375 0.3488484375 0.5029296875 0.361096875 0.498046875 0.37285625 0.5224609375 0.3767765625 0.55859375 0.3782453125 0.591796875 0.37432656249999996 0.634765625 0.36893750000000003 0.6826171875 0.36550781250000003 0.69140625 0.3419890625 0.6572265625 0.341009375 0.6298828125 0.3375796875 0.58984375 0.33610937500000004 0.5556640625 0.3317
7 0.4697265625 0.501225 0.443359375 0.49387499999999995 0.4111328125 0.4977953125 0.388671875 0.4997546875 0.3623046875 0.5022046875 0.341796875 0.505634375 0.314453125 0.5080843749999999 0.3212890625 0.5208234375 0.357421875 0.516903125 0.3876953125 0.51739375 0.4140625 0.5159234374999999 0.439453125 0.516903125 0.4638671875 0.51494375 0.4697265625 0.501225
8 0.4638671875 0.5365015625 0.46875 0.5247421875 0.4521484375 0.51494375 0.42578125 0.5208234375 0.392578125 0.52229375 0.3701171875 0.5252328125 0.3447265625 0.5276828124999999 0.3212890625 0.5286625 0.296875 0.5311125 0.3115234375 0.544340625 0.337890625 0.544340625 0.36328125 0.542871875 0.388671875 0.54238125 0.41796875 0.54238125 0.443359375 0.540421875 0.4638671875 0.5365015625
9 0.451171875 0.569328125 0.4775390625 0.565409375 0.4775390625 0.5546296875000001 0.47265625 0.5438515625 0.4462890625 0.53993125 0.4189453125 0.5438515625 0.3935546875 0.5463015625 0.3671875 0.549240625 0.3466796875 0.549240625 0.3193359375 0.5526703125 0.291015625 0.5526703125 0.2705078125 0.561 0.291015625 0.5707984374999999 0.32421875 0.5658984375 0.35546875 0.565409375 0.384765625 0.565409375 0.41015625 0.5683484375 0.4306640625 0.569328125 0.451171875 0.569328125
10 0.4716796875 0.596765625 0.4921875 0.5864765625 0.4921875 0.5732484375 0.4697265625 0.56981875 0.44921875 0.56736875 0.423828125 0.5707984374999999 0.3935546875 0.57226875 0.365234375 0.5761875 0.337890625 0.5796171875 0.3115234375 0.5820671875000001 0.2861328125 0.5845171875 0.2587890625 0.5952968750000001 0.2861328125 0.604115625 0.3212890625 0.599215625 0.3603515625 0.596765625 0.390625 0.596765625 0.4189453125 0.597746875 0.4462890625 0.596765625 0.4716796875 0.596765625
11 0.474609375 0.6256734374999999 0.4970703125 0.6217546875 0.5029296875 0.6095046875000001 0.4921875 0.596765625 0.4697265625 0.59235625 0.43359375 0.599215625 0.40625 0.606565625 0.3779296875 0.611465625 0.3447265625 0.615384375 0.3193359375 0.618325 0.2919921875 0.6207734375 0.30078125 0.6349828125 0.330078125 0.6310625 0.36328125 0.62959375 0.390625 0.62714375 0.4208984375 0.6286140625 0.4482421875 0.62714375 0.474609375 0.6256734374999999
12 0.5048828125 0.651640625 0.525390625 0.6438015625 0.5048828125 0.6310625 0.4921875 0.6217546875 0.4697265625 0.6168546874999999 0.4365234375 0.62714375 0.4130859375 0.6369421875 0.388671875 0.6438015625 0.365234375 0.64723125 0.341796875 0.6501718750000001 0.32421875 0.6604609375 0.33984375 0.6732 0.3681640625 0.6692796875 0.3984375 0.667809375 0.4306640625 0.666340625 0.451171875 0.663890625 0.4775390625 0.658990625 0.5048828125 0.651640625
6 0.4599609375 0.48015625 0.4541015625 0.46643749999999995 0.4189453125 0.4713375 0.380859375 0.4747671875 0.337890625 0.48260625 0.3095703125 0.48652656250000004 0.2880859375 0.4977953125 0.30859375 0.506125 0.3466796875 0.5022046875 0.3779296875 0.4977953125 0.4013671875 0.496815625 0.42578125 0.4958359375 0.458984375 0.49436562500000003 0.4599609375 0.48015625
5 0.4443359375 0.4688875 0.466796875 0.4674171875 0.474609375 0.45369843750000005 0.4560546875 0.44683906249999994 0.4462890625 0.4341015625 0.4130859375 0.43655 0.3779296875 0.43899999999999995 0.3427734375 0.441940625 0.3095703125 0.44439062500000004 0.2783203125 0.44585937500000006 0.2509765625 0.45369843750000005 0.2685546875 0.46643749999999995 0.3017578125 0.4659484375 0.33203125 0.46986718749999995 0.3603515625 0.4688875 0.392578125 0.47035781249999997 0.4208984375 0.4688875 0.4443359375 0.4688875
4 0.44921875 0.430671875 0.474609375 0.4292015625 0.474609375 0.4125421875 0.4716796875 0.3998046875 0.439453125 0.390984375 0.4140625 0.395884375 0.375 0.40372343749999995 0.3447265625 0.41107343749999997 0.3115234375 0.41499218750000005 0.2890625 0.41891249999999997 0.2529296875 0.42528125 0.263671875 0.43802031250000006 0.296875 0.4341015625 0.3271484375 0.43263125 0.35546875 0.43018124999999996 0.388671875 0.42822187500000003 0.4208984375 0.430671875 0.44921875 0.430671875
3 0.4443359375 0.388534375 0.474609375 0.384125 0.4765625 0.3674671875 0.4697265625 0.3566875 0.4599609375 0.3463984375 0.431640625 0.345909375 0.4013671875 0.35031875 0.3681640625 0.3561984375 0.337890625 0.3591375 0.3046875 0.3650171875 0.275390625 0.36795625 0.2421875 0.37285625 0.255859375 0.387065625 0.2861328125 0.3919640625 0.3173828125 0.3904953125 0.3544921875 0.389515625 0.380859375 0.389515625 0.4140625 0.388534375 0.4443359375 0.388534375
26 0.609375 0.24301875 0.5869140625 0.244978125 0.5615234375 0.2454671875 0.5400390625 0.2464484375 0.5205078125 0.26065625 0.5283203125 0.27535468750000003 0.5458984375 0.2851546875 0.5537109375 0.29789374999999996 0.576171875 0.2988734375 0.599609375 0.2915234375 0.619140625 0.288584375 0.64453125 0.283684375 0.673828125 0.2782953125 0.7060546875 0.272415625 0.7119140625 0.25820625 0.6904296875 0.23860781250000002 0.6630859375 0.23517812500000002 0.6318359375 0.23860781250000002 0.609375 0.24301875