7 0.6025390625 0.49387499999999995 0.6279296875 0.49387499999999995 0.650390625 0.4904453125 0.6806640625 0.4879953125 0.703125 0.48407656250000003 0.71875 0.4728078125 0.6884765625 0.4688875 0.6630859375 0.46986718749999995 0.6376953125 0.46986718749999995 0.615234375 0.4713375 0.583984375 0.4723171875 0.5478515625 0.47182812500000004 0.5478515625 0.47868750000000004 0.55078125 0.49387499999999995 0.576171875 0.49436562500000003 0.6025390625 0.49387499999999995
8 0.6015625 0.5208234375 0.6240234375 0.516903125 0.650390625 0.5159234374999999 0.69140625 0.5134734375 0.7158203125 0.5110234375 0.71875 0.4953453125 0.69140625 0.4953453125 0.6650390625 0.49289531249999996 0.634765625 0.49436562500000003 0.6044921875 0.4958359375 0.57421875 0.4958359375 0.548828125 0.4958359375 0.5556640625 0.5095546875 0.548828125 0.5208234375 0.576171875 0.5198437499999999 0.6015625 0.5208234375
9 0.6123046875 0.5463015625 0.640625 0.5438515625 0.66015625 0.5414015625 0.685546875 0.53748125 0.7158203125 0.5335625 0.7294921875 0.5198437499999999 0.6982421875 0.51739375 0.666015625 0.5198437499999999 0.640625 0.5198437499999999 0.6044921875 0.5213125 0.56640625 0.5213125 0.541015625 0.5252328125 0.5380859375 0.54238125 0.5615234375 0.5526703125 0.58984375 0.5482609375 0.6123046875 0.5463015625
10 0.58984375 0.5864765625 0.619140625 0.5845171875 0.6474609375 0.5796171875 0.673828125 0.5781484375 0.708984375 0.57471875 0.7412109375 0.5732484375 0.759765625 0.5629593749999999 0.7373046875 0.5477703125 0.708984375 0.5477703125 0.6787109375 0.5463015625 0.650390625 0.5482609375 0.6171875 0.5502203125 0.5947265625 0.5502203125 0.55859375 0.555609375 0.548828125 0.569328125 0.5654296875 0.5810875 0.58984375 0.5864765625
11 0.525390625 0.6011765625 0.5439453125 0.6119546875 0.5732421875 0.612934375 0.609375 0.6144046875 0.6328125 0.6178343749999999 0.6533203125 0.6232234375 0.6787109375 0.6246937499999999 0.7138671875 0.6281234375 0.734375 0.6232234375 0.7080078125 0.6050953125 0.6865234375 0.599215625 0.662109375 0.5952968750000001 0.642578125 0.5899062500000001 0.611328125 0.5825578124999999 0.5859375 0.5761875 0.5654296875 0.571778125 0.54296875 0.57716875 0.517578125 0.5850078125 0.525390625 0.6011765625
12 0.517578125 0.6452718749999999 0.548828125 0.6452718749999999 0.583984375 0.647721875 0.6123046875 0.6462515625 0.650390625 0.6501718750000001 0.677734375 0.6511515625000001 0.7216796875 0.6536015625 0.7333984375 0.6413515624999999 0.7080078125 0.63204375 0.673828125 0.626653125 0.6396484375 0.6217546875 0.6123046875 0.618325 0.5810546875 0.6119546875 0.560546875 0.610484375 0.52734375 0.6050953125 0.5078125 0.610484375 0.5078125 0.6281234375 0.517578125 0.6452718749999999
6 0.591796875 0.4674171875 0.619140625 0.4674171875 0.6494140625 0.46496875 0.6826171875 0.46496875 0.7119140625 0.46251875 0.736328125 0.45222968750000003 0.69921875 0.4473296875 0.6728515625 0.44683906249999994 0.6474609375 0.44585937500000006 0.6142578125 0.4453703125 0.5810546875 0.44585937500000006 0.5478515625 0.441940625 0.5361328125 0.45369843750000005 0.53515625 0.4683984375 0.5693359375 0.4713375 0.591796875 0.4674171875
5 0.57421875 0.4409609375 0.6064453125 0.44292031249999997 0.6328125 0.4409609375 0.6533203125 0.439490625 0.6826171875 0.43802031250000006 0.703125 0.437040625 0.7412109375 0.4341015625 0.7646484375 0.430671875 0.759765625 0.41548281249999997 0.7353515625 0.41695312500000004 0.7109375 0.41499218750000005 0.68359375 0.4125421875 0.66015625 0.41156249999999994 0.6318359375 0.41009375 0.5966796875 0.409603125 0.5712890625 0.40715312499999995 0.546875 0.4198921875 0.5556640625 0.43655 0.57421875 0.4409609375
3 0.5234375 0.3904953125 0.5458984375 0.39735468749999997 0.56640625 0.389515625 0.591796875 0.3806953125 0.6171875 0.37530625 0.642578125 0.3694265625 0.662109375 0.36795625 0.6884765625 0.3630578125 0.7138671875 0.35766718750000004 0.7265625 0.3424796875 0.6953125 0.34394843750000004 0.669921875 0.3488484375 0.63671875 0.349828125 0.6171875 0.35031875 0.5791015625 0.35031875 0.552734375 0.3512984375 0.5244140625 0.35766718750000004 0.509765625 0.3694265625 0.5205078125 0.379715625 0.5234375 0.3904953125
2 0.373046875 0.6795687499999999 0.33984375 0.6834890625 0.3115234375 0.6834890625 0.2880859375 0.6883874999999999 0.265625 0.6918171875 0.2353515625 0.7050468750000001 0.2451171875 0.7241546875 0.279296875 0.72954375 0.3037109375 0.73199375 0.330078125 0.7378734375 0.349609375 0.7408140624999999 0.3798828125 0.7486531249999999 0.400390625 0.74424375 0.4189453125 0.734934375 0.42578125 0.7138656250000001 0.431640625 0.70455625 0.4267578125 0.6883874999999999 0.3984375 0.6810390625 0.373046875 0.6795687499999999
0 0.4609375 0.2802546875 0.4599609375 0.299853125 0.484375 0.31308125000000003 0.525390625 0.31553125 0.5439453125 0.306221875 0.5654296875 0.2988734375 0.583984375 0.291034375 0.611328125 0.2758453125 0.6298828125 0.2645765625 0.66015625 0.25918593749999996 0.6240234375 0.2533078125 0.5986328125 0.2645765625 0.5654296875 0.2660453125 0.583984375 0.2533078125 0.6220703125 0.2346890625 0.5966796875 0.2327296875 0.5654296875 0.23909843749999998 0.5439453125 0.2439984375 0.517578125 0.24693749999999998 0.4921875 0.2493875 0.45703125 0.25575625 0.447265625 0.26555625 0.4609375 0.2802546875
26 0.25390625 0.2209703125 0.23046875 0.22488906250000001 0.1953125 0.237628125 0.22265625 0.25918593749999996 0.2529296875 0.2621265625 0.283203125 0.26310625 0.3193359375 0.26310625 0.3427734375 0.2660453125 0.3779296875 0.26310625 0.3955078125 0.2439984375 0.384765625 0.22733906250000002 0.3701171875 0.21459999999999999 0.3447265625 0.2067609375 0.3212890625 0.2111703125 0.2919921875 0.2165609375 0.25390625 0.2209703125
21 0.451171875 0.49387499999999995 0.4130859375 0.498284375 0.3857421875 0.5007343750000001 0.359375 0.503184375 0.3369140625 0.5080843749999999 0.314453125 0.5080843749999999 0.2841796875 0.51494375 0.30078125 0.5271921875000001 0.3408203125 0.528171875 0.388671875 0.5325828125000001 0.4130859375 0.5296421875 0.44140625 0.5271921875000001 0.466796875 0.5296421875 0.5078125 0.5311125 0.52734375 0.5247421875 0.5185546875 0.510534375 0.5224609375 0.49926562499999994 0.498046875 0.49289531249999996 0.4775390625 0.491915625 0.451171875 0.49387499999999995
22 0.4033203125 0.45075937499999996 0.375 0.45565937500000003 0.3369140625 0.4561484375 0.3095703125 0.45761874999999996 0.2666015625 0.47035781249999997 0.30078125 0.48113593750000005 0.3271484375 0.48652656250000004 0.35546875 0.4879953125 0.4130859375 0.4904453125 0.439453125 0.48750625000000003 0.46875 0.48750625000000003 0.5078125 0.48309687500000004 0.5283203125 0.4767265625 0.5234375 0.46006875 0.515625 0.44977968749999997 0.484375 0.4473296875 0.4462890625 0.4492890625 0.4033203125 0.45075937499999996
20 0.3681640625 0.5360125 0.337890625 0.5350312500000001 0.30859375 0.5389515625 0.3173828125 0.5531609375000001 0.349609375 0.558059375 0.390625 0.558059375 0.4189453125 0.561 0.4443359375 0.5629593749999999 0.482421875 0.5644296875 0.509765625 0.561 0.5224609375 0.5507109375 0.5146484375 0.537971875 0.4921875 0.5296421875 0.4306640625 0.5335625 0.3955078125 0.5360125 0.3681640625 0.5360125
30 0.3935546875 0.42626093750000005 0.3671875 0.42822187500000003 0.337890625 0.430671875 0.3115234375 0.430671875 0.30078125 0.443409375 0.33203125 0.44977968749999997 0.3603515625 0.4517390625 0.3974609375 0.4492890625 0.4208984375 0.448309375 0.4541015625 0.44977968749999997 0.4794921875 0.44683906249999994 0.498046875 0.43899999999999995 0.5 0.42822187500000003 0.4814453125 0.41891249999999997 0.443359375 0.4198921875 0.423828125 0.42381250000000004 0.3935546875 0.42626093750000005
29 0.3955078125 0.384615625 0.365234375 0.38804531249999996 0.330078125 0.389515625 0.30859375 0.389515625 0.283203125 0.393434375 0.2880859375 0.40764374999999997 0.322265625 0.409603125 0.3505859375 0.41009375 0.384765625 0.41107343749999997 0.41796875 0.41499218750000005 0.4599609375 0.4174421875 0.482421875 0.4140125 0.4970703125 0.403234375 0.4921875 0.3904953125 0.474609375 0.37922656250000003 0.451171875 0.37530625 0.423828125 0.379715625 0.3955078125 0.384615625
23 0.3759765625 0.354728125 0.341796875 0.3566875 0.3095703125 0.3566875 0.2880859375 0.3591375 0.279296875 0.37285625 0.283203125 0.3860859375 0.31640625 0.389515625 0.359375 0.389515625 0.3876953125 0.3904953125 0.4033203125 0.393434375 0.4365234375 0.3924546875 0.4560546875 0.3919640625 0.4716796875 0.3782453125 0.484375 0.3650171875 0.4697265625 0.352278125 0.44921875 0.34835937499999997 0.4189453125 0.349828125 0.3759765625 0.354728125
14 0.560546875 0.6286140625 0.5380859375 0.6325328125 0.515625 0.638903125 0.515625 0.6511515625000001 0.498046875 0.661440625 0.494140625 0.67466875 0.5029296875 0.68691875 0.53125 0.6962265624999999 0.5615234375 0.6996578125 0.583984375 0.708965625 0.6142578125 0.716315625 0.634765625 0.7212156249999999 0.6630859375 0.72954375 0.669921875 0.7177859375 0.64453125 0.7060265625000001 0.609375 0.68691875 0.640625 0.6893671875 0.6650390625 0.6972078125000001 0.6904296875 0.70210625 0.693359375 0.6874078124999999 0.677734375 0.67075 0.650390625 0.6629109375 0.626953125 0.658990625 0.6044921875 0.6511515625000001 0.58203125 0.6413515624999999 0.560546875 0.6286140625
15 0.505859375 0.6898578125 0.484375 0.6972078125000001 0.4794921875 0.708965625 0.4697265625 0.7212156249999999 0.4619140625 0.730525 0.46484375 0.7457125 0.4892578125 0.755021875 0.5302734375 0.762371875 0.560546875 0.7702109375 0.583984375 0.7751109375 0.615234375 0.7814796875 0.6201171875 0.7697203125 0.6015625 0.75698125 0.5693359375 0.7432624999999999 0.607421875 0.7457125 0.6376953125 0.7589421875 0.662109375 0.755021875 0.640625 0.7408140624999999 0.615234375 0.7329734375 0.58984375 0.7226843749999999 0.568359375 0.709946875 0.5458984375 0.6996578125 0.52734375 0.6932875000000001 0.505859375 0.6898578125