15 0.7359140625 0.525390625 0.7241546875 0.53515625 0.7065171875 0.5439453125 0.6947578125 0.5556640625 0.6923078125 0.5859375 0.6996578125 0.611328125 0.7065171875 0.6298828125 0.7123953125 0.6552734375 0.7202359375 0.681640625 0.7378734375 0.7119140625 0.751103125 0.7392578125 0.763840625 0.724609375 0.763840625 0.6806640625 0.7609015625 0.64453125 0.7545328125 0.6201171875 0.751103125 0.58203125 0.7466921875 0.55859375 0.7359140625 0.525390625
16 0.79176875 0.498046875 0.7790296875 0.4970703125 0.763840625 0.5048828125 0.7471828125 0.517578125 0.74179375 0.5361328125 0.7471828125 0.5634765625 0.7545328125 0.583984375 0.7599218750000001 0.6123046875 0.766290625 0.642578125 0.7751109375 0.662109375 0.7878484375 0.67578125 0.8020578125 0.6865234375 0.81185625 0.673828125 0.8054874999999999 0.63671875 0.7996078125 0.6064453125 0.79911875 0.5732421875 0.79911875 0.55078125 0.79666875 0.5185546875 0.79176875 0.498046875
17 0.6462515625 0.443359375 0.6433125000000001 0.4775390625 0.6447812500000001 0.5029296875 0.6575203125 0.517578125 0.6717296875 0.515625 0.67466875 0.4814453125 0.6756484375 0.443359375 0.6727093749999999 0.408203125 0.6717296875 0.373046875 0.6741796875 0.32421875 0.6604609375 0.3134765625 0.656540625 0.3466796875 0.651640625 0.373046875 0.6487015625 0.4111328125 0.6462515625 0.443359375
18 0.6080359375 0.443359375 0.609015625 0.4765625 0.6144046875 0.505859375 0.62959375 0.5205078125 0.6398828125 0.515625 0.6452718749999999 0.4921875 0.6447812500000001 0.46875 0.6462515625 0.4345703125 0.647721875 0.3974609375 0.651640625 0.373046875 0.651640625 0.32421875 0.638903125 0.2919921875 0.6310625 0.3271484375 0.6281234375 0.357421875 0.6178343749999999 0.408203125 0.6080359375 0.443359375
19 0.5899062500000001 0.390625 0.5845171875 0.421875 0.5801078125 0.458984375 0.5796171875 0.482421875 0.5864765625 0.5029296875 0.6001953125 0.513671875 0.610484375 0.505859375 0.615384375 0.4814453125 0.615384375 0.458984375 0.6193046875 0.43359375 0.6232234375 0.3984375 0.626653125 0.373046875 0.62959375 0.333984375 0.6286140625 0.291015625 0.620284375 0.2666015625 0.6080359375 0.296875 0.604115625 0.326171875 0.599215625 0.3544921875 0.5899062500000001 0.390625
20 0.551690625 0.4140625 0.5477703125 0.447265625 0.544340625 0.4814453125 0.5521796875 0.505859375 0.565409375 0.5107421875 0.57716875 0.5 0.5810875 0.4765625 0.5801078125 0.447265625 0.5801078125 0.41796875 0.5801078125 0.3720703125 0.5801078125 0.33203125 0.5810875 0.283203125 0.5629593749999999 0.2880859375 0.5570796875 0.3173828125 0.555609375 0.3505859375 0.5531609375000001 0.3857421875 0.551690625 0.4140625
21 0.5188640625 0.390625 0.51494375 0.4287109375 0.510534375 0.4599609375 0.5071046875 0.490234375 0.5095546875 0.5146484375 0.52229375 0.517578125 0.5365015625 0.5126953125 0.551690625 0.4990234375 0.5546296875000001 0.474609375 0.5526703125 0.4462890625 0.5467906250000001 0.4208984375 0.549240625 0.3798828125 0.5507109375 0.359375 0.549240625 0.326171875 0.5453203125 0.2919921875 0.5389515625 0.2685546875 0.5262125 0.2958984375 0.5237625 0.326171875 0.52229375 0.3525390625 0.5188640625 0.390625
22 0.4762375 0.380859375 0.4713375 0.4111328125 0.46986718749999995 0.451171875 0.4659484375 0.4814453125 0.4688875 0.501953125 0.48309687500000004 0.509765625 0.49387499999999995 0.5107421875 0.5071046875 0.509765625 0.508575 0.4814453125 0.5095546875 0.447265625 0.5080843749999999 0.4140625 0.5120046874999999 0.384765625 0.5134734375 0.34765625 0.5120046874999999 0.30078125 0.49926562499999994 0.263671875 0.491915625 0.2841796875 0.48652656250000004 0.3212890625 0.48113593750000005 0.349609375 0.4762375 0.380859375
31 0.7633515625 0.4365234375 0.77168125 0.4560546875 0.7805 0.4287109375 0.79421875 0.423828125 0.8045078125 0.4345703125 0.8045078125 0.4111328125 0.805978125 0.3828125 0.79911875 0.35546875 0.78686875 0.32421875 0.763840625 0.3212890625 0.763840625 0.3525390625 0.762371875 0.3798828125 0.7613921875 0.40625 0.7633515625 0.4365234375
2 0.7177859375 0.423828125 0.716315625 0.4443359375 0.7153359375 0.4814453125 0.7192546875 0.5107421875 0.73444375 0.5048828125 0.7481625000000001 0.4970703125 0.7599218750000001 0.4873046875 0.764821875 0.46875 0.762371875 0.4345703125 0.7535515625 0.4140625 0.7486531249999999 0.3779296875 0.7447328125 0.3505859375 0.7422828124999999 0.3173828125 0.7329734375 0.2958984375 0.725134375 0.326171875 0.7217046875 0.359375 0.7212156249999999 0.390625 0.7177859375 0.423828125
13 0.6727093749999999 0.44921875 0.667809375 0.4814453125 0.6717296875 0.509765625 0.68691875 0.5234375 0.7011265625 0.5234375 0.7138656250000001 0.5078125 0.71680625 0.4814453125 0.71680625 0.4462890625 0.7138656250000001 0.41796875 0.7128859375000001 0.388671875 0.709946875 0.3466796875 0.6957375 0.322265625 0.68446875 0.333984375 0.68201875 0.36328125 0.67711875 0.390625 0.67466875 0.4140625 0.6727093749999999 0.44921875
30 0.4409609375 0.400390625 0.43899999999999995 0.431640625 0.43655 0.4619140625 0.43802031250000006 0.482421875 0.45075937499999996 0.501953125 0.4634984375 0.5078125 0.4683984375 0.4775390625 0.47035781249999997 0.443359375 0.4728078125 0.4111328125 0.4767265625 0.375 0.48162656249999997 0.3466796875 0.47868750000000004 0.2939453125 0.46496875 0.2841796875 0.4610484375 0.3134765625 0.4517390625 0.3369140625 0.44683906249999994 0.3681640625 0.4409609375 0.400390625
29 0.39735468749999997 0.3701171875 0.3949046875 0.4130859375 0.3968640625 0.4345703125 0.39735468749999997 0.4697265625 0.4012734375 0.494140625 0.41499218750000005 0.498046875 0.42626093750000005 0.4775390625 0.43655 0.4599609375 0.4409609375 0.4365234375 0.43802031250000006 0.40625 0.437040625 0.3759765625 0.4341015625 0.3349609375 0.43263125 0.3017578125 0.42822187500000003 0.2685546875 0.4140125 0.2294921875 0.40715312499999995 0.263671875 0.4012734375 0.298828125 0.4012734375 0.333984375 0.39735468749999997 0.3701171875
24 0.333659375 0.3828125 0.3331703125 0.4189453125 0.33121093749999997 0.451171875 0.33121093749999997 0.474609375 0.3424796875 0.494140625 0.35766718750000004 0.4892578125 0.3694265625 0.4765625 0.37432656249999996 0.4443359375 0.36893750000000003 0.4130859375 0.36550781250000003 0.36328125 0.35766718750000004 0.2666015625 0.345909375 0.265625 0.341009375 0.2958984375 0.3400296875 0.32421875 0.3375796875 0.3525390625 0.333659375 0.3828125
25 0.286134375 0.3984375 0.28319375 0.4267578125 0.2822140625 0.451171875 0.2846640625 0.47265625 0.2964234375 0.482421875 0.3067125 0.4814453125 0.3194515625 0.482421875 0.329740625 0.46875 0.333659375 0.43359375 0.3331703125 0.4033203125 0.32925 0.35546875 0.3258203125 0.326171875 0.327290625 0.2890625 0.3052421875 0.2861328125 0.2939734375 0.3115234375 0.291034375 0.337890625 0.288584375 0.373046875 0.286134375 0.3984375
23 0.3625671875 0.4287109375 0.3625671875 0.4765625 0.37285625 0.5 0.3998046875 0.498046875 0.4012734375 0.4619140625 0.400784375 0.3935546875 0.391475 0.33203125 0.3831453125 0.2734375 0.36795625 0.2529296875 0.36795625 0.2861328125 0.3640375 0.326171875 0.3640375 0.3779296875 0.3625671875 0.4287109375
26 0.240078125 0.36328125 0.2327296875 0.3955078125 0.22733906250000002 0.42578125 0.2322390625 0.4541015625 0.2464484375 0.4599609375 0.2577171875 0.4775390625 0.2709453125 0.47265625 0.2822140625 0.443359375 0.28123437500000004 0.408203125 0.283684375 0.3720703125 0.286134375 0.341796875 0.283684375 0.3037109375 0.2782953125 0.2734375 0.26065625 0.2529296875 0.24693749999999998 0.2666015625 0.24889687500000002 0.3046875 0.2464484375 0.341796875 0.240078125 0.36328125
27 0.198921875 0.298828125 0.19647187500000002 0.33203125 0.21313125 0.349609375 0.223909375 0.3623046875 0.236159375 0.373046875 0.2464484375 0.35546875 0.25036718750000003 0.3271484375 0.24889687500000002 0.2958984375 0.2439984375 0.255859375 0.23909843749999998 0.224609375 0.22195 0.2080078125 0.21215156249999997 0.22265625 0.2072515625 0.2421875 0.2018625 0.2705078125 0.198921875 0.298828125
28 0.2346890625 0.5029296875 0.2234203125 0.4873046875 0.2111703125 0.4951171875 0.1979421875 0.4873046875 0.1866734375 0.4873046875 0.17638437499999998 0.501953125 0.1754046875 0.525390625 0.1778546875 0.55078125 0.180303125 0.5810546875 0.1817734375 0.6123046875 0.181284375 0.6455078125 0.192553125 0.6728515625 0.20921093750000003 0.6708984375 0.217540625 0.642578125 0.21999062500000002 0.611328125 0.22587031249999998 0.5859375 0.2302796875 0.5556640625 0.23664843750000003 0.5361328125 0.2346890625 0.5029296875
0 0.2660453125 0.650390625 0.274865625 0.619140625 0.283684375 0.59375 0.2939734375 0.5693359375 0.297403125 0.5400390625 0.291034375 0.5205078125 0.277315625 0.5107421875 0.2621265625 0.5107421875 0.24693749999999998 0.4970703125 0.237628125 0.515625 0.231259375 0.5380859375 0.2302796875 0.5693359375 0.223909375 0.5966796875 0.21999062500000002 0.6220703125 0.2160703125 0.650390625 0.21362031250000002 0.6787109375 0.21705000000000002 0.7080078125 0.2302796875 0.6728515625 0.237628125 0.64453125 0.2528171875 0.625 0.2439984375 0.6630859375 0.2317484375 0.6982421875 0.2297890625 0.7333984375 0.244978125 0.7119140625 0.2528171875 0.693359375 0.25967656250000004 0.6708984375 0.2660453125 0.650390625
1 0.3307203125 0.6630859375 0.341009375 0.6220703125 0.3488484375 0.59375 0.35521875 0.56640625 0.3488484375 0.5458984375 0.3395390625 0.5361328125 0.3282703125 0.53515625 0.3125921875 0.5302734375 0.299853125 0.5224609375 0.29005312499999997 0.54296875 0.286134375 0.5654296875 0.286134375 0.591796875 0.28319375 0.619140625 0.2797640625 0.6455078125 0.278784375 0.6708984375 0.274865625 0.6962890625 0.27339531250000004 0.71875 0.27339531250000004 0.7509765625 0.2822140625 0.751953125 0.288584375 0.724609375 0.292503125 0.6982421875 0.29789374999999996 0.669921875 0.3076921875 0.6533203125 0.3081828125 0.6962890625 0.3052421875 0.71875 0.30034375 0.75 0.30279218750000003 0.7724609375 0.31308125000000003 0.7421875 0.3233703125 0.71875 0.3268 0.6904296875 0.3307203125 0.6630859375
3 0.384615625 0.583984375 0.384615625 0.5615234375 0.373346875 0.5400390625 0.3537484375 0.5439453125 0.349828125 0.5732421875 0.35031875 0.619140625 0.3488484375 0.6474609375 0.34835937499999997 0.68359375 0.3488484375 0.716796875 0.345909375 0.7470703125 0.35766718750000004 0.7568359375 0.36550781250000003 0.7333984375 0.3674671875 0.6982421875 0.37040625 0.669921875 0.373346875 0.640625 0.37922656250000003 0.609375 0.384615625 0.583984375
4 0.4135234375 0.607421875 0.41499218750000005 0.58203125 0.41548281249999997 0.5498046875 0.400784375 0.5224609375 0.390984375 0.5439453125 0.3782453125 0.5693359375 0.3767765625 0.611328125 0.375796875 0.6474609375 0.37432656249999996 0.6884765625 0.37432656249999996 0.7236328125 0.3718765625 0.75 0.3694265625 0.7880859375 0.382165625 0.779296875 0.3904953125 0.75 0.398334375 0.716796875 0.40372343749999995 0.68359375 0.40715312499999995 0.6630859375 0.409603125 0.6328125 0.4135234375 0.607421875
5 0.45075937499999996 0.59375 0.448309375 0.556640625 0.441940625 0.5302734375 0.42626093750000005 0.533203125 0.4140125 0.5634765625 0.4125421875 0.5986328125 0.40764374999999997 0.6318359375 0.40764374999999997 0.662109375 0.40519375 0.703125 0.40372343749999995 0.7392578125 0.4012734375 0.7744140625 0.4061734375 0.8076171875 0.4174421875 0.80078125 0.42773125 0.7646484375 0.4341015625 0.7138671875 0.43899999999999995 0.68359375 0.4409609375 0.6533203125 0.44439062500000004 0.6171875 0.45075937499999996 0.59375
6 0.48407656250000003 0.5380859375 0.46986718749999995 0.5185546875 0.45565937500000003 0.533203125 0.44977968749999997 0.55859375 0.44977968749999997 0.6025390625 0.4517390625 0.64453125 0.4492890625 0.6806640625 0.448309375 0.7158203125 0.4517390625 0.75 0.46251875 0.7373046875 0.46986718749999995 0.701171875 0.4723171875 0.66796875 0.47525781250000004 0.634765625 0.4762375 0.5986328125 0.4791765625 0.5732421875 0.48407656250000003 0.5380859375
7 0.5041640625 0.55078125 0.49289531249999996 0.53515625 0.48015625 0.541015625 0.47770625000000005 0.5732421875 0.4762375 0.599609375 0.4762375 0.626953125 0.4747671875 0.662109375 0.47525781250000004 0.6982421875 0.4737875 0.7265625 0.4747671875 0.7578125 0.485546875 0.7373046875 0.491915625 0.703125 0.4958359375 0.673828125 0.498284375 0.6474609375 0.4997546875 0.615234375 0.503184375 0.583984375 0.5041640625 0.55078125
8 0.5286625 0.560546875 0.5262125 0.5302734375 0.5134734375 0.5234375 0.501715625 0.5458984375 0.501715625 0.5810546875 0.5007343750000001 0.615234375 0.4997546875 0.6474609375 0.4977953125 0.68359375 0.49436562500000003 0.7158203125 0.4958359375 0.76171875 0.508575 0.7490234375 0.51249375 0.7158203125 0.516903125 0.677734375 0.5208234375 0.6474609375 0.5247421875 0.6123046875 0.5276828124999999 0.5859375 0.5286625 0.560546875
9 0.556590625 0.55078125 0.556590625 0.525390625 0.544340625 0.5205078125 0.5316015625 0.52734375 0.52229375 0.54296875 0.5271921875000001 0.576171875 0.5252328125 0.625 0.5296421875 0.666015625 0.5247421875 0.708984375 0.5276828124999999 0.7548828125 0.53993125 0.736328125 0.5438515625 0.701171875 0.5482609375 0.6728515625 0.549240625 0.63671875 0.551690625 0.6064453125 0.5541406249999999 0.578125 0.556590625 0.55078125
10 0.5884375000000001 0.6123046875 0.5874578125000001 0.5869140625 0.5874578125000001 0.556640625 0.5796171875 0.53515625 0.56736875 0.533203125 0.5590390625 0.5556640625 0.556590625 0.58203125 0.5541406249999999 0.615234375 0.5541406249999999 0.65234375 0.549240625 0.6953125 0.5541406249999999 0.7294921875 0.5482609375 0.76953125 0.5531609375000001 0.7978515625 0.56981875 0.8046875 0.5737390625 0.76953125 0.5781484375 0.7373046875 0.5796171875 0.708984375 0.5825578124999999 0.6787109375 0.5845171875 0.642578125 0.5884375000000001 0.6123046875
11 0.62224375 0.5966796875 0.620284375 0.5712890625 0.6119546875 0.5478515625 0.6001953125 0.5478515625 0.5913765625 0.5693359375 0.5864765625 0.6015625 0.5884375000000001 0.6328125 0.5859875 0.662109375 0.5825578124999999 0.693359375 0.5859875 0.736328125 0.59235625 0.7744140625 0.5987265625 0.8056640625 0.606565625 0.783203125 0.609015625 0.75 0.6139140624999999 0.7158203125 0.6139140624999999 0.6787109375 0.6193046875 0.650390625 0.6232234375 0.6201171875 0.62224375 0.5966796875
12 0.6550703125 0.5966796875 0.6550703125 0.57421875 0.6462515625 0.5537109375 0.6310625 0.552734375 0.6217546875 0.5654296875 0.6217546875 0.599609375 0.6217546875 0.634765625 0.62224375 0.666015625 0.620284375 0.7119140625 0.620284375 0.744140625 0.6207734375 0.767578125 0.6286140625 0.7880859375 0.6433125000000001 0.7802734375 0.6433125000000001 0.75 0.6452718749999999 0.708984375 0.6487015625 0.6826171875 0.6501718750000001 0.6533203125 0.651640625 0.625 0.6550703125 0.5966796875