31 0.8476234375 0.6533203125 0.8412546875 0.634765625 0.8290046875 0.6171875 0.819696875 0.6064453125 0.809896875 0.6201171875 0.8005875 0.6474609375 0.79666875 0.6728515625 0.8133265625 0.662109375 0.8236156250000001 0.685546875 0.826065625 0.7109375 0.8432140625000001 0.693359375 0.8530125 0.673828125 0.8476234375 0.6533203125
30 0.4341015625 0.484375 0.4331203125 0.458984375 0.43263125 0.43359375 0.43165156250000003 0.4033203125 0.4218515625 0.3857421875 0.4061734375 0.3857421875 0.3968640625 0.41015625 0.39882343750000004 0.439453125 0.404703125 0.484375 0.409603125 0.5146484375 0.41499218750000005 0.5556640625 0.4174421875 0.59375 0.42283125000000005 0.63671875 0.4331203125 0.625 0.43459062499999995 0.5693359375 0.4331203125 0.541015625 0.43263125 0.509765625 0.4341015625 0.484375
29 0.388534375 0.6298828125 0.3949046875 0.60546875 0.402253125 0.57421875 0.40715312499999995 0.55078125 0.409603125 0.5234375 0.4061734375 0.501953125 0.398334375 0.4794921875 0.393434375 0.4599609375 0.37530625 0.4697265625 0.36648749999999997 0.4921875 0.3640375 0.5224609375 0.3640375 0.548828125 0.3640375 0.5732421875 0.3630578125 0.609375 0.3586484375 0.6396484375 0.354728125 0.673828125 0.352278125 0.708984375 0.36550781250000003 0.7080078125 0.37530625 0.685546875 0.384125 0.658203125 0.388534375 0.6298828125
23 0.327290625 0.6298828125 0.3400296875 0.619140625 0.34394843750000004 0.5888671875 0.3488484375 0.53125 0.3537484375 0.501953125 0.3591375 0.466796875 0.3561984375 0.4345703125 0.349828125 0.4130859375 0.329740625 0.4052734375 0.3189609375 0.42578125 0.32043125 0.4638671875 0.3268 0.4970703125 0.3268 0.5302734375 0.3258203125 0.5615234375 0.3243515625 0.5947265625 0.327290625 0.6298828125
29 0.37530625 0.3984375 0.3630578125 0.4013671875 0.3625671875 0.4287109375 0.3650171875 0.4560546875 0.3591375 0.4951171875 0.3566875 0.5302734375 0.3640375 0.568359375 0.36795625 0.5224609375 0.37040625 0.4970703125 0.3782453125 0.4716796875 0.389515625 0.4521484375 0.3968640625 0.431640625 0.3904953125 0.4033203125 0.37530625 0.3984375
24 0.3106328125 0.5126953125 0.29789374999999996 0.4970703125 0.283684375 0.515625 0.283684375 0.5380859375 0.286134375 0.5712890625 0.288584375 0.6025390625 0.292503125 0.642578125 0.29544375 0.6826171875 0.3091625 0.6650390625 0.31308125000000003 0.6279296875 0.31798125 0.5986328125 0.3243515625 0.5634765625 0.32092187499999997 0.5302734375 0.3106328125 0.5126953125
24 0.29495312500000004 0.416015625 0.278784375 0.4306640625 0.28123437500000004 0.4560546875 0.28319375 0.4892578125 0.278784375 0.54296875 0.286134375 0.5107421875 0.2964234375 0.498046875 0.3067125 0.5048828125 0.3170015625 0.515625 0.3194515625 0.4853515625 0.3243515625 0.46484375 0.32288125 0.43359375 0.3091625 0.4208984375 0.29495312500000004 0.416015625
25 0.2758453125 0.615234375 0.278784375 0.578125 0.277315625 0.5400390625 0.278784375 0.505859375 0.2807453125 0.46484375 0.276825 0.439453125 0.2645765625 0.431640625 0.2439984375 0.439453125 0.23076875000000002 0.455078125 0.223909375 0.47265625 0.2297890625 0.5 0.236159375 0.52734375 0.240078125 0.5556640625 0.244978125 0.58984375 0.25967656250000004 0.6298828125 0.2542875 0.6044921875 0.2542875 0.57421875 0.2640859375 0.5625 0.2645765625 0.591796875 0.2758453125 0.615234375
26 0.21558125 0.6279296875 0.2072515625 0.6044921875 0.21459999999999999 0.583984375 0.22831875 0.599609375 0.237628125 0.6220703125 0.23860781250000002 0.57421875 0.23664843750000003 0.53515625 0.231259375 0.5126953125 0.2185203125 0.5048828125 0.2018625 0.4970703125 0.1979421875 0.5185546875 0.18275312500000002 0.517578125 0.1798140625 0.54296875 0.1817734375 0.5712890625 0.194021875 0.5966796875 0.20431093749999998 0.6298828125 0.21558125 0.66796875 0.21558125 0.6279296875
27 0.1930421875 0.6025390625 0.178834375 0.611328125 0.16952499999999998 0.6337890625 0.15874531249999999 0.66015625 0.16119531250000002 0.68359375 0.1724640625 0.6962890625 0.180303125 0.720703125 0.1866734375 0.69921875 0.187653125 0.67578125 0.19696249999999998 0.6533203125 0.2072515625 0.6572265625 0.20088124999999998 0.6298828125 0.1930421875 0.6025390625
28 0.1567859375 0.3037109375 0.14600625 0.3369140625 0.1430671875 0.3681640625 0.1494359375 0.3935546875 0.1572765625 0.4208984375 0.171484375 0.43359375 0.1837328125 0.41015625 0.192553125 0.3876953125 0.1994125 0.3681640625 0.19696249999999998 0.341796875 0.1891234375 0.3193359375 0.1749140625 0.3046875 0.1567859375 0.3037109375
0 0.23664843750000003 0.421875 0.2493875 0.4140625 0.25820625 0.392578125 0.2552671875 0.3681640625 0.244978125 0.3466796875 0.23664843750000003 0.3212890625 0.2302796875 0.296875 0.223909375 0.271484375 0.21949999999999997 0.248046875 0.2097015625 0.22265625 0.2018625 0.263671875 0.21215156249999997 0.2861328125 0.2185203125 0.3173828125 0.210190625 0.33203125 0.1945125 0.296875 0.1817734375 0.2705078125 0.180303125 0.2890625 0.18814375 0.3173828125 0.1954921875 0.3369140625 0.1979421875 0.3603515625 0.1954921875 0.3876953125 0.19696249999999998 0.4140625 0.20823125 0.431640625 0.2234203125 0.431640625 0.23664843750000003 0.421875
1 0.2552671875 0.392578125 0.2670265625 0.3955078125 0.2797640625 0.392578125 0.29005312499999997 0.3828125 0.3052421875 0.3857421875 0.3125921875 0.36328125 0.3106328125 0.3369140625 0.30034375 0.306640625 0.2934828125 0.2783203125 0.28907343750000003 0.25 0.2846640625 0.216796875 0.274375 0.189453125 0.2616359375 0.1875 0.2660453125 0.21484375 0.276825 0.240234375 0.2782953125 0.2705078125 0.26555625 0.2841796875 0.25918593749999996 0.265625 0.2542875 0.240234375 0.2454671875 0.20703125 0.23517812500000002 0.2197265625 0.24105781249999997 0.2587890625 0.2493875 0.2880859375 0.2528171875 0.314453125 0.2518375 0.337890625 0.25134687499999997 0.365234375 0.2552671875 0.392578125
2 0.7589421875 0.6220703125 0.751103125 0.66015625 0.7609015625 0.6533203125 0.7702109375 0.6279296875 0.7814796875 0.6064453125 0.78686875 0.625 0.7790296875 0.6552734375 0.7726609375 0.6806640625 0.7854 0.673828125 0.79666875 0.6474609375 0.803528125 0.6171875 0.8147968750000001 0.6025390625 0.82655625 0.57421875 0.8290046875 0.55078125 0.8201859375 0.5224609375 0.8108765625000001 0.509765625 0.79911875 0.5048828125 0.78295 0.4970703125 0.7751109375 0.5185546875 0.7702109375 0.541015625 0.7687406250000001 0.5693359375 0.764821875 0.5986328125 0.7589421875 0.6220703125
3 0.3395390625 0.31640625 0.3219015625 0.3212890625 0.3106328125 0.322265625 0.3076921875 0.349609375 0.3101421875 0.373046875 0.3243515625 0.375 0.338559375 0.365234375 0.352278125 0.36328125 0.36648749999999997 0.359375 0.36893750000000003 0.3369140625 0.361096875 0.3173828125 0.3512984375 0.2958984375 0.3395390625 0.31640625
4 0.387065625 0.220703125 0.37922656250000003 0.19921875 0.37285625 0.169921875 0.3694265625 0.140625 0.352278125 0.140625 0.347378125 0.1640625 0.349828125 0.1875 0.35276874999999996 0.20703125 0.354728125 0.2275390625 0.35521875 0.2578125 0.3566875 0.2880859375 0.36648749999999997 0.3046875 0.3806953125 0.3046875 0.393434375 0.2919921875 0.402253125 0.2666015625 0.393434375 0.2421875 0.387065625 0.220703125
4 0.3625671875 0.333984375 0.3630578125 0.359375 0.37530625 0.359375 0.390984375 0.3544921875 0.40715312499999995 0.3447265625 0.402253125 0.3173828125 0.395884375 0.291015625 0.3855953125 0.3017578125 0.375796875 0.306640625 0.3650171875 0.30859375 0.3625671875 0.333984375
5 0.43655 0.166015625 0.430671875 0.1337890625 0.4174421875 0.0986328125 0.393434375 0.0947265625 0.390984375 0.1181640625 0.3944140625 0.1455078125 0.3944140625 0.1787109375 0.3944140625 0.216796875 0.395884375 0.248046875 0.403234375 0.2705078125 0.4174421875 0.2880859375 0.4331203125 0.2880859375 0.443409375 0.2666015625 0.441940625 0.2333984375 0.441940625 0.19921875 0.43655 0.166015625
5 0.42675156249999996 0.357421875 0.4355703125 0.33203125 0.43263125 0.298828125 0.43018124999999996 0.2685546875 0.4140125 0.265625 0.40372343749999995 0.2705078125 0.400784375 0.30859375 0.40372343749999995 0.330078125 0.41009375 0.3544921875 0.42675156249999996 0.357421875
6 0.4639875 0.2890625 0.4639875 0.255859375 0.46251875 0.22265625 0.4674171875 0.1865234375 0.4634984375 0.1630859375 0.45320937499999997 0.1533203125 0.4492890625 0.1845703125 0.44683906249999994 0.2119140625 0.4453703125 0.240234375 0.441940625 0.2763671875 0.437040625 0.3037109375 0.43655 0.3349609375 0.4360609375 0.36328125 0.45565937500000003 0.3671875 0.4674171875 0.3671875 0.4723171875 0.337890625 0.4713375 0.3095703125 0.4639875 0.2890625
7 0.505634375 0.2783203125 0.5007343750000001 0.248046875 0.498284375 0.212890625 0.5007343750000001 0.1875 0.491915625 0.1611328125 0.48260625 0.1826171875 0.48113593750000005 0.2099609375 0.47868750000000004 0.2431640625 0.47525781250000004 0.2734375 0.47525781250000004 0.296875 0.4723171875 0.3369140625 0.4713375 0.365234375 0.491915625 0.3759765625 0.505634375 0.359375 0.508575 0.337890625 0.506125 0.3095703125 0.505634375 0.2783203125
8 0.5438515625 0.2294921875 0.5463015625 0.2001953125 0.5360125 0.1689453125 0.5252328125 0.19140625 0.5213125 0.22265625 0.5183734375 0.25 0.51249375 0.2763671875 0.5080843749999999 0.306640625 0.5071046875 0.3564453125 0.5276828124999999 0.3623046875 0.540421875 0.34765625 0.5414015625 0.3193359375 0.5389515625 0.291015625 0.540421875 0.2607421875 0.5438515625 0.2294921875
9 0.57471875 0.171875 0.555609375 0.169921875 0.555609375 0.20703125 0.551690625 0.24609375 0.5453203125 0.2890625 0.53993125 0.3271484375 0.540421875 0.35546875 0.5502203125 0.3681640625 0.5707984374999999 0.3671875 0.5737390625 0.333984375 0.5732484375 0.2919921875 0.5732484375 0.25 0.5737390625 0.2080078125 0.57471875 0.171875
10 0.606565625 0.291015625 0.5903968749999999 0.2919921875 0.5786374999999999 0.31640625 0.5845171875 0.337890625 0.59480625 0.3544921875 0.610484375 0.3369140625 0.6119546875 0.3134765625 0.606565625 0.291015625
11 0.6599703124999999 0.2666015625 0.6643796875 0.2294921875 0.67075 0.197265625 0.6501718750000001 0.1787109375 0.6452718749999999 0.2021484375 0.6413515624999999 0.22265625 0.6335124999999999 0.255859375 0.6246937499999999 0.2783203125 0.6144046875 0.30859375 0.610484375 0.33203125 0.6193046875 0.3564453125 0.62959375 0.3681640625 0.6447812500000001 0.3544921875 0.651640625 0.3349609375 0.6560515625 0.3017578125 0.6599703124999999 0.2666015625
12 0.7148453124999999 0.25390625 0.7217046875 0.220703125 0.7290546875 0.189453125 0.711415625 0.173828125 0.7011265625 0.189453125 0.6918171875 0.212890625 0.6834890625 0.23828125 0.6756484375 0.2587890625 0.666340625 0.283203125 0.6580109375000001 0.3046875 0.6624203125 0.326171875 0.6805484374999999 0.337890625 0.6986765625 0.337890625 0.7065171875 0.3115234375 0.709946875 0.28125 0.7148453124999999 0.25390625
13 0.7192546875 0.642578125 0.7329734375 0.6572265625 0.7486531249999999 0.6494140625 0.755021875 0.611328125 0.762371875 0.568359375 0.7687406250000001 0.541015625 0.7751109375 0.5126953125 0.7760906249999999 0.484375 0.7633515625 0.4619140625 0.7496328125 0.4599609375 0.730525 0.44921875 0.7192546875 0.466796875 0.718765625 0.498046875 0.7226843749999999 0.5400390625 0.7241546875 0.576171875 0.7202359375 0.607421875 0.7192546875 0.642578125
14 0.6981875 0.392578125 0.7060265625000001 0.4111328125 0.718765625 0.40625 0.7329734375 0.41796875 0.7496328125 0.42578125 0.757471875 0.4013671875 0.7589421875 0.357421875 0.762371875 0.3212890625 0.771190625 0.2880859375 0.7765796875000001 0.255859375 0.7839296874999999 0.21484375 0.77168125 0.22265625 0.763840625 0.2509765625 0.7560015625000001 0.291015625 0.73934375 0.3115234375 0.7383640625 0.279296875 0.7447328125 0.2431640625 0.7545328125 0.216796875 0.7589421875 0.1865234375 0.7403234375000001 0.2119140625 0.7290546875 0.2451171875 0.7226843749999999 0.2763671875 0.716315625 0.3115234375 0.708965625 0.341796875 0.7011265625 0.365234375 0.6981875 0.392578125
15 0.78931875 0.4287109375 0.8010781250000001 0.4345703125 0.8157765625 0.4208984375 0.8250859374999999 0.3955078125 0.8299859375 0.3603515625 0.8324343750000001 0.33203125 0.8378249999999999 0.3017578125 0.8427234374999999 0.2666015625 0.82655625 0.2705078125 0.8221453125 0.30078125 0.8069578125 0.3173828125 0.8005875 0.2958984375 0.809896875 0.2734375 0.8201859375 0.240234375 0.8010781250000001 0.240234375 0.7902984375 0.271484375 0.7839296874999999 0.298828125 0.7765796875000001 0.3271484375 0.763840625 0.35546875 0.7584515625 0.380859375 0.7653109375 0.408203125 0.77805 0.4140625 0.78931875 0.4287109375
16 0.84909375 0.3291015625 0.828515625 0.3349609375 0.8162671874999999 0.3447265625 0.8108765625000001 0.375 0.8108765625000001 0.4052734375 0.8182265624999999 0.423828125 0.8236156250000001 0.443359375 0.8339046874999999 0.4619140625 0.8505640624999999 0.46875 0.86673125 0.451171875 0.8750609375 0.4267578125 0.8775109375 0.400390625 0.8696718750000001 0.3671875 0.8623218749999999 0.337890625 0.84909375 0.3291015625
12 0.6766296875 0.392578125 0.6883874999999999 0.3984375 0.7011265625 0.3857421875 0.702596875 0.3603515625 0.7011265625 0.33984375 0.6756484375 0.341796875 0.6580109375000001 0.32421875 0.6487015625 0.349609375 0.6438015625 0.373046875 0.6580109375000001 0.388671875 0.6766296875 0.392578125
22 0.43899999999999995 0.634765625 0.45565937500000003 0.6220703125 0.46643749999999995 0.58203125 0.4747671875 0.548828125 0.48015625 0.5185546875 0.48750625000000003 0.4814453125 0.49289531249999996 0.4462890625 0.4958359375 0.4208984375 0.496815625 0.400390625 0.48652656250000004 0.384765625 0.4747671875 0.3701171875 0.46006875 0.3720703125 0.44683906249999994 0.3759765625 0.44439062500000004 0.4033203125 0.4409609375 0.4345703125 0.443409375 0.4697265625 0.441940625 0.5 0.439490625 0.5361328125 0.43655 0.591796875 0.43899999999999995 0.634765625
21 0.5467906250000001 0.5556640625 0.549240625 0.517578125 0.5482609375 0.4775390625 0.5502203125 0.439453125 0.5507109375 0.4052734375 0.542871875 0.3828125 0.5296421875 0.375 0.51494375 0.3720703125 0.5022046875 0.3828125 0.501715625 0.4140625 0.501715625 0.4462890625 0.5041640625 0.47265625 0.505634375 0.5048828125 0.508575 0.5439453125 0.514453125 0.58984375 0.5213125 0.626953125 0.537971875 0.634765625 0.5453203125 0.5869140625 0.5467906250000001 0.5556640625
20 0.5570796875 0.4365234375 0.556590625 0.466796875 0.5541406249999999 0.4951171875 0.551690625 0.541015625 0.549240625 0.5888671875 0.549240625 0.6455078125 0.5644296875 0.63671875 0.5761875 0.611328125 0.5810875 0.578125 0.5850078125 0.541015625 0.5874578125000001 0.5078125 0.5938265625 0.4638671875 0.596765625 0.4345703125 0.597746875 0.4052734375 0.5845171875 0.384765625 0.569328125 0.388671875 0.556590625 0.40625 0.5570796875 0.4365234375
19 0.6310625 0.69921875 0.6408625 0.7265625 0.638903125 0.6708984375 0.6325328125 0.6279296875 0.6310625 0.5791015625 0.6349828125 0.541015625 0.6335124999999999 0.509765625 0.6217546875 0.482421875 0.606565625 0.4716796875 0.592846875 0.4921875 0.5835375 0.5107421875 0.5859875 0.533203125 0.5889265625 0.5654296875 0.597746875 0.6015625 0.601665625 0.634765625 0.6075453125 0.67578125 0.6168546874999999 0.7333984375 0.6178343749999999 0.6884765625 0.6168546874999999 0.64453125 0.620284375 0.6171875 0.626653125 0.662109375 0.6310625 0.69921875
19 0.620284375 0.4052734375 0.6011765625 0.4267578125 0.6011765625 0.451171875 0.606565625 0.47265625 0.6344921875 0.498046875 0.6349828125 0.4599609375 0.6408625 0.4306640625 0.6325328125 0.41015625 0.620284375 0.4052734375
18 0.679078125 0.4599609375 0.6810390625 0.4287109375 0.667809375 0.412109375 0.6550703125 0.4111328125 0.6452718749999999 0.42578125 0.6384125 0.4443359375 0.6374328125 0.4697265625 0.6374328125 0.4951171875 0.6438015625 0.5224609375 0.6511515625000001 0.5634765625 0.6536015625 0.609375 0.661440625 0.6376953125 0.667809375 0.5810546875 0.6692796875 0.5400390625 0.6732 0.4970703125 0.679078125 0.4599609375
17 0.6829984375 0.5869140625 0.68446875 0.6220703125 0.6923078125 0.662109375 0.700146875 0.6279296875 0.7060265625000001 0.5888671875 0.7109265625 0.5537109375 0.71680625 0.5107421875 0.7202359375 0.4775390625 0.7123953125 0.4560546875 0.6981875 0.447265625 0.68691875 0.4638671875 0.6766296875 0.4853515625 0.6780984375 0.517578125 0.6805484374999999 0.55078125 0.6829984375 0.5869140625
10 0.6188140625 0.07421875 0.576678125 0.2685546875 0.5884375000000001 0.3076171875 0.6026453125 0.3095703125 0.6188140625 0.2802734375 0.6447812500000001 0.1064453125 0.6452718749999999 0.09375 0.6188140625 0.07421875
3 0.29005312499999997 0.146484375 0.3067125 0.2470703125 0.307203125 0.2978515625 0.32925 0.310546875 0.349828125 0.294921875 0.3517890625 0.26171875 0.31161249999999996 0.1298828125 0.29005312499999997 0.146484375