22 0.5198437499999999 0.5634765625 0.5340515625 0.5615234375 0.5301328125 0.5048828125 0.5286625 0.4541015625 0.5296421875 0.4189453125 0.5286625 0.3828125 0.5262125 0.3447265625 0.5198437499999999 0.3212890625 0.5041640625 0.3427734375 0.501715625 0.384765625 0.5007343750000001 0.4208984375 0.4977953125 0.4697265625 0.491425 0.4970703125 0.491425 0.5234375 0.4904453125 0.556640625 0.5046546875 0.55859375 0.5198437499999999 0.5634765625
21 0.47035781249999997 0.5556640625 0.48162656249999997 0.5654296875 0.4904453125 0.5439453125 0.4904453125 0.517578125 0.4879953125 0.4892578125 0.48652656250000004 0.4599609375 0.48505624999999997 0.41796875 0.48260625 0.3935546875 0.48309687500000004 0.349609375 0.4683984375 0.359375 0.4610484375 0.3974609375 0.4561484375 0.42578125 0.457128125 0.4619140625 0.4561484375 0.482421875 0.4546796875 0.515625 0.45222968750000003 0.5380859375 0.4546796875 0.560546875 0.47035781249999997 0.5556640625
20 0.44634999999999997 0.515625 0.4517390625 0.482421875 0.45075937499999996 0.4521484375 0.448309375 0.4140625 0.4517390625 0.3798828125 0.45565937500000003 0.341796875 0.4404703125 0.34765625 0.43459062499999995 0.373046875 0.43018124999999996 0.3984375 0.42773125 0.431640625 0.42773125 0.4619140625 0.42381250000000004 0.4921875 0.42822187500000003 0.525390625 0.43899999999999995 0.541015625 0.44634999999999997 0.515625
19 0.398334375 0.560546875 0.4135234375 0.560546875 0.42136250000000003 0.5400390625 0.4218515625 0.509765625 0.42038281250000004 0.4765625 0.4198921875 0.451171875 0.42136250000000003 0.4208984375 0.42283125000000005 0.3857421875 0.42626093750000005 0.349609375 0.42528125 0.314453125 0.409603125 0.3349609375 0.402253125 0.3681640625 0.39882343750000004 0.3955078125 0.3968640625 0.4306640625 0.390984375 0.46875 0.387065625 0.490234375 0.381675 0.5205078125 0.3860859375 0.548828125 0.398334375 0.560546875
18 0.384615625 0.5361328125 0.390984375 0.509765625 0.390984375 0.47265625 0.388534375 0.4365234375 0.387065625 0.408203125 0.388534375 0.3798828125 0.3904953125 0.333984375 0.37285625 0.3466796875 0.36795625 0.3828125 0.3601171875 0.416015625 0.35766718750000004 0.4462890625 0.35521875 0.4814453125 0.3537484375 0.5146484375 0.3566875 0.5478515625 0.37285625 0.552734375 0.384615625 0.5361328125
13 0.3282703125 0.505859375 0.338559375 0.4873046875 0.341009375 0.458984375 0.33610937500000004 0.4287109375 0.3356203125 0.3955078125 0.3331703125 0.3671875 0.3307203125 0.3369140625 0.32043125 0.306640625 0.3091625 0.2841796875 0.292503125 0.2734375 0.2876046875 0.306640625 0.28907343750000003 0.33984375 0.28907343750000003 0.3720703125 0.2915234375 0.4013671875 0.288584375 0.4345703125 0.28907343750000003 0.466796875 0.297403125 0.4921875 0.3091625 0.505859375 0.3282703125 0.505859375
30 0.5453203125 0.568359375 0.558059375 0.55859375 0.561 0.52734375 0.560509375 0.4921875 0.560509375 0.4462890625 0.5590390625 0.408203125 0.5541406249999999 0.3623046875 0.5477703125 0.3271484375 0.540421875 0.3505859375 0.5350312500000001 0.3857421875 0.5311125 0.4189453125 0.5311125 0.4560546875 0.5316015625 0.4853515625 0.5325828125000001 0.5185546875 0.5301328125 0.541015625 0.5301328125 0.5712890625 0.5453203125 0.568359375
29 0.5668796875 0.5556640625 0.5796171875 0.5654296875 0.5899062500000001 0.55859375 0.6001953125 0.5478515625 0.601665625 0.5234375 0.5962765625 0.4853515625 0.592846875 0.4541015625 0.5903968749999999 0.4189453125 0.5889265625 0.388671875 0.5845171875 0.3505859375 0.5663890625 0.328125 0.560509375 0.359375 0.560509375 0.390625 0.5619796874999999 0.423828125 0.5619796874999999 0.44921875 0.5629593749999999 0.4775390625 0.56345 0.509765625 0.5619796874999999 0.5302734375 0.5668796875 0.5556640625
24 0.6374328125 0.548828125 0.6433125000000001 0.5400390625 0.6487015625 0.5185546875 0.64723125 0.4921875 0.64723125 0.466796875 0.6452718749999999 0.4345703125 0.6447812500000001 0.4033203125 0.6408625 0.365234375 0.638903125 0.3427734375 0.63204375 0.3134765625 0.618325 0.3291015625 0.6158750000000001 0.357421875 0.615384375 0.3876953125 0.611465625 0.421875 0.609015625 0.4619140625 0.6031359375 0.515625 0.611465625 0.53125 0.6217546875 0.5341796875 0.6374328125 0.548828125
25 0.6683 0.5380859375 0.68201875 0.5361328125 0.6932875000000001 0.52734375 0.6972078125000001 0.5048828125 0.6972078125000001 0.47265625 0.6972078125000001 0.44140625 0.6981875 0.41796875 0.6962265624999999 0.3876953125 0.6962265624999999 0.359375 0.6957375 0.330078125 0.6883874999999999 0.306640625 0.67466875 0.3271484375 0.666340625 0.3505859375 0.661440625 0.3779296875 0.6604609375 0.4130859375 0.658990625 0.4443359375 0.6511515625000001 0.482421875 0.647721875 0.5078125 0.64968125 0.5224609375 0.6683 0.5380859375
7 0.5208234375 0.607421875 0.5159234374999999 0.58203125 0.5007343750000001 0.591796875 0.5002453124999999 0.619140625 0.49926562499999994 0.64453125 0.503184375 0.67578125 0.501715625 0.708984375 0.501715625 0.7421875 0.506125 0.767578125 0.514453125 0.7919921875 0.5183734375 0.751953125 0.5208234375 0.7216796875 0.5213125 0.6962890625 0.52229375 0.6728515625 0.52229375 0.6494140625 0.5208234375 0.607421875
6 0.544340625 0.6376953125 0.5472812499999999 0.595703125 0.5409109375 0.5849609375 0.5262125 0.5810546875 0.5213125 0.6123046875 0.5232734375 0.63671875 0.5237625 0.6708984375 0.5237625 0.7080078125 0.5237625 0.7294921875 0.5247421875 0.7548828125 0.5276828124999999 0.7822265625 0.53748125 0.7919921875 0.5414015625 0.7578125 0.54238125 0.7333984375 0.542871875 0.708984375 0.542871875 0.6826171875 0.5438515625 0.66015625 0.544340625 0.6376953125
8 0.498284375 0.5986328125 0.4889765625 0.5810546875 0.4747671875 0.5888671875 0.4728078125 0.626953125 0.4762375 0.6572265625 0.47770625000000005 0.68359375 0.47770625000000005 0.7158203125 0.47868750000000004 0.74609375 0.48260625 0.76953125 0.4958359375 0.77734375 0.4958359375 0.7421875 0.4958359375 0.7060546875 0.496815625 0.67578125 0.4977953125 0.65234375 0.498284375 0.6220703125 0.498284375 0.5986328125
9 0.47525781250000004 0.5966796875 0.469378125 0.5693359375 0.45075937499999996 0.578125 0.44585937500000006 0.609375 0.44977968749999997 0.640625 0.45075937499999996 0.662109375 0.4517390625 0.69140625 0.45320937499999997 0.720703125 0.45222968750000003 0.7490234375 0.459578125 0.7822265625 0.4728078125 0.783203125 0.47525781250000004 0.7421875 0.4767265625 0.7158203125 0.47525781250000004 0.6787109375 0.4747671875 0.6572265625 0.4762375 0.6318359375 0.47525781250000004 0.5966796875
10 0.45320937499999997 0.626953125 0.45075937499999996 0.6025390625 0.44292031249999997 0.5712890625 0.4243015625 0.5712890625 0.4086234375 0.591796875 0.40764374999999997 0.625 0.40715312499999995 0.662109375 0.40715312499999995 0.6904296875 0.40764374999999997 0.716796875 0.41009375 0.7470703125 0.4164625 0.775390625 0.4292015625 0.7998046875 0.441940625 0.810546875 0.44439062500000004 0.78515625 0.44585937500000006 0.7548828125 0.45075937499999996 0.7216796875 0.4546796875 0.693359375 0.4546796875 0.6572265625 0.45320937499999997 0.626953125
12 0.41009375 0.6474609375 0.4164625 0.6220703125 0.41009375 0.6025390625 0.3968640625 0.5791015625 0.3806953125 0.5791015625 0.3694265625 0.6044921875 0.361096875 0.6279296875 0.3537484375 0.6533203125 0.34492968749999997 0.6787109375 0.3356203125 0.701171875 0.32043125 0.734375 0.32925 0.7548828125 0.35031875 0.736328125 0.3615875 0.7119140625 0.37530625 0.693359375 0.387065625 0.6708984375 0.3968640625 0.6630859375 0.41009375 0.6474609375
5 0.57716875 0.615234375 0.5786374999999999 0.5888671875 0.5683484375 0.5810546875 0.5551203124999999 0.58203125 0.5453203125 0.6044921875 0.5467906250000001 0.63671875 0.5482609375 0.66015625 0.5526703125 0.693359375 0.5541406249999999 0.7158203125 0.556590625 0.7490234375 0.560509375 0.7724609375 0.57226875 0.7822265625 0.57716875 0.75 0.5801078125 0.724609375 0.5786374999999999 0.6953125 0.5761875 0.669921875 0.57716875 0.64453125 0.57716875 0.615234375
4 0.6119546875 0.640625 0.615384375 0.6142578125 0.6144046875 0.591796875 0.6050953125 0.576171875 0.5938265625 0.57421875 0.5820671875000001 0.5712890625 0.57226875 0.5947265625 0.5786374999999999 0.625 0.5850078125 0.650390625 0.5884375000000001 0.685546875 0.5899062500000001 0.708984375 0.5903968749999999 0.736328125 0.592846875 0.759765625 0.59480625 0.79296875 0.6055859375 0.7998046875 0.6080359375 0.7705078125 0.6080359375 0.7490234375 0.6095046875000001 0.720703125 0.6095046875000001 0.6962890625 0.610484375 0.66796875 0.6119546875 0.640625