31 0.611328125 0.7609015625 0.583984375 0.7613921875 0.55859375 0.7697203125 0.568359375 0.78295 0.5810546875 0.7956890624999999 0.58984375 0.8074468749999999 0.6142578125 0.809896875 0.642578125 0.7971578125 0.666015625 0.7854 0.6962890625 0.7765796875000001 0.728515625 0.7653109375 0.734375 0.7520828125000001 0.703125 0.7545328125 0.673828125 0.7560015625000001 0.640625 0.7584515625 0.611328125 0.7609015625
30 0.525390625 0.43655 0.4921875 0.4341015625 0.4619140625 0.430671875 0.4228515625 0.42822187500000003 0.4169921875 0.439490625 0.41015625 0.457128125 0.4365234375 0.46251875 0.47265625 0.4634984375 0.5107421875 0.4639875 0.5478515625 0.46496875 0.5791015625 0.46251875 0.615234375 0.4634984375 0.642578125 0.45565937500000003 0.6123046875 0.44977968749999997 0.5869140625 0.443409375 0.55859375 0.43899999999999995 0.525390625 0.43655
29 0.55078125 0.395884375 0.5146484375 0.3944140625 0.4892578125 0.3949046875 0.458984375 0.395884375 0.431640625 0.39735468749999997 0.4189453125 0.409603125 0.43359375 0.42283125000000005 0.4638671875 0.42822187500000003 0.4951171875 0.4331203125 0.5234375 0.43018124999999996 0.55078125 0.42675156249999996 0.5947265625 0.4218515625 0.6171875 0.4198921875 0.662109375 0.4140125 0.6806640625 0.403234375 0.6494140625 0.3998046875 0.6142578125 0.39882343750000004 0.5791015625 0.39735468749999997 0.55078125 0.395884375
23 0.5439453125 0.3674671875 0.5205078125 0.3650171875 0.4873046875 0.3615875 0.4619140625 0.361096875 0.4384765625 0.37040625 0.43359375 0.3855953125 0.451171875 0.395884375 0.466796875 0.4061734375 0.4892578125 0.4086234375 0.515625 0.40764374999999997 0.5380859375 0.39735468749999997 0.5654296875 0.393434375 0.599609375 0.389515625 0.6220703125 0.387065625 0.658203125 0.3806953125 0.658203125 0.36893750000000003 0.6279296875 0.36795625 0.599609375 0.36893750000000003 0.56640625 0.36893750000000003 0.5439453125 0.3674671875
24 0.556640625 0.33464062499999997 0.52734375 0.33464062499999997 0.501953125 0.332190625 0.47265625 0.3307203125 0.4521484375 0.3307203125 0.44140625 0.34492968749999997 0.4599609375 0.35766718750000004 0.4716796875 0.36795625 0.4921875 0.37138593750000004 0.5185546875 0.36795625 0.541015625 0.3625671875 0.5712890625 0.35766718750000004 0.609375 0.35521875 0.6474609375 0.35031875 0.6806640625 0.345909375 0.6884765625 0.33610937500000004 0.6533203125 0.3370890625 0.6201171875 0.33464062499999997 0.5888671875 0.33610937500000004 0.556640625 0.33464062499999997
25 0.5654296875 0.2876046875 0.54296875 0.2846640625 0.517578125 0.28123437500000004 0.494140625 0.2797640625 0.4619140625 0.28319375 0.4599609375 0.2964234375 0.4619140625 0.3106328125 0.466796875 0.324840625 0.4921875 0.3331703125 0.5205078125 0.3307203125 0.55078125 0.329740625 0.5732421875 0.33121093749999997 0.599609375 0.329740625 0.6318359375 0.329740625 0.6328125 0.3189609375 0.599609375 0.3145515625 0.5732421875 0.3101421875 0.599609375 0.299853125 0.6328125 0.30034375 0.6044921875 0.288584375 0.5654296875 0.2876046875
26 0.5693359375 0.244978125 0.55078125 0.23517812500000002 0.5205078125 0.23370937500000002 0.498046875 0.24154843750000002 0.4921875 0.2567375 0.484375 0.2670265625 0.4921875 0.28123437500000004 0.5234375 0.2846640625 0.55859375 0.283684375 0.583984375 0.283684375 0.607421875 0.286134375 0.6396484375 0.2876046875 0.68359375 0.2871140625 0.6708984375 0.277315625 0.6396484375 0.274865625 0.609375 0.2645765625 0.6455078125 0.25918593749999996 0.6142578125 0.2528171875 0.58984375 0.24693749999999998 0.5693359375 0.244978125
27 0.611328125 0.1979421875 0.58203125 0.2067609375 0.556640625 0.217540625 0.5458984375 0.22831875 0.5615234375 0.240078125 0.58203125 0.244978125 0.607421875 0.25134687499999997 0.63671875 0.2552671875 0.658203125 0.25918593749999996 0.6962890625 0.26310625 0.7119140625 0.2542875 0.6865234375 0.2439984375 0.6572265625 0.22880937499999998 0.642578125 0.21459999999999999 0.611328125 0.1979421875
28 0.421875 0.25820625 0.447265625 0.26310625 0.47265625 0.2552671875 0.4892578125 0.240078125 0.501953125 0.2234203125 0.494140625 0.2097015625 0.458984375 0.2018625 0.416015625 0.1905921875 0.3779296875 0.180303125 0.4052734375 0.2160703125 0.35546875 0.20088124999999998 0.3623046875 0.21949999999999997 0.37109375 0.22880937499999998 0.392578125 0.2371390625 0.41015625 0.2479171875 0.421875 0.25820625
0 0.3466796875 0.2851546875 0.3671875 0.2988734375 0.380859375 0.31161249999999996 0.4052734375 0.3145515625 0.423828125 0.3101421875 0.4365234375 0.299853125 0.44921875 0.29005312499999997 0.4599609375 0.277315625 0.4619140625 0.2640859375 0.4384765625 0.25967656250000004 0.416015625 0.2518375 0.3828125 0.23664843750000003 0.3623046875 0.2234203125 0.3427734375 0.21313125 0.3173828125 0.20431093749999998 0.326171875 0.22733906250000002 0.33984375 0.24154843750000002 0.35546875 0.25918593749999996 0.30859375 0.24252812499999998 0.2919921875 0.22733906250000002 0.2666015625 0.23370937500000002 0.283203125 0.2464484375 0.298828125 0.26065625 0.3212890625 0.27192500000000003 0.3466796875 0.2851546875
2 0.6025390625 0.7217046875 0.5732421875 0.725134375 0.54296875 0.727584375 0.515625 0.7290546875 0.4921875 0.730525 0.4794921875 0.7422828124999999 0.484375 0.755021875 0.4951171875 0.7672703125 0.5146484375 0.7756000000000001 0.541015625 0.782459375 0.560546875 0.7760906249999999 0.5791015625 0.763840625 0.5986328125 0.7589421875 0.625 0.757471875 0.65234375 0.7486531249999999 0.609375 0.7422828124999999 0.6533203125 0.73689375 0.69921875 0.7266046875 0.66796875 0.7217046875 0.626953125 0.7217046875 0.6025390625 0.7217046875
3 0.3876953125 0.384615625 0.4189453125 0.375796875 0.4287109375 0.3625671875 0.423828125 0.352278125 0.4140625 0.3395390625 0.384765625 0.3370890625 0.357421875 0.3375796875 0.3271484375 0.33464062499999997 0.2958984375 0.3331703125 0.2763671875 0.332190625 0.2431640625 0.332190625 0.232421875 0.3424796875 0.263671875 0.3488484375 0.2890625 0.354728125 0.3212890625 0.3630578125 0.349609375 0.36795625 0.3720703125 0.37432656249999996 0.3876953125 0.384615625
4 0.3671875 0.4135234375 0.392578125 0.4125421875 0.4189453125 0.404703125 0.4267578125 0.393434375 0.4130859375 0.379715625 0.390625 0.37432656249999996 0.357421875 0.37530625 0.330078125 0.37530625 0.3095703125 0.37432656249999996 0.2861328125 0.373346875 0.25 0.37138593750000004 0.216796875 0.3674671875 0.216796875 0.3782453125 0.2451171875 0.388534375 0.265625 0.3949046875 0.2890625 0.3998046875 0.3193359375 0.4012734375 0.349609375 0.40372343749999995 0.3671875 0.4135234375
5 0.3720703125 0.44439062500000004 0.3974609375 0.44585937500000006 0.4208984375 0.4341015625 0.416015625 0.4198921875 0.3955078125 0.41156249999999994 0.3623046875 0.41107343749999997 0.330078125 0.409603125 0.3046875 0.40764374999999997 0.2626953125 0.4086234375 0.23046875 0.41156249999999994 0.205078125 0.41499218750000005 0.1845703125 0.42675156249999996 0.216796875 0.4341015625 0.2431640625 0.4341015625 0.2763671875 0.43899999999999995 0.31640625 0.43802031250000006 0.3427734375 0.441940625 0.3720703125 0.44439062500000004
6 0.3974609375 0.47525781250000004 0.4111328125 0.4610484375 0.408203125 0.448309375 0.3828125 0.441940625 0.357421875 0.443409375 0.333984375 0.4409609375 0.296875 0.4453703125 0.2587890625 0.4453703125 0.2294921875 0.4473296875 0.2197265625 0.46006875 0.2529296875 0.46251875 0.279296875 0.4639875 0.31640625 0.4683984375 0.3447265625 0.4728078125 0.3701171875 0.4737875 0.3974609375 0.47525781250000004
7 0.3935546875 0.4997546875 0.3974609375 0.485546875 0.3955078125 0.4737875 0.3623046875 0.4747671875 0.33984375 0.4737875 0.3115234375 0.47525781250000004 0.2841796875 0.47525781250000004 0.25 0.4747671875 0.224609375 0.48015625 0.2373046875 0.49436562500000003 0.2587890625 0.4953453125 0.2880859375 0.4953453125 0.314453125 0.498284375 0.3369140625 0.501715625 0.3681640625 0.5007343750000001 0.3935546875 0.4997546875
8 0.3857421875 0.52229375 0.3896484375 0.498775 0.3427734375 0.501715625 0.322265625 0.5007343750000001 0.2880859375 0.505634375 0.2587890625 0.5071046875 0.2275390625 0.510534375 0.20703125 0.516903125 0.2373046875 0.5247421875 0.2587890625 0.5252328125 0.2841796875 0.5262125 0.3173828125 0.5247421875 0.33984375 0.5252328125 0.3603515625 0.5252328125 0.3857421875 0.52229375
9 0.4013671875 0.5477703125 0.4033203125 0.5350312500000001 0.400390625 0.5232734375 0.380859375 0.5208234375 0.3466796875 0.5252328125 0.326171875 0.5286625 0.296875 0.5360125 0.2626953125 0.537971875 0.23828125 0.5438515625 0.2080078125 0.5526703125 0.232421875 0.560509375 0.271484375 0.556590625 0.2939453125 0.556590625 0.3271484375 0.5546296875000001 0.3505859375 0.555609375 0.3828125 0.5546296875000001 0.4013671875 0.5477703125
10 0.349609375 0.5889265625 0.3798828125 0.5845171875 0.40625 0.5781484375 0.4111328125 0.5668796875 0.4013671875 0.556590625 0.3779296875 0.5507109375 0.3544921875 0.5526703125 0.3291015625 0.558059375 0.296875 0.5629593749999999 0.2734375 0.5668796875 0.2451171875 0.5737390625 0.212890625 0.5781484375 0.1748046875 0.5874578125000001 0.205078125 0.596765625 0.2333984375 0.599215625 0.2587890625 0.5987265625 0.291015625 0.596765625 0.3173828125 0.592846875 0.349609375 0.5889265625
11 0.4140625 0.6207734375 0.4140625 0.609015625 0.4189453125 0.59480625 0.3974609375 0.5850078125 0.3779296875 0.5801078125 0.35546875 0.5874578125000001 0.326171875 0.597746875 0.30078125 0.604115625 0.2685546875 0.609015625 0.2294921875 0.6168546874999999 0.2294921875 0.6286140625 0.2587890625 0.626653125 0.2919921875 0.624203125 0.3212890625 0.6232234375 0.3544921875 0.6232234375 0.384765625 0.6232234375 0.4140625 0.6207734375
12 0.384765625 0.6599703124999999 0.408203125 0.6575203125 0.421875 0.64723125 0.42578125 0.6344921875 0.4140625 0.6217546875 0.392578125 0.615384375 0.373046875 0.6207734375 0.33984375 0.6305734375000001 0.3173828125 0.6374328125 0.2890625 0.6433125000000001 0.255859375 0.6452718749999999 0.2275390625 0.6487015625 0.224609375 0.665359375 0.25 0.6692796875 0.2783203125 0.666340625 0.3017578125 0.663890625 0.3291015625 0.658990625 0.35546875 0.656540625 0.384765625 0.6599703124999999
13 0.552734375 0.6810390625 0.5234375 0.6805484374999999 0.4892578125 0.67711875 0.466796875 0.6854484375000001 0.4619140625 0.70210625 0.474609375 0.7138656250000001 0.4794921875 0.7266046875 0.5029296875 0.7354234374999999 0.533203125 0.7339546875 0.552734375 0.727584375 0.57421875 0.7212156249999999 0.599609375 0.7241546875 0.615234375 0.7128859375000001 0.5869140625 0.707496875 0.5712890625 0.6957375 0.599609375 0.6923078125 0.6298828125 0.6805484374999999 0.5859375 0.68201875 0.552734375 0.6810390625
14 0.3857421875 0.7192546875 0.416015625 0.7177859375 0.4541015625 0.707496875 0.4462890625 0.6918171875 0.439453125 0.6795687499999999 0.4365234375 0.6643796875 0.42578125 0.647721875 0.3984375 0.64968125 0.3779296875 0.6580109375000001 0.3544921875 0.6692796875 0.3291015625 0.6766296875 0.30078125 0.68446875 0.2666015625 0.6893671875 0.25 0.700146875 0.2431640625 0.7138656250000001 0.283203125 0.707496875 0.3134765625 0.6996578125 0.337890625 0.6947578125 0.3447265625 0.7050468750000001 0.3212890625 0.7148453124999999 0.2939453125 0.723175 0.2705078125 0.7339546875 0.2626953125 0.7471828125 0.3037109375 0.7354234374999999 0.3349609375 0.730525 0.3623046875 0.7212156249999999 0.3857421875 0.7192546875
15 0.4697265625 0.7687406250000001 0.46875 0.7535515625 0.4560546875 0.7403234375000001 0.4697265625 0.7266046875 0.46484375 0.711415625 0.4365234375 0.7050468750000001 0.416015625 0.7123953125 0.3935546875 0.723175 0.375 0.73199375 0.3466796875 0.7383640625 0.3212890625 0.7481625000000001 0.2958984375 0.7609015625 0.30078125 0.7726609375 0.3505859375 0.7584515625 0.388671875 0.7530625 0.341796875 0.7726609375 0.3212890625 0.782459375 0.31640625 0.79666875 0.357421875 0.7878484375 0.3857421875 0.7805 0.4306640625 0.7726609375 0.4697265625 0.7687406250000001
16 0.4814453125 0.79911875 0.490234375 0.7854 0.4765625 0.7721703125 0.443359375 0.7672703125 0.41015625 0.7790296875 0.384765625 0.78686875 0.3525390625 0.7951984375000001 0.333984375 0.8005875 0.341796875 0.8201859375 0.3798828125 0.8201859375 0.4130859375 0.8226359375 0.443359375 0.8275359375000001 0.4716796875 0.826065625 0.484375 0.8108765625000001 0.4814453125 0.79911875
17 0.5283203125 0.64968125 0.5029296875 0.647721875 0.4775390625 0.64723125 0.45703125 0.652621875 0.443359375 0.663890625 0.4462890625 0.6780984375 0.4697265625 0.68691875 0.5029296875 0.68201875 0.53125 0.67711875 0.56640625 0.6732 0.5986328125 0.670259375 0.6396484375 0.667809375 0.650390625 0.6580109375000001 0.6220703125 0.652621875 0.591796875 0.6501718750000001 0.5615234375 0.6501718750000001 0.5283203125 0.64968125
18 0.4921875 0.6095046875000001 0.4619140625 0.612934375 0.443359375 0.624203125 0.4267578125 0.6374328125 0.4365234375 0.6487015625 0.4560546875 0.6560515625 0.484375 0.652621875 0.515625 0.6447812500000001 0.5458984375 0.6413515624999999 0.578125 0.6384125 0.6142578125 0.6369421875 0.6298828125 0.6256734374999999 0.591796875 0.6217546875 0.5654296875 0.6168546874999999 0.5234375 0.6119546875 0.4921875 0.6095046875000001
19 0.5185546875 0.5810875 0.4814453125 0.5801078125 0.4560546875 0.5810875 0.43359375 0.5889265625 0.421875 0.6050953125 0.43359375 0.6178343749999999 0.4619140625 0.62224375 0.4970703125 0.620284375 0.53515625 0.6144046875 0.57421875 0.6119546875 0.611328125 0.609015625 0.6474609375 0.6075453125 0.6884765625 0.6055859375 0.6552734375 0.5899062500000001 0.619140625 0.5874578125000001 0.5859375 0.5850078125 0.5478515625 0.5835375 0.5185546875 0.5810875
20 0.474609375 0.555609375 0.439453125 0.5526703125 0.416015625 0.5570796875 0.41015625 0.56981875 0.423828125 0.5850078125 0.4599609375 0.5864765625 0.490234375 0.5825578124999999 0.525390625 0.5810875 0.5634765625 0.57716875 0.5966796875 0.57226875 0.6376953125 0.565409375 0.6015625 0.555609375 0.5693359375 0.5546296875000001 0.5361328125 0.555609375 0.5078125 0.555609375 0.474609375 0.555609375
21 0.5126953125 0.514453125 0.4765625 0.5110234375 0.439453125 0.5071046875 0.408203125 0.508575 0.4052734375 0.5232734375 0.408203125 0.5365015625 0.41015625 0.5502203125 0.431640625 0.556590625 0.47265625 0.5546296875000001 0.509765625 0.5482609375 0.5439453125 0.5482609375 0.5859375 0.5438515625 0.6240234375 0.53748125 0.65234375 0.5271921875000001 0.6123046875 0.52229375 0.5791015625 0.5188640625 0.54296875 0.516903125 0.5126953125 0.514453125
22 0.517578125 0.46986718749999995 0.4892578125 0.46496875 0.4560546875 0.46251875 0.4267578125 0.46496875 0.421875 0.4791765625 0.416015625 0.49387499999999995 0.4208984375 0.5071046875 0.4560546875 0.5080843749999999 0.4892578125 0.506125 0.525390625 0.5041640625 0.5634765625 0.5007343750000001 0.599609375 0.49387499999999995 0.6318359375 0.48750625000000003 0.6533203125 0.4747671875 0.619140625 0.47035781249999997 0.583984375 0.47035781249999997 0.556640625 0.4713375 0.517578125 0.46986718749999995