31 0.2302796875 0.44140625 0.23860781250000002 0.416015625 0.23909843749999998 0.388671875 0.24154843750000002 0.359375 0.2439984375 0.326171875 0.2454671875 0.296875 0.2479171875 0.265625 0.2346890625 0.271484375 0.2234203125 0.3037109375 0.21459999999999999 0.333984375 0.2028421875 0.357421875 0.19010312499999998 0.3857421875 0.192553125 0.41015625 0.20431093749999998 0.4189453125 0.21705000000000002 0.431640625 0.2302796875 0.44140625
30 0.571778125 0.5771484375 0.569328125 0.5380859375 0.5658984375 0.5078125 0.56345 0.474609375 0.561 0.44140625 0.556590625 0.4130859375 0.5502203125 0.3876953125 0.544340625 0.357421875 0.5365015625 0.384765625 0.53748125 0.4208984375 0.5350312500000001 0.4521484375 0.5360125 0.4892578125 0.5365015625 0.52734375 0.53748125 0.5634765625 0.542871875 0.58984375 0.560509375 0.5830078125 0.571778125 0.5771484375
29 0.5903968749999999 0.5810546875 0.6026453125 0.568359375 0.604115625 0.541015625 0.6050953125 0.5107421875 0.6055859375 0.4853515625 0.604115625 0.44921875 0.6026453125 0.4208984375 0.6011765625 0.3857421875 0.6001953125 0.3505859375 0.596765625 0.3193359375 0.5859875 0.337890625 0.5801078125 0.3828125 0.5781484375 0.4052734375 0.5732484375 0.44921875 0.56981875 0.4765625 0.5668796875 0.5048828125 0.571778125 0.5361328125 0.57716875 0.56640625 0.5903968749999999 0.5810546875
23 0.604115625 0.548828125 0.6144046875 0.56640625 0.62959375 0.5615234375 0.638903125 0.5380859375 0.6384125 0.5126953125 0.6349828125 0.4794921875 0.6325328125 0.4560546875 0.6310625 0.43359375 0.6310625 0.400390625 0.63204375 0.3720703125 0.6310625 0.341796875 0.6193046875 0.341796875 0.612934375 0.3779296875 0.610484375 0.400390625 0.606565625 0.4345703125 0.6026453125 0.4619140625 0.59235625 0.484375 0.5913765625 0.5107421875 0.5938265625 0.533203125 0.604115625 0.548828125
24 0.6423328125000001 0.5400390625 0.6550703125 0.55859375 0.6692796875 0.5478515625 0.6692796875 0.52734375 0.667809375 0.498046875 0.665359375 0.47265625 0.665359375 0.443359375 0.663890625 0.4111328125 0.665359375 0.3798828125 0.6629109375 0.3466796875 0.663890625 0.3115234375 0.654090625 0.3193359375 0.64968125 0.3525390625 0.6447812500000001 0.390625 0.6423328125000001 0.4287109375 0.6374328125 0.458984375 0.63204375 0.4814453125 0.6286140625 0.5078125 0.63204375 0.5283203125 0.6423328125000001 0.5400390625
25 0.675159375 0.533203125 0.6893671875 0.5380859375 0.7035765625 0.5400390625 0.71680625 0.5380859375 0.7202359375 0.505859375 0.718765625 0.482421875 0.7153359375 0.45703125 0.7123953125 0.4345703125 0.711415625 0.3955078125 0.6996578125 0.3671875 0.700146875 0.400390625 0.6898578125 0.4267578125 0.6854484375000001 0.400390625 0.6810390625 0.3671875 0.670259375 0.3681640625 0.670259375 0.400390625 0.6687890624999999 0.4267578125 0.670259375 0.44921875 0.6692796875 0.4794921875 0.6668296875 0.5078125 0.675159375 0.533203125
26 0.718765625 0.5078125 0.7329734375 0.515625 0.7432624999999999 0.5078125 0.7584515625 0.501953125 0.766290625 0.4794921875 0.764821875 0.44921875 0.755021875 0.4306640625 0.7530625 0.41015625 0.7471828125 0.3857421875 0.7408140624999999 0.3544921875 0.7354234374999999 0.390625 0.725134375 0.3603515625 0.7226843749999999 0.3291015625 0.7128859375000001 0.31640625 0.7123953125 0.3603515625 0.7138656250000001 0.392578125 0.716315625 0.416015625 0.716315625 0.44140625 0.7153359375 0.4765625 0.718765625 0.5078125
27 0.7932390625 0.41796875 0.8020578125 0.388671875 0.7854 0.357421875 0.771190625 0.3427734375 0.7560015625000001 0.3134765625 0.7457125 0.2880859375 0.73689375 0.3037109375 0.7408140624999999 0.341796875 0.7447328125 0.36328125 0.7486531249999999 0.392578125 0.755021875 0.41796875 0.7599218750000001 0.4384765625 0.77168125 0.4541015625 0.782459375 0.443359375 0.7932390625 0.41796875
28 0.7447328125 0.52734375 0.73689375 0.552734375 0.74179375 0.578125 0.7520828125000001 0.58984375 0.7628609375 0.607421875 0.771190625 0.62890625 0.7805 0.6376953125 0.79911875 0.64453125 0.7839296874999999 0.5947265625 0.819696875 0.6220703125 0.8094078124999999 0.583984375 0.7981374999999999 0.541015625 0.7902984375 0.505859375 0.7765796875000001 0.498046875 0.7599218750000001 0.5107421875 0.7447328125 0.52734375
0 0.7633515625 0.6171875 0.7481625000000001 0.583984375 0.7403234375000001 0.5615234375 0.7359140625 0.5380859375 0.7226843749999999 0.5400390625 0.709946875 0.55078125 0.700146875 0.5634765625 0.6898578125 0.576171875 0.6854484375000001 0.5947265625 0.6883874999999999 0.619140625 0.7011265625 0.6328125 0.7148453124999999 0.6533203125 0.728075 0.6787109375 0.73934375 0.701171875 0.7535515625 0.716796875 0.766290625 0.7333984375 0.7726609375 0.7080078125 0.757471875 0.69140625 0.7408140624999999 0.64453125 0.7584515625 0.66015625 0.7726609375 0.673828125 0.7956890624999999 0.6826171875 0.78686875 0.6572265625 0.7765796875000001 0.6376953125 0.7633515625 0.6171875
2 0.2327296875 0.5048828125 0.244978125 0.515625 0.2577171875 0.5205078125 0.269475 0.5078125 0.2709453125 0.484375 0.272415625 0.45703125 0.274865625 0.4267578125 0.2782953125 0.3974609375 0.2782953125 0.373046875 0.2782953125 0.33203125 0.27339531250000004 0.30078125 0.26310625 0.3466796875 0.2577171875 0.390625 0.25134687499999997 0.34765625 0.24252812499999998 0.375 0.24105781249999997 0.4013671875 0.236159375 0.4208984375 0.223909375 0.439453125 0.217540625 0.458984375 0.22440000000000002 0.4853515625 0.2327296875 0.5048828125
3 0.6604609375 0.5859375 0.647721875 0.576171875 0.6374328125 0.5712890625 0.624203125 0.5810546875 0.615384375 0.6123046875 0.6256734374999999 0.6279296875 0.63204375 0.650390625 0.6369421875 0.6787109375 0.6452718749999999 0.7109375 0.6511515625000001 0.736328125 0.6575203125 0.767578125 0.667809375 0.7568359375 0.667809375 0.7236328125 0.6668296875 0.7041015625 0.665359375 0.6728515625 0.6624203125 0.642578125 0.6629109375 0.615234375 0.6604609375 0.5859375
4 0.6256734374999999 0.609375 0.620284375 0.5869140625 0.606565625 0.5732421875 0.5952968750000001 0.5810546875 0.5874578125000001 0.607421875 0.5864765625 0.6328125 0.5962765625 0.650390625 0.5987265625 0.6806640625 0.6001953125 0.7109375 0.6050953125 0.734375 0.611465625 0.7548828125 0.6217546875 0.783203125 0.6325328125 0.783203125 0.6286140625 0.75 0.626653125 0.7138671875 0.6256734374999999 0.6904296875 0.6246937499999999 0.669921875 0.6246937499999999 0.642578125 0.6256734374999999 0.609375
5 0.5884375000000001 0.6044921875 0.5801078125 0.583984375 0.5658984375 0.5791015625 0.5541406249999999 0.6025390625 0.555609375 0.6279296875 0.558059375 0.6572265625 0.5619796874999999 0.68359375 0.561 0.7236328125 0.5658984375 0.7568359375 0.5658984375 0.783203125 0.5732484375 0.8154296875 0.5850078125 0.794921875 0.5884375000000001 0.76953125 0.5913765625 0.7373046875 0.59235625 0.6953125 0.5903968749999999 0.669921875 0.5889265625 0.6376953125 0.5884375000000001 0.6044921875
6 0.551690625 0.591796875 0.5389515625 0.5888671875 0.5247421875 0.6025390625 0.5262125 0.6298828125 0.5271921875000001 0.6552734375 0.5316015625 0.68359375 0.5360125 0.720703125 0.53748125 0.7470703125 0.53993125 0.7802734375 0.5526703125 0.7705078125 0.5546296875000001 0.7412109375 0.5546296875000001 0.703125 0.5590390625 0.666015625 0.556590625 0.642578125 0.558059375 0.6171875 0.551690625 0.591796875
7 0.5262125 0.6044921875 0.514453125 0.6025390625 0.5002453124999999 0.6064453125 0.49926562499999994 0.6318359375 0.498284375 0.6630859375 0.501715625 0.685546875 0.5046546875 0.7119140625 0.5046546875 0.7412109375 0.505634375 0.7626953125 0.5198437499999999 0.775390625 0.5252328125 0.75 0.5247421875 0.7158203125 0.5247421875 0.6884765625 0.5262125 0.66015625 0.5252328125 0.6376953125 0.5262125 0.6044921875
8 0.501225 0.6103515625 0.47770625000000005 0.6142578125 0.4747671875 0.6396484375 0.4747671875 0.66015625 0.47525781250000004 0.6826171875 0.4737875 0.7158203125 0.4747671875 0.7412109375 0.47525781250000004 0.7626953125 0.48309687500000004 0.79296875 0.48946562499999996 0.7724609375 0.49289531249999996 0.7412109375 0.49436562500000003 0.7119140625 0.49926562499999994 0.677734375 0.498284375 0.6572265625 0.501225 0.6103515625
9 0.4791765625 0.619140625 0.4767265625 0.599609375 0.46496875 0.5966796875 0.45222968750000003 0.5986328125 0.4453703125 0.6171875 0.44439062500000004 0.6494140625 0.4453703125 0.6728515625 0.443409375 0.7060546875 0.443409375 0.728515625 0.439490625 0.767578125 0.4473296875 0.7919921875 0.4561484375 0.76171875 0.46202812499999996 0.7373046875 0.4639875 0.703125 0.4713375 0.673828125 0.4747671875 0.6533203125 0.4791765625 0.619140625
10 0.4492890625 0.6220703125 0.443409375 0.5986328125 0.4331203125 0.5888671875 0.4218515625 0.59375 0.41548281249999997 0.6201171875 0.41107343749999997 0.650390625 0.40715312499999995 0.6826171875 0.403234375 0.708984375 0.4012734375 0.7412109375 0.400784375 0.7666015625 0.403234375 0.794921875 0.4125421875 0.8251953125 0.4218515625 0.787109375 0.42626093750000005 0.7548828125 0.4331203125 0.7265625 0.437040625 0.703125 0.441940625 0.6708984375 0.4473296875 0.6455078125 0.4492890625 0.6220703125
11 0.41499218750000005 0.6025390625 0.40519375 0.5810546875 0.390984375 0.5859375 0.37922656250000003 0.5859375 0.3767765625 0.615234375 0.3767765625 0.6455078125 0.3767765625 0.6787109375 0.375796875 0.7080078125 0.373346875 0.7412109375 0.37138593750000004 0.7705078125 0.3831453125 0.7705078125 0.390984375 0.7314453125 0.395884375 0.69921875 0.402253125 0.673828125 0.4125421875 0.64453125 0.4198921875 0.6220703125 0.41499218750000005 0.6025390625
12 0.384615625 0.607421875 0.3782453125 0.5859375 0.36550781250000003 0.57421875 0.35276874999999996 0.578125 0.3424796875 0.591796875 0.3400296875 0.615234375 0.343459375 0.64453125 0.341009375 0.6708984375 0.33610937500000004 0.6982421875 0.333659375 0.7216796875 0.3307203125 0.75 0.33464062499999997 0.775390625 0.3512984375 0.7724609375 0.354728125 0.744140625 0.3566875 0.7109375 0.3625671875 0.6826171875 0.3694265625 0.66015625 0.37922656250000003 0.626953125 0.384615625 0.607421875
13 0.286134375 0.525390625 0.29789374999999996 0.5380859375 0.3145515625 0.533203125 0.32288125 0.5107421875 0.3194515625 0.4765625 0.3189609375 0.447265625 0.31798125 0.4140625 0.3194515625 0.3701171875 0.3076921875 0.400390625 0.3042625 0.4287109375 0.292503125 0.4130859375 0.2871140625 0.384765625 0.2758453125 0.400390625 0.278784375 0.42578125 0.272415625 0.447265625 0.2660453125 0.466796875 0.2645765625 0.4970703125 0.27339531250000004 0.5205078125 0.286134375 0.525390625
14 0.299853125 0.75 0.3106328125 0.7333984375 0.31553125 0.69921875 0.3233703125 0.6708984375 0.3307203125 0.6455078125 0.3419890625 0.6220703125 0.35031875 0.6015625 0.352278125 0.57421875 0.3356203125 0.5634765625 0.32043125 0.560546875 0.3081828125 0.5537109375 0.292503125 0.5458984375 0.2822140625 0.583984375 0.2807453125 0.6142578125 0.278784375 0.6376953125 0.269475 0.6650390625 0.2645765625 0.6962890625 0.2528171875 0.7373046875 0.2660453125 0.7294921875 0.276825 0.7060546875 0.2851546875 0.6787109375 0.29495312500000004 0.6552734375 0.3052421875 0.662109375 0.30034375 0.6865234375 0.292503125 0.716796875 0.286134375 0.7568359375 0.299853125 0.75
15 0.26800625 0.625 0.276825 0.6064453125 0.2876046875 0.583984375 0.29495312500000004 0.5634765625 0.288584375 0.53515625 0.27339531250000004 0.5302734375 0.25967656250000004 0.5439453125 0.2464484375 0.53125 0.231259375 0.5302734375 0.22733906250000002 0.5693359375 0.21949999999999997 0.6142578125 0.21215156249999997 0.642578125 0.20333125000000002 0.68359375 0.217540625 0.6787109375 0.22733906250000002 0.658203125 0.24693749999999998 0.611328125 0.24154843750000002 0.6494140625 0.22733906250000002 0.69921875 0.23909843749999998 0.7041015625 0.2518375 0.6787109375 0.2616359375 0.6533203125 0.26800625 0.625
16 0.21459999999999999 0.509765625 0.20088124999999998 0.5185546875 0.1891234375 0.515625 0.173934375 0.5283203125 0.1724640625 0.556640625 0.1773640625 0.5869140625 0.1798140625 0.6201171875 0.1798140625 0.658203125 0.1994125 0.666015625 0.2048015625 0.6474609375 0.21313125 0.615234375 0.2209703125 0.58984375 0.2327296875 0.556640625 0.22782968750000002 0.5234375 0.21459999999999999 0.509765625
17 0.347378125 0.54296875 0.35276874999999996 0.5224609375 0.352278125 0.4970703125 0.35031875 0.4716796875 0.349828125 0.4384765625 0.349828125 0.408203125 0.347378125 0.3779296875 0.3419890625 0.349609375 0.332190625 0.3603515625 0.329740625 0.4013671875 0.3268 0.43359375 0.32288125 0.46875 0.31798125 0.4970703125 0.31308125000000003 0.5302734375 0.3219015625 0.5537109375 0.33610937500000004 0.556640625 0.347378125 0.54296875
18 0.375796875 0.556640625 0.387065625 0.5380859375 0.3904953125 0.5078125 0.38804531249999996 0.4765625 0.3831453125 0.4345703125 0.3782453125 0.408203125 0.37432656249999996 0.3701171875 0.3630578125 0.3857421875 0.3615875 0.421875 0.3586484375 0.4541015625 0.35521875 0.484375 0.347378125 0.515625 0.34394843750000004 0.5439453125 0.3512984375 0.5634765625 0.3625671875 0.5732421875 0.375796875 0.556640625
19 0.3949046875 0.578125 0.41107343749999997 0.56640625 0.41891249999999997 0.5439453125 0.4198921875 0.5185546875 0.41891249999999997 0.4814453125 0.4164625 0.4521484375 0.41499218750000005 0.4140625 0.4125421875 0.380859375 0.41009375 0.3447265625 0.3944140625 0.3115234375 0.3924546875 0.3525390625 0.390984375 0.388671875 0.38804531249999996 0.42578125 0.3855953125 0.46484375 0.379715625 0.5029296875 0.37775625 0.5380859375 0.382165625 0.56640625 0.3949046875 0.578125
20 0.44292031249999997 0.583984375 0.4473296875 0.560546875 0.44439062500000004 0.525390625 0.44439062500000004 0.4921875 0.44439062500000004 0.4638671875 0.4453703125 0.4306640625 0.44439062500000004 0.3984375 0.43459062499999995 0.3623046875 0.42773125 0.4033203125 0.42283125000000005 0.4365234375 0.41891249999999997 0.474609375 0.4174421875 0.509765625 0.4135234375 0.5400390625 0.41499218750000005 0.576171875 0.43018124999999996 0.58984375 0.44292031249999997 0.583984375
21 0.4767265625 0.5947265625 0.491425 0.591796875 0.49289531249999996 0.560546875 0.4889765625 0.5234375 0.485546875 0.4873046875 0.48309687500000004 0.45703125 0.48113593750000005 0.4208984375 0.47770625000000005 0.3876953125 0.4728078125 0.34765625 0.46251875 0.3759765625 0.4561484375 0.4140625 0.4517390625 0.4560546875 0.4517390625 0.490234375 0.4453703125 0.52734375 0.443409375 0.568359375 0.44977968749999997 0.58984375 0.4634984375 0.591796875 0.4767265625 0.5947265625
22 0.5208234375 0.578125 0.5350312500000001 0.5732421875 0.53748125 0.5439453125 0.5350312500000001 0.5107421875 0.5301328125 0.482421875 0.5286625 0.443359375 0.5296421875 0.416015625 0.5296421875 0.380859375 0.5252328125 0.3466796875 0.51249375 0.3681640625 0.506125 0.400390625 0.49926562499999994 0.4365234375 0.4958359375 0.474609375 0.49387499999999995 0.5107421875 0.491915625 0.5439453125 0.49289531249999996 0.5791015625 0.506125 0.583984375 0.5208234375 0.578125