12 0.37530625 0.64453125 0.3650171875 0.625 0.3512984375 0.619140625 0.3375796875 0.650390625 0.3331703125 0.693359375 0.3258203125 0.7373046875 0.3194515625 0.787109375 0.3307203125 0.8173828125 0.34394843750000004 0.7978515625 0.345909375 0.767578125 0.3537484375 0.7412109375 0.36795625 0.7060546875 0.387065625 0.6728515625 0.3860859375 0.650390625 0.37530625 0.64453125
13 0.357178125 0.578125 0.3650171875 0.55078125 0.3625671875 0.5205078125 0.3630578125 0.4853515625 0.36550781250000003 0.4638671875 0.3694265625 0.4208984375 0.36648749999999997 0.384765625 0.354728125 0.431640625 0.3463984375 0.4560546875 0.33610937500000004 0.4306640625 0.32092187499999997 0.474609375 0.3101421875 0.5048828125 0.302303125 0.533203125 0.31161249999999996 0.56640625 0.332190625 0.5693359375 0.3395390625 0.5791015625 0.357178125 0.578125
14 0.3219015625 0.7158203125 0.3307203125 0.69140625 0.34394843750000004 0.666015625 0.352278125 0.6455078125 0.349828125 0.6240234375 0.3400296875 0.609375 0.32925 0.599609375 0.31651093750000003 0.5869140625 0.3052421875 0.5810546875 0.2915234375 0.59375 0.2846640625 0.6171875 0.2822140625 0.642578125 0.27339531250000004 0.6728515625 0.2645765625 0.69140625 0.2542875 0.7119140625 0.25918593749999996 0.7392578125 0.274865625 0.71875 0.29495312500000004 0.6953125 0.286134375 0.724609375 0.269475 0.7578125 0.2807453125 0.775390625 0.29495312500000004 0.7548828125 0.31308125000000003 0.736328125 0.3219015625 0.7158203125
15 0.269475 0.6201171875 0.25967656250000004 0.6064453125 0.25036718750000003 0.59375 0.23860781250000002 0.58203125 0.22488906250000001 0.5810546875 0.217540625 0.6044921875 0.21459999999999999 0.6318359375 0.20921093750000003 0.658203125 0.1994125 0.6826171875 0.21215156249999997 0.69140625 0.226359375 0.6708984375 0.2209703125 0.7236328125 0.231259375 0.7314453125 0.24252812499999998 0.708984375 0.2567375 0.6826171875 0.27192500000000003 0.6650390625 0.2782953125 0.6396484375 0.269475 0.6201171875
18 0.390984375 0.421875 0.390984375 0.4599609375 0.3904953125 0.5 0.390984375 0.53125 0.390984375 0.560546875 0.395884375 0.583984375 0.4061734375 0.5966796875 0.4179328125 0.58203125 0.42675156249999996 0.560546875 0.42038281250000004 0.5234375 0.41499218750000005 0.4794921875 0.41107343749999997 0.443359375 0.4086234375 0.421875 0.40372343749999995 0.3935546875 0.3949046875 0.373046875 0.390984375 0.421875
19 0.4355703125 0.57421875 0.44585937500000006 0.560546875 0.44439062500000004 0.525390625 0.44585937500000006 0.4892578125 0.4473296875 0.451171875 0.44977968749999997 0.4208984375 0.45320937499999997 0.3828125 0.44585937500000006 0.3544921875 0.42822187500000003 0.3798828125 0.4218515625 0.4111328125 0.41891249999999997 0.4384765625 0.4164625 0.47265625 0.41156249999999994 0.5048828125 0.40519375 0.52734375 0.4086234375 0.5556640625 0.4198921875 0.5712890625 0.4355703125 0.57421875
17 0.39735468749999997 0.57421875 0.39735468749999997 0.541015625 0.39735468749999997 0.5107421875 0.3949046875 0.47265625 0.3924546875 0.439453125 0.388534375 0.3955078125 0.381675 0.3623046875 0.37530625 0.3955078125 0.37040625 0.43359375 0.3674671875 0.4697265625 0.3630578125 0.5029296875 0.361096875 0.54296875 0.3601171875 0.576171875 0.3718765625 0.5888671875 0.38804531249999996 0.583984375 0.39735468749999997 0.57421875
20 0.457128125 0.599609375 0.47035781249999997 0.6064453125 0.47525781250000004 0.583984375 0.47770625000000005 0.548828125 0.48015625 0.517578125 0.4791765625 0.4873046875 0.48113593750000005 0.4560546875 0.48113593750000005 0.4130859375 0.48015625 0.380859375 0.47525781250000004 0.349609375 0.4639875 0.375 0.45761874999999996 0.40625 0.4546796875 0.439453125 0.45222968750000003 0.4716796875 0.4473296875 0.5029296875 0.443409375 0.525390625 0.43899999999999995 0.55859375 0.441940625 0.5888671875 0.457128125 0.599609375
21 0.47868750000000004 0.609375 0.491915625 0.6171875 0.506125 0.6201171875 0.51494375 0.591796875 0.5159234374999999 0.5654296875 0.5134734375 0.525390625 0.5095546875 0.4873046875 0.5080843749999999 0.4619140625 0.5080843749999999 0.4287109375 0.5046546875 0.392578125 0.5007343750000001 0.3623046875 0.485546875 0.373046875 0.48309687500000004 0.4140625 0.48309687500000004 0.4384765625 0.48113593750000005 0.46875 0.4791765625 0.501953125 0.4762375 0.5302734375 0.47427656249999994 0.5576171875 0.4728078125 0.591796875 0.47868750000000004 0.609375
22 0.5247421875 0.625 0.542871875 0.619140625 0.5502203125 0.5947265625 0.5502203125 0.560546875 0.549240625 0.525390625 0.5467906250000001 0.4970703125 0.5453203125 0.4619140625 0.5438515625 0.42578125 0.5482609375 0.388671875 0.542871875 0.3623046875 0.5276828124999999 0.3828125 0.5213125 0.41015625 0.51739375 0.4521484375 0.5159234374999999 0.484375 0.5134734375 0.515625 0.510534375 0.548828125 0.5134734375 0.57421875 0.51249375 0.609375 0.5247421875 0.625
31 0.288584375 0.4462890625 0.29789374999999996 0.421875 0.30377343749999997 0.3955078125 0.3067125 0.365234375 0.306221875 0.3466796875 0.3067125 0.3134765625 0.292503125 0.3095703125 0.28319375 0.3212890625 0.26849531249999997 0.3427734375 0.2567375 0.36328125 0.2454671875 0.3857421875 0.2528171875 0.41015625 0.2621265625 0.4208984375 0.274865625 0.44140625 0.288584375 0.4462890625
2 0.299853125 0.5380859375 0.3106328125 0.498046875 0.3189609375 0.4716796875 0.3243515625 0.44140625 0.32925 0.421875 0.3219015625 0.3935546875 0.3052421875 0.4033203125 0.2939734375 0.4287109375 0.283684375 0.443359375 0.27192500000000003 0.4541015625 0.26310625 0.4765625 0.2640859375 0.4970703125 0.272415625 0.533203125 0.283684375 0.541015625 0.299853125 0.5380859375
30 0.56345 0.6142578125 0.5756984375 0.607421875 0.5820671875000001 0.5888671875 0.5820671875000001 0.560546875 0.5796171875 0.53515625 0.5801078125 0.5146484375 0.5781484375 0.466796875 0.5737390625 0.4443359375 0.5707984374999999 0.4052734375 0.5668796875 0.380859375 0.5531609375000001 0.380859375 0.5482609375 0.4306640625 0.5467906250000001 0.4765625 0.5453203125 0.509765625 0.5453203125 0.5361328125 0.5453203125 0.5615234375 0.5463015625 0.5859375 0.5502203125 0.6044921875 0.56345 0.6142578125
29 0.59235625 0.607421875 0.604115625 0.611328125 0.615384375 0.59375 0.618325 0.5732421875 0.6178343749999999 0.5458984375 0.6144046875 0.515625 0.611465625 0.4921875 0.609015625 0.4521484375 0.606565625 0.43359375 0.6055859375 0.388671875 0.59235625 0.380859375 0.5889265625 0.40625 0.5850078125 0.4365234375 0.5825578124999999 0.4716796875 0.5820671875000001 0.494140625 0.5796171875 0.52734375 0.5781484375 0.5556640625 0.5825578124999999 0.583984375 0.59235625 0.607421875
23 0.64723125 0.5234375 0.6423328125000001 0.4921875 0.6384125 0.4443359375 0.636453125 0.4130859375 0.62714375 0.3798828125 0.6227343750000001 0.38671875 0.6212640625 0.4208984375 0.62224375 0.458984375 0.6168546874999999 0.5 0.615384375 0.533203125 0.6163640625 0.56640625 0.62714375 0.580078125 0.640371875 0.560546875 0.64723125 0.5234375
25 0.6732 0.5693359375 0.683978125 0.580078125 0.6957375 0.5546875 0.6908375 0.509765625 0.6834890625 0.4619140625 0.68446875 0.4150390625 0.67075 0.466796875 0.666340625 0.43359375 0.6560515625 0.4111328125 0.654090625 0.4462890625 0.64968125 0.47265625 0.6452718749999999 0.498046875 0.6447812500000001 0.52734375 0.6408625 0.5546875 0.6433125000000001 0.5693359375 0.6580109375000001 0.5810546875 0.6732 0.5693359375
26 0.727584375 0.5400390625 0.7359140625 0.5205078125 0.7359140625 0.4970703125 0.727584375 0.466796875 0.71680625 0.4384765625 0.7148453124999999 0.40625 0.7128859375000001 0.3759765625 0.700146875 0.3701171875 0.6932875000000001 0.400390625 0.6893671875 0.4267578125 0.6893671875 0.4560546875 0.6932875000000001 0.4853515625 0.6923078125 0.5107421875 0.6937781249999999 0.544921875 0.7035765625 0.560546875 0.71680625 0.55859375 0.727584375 0.5400390625
27 0.757471875 0.3984375 0.7457125 0.373046875 0.73934375 0.3544921875 0.73444375 0.326171875 0.725134375 0.30078125 0.7153359375 0.3173828125 0.7128859375000001 0.3447265625 0.7138656250000001 0.384765625 0.7153359375 0.4052734375 0.71680625 0.4345703125 0.725625 0.4560546875 0.736403125 0.4599609375 0.7545328125 0.431640625 0.757471875 0.3984375
28 0.78686875 0.64453125 0.780009375 0.611328125 0.7741296875 0.5791015625 0.7584515625 0.5986328125 0.7447328125 0.615234375 0.73689375 0.6455078125 0.7403234375000001 0.673828125 0.7520828125000001 0.685546875 0.7677609375000001 0.71484375 0.780009375 0.7392578125 0.7790296875 0.708984375 0.764821875 0.6708984375 0.7751109375 0.6572265625 0.79176875 0.7021484375 0.8020578125 0.6962890625 0.79421875 0.6630859375 0.78686875 0.64453125
0 0.7506125 0.736328125 0.7457125 0.7080078125 0.74179375 0.68359375 0.737384375 0.6396484375 0.7359140625 0.611328125 0.7329734375 0.5791015625 0.7177859375 0.5869140625 0.7065171875 0.6044921875 0.6923078125 0.59375 0.679078125 0.611328125 0.68201875 0.63671875 0.6908375 0.6650390625 0.6957375 0.693359375 0.6986765625 0.720703125 0.7060265625000001 0.744140625 0.71680625 0.767578125 0.7329734375 0.7724609375 0.725625 0.7412109375 0.7217046875 0.720703125 0.718765625 0.685546875 0.7315046875 0.708984375 0.7383640625 0.7490234375 0.7530625 0.767578125 0.7506125 0.736328125
1 0.6962265624999999 0.7578125 0.6923078125 0.7373046875 0.68691875 0.7158203125 0.6829984375 0.6865234375 0.68446875 0.6650390625 0.6834890625 0.6396484375 0.6780984375 0.6123046875 0.6624203125 0.615234375 0.647721875 0.615234375 0.6335124999999999 0.6171875 0.6193046875 0.6298828125 0.6193046875 0.6513671875 0.6325328125 0.69140625 0.6433125000000001 0.7373046875 0.6501718750000001 0.7646484375 0.6560515625 0.7880859375 0.6643796875 0.8134765625 0.6732 0.794921875 0.666340625 0.775390625 0.661440625 0.7490234375 0.6643796875 0.716796875 0.6741796875 0.7421875 0.6795687499999999 0.7666015625 0.6908375 0.7978515625 0.7011265625 0.79296875 0.6962265624999999 0.7578125
3 0.62714375 0.662109375 0.6217546875 0.6396484375 0.6080359375 0.6396484375 0.5952968750000001 0.6396484375 0.5874578125000001 0.6630859375 0.59480625 0.69140625 0.601665625 0.7236328125 0.606565625 0.75390625 0.612934375 0.7822265625 0.6178343749999999 0.80078125 0.6281234375 0.8212890625 0.638903125 0.8173828125 0.6344921875 0.787109375 0.6310625 0.7666015625 0.62959375 0.7412109375 0.62714375 0.7119140625 0.6246937499999999 0.6904296875 0.62714375 0.662109375
4 0.5874578125000001 0.650390625 0.5732484375 0.634765625 0.558059375 0.65234375 0.5590390625 0.6904296875 0.5668796875 0.708984375 0.57226875 0.7412109375 0.5786374999999999 0.77734375 0.5864765625 0.8046875 0.596765625 0.8251953125 0.6080359375 0.833984375 0.6055859375 0.80078125 0.601665625 0.76171875 0.596765625 0.7294921875 0.59480625 0.708984375 0.592846875 0.6826171875 0.5874578125000001 0.650390625
5 0.569328125 0.66796875 0.558059375 0.6513671875 0.5453203125 0.673828125 0.544340625 0.71875 0.5453203125 0.74609375 0.5482609375 0.783203125 0.5541406249999999 0.8203125 0.5570796875 0.861328125 0.57716875 0.8515625 0.5825578124999999 0.818359375 0.5801078125 0.7822265625 0.5781484375 0.7548828125 0.5786374999999999 0.7265625 0.5737390625 0.693359375 0.569328125 0.66796875
6 0.558059375 0.6728515625 0.555609375 0.6455078125 0.5463015625 0.634765625 0.5316015625 0.6396484375 0.5276828124999999 0.666015625 0.5237625 0.69921875 0.5247421875 0.7294921875 0.5232734375 0.7666015625 0.5198437499999999 0.7958984375 0.5208234375 0.8203125 0.5301328125 0.8359375 0.5350312500000001 0.8046875 0.53993125 0.775390625 0.5438515625 0.75390625 0.5477703125 0.7294921875 0.555609375 0.6982421875 0.558059375 0.6728515625
7 0.5350312500000001 0.6376953125 0.5208234375 0.6318359375 0.505634375 0.634765625 0.5041640625 0.6708984375 0.5041640625 0.6962890625 0.506125 0.724609375 0.5041640625 0.7578125 0.5041640625 0.79296875 0.505634375 0.8232421875 0.5159234374999999 0.8125 0.51739375 0.7802734375 0.5208234375 0.75390625 0.5232734375 0.7294921875 0.5271921875000001 0.701171875 0.5301328125 0.666015625 0.5350312500000001 0.6376953125
8 0.491915625 0.6240234375 0.4767265625 0.6396484375 0.48260625 0.6787109375 0.48260625 0.7041015625 0.48113593750000005 0.7412109375 0.48260625 0.7646484375 0.485546875 0.80859375 0.49387499999999995 0.8310546875 0.5022046875 0.79296875 0.501715625 0.76171875 0.5022046875 0.7333984375 0.5041640625 0.701171875 0.5071046875 0.662109375 0.506125 0.626953125 0.491915625 0.6240234375
9 0.4791765625 0.626953125 0.4639875 0.625 0.448309375 0.6328125 0.448309375 0.66796875 0.45565937500000003 0.6962890625 0.46006875 0.716796875 0.46251875 0.744140625 0.46496875 0.767578125 0.46643749999999995 0.7998046875 0.4688875 0.8330078125 0.48505624999999997 0.8173828125 0.48309687500000004 0.783203125 0.48162656249999997 0.75 0.48162656249999997 0.720703125 0.48162656249999997 0.693359375 0.48015625 0.6630859375 0.4791765625 0.626953125
10 0.45222968750000003 0.66015625 0.44439062500000004 0.634765625 0.430671875 0.6240234375 0.4174421875 0.6533203125 0.4179328125 0.6953125 0.42038281250000004 0.7265625 0.42528125 0.759765625 0.42773125 0.794921875 0.43165156250000003 0.830078125 0.44439062500000004 0.853515625 0.45761874999999996 0.8466796875 0.45761874999999996 0.8154296875 0.45859843749999996 0.77734375 0.45859843749999996 0.751953125 0.4561484375 0.7119140625 0.45369843750000005 0.6865234375 0.45222968750000003 0.66015625
11 0.42381250000000004 0.6728515625 0.4198921875 0.64453125 0.4086234375 0.6318359375 0.3968640625 0.6396484375 0.3806953125 0.6494140625 0.379715625 0.6865234375 0.388534375 0.716796875 0.393434375 0.75390625 0.393434375 0.783203125 0.393434375 0.80859375 0.39735468749999997 0.845703125 0.41009375 0.8564453125 0.4135234375 0.8232421875 0.41548281249999997 0.7880859375 0.4164625 0.7578125 0.4179328125 0.7294921875 0.4198921875 0.701171875 0.42381250000000004 0.6728515625