12 0.6805484374999999 0.212890625 0.6692796875 0.1826171875 0.6560515625 0.2021484375 0.654090625 0.232421875 0.6462515625 0.2587890625 0.63204375 0.2939453125 0.612934375 0.3271484375 0.6139140624999999 0.349609375 0.6246937499999999 0.35546875 0.6349828125 0.375 0.6487015625 0.380859375 0.6624203125 0.349609375 0.6668296875 0.306640625 0.6741796875 0.2626953125 0.6805484374999999 0.212890625
13 0.6335124999999999 0.615234375 0.6452718749999999 0.568359375 0.6536015625 0.5439453125 0.663890625 0.5693359375 0.679078125 0.525390625 0.6898578125 0.4951171875 0.697696875 0.466796875 0.6883874999999999 0.43359375 0.667809375 0.4306640625 0.6604609375 0.4208984375 0.642821875 0.421875 0.6349828125 0.44921875 0.6374328125 0.4794921875 0.6369421875 0.5146484375 0.6344921875 0.5361328125 0.6305734375000001 0.5791015625 0.6335124999999999 0.615234375
14 0.67075 0.400390625 0.6834890625 0.4130859375 0.6947578125 0.4189453125 0.7084765625 0.40625 0.7153359375 0.3828125 0.7177859375 0.357421875 0.7266046875 0.3271484375 0.7354234374999999 0.30859375 0.7457125 0.2880859375 0.7408140624999999 0.2607421875 0.725134375 0.28125 0.7050468750000001 0.3046875 0.7138656250000001 0.275390625 0.730525 0.2421875 0.7192546875 0.224609375 0.7050468750000001 0.2451171875 0.68691875 0.263671875 0.6780984375 0.2841796875 0.6692796875 0.30859375 0.6560515625 0.333984375 0.647721875 0.3544921875 0.6501718750000001 0.3759765625 0.6599703124999999 0.390625 0.67075 0.400390625
15 0.7854 0.3681640625 0.7907890625 0.341796875 0.8005875 0.3173828125 0.7878484375 0.30859375 0.773640625 0.3291015625 0.7790296875 0.2763671875 0.7687406250000001 0.2685546875 0.757471875 0.291015625 0.7432624999999999 0.3173828125 0.728075 0.3349609375 0.7217046875 0.3603515625 0.730525 0.3798828125 0.7403234375000001 0.3935546875 0.7496328125 0.40625 0.7613921875 0.41796875 0.7751109375 0.4189453125 0.782459375 0.3955078125 0.7854 0.3681640625
18 0.5938265625 0.4033203125 0.5820671875000001 0.41796875 0.5732484375 0.439453125 0.5796171875 0.4765625 0.5850078125 0.5205078125 0.5889265625 0.556640625 0.5913765625 0.578125 0.5962765625 0.6064453125 0.6050953125 0.626953125 0.609015625 0.578125 0.609015625 0.5400390625 0.6095046875000001 0.5 0.609015625 0.46875 0.609015625 0.439453125 0.604115625 0.416015625 0.5938265625 0.4033203125
19 0.5467906250000001 0.6171875 0.5541406249999999 0.6455078125 0.571778125 0.6201171875 0.5781484375 0.5888671875 0.5810875 0.5615234375 0.5835375 0.52734375 0.5884375000000001 0.4951171875 0.59480625 0.47265625 0.5913765625 0.4443359375 0.5801078125 0.4287109375 0.5644296875 0.42578125 0.5541406249999999 0.439453125 0.555609375 0.474609375 0.5541406249999999 0.5107421875 0.5526703125 0.548828125 0.5502203125 0.5791015625 0.5467906250000001 0.6171875
17 0.618325 0.6376953125 0.6246937499999999 0.6044921875 0.62959375 0.56640625 0.6325328125 0.5302734375 0.6369421875 0.4970703125 0.638903125 0.45703125 0.6398828125 0.423828125 0.6281234375 0.4111328125 0.6119546875 0.416015625 0.6026453125 0.42578125 0.6026453125 0.458984375 0.6026453125 0.4892578125 0.6050953125 0.52734375 0.6075453125 0.560546875 0.611465625 0.6044921875 0.618325 0.6376953125
20 0.5188640625 0.5439453125 0.5188640625 0.5869140625 0.5198437499999999 0.619140625 0.5247421875 0.650390625 0.5360125 0.625 0.54238125 0.59375 0.5453203125 0.560546875 0.5477703125 0.5283203125 0.5526703125 0.4970703125 0.556590625 0.474609375 0.561 0.44140625 0.558059375 0.4111328125 0.542871875 0.400390625 0.5296421875 0.3935546875 0.5247421875 0.416015625 0.52229375 0.451171875 0.5198437499999999 0.482421875 0.5208234375 0.5126953125 0.5188640625 0.5439453125
21 0.4904453125 0.5126953125 0.491915625 0.5380859375 0.491915625 0.5712890625 0.4953453125 0.607421875 0.49926562499999994 0.6376953125 0.514453125 0.626953125 0.516903125 0.5859375 0.516903125 0.5615234375 0.5188640625 0.53125 0.5208234375 0.498046875 0.5237625 0.4697265625 0.5257234375000001 0.4423828125 0.5271921875000001 0.408203125 0.5213125 0.390625 0.5080843749999999 0.3828125 0.49387499999999995 0.3798828125 0.48505624999999997 0.408203125 0.48407656250000003 0.4345703125 0.48652656250000004 0.474609375 0.4904453125 0.5126953125
22 0.4546796875 0.5380859375 0.4561484375 0.57421875 0.4517390625 0.611328125 0.457128125 0.6376953125 0.4723171875 0.6171875 0.47868750000000004 0.58984375 0.48260625 0.5478515625 0.48407656250000003 0.515625 0.48652656250000004 0.484375 0.48946562499999996 0.451171875 0.48652656250000004 0.42578125 0.48750625000000003 0.390625 0.47525781250000004 0.375 0.457128125 0.380859375 0.44977968749999997 0.4052734375 0.44977968749999997 0.439453125 0.45075937499999996 0.474609375 0.45320937499999997 0.5029296875 0.4546796875 0.5380859375
31 0.707496875 0.6904296875 0.71680625 0.6787109375 0.7315046875 0.6572265625 0.7432624999999999 0.63671875 0.7545328125 0.6142578125 0.7471828125 0.58984375 0.7378734375 0.5791015625 0.725134375 0.55859375 0.711415625 0.5537109375 0.70210625 0.578125 0.6962265624999999 0.6044921875 0.6932875000000001 0.634765625 0.6937781249999999 0.6533203125 0.6932875000000001 0.6865234375 0.707496875 0.6904296875
2 0.6947578125 0.5966796875 0.7060265625000001 0.5712890625 0.716315625 0.556640625 0.728075 0.5458984375 0.73689375 0.5234375 0.7359140625 0.5029296875 0.727584375 0.466796875 0.716315625 0.458984375 0.700146875 0.4619140625 0.6893671875 0.501953125 0.6810390625 0.5283203125 0.6756484375 0.55859375 0.67075 0.578125 0.6780984375 0.6064453125 0.6947578125 0.5966796875
30 0.4218515625 0.533203125 0.42626093750000005 0.5556640625 0.4292015625 0.5947265625 0.4331203125 0.619140625 0.44683906249999994 0.619140625 0.4517390625 0.5693359375 0.45320937499999997 0.5234375 0.4546796875 0.490234375 0.4546796875 0.4638671875 0.4546796875 0.4384765625 0.45369843750000005 0.4140625 0.44977968749999997 0.3955078125 0.43655 0.3857421875 0.4243015625 0.392578125 0.4179328125 0.4111328125 0.4179328125 0.439453125 0.42038281250000004 0.46484375 0.4198921875 0.4853515625 0.4218515625 0.533203125
29 0.388534375 0.5078125 0.390984375 0.5478515625 0.393434375 0.56640625 0.3944140625 0.611328125 0.40764374999999997 0.619140625 0.41107343749999997 0.59375 0.41499218750000005 0.5634765625 0.4174421875 0.5283203125 0.4179328125 0.505859375 0.42038281250000004 0.47265625 0.4218515625 0.4443359375 0.4174421875 0.416015625 0.40764374999999997 0.392578125 0.395884375 0.388671875 0.384615625 0.40625 0.381675 0.4267578125 0.382165625 0.4541015625 0.3855953125 0.484375 0.388534375 0.5078125
23 0.3787359375 0.5791015625 0.37775625 0.541015625 0.3831453125 0.5 0.384615625 0.466796875 0.38363593749999997 0.43359375 0.37285625 0.419921875 0.359628125 0.439453125 0.35276874999999996 0.4765625 0.35766718750000004 0.5078125 0.3615875 0.5556640625 0.363546875 0.5869140625 0.37285625 0.6201171875 0.377265625 0.61328125 0.3787359375 0.5791015625
25 0.32925 0.533203125 0.333659375 0.56640625 0.34394843750000004 0.5888671875 0.345909375 0.5537109375 0.35031875 0.52734375 0.354728125 0.501953125 0.35521875 0.47265625 0.3591375 0.4453125 0.3566875 0.4306640625 0.3419890625 0.4189453125 0.3268 0.4306640625 0.316021875 0.419921875 0.3042625 0.4453125 0.3091625 0.490234375 0.31651093750000003 0.5380859375 0.31553125 0.5849609375 0.32925 0.533203125
26 0.2871140625 0.6240234375 0.299853125 0.6298828125 0.3067125 0.599609375 0.3106328125 0.5732421875 0.3106328125 0.5439453125 0.3067125 0.5146484375 0.3076921875 0.4892578125 0.306221875 0.455078125 0.2964234375 0.439453125 0.28319375 0.44140625 0.272415625 0.4599609375 0.2640859375 0.4794921875 0.2640859375 0.5029296875 0.272415625 0.533203125 0.28319375 0.5615234375 0.2851546875 0.59375 0.2871140625 0.6240234375
27 0.2871140625 0.6552734375 0.286134375 0.615234375 0.2846640625 0.5947265625 0.28319375 0.5654296875 0.274375 0.5439453125 0.263596875 0.5400390625 0.2454671875 0.568359375 0.24252812499999998 0.6015625 0.2542875 0.626953125 0.26065625 0.6455078125 0.26555625 0.673828125 0.274865625 0.69921875 0.2846640625 0.6826171875 0.2871140625 0.6552734375
28 0.25967656250000004 0.326171875 0.2479171875 0.314453125 0.2322390625 0.28515625 0.21999062500000002 0.2607421875 0.2209703125 0.291015625 0.23517812500000002 0.3291015625 0.22488906250000001 0.3427734375 0.20823125 0.2978515625 0.1979421875 0.3037109375 0.20578124999999997 0.3369140625 0.21313125 0.35546875 0.21999062500000002 0.388671875 0.22587031249999998 0.4208984375 0.24154843750000002 0.4013671875 0.2552671875 0.384765625 0.26310625 0.3544921875 0.25967656250000004 0.326171875
0 0.2822140625 0.4130859375 0.2934828125 0.3955078125 0.3076921875 0.40625 0.32092187499999997 0.388671875 0.31798125 0.36328125 0.3091625 0.3349609375 0.3042625 0.306640625 0.3013234375 0.279296875 0.2939734375 0.255859375 0.28319375 0.232421875 0.2670265625 0.2275390625 0.274375 0.2587890625 0.2782953125 0.279296875 0.28123437500000004 0.314453125 0.26849531249999997 0.291015625 0.2616359375 0.2509765625 0.24693749999999998 0.232421875 0.2493875 0.263671875 0.2542875 0.2919921875 0.25820625 0.31640625 0.262615625 0.3603515625 0.2640859375 0.388671875 0.2670265625 0.4208984375 0.2822140625 0.4130859375
1 0.3219015625 0.3876953125 0.3375796875 0.384765625 0.352278125 0.384765625 0.36648749999999997 0.3828125 0.3806953125 0.3701171875 0.3806953125 0.3486328125 0.3674671875 0.30859375 0.3566875 0.2626953125 0.349828125 0.2353515625 0.34394843750000004 0.2119140625 0.3356203125 0.1865234375 0.3268 0.205078125 0.333659375 0.224609375 0.338559375 0.2509765625 0.3356203125 0.283203125 0.3258203125 0.2578125 0.32043125 0.2333984375 0.3091625 0.2021484375 0.2988734375 0.20703125 0.30377343749999997 0.2421875 0.3076921875 0.2626953125 0.31308125000000003 0.2841796875 0.3170015625 0.3134765625 0.31553125 0.3349609375 0.31651093750000003 0.3603515625 0.3219015625 0.3876953125
3 0.398334375 0.2763671875 0.393434375 0.24609375 0.387065625 0.2177734375 0.382165625 0.19921875 0.3718765625 0.1787109375 0.361096875 0.1826171875 0.36550781250000003 0.212890625 0.36893750000000003 0.2333984375 0.37040625 0.2587890625 0.37285625 0.2880859375 0.37530625 0.3095703125 0.37285625 0.337890625 0.3782453125 0.3603515625 0.3919640625 0.3603515625 0.404703125 0.3603515625 0.4125421875 0.3369140625 0.40519375 0.30859375 0.398334375 0.2763671875
4 0.42136250000000003 0.22265625 0.4135234375 0.1953125 0.403234375 0.1748046875 0.3919640625 0.166015625 0.3944140625 0.19921875 0.398334375 0.23828125 0.403234375 0.2705078125 0.40519375 0.291015625 0.40715312499999995 0.3173828125 0.4125421875 0.349609375 0.42675156249999996 0.365234375 0.441940625 0.34765625 0.4409609375 0.3095703125 0.4331203125 0.291015625 0.42773125 0.2587890625 0.42136250000000003 0.22265625
5 0.44585937500000006 0.1796875 0.44292031249999997 0.138671875 0.42283125000000005 0.1484375 0.4174421875 0.181640625 0.4198921875 0.2177734375 0.4218515625 0.2451171875 0.42136250000000003 0.2734375 0.42626093750000005 0.306640625 0.430671875 0.33203125 0.441940625 0.3486328125 0.4546796875 0.326171875 0.45565937500000003 0.28125 0.4546796875 0.25390625 0.4517390625 0.216796875 0.44585937500000006 0.1796875
6 0.47525781250000004 0.2705078125 0.4767265625 0.2333984375 0.48015625 0.2041015625 0.4791765625 0.1796875 0.46986718749999995 0.1640625 0.46496875 0.1953125 0.46006875 0.224609375 0.4561484375 0.24609375 0.45222968750000003 0.2705078125 0.44439062500000004 0.3017578125 0.441940625 0.3271484375 0.44439062500000004 0.3544921875 0.45369843750000005 0.365234375 0.4683984375 0.3603515625 0.4723171875 0.333984375 0.4762375 0.30078125 0.47525781250000004 0.2705078125
7 0.4958359375 0.2421875 0.4958359375 0.20703125 0.49436562500000003 0.1767578125 0.48407656250000003 0.1875 0.48260625 0.2197265625 0.4791765625 0.24609375 0.4767265625 0.2705078125 0.4728078125 0.298828125 0.46986718749999995 0.333984375 0.46496875 0.3623046875 0.4791765625 0.3681640625 0.49436562500000003 0.365234375 0.4958359375 0.3291015625 0.4958359375 0.3037109375 0.49387499999999995 0.275390625 0.4958359375 0.2421875
8 0.514453125 0.19140625 0.506125 0.1689453125 0.4977953125 0.20703125 0.498284375 0.23828125 0.4977953125 0.2666015625 0.4958359375 0.298828125 0.49289531249999996 0.337890625 0.49387499999999995 0.373046875 0.5080843749999999 0.3759765625 0.5232734375 0.3603515625 0.51739375 0.3212890625 0.51739375 0.2958984375 0.5188640625 0.2587890625 0.51739375 0.2353515625 0.514453125 0.19140625
9 0.53748125 0.255859375 0.5350312500000001 0.232421875 0.5335625 0.2001953125 0.5311125 0.1669921875 0.51494375 0.1826171875 0.516903125 0.216796875 0.5183734375 0.25 0.5183734375 0.279296875 0.5183734375 0.306640625 0.5198437499999999 0.3369140625 0.5208234375 0.373046875 0.5360125 0.375 0.551690625 0.3671875 0.551690625 0.33203125 0.544340625 0.3037109375 0.53993125 0.283203125 0.53748125 0.255859375
10 0.57471875 0.240234375 0.57226875 0.205078125 0.5683484375 0.169921875 0.555609375 0.146484375 0.54238125 0.1533203125 0.54238125 0.1845703125 0.5414015625 0.22265625 0.5414015625 0.248046875 0.5438515625 0.2880859375 0.5463015625 0.3134765625 0.5477703125 0.33984375 0.555609375 0.365234375 0.569328125 0.3759765625 0.5825578124999999 0.3466796875 0.5820671875000001 0.3046875 0.5796171875 0.2734375 0.57471875 0.240234375
11 0.611465625 0.283203125 0.606565625 0.24609375 0.606565625 0.216796875 0.606565625 0.19140625 0.6026453125 0.154296875 0.5899062500000001 0.1435546875 0.5864765625 0.1767578125 0.5845171875 0.2119140625 0.5835375 0.2421875 0.5820671875000001 0.2705078125 0.5801078125 0.298828125 0.5761875 0.3271484375 0.5801078125 0.35546875 0.5913765625 0.3681640625 0.6031359375 0.3603515625 0.6193046875 0.3505859375 0.620284375 0.3134765625 0.611465625 0.283203125