31 0.3115234375 0.2190109375 0.2919921875 0.2111703125 0.2666015625 0.210190625 0.2578125 0.22195 0.2431640625 0.24154843750000002 0.28125 0.2542875 0.3115234375 0.2572265625 0.3388671875 0.24889687500000002 0.328125 0.22831875 0.3115234375 0.2190109375
2 0.23046875 0.2714359375 0.28125 0.2851546875 0.3408203125 0.2851546875 0.39453125 0.28123437500000004 0.4345703125 0.276825 0.466796875 0.2709453125 0.46875 0.2542875 0.4541015625 0.2435078125 0.44140625 0.2297890625 0.416015625 0.22440000000000002 0.3857421875 0.23076875000000002 0.3662109375 0.2454671875 0.33203125 0.2552671875 0.279296875 0.2616359375 0.23046875 0.2714359375
13 0.37109375 0.3258203125 0.396484375 0.3258203125 0.4287109375 0.3258203125 0.466796875 0.327290625 0.5009765625 0.327290625 0.513671875 0.311121875 0.5029296875 0.302303125 0.5029296875 0.29299375 0.48828125 0.2778046875 0.4580078125 0.272415625 0.4228515625 0.283684375 0.376953125 0.29299375 0.35546875 0.29495312500000004 0.328125 0.2959328125 0.306640625 0.2983828125 0.306640625 0.3140625 0.3193359375 0.3238609375 0.37109375 0.3258203125
17 0.5048828125 0.3591375 0.5263671875 0.34835937499999997 0.5166015625 0.33121093749999997 0.478515625 0.32925 0.4375 0.3375796875 0.3818359375 0.34541875 0.326171875 0.34541875 0.328125 0.3591375 0.37109375 0.3645265625 0.419921875 0.3645265625 0.4736328125 0.361096875 0.5048828125 0.3591375
18 0.443359375 0.39539375 0.48828125 0.402253125 0.5205078125 0.39882343750000004 0.5390625 0.391475 0.53515625 0.3718765625 0.515625 0.363546875 0.4560546875 0.3699171875 0.41796875 0.3699171875 0.375 0.3699171875 0.35546875 0.3806953125 0.3798828125 0.391475 0.3984375 0.3944140625 0.421875 0.3944140625 0.443359375 0.39539375
19 0.4453125 0.43508125 0.4775390625 0.4360609375 0.509765625 0.43753125 0.5458984375 0.4341015625 0.560546875 0.415971875 0.53125 0.4042140625 0.4951171875 0.40519375 0.46484375 0.40519375 0.4287109375 0.40519375 0.3857421875 0.4061734375 0.279296875 0.40372343749999995 0.2705078125 0.415971875 0.3837890625 0.43116093749999995 0.416015625 0.4331203125 0.4453125 0.43508125
20 0.556640625 0.4683984375 0.5625 0.45222968750000003 0.5458984375 0.439490625 0.5029296875 0.4439 0.4609375 0.4448796875 0.4130859375 0.44683906249999994 0.376953125 0.45859843749999996 0.3984375 0.469378125 0.48828125 0.4683984375 0.556640625 0.4683984375
21 0.533203125 0.514453125 0.5625 0.514453125 0.58203125 0.5007343750000001 0.58203125 0.485546875 0.5693359375 0.4737875 0.53125 0.469378125 0.5048828125 0.47182812500000004 0.4755859375 0.47427656249999994 0.443359375 0.475746875 0.3984375 0.4772171875 0.373046875 0.4889765625 0.3984375 0.49926562499999994 0.4453125 0.49926562499999994 0.4990234375 0.5046546875 0.533203125 0.514453125
22 0.5478515625 0.5477703125 0.5751953125 0.544340625 0.5908203125 0.5335625 0.583984375 0.5188640625 0.5654296875 0.515434375 0.533203125 0.51249375 0.4951171875 0.51249375 0.46484375 0.5134734375 0.4453125 0.5188640625 0.4111328125 0.5198437499999999 0.373046875 0.530621875 0.369140625 0.5453203125 0.423828125 0.54238125 0.515625 0.5458109375 0.5478515625 0.5477703125
30 0.5390625 0.5756984375 0.5673828125 0.570309375 0.5732421875 0.5521796875 0.5458984375 0.54973125 0.51171875 0.54973125 0.48828125 0.5541406249999999 0.443359375 0.5541406249999999 0.3876953125 0.5551203124999999 0.353515625 0.5668796875 0.41796875 0.570309375 0.4794921875 0.570309375 0.5390625 0.5756984375
29 0.509765625 0.6139140624999999 0.5498046875 0.618325 0.578125 0.610975 0.5673828125 0.59480625 0.5498046875 0.5859875 0.533203125 0.5796171875 0.5009765625 0.584028125 0.470703125 0.5850078125 0.443359375 0.5894171874999999 0.4072265625 0.5913765625 0.3818359375 0.596765625 0.30078125 0.599215625 0.2958984375 0.6148953125000001 0.35546875 0.6163640625 0.4052734375 0.6163640625 0.46875 0.6148953125000001 0.509765625 0.6139140624999999
23 0.5244140625 0.6506609375 0.5673828125 0.6506609375 0.560546875 0.629103125 0.5478515625 0.6139140624999999 0.486328125 0.6139140624999999 0.4345703125 0.618325 0.3876953125 0.6281234375 0.353515625 0.6344921875 0.3662109375 0.642821875 0.4052734375 0.6452718749999999 0.447265625 0.6482109375 0.484375 0.6506609375 0.5244140625 0.6506609375
24 0.5048828125 0.6834890625 0.5390625 0.6834890625 0.552734375 0.6717296875 0.5419921875 0.6599703124999999 0.513671875 0.652621875 0.4736328125 0.6482109375 0.4287109375 0.6482109375 0.3798828125 0.6482109375 0.3349609375 0.6580109375000001 0.3583984375 0.665359375 0.421875 0.6727093749999999 0.466796875 0.675159375 0.5048828125 0.6834890625
25 0.5244140625 0.72954375 0.5244140625 0.70945625 0.5390625 0.6967171875 0.5263671875 0.6834890625 0.486328125 0.68446875 0.4521484375 0.6878984375 0.400390625 0.6859375 0.3642578125 0.6864281250000001 0.330078125 0.6898578125 0.30859375 0.7138656250000001 0.37109375 0.71680625 0.423828125 0.7285640625 0.4951171875 0.73934375 0.5244140625 0.72954375
26 0.4052734375 0.76188125 0.4287109375 0.7746203125 0.4814453125 0.7746203125 0.4951171875 0.7599218750000001 0.4970703125 0.7427734375 0.486328125 0.7329734375 0.37109375 0.72954375 0.28515625 0.72954375 0.3134765625 0.7476734375 0.3623046875 0.7584515625 0.4052734375 0.76188125
27 0.2880859375 0.78441875 0.330078125 0.7981374999999999 0.35546875 0.7834390625000001 0.376953125 0.764821875 0.3369140625 0.757471875 0.3046875 0.751103125 0.279296875 0.7501218749999999 0.263671875 0.7628609375 0.2880859375 0.78441875
0 0.6015625 0.773640625 0.5615234375 0.780009375 0.544921875 0.798628125 0.55859375 0.818715625 0.603515625 0.8231265625 0.6435546875 0.8162671874999999 0.66015625 0.8005875 0.654296875 0.7839296874999999 0.6357421875 0.7746203125 0.6015625 0.773640625
1 0.6318359375 0.7746203125 0.669921875 0.793728125 0.6875 0.77805 0.646484375 0.76433125 0.6044921875 0.757471875 0.609375 0.7432624999999999 0.646484375 0.7506125 0.7255859375 0.771190625 0.708984375 0.7486531249999999 0.6435546875 0.7334640625 0.5986328125 0.716315625 0.5732421875 0.7055359375 0.537109375 0.7084765625 0.5380859375 0.72954375 0.5166015625 0.7422828124999999 0.5146484375 0.7579625 0.5673828125 0.7658015625 0.6318359375 0.7746203125
3 0.55078125 0.695246875 0.560546875 0.7065171875 0.5859375 0.708965625 0.6064453125 0.7084765625 0.6328125 0.707496875 0.6728515625 0.7123953125 0.70703125 0.718765625 0.7353515625 0.7241546875 0.7275390625 0.7128859375000001 0.7080078125 0.7050468750000001 0.6845703125 0.6991671875 0.666015625 0.6932875000000001 0.6513671875 0.6849578125 0.6806640625 0.6829984375 0.708984375 0.6829984375 0.7314453125 0.692796875 0.7548828125 0.700146875 0.775390625 0.6957375 0.76171875 0.6849578125 0.736328125 0.675159375 0.7177734375 0.6722187500000001 0.6943359375 0.6673203125 0.6767578125 0.663890625 0.6533203125 0.6624203125 0.6318359375 0.6624203125 0.6103515625 0.6555609375 0.580078125 0.651640625 0.5556640625 0.6585 0.556640625 0.6785890625000001 0.55078125 0.695246875
4 0.74609375 0.6384125 0.7138671875 0.6330234375 0.6904296875 0.6286140625 0.669921875 0.625184375 0.6494140625 0.6232234375 0.623046875 0.6163640625 0.5908203125 0.612934375 0.5732421875 0.6217546875 0.580078125 0.636453125 0.5927734375 0.652621875 0.6396484375 0.647721875 0.6796875 0.6491921875 0.716796875 0.6491921875 0.732421875 0.6531109374999999 0.75 0.6531109374999999 0.7734375 0.6531109374999999 0.787109375 0.6413515624999999 0.74609375 0.6384125
5 0.650390625 0.610484375 0.6787109375 0.611465625 0.7021484375 0.615384375 0.74609375 0.6178343749999999 0.7841796875 0.6178343749999999 0.7919921875 0.608525 0.7763671875 0.60460625 0.75390625 0.599215625 0.7236328125 0.5938265625 0.6982421875 0.5899062500000001 0.67578125 0.587946875 0.66015625 0.585496875 0.6396484375 0.583046875 0.62109375 0.57716875 0.5966796875 0.5805984375000001 0.5810546875 0.5962765625 0.5859375 0.609015625 0.6142578125 0.6099953124999999 0.650390625 0.610484375
6 0.8017578125 0.5732484375 0.7646484375 0.5575703125 0.734375 0.549240625 0.6953125 0.5409109375 0.6494140625 0.53748125 0.6044921875 0.53748125 0.5869140625 0.5482609375 0.58984375 0.558059375 0.6142578125 0.5639390625 0.6396484375 0.5712890625 0.66796875 0.5688390625 0.6923828125 0.570309375 0.712890625 0.57471875 0.7314453125 0.579128125 0.7685546875 0.5864765625 0.798828125 0.5903968749999999 0.810546875 0.5845171875 0.8017578125 0.5732484375
7 0.791015625 0.542871875 0.828125 0.5276828124999999 0.7998046875 0.5183734375 0.7607421875 0.5120046874999999 0.697265625 0.505634375 0.6513671875 0.506125 0.62890625 0.5046546875 0.6123046875 0.5080843749999999 0.6123046875 0.51739375 0.61328125 0.5276828124999999 0.6513671875 0.528171875 0.68359375 0.530621875 0.73046875 0.5369921875 0.791015625 0.542871875
9 0.78515625 0.48015625 0.814453125 0.47182812500000004 0.814453125 0.458109375 0.7998046875 0.448309375 0.7587890625 0.448309375 0.712890625 0.45418906249999996 0.6640625 0.4615390625 0.6240234375 0.46496875 0.591796875 0.466928125 0.58984375 0.4821171875 0.625 0.48603593749999996 0.658203125 0.485546875 0.6728515625 0.4904453125 0.701171875 0.487015625 0.724609375 0.48603593749999996 0.75 0.48505624999999997 0.78515625 0.48015625
10 0.8212890625 0.4091125 0.83984375 0.39784375 0.828125 0.388534375 0.779296875 0.39735468749999997 0.7158203125 0.41107343749999997 0.6826171875 0.4164625 0.6455078125 0.42234218749999997 0.619140625 0.4243015625 0.5859375 0.4292015625 0.576171875 0.4439 0.60546875 0.45369843750000005 0.6455078125 0.45026875000000005 0.6796875 0.4448796875 0.705078125 0.4404703125 0.73828125 0.429690625 0.7900390625 0.4218515625 0.8212890625 0.4091125
11 0.7314453125 0.40029375 0.7646484375 0.3944140625 0.78125 0.375796875 0.7236328125 0.37922656250000003 0.68359375 0.3806953125 0.6455078125 0.3811859375 0.619140625 0.3811859375 0.5986328125 0.3831453125 0.572265625 0.387065625 0.5673828125 0.402253125 0.580078125 0.4130328125 0.595703125 0.4198921875 0.626953125 0.4164625 0.6513671875 0.41107343749999997 0.669921875 0.4091125 0.705078125 0.4042140625 0.7314453125 0.40029375
12 0.779296875 0.3419890625 0.7587890625 0.3370890625 0.728515625 0.33464062499999997 0.669921875 0.3415 0.6318359375 0.3419890625 0.6044921875 0.3424796875 0.5634765625 0.3424796875 0.556640625 0.3586484375 0.5537109375 0.37040625 0.58203125 0.3806953125 0.60546875 0.377265625 0.6357421875 0.3718765625 0.6572265625 0.368446875 0.6904296875 0.3640375 0.716796875 0.3591375 0.7509765625 0.3517890625 0.779296875 0.3419890625
14 0.724609375 0.2969125 0.705078125 0.2969125 0.69140625 0.3042625 0.6572265625 0.3067125 0.626953125 0.3067125 0.6279296875 0.29495312500000004 0.6611328125 0.286134375 0.6796875 0.27535468750000003 0.70703125 0.2689859375 0.7119140625 0.2577171875 0.6865234375 0.2640859375 0.6611328125 0.27192500000000003 0.634765625 0.2782953125 0.6005859375 0.2827046875 0.5732421875 0.2846640625 0.5390625 0.2846640625 0.521484375 0.2939734375 0.5185546875 0.307203125 0.5322265625 0.3214109375 0.5380859375 0.3307203125 0.53125 0.34051875 0.5595703125 0.3424796875 0.62109375 0.3268 0.6474609375 0.32043125 0.6650390625 0.31749218749999997 0.68359375 0.3145515625 0.7021484375 0.3140625 0.720703125 0.307203125 0.724609375 0.2969125
15 0.638671875 0.2111703125 0.6025390625 0.222440625 0.564453125 0.22782968750000002 0.546875 0.22782968750000002 0.5263671875 0.22782968750000002 0.509765625 0.22782968750000002 0.4970703125 0.2327296875 0.4775390625 0.23811875 0.4794921875 0.249878125 0.490234375 0.258696875 0.50390625 0.262615625 0.501953125 0.274375 0.5107421875 0.28564375000000003 0.5322265625 0.28564375000000003 0.55859375 0.283684375 0.5693359375 0.27192500000000003 0.583984375 0.2621265625 0.61328125 0.2542875 0.634765625 0.2493875 0.654296875 0.2420375 0.666015625 0.2322390625 0.6611328125 0.22292968750000003 0.646484375 0.22880937499999998 0.625 0.23566875 0.60546875 0.24105781249999997 0.5869140625 0.24154843750000002 0.5869140625 0.23566875 0.60546875 0.2341984375 0.619140625 0.22685 0.634765625 0.21949999999999997 0.638671875 0.2111703125
16 0.5751953125 0.221459375 0.5908203125 0.217540625 0.60546875 0.21313125 0.6123046875 0.2067609375 0.6123046875 0.1954921875 0.6064453125 0.185203125 0.5908203125 0.1749140625 0.5634765625 0.1709953125 0.5390625 0.1709953125 0.517578125 0.17638437499999998 0.501953125 0.1891234375 0.5029296875 0.2018625 0.517578125 0.20921093750000003 0.53515625 0.21362031250000002 0.556640625 0.222440625 0.5751953125 0.221459375