31 0.2317484375 0.376953125 0.20333125000000002 0.4169921875 0.2072515625 0.4375 0.21411093750000001 0.453125 0.222440625 0.4716796875 0.2371390625 0.4658203125 0.244978125 0.4384765625 0.2454671875 0.34765625 0.2317484375 0.376953125
2 0.23370937500000002 0.46875 0.23076875000000002 0.5029296875 0.2371390625 0.5263671875 0.24693749999999998 0.5263671875 0.2572265625 0.5419921875 0.27339531250000004 0.5419921875 0.2807453125 0.509765625 0.28319375 0.423828125 0.28319375 0.396484375 0.2851546875 0.369140625 0.274375 0.3662109375 0.26506562499999997 0.3662109375 0.258696875 0.39453125 0.2533078125 0.41796875 0.24693749999999998 0.443359375 0.23370937500000002 0.46875
13 0.3326796875 0.5498046875 0.33022968750000004 0.5048828125 0.3238609375 0.4541015625 0.3238609375 0.4111328125 0.31749218749999997 0.3876953125 0.2983828125 0.3818359375 0.29495312500000004 0.41796875 0.29054375 0.4501953125 0.2895640625 0.466796875 0.2778046875 0.51953125 0.276334375 0.5419921875 0.28319375 0.5673828125 0.29495312500000004 0.5693359375 0.3106328125 0.587890625 0.3287609375 0.5712890625 0.3326796875 0.5498046875
17 0.36550781250000003 0.486328125 0.3625671875 0.4306640625 0.3561984375 0.3984375 0.34394843750000004 0.4072265625 0.3375796875 0.443359375 0.333659375 0.486328125 0.3263109375 0.54296875 0.32043125 0.568359375 0.32925 0.5927734375 0.34492968749999997 0.59765625 0.3650171875 0.5869140625 0.36550781250000003 0.486328125
18 0.3968640625 0.6015625 0.403234375 0.5654296875 0.403234375 0.5205078125 0.39882343750000004 0.466796875 0.3944140625 0.4267578125 0.3762859375 0.41796875 0.37530625 0.4501953125 0.370896875 0.486328125 0.354728125 0.5888671875 0.362078125 0.6083984375 0.3738359375 0.6162109375 0.37775625 0.603515625 0.38363593749999997 0.6015625 0.3968640625 0.6015625
19 0.42675156249999996 0.46875 0.432140625 0.419921875 0.41499218750000005 0.4072265625 0.4061734375 0.421875 0.4061734375 0.4580078125 0.38510468750000004 0.5810546875 0.3900046875 0.6015625 0.403234375 0.623046875 0.42038281250000004 0.6142578125 0.42675156249999996 0.5791015625 0.4243015625 0.5224609375 0.42675156249999996 0.46875
20 0.45859843749999996 0.6123046875 0.45859843749999996 0.58203125 0.45859843749999996 0.5458984375 0.45859843749999996 0.515625 0.45859843749999996 0.484375 0.45859843749999996 0.447265625 0.4448796875 0.419921875 0.4360609375 0.4560546875 0.4341015625 0.4951171875 0.43116093749999995 0.52734375 0.42822187500000003 0.5419921875 0.42773125 0.5673828125 0.42626093750000005 0.61328125 0.43508125 0.62890625 0.45125000000000004 0.6337890625 0.45859843749999996 0.6123046875
21 0.5007343750000001 0.5419921875 0.4953453125 0.486328125 0.4953453125 0.4375 0.4835859375 0.4091796875 0.47035781249999997 0.421875 0.4610484375 0.4755859375 0.4610484375 0.53125 0.4610484375 0.603515625 0.4683984375 0.6337890625 0.48652656250000004 0.6337890625 0.5026953125 0.6337890625 0.5026953125 0.5869140625 0.5007343750000001 0.5419921875
22 0.53993125 0.630859375 0.5414015625 0.5908203125 0.5414015625 0.5419921875 0.5414015625 0.5078125 0.5369921875 0.4453125 0.5325828125000001 0.4072265625 0.514453125 0.4091796875 0.506125 0.4501953125 0.5071046875 0.5078125 0.5071046875 0.5458984375 0.5026953125 0.5732421875 0.501715625 0.6123046875 0.5090640625 0.630859375 0.5262125 0.6357421875 0.53993125 0.630859375
30 0.5732484375 0.537109375 0.5658984375 0.4736328125 0.5570796875 0.4287109375 0.5467906250000001 0.419921875 0.537971875 0.4326171875 0.53993125 0.486328125 0.544340625 0.53125 0.53993125 0.5966796875 0.5477703125 0.6376953125 0.5639390625 0.6357421875 0.5761875 0.623046875 0.5776578125 0.58203125 0.5732484375 0.537109375
29 0.6001953125 0.5078125 0.596765625 0.447265625 0.596765625 0.396484375 0.574228125 0.4091796875 0.5756984375 0.470703125 0.576678125 0.515625 0.57716875 0.5576171875 0.574228125 0.58203125 0.5801078125 0.615234375 0.5938265625 0.6259765625 0.6075453125 0.6171875 0.613425 0.59375 0.609015625 0.5673828125 0.6001953125 0.5078125
23 0.636453125 0.4990234375 0.636453125 0.439453125 0.6310625 0.4130859375 0.612934375 0.392578125 0.6001953125 0.400390625 0.6001953125 0.447265625 0.6011765625 0.5009765625 0.597746875 0.5634765625 0.603625 0.5986328125 0.626653125 0.6123046875 0.642821875 0.5966796875 0.636453125 0.5478515625 0.636453125 0.4990234375
24 0.65458125 0.4072265625 0.636453125 0.4130859375 0.6398828125 0.466796875 0.6354734375 0.5390625 0.6413515624999999 0.58203125 0.6580109375000001 0.5927734375 0.6687890624999999 0.5947265625 0.679078125 0.57421875 0.6780984375 0.5556640625 0.6722187500000001 0.5283203125 0.6609499999999999 0.4521484375 0.65458125 0.4072265625
25 0.7016171875 0.4375 0.688878125 0.419921875 0.6697703125000001 0.4287109375 0.6732 0.47265625 0.665359375 0.541015625 0.681528125 0.5791015625 0.7060265625000001 0.5693359375 0.723175 0.533203125 0.7148453124999999 0.5009765625 0.7060265625000001 0.4609375 0.7016171875 0.4375
26 0.737384375 0.37109375 0.727584375 0.35546875 0.711415625 0.3583984375 0.711415625 0.400390625 0.7158249999999999 0.4501953125 0.7172953125 0.5087890625 0.7241546875 0.529296875 0.73689375 0.52734375 0.7491421875000001 0.515625 0.7609015625 0.5029296875 0.7599218750000001 0.470703125 0.7476734375 0.4326171875 0.743753125 0.4052734375 0.737384375 0.37109375
27 0.74179375 0.3994140625 0.7501218749999999 0.4326171875 0.76678125 0.4423828125 0.780009375 0.4091796875 0.7790296875 0.3662109375 0.7726609375 0.3369140625 0.76923125 0.3134765625 0.7584515625 0.3193359375 0.7530625 0.3388671875 0.7501218749999999 0.3603515625 0.74179375 0.3994140625
28 0.7819703125 0.5498046875 0.76433125 0.5517578125 0.7584515625 0.5732421875 0.7560015625000001 0.63671875 0.7658015625 0.654296875 0.7951984375000001 0.654296875 0.8079375000000001 0.65234375 0.818715625 0.64453125 0.8226359375 0.625 0.809896875 0.5927734375 0.8045078125 0.5712890625 0.7927484375 0.5625 0.7819703125 0.5498046875
0 0.7589421875 0.712890625 0.762371875 0.7060546875 0.762371875 0.7001953125 0.7560015625000001 0.6953125 0.7515921875 0.6875 0.746203125 0.6796875 0.7422828124999999 0.6689453125 0.73934375 0.6591796875 0.73689375 0.6494140625 0.74424375 0.6435546875 0.7471828125 0.650390625 0.7501218749999999 0.654296875 0.7530625 0.654296875 0.7613921875 0.6611328125 0.7672703125 0.673828125 0.77315 0.6865234375 0.7775593749999999 0.697265625 0.7770703125 0.6875 0.7760906249999999 0.6787109375 0.77168125 0.6728515625 0.7677609375000001 0.6650390625 0.762371875 0.650390625 0.757471875 0.6376953125 0.755021875 0.626953125 0.7530625 0.6142578125 0.7530625 0.5986328125 0.751103125 0.5830078125 0.7491421875000001 0.568359375 0.7452234375 0.5576171875 0.7408140624999999 0.5478515625 0.7354234374999999 0.544921875 0.7315046875 0.5458984375 0.725625 0.5498046875 0.7207250000000001 0.5576171875 0.71680625 0.560546875 0.71680625 0.5712890625 0.711415625 0.56640625 0.7055359375 0.5673828125 0.6967171875 0.57421875 0.6942671875 0.583984375 0.695246875 0.599609375 0.6981875 0.6142578125 0.7030875 0.6240234375 0.708965625 0.6357421875 0.71435625 0.64453125 0.718275 0.6533203125 0.7226843749999999 0.6640625 0.7261140625 0.6669921875 0.730525 0.671875 0.73444375 0.677734375 0.7398328125 0.685546875 0.7452234375 0.6943359375 0.751103125 0.7060546875 0.7589421875 0.712890625
1 0.6854484375000001 0.583984375 0.67711875 0.5791015625 0.6692796875 0.5869140625 0.6604609375 0.591796875 0.65458125 0.595703125 0.6467421875 0.5986328125 0.6423328125000001 0.599609375 0.6359625 0.6044921875 0.636453125 0.6142578125 0.636453125 0.623046875 0.6413515624999999 0.63671875 0.6438015625 0.6474609375 0.64723125 0.65625 0.6511515625000001 0.66796875 0.6575203125 0.6865234375 0.6634 0.705078125 0.670259375 0.7255859375 0.6727093749999999 0.736328125 0.6732 0.744140625 0.67466875 0.75390625 0.6834890625 0.7705078125 0.6967171875 0.783203125 0.6986765625 0.7705078125 0.6947578125 0.759765625 0.6874078124999999 0.7392578125 0.6805484374999999 0.7265625 0.680059375 0.71484375 0.67711875 0.7001953125 0.6761390625 0.685546875 0.6756484375 0.66796875 0.68446875 0.6796875 0.691328125 0.6953125 0.6981875 0.7080078125 0.7060265625000001 0.72265625 0.7123953125 0.740234375 0.7202359375 0.7490234375 0.7221953125 0.7412109375 0.7221953125 0.7294921875 0.718275 0.7119140625 0.7158249999999999 0.69921875 0.711415625 0.6884765625 0.7084765625 0.6767578125 0.7050468750000001 0.662109375 0.7006375 0.6416015625 0.7006375 0.6259765625 0.697696875 0.6142578125 0.6937781249999999 0.5986328125 0.691328125 0.5888671875 0.6854484375000001 0.583984375
3 0.6055859375 0.642578125 0.6050953125 0.6533203125 0.610975 0.673828125 0.6139140624999999 0.681640625 0.6158750000000001 0.689453125 0.61979375 0.69921875 0.626653125 0.7236328125 0.6330234375 0.740234375 0.638903125 0.7568359375 0.6447812500000001 0.7705078125 0.6531109374999999 0.787109375 0.6599703124999999 0.802734375 0.6624203125 0.8115234375 0.6697703125000001 0.814453125 0.6761390625 0.8154296875 0.6785890625000001 0.810546875 0.6756484375 0.796875 0.6741796875 0.7900390625 0.6717296875 0.775390625 0.6683 0.7607421875 0.6629109375 0.748046875 0.65948125 0.728515625 0.6575203125 0.7138671875 0.654090625 0.7021484375 0.6521312499999999 0.6923828125 0.6506609375 0.6826171875 0.6491921875 0.6767578125 0.647721875 0.671875 0.6457625 0.6669921875 0.6457625 0.6591796875 0.6438015625 0.6435546875 0.640371875 0.6337890625 0.6369421875 0.6279296875 0.6325328125 0.6279296875 0.62714375 0.6328125 0.6217546875 0.6328125 0.6095046875000001 0.6337890625 0.6055859375 0.642578125
4 0.5776578125 0.66015625 0.5776578125 0.671875 0.5786374999999999 0.6806640625 0.5820671875000001 0.6962890625 0.5859875 0.7197265625 0.5884375000000001 0.7353515625 0.5918671875 0.75 0.59480625 0.7724609375 0.597746875 0.7822265625 0.6006859375 0.7939453125 0.604115625 0.8076171875 0.6075453125 0.8173828125 0.6119546875 0.828125 0.6163640625 0.8369140625 0.6212640625 0.8388671875 0.625184375 0.8369140625 0.6246937499999999 0.822265625 0.6227343750000001 0.8125 0.61979375 0.7890625 0.6173437500000001 0.7666015625 0.6139140624999999 0.7431640625 0.615384375 0.7294921875 0.6144046875 0.7138671875 0.6144046875 0.7060546875 0.6144046875 0.6953125 0.615384375 0.6845703125 0.611465625 0.6669921875 0.608525 0.654296875 0.59970625 0.650390625 0.5918671875 0.6513671875 0.5889265625 0.6513671875 0.584028125 0.6513671875 0.5805984375000001 0.6533203125 0.5776578125 0.66015625
5 0.5463015625 0.6962890625 0.5502203125 0.7119140625 0.5511999999999999 0.720703125 0.5546296875000001 0.736328125 0.55855 0.7587890625 0.5629593749999999 0.7724609375 0.5658984375 0.783203125 0.5707984374999999 0.7978515625 0.5756984375 0.8134765625 0.5805984375000001 0.830078125 0.585496875 0.841796875 0.5884375000000001 0.8349609375 0.5884375000000001 0.8193359375 0.5864765625 0.8037109375 0.5869671875 0.796875 0.5850078125 0.7841796875 0.583046875 0.7744140625 0.5825578124999999 0.763671875 0.5820671875000001 0.7529296875 0.5801078125 0.732421875 0.5801078125 0.72265625 0.5801078125 0.7138671875 0.5801078125 0.7060546875 0.579128125 0.7001953125 0.579128125 0.693359375 0.57716875 0.6796875 0.574228125 0.662109375 0.5683484375 0.658203125 0.561 0.6611328125 0.5561 0.6640625 0.551690625 0.6708984375 0.5458109375 0.6787109375 0.5463015625 0.6962890625
6 0.5203328125 0.6748046875 0.51739375 0.6796875 0.51739375 0.6865234375 0.5193531250000001 0.703125 0.5203328125 0.708984375 0.521803125 0.7158203125 0.5252328125 0.7294921875 0.5271921875000001 0.7431640625 0.5296421875 0.755859375 0.5325828125000001 0.775390625 0.5365015625 0.791015625 0.54238125 0.810546875 0.54875 0.826171875 0.555609375 0.8369140625 0.560509375 0.841796875 0.55855 0.8232421875 0.5551203124999999 0.8037109375 0.5521796875 0.7802734375 0.5502203125 0.7646484375 0.549240625 0.7509765625 0.54875 0.7412109375 0.5482609375 0.728515625 0.5458109375 0.7177734375 0.5458109375 0.7080078125 0.5458109375 0.6923828125 0.544340625 0.6806640625 0.5409109375 0.6728515625 0.5350312500000001 0.6669921875 0.5296421875 0.669921875 0.5247421875 0.6728515625 0.5203328125 0.6748046875
7 0.49387499999999995 0.701171875 0.496815625 0.720703125 0.4997546875 0.7421875 0.501715625 0.7509765625 0.5041640625 0.7626953125 0.505634375 0.7744140625 0.5095546875 0.7890625 0.5134734375 0.8056640625 0.5178828125 0.8134765625 0.5198437499999999 0.8056640625 0.5178828125 0.7880859375 0.5178828125 0.76953125 0.51739375 0.75 0.51739375 0.7373046875 0.51739375 0.7265625 0.51739375 0.7158203125 0.5164140625 0.7041015625 0.514453125 0.685546875 0.5134734375 0.6728515625 0.5071046875 0.6728515625 0.5022046875 0.6728515625 0.49730468749999995 0.6728515625 0.49289531249999996 0.6728515625 0.49289531249999996 0.685546875 0.49387499999999995 0.701171875
8 0.48113593750000005 0.78125 0.4835859375 0.80078125 0.48505624999999997 0.8154296875 0.4879953125 0.828125 0.49289531249999996 0.8251953125 0.49289531249999996 0.798828125 0.49240625 0.7744140625 0.49240625 0.7509765625 0.49240625 0.736328125 0.491915625 0.724609375 0.49289531249999996 0.708984375 0.49289531249999996 0.697265625 0.49289531249999996 0.6875 0.49240625 0.671875 0.485546875 0.673828125 0.48015625 0.6748046875 0.475746875 0.67578125 0.469378125 0.677734375 0.4688875 0.6826171875 0.4688875 0.693359375 0.4688875 0.701171875 0.4688875 0.7158203125 0.4713375 0.724609375 0.4723171875 0.7353515625 0.47427656249999994 0.75 0.47868750000000004 0.7666015625 0.48113593750000005 0.78125
9 0.46496875 0.7294921875 0.46545781249999996 0.7080078125 0.4674171875 0.7001953125 0.4679078125 0.6865234375 0.4639875 0.6748046875 0.45761874999999996 0.6669921875 0.44782031250000004 0.6640625 0.4404703125 0.6630859375 0.4404703125 0.681640625 0.4404703125 0.6923828125 0.44145 0.7099609375 0.441940625 0.7255859375 0.44242968749999995 0.7353515625 0.4439 0.7490234375 0.44683906249999994 0.759765625 0.44977968749999997 0.779296875 0.45075937499999996 0.798828125 0.45369843750000005 0.814453125 0.4561484375 0.80859375 0.45761874999999996 0.80078125 0.45859843749999996 0.7919921875 0.45859843749999996 0.7841796875 0.45908906250000003 0.7763671875 0.46202812499999996 0.7529296875 0.46496875 0.7294921875
10 0.4017640625 0.7880859375 0.404703125 0.8125 0.41009375 0.8349609375 0.41548281249999997 0.8505859375 0.42332187499999996 0.8564453125 0.4272421875 0.8525390625 0.4272421875 0.8359375 0.4292015625 0.8203125 0.429690625 0.7939453125 0.43263125 0.7705078125 0.43508125 0.7490234375 0.4355703125 0.7333984375 0.43753125 0.7158203125 0.4409609375 0.7001953125 0.4399796875 0.6884765625 0.437040625 0.673828125 0.432140625 0.662109375 0.42675156249999996 0.654296875 0.42136250000000003 0.6533203125 0.414503125 0.66015625 0.4091125 0.6708984375 0.40715312499999995 0.6875 0.4061734375 0.6923828125 0.4042140625 0.6982421875 0.404703125 0.712890625 0.40519375 0.724609375 0.40519375 0.7421875 0.4042140625 0.7646484375 0.4017640625 0.7880859375
11 0.4017640625 0.7236328125 0.40519375 0.7001953125 0.4061734375 0.6826171875 0.4081328125 0.6728515625 0.4081328125 0.66015625 0.4017640625 0.65625 0.3949046875 0.6494140625 0.389515625 0.6455078125 0.384125 0.6455078125 0.3787359375 0.650390625 0.3762859375 0.666015625 0.374815625 0.6787109375 0.37285625 0.6982421875 0.37285625 0.712890625 0.3718765625 0.73828125 0.370896875 0.76171875 0.3699171875 0.779296875 0.368446875 0.7958984375 0.3669765625 0.814453125 0.3650171875 0.830078125 0.365996875 0.8408203125 0.3723671875 0.8408203125 0.3787359375 0.8330078125 0.384125 0.8203125 0.38804531249999996 0.8037109375 0.3924546875 0.7841796875 0.39735468749999997 0.7646484375 0.3998046875 0.7470703125 0.4017640625 0.7236328125
12 0.329740625 0.755859375 0.327290625 0.7724609375 0.327290625 0.7880859375 0.3243515625 0.802734375 0.313571875 0.8251953125 0.306221875 0.841796875 0.30867187500000004 0.8466796875 0.313571875 0.8486328125 0.3238609375 0.8388671875 0.33415 0.8203125 0.3444390625 0.80078125 0.3508078125 0.78125 0.35521875 0.765625 0.359628125 0.74609375 0.3640375 0.7314453125 0.3694265625 0.7041015625 0.3738359375 0.6767578125 0.375796875 0.6630859375 0.3806953125 0.64453125 0.37530625 0.6474609375 0.37138593750000004 0.646484375 0.368446875 0.6435546875 0.3640375 0.634765625 0.3542375 0.6298828125 0.347378125 0.6328125 0.3424796875 0.640625 0.3424796875 0.6513671875 0.3415 0.6650390625 0.3415 0.67578125 0.34051875 0.68359375 0.3400296875 0.6884765625 0.33904999999999996 0.69921875 0.3366 0.712890625 0.333659375 0.7236328125 0.33121093749999997 0.740234375 0.329740625 0.755859375
14 0.272415625 0.7470703125 0.278784375 0.736328125 0.286134375 0.7236328125 0.292503125 0.705078125 0.2959328125 0.693359375 0.3013234375 0.6845703125 0.3052421875 0.6904296875 0.3096515625 0.69921875 0.3067125 0.7138671875 0.3057328125 0.7275390625 0.299853125 0.7392578125 0.29495312500000004 0.748046875 0.29005312499999997 0.7578125 0.2822140625 0.7666015625 0.2758453125 0.7802734375 0.27535468750000003 0.7890625 0.2797640625 0.79296875 0.28564375000000003 0.7900390625 0.2944640625 0.7802734375 0.302303125 0.7705078125 0.30867187500000004 0.76171875 0.31651093750000003 0.74609375 0.3243515625 0.7177734375 0.3307203125 0.6943359375 0.33415 0.6787109375 0.3370890625 0.666015625 0.3444390625 0.646484375 0.3493390625 0.634765625 0.3512984375 0.626953125 0.3508078125 0.619140625 0.34688906249999996 0.6142578125 0.3395390625 0.615234375 0.333659375 0.6123046875 0.3268 0.607421875 0.3219015625 0.6025390625 0.31553125 0.5927734375 0.30867187500000004 0.5908203125 0.304753125 0.5947265625 0.2988734375 0.5869140625 0.29544375 0.5986328125 0.2920140625 0.6123046875 0.288584375 0.630859375 0.2822140625 0.650390625 0.2782953125 0.6728515625 0.2709453125 0.6904296875 0.2640859375 0.7080078125 0.262615625 0.7177734375 0.26065625 0.728515625 0.2533078125 0.7470703125 0.24889687500000002 0.7626953125 0.2552671875 0.7666015625 0.2660453125 0.755859375 0.272415625 0.7470703125
15 0.20333125000000002 0.7060546875 0.20578124999999997 0.7109375 0.21068125000000001 0.712890625 0.2160703125 0.70703125 0.2204796875 0.6982421875 0.22488906250000001 0.6875 0.2302796875 0.6787109375 0.2341984375 0.66796875 0.23517812500000002 0.6533203125 0.24056875 0.63671875 0.2484078125 0.6494140625 0.2439984375 0.6669921875 0.23860781250000002 0.6796875 0.23321874999999997 0.6943359375 0.223909375 0.712890625 0.2185203125 0.7275390625 0.221459375 0.732421875 0.226359375 0.7314453125 0.23076875000000002 0.7265625 0.23811875 0.7138671875 0.24693749999999998 0.6943359375 0.2533078125 0.6806640625 0.262615625 0.666015625 0.26849531249999997 0.65625 0.27535468750000003 0.6435546875 0.2807453125 0.634765625 0.28564375000000003 0.6279296875 0.288584375 0.6171875 0.2920140625 0.6064453125 0.2920140625 0.595703125 0.2895640625 0.5849609375 0.283684375 0.5771484375 0.28123437500000004 0.5771484375 0.279275 0.5751953125 0.2714359375 0.576171875 0.26751562500000003 0.5830078125 0.2670265625 0.5673828125 0.2616359375 0.5556640625 0.25575625 0.5458984375 0.2479171875 0.548828125 0.23566875 0.564453125 0.23370937500000002 0.5810546875 0.2317484375 0.599609375 0.2293 0.61328125 0.22733906250000002 0.623046875 0.22440000000000002 0.6357421875 0.2190109375 0.6474609375 0.212640625 0.6611328125 0.20823125 0.6787109375 0.20578124999999997 0.6904296875 0.20333125000000002 0.7060546875
16 0.1754046875 0.626953125 0.1837328125 0.626953125 0.18324374999999998 0.6328125 0.1768734375 0.64453125 0.1709953125 0.65234375 0.1641359375 0.666015625 0.1709953125 0.6708984375 0.180303125 0.6708984375 0.1886328125 0.6689453125 0.1994125 0.666015625 0.20627187500000002 0.666015625 0.21362031250000002 0.66015625 0.217540625 0.6494140625 0.22195 0.6435546875 0.226359375 0.626953125 0.2297890625 0.619140625 0.22733906250000002 0.6005859375 0.22587031249999998 0.583984375 0.222440625 0.56640625 0.2165609375 0.5537109375 0.2111703125 0.5458984375 0.2018625 0.5478515625 0.1886328125 0.5654296875 0.1709953125 0.5849609375 0.16070625 0.5986328125 0.1572765625 0.6025390625 0.15580624999999998 0.6103515625 0.157765625 0.6162109375 0.16119531250000002 0.6220703125 0.16511562500000002 0.6279296875 0.167565625 0.6279296875 0.1754046875 0.626953125