31 0.253059375 0.28515625 0.239353125 0.3583984375 0.225159375 0.4091796875 0.226628125 0.4453125 0.24131249999999999 0.4560546875 0.25550625 0.4677734375 0.2697015625 0.4453125 0.26284843750000003 0.3876953125 0.26187031250000004 0.3369140625 0.253059375 0.28515625
19 0.43122812499999996 0.5478515625 0.4307390625 0.5009765625 0.4307390625 0.4609375 0.429759375 0.4091796875 0.42878125 0.3857421875 0.423396875 0.353515625 0.4136078125 0.37109375 0.40528593749999997 0.400390625 0.40430781250000003 0.4326171875 0.39990156250000003 0.470703125 0.39892343750000003 0.5029296875 0.3920703125 0.5458984375 0.40626562499999996 0.5810546875 0.42095000000000005 0.580078125 0.43122812499999996 0.5478515625
20 0.45863906249999997 0.4736328125 0.45766093750000003 0.4365234375 0.45325468750000003 0.4072265625 0.4424859375 0.3984375 0.4424859375 0.4609375 0.4385703125 0.5009765625 0.43318593749999995 0.537109375 0.43612343750000004 0.5712890625 0.45472343750000005 0.5810546875 0.4645125 0.56640625 0.462065625 0.5078125 0.45863906249999997 0.4736328125
21 0.507096875 0.5810546875 0.50465 0.52734375 0.5026921875 0.509765625 0.5026921875 0.4609375 0.49926562499999994 0.4306640625 0.4973078125 0.396484375 0.48996562499999996 0.376953125 0.4747921875 0.3876953125 0.472834375 0.4345703125 0.472834375 0.470703125 0.469896875 0.5068359375 0.46598125 0.544921875 0.4664703125 0.5869140625 0.47919687499999997 0.58203125 0.4963296875 0.5908203125 0.507096875 0.5810546875
22 0.5521296875 0.4326171875 0.5452765625 0.3857421875 0.5296140625 0.37890625 0.5296140625 0.4111328125 0.520803125 0.4775390625 0.5075875 0.5322265625 0.5080765625 0.578125 0.5271656250000001 0.6015625 0.54331875 0.599609375 0.547234375 0.5478515625 0.54331875 0.48828125 0.5521296875 0.4326171875
30 0.579540625 0.4453125 0.5746453125000001 0.41796875 0.5638765625 0.4052734375 0.5614296875 0.4326171875 0.555065625 0.484375 0.5531078125 0.5146484375 0.54625625 0.5634765625 0.5609390624999999 0.59375 0.5775812499999999 0.5712890625 0.57905 0.5322265625 0.5746453125000001 0.4921875 0.579540625 0.4453125
29 0.613803125 0.4560546875 0.6118453125000001 0.4091796875 0.610865625 0.3662109375 0.5991187499999999 0.3623046875 0.5956921875 0.38671875 0.5917765625 0.4091796875 0.5903078125000001 0.4423828125 0.5863921875 0.484375 0.579540625 0.515625 0.5775812499999999 0.5498046875 0.58981875 0.583984375 0.601565625 0.5927734375 0.6142921875 0.5673828125 0.613803125 0.4990234375 0.613803125 0.4560546875
25 0.7234453125 0.3837890625 0.70729375 0.37890625 0.69211875 0.37890625 0.6857562500000001 0.4072265625 0.6847765625 0.4423828125 0.6837984374999999 0.46484375 0.67939375 0.4814453125 0.6744984374999999 0.5048828125 0.672540625 0.53125 0.672540625 0.548828125 0.6877140625 0.55859375 0.705825 0.5625 0.717571875 0.5439453125 0.719040625 0.515625 0.716103125 0.4736328125 0.72295625 0.4326171875 0.7234453125 0.3837890625
27 0.77875625 0.4287109375 0.7748406250000001 0.37890625 0.7704359375000001 0.3408203125 0.761625 0.3046875 0.7435140625 0.302734375 0.74449375 0.32421875 0.7449828125 0.349609375 0.739109375 0.392578125 0.7381296875000001 0.421875 0.7307875 0.453125 0.7420453124999999 0.4873046875 0.7567296875 0.484375 0.7704359375000001 0.4794921875 0.7807140625 0.4599609375 0.77875625 0.4287109375
28 0.7435140625 0.6162109375 0.7704359375000001 0.650390625 0.801271875 0.6591796875 0.8046984374999999 0.625 0.7865890624999999 0.625 0.767009375 0.6103515625 0.7542828125 0.5693359375 0.76309375 0.578125 0.7758203124999999 0.5908203125 0.7929515625 0.6015625 0.8144890625000001 0.603515625 0.8130203125 0.583984375 0.802740625 0.5908203125 0.7821828125 0.5673828125 0.7714140625 0.5439453125 0.7503671875 0.5087890625 0.7386203124999999 0.5107421875 0.7234453125 0.544921875 0.7146359375 0.5673828125 0.7180609375 0.59765625 0.7435140625 0.6162109375
3 0.6377875000000001 0.67578125 0.6377875000000001 0.7041015625 0.6387671874999999 0.736328125 0.6451296875 0.7705078125 0.660303125 0.7890625 0.6749875000000001 0.783203125 0.668625 0.748046875 0.6642187500000001 0.7099609375 0.660303125 0.6865234375 0.658834375 0.6611328125 0.658834375 0.62109375 0.6622609374999999 0.5888671875 0.64415 0.580078125 0.6343609375 0.580078125 0.6235921875 0.5927734375 0.6279984375 0.6181640625 0.6343609375 0.64453125 0.6377875000000001 0.67578125
4 0.6333828125000001 0.7919921875 0.6289765625 0.7470703125 0.62701875 0.7099609375 0.624571875 0.67578125 0.626040625 0.640625 0.6275078125 0.6171875 0.62065625 0.58984375 0.60205625 0.5908203125 0.5903078125000001 0.6103515625 0.5932453125 0.638671875 0.5991187499999999 0.650390625 0.6010765625000001 0.6787109375 0.60205625 0.7021484375 0.6098874999999999 0.7548828125 0.6235921875 0.7978515625 0.6333828125000001 0.7919921875
5 0.59275625 0.806640625 0.607440625 0.833984375 0.6064609375 0.7958984375 0.6010765625000001 0.7265625 0.5932453125 0.662109375 0.58981875 0.6162109375 0.5692609375 0.59765625 0.5594718750000001 0.6357421875 0.567303125 0.6787109375 0.579540625 0.7294921875 0.59275625 0.806640625
6 0.5560453125 0.8212890625 0.5594718750000001 0.7890625 0.5594718750000001 0.7529296875 0.5594718750000001 0.71484375 0.5594718750000001 0.6630859375 0.5599609375 0.609375 0.5477234375 0.6015625 0.5379343750000001 0.60546875 0.5296140625 0.625 0.534996875 0.6552734375 0.5389140625 0.693359375 0.5413609375 0.7255859375 0.5413609375 0.7783203125 0.54331875 0.8193359375 0.5560453125 0.8212890625
7 0.5188453125 0.802734375 0.5252078124999999 0.83203125 0.5335296875 0.806640625 0.5335296875 0.7890625 0.5359765624999999 0.765625 0.5359765624999999 0.744140625 0.534996875 0.716796875 0.5305921875 0.6806640625 0.53255 0.65234375 0.53255 0.6123046875 0.5163968750000001 0.6142578125 0.507096875 0.626953125 0.507096875 0.6611328125 0.5144390624999999 0.7021484375 0.517865625 0.7783203125 0.5188453125 0.802734375
8 0.47675 0.7939453125 0.48996562499999996 0.7978515625 0.5007343750000001 0.7685546875 0.5007343750000001 0.734375 0.5007343750000001 0.712890625 0.49926562499999994 0.689453125 0.50611875 0.6572265625 0.5134609375 0.6162109375 0.4889875 0.6103515625 0.48213437499999995 0.6484375 0.48360312499999997 0.669921875 0.48360312499999997 0.7236328125 0.47675 0.76171875 0.47675 0.7939453125
9 0.44689218750000004 0.7294921875 0.440528125 0.759765625 0.44689218750000004 0.787109375 0.46108593750000004 0.7724609375 0.46500312499999996 0.73828125 0.468428125 0.7041015625 0.472834375 0.67578125 0.47675 0.6484375 0.48360312499999997 0.6123046875 0.4630453125 0.60546875 0.4522765625 0.62109375 0.4522765625 0.6630859375 0.4522765625 0.7021484375 0.44689218750000004 0.7294921875
10 0.4150765625 0.8046875 0.4243765625 0.76171875 0.43318593749999995 0.734375 0.43759218750000006 0.697265625 0.44689218750000004 0.6611328125 0.455703125 0.6357421875 0.455703125 0.6103515625 0.43759218750000006 0.5927734375 0.41899218749999995 0.6162109375 0.4150765625 0.6484375 0.4106703125 0.671875 0.40724375 0.7060546875 0.403328125 0.734375 0.39451718750000003 0.7783203125 0.3901125 0.8154296875 0.403328125 0.8369140625 0.4150765625 0.8046875
11 0.386196875 0.765625 0.396475 0.7421875 0.401859375 0.7099609375 0.40528593749999997 0.671875 0.4106703125 0.6416015625 0.41654375000000005 0.609375 0.40528593749999997 0.580078125 0.39549687499999997 0.57421875 0.3808125 0.5947265625 0.3808125 0.623046875 0.3788546875 0.66015625 0.37493906250000003 0.7119140625 0.37347031249999996 0.7353515625 0.37347031249999996 0.751953125 0.378365625 0.783203125 0.386196875 0.765625
12 0.3426328125 0.7685546875 0.35193281249999997 0.7490234375 0.35535937500000003 0.7236328125 0.3612328125 0.6923828125 0.3666171875 0.6640625 0.3715125 0.640625 0.3808125 0.6181640625 0.3808125 0.5791015625 0.367596875 0.556640625 0.3455703125 0.5732421875 0.34312343749999996 0.625 0.339696875 0.6630859375 0.338228125 0.6865234375 0.3348015625 0.71484375 0.32501250000000004 0.76171875 0.32354375 0.779296875 0.33137500000000003 0.7939453125 0.3426328125 0.7685546875
15 0.243759375 0.62890625 0.23054375 0.6611328125 0.2403328125 0.6845703125 0.260890625 0.666015625 0.26823281250000003 0.634765625 0.2790015625 0.6162109375 0.2897703125 0.6181640625 0.2829171875 0.64453125 0.27067968750000004 0.650390625 0.26187031250000004 0.6904296875 0.2711703125 0.7001953125 0.2799796875 0.6865234375 0.2897703125 0.666015625 0.3000484375 0.646484375 0.3294171875 0.5888671875 0.336759375 0.5576171875 0.325990625 0.5390625 0.308859375 0.5205078125 0.287321875 0.513671875 0.2799796875 0.5478515625 0.260890625 0.5888671875 0.243759375 0.62890625
16 0.20606874999999997 0.578125 0.20313281249999998 0.58984375 0.2001953125 0.6044921875 0.2006859375 0.6142578125 0.20313281249999998 0.6220703125 0.2099859375 0.611328125 0.21390156249999998 0.6064453125 0.21781718749999998 0.595703125 0.22075312500000002 0.5849609375 0.2256484375 0.583984375 0.23152187500000002 0.5703125 0.2349484375 0.5576171875 0.23886406249999997 0.5576171875 0.24180156249999998 0.568359375 0.24131249999999999 0.5771484375 0.235928125 0.5849609375 0.229075 0.5986328125 0.2217328125 0.611328125 0.2163484375 0.623046875 0.2109640625 0.6328125 0.2148796875 0.634765625 0.219775 0.6357421875 0.22320156249999998 0.634765625 0.22809531249999998 0.62890625 0.2349484375 0.6240234375 0.24131249999999999 0.6181640625 0.247675 0.6044921875 0.2550171875 0.58984375 0.260890625 0.578125 0.2643171875 0.5654296875 0.27067968750000004 0.560546875 0.2750859375 0.5517578125 0.2799796875 0.544921875 0.28340624999999997 0.5361328125 0.283896875 0.5263671875 0.282428125 0.5185546875 0.280959375 0.5107421875 0.27606406250000004 0.505859375 0.2697015625 0.5048828125 0.2643171875 0.501953125 0.2589328125 0.4912109375 0.253059375 0.484375 0.245228125 0.4755859375 0.238375 0.48828125 0.23397031250000003 0.50390625 0.23054375 0.509765625 0.226628125 0.51953125 0.222221875 0.529296875 0.21928593749999997 0.5380859375 0.2148796875 0.55078125 0.21047500000000002 0.5625 0.20606874999999997 0.578125