31 0.5322265625 0.74449375 0.5439453125 0.7586875 0.5546875 0.773371875 0.5908203125 0.7748406250000001 0.6416015625 0.7606468750000001 0.71484375 0.7469406249999999 0.6630859375 0.7381296875000001 0.6123046875 0.7371515625 0.5546875 0.7302984375 0.5322265625 0.74449375
19 0.4990234375 0.5692609375 0.4521484375 0.568771875 0.419921875 0.57905 0.4189453125 0.593734375 0.4541015625 0.6079296875 0.4970703125 0.6010765625000001 0.529296875 0.6000984375 0.5673828125 0.5956921875 0.599609375 0.5947140625 0.62890625 0.5863921875 0.646484375 0.576603125 0.6142578125 0.57121875 0.5908203125 0.5702406250000001 0.5390625 0.5692609375 0.4990234375 0.5692609375
20 0.43359375 0.5354875 0.4189453125 0.5452765625 0.4287109375 0.5638765625 0.462890625 0.5668140625 0.4990234375 0.5614296875 0.5390625 0.5575140625 0.6015625 0.5575140625 0.5927734375 0.5467453124999999 0.5634765625 0.5423390625 0.5263671875 0.5413609375 0.4921875 0.5379343750000001 0.43359375 0.5354875
21 0.490234375 0.4973078125 0.47265625 0.49535 0.4189453125 0.49290312500000005 0.4091796875 0.5036703124999999 0.41796875 0.520803125 0.4130859375 0.5335296875 0.455078125 0.53401875 0.4931640625 0.530103125 0.529296875 0.5271656250000001 0.5654296875 0.5271656250000001 0.6123046875 0.5252078124999999 0.623046875 0.510034375 0.603515625 0.5026921875 0.5693359375 0.5007343750000001 0.5390625 0.4973078125 0.490234375 0.4973078125
22 0.4521484375 0.45276562499999995 0.400390625 0.45668125000000004 0.3984375 0.472834375 0.421875 0.4919234375 0.4677734375 0.49241250000000003 0.5224609375 0.47919687499999997 0.5888671875 0.4703859375 0.62109375 0.4703859375 0.6142578125 0.45472343750000005 0.5673828125 0.4478703125 0.51171875 0.45668125000000004 0.4521484375 0.45276562499999995
30 0.4677734375 0.42095000000000005 0.4287109375 0.42241875 0.40625 0.4390609375 0.4365234375 0.45374375 0.4853515625 0.44689218750000004 0.515625 0.444934375 0.5673828125 0.4385703125 0.5947265625 0.43612343750000004 0.58203125 0.42535468749999994 0.5546875 0.42045937499999997 0.5078125 0.42535468749999994 0.4677734375 0.42095000000000005
29 0.5908203125 0.38815468750000004 0.5439453125 0.386196875 0.5009765625 0.386196875 0.4326171875 0.3857078125 0.4072265625 0.398434375 0.416015625 0.41018125000000005 0.4501953125 0.42241875 0.484375 0.42045937499999997 0.515625 0.4136078125 0.5576171875 0.40969218749999997 0.5908203125 0.40822343749999995 0.61328125 0.40430781250000003 0.6376953125 0.40088125 0.6337890625 0.389134375 0.5908203125 0.38815468750000004
25 0.5927734375 0.31424375000000004 0.62109375 0.30788125 0.62109375 0.29270625 0.6162109375 0.2765546875 0.5673828125 0.27704375 0.5263671875 0.283896875 0.484375 0.280959375 0.4560546875 0.282428125 0.4375 0.29417499999999996 0.44140625 0.3122859375 0.451171875 0.327459375 0.46875 0.327459375 0.4951171875 0.3255015625 0.5185546875 0.32060625 0.53515625 0.3162015625 0.5576171875 0.3152234375 0.5927734375 0.31424375000000004
27 0.62109375 0.225159375 0.5712890625 0.22124375000000002 0.5400390625 0.21928593749999997 0.5205078125 0.2295640625 0.515625 0.24327031250000003 0.5126953125 0.2579546875 0.546875 0.26921249999999997 0.578125 0.26187031250000004 0.607421875 0.260890625 0.650390625 0.2550171875 0.67578125 0.25550625 0.697265625 0.25648593750000004 0.6953125 0.238375 0.6591796875 0.2295640625 0.62109375 0.225159375
28 0.421875 0.23690625 0.4306640625 0.2457171875 0.3896484375 0.232990625 0.375 0.2134109375 0.375 0.1953015625 0.3408203125 0.198728125 0.349609375 0.2295640625 0.3837890625 0.25648593750000004 0.40234375 0.2819390625 0.4326171875 0.2853640625 0.455078125 0.2765546875 0.4892578125 0.26137968749999996 0.4912109375 0.24963281249999997 0.4560546875 0.22858593749999997 0.4326171875 0.21781718749999998 0.4091796875 0.197259375 0.416015625 0.1869796875 0.396484375 0.1855109375 0.3984375 0.2070484375 0.4091796875 0.2241796875 0.421875 0.23690625
3 0.2109375 0.339696875 0.2294921875 0.3548703125 0.263671875 0.3612328125 0.2958984375 0.3622125 0.32421875 0.3622125 0.35546875 0.3656390625 0.3818359375 0.3720015625 0.4072265625 0.3764078125 0.419921875 0.3656390625 0.419921875 0.35585 0.4111328125 0.33773906249999996 0.37890625 0.34116562500000003 0.3388671875 0.34116562500000003 0.3134765625 0.339696875 0.2900390625 0.33578125000000003 0.251953125 0.33137500000000003 0.216796875 0.32501250000000004 0.2109375 0.339696875
4 0.2900390625 0.37298125 0.2529296875 0.3710234375 0.2080078125 0.3666171875 0.2021484375 0.3764078125 0.2451171875 0.3901125 0.2978515625 0.39794375 0.3212890625 0.39892343750000003 0.349609375 0.40088125 0.361328125 0.4067546875 0.3896484375 0.40969218749999997 0.4091796875 0.39794375 0.41015625 0.37934375 0.3828125 0.3724921875 0.359375 0.373959375 0.32421875 0.375428125 0.2900390625 0.37298125
5 0.3642578125 0.440528125 0.40234375 0.4307390625 0.3837890625 0.41018125000000005 0.337890625 0.4067546875 0.2734375 0.39892343750000003 0.2041015625 0.39353906250000004 0.166015625 0.392559375 0.193359375 0.40724375 0.2705078125 0.42045937499999997 0.3212890625 0.432696875 0.3642578125 0.440528125
6 0.2109375 0.440528125 0.1787109375 0.44395468749999994 0.1806640625 0.45668125000000004 0.2216796875 0.45863906249999997 0.2744140625 0.45863906249999997 0.306640625 0.46108593750000004 0.3447265625 0.46500312499999996 0.375 0.4703859375 0.39453125 0.462065625 0.3984375 0.4522765625 0.390625 0.4400390625 0.3369140625 0.440528125 0.28515625 0.440528125 0.2470703125 0.440528125 0.2109375 0.440528125
7 0.193359375 0.4664703125 0.16796875 0.4747921875 0.197265625 0.4811546875 0.2216796875 0.48213437499999995 0.2978515625 0.4855609375 0.3388671875 0.49290312500000005 0.373046875 0.49290312500000005 0.3857421875 0.48360312499999997 0.3876953125 0.46745000000000003 0.34765625 0.46745000000000003 0.3193359375 0.46940781249999997 0.283203125 0.46500312499999996 0.255859375 0.4640234375 0.234375 0.4640234375 0.2109375 0.4664703125 0.193359375 0.4664703125
8 0.2060546875 0.52325 0.23828125 0.52325 0.2763671875 0.5163968750000001 0.330078125 0.5163968750000001 0.3515625 0.517865625 0.3896484375 0.5110125 0.3837890625 0.4865390625 0.3427734375 0.49388125 0.310546875 0.5007343750000001 0.287109375 0.49926562499999994 0.265625 0.49926562499999994 0.2314453125 0.49926562499999994 0.2021484375 0.510034375 0.2060546875 0.52325
9 0.2705078125 0.5531078125 0.2978515625 0.5477234375 0.3369140625 0.5477234375 0.37890625 0.5477234375 0.39453125 0.5369546875 0.3876953125 0.5163968750000001 0.3515625 0.52325 0.32421875 0.5271656250000001 0.2958984375 0.531571875 0.26171875 0.534996875 0.2275390625 0.5389140625 0.212890625 0.5531078125 0.240234375 0.5594718750000001 0.2705078125 0.5531078125
10 0.302734375 0.5624078124999999 0.265625 0.5668140625 0.23828125 0.5756234375 0.1953125 0.5849234375 0.1630859375 0.596671875 0.1845703125 0.6098874999999999 0.2216796875 0.6054828125 0.265625 0.596671875 0.2939453125 0.59275625 0.328125 0.5893296875 0.3515625 0.5849234375 0.3837890625 0.5810078125 0.4072265625 0.5624078124999999 0.3896484375 0.544296875 0.3642578125 0.544296875 0.3388671875 0.5531078125 0.302734375 0.5624078124999999
11 0.2900390625 0.598140625 0.2578125 0.603525 0.234375 0.613803125 0.216796875 0.621634375 0.248046875 0.6265296874999999 0.2646484375 0.6265296874999999 0.2880859375 0.6250609375 0.33984375 0.6211453125 0.376953125 0.6191875 0.4052734375 0.6191875 0.42578125 0.604503125 0.419921875 0.5947140625 0.390625 0.58345625 0.3583984375 0.5893296875 0.328125 0.5947140625 0.2900390625 0.598140625
12 0.3359375 0.6333828125000001 0.3076171875 0.6387671874999999 0.2763671875 0.644640625 0.2509765625 0.6480671874999999 0.2314453125 0.6573671875 0.2060546875 0.668625 0.220703125 0.67645625 0.23828125 0.6749875000000001 0.28515625 0.6651984375 0.3134765625 0.661771875 0.3369140625 0.660303125 0.375 0.6568765625 0.4267578125 0.6544296875 0.443359375 0.632403125 0.4208984375 0.6191875 0.3818359375 0.6191875 0.359375 0.6284875000000001 0.3359375 0.6333828125000001
15 0.349609375 0.7293203125 0.35546875 0.7170828124999999 0.3818359375 0.7102296875 0.3837890625 0.7209984375 0.365234375 0.7317671875 0.333984375 0.739109375 0.3154296875 0.7596671875000001 0.3388671875 0.76945625 0.37109375 0.756240625 0.4111328125 0.739109375 0.4521484375 0.7200203125 0.486328125 0.7126781249999999 0.4794921875 0.691140625 0.4609375 0.674009375 0.4423828125 0.663240625 0.4111328125 0.6705828125 0.353515625 0.6999515625 0.333984375 0.7102296875 0.3134765625 0.7200203125 0.2998046875 0.7288296875 0.3095703125 0.7381296875000001 0.349609375 0.7293203125
16 0.4951171875 0.7302984375 0.494140625 0.7239359375000001 0.4892578125 0.719040625 0.4814453125 0.717571875 0.4736328125 0.716103125 0.4638671875 0.71659375 0.455078125 0.7200203125 0.4482421875 0.7249140625 0.439453125 0.7293203125 0.4345703125 0.7356828125 0.421875 0.739109375 0.41015625 0.7449828125 0.3955078125 0.752325 0.3818359375 0.7586875 0.3759765625 0.7650515625 0.37109375 0.7719046875 0.365234375 0.7767984375 0.3642578125 0.780225 0.365234375 0.7851203124999999 0.3671875 0.7890359375 0.376953125 0.7836515625 0.388671875 0.7782671875 0.4013671875 0.770925 0.4150390625 0.764071875 0.4228515625 0.7586875 0.431640625 0.7581984375 0.4423828125 0.7611359375 0.4423828125 0.7650515625 0.4296875 0.768478125 0.416015625 0.7743515624999999 0.4150390625 0.779246875 0.404296875 0.7821828125 0.3935546875 0.7860984375 0.388671875 0.7900140625 0.3779296875 0.7968671875 0.3857421875 0.7993140624999999 0.3955078125 0.7998046875 0.41015625 0.7968671875 0.421875 0.79393125 0.4375 0.789525 0.44921875 0.7851203124999999 0.4619140625 0.7807140625 0.470703125 0.777778125 0.48046875 0.773371875 0.490234375 0.76945625 0.49609375 0.7660296875 0.51171875 0.761625 0.5244140625 0.754771875 0.515625 0.7469406249999999 0.5087890625 0.7410671875 0.498046875 0.7356828125 0.4951171875 0.7302984375