31 0.23405312500000003 0.578125 0.22865625 0.5458984375 0.2262015625 0.5205078125 0.22325781249999999 0.4990234375 0.21344531249999998 0.4921875 0.20265 0.48828125 0.1923453125 0.4921875 0.1879296875 0.515625 0.18155 0.5419921875 0.18155 0.5693359375 0.1952890625 0.5859375 0.19970625 0.62890625 0.20265 0.673828125 0.2252203125 0.6591796875 0.2296375 0.6181640625 0.23405312500000003 0.578125
2 0.2811578125 0.58203125 0.27576093749999997 0.5390625 0.27576093749999997 0.509765625 0.27134375 0.4775390625 0.2512265625 0.462890625 0.235034375 0.484375 0.2262015625 0.5185546875 0.236015625 0.5625 0.23945 0.5859375 0.24043125 0.6328125 0.2468109375 0.65625 0.26153125 0.673828125 0.2767421875 0.673828125 0.2811578125 0.6328125 0.2811578125 0.58203125
13 0.3204125 0.5654296875 0.32728125 0.515625 0.3282625 0.4736328125 0.323846875 0.4541015625 0.31010781249999997 0.4453125 0.293915625 0.4560546875 0.2831203125 0.4541015625 0.27477968750000004 0.4775390625 0.2791953125 0.513671875 0.2850828125 0.5419921875 0.2895 0.578125 0.29048124999999997 0.6162109375 0.291953125 0.6455078125 0.30029374999999997 0.6611328125 0.3140328125 0.6416015625 0.3204125 0.6123046875 0.3204125 0.5654296875
17 0.3611390625 0.6181640625 0.3626109375 0.5712890625 0.3626109375 0.5390625 0.3611390625 0.48828125 0.36015625 0.44140625 0.34838125 0.4375 0.33464218749999997 0.4345703125 0.32482812499999997 0.451171875 0.3282625 0.490234375 0.3282625 0.5439453125 0.32924375 0.5732421875 0.330225 0.60546875 0.33120781250000003 0.630859375 0.34838125 0.6435546875 0.3611390625 0.6181640625
18 0.40284531250000005 0.482421875 0.3984296875 0.443359375 0.39008906250000003 0.4345703125 0.3783125 0.4345703125 0.36800781250000003 0.4287109375 0.36015625 0.44140625 0.3635921875 0.4716796875 0.3665359375 0.5029296875 0.3665359375 0.533203125 0.3665359375 0.55859375 0.36555468750000003 0.5908203125 0.36555468750000003 0.6201171875 0.3709515625 0.6376953125 0.384690625 0.62890625 0.39008906250000003 0.5927734375 0.3910703125 0.53515625 0.40284531250000005 0.482421875
19 0.4308140625 0.5947265625 0.42885156249999995 0.5712890625 0.4317953125 0.515625 0.43523125 0.4775390625 0.42787031249999996 0.4541015625 0.4244359375 0.4345703125 0.40628125 0.416015625 0.3954859375 0.44140625 0.3954859375 0.4775390625 0.39352343749999996 0.5048828125 0.39352343749999996 0.53125 0.388125 0.5654296875 0.39008906250000003 0.603515625 0.3910703125 0.626953125 0.4008828125 0.6396484375 0.41609375000000004 0.6455078125 0.4268890625 0.630859375 0.4308140625 0.5947265625
20 0.46957812499999996 0.470703125 0.46859687499999997 0.443359375 0.4622171875 0.427734375 0.4479875 0.4306640625 0.43719374999999994 0.4345703125 0.4317953125 0.4541015625 0.4362125 0.5048828125 0.4362125 0.556640625 0.446025 0.6015625 0.45878281249999997 0.6142578125 0.46712499999999996 0.5908203125 0.4622171875 0.5517578125 0.4622171875 0.513671875 0.46957812499999996 0.470703125
21 0.5137390625 0.51953125 0.5122671875 0.4716796875 0.5142296875000001 0.4306640625 0.496075 0.419921875 0.47890156250000004 0.419921875 0.46957812499999996 0.4306640625 0.46957812499999996 0.470703125 0.47399375 0.5029296875 0.4823359375 0.5390625 0.4823359375 0.5693359375 0.4823359375 0.6015625 0.4877328125 0.6220703125 0.497546875 0.626953125 0.5103046875 0.6015625 0.5152109375 0.5654296875 0.5137390625 0.51953125
22 0.5412171875 0.60546875 0.5495578125 0.611328125 0.5559375 0.603515625 0.562315625 0.5888671875 0.5637875 0.568359375 0.562315625 0.5419921875 0.559371875 0.513671875 0.5564281249999999 0.4716796875 0.553975 0.4287109375 0.5421984375 0.416015625 0.527478125 0.416015625 0.5132484374999999 0.4248046875 0.5166828125 0.4609375 0.5196265624999999 0.4970703125 0.52208125 0.5224609375 0.528459375 0.5400390625 0.529440625 0.5625 0.5348375 0.58203125 0.5412171875 0.60546875
30 0.5947 0.5625 0.589303125 0.5283203125 0.588321875 0.484375 0.58586875 0.4306640625 0.5682046875 0.419921875 0.553975 0.419921875 0.555446875 0.451171875 0.558390625 0.466796875 0.5628062500000001 0.4990234375 0.5667328125 0.5263671875 0.5691859375 0.5625 0.5760546875 0.5927734375 0.5809624999999999 0.619140625 0.590284375 0.6279296875 0.5981359375 0.6201171875 0.6000984375 0.5927734375 0.5947 0.5625
29 0.6324828124999999 0.6376953125 0.6427875000000001 0.6396484375 0.647203125 0.6015625 0.647203125 0.55859375 0.6373890624999999 0.5244140625 0.62463125 0.4736328125 0.62365 0.4326171875 0.61285625 0.4111328125 0.5927374999999999 0.4267578125 0.589303125 0.46484375 0.5991171875 0.509765625 0.6000984375 0.5546875 0.6045140625000001 0.5712890625 0.6099109375 0.5927734375 0.619234375 0.607421875 0.62365 0.625 0.6324828124999999 0.6376953125
23 0.6579984375000001 0.44140625 0.646221875 0.404296875 0.62266875 0.4248046875 0.62463125 0.462890625 0.6364078125 0.5078125 0.6442593750000001 0.55859375 0.65161875 0.5927734375 0.6599609375 0.5751953125 0.6589796875 0.5498046875 0.6589796875 0.5185546875 0.6589796875 0.4921875 0.6579984375000001 0.44140625
24 0.6869484375 0.5439453125 0.6859671875 0.4990234375 0.68253125 0.4580078125 0.68253125 0.4267578125 0.671246875 0.416015625 0.6575078125 0.4296875 0.6550546875000001 0.453125 0.6633953125 0.5048828125 0.6643765625 0.560546875 0.6643765625 0.5810546875 0.6678109375 0.60546875 0.679096875 0.60546875 0.6869484375 0.580078125 0.6869484375 0.5439453125
25 0.698725 0.560546875 0.698725 0.5908203125 0.698725 0.6162109375 0.704121875 0.6435546875 0.7212953125 0.625 0.7252203125000001 0.5927734375 0.7222765625 0.53515625 0.7276734375 0.4921875 0.72865625 0.443359375 0.7134453125 0.4267578125 0.6952890625 0.4228515625 0.6849859375 0.4375 0.6869484375 0.46484375 0.6894015625 0.4951171875 0.6952890625 0.5244140625 0.698725 0.560546875
26 0.765946875 0.5263671875 0.7688906249999999 0.4775390625 0.764965625 0.45703125 0.7512265625000001 0.4345703125 0.73061875 0.439453125 0.7266921875000001 0.47265625 0.73061875 0.537109375 0.735034375 0.607421875 0.7360156250000001 0.62890625 0.7360156250000001 0.6484375 0.7468109375 0.6689453125 0.75760625 0.6357421875 0.7639843749999999 0.5693359375 0.765946875 0.5263671875
27 0.763003125 0.6484375 0.76938125 0.6669921875 0.7895 0.65234375 0.79833125 0.62890625 0.80029375 0.5947265625 0.8037296875 0.560546875 0.8056921875 0.53125 0.8096171875 0.4970703125 0.8047109375 0.4794921875 0.793915625 0.466796875 0.7791953125 0.45703125 0.76938125 0.4775390625 0.7664375 0.4951171875 0.76938125 0.5263671875 0.764965625 0.5751953125 0.764965625 0.609375 0.763003125 0.6484375
28 0.7870468749999999 0.4384765625 0.8047109375 0.4482421875 0.8115796874999999 0.419921875 0.8101078125000001 0.3857421875 0.8145234374999999 0.3515625 0.8209031250000001 0.3173828125 0.822865625 0.296875 0.8159953124999999 0.2890625 0.8135421875000001 0.3046875 0.8091265625 0.3154296875 0.8052015625 0.328125 0.8007843749999999 0.333984375 0.796859375 0.3349609375 0.794896875 0.330078125 0.796859375 0.310546875 0.79735 0.2958984375 0.7993125 0.283203125 0.7993125 0.2705078125 0.796859375 0.263671875 0.791953125 0.2685546875 0.7821390625 0.30078125 0.7757609375000001 0.34375 0.760059375 0.400390625 0.76153125 0.423828125 0.766928125 0.439453125 0.7870468749999999 0.4384765625
0 0.7428859375 0.4189453125 0.7536796875 0.421875 0.7610406249999999 0.4169921875 0.7610406249999999 0.3994140625 0.7625124999999999 0.3837890625 0.76545625 0.3740234375 0.76741875 0.361328125 0.76938125 0.345703125 0.7723265625 0.3271484375 0.7747796874999999 0.310546875 0.7796859375 0.2861328125 0.7826296875 0.263671875 0.7845921875 0.2451171875 0.7742890625000001 0.2412109375 0.771834375 0.2587890625 0.7684 0.27734375 0.7639843749999999 0.298828125 0.75956875 0.3203125 0.7526984375 0.341796875 0.7458296875 0.3447265625 0.74043125 0.3388671875 0.7394499999999999 0.330078125 0.7448484375 0.3134765625 0.7507359375 0.29296875 0.758096875 0.2666015625 0.76153125 0.2587890625 0.76741875 0.244140625 0.7684 0.234375 0.76741875 0.2275390625 0.7620218750000001 0.2294921875 0.7546609375 0.23828125 0.7502453124999999 0.248046875 0.7443578125 0.2587890625 0.74043125 0.2724609375 0.735034375 0.2890625 0.7316 0.3017578125 0.729146875 0.3173828125 0.7237484375000001 0.3349609375 0.7193328125 0.345703125 0.7163890625 0.357421875 0.7129531250000001 0.3662109375 0.7119718749999999 0.376953125 0.7119718749999999 0.3876953125 0.7119718749999999 0.400390625 0.7163890625 0.4072265625 0.7276734375 0.4091796875 0.734053125 0.40234375 0.7379781249999999 0.4169921875 0.7428859375 0.4189453125
1 0.6933265625 0.259765625 0.6938171875 0.2451171875 0.6952890625 0.22265625 0.6972515625 0.2099609375 0.6977421875 0.193359375 0.6977421875 0.1806640625 0.6923453125 0.1826171875 0.6874390625 0.1943359375 0.68253125 0.20703125 0.6805687500000001 0.216796875 0.677134375 0.2314453125 0.674190625 0.2568359375 0.67271875 0.2685546875 0.6687921875 0.2978515625 0.6673203125 0.30859375 0.6663390625 0.3291015625 0.6614328125 0.3466796875 0.6594703125 0.361328125 0.6594703125 0.37109375 0.6594703125 0.3779296875 0.6609421875 0.3876953125 0.6614328125 0.39453125 0.6638859375 0.3984375 0.6678109375 0.4013671875 0.6717375 0.3984375 0.676153125 0.392578125 0.6795875 0.38671875 0.6840046875 0.380859375 0.6844953125 0.38671875 0.6874390625 0.39453125 0.6918546875 0.3994140625 0.6957796875 0.4013671875 0.7006875 0.4013671875 0.70559375 0.3974609375 0.709028125 0.3896484375 0.7105 0.3740234375 0.7105 0.353515625 0.7119718749999999 0.3388671875 0.7124625 0.3232421875 0.7129531250000001 0.310546875 0.7158984375 0.2958984375 0.7178609375 0.2822265625 0.7203140625 0.267578125 0.7217859375 0.2509765625 0.7227671875 0.2353515625 0.7222765625 0.2236328125 0.7232578125 0.2109375 0.7237484375000001 0.197265625 0.7203140625 0.1953125 0.7154078125 0.1962890625 0.7119718749999999 0.205078125 0.7085375 0.2236328125 0.7046125 0.24609375 0.69970625 0.267578125 0.6972515625 0.287109375 0.6947984375 0.30078125 0.6898921875 0.3017578125 0.6894015625 0.296875 0.6903828125 0.2900390625 0.6903828125 0.283203125 0.6913640625 0.2763671875 0.6933265625 0.259765625
3 0.6599609375 0.3623046875 0.6599609375 0.3515625 0.6599609375 0.3388671875 0.6599609375 0.3232421875 0.6599609375 0.3017578125 0.6614328125 0.28515625 0.6614328125 0.2705078125 0.6619234374999999 0.2626953125 0.6658484375 0.2412109375 0.6678109375 0.22265625 0.6687921875 0.2099609375 0.6702656250000001 0.193359375 0.6702656250000001 0.1865234375 0.6707562499999999 0.1796875 0.67271875 0.1708984375 0.6717375 0.166015625 0.6707562499999999 0.1572265625 0.6648671875 0.1572265625 0.6614328125 0.166015625 0.6575078125 0.171875 0.65358125 0.18359375 0.649165625 0.1943359375 0.6467125 0.2099609375 0.6442593750000001 0.224609375 0.640334375 0.248046875 0.6373890624999999 0.2646484375 0.6334640625 0.28515625 0.6305203125000001 0.3134765625 0.6305203125000001 0.3310546875 0.6285578125 0.34375 0.6285578125 0.3515625 0.6270859375 0.359375 0.6256140625 0.369140625 0.6270859375 0.376953125 0.6290484375000001 0.3828125 0.6373890624999999 0.3876953125 0.642296875 0.38671875 0.6496562499999999 0.3837890625 0.6545640625 0.3798828125 0.6584890624999999 0.376953125 0.6599609375 0.3623046875
4 0.62266875 0.283203125 0.621196875 0.267578125 0.6182531250000001 0.2548828125 0.6182531250000001 0.240234375 0.6172718749999999 0.224609375 0.6202156249999999 0.2099609375 0.62365 0.19921875 0.6256140625 0.189453125 0.62365 0.1787109375 0.6187437499999999 0.1787109375 0.61481875 0.1796875 0.610403125 0.1884765625 0.6064765624999999 0.197265625 0.6035328125 0.203125 0.6020609375 0.212890625 0.6005890625 0.224609375 0.5991171875 0.244140625 0.5991171875 0.2607421875 0.5991171875 0.2744140625 0.5986265625 0.2939453125 0.5976453125 0.314453125 0.5966640625 0.3359375 0.5951906250000001 0.3466796875 0.5937187500000001 0.3544921875 0.591265625 0.365234375 0.5937187500000001 0.373046875 0.5966640625 0.373046875 0.5996078125000001 0.376953125 0.6020609375 0.3828125 0.6030421875 0.388671875 0.6084390625 0.3896484375 0.614328125 0.38671875 0.6187437499999999 0.3828125 0.62365 0.3779296875 0.624140625 0.361328125 0.6256140625 0.345703125 0.6256140625 0.3388671875 0.624140625 0.3310546875 0.624140625 0.3212890625 0.623159375 0.3046875 0.62266875 0.283203125
5 0.5942093749999999 0.2880859375 0.5942093749999999 0.2568359375 0.5942093749999999 0.236328125 0.5937187500000001 0.21875 0.5937187500000001 0.201171875 0.59175625 0.185546875 0.591265625 0.1689453125 0.5888125 0.1611328125 0.584396875 0.1533203125 0.5794890625 0.1533203125 0.5721296875 0.1611328125 0.5686953124999999 0.1787109375 0.5672234375 0.1962890625 0.5672234375 0.2138671875 0.5677140625 0.2421875 0.5677140625 0.26171875 0.5677140625 0.2890625 0.565259375 0.30859375 0.563296875 0.3251953125 0.562315625 0.3408203125 0.561334375 0.353515625 0.562315625 0.3662109375 0.5637875 0.3779296875 0.5667328125 0.3876953125 0.5696765625 0.39453125 0.5731109375 0.3955078125 0.5780171875 0.392578125 0.5809624999999999 0.3896484375 0.585378125 0.38671875 0.591265625 0.388671875 0.591265625 0.376953125 0.5922468750000001 0.3681640625 0.5922468750000001 0.357421875 0.5922468750000001 0.34375 0.5942093749999999 0.3212890625 0.5942093749999999 0.2880859375
6 0.5598625 0.390625 0.5628062500000001 0.3828125 0.5628062500000001 0.369140625 0.56084375 0.3583984375 0.56084375 0.3466796875 0.56084375 0.3349609375 0.56084375 0.3125 0.5598625 0.283203125 0.5598625 0.2685546875 0.558390625 0.2421875 0.558390625 0.2265625 0.558390625 0.208984375 0.5559375 0.185546875 0.552503125 0.1708984375 0.5421984375 0.154296875 0.5392546874999999 0.1611328125 0.5387640625000001 0.1826171875 0.5382734375 0.19921875 0.5377828124999999 0.2216796875 0.5372921875000001 0.251953125 0.5372921875000001 0.2783203125 0.536309375 0.3037109375 0.536309375 0.3193359375 0.536309375 0.3330078125 0.535328125 0.34765625 0.533365625 0.3564453125 0.533365625 0.369140625 0.533365625 0.380859375 0.53385625 0.3955078125 0.5402359375 0.40234375 0.5475953125 0.3984375 0.553484375 0.3955078125 0.5598625 0.390625
7 0.5206078125 0.400390625 0.5230625 0.400390625 0.5309125 0.3984375 0.5309125 0.38671875 0.531403125 0.3740234375 0.5318937499999999 0.359375 0.532875 0.333984375 0.532875 0.310546875 0.533365625 0.29296875 0.533365625 0.2626953125 0.533365625 0.234375 0.532875 0.21875 0.531403125 0.19921875 0.52993125 0.1806640625 0.524534375 0.1708984375 0.5152109375 0.166015625 0.5157015625 0.1845703125 0.5137390625 0.216796875 0.5122671875 0.2265625 0.5107953125 0.2529296875 0.5103046875 0.265625 0.5098140625 0.2763671875 0.5098140625 0.2919921875 0.5088328125 0.3095703125 0.5088328125 0.328125 0.5088328125 0.341796875 0.5088328125 0.349609375 0.5083421875 0.3583984375 0.5073609375 0.3662109375 0.50686875 0.376953125 0.50686875 0.38671875 0.5073609375 0.396484375 0.5107953125 0.400390625 0.5157015625 0.400390625 0.5206078125 0.400390625
8 0.496565625 0.400390625 0.49901875 0.400390625 0.503434375 0.400390625 0.504415625 0.39453125 0.505396875 0.3818359375 0.505396875 0.3623046875 0.506378125 0.337890625 0.5073609375 0.322265625 0.5088328125 0.302734375 0.5088328125 0.275390625 0.5088328125 0.2509765625 0.5098140625 0.2294921875 0.5098140625 0.203125 0.5098140625 0.181640625 0.505396875 0.1669921875 0.4980375 0.15625 0.49411250000000007 0.162109375 0.4911671875 0.1748046875 0.4906765625 0.19140625 0.4906765625 0.2109375 0.4892046875 0.234375 0.4877328125 0.248046875 0.4862609375 0.2685546875 0.48577031249999997 0.291015625 0.4842984375 0.3154296875 0.4842984375 0.3251953125 0.4842984375 0.3349609375 0.4842984375 0.3427734375 0.4842984375 0.349609375 0.4842984375 0.3564453125 0.4838078125 0.365234375 0.4828265625 0.3779296875 0.4828265625 0.390625 0.4828265625 0.3994140625 0.4867515625 0.400390625 0.4916578125 0.400390625 0.496565625 0.400390625
9 0.45240468749999996 0.3994140625 0.45731093749999996 0.404296875 0.47104999999999997 0.404296875 0.4798828125 0.40234375 0.4828265625 0.3876953125 0.48331718749999997 0.3662109375 0.48331718749999997 0.33984375 0.4823359375 0.3115234375 0.4823359375 0.279296875 0.4823359375 0.2451171875 0.48184531249999996 0.21484375 0.48086406249999997 0.177734375 0.476446875 0.166015625 0.47104999999999997 0.1708984375 0.46810625000000006 0.181640625 0.46467187499999996 0.19140625 0.463690625 0.205078125 0.4597640625 0.2373046875 0.4582921875 0.251953125 0.45632968749999997 0.263671875 0.45583906250000006 0.2724609375 0.4553484375 0.28515625 0.45583906250000006 0.296875 0.45632968749999997 0.3134765625 0.45583906250000006 0.326171875 0.45436718750000005 0.3447265625 0.45387656249999997 0.3583984375 0.45093281249999995 0.3779296875 0.45044218750000004 0.3916015625 0.45240468749999996 0.3994140625
10 0.447496875 0.37890625 0.4479875 0.3681640625 0.44946093749999994 0.353515625 0.4499515625 0.341796875 0.4499515625 0.3330078125 0.4479875 0.3251953125 0.447496875 0.298828125 0.4479875 0.275390625 0.4479875 0.248046875 0.44504374999999996 0.201171875 0.44406249999999997 0.1826171875 0.44210000000000005 0.171875 0.436703125 0.1669921875 0.43130468750000006 0.1650390625 0.4254171875 0.1650390625 0.4229640625 0.169921875 0.4195296875 0.1806640625 0.41560312499999996 0.193359375 0.41413124999999995 0.2109375 0.41413124999999995 0.2236328125 0.41462187500000003 0.240234375 0.41511250000000005 0.255859375 0.41511250000000005 0.2685546875 0.41511250000000005 0.2822265625 0.41511250000000005 0.2919921875 0.41511250000000005 0.3017578125 0.41462187500000003 0.3115234375 0.41462187500000003 0.3232421875 0.41364062500000004 0.337890625 0.41560312499999996 0.35546875 0.418546875 0.373046875 0.418546875 0.3837890625 0.41903750000000006 0.388671875 0.4219828125 0.3916015625 0.42787031249999996 0.3955078125 0.4317953125 0.4033203125 0.43866562499999995 0.40625 0.44259062499999996 0.3974609375 0.445534375 0.388671875 0.447496875 0.37890625
11 0.409715625 0.3896484375 0.41462187500000003 0.3798828125 0.418546875 0.3720703125 0.41560312499999996 0.357421875 0.41413124999999995 0.345703125 0.41216875000000003 0.328125 0.41216875000000003 0.3134765625 0.41216875000000003 0.296875 0.41118750000000004 0.2763671875 0.409225 0.2529296875 0.406771875 0.240234375 0.405790625 0.2294921875 0.40284531250000005 0.2041015625 0.3989203125 0.1826171875 0.3920515625 0.1787109375 0.388125 0.1767578125 0.385671875 0.1767578125 0.380765625 0.181640625 0.379784375 0.1923828125 0.379784375 0.2041015625 0.379784375 0.2236328125 0.379784375 0.2421875 0.38027500000000003 0.2685546875 0.38174687500000004 0.291015625 0.3822375 0.2998046875 0.382728125 0.3095703125 0.382728125 0.3154296875 0.383709375 0.3251953125 0.383709375 0.3330078125 0.383709375 0.3408203125 0.383709375 0.3486328125 0.383709375 0.3544921875 0.383709375 0.3642578125 0.383709375 0.3798828125 0.38714375 0.390625 0.39352343749999996 0.3974609375 0.4008828125 0.40234375 0.406771875 0.3994140625 0.409715625 0.3896484375
12 0.378803125 0.390625 0.382728125 0.3837890625 0.382728125 0.3740234375 0.3822375 0.3642578125 0.38125624999999996 0.3544921875 0.379784375 0.34765625 0.375859375 0.3427734375 0.3743859375 0.330078125 0.3724234375 0.3193359375 0.3724234375 0.302734375 0.3704609375 0.2861328125 0.3675171875 0.275390625 0.36555468750000003 0.2607421875 0.3626109375 0.23828125 0.359665625 0.2236328125 0.357703125 0.212890625 0.35574062500000003 0.2021484375 0.35034375 0.1923828125 0.34641875 0.1826171875 0.3390578125 0.1767578125 0.3316984375 0.1650390625 0.326790625 0.1591796875 0.322865625 0.154296875 0.323846875 0.1708984375 0.328753125 0.189453125 0.33071562499999996 0.2041015625 0.33366093750000003 0.2236328125 0.33513281250000004 0.2392578125 0.3366046875 0.2607421875 0.3380765625 0.279296875 0.3400390625 0.302734375 0.3439640625 0.3212890625 0.3449453125 0.33203125 0.3449453125 0.345703125 0.34592812500000003 0.353515625 0.34592812500000003 0.3623046875 0.34592812500000003 0.376953125 0.3454359375 0.384765625 0.350834375 0.392578125 0.3606484375 0.39453125 0.3635921875 0.4013671875 0.36898906249999996 0.404296875 0.3748765625 0.4013671875 0.378803125 0.390625
14 0.3316984375 0.314453125 0.33366093750000003 0.2978515625 0.3341515625 0.2802734375 0.32728125 0.255859375 0.321884375 0.240234375 0.31746875 0.224609375 0.3105984375 0.20703125 0.3037296875 0.197265625 0.29833125 0.193359375 0.293915625 0.193359375 0.29244375 0.2001953125 0.29244375 0.2080078125 0.29735 0.2294921875 0.30274843749999997 0.2490234375 0.3076546875 0.2626953125 0.3105984375 0.2724609375 0.3120703125 0.283203125 0.3115796875 0.3056640625 0.3105984375 0.3173828125 0.3042203125 0.3125 0.29784062499999997 0.3017578125 0.293915625 0.2890625 0.2895 0.2607421875 0.2850828125 0.244140625 0.2831203125 0.2314453125 0.2767421875 0.228515625 0.2752703125 0.240234375 0.27576093749999997 0.2509765625 0.27576093749999997 0.259765625 0.27576093749999997 0.2724609375 0.2777234375 0.2861328125 0.2801765625 0.296875 0.2826296875 0.3076171875 0.2850828125 0.3212890625 0.28704687500000003 0.3349609375 0.28851875 0.349609375 0.28802812499999997 0.3642578125 0.289009375 0.3759765625 0.290971875 0.390625 0.2914625 0.4033203125 0.293915625 0.4140625 0.299803125 0.4130859375 0.3042203125 0.416015625 0.3066734375 0.4169921875 0.3120703125 0.4150390625 0.31943125 0.404296875 0.322865625 0.3935546875 0.327771875 0.3984375 0.3316984375 0.4033203125 0.3370953125 0.40625 0.34298281249999996 0.41015625 0.34740000000000004 0.4091796875 0.349853125 0.39453125 0.34740000000000004 0.3876953125 0.34445468749999997 0.3759765625 0.34298281249999996 0.3642578125 0.3380765625 0.3447265625 0.3331703125 0.3310546875 0.3316984375 0.314453125
15 0.268890625 0.431640625 0.2762515625 0.4267578125 0.2826296875 0.42578125 0.2875375 0.4228515625 0.290971875 0.41796875 0.293425 0.408203125 0.293425 0.3984375 0.28851875 0.390625 0.28557343749999997 0.3779296875 0.2806671875 0.37109375 0.2772328125 0.3623046875 0.2733078125 0.3544921875 0.2703625 0.33984375 0.267909375 0.3232421875 0.26349374999999997 0.310546875 0.259078125 0.2978515625 0.2482828125 0.2783203125 0.236996875 0.263671875 0.23258125000000002 0.2568359375 0.2266921875 0.25 0.22178593750000003 0.248046875 0.2163890625 0.248046875 0.21344531249999998 0.2548828125 0.21982343750000002 0.2646484375 0.2262015625 0.275390625 0.23356249999999998 0.29296875 0.23846875 0.3046875 0.2433765625 0.318359375 0.24632031250000003 0.3330078125 0.2473015625 0.34375 0.2433765625 0.3515625 0.23994062500000002 0.345703125 0.235034375 0.33984375 0.23159999999999997 0.330078125 0.2266921875 0.314453125 0.22325781249999999 0.302734375 0.21982343750000002 0.28515625 0.2144265625 0.2705078125 0.210009375 0.2626953125 0.205103125 0.2568359375 0.20166875 0.2607421875 0.1972515625 0.2646484375 0.1943078125 0.26953125 0.1943078125 0.27734375 0.1952890625 0.291015625 0.1972515625 0.306640625 0.20265 0.3232421875 0.2105 0.3408203125 0.2144265625 0.357421875 0.21982343750000002 0.3701171875 0.2237484375 0.3837890625 0.22571093750000001 0.3916015625 0.2271828125 0.400390625 0.22767343750000002 0.41015625 0.229146875 0.4169921875 0.2296375 0.423828125 0.23209062500000002 0.4326171875 0.23552499999999998 0.4423828125 0.24141249999999997 0.44921875 0.2497546875 0.455078125 0.2571140625 0.4482421875 0.263003125 0.439453125 0.268890625 0.431640625
16 0.1683015625 0.322265625 0.1648671875 0.31640625 0.16241406249999998 0.3193359375 0.15947031250000002 0.32421875 0.1570171875 0.3291015625 0.1555453125 0.3388671875 0.1570171875 0.3544921875 0.15947031250000002 0.3662109375 0.1614328125 0.3779296875 0.16535781249999998 0.390625 0.1683015625 0.400390625 0.1687921875 0.4130859375 0.1687921875 0.4267578125 0.169284375 0.439453125 0.172228125 0.44921875 0.172228125 0.45703125 0.172228125 0.46484375 0.176153125 0.470703125 0.17860625000000002 0.4755859375 0.18155 0.482421875 0.1879296875 0.4814453125 0.1918546875 0.4775390625 0.1967609375 0.474609375 0.20117812499999999 0.4716796875 0.2085375 0.466796875 0.2124625 0.474609375 0.21933281249999997 0.4736328125 0.2252203125 0.4638671875 0.22865625 0.453125 0.23012812500000002 0.439453125 0.2271828125 0.42578125 0.2237484375 0.41015625 0.2173703125 0.392578125 0.212953125 0.3798828125 0.210990625 0.3662109375 0.20902812499999998 0.3505859375 0.20804687500000002 0.3359375 0.20117812499999999 0.3232421875 0.1947984375 0.3134765625 0.1894015625 0.3076171875 0.1840046875 0.306640625 0.177625 0.30859375 0.171246875 0.3076171875 0.17271875 0.3173828125 0.17664375000000002 0.32421875 0.182040625 0.3349609375 0.18596718750000002 0.33984375 0.1898921875 0.34765625 0.1898921875 0.3642578125 0.18891093750000001 0.376953125 0.1849859375 0.3720703125 0.18155 0.361328125 0.180078125 0.353515625 0.175171875 0.341796875 0.172228125 0.33203125 0.1683015625 0.322265625