31 0.578125 0.765946875 0.5458984375 0.77134375 0.5205078125 0.7737984375 0.4990234375 0.7767421875 0.4921875 0.7865546875 0.48828125 0.79735 0.4921875 0.8076546875 0.515625 0.8120703125000001 0.5419921875 0.81845 0.5693359375 0.81845 0.5859375 0.8047109375 0.62890625 0.80029375 0.673828125 0.79735 0.6591796875 0.7747796874999999 0.6181640625 0.7703625 0.578125 0.765946875
2 0.58203125 0.7188421875000001 0.5390625 0.7242390624999999 0.509765625 0.7242390624999999 0.4775390625 0.72865625 0.462890625 0.7487734374999999 0.484375 0.764965625 0.5185546875 0.7737984375 0.5625 0.7639843749999999 0.5859375 0.7605500000000001 0.6328125 0.75956875 0.65625 0.7531890625 0.673828125 0.73846875 0.673828125 0.7232578125 0.6328125 0.7188421875000001 0.58203125 0.7188421875000001
13 0.5654296875 0.6795875 0.515625 0.67271875 0.4736328125 0.6717375 0.4541015625 0.676153125 0.4453125 0.6898921875 0.4560546875 0.706084375 0.4541015625 0.7168796875 0.4775390625 0.7252203125000001 0.513671875 0.7208046875 0.5419921875 0.7149171875 0.578125 0.7105 0.6162109375 0.70951875 0.6455078125 0.708046875 0.6611328125 0.69970625 0.6416015625 0.6859671875 0.6123046875 0.6795875 0.5654296875 0.6795875
17 0.6181640625 0.6388609375 0.5712890625 0.6373890624999999 0.5390625 0.6373890624999999 0.48828125 0.6388609375 0.44140625 0.63984375 0.4375 0.65161875 0.4345703125 0.6653578125 0.451171875 0.675171875 0.490234375 0.6717375 0.5439453125 0.6717375 0.5732421875 0.6707562499999999 0.60546875 0.669775 0.630859375 0.6687921875 0.6435546875 0.65161875 0.6181640625 0.6388609375
18 0.482421875 0.5971546875 0.443359375 0.6015703125 0.4345703125 0.6099109375 0.4345703125 0.6216875 0.4287109375 0.6319921875000001 0.44140625 0.63984375 0.4716796875 0.6364078125 0.5029296875 0.6334640625 0.533203125 0.6334640625 0.55859375 0.6334640625 0.5908203125 0.6344453125 0.6201171875 0.6344453125 0.6376953125 0.6290484375000001 0.62890625 0.615309375 0.5927734375 0.6099109375 0.53515625 0.6089296875 0.482421875 0.5971546875
19 0.5947265625 0.5691859375 0.5712890625 0.5711484375 0.515625 0.5682046875 0.4775390625 0.56476875 0.4541015625 0.5721296875 0.4345703125 0.5755640625 0.416015625 0.5937187500000001 0.44140625 0.6045140625000001 0.4775390625 0.6045140625000001 0.5048828125 0.6064765624999999 0.53125 0.6064765624999999 0.5654296875 0.6118750000000001 0.603515625 0.6099109375 0.626953125 0.6089296875 0.6396484375 0.5991171875 0.6455078125 0.58390625 0.630859375 0.5731109375 0.5947265625 0.5691859375
20 0.470703125 0.530421875 0.443359375 0.531403125 0.427734375 0.5377828124999999 0.4306640625 0.5520125 0.4345703125 0.5628062500000001 0.4541015625 0.5682046875 0.5048828125 0.5637875 0.556640625 0.5637875 0.6015625 0.553975 0.6142578125 0.5412171875 0.5908203125 0.532875 0.5517578125 0.5377828124999999 0.513671875 0.5377828124999999 0.470703125 0.530421875
21 0.51953125 0.4862609375 0.4716796875 0.4877328125 0.4306640625 0.48577031249999997 0.419921875 0.503925 0.419921875 0.5210984375 0.4306640625 0.530421875 0.470703125 0.530421875 0.5029296875 0.52600625 0.5390625 0.5176640625 0.5693359375 0.5176640625 0.6015625 0.5176640625 0.6220703125 0.5122671875 0.626953125 0.502453125 0.6015625 0.4896953125 0.5654296875 0.4847890625 0.51953125 0.4862609375
22 0.60546875 0.45878281249999997 0.611328125 0.45044218750000004 0.603515625 0.44406249999999997 0.5888671875 0.437684375 0.568359375 0.4362125 0.5419921875 0.437684375 0.513671875 0.44062812500000004 0.4716796875 0.44357187500000006 0.4287109375 0.446025 0.416015625 0.4578015625 0.416015625 0.472521875 0.4248046875 0.4867515625 0.4609375 0.48331718749999997 0.4970703125 0.48037343750000006 0.5224609375 0.47791875 0.5400390625 0.471540625 0.5625 0.470559375 0.58203125 0.46516250000000003 0.60546875 0.45878281249999997
30 0.5625 0.4053 0.5283203125 0.410696875 0.484375 0.411678125 0.4306640625 0.41413124999999995 0.419921875 0.4317953125 0.419921875 0.446025 0.451171875 0.444553125 0.466796875 0.44160937499999997 0.4990234375 0.43719374999999994 0.5263671875 0.4332671875 0.5625 0.4308140625 0.5927734375 0.4239453125 0.619140625 0.41903750000000006 0.6279296875 0.409715625 0.6201171875 0.40186406249999995 0.5927734375 0.39990156250000003 0.5625 0.4053
29 0.6376953125 0.3675171875 0.6396484375 0.35721250000000004 0.6015625 0.352796875 0.55859375 0.352796875 0.5244140625 0.3626109375 0.4736328125 0.37536875 0.4326171875 0.37635 0.4111328125 0.38714375 0.4267578125 0.4072625 0.46484375 0.410696875 0.509765625 0.4008828125 0.5546875 0.39990156250000003 0.5712890625 0.3954859375 0.5927734375 0.39008906250000003 0.607421875 0.380765625 0.625 0.37635 0.6376953125 0.3675171875
23 0.44140625 0.3420015625 0.404296875 0.353778125 0.4248046875 0.37733125 0.462890625 0.37536875 0.5078125 0.3635921875 0.55859375 0.35574062500000003 0.5927734375 0.34838125 0.5751953125 0.3400390625 0.5498046875 0.3410203125 0.5185546875 0.3410203125 0.4921875 0.3410203125 0.44140625 0.3420015625
24 0.5439453125 0.3130515625 0.4990234375 0.3140328125 0.4580078125 0.31746875 0.4267578125 0.31746875 0.416015625 0.328753125 0.4296875 0.3424921875 0.453125 0.3449453125 0.5048828125 0.3366046875 0.560546875 0.3356234375 0.5810546875 0.3356234375 0.60546875 0.3321890625 0.60546875 0.32090312499999996 0.580078125 0.3130515625 0.5439453125 0.3130515625
25 0.560546875 0.301275 0.5908203125 0.301275 0.6162109375 0.301275 0.6435546875 0.295878125 0.625 0.2787046875 0.5927734375 0.27477968750000004 0.53515625 0.2777234375 0.4921875 0.2723265625 0.443359375 0.27134375 0.4267578125 0.2865546875 0.4228515625 0.3047109375 0.4375 0.3150140625 0.46484375 0.3130515625 0.4951171875 0.3105984375 0.5244140625 0.3047109375 0.560546875 0.301275
26 0.5263671875 0.23405312500000003 0.4775390625 0.231109375 0.45703125 0.235034375 0.4345703125 0.2487734375 0.439453125 0.26938125 0.47265625 0.2733078125 0.537109375 0.26938125 0.607421875 0.264965625 0.62890625 0.263984375 0.6484375 0.263984375 0.6689453125 0.2531890625 0.6357421875 0.24239375000000002 0.5693359375 0.236015625 0.5263671875 0.23405312500000003
27 0.6484375 0.236996875 0.6669921875 0.23061875 0.65234375 0.2105 0.62890625 0.20166875 0.5947265625 0.19970625 0.560546875 0.1962703125 0.53125 0.1943078125 0.4970703125 0.1903828125 0.4794921875 0.1952890625 0.466796875 0.20608437500000001 0.45703125 0.22080468749999999 0.4775390625 0.23061875 0.4951171875 0.23356249999999998 0.5263671875 0.23061875 0.5751953125 0.235034375 0.609375 0.235034375 0.6484375 0.236996875
28 0.4384765625 0.212953125 0.4482421875 0.1952890625 0.419921875 0.1884203125 0.3857421875 0.1898921875 0.3515625 0.1854765625 0.3173828125 0.179096875 0.296875 0.177134375 0.2890625 0.1840046875 0.3046875 0.1864578125 0.3154296875 0.19087343750000002 0.328125 0.1947984375 0.333984375 0.199215625 0.3349609375 0.203140625 0.330078125 0.205103125 0.310546875 0.203140625 0.2958984375 0.20265 0.283203125 0.2006875 0.2705078125 0.2006875 0.263671875 0.203140625 0.2685546875 0.20804687500000002 0.30078125 0.21786093750000002 0.34375 0.2242390625 0.400390625 0.23994062500000002 0.423828125 0.23846875 0.439453125 0.23307187499999998 0.4384765625 0.212953125
0 0.4189453125 0.2571140625 0.421875 0.24632031250000003 0.4169921875 0.238959375 0.3994140625 0.238959375 0.3837890625 0.2374875 0.3740234375 0.23454375 0.361328125 0.23258125000000002 0.345703125 0.23061875 0.3271484375 0.22767343750000002 0.310546875 0.2252203125 0.2861328125 0.22031406250000002 0.263671875 0.2173703125 0.2451171875 0.2154078125 0.2412109375 0.22571093750000001 0.2587890625 0.228165625 0.27734375 0.23159999999999997 0.298828125 0.236015625 0.3203125 0.24043125 0.341796875 0.2473015625 0.3447265625 0.2541703125 0.3388671875 0.25956875 0.330078125 0.26055 0.3134765625 0.2551515625 0.29296875 0.2492640625 0.2666015625 0.24190312500000002 0.2587890625 0.23846875 0.244140625 0.23258125000000002 0.234375 0.23159999999999997 0.2275390625 0.23258125000000002 0.2294921875 0.237978125 0.23828125 0.24533906249999998 0.248046875 0.2497546875 0.2587890625 0.2556421875 0.2724609375 0.25956875 0.2890625 0.264965625 0.3017578125 0.2684 0.3173828125 0.27085312500000003 0.3349609375 0.2762515625 0.345703125 0.2806671875 0.357421875 0.2836109375 0.3662109375 0.28704687500000003 0.376953125 0.28802812499999997 0.3876953125 0.28802812499999997 0.400390625 0.28802812499999997 0.4072265625 0.2836109375 0.4091796875 0.2723265625 0.40234375 0.26594687499999997 0.4169921875 0.26202187499999996 0.4189453125 0.2571140625
1 0.259765625 0.3066734375 0.2451171875 0.3061828125 0.22265625 0.3047109375 0.2099609375 0.30274843749999997 0.193359375 0.3022578125 0.1806640625 0.3022578125 0.1826171875 0.3076546875 0.1943359375 0.31256093749999997 0.20703125 0.31746875 0.216796875 0.31943125 0.2314453125 0.322865625 0.2568359375 0.325809375 0.2685546875 0.32728125 0.2978515625 0.33120781250000003 0.30859375 0.3326796875 0.3291015625 0.33366093750000003 0.3466796875 0.3385671875 0.361328125 0.3405296875 0.37109375 0.3405296875 0.3779296875 0.3405296875 0.3876953125 0.3390578125 0.39453125 0.3385671875 0.3984375 0.3361140625 0.4013671875 0.3321890625 0.3984375 0.3282625 0.392578125 0.323846875 0.38671875 0.3204125 0.380859375 0.3159953125 0.38671875 0.3155046875 0.39453125 0.31256093749999997 0.3994140625 0.3081453125 0.4013671875 0.3042203125 0.4013671875 0.2993125 0.3974609375 0.29440625 0.3896484375 0.290971875 0.3740234375 0.2895 0.353515625 0.2895 0.3388671875 0.28802812499999997 0.3232421875 0.2875375 0.310546875 0.28704687500000003 0.2958984375 0.28410156249999996 0.2822265625 0.2821390625 0.267578125 0.2796859375 0.2509765625 0.27821406249999997 0.2353515625 0.2772328125 0.2236328125 0.2777234375 0.2109375 0.2767421875 0.197265625 0.2762515625 0.1953125 0.2796859375 0.1962890625 0.28459218750000004 0.205078125 0.28802812499999997 0.2236328125 0.2914625 0.24609375 0.2953875 0.267578125 0.30029374999999997 0.287109375 0.30274843749999997 0.30078125 0.3052015625 0.3017578125 0.31010781249999997 0.296875 0.3105984375 0.2900390625 0.3096171875 0.283203125 0.3096171875 0.2763671875 0.30863593749999996 0.259765625 0.3066734375
3 0.3623046875 0.3400390625 0.3515625 0.3400390625 0.3388671875 0.3400390625 0.3232421875 0.3400390625 0.3017578125 0.3400390625 0.28515625 0.3385671875 0.2705078125 0.3385671875 0.2626953125 0.3380765625 0.2412109375 0.3341515625 0.22265625 0.3321890625 0.2099609375 0.33120781250000003 0.193359375 0.329734375 0.1865234375 0.329734375 0.1796875 0.32924375 0.1708984375 0.32728125 0.166015625 0.3282625 0.1572265625 0.32924375 0.1572265625 0.33513281250000004 0.166015625 0.3385671875 0.171875 0.3424921875 0.18359375 0.34641875 0.1943359375 0.350834375 0.2099609375 0.35328750000000003 0.224609375 0.35574062500000003 0.248046875 0.359665625 0.2646484375 0.3626109375 0.28515625 0.3665359375 0.3134765625 0.36947968750000004 0.3310546875 0.36947968750000004 0.34375 0.3714421875 0.3515625 0.3714421875 0.359375 0.3729140625 0.369140625 0.3743859375 0.376953125 0.3729140625 0.3828125 0.3709515625 0.3876953125 0.3626109375 0.38671875 0.357703125 0.3837890625 0.35034375 0.3798828125 0.3454359375 0.376953125 0.3415109375 0.3623046875 0.3400390625
4 0.283203125 0.37733125 0.267578125 0.378803125 0.2548828125 0.38174687500000004 0.240234375 0.38174687500000004 0.224609375 0.382728125 0.2099609375 0.379784375 0.19921875 0.37635 0.189453125 0.3743859375 0.1787109375 0.37635 0.1787109375 0.38125624999999996 0.1796875 0.38518125 0.1884765625 0.389596875 0.197265625 0.39352343749999996 0.203125 0.3964671875 0.212890625 0.3979390625 0.224609375 0.3994109375 0.244140625 0.4008828125 0.2607421875 0.4008828125 0.2744140625 0.4008828125 0.2939453125 0.40137343750000004 0.314453125 0.40235468750000003 0.3359375 0.40333593749999996 0.3466796875 0.40480937499999997 0.3544921875 0.40628125 0.365234375 0.408734375 0.373046875 0.40628125 0.373046875 0.40333593749999996 0.376953125 0.40039218749999994 0.3828125 0.3979390625 0.388671875 0.3969578125 0.3896484375 0.3915609375 0.38671875 0.385671875 0.3828125 0.38125624999999996 0.3779296875 0.37635 0.361328125 0.375859375 0.345703125 0.3743859375 0.3388671875 0.3743859375 0.3310546875 0.375859375 0.3212890625 0.375859375 0.3046875 0.376840625 0.283203125 0.37733125
5 0.2880859375 0.405790625 0.2568359375 0.405790625 0.236328125 0.405790625 0.21875 0.40628125 0.201171875 0.40628125 0.185546875 0.40824375 0.1689453125 0.408734375 0.1611328125 0.41118750000000004 0.1533203125 0.41560312499999996 0.1533203125 0.4205109375 0.1611328125 0.42787031249999996 0.1787109375 0.43130468750000006 0.1962890625 0.43277656249999996 0.2138671875 0.43277656249999996 0.2421875 0.4322859375 0.26171875 0.4322859375 0.2890625 0.4322859375 0.30859375 0.434740625 0.3251953125 0.436703125 0.3408203125 0.437684375 0.353515625 0.43866562499999995 0.3662109375 0.437684375 0.3779296875 0.4362125 0.3876953125 0.4332671875 0.39453125 0.43032343749999996 0.3955078125 0.4268890625 0.392578125 0.4219828125 0.3896484375 0.41903750000000006 0.38671875 0.41462187500000003 0.388671875 0.408734375 0.376953125 0.408734375 0.3681640625 0.407753125 0.357421875 0.407753125 0.34375 0.407753125 0.3212890625 0.405790625 0.2880859375 0.405790625
6 0.390625 0.44013749999999996 0.3828125 0.43719374999999994 0.369140625 0.43719374999999994 0.3583984375 0.43915625 0.3466796875 0.43915625 0.3349609375 0.43915625 0.3125 0.43915625 0.283203125 0.44013749999999996 0.2685546875 0.44013749999999996 0.2421875 0.44160937499999997 0.2265625 0.44160937499999997 0.208984375 0.44160937499999997 0.185546875 0.44406249999999997 0.1708984375 0.447496875 0.154296875 0.4578015625 0.1611328125 0.4607453125 0.1826171875 0.46123593749999997 0.19921875 0.4617265625 0.2216796875 0.4622171875 0.251953125 0.4627078125 0.2783203125 0.4627078125 0.3037109375 0.463690625 0.3193359375 0.463690625 0.3330078125 0.463690625 0.34765625 0.46467187499999996 0.3564453125 0.46663437500000005 0.369140625 0.46663437500000005 0.380859375 0.46663437500000005 0.3955078125 0.46614374999999997 0.40234375 0.4597640625 0.3984375 0.45240468749999996 0.3955078125 0.44651562499999997 0.390625 0.44013749999999996
7 0.400390625 0.47939218749999996 0.400390625 0.4769375 0.3984375 0.4690875 0.38671875 0.4690875 0.3740234375 0.46859687499999997 0.359375 0.46810625000000006 0.333984375 0.46712499999999996 0.310546875 0.46712499999999996 0.29296875 0.46663437500000005 0.2626953125 0.46663437500000005 0.234375 0.46663437500000005 0.21875 0.46712499999999996 0.19921875 0.46859687499999997 0.1806640625 0.47006875 0.1708984375 0.475465625 0.166015625 0.4847890625 0.1845703125 0.4842984375 0.216796875 0.4862609375 0.2265625 0.4877328125 0.2529296875 0.4892046875 0.265625 0.4896953125 0.2763671875 0.4901859375 0.2919921875 0.4901859375 0.3095703125 0.4911671875 0.328125 0.4911671875 0.341796875 0.4911671875 0.349609375 0.4911671875 0.3583984375 0.4916578125 0.3662109375 0.4926390625 0.376953125 0.49313124999999997 0.38671875 0.49313124999999997 0.396484375 0.4926390625 0.400390625 0.4892046875 0.400390625 0.4842984375 0.400390625 0.47939218749999996
8 0.400390625 0.503434375 0.400390625 0.5009812499999999 0.400390625 0.496565625 0.39453125 0.49558437499999997 0.3818359375 0.494603125 0.3623046875 0.494603125 0.337890625 0.493621875 0.322265625 0.4926390625 0.302734375 0.4911671875 0.275390625 0.4911671875 0.2509765625 0.4911671875 0.2294921875 0.4901859375 0.203125 0.4901859375 0.181640625 0.4901859375 0.1669921875 0.494603125 0.15625 0.5019625 0.162109375 0.5058874999999999 0.1748046875 0.5088328125 0.19140625 0.5093234375 0.2109375 0.5093234375 0.234375 0.5107953125 0.248046875 0.5122671875 0.2685546875 0.5137390625 0.291015625 0.5142296875000001 0.3154296875 0.5157015625 0.3251953125 0.5157015625 0.3349609375 0.5157015625 0.3427734375 0.5157015625 0.349609375 0.5157015625 0.3564453125 0.5157015625 0.365234375 0.5161921875 0.3779296875 0.5171734375 0.390625 0.5171734375 0.3994140625 0.5171734375 0.400390625 0.5132484374999999 0.400390625 0.5083421875 0.400390625 0.503434375
9 0.3994140625 0.5475953125 0.404296875 0.5426890625 0.404296875 0.52895 0.40234375 0.5201171875 0.3876953125 0.5171734375 0.3662109375 0.5166828125 0.33984375 0.5166828125 0.3115234375 0.5176640625 0.279296875 0.5176640625 0.2451171875 0.5176640625 0.21484375 0.5181546875 0.177734375 0.5191359375 0.166015625 0.5235531250000001 0.1708984375 0.52895 0.181640625 0.5318937499999999 0.19140625 0.535328125 0.205078125 0.536309375 0.2373046875 0.5402359375 0.251953125 0.5417078125 0.263671875 0.5436703125 0.2724609375 0.5441609374999999 0.28515625 0.5446515625 0.296875 0.5441609374999999 0.3134765625 0.5436703125 0.326171875 0.5441609374999999 0.3447265625 0.5456328125 0.3583984375 0.5461234375 0.3779296875 0.5490671875 0.3916015625 0.5495578125 0.3994140625 0.5475953125
10 0.37890625 0.552503125 0.3681640625 0.5520125 0.353515625 0.5505390625000001 0.341796875 0.5500484375 0.3330078125 0.5500484375 0.3251953125 0.5520125 0.298828125 0.552503125 0.275390625 0.5520125 0.248046875 0.5520125 0.201171875 0.55495625 0.1826171875 0.5559375 0.171875 0.5579 0.1669921875 0.563296875 0.1650390625 0.5686953124999999 0.1650390625 0.5745828125 0.169921875 0.5770359375 0.1806640625 0.5804703124999999 0.193359375 0.584396875 0.2109375 0.58586875 0.2236328125 0.58586875 0.240234375 0.585378125 0.255859375 0.5848875 0.2685546875 0.5848875 0.2822265625 0.5848875 0.2919921875 0.5848875 0.3017578125 0.5848875 0.3115234375 0.585378125 0.3232421875 0.585378125 0.337890625 0.586359375 0.35546875 0.584396875 0.373046875 0.581453125 0.3837890625 0.581453125 0.388671875 0.5809624999999999 0.3916015625 0.5780171875 0.3955078125 0.5721296875 0.4033203125 0.5682046875 0.40625 0.561334375 0.3974609375 0.557409375 0.388671875 0.554465625 0.37890625 0.552503125
11 0.3896484375 0.590284375 0.3798828125 0.585378125 0.3720703125 0.581453125 0.357421875 0.584396875 0.345703125 0.58586875 0.328125 0.58783125 0.3134765625 0.58783125 0.296875 0.58783125 0.2763671875 0.5888125 0.2529296875 0.590775 0.240234375 0.593228125 0.2294921875 0.5942093749999999 0.2041015625 0.5971546875 0.1826171875 0.6010796875 0.1787109375 0.6079484374999999 0.1767578125 0.6118750000000001 0.1767578125 0.614328125 0.181640625 0.619234375 0.1923828125 0.6202156249999999 0.2041015625 0.6202156249999999 0.2236328125 0.6202156249999999 0.2421875 0.6202156249999999 0.2685546875 0.6197250000000001 0.291015625 0.6182531250000001 0.2998046875 0.6177625 0.3095703125 0.6172718749999999 0.3154296875 0.6172718749999999 0.3251953125 0.616290625 0.3330078125 0.616290625 0.3408203125 0.616290625 0.3486328125 0.616290625 0.3544921875 0.616290625 0.3642578125 0.616290625 0.3798828125 0.616290625 0.390625 0.61285625 0.3974609375 0.6064765624999999 0.40234375 0.5991171875 0.3994140625 0.593228125 0.3896484375 0.590284375
12 0.390625 0.621196875 0.3837890625 0.6172718749999999 0.3740234375 0.6172718749999999 0.3642578125 0.6177625 0.3544921875 0.6187437499999999 0.34765625 0.6202156249999999 0.3427734375 0.624140625 0.330078125 0.6256140625 0.3193359375 0.6275765625 0.302734375 0.6275765625 0.2861328125 0.6295390624999999 0.275390625 0.6324828124999999 0.2607421875 0.6344453125 0.23828125 0.6373890624999999 0.2236328125 0.640334375 0.212890625 0.642296875 0.2021484375 0.6442593750000001 0.1923828125 0.6496562499999999 0.1826171875 0.65358125 0.1767578125 0.6609421875 0.1650390625 0.6683015625000001 0.1591796875 0.673209375 0.154296875 0.677134375 0.1708984375 0.676153125 0.189453125 0.671246875 0.2041015625 0.6692843749999999 0.2236328125 0.6663390625 0.2392578125 0.6648671875 0.2607421875 0.6633953125 0.279296875 0.6619234374999999 0.302734375 0.6599609375 0.3212890625 0.6560359375 0.33203125 0.6550546875000001 0.345703125 0.6550546875000001 0.353515625 0.654071875 0.3623046875 0.654071875 0.376953125 0.654071875 0.384765625 0.6545640625 0.392578125 0.649165625 0.39453125 0.6393515625 0.4013671875 0.6364078125 0.404296875 0.6310109374999999 0.4013671875 0.6251234375 0.390625 0.621196875
14 0.314453125 0.6683015625000001 0.2978515625 0.6663390625 0.2802734375 0.6658484375 0.255859375 0.67271875 0.240234375 0.678115625 0.224609375 0.68253125 0.20703125 0.6894015625 0.197265625 0.6962703125 0.193359375 0.70166875 0.193359375 0.706084375 0.2001953125 0.70755625 0.2080078125 0.70755625 0.2294921875 0.70265 0.2490234375 0.6972515625 0.2626953125 0.6923453125 0.2724609375 0.6894015625 0.283203125 0.6879296874999999 0.3056640625 0.6884203125 0.3173828125 0.6894015625 0.3125 0.6957796875 0.3017578125 0.702159375 0.2890625 0.706084375 0.2607421875 0.7105 0.244140625 0.7149171875 0.2314453125 0.7168796875 0.228515625 0.7232578125 0.240234375 0.7247296875 0.2509765625 0.7242390624999999 0.259765625 0.7242390624999999 0.2724609375 0.7242390624999999 0.2861328125 0.7222765625 0.296875 0.7198234375 0.3076171875 0.7173703125 0.3212890625 0.7149171875 0.3349609375 0.7129531250000001 0.349609375 0.7114812500000001 0.3642578125 0.7119718749999999 0.3759765625 0.710990625 0.390625 0.709028125 0.4033203125 0.7085375 0.4140625 0.706084375 0.4130859375 0.7001968749999999 0.416015625 0.6957796875 0.4169921875 0.6933265625 0.4150390625 0.6879296874999999 0.404296875 0.6805687500000001 0.3935546875 0.677134375 0.3984375 0.672228125 0.4033203125 0.6683015625000001 0.40625 0.6629046875 0.41015625 0.6570171874999999 0.4091796875 0.6526 0.39453125 0.650146875 0.3876953125 0.6526 0.3759765625 0.6555453124999999 0.3642578125 0.6570171874999999 0.3447265625 0.6619234374999999 0.3310546875 0.6668296875 0.314453125 0.6683015625000001
15 0.431640625 0.7311093750000001 0.4267578125 0.7237484375000001 0.42578125 0.7173703125 0.4228515625 0.7124625 0.41796875 0.709028125 0.408203125 0.7065750000000001 0.3984375 0.7065750000000001 0.390625 0.7114812500000001 0.3779296875 0.7144265625 0.37109375 0.7193328125 0.3623046875 0.7227671875 0.3544921875 0.7266921875000001 0.33984375 0.7296375 0.3232421875 0.732090625 0.310546875 0.7365062499999999 0.2978515625 0.740921875 0.2783203125 0.7517171874999999 0.263671875 0.763003125 0.2568359375 0.76741875 0.25 0.7733078124999999 0.248046875 0.7782140625 0.248046875 0.7836109375 0.2548828125 0.7865546875 0.2646484375 0.7801765625 0.275390625 0.7737984375 0.29296875 0.7664375 0.3046875 0.76153125 0.318359375 0.7566234374999999 0.3330078125 0.7536796875 0.34375 0.7526984375 0.3515625 0.7566234374999999 0.345703125 0.760059375 0.33984375 0.764965625 0.330078125 0.7684 0.314453125 0.7733078124999999 0.302734375 0.7767421875 0.28515625 0.7801765625 0.2705078125 0.7855734375 0.2626953125 0.789990625 0.2568359375 0.794896875 0.2607421875 0.79833125 0.2646484375 0.8027484375 0.26953125 0.8056921875 0.27734375 0.8056921875 0.291015625 0.8047109375 0.306640625 0.8027484375 0.3232421875 0.79735 0.3408203125 0.7895 0.357421875 0.7855734375 0.3701171875 0.7801765625 0.3837890625 0.7762515624999999 0.3916015625 0.7742890625000001 0.400390625 0.7728171875000001 0.41015625 0.7723265625 0.4169921875 0.770853125 0.423828125 0.7703625 0.4326171875 0.767909375 0.4423828125 0.764475 0.44921875 0.7585875 0.455078125 0.7502453124999999 0.4482421875 0.7428859375 0.439453125 0.736996875 0.431640625 0.7311093750000001
16 0.322265625 0.8316984375 0.31640625 0.8351328125 0.3193359375 0.8375859374999999 0.32421875 0.8405296874999999 0.3291015625 0.8429828125000001 0.3388671875 0.8444546875000001 0.3544921875 0.8429828125000001 0.3662109375 0.8405296874999999 0.3779296875 0.8385671875 0.390625 0.8346421875000001 0.400390625 0.8316984375 0.4130859375 0.8312078125 0.4267578125 0.8312078125 0.439453125 0.8307156250000001 0.44921875 0.827771875 0.45703125 0.827771875 0.46484375 0.827771875 0.470703125 0.8238468749999999 0.4755859375 0.82139375 0.482421875 0.81845 0.4814453125 0.8120703125000001 0.4775390625 0.8081453125 0.474609375 0.8032390625 0.4716796875 0.798821875 0.466796875 0.7914625 0.474609375 0.7875375 0.4736328125 0.7806671875 0.4638671875 0.7747796874999999 0.453125 0.77134375 0.439453125 0.769871875 0.42578125 0.7728171875000001 0.41015625 0.7762515624999999 0.392578125 0.7826296875 0.3798828125 0.7870468749999999 0.3662109375 0.789009375 0.3505859375 0.790971875 0.3359375 0.791953125 0.3232421875 0.798821875 0.3134765625 0.8052015625 0.3076171875 0.8105984375 0.306640625 0.8159953124999999 0.30859375 0.8223750000000001 0.3076171875 0.8287531250000001 0.3173828125 0.8272812500000001 0.32421875 0.82335625 0.3349609375 0.817959375 0.33984375 0.8140328125 0.34765625 0.8101078125000001 0.3642578125 0.8101078125000001 0.376953125 0.8110890625 0.3720703125 0.8150140625000001 0.361328125 0.81845 0.353515625 0.819921875 0.341796875 0.824828125 0.33203125 0.827771875 0.322265625 0.8316984375