13 0.288584375 0.4814453125 0.28123437500000004 0.4306640625 0.2822140625 0.3984375 0.28123437500000004 0.3583984375 0.2778046875 0.30859375 0.26506562499999997 0.28125 0.249878125 0.302734375 0.24693749999999998 0.322265625 0.24448750000000002 0.3515625 0.24693749999999998 0.3876953125 0.240078125 0.416015625 0.23370937500000002 0.4521484375 0.23811875 0.4794921875 0.249878125 0.5009765625 0.262615625 0.513671875 0.284175 0.51171875 0.288584375 0.4814453125
19 0.39539375 0.306640625 0.3860859375 0.32421875 0.38510468750000004 0.3818359375 0.38510468750000004 0.4453125 0.400784375 0.4609375 0.4140125 0.4609375 0.409603125 0.3984375 0.4042140625 0.3603515625 0.403234375 0.326171875 0.39539375 0.306640625
21 0.4639875 0.37109375 0.45859843749999996 0.353515625 0.44292031249999997 0.4052734375 0.43116093749999995 0.470703125 0.429690625 0.490234375 0.4439 0.5029296875 0.46202812499999996 0.4951171875 0.4630078125 0.4560546875 0.4639875 0.4052734375 0.4639875 0.37109375
22 0.49730468749999995 0.345703125 0.48652656250000004 0.345703125 0.48015625 0.376953125 0.47819687499999997 0.4130859375 0.48015625 0.4560546875 0.48015625 0.4970703125 0.49289531249999996 0.4990234375 0.5090640625 0.462890625 0.5046546875 0.41796875 0.5007343750000001 0.3876953125 0.49730468749999995 0.345703125
30 0.5335625 0.5029296875 0.5467906250000001 0.4990234375 0.5467906250000001 0.4541015625 0.5467906250000001 0.4111328125 0.5526703125 0.37890625 0.544340625 0.34765625 0.5316015625 0.3603515625 0.5271921875000001 0.396484375 0.5208234375 0.423828125 0.5134734375 0.4521484375 0.5090640625 0.4814453125 0.515434375 0.4921875 0.5252328125 0.494140625 0.5296421875 0.50390625 0.5335625 0.5029296875
29 0.5810875 0.490234375 0.5756984375 0.4580078125 0.5732484375 0.4111328125 0.574228125 0.353515625 0.5639390625 0.32421875 0.55855 0.369140625 0.5551203124999999 0.3857421875 0.5551203124999999 0.421875 0.5531609375000001 0.4501953125 0.5531609375000001 0.4736328125 0.5531609375000001 0.4921875 0.55855 0.509765625 0.5688390625 0.5185546875 0.5668796875 0.4921875 0.5810875 0.490234375
23 0.6227343750000001 0.3642578125 0.6227343750000001 0.330078125 0.6055859375 0.30859375 0.6001953125 0.345703125 0.597746875 0.3896484375 0.6011765625 0.4306640625 0.592846875 0.4501953125 0.5957859375 0.4736328125 0.608525 0.4775390625 0.6148953125000001 0.4560546875 0.6300828125 0.466796875 0.6227343750000001 0.416015625 0.6227343750000001 0.3642578125
26 0.718765625 0.3173828125 0.7138656250000001 0.3583984375 0.711415625 0.3876953125 0.7040671875 0.419921875 0.7040671875 0.4775390625 0.718765625 0.5078125 0.751103125 0.509765625 0.7383640625 0.466796875 0.7339546875 0.419921875 0.7339546875 0.353515625 0.718765625 0.3173828125
27 0.7765796875000001 0.328125 0.764821875 0.3115234375 0.7545328125 0.3115234375 0.7520828125000001 0.349609375 0.7520828125000001 0.373046875 0.751103125 0.396484375 0.7466921875 0.4287109375 0.7457125 0.4580078125 0.757471875 0.4580078125 0.7746203125 0.4453125 0.7702109375 0.4130859375 0.7726609375 0.3857421875 0.7854 0.3623046875 0.7765796875000001 0.328125
3 0.691328125 0.677734375 0.6805484374999999 0.65234375 0.67075 0.5947265625 0.667809375 0.5439453125 0.6580109375000001 0.5185546875 0.6408625 0.5205078125 0.626653125 0.5390625 0.6354734375 0.5673828125 0.64723125 0.599609375 0.651640625 0.6201171875 0.658990625 0.654296875 0.665359375 0.6953125 0.6834890625 0.736328125 0.6996578125 0.7294921875 0.691328125 0.677734375
4 0.6506609375 0.7490234375 0.6452718749999999 0.7099609375 0.638903125 0.6826171875 0.6354734375 0.6376953125 0.6344921875 0.60546875 0.6344921875 0.5625 0.6227343750000001 0.5244140625 0.6055859375 0.5439453125 0.6075453125 0.5693359375 0.6139140624999999 0.5927734375 0.6163640625 0.6142578125 0.6217546875 0.6591796875 0.63204375 0.7080078125 0.6374328125 0.7529296875 0.6506609375 0.7490234375
5 0.6139140624999999 0.7529296875 0.6139140624999999 0.71875 0.608525 0.673828125 0.60460625 0.6357421875 0.6055859375 0.5888671875 0.5957859375 0.537109375 0.5810875 0.5458984375 0.5668796875 0.5390625 0.5668796875 0.5712890625 0.5756984375 0.5966796875 0.5796171875 0.6181640625 0.5850078125 0.6484375 0.5894171874999999 0.677734375 0.592846875 0.7080078125 0.597746875 0.7314453125 0.6031359375 0.763671875 0.6139140624999999 0.7529296875
6 0.5962765625 0.7490234375 0.5938265625 0.734375 0.5884375000000001 0.69921875 0.5810875 0.646484375 0.576678125 0.5966796875 0.56491875 0.552734375 0.5561 0.5439453125 0.5438515625 0.552734375 0.5414015625 0.5732421875 0.544340625 0.61328125 0.5507109375 0.646484375 0.5570796875 0.673828125 0.5614890625 0.6865234375 0.567859375 0.716796875 0.576678125 0.7529296875 0.5859875 0.7626953125 0.5962765625 0.7490234375
7 0.524253125 0.53125 0.5090640625 0.5263671875 0.5090640625 0.5625 0.514453125 0.599609375 0.5262125 0.6591796875 0.5296421875 0.69140625 0.5453203125 0.6884765625 0.5453203125 0.6650390625 0.53993125 0.6416015625 0.5369921875 0.5908203125 0.5325828125000001 0.5478515625 0.524253125 0.53125
8 0.5227828125 0.6591796875 0.515434375 0.603515625 0.5090640625 0.552734375 0.5007343750000001 0.53515625 0.4835859375 0.5419921875 0.48652656250000004 0.5654296875 0.4889765625 0.5869140625 0.5041640625 0.7275390625 0.510534375 0.76171875 0.5178828125 0.7763671875 0.5262125 0.791015625 0.5350312500000001 0.7939453125 0.530621875 0.7314453125 0.5227828125 0.6591796875
9 0.491915625 0.671875 0.4889765625 0.6416015625 0.48652656250000004 0.6103515625 0.48015625 0.5732421875 0.48015625 0.53125 0.469378125 0.5439453125 0.45320937499999997 0.5390625 0.45222968750000003 0.5625 0.45222968750000003 0.6103515625 0.46006875 0.671875 0.4674171875 0.7294921875 0.485546875 0.7890625 0.503675 0.7978515625 0.503675 0.765625 0.5007343750000001 0.71875 0.491915625 0.671875
10 0.41499218750000005 0.669921875 0.42283125000000005 0.7568359375 0.45516875 0.7412109375 0.45125000000000004 0.6630859375 0.45125000000000004 0.6376953125 0.45125000000000004 0.6171875 0.4477078125 0.584459375 0.44585937500000006 0.5439453125 0.44145 0.51953125 0.425771875 0.521484375 0.409603125 0.5302734375 0.4086234375 0.583984375 0.4135234375 0.6220703125 0.41499218750000005 0.669921875
11 0.37432656249999996 0.6953125 0.37432656249999996 0.720703125 0.387065625 0.720703125 0.3924546875 0.6865234375 0.393434375 0.6484375 0.393434375 0.625 0.39539375 0.5947265625 0.402253125 0.5625 0.403234375 0.53515625 0.3900046875 0.5263671875 0.3762859375 0.5263671875 0.36648749999999997 0.5390625 0.36648749999999997 0.5654296875 0.3762859375 0.603515625 0.37432656249999996 0.630859375 0.37432656249999996 0.6630859375 0.37432656249999996 0.6953125
12 0.3493390625 0.7294921875 0.357178125 0.6806640625 0.361096875 0.6416015625 0.361096875 0.603515625 0.361096875 0.5712890625 0.3699171875 0.5546875 0.373346875 0.5263671875 0.3561984375 0.51171875 0.332190625 0.509765625 0.3238609375 0.53515625 0.32925 0.5654296875 0.33121093749999997 0.5869140625 0.33121093749999997 0.607421875 0.33121093749999997 0.6416015625 0.33121093749999997 0.67578125 0.332190625 0.71484375 0.3493390625 0.7294921875
16 0.13326875 0.603515625 0.1548265625 0.623046875 0.1822640625 0.6181640625 0.2018625 0.5966796875 0.2234203125 0.5693359375 0.24252812499999998 0.560546875 0.2572265625 0.5419921875 0.2572265625 0.513671875 0.23811875 0.486328125 0.2209703125 0.470703125 0.2018625 0.4521484375 0.1954921875 0.46875 0.1847140625 0.490234375 0.17834375 0.515625 0.167565625 0.5263671875 0.14502656249999998 0.5546875 0.1180796875 0.580078125 0.13326875 0.603515625