31 0.22195 0.44140625 0.23076875000000002 0.416015625 0.2435078125 0.3662109375 0.249878125 0.33203125 0.2317484375 0.3154296875 0.212640625 0.3134765625 0.1994125 0.33203125 0.1866734375 0.3603515625 0.1822640625 0.400390625 0.162175 0.4287109375 0.162175 0.4521484375 0.1705046875 0.466796875 0.1822640625 0.4794921875 0.1905921875 0.515625 0.20088124999999998 0.51171875 0.2160703125 0.494140625 0.22195 0.44140625
2 0.263596875 0.529296875 0.2714359375 0.5078125 0.2714359375 0.4736328125 0.276825 0.4345703125 0.278784375 0.4033203125 0.2822140625 0.35546875 0.2660453125 0.2939453125 0.2552671875 0.345703125 0.240078125 0.3896484375 0.2297890625 0.41796875 0.226359375 0.4453125 0.21999062500000002 0.46875 0.21558125 0.5048828125 0.223909375 0.517578125 0.24448750000000002 0.5419921875 0.263596875 0.529296875
13 0.26751562500000003 0.5302734375 0.278784375 0.5458984375 0.292503125 0.5478515625 0.29936250000000003 0.556640625 0.3121015625 0.5537109375 0.324840625 0.5458984375 0.327290625 0.513671875 0.32043125 0.4736328125 0.31749218749999997 0.421875 0.3140625 0.35546875 0.2983828125 0.3115234375 0.288584375 0.330078125 0.2876046875 0.353515625 0.2851546875 0.3857421875 0.2822140625 0.4287109375 0.274865625 0.474609375 0.2645765625 0.4931640625 0.26751562500000003 0.5302734375
17 0.3591375 0.5654296875 0.3591375 0.5390625 0.3581578125 0.509765625 0.354728125 0.4736328125 0.3537484375 0.4326171875 0.3537484375 0.3818359375 0.347378125 0.3408203125 0.3366 0.3623046875 0.3356203125 0.419921875 0.33121093749999997 0.4599609375 0.3282703125 0.4951171875 0.3214109375 0.533203125 0.32288125 0.5634765625 0.341009375 0.5732421875 0.3508078125 0.55859375 0.3591375 0.5654296875
18 0.3900046875 0.462890625 0.387065625 0.419921875 0.387065625 0.3818359375 0.3806953125 0.3583984375 0.3699171875 0.373046875 0.363546875 0.4326171875 0.3581578125 0.486328125 0.3581578125 0.5458984375 0.3581578125 0.58203125 0.37432656249999996 0.5927734375 0.387065625 0.5732421875 0.38804531249999996 0.5224609375 0.3900046875 0.462890625
19 0.4243015625 0.580078125 0.42038281250000004 0.5205078125 0.42038281250000004 0.46875 0.42038281250000004 0.421875 0.41499218750000005 0.376953125 0.409603125 0.3369140625 0.3998046875 0.33203125 0.3968640625 0.3583984375 0.3924546875 0.39453125 0.3900046875 0.4326171875 0.391475 0.466796875 0.3904953125 0.505859375 0.3855953125 0.546875 0.384615625 0.5859375 0.39735468749999997 0.6123046875 0.4125421875 0.603515625 0.4243015625 0.580078125
20 0.45222968750000003 0.490234375 0.45125000000000004 0.4345703125 0.44585937500000006 0.4052734375 0.43753125 0.3662109375 0.4341015625 0.3857421875 0.432140625 0.41796875 0.42675156249999996 0.46484375 0.4243015625 0.5009765625 0.42136250000000003 0.556640625 0.42136250000000003 0.5947265625 0.43508125 0.607421875 0.4492890625 0.58203125 0.4546796875 0.5390625 0.45222968750000003 0.490234375
21 0.49730468749999995 0.5693359375 0.49289531249999996 0.515625 0.48750625000000003 0.4755859375 0.485546875 0.443359375 0.4791765625 0.4111328125 0.469378125 0.3662109375 0.45859843749999996 0.3876953125 0.4630078125 0.4130859375 0.45761874999999996 0.4755859375 0.45761874999999996 0.5263671875 0.45222968750000003 0.552734375 0.45222968750000003 0.5908203125 0.46202812499999996 0.60546875 0.4791765625 0.6201171875 0.4948546875 0.6025390625 0.49730468749999995 0.5693359375
22 0.5414015625 0.576171875 0.5414015625 0.5478515625 0.5414015625 0.5185546875 0.544340625 0.4794921875 0.54238125 0.419921875 0.5389515625 0.3896484375 0.524253125 0.3662109375 0.514453125 0.376953125 0.51004375 0.4033203125 0.5026953125 0.462890625 0.503675 0.4990234375 0.503675 0.529296875 0.498284375 0.560546875 0.49926562499999994 0.5927734375 0.515434375 0.6103515625 0.537971875 0.6103515625 0.5414015625 0.576171875
30 0.5776578125 0.5712890625 0.5776578125 0.537109375 0.574228125 0.4921875 0.5796171875 0.4501953125 0.57471875 0.4072265625 0.5639390625 0.3857421875 0.5541406249999999 0.3984375 0.5541406249999999 0.4287109375 0.54875 0.4580078125 0.54875 0.484375 0.54875 0.515625 0.5453203125 0.5546875 0.5453203125 0.5908203125 0.5561 0.5966796875 0.5712890625 0.5908203125 0.5776578125 0.5712890625
29 0.6099953124999999 0.5029296875 0.610975 0.439453125 0.60215625 0.392578125 0.5859875 0.3642578125 0.583046875 0.400390625 0.583046875 0.4326171875 0.5820671875000001 0.46875 0.5820671875000001 0.5078125 0.5776578125 0.552734375 0.5810875 0.5888671875 0.592846875 0.6005859375 0.612934375 0.5927734375 0.615384375 0.5595703125 0.6099953124999999 0.5029296875
23 0.6374328125 0.5869140625 0.6491921875 0.5712890625 0.6418421875 0.5263671875 0.638903125 0.484375 0.6300828125 0.439453125 0.63204375 0.4130859375 0.6310625 0.3798828125 0.6246937499999999 0.35546875 0.6163640625 0.3837890625 0.6099953124999999 0.416015625 0.6099953124999999 0.447265625 0.6099953124999999 0.4814453125 0.6099953124999999 0.5244140625 0.6099953124999999 0.5625 0.626653125 0.583984375 0.6374328125 0.5869140625
24 0.6717296875 0.4814453125 0.6687890624999999 0.4521484375 0.6687890624999999 0.4111328125 0.6687890624999999 0.376953125 0.6599703124999999 0.34765625 0.6462515625 0.326171875 0.6482109375 0.3642578125 0.64723125 0.3876953125 0.6462515625 0.4326171875 0.6482109375 0.46484375 0.6482109375 0.4970703125 0.6442921875 0.53125 0.651640625 0.5625 0.675159375 0.560546875 0.6810390625 0.541015625 0.6717296875 0.4814453125
25 0.73199375 0.529296875 0.7266046875 0.48828125 0.7212156249999999 0.447265625 0.7212156249999999 0.4072265625 0.7158249999999999 0.37109375 0.7060265625000001 0.3369140625 0.6878984375 0.330078125 0.68691875 0.349609375 0.6834890625 0.369140625 0.6834890625 0.4072265625 0.6849578125 0.4375 0.683978125 0.4638671875 0.6766296875 0.5048828125 0.681528125 0.5390625 0.6957375 0.55078125 0.718765625 0.5458984375 0.73199375 0.529296875
26 0.7790296875 0.4892578125 0.773640625 0.4501953125 0.7628609375 0.4287109375 0.7628609375 0.3837890625 0.7555125 0.3515625 0.7466921875 0.328125 0.73199375 0.3349609375 0.725625 0.3603515625 0.73199375 0.3984375 0.72954375 0.4375 0.7290546875 0.4833984375 0.72954375 0.5166015625 0.743753125 0.53515625 0.76188125 0.533203125 0.7756000000000001 0.5146484375 0.7790296875 0.4892578125
27 0.833415625 0.447265625 0.82165625 0.4091796875 0.8089171875 0.3798828125 0.7981374999999999 0.34765625 0.7863796875 0.330078125 0.7746203125 0.30859375 0.7628609375 0.3046875 0.7628609375 0.328125 0.76188125 0.353515625 0.7682515624999999 0.3984375 0.773640625 0.443359375 0.7809890625 0.48828125 0.79176875 0.51171875 0.8054874999999999 0.51171875 0.8162671874999999 0.484375 0.8294953125 0.4736328125 0.833415625 0.447265625
28 0.803528125 0.6865234375 0.8177359375 0.69921875 0.8162671874999999 0.673828125 0.8108765625000001 0.64453125 0.809896875 0.603515625 0.812346875 0.5673828125 0.8147968750000001 0.53515625 0.7981374999999999 0.51171875 0.78441875 0.52734375 0.7702109375 0.5205078125 0.7555125 0.537109375 0.7491421875000001 0.55859375 0.7530625 0.5927734375 0.76188125 0.6123046875 0.766290625 0.64453125 0.7746203125 0.67578125 0.78441875 0.69921875 0.793728125 0.7080078125 0.789809375 0.677734375 0.7854 0.6572265625 0.7790296875 0.630859375 0.7873593750000001 0.6142578125 0.796178125 0.6416015625 0.803528125 0.6865234375
0 0.7060265625000001 0.5654296875 0.7040671875 0.5732421875 0.7011265625 0.583984375 0.7006375 0.591796875 0.702596875 0.60546875 0.70700625 0.619140625 0.711415625 0.62890625 0.71435625 0.6396484375 0.7197453125 0.654296875 0.7246453125000001 0.6650390625 0.7315046875 0.697265625 0.73444375 0.7041015625 0.73934375 0.72265625 0.746203125 0.7392578125 0.7530625 0.740234375 0.7579625 0.732421875 0.75698125 0.7197265625 0.7535515625 0.70703125 0.7506125 0.69140625 0.7471828125 0.67578125 0.7432624999999999 0.662109375 0.7403234375000001 0.6455078125 0.737384375 0.626953125 0.7359140625 0.6142578125 0.7403234375000001 0.6103515625 0.7457125 0.6103515625 0.7471828125 0.6220703125 0.7491421875000001 0.63671875 0.7501218749999999 0.646484375 0.752571875 0.662109375 0.7545328125 0.6748046875 0.7564921874999999 0.689453125 0.7584515625 0.7001953125 0.76188125 0.712890625 0.7653109375 0.72265625 0.7697203125 0.72265625 0.7741296875 0.7158203125 0.7741296875 0.69921875 0.771190625 0.68359375 0.7672703125 0.6640625 0.7628609375 0.650390625 0.7599218750000001 0.630859375 0.7584515625 0.6142578125 0.7540421875 0.6015625 0.7515921875 0.5849609375 0.7506125 0.56640625 0.7506125 0.5498046875 0.7466921875 0.5419921875 0.7403234375000001 0.5439453125 0.73199375 0.5458984375 0.7270953125 0.5595703125 0.7261140625 0.5625 0.7217046875 0.5595703125 0.7153359375 0.5615234375 0.7104359375 0.5634765625 0.7060265625000001 0.5654296875
1 0.6741796875 0.7333984375 0.6766296875 0.751953125 0.6849578125 0.765625 0.6898578125 0.7802734375 0.6947578125 0.7900390625 0.7035765625 0.7841796875 0.697696875 0.767578125 0.6942671875 0.748046875 0.6918171875 0.7275390625 0.6903484375 0.712890625 0.6878984375 0.697265625 0.68446875 0.677734375 0.6903484375 0.6748046875 0.6972078125000001 0.689453125 0.7030875 0.7060546875 0.70945625 0.7236328125 0.7148453124999999 0.73828125 0.7202359375 0.7548828125 0.7241546875 0.7568359375 0.728075 0.7529296875 0.728075 0.7421875 0.725625 0.71484375 0.7221953125 0.705078125 0.718275 0.6826171875 0.71435625 0.6630859375 0.709946875 0.6533203125 0.70700625 0.634765625 0.7040671875 0.6201171875 0.7006375 0.6005859375 0.7006375 0.583984375 0.697696875 0.5703125 0.692796875 0.5625 0.6864281250000001 0.5693359375 0.6829984375 0.564453125 0.6727093749999999 0.5693359375 0.6697703125000001 0.58203125 0.65948125 0.580078125 0.6536015625 0.576171875 0.6457625 0.5791015625 0.642821875 0.591796875 0.642821875 0.60546875 0.647721875 0.6240234375 0.652621875 0.6376953125 0.6560515625 0.64453125 0.658990625 0.6513671875 0.6624203125 0.662109375 0.665359375 0.6796875 0.6683 0.6962890625 0.670259375 0.716796875 0.6741796875 0.7333984375
3 0.6330234375 0.7197265625 0.6374328125 0.73828125 0.640371875 0.7578125 0.642821875 0.7705078125 0.6457625 0.783203125 0.654090625 0.7919921875 0.661440625 0.8037109375 0.667809375 0.8046875 0.666340625 0.78515625 0.6624203125 0.751953125 0.658990625 0.724609375 0.658990625 0.7177734375 0.6580109375000001 0.70703125 0.6560515625 0.69140625 0.6536015625 0.6748046875 0.6536015625 0.6484375 0.6536015625 0.630859375 0.6462515625 0.6044921875 0.6423328125000001 0.611328125 0.636453125 0.607421875 0.6286140625 0.6025390625 0.61979375 0.609375 0.6158750000000001 0.6240234375 0.615384375 0.6328125 0.6158750000000001 0.640625 0.618325 0.65234375 0.6246937499999999 0.66796875 0.62714375 0.681640625 0.62959375 0.69921875 0.6330234375 0.7197265625
4 0.587946875 0.6669921875 0.59235625 0.6845703125 0.596765625 0.720703125 0.6031359375 0.74609375 0.610975 0.7666015625 0.6158750000000001 0.7998046875 0.6168546874999999 0.828125 0.625184375 0.8310546875 0.6286140625 0.81640625 0.6276328125 0.7890625 0.6256734374999999 0.7646484375 0.6237140625 0.732421875 0.62224375 0.70703125 0.6188140625 0.681640625 0.6188140625 0.673828125 0.6173437500000001 0.6611328125 0.6168546874999999 0.650390625 0.615384375 0.6396484375 0.6139140624999999 0.62890625 0.612934375 0.6181640625 0.610484375 0.609375 0.6075453125 0.6025390625 0.59970625 0.59765625 0.5903968749999999 0.6044921875 0.585496875 0.6171875 0.583046875 0.625 0.581578125 0.6328125 0.5805984375000001 0.654296875 0.587946875 0.6669921875
5 0.5600203125000001 0.7255859375 0.5624687500000001 0.7431640625 0.565409375 0.7607421875 0.5683484375 0.78125 0.57226875 0.7998046875 0.5761875 0.81640625 0.5805984375000001 0.83203125 0.5850078125 0.8291015625 0.5899062500000001 0.81640625 0.5889265625 0.79296875 0.587946875 0.76953125 0.5864765625 0.7451171875 0.5864765625 0.7197265625 0.5864765625 0.685546875 0.5869671875 0.666015625 0.5869671875 0.65234375 0.585496875 0.63671875 0.584028125 0.62890625 0.5820671875000001 0.6201171875 0.579128125 0.6142578125 0.57471875 0.6103515625 0.565409375 0.6240234375 0.5570796875 0.6298828125 0.555609375 0.646484375 0.555609375 0.6591796875 0.5595296875 0.671875 0.5600203125000001 0.69140625 0.5600203125000001 0.708984375 0.5600203125000001 0.7255859375
6 0.528171875 0.7197265625 0.5271921875000001 0.7421875 0.5276828124999999 0.76171875 0.5276828124999999 0.7841796875 0.5276828124999999 0.798828125 0.5276828124999999 0.8125 0.5311125 0.826171875 0.5350312500000001 0.8193359375 0.5384609375 0.8095703125 0.5394421875 0.796875 0.5438515625 0.7724609375 0.54973125 0.76171875 0.551690625 0.751953125 0.551690625 0.7333984375 0.551690625 0.7138671875 0.551690625 0.7001953125 0.551690625 0.6875 0.551690625 0.6796875 0.5541406249999999 0.673828125 0.5551203124999999 0.6630859375 0.5551203124999999 0.650390625 0.5551203124999999 0.63671875 0.5507109375 0.6279296875 0.5472812499999999 0.626953125 0.540421875 0.625 0.5340515625 0.62890625 0.529153125 0.6298828125 0.5257234375000001 0.63671875 0.5257234375000001 0.6474609375 0.5257234375000001 0.6572265625 0.5271921875000001 0.6708984375 0.529153125 0.681640625 0.5286625 0.7001953125 0.528171875 0.7197265625
7 0.501225 0.7939453125 0.5002453124999999 0.8203125 0.5022046875 0.8408203125 0.506125 0.8447265625 0.512984375 0.8359375 0.51739375 0.822265625 0.5203328125 0.7978515625 0.5227828125 0.7763671875 0.521803125 0.7548828125 0.5227828125 0.73828125 0.524253125 0.7294921875 0.5227828125 0.69921875 0.5237625 0.673828125 0.5257234375000001 0.654296875 0.5257234375000001 0.640625 0.5237625 0.6328125 0.5188640625 0.6240234375 0.5095546875 0.6220703125 0.5007343750000001 0.6298828125 0.4997546875 0.6455078125 0.498775 0.6591796875 0.498775 0.673828125 0.498775 0.6796875 0.49926562499999994 0.6923828125 0.5002453124999999 0.703125 0.5007343750000001 0.7158203125 0.501715625 0.7294921875 0.501715625 0.7607421875 0.501225 0.7939453125
8 0.47525781250000004 0.8076171875 0.48015625 0.8173828125 0.4889765625 0.8115234375 0.491425 0.7919921875 0.49387499999999995 0.7607421875 0.49436562500000003 0.7353515625 0.49436562500000003 0.720703125 0.49387499999999995 0.697265625 0.49730468749999995 0.677734375 0.5007343750000001 0.6650390625 0.5022046875 0.6552734375 0.505634375 0.6376953125 0.503675 0.6162109375 0.498775 0.6103515625 0.48505624999999997 0.6142578125 0.4737875 0.6171875 0.47329687500000006 0.6298828125 0.47329687500000006 0.65234375 0.47329687500000006 0.6689453125 0.4728078125 0.681640625 0.4728078125 0.7001953125 0.4728078125 0.7177734375 0.4728078125 0.734375 0.4737875 0.755859375 0.4737875 0.783203125 0.47525781250000004 0.8076171875
9 0.44683906249999994 0.73046875 0.44683906249999994 0.7548828125 0.44880000000000003 0.78125 0.448309375 0.8134765625 0.45565937500000003 0.828125 0.46643749999999995 0.8203125 0.46643749999999995 0.7958984375 0.46643749999999995 0.7744140625 0.46643749999999995 0.75390625 0.4674171875 0.7314453125 0.4679078125 0.7099609375 0.4683984375 0.6923828125 0.470846875 0.669921875 0.470846875 0.6484375 0.469378125 0.6298828125 0.459578125 0.623046875 0.45418906249999996 0.62890625 0.44880000000000003 0.630859375 0.44292031249999997 0.638671875 0.44242968749999995 0.646484375 0.44242968749999995 0.658203125 0.44242968749999995 0.673828125 0.4473296875 0.6826171875 0.448309375 0.6982421875 0.44683906249999994 0.73046875
10 0.40715312499999995 0.7265625 0.4086234375 0.748046875 0.4086234375 0.7685546875 0.4086234375 0.7958984375 0.4086234375 0.8193359375 0.4086234375 0.841796875 0.4125421875 0.8525390625 0.41940156249999994 0.84375 0.42479218750000003 0.8349609375 0.429690625 0.8076171875 0.4341015625 0.77734375 0.43508125 0.7666015625 0.437040625 0.7548828125 0.43802031250000006 0.748046875 0.4409609375 0.7294921875 0.4409609375 0.708984375 0.43899999999999995 0.69140625 0.4409609375 0.677734375 0.44292031249999997 0.6689453125 0.44292031249999997 0.662109375 0.4404703125 0.6494140625 0.43655 0.640625 0.432140625 0.6318359375 0.42822187500000003 0.625 0.42283125000000005 0.62109375 0.4198921875 0.6279296875 0.41548281249999997 0.630859375 0.41107343749999997 0.6328125 0.4081328125 0.6455078125 0.40715312499999995 0.658203125 0.4091125 0.66796875 0.4086234375 0.6748046875 0.40764374999999997 0.6806640625 0.40715312499999995 0.689453125 0.40715312499999995 0.703125 0.40715312499999995 0.7197265625 0.40715312499999995 0.7265625
11 0.36648749999999997 0.7802734375 0.36648749999999997 0.802734375 0.36648749999999997 0.8212890625 0.3674671875 0.8310546875 0.375796875 0.830078125 0.38020624999999997 0.8154296875 0.384615625 0.8017578125 0.3900046875 0.7822265625 0.393434375 0.7666015625 0.398334375 0.73828125 0.3993140625 0.7197265625 0.3993140625 0.70703125 0.4056828125 0.693359375 0.40715312499999995 0.68359375 0.41009375 0.671875 0.4056828125 0.6591796875 0.4012734375 0.650390625 0.39784375 0.642578125 0.39294531250000003 0.6328125 0.38804531249999996 0.6376953125 0.3831453125 0.6455078125 0.3787359375 0.658203125 0.37530625 0.6669921875 0.37432656249999996 0.6806640625 0.373346875 0.689453125 0.370896875 0.697265625 0.368446875 0.720703125 0.36795625 0.7451171875 0.3669765625 0.7626953125 0.36648749999999997 0.7802734375
12 0.33022968750000004 0.7275390625 0.3258203125 0.751953125 0.32288125 0.7705078125 0.3194515625 0.7841796875 0.319940625 0.794921875 0.32043125 0.8056640625 0.32043125 0.8125 0.32043125 0.822265625 0.3243515625 0.818359375 0.33022968750000004 0.814453125 0.3351296875 0.8056640625 0.3400296875 0.7900390625 0.3463984375 0.7646484375 0.352278125 0.7529296875 0.3557078125 0.7412109375 0.3586484375 0.7265625 0.3615875 0.716796875 0.3650171875 0.703125 0.3650171875 0.689453125 0.3674671875 0.6787109375 0.37138593750000004 0.671875 0.3767765625 0.6630859375 0.38020624999999997 0.650390625 0.3831453125 0.6376953125 0.38020624999999997 0.626953125 0.3723671875 0.6240234375 0.37040625 0.61328125 0.3640375 0.61328125 0.35766718750000004 0.61328125 0.3517890625 0.607421875 0.3463984375 0.62109375 0.34541875 0.6357421875 0.34296875 0.658203125 0.3400296875 0.6669921875 0.33904999999999996 0.6767578125 0.3370890625 0.681640625 0.333659375 0.693359375 0.3331703125 0.7041015625 0.332190625 0.7119140625 0.33022968750000004 0.7275390625
14 0.2920140625 0.798828125 0.29789374999999996 0.7958984375 0.302303125 0.787109375 0.306221875 0.7734375 0.31161249999999996 0.751953125 0.316021875 0.740234375 0.32239062500000004 0.7255859375 0.3268 0.708984375 0.3268 0.6953125 0.329740625 0.681640625 0.333659375 0.6650390625 0.3400296875 0.6474609375 0.34492968749999997 0.638671875 0.3493390625 0.6201171875 0.3512984375 0.6064453125 0.35276874999999996 0.587890625 0.3493390625 0.5830078125 0.3444390625 0.5830078125 0.3370890625 0.5869140625 0.3317 0.5908203125 0.3317 0.5791015625 0.3263109375 0.572265625 0.32092187499999997 0.5703125 0.3145515625 0.5751953125 0.30867187500000004 0.5703125 0.30377343749999997 0.568359375 0.299853125 0.576171875 0.29789374999999996 0.591796875 0.29495312500000004 0.607421875 0.2915234375 0.6240234375 0.2895640625 0.638671875 0.284175 0.6552734375 0.2807453125 0.671875 0.2738859375 0.6923828125 0.269475 0.7197265625 0.2660453125 0.7392578125 0.263596875 0.751953125 0.263596875 0.7578125 0.2689859375 0.7626953125 0.277315625 0.751953125 0.2807453125 0.736328125 0.2915234375 0.7197265625 0.2964234375 0.705078125 0.3013234375 0.6953125 0.306221875 0.69140625 0.304753125 0.7041015625 0.3013234375 0.71875 0.2988734375 0.7333984375 0.2964234375 0.7451171875 0.2915234375 0.763671875 0.288584375 0.7783203125 0.28809375 0.79296875 0.2920140625 0.798828125
15 0.2293 0.6845703125 0.2293 0.7001953125 0.2293 0.712890625 0.2297890625 0.7236328125 0.2327296875 0.7353515625 0.24056875 0.7294921875 0.24154843750000002 0.712890625 0.2435078125 0.69921875 0.24693749999999998 0.681640625 0.2542875 0.6630859375 0.25967656250000004 0.650390625 0.261146875 0.6611328125 0.261146875 0.671875 0.261146875 0.6884765625 0.261146875 0.703125 0.25918593749999996 0.71875 0.2542875 0.74609375 0.256246875 0.75390625 0.26065625 0.7509765625 0.263596875 0.744140625 0.26751562500000003 0.732421875 0.27045625 0.71875 0.274375 0.693359375 0.278784375 0.6787109375 0.281725 0.6650390625 0.28564375000000003 0.6416015625 0.28809375 0.62890625 0.2920140625 0.6123046875 0.29495312500000004 0.595703125 0.29495312500000004 0.576171875 0.2915234375 0.5625 0.28564375000000003 0.5556640625 0.277315625 0.5654296875 0.269965625 0.5625 0.2621265625 0.5537109375 0.25379687500000003 0.556640625 0.244978125 0.5517578125 0.24154843750000002 0.5537109375 0.24056875 0.564453125 0.23909843749999998 0.57421875 0.2371390625 0.5859375 0.2371390625 0.59375 0.23860781250000002 0.603515625 0.23860781250000002 0.6201171875 0.23811875 0.63671875 0.23566875 0.6552734375 0.231259375 0.669921875 0.2293 0.6845703125
16 0.1749140625 0.6083984375 0.1793234375 0.6181640625 0.16805468750000002 0.6279296875 0.15139687500000001 0.63671875 0.15188593749999998 0.6474609375 0.1592359375 0.65625 0.1705046875 0.66796875 0.1817734375 0.662109375 0.1910828125 0.662109375 0.2052921875 0.66796875 0.21215156249999997 0.673828125 0.2234203125 0.671875 0.23321874999999997 0.6630859375 0.23664843750000003 0.642578125 0.23566875 0.6259765625 0.237628125 0.619140625 0.23909843749999998 0.611328125 0.2371390625 0.58984375 0.2322390625 0.58203125 0.2322390625 0.57421875 0.2327296875 0.568359375 0.2322390625 0.5537109375 0.22537968749999998 0.5458984375 0.22292968750000003 0.5380859375 0.222440625 0.52734375 0.21313125 0.5244140625 0.2052921875 0.53125 0.1945125 0.5380859375 0.187653125 0.55078125 0.1798140625 0.556640625 0.174425 0.556640625 0.162175 0.552734375 0.1499265625 0.5556640625 0.144046875 0.5625 0.144046875 0.572265625 0.144046875 0.5849609375 0.14894687499999998 0.591796875 0.1567859375 0.599609375 0.16511562500000002 0.59765625 0.1749140625 0.6083984375