31 0.201621875 0.5029296875 0.201621875 0.4658203125 0.2070265625 0.431640625 0.2081078125 0.392578125 0.2091890625 0.36328125 0.201621875 0.3466796875 0.1918921875 0.3369140625 0.18270312500000002 0.361328125 0.178378125 0.40234375 0.16540468749999998 0.439453125 0.15243281250000001 0.4775390625 0.156215625 0.48828125 0.1724328125 0.501953125 0.177296875 0.5146484375 0.1918921875 0.5166015625 0.201621875 0.5029296875
2 0.2508109375 0.5478515625 0.255134375 0.5205078125 0.255134375 0.4716796875 0.25189218750000003 0.419921875 0.2475671875 0.376953125 0.2464859375 0.349609375 0.23621562499999998 0.3447265625 0.22432500000000002 0.361328125 0.22000000000000003 0.404296875 0.21459531250000002 0.44140625 0.2102703125 0.4716796875 0.2 0.498046875 0.20270312499999998 0.5341796875 0.21891875 0.5419921875 0.23513437499999998 0.5498046875 0.2508109375 0.5478515625
13 0.316215625 0.537109375 0.3064859375 0.4775390625 0.304325 0.44140625 0.30324375 0.400390625 0.2929734375 0.369140625 0.27675625 0.3828125 0.2713515625 0.40234375 0.2670265625 0.423828125 0.263784375 0.4716796875 0.256215625 0.529296875 0.258378125 0.55859375 0.2681078125 0.5732421875 0.281621875 0.5712890625 0.29243281250000003 0.5771484375 0.31135156249999996 0.5615234375 0.316215625 0.537109375
17 0.3529734375 0.5595703125 0.34756718750000004 0.5048828125 0.344325 0.4677734375 0.344325 0.4375 0.335675 0.41796875 0.322703125 0.404296875 0.3108109375 0.4296875 0.3108109375 0.4775390625 0.3108109375 0.5107421875 0.3108109375 0.5498046875 0.3118921875 0.583984375 0.323784375 0.587890625 0.33999999999999997 0.5869140625 0.3529734375 0.5595703125
18 0.3621625 0.603515625 0.3724328125 0.5986328125 0.3870265625 0.57421875 0.3870265625 0.5439453125 0.384865625 0.5166015625 0.38270312500000003 0.4814453125 0.381621875 0.4560546875 0.375134375 0.423828125 0.3729734375 0.3984375 0.35891875 0.392578125 0.35729687499999996 0.427734375 0.355134375 0.4501953125 0.3529734375 0.4814453125 0.3529734375 0.5185546875 0.34756718750000004 0.5439453125 0.3454046875 0.583984375 0.3513515625 0.6015625 0.3621625 0.603515625
19 0.41675625 0.4931640625 0.40972968749999994 0.4541015625 0.40432499999999993 0.404296875 0.395675 0.41796875 0.3902703125 0.447265625 0.38270312500000003 0.5048828125 0.37945937500000004 0.572265625 0.37945937500000004 0.603515625 0.40108125 0.6220703125 0.4086484375 0.603515625 0.4178375 0.583984375 0.42000000000000004 0.5322265625 0.41675625 0.4931640625
20 0.4502703125 0.4912109375 0.4481078125 0.4599609375 0.44702656249999995 0.427734375 0.43405468750000004 0.43359375 0.42756718749999995 0.4990234375 0.42216250000000005 0.556640625 0.42108125 0.61328125 0.44162187499999994 0.61328125 0.45675625000000003 0.603515625 0.45675625000000003 0.56640625 0.4502703125 0.5244140625 0.4502703125 0.4912109375
21 0.4929734375 0.5087890625 0.49189218749999997 0.4677734375 0.4897296875 0.443359375 0.47891874999999995 0.419921875 0.4697296875 0.404296875 0.46540468749999997 0.435546875 0.46540468749999997 0.4658203125 0.464325 0.4912109375 0.464325 0.5322265625 0.45891875000000004 0.57421875 0.45891875000000004 0.62109375 0.47783749999999997 0.634765625 0.499459375 0.634765625 0.5037843750000001 0.59765625 0.501621875 0.564453125 0.4929734375 0.5087890625
22 0.544325 0.55859375 0.5464859375 0.5068359375 0.5486484375 0.4541015625 0.5421625 0.42578125 0.5313515625 0.41015625 0.5221625000000001 0.42578125 0.5275671875 0.4560546875 0.51891875 0.4873046875 0.5102703125 0.5224609375 0.5070265625 0.5625 0.502703125 0.6171875 0.52324375 0.63671875 0.544325 0.62890625 0.5475671875 0.6015625 0.544325 0.55859375
30 0.584325 0.5625 0.5821625 0.5107421875 0.5789187499999999 0.4580078125 0.5724328125 0.419921875 0.562703125 0.44921875 0.559459375 0.4814453125 0.555675 0.51171875 0.557296875 0.5380859375 0.5508109375 0.568359375 0.5508109375 0.607421875 0.5691890625 0.62109375 0.5821625 0.60546875 0.584325 0.5625
29 0.6335140625 0.57421875 0.6270265625 0.5361328125 0.6205406250000001 0.4833984375 0.617296875 0.443359375 0.6108109374999999 0.416015625 0.5978375 0.419921875 0.5935140624999999 0.4658203125 0.5881078125 0.5029296875 0.5881078125 0.5322265625 0.5891890625 0.5703125 0.5989187499999999 0.6015625 0.615134375 0.62109375 0.6227031249999999 0.6015625 0.6335140625 0.57421875
23 0.6524328125000001 0.5126953125 0.6524328125000001 0.4716796875 0.644865625 0.435546875 0.6345953125 0.41796875 0.6259453125000001 0.431640625 0.6259453125000001 0.4638671875 0.6259453125000001 0.4912109375 0.6259453125000001 0.5087890625 0.6259453125000001 0.5400390625 0.6345953125 0.58984375 0.6545953124999999 0.599609375 0.6621625 0.5703125 0.65891875 0.5419921875 0.6524328125000001 0.5126953125
24 0.6902703125 0.4833984375 0.6859453125 0.4541015625 0.679459375 0.41796875 0.6718921875 0.396484375 0.6621625 0.416015625 0.66108125 0.447265625 0.6545953124999999 0.4873046875 0.65675625 0.5205078125 0.65891875 0.5498046875 0.6686484375 0.58203125 0.6859453125 0.58203125 0.6945953125 0.5625 0.6935140625 0.5283203125 0.6902703125 0.4833984375
25 0.7313515625 0.560546875 0.741621875 0.5400390625 0.741621875 0.5107421875 0.737296875 0.4775390625 0.7318921875 0.443359375 0.7297296875 0.41796875 0.7145953125 0.3828125 0.698378125 0.380859375 0.698378125 0.3984375 0.695675 0.423828125 0.6978375 0.447265625 0.6940546875 0.4833984375 0.6902703125 0.5146484375 0.6913515625 0.5498046875 0.70108125 0.560546875 0.7135140625 0.5625 0.7221625 0.5478515625 0.7313515625 0.560546875
26 0.79891875 0.4912109375 0.7886484375 0.4580078125 0.784325 0.4140625 0.77675625 0.369140625 0.763784375 0.3447265625 0.7470265625 0.357421875 0.741621875 0.40625 0.742703125 0.4453125 0.742703125 0.4775390625 0.7454046875 0.529296875 0.755134375 0.5341796875 0.7740546875 0.5361328125 0.7897296875 0.5302734375 0.79891875 0.4912109375
27 0.8205406249999999 0.38671875 0.8091890625 0.35546875 0.796215625 0.3291015625 0.78108125 0.3291015625 0.78324375 0.359375 0.78324375 0.388671875 0.7918921875 0.4580078125 0.803784375 0.5048828125 0.821621875 0.4970703125 0.8270265625000001 0.4775390625 0.84108125 0.4697265625 0.84108125 0.443359375 0.8302703125 0.4140625 0.8205406249999999 0.38671875
28 0.823784375 0.6533203125 0.818378125 0.62890625 0.818378125 0.60546875 0.8281078125000001 0.611328125 0.8345953125 0.626953125 0.8378375 0.65234375 0.8497296875 0.6572265625 0.861621875 0.6591796875 0.8540546875 0.640625 0.8432437500000001 0.599609375 0.84108125 0.568359375 0.838378125 0.537109375 0.8254046875000001 0.5205078125 0.8086484374999999 0.5380859375 0.799459375 0.5400390625 0.784325 0.5478515625 0.78324375 0.5751953125 0.799459375 0.619140625 0.8070265624999999 0.646484375 0.8129734375 0.6650390625 0.817296875 0.6806640625 0.8302703125 0.6884765625 0.8443250000000001 0.6923828125 0.8486484375 0.6767578125 0.835675 0.6689453125 0.823784375 0.6533203125
0 0.7281078125 0.6162109375 0.7345953125 0.6357421875 0.7410812499999999 0.65625 0.7470265625 0.681640625 0.755134375 0.7021484375 0.7621625 0.7275390625 0.7762156250000001 0.744140625 0.7929734374999999 0.75 0.7983781249999999 0.7421875 0.7908109375000001 0.7353515625 0.781621875 0.7255859375 0.7778375 0.708984375 0.7724328125000001 0.6923828125 0.7686484375 0.6748046875 0.7729734374999999 0.6708984375 0.780540625 0.6826171875 0.7875671875 0.6923828125 0.7945953125 0.7041015625 0.799459375 0.712890625 0.803784375 0.720703125 0.8108109375 0.732421875 0.815675 0.7275390625 0.8205406249999999 0.72265625 0.815675 0.7119140625 0.8097296875 0.697265625 0.80324375 0.681640625 0.797296875 0.6650390625 0.7929734374999999 0.650390625 0.7897296875 0.63671875 0.7897296875 0.62109375 0.7886484375 0.6025390625 0.7854046875 0.587890625 0.780540625 0.5771484375 0.77675625 0.568359375 0.7729734374999999 0.564453125 0.7681078125 0.5595703125 0.7610812499999999 0.5625 0.7578375 0.5712890625 0.7562156250000001 0.583984375 0.7486484375 0.57421875 0.741621875 0.5771484375 0.73675625 0.5810546875 0.7291890624999999 0.5927734375 0.7281078125 0.6162109375
1 0.7145953125 0.7890625 0.7216218750000001 0.7998046875 0.7259453125 0.7900390625 0.724865625 0.7734375 0.72108125 0.7548828125 0.7178375 0.7353515625 0.715134375 0.7216796875 0.7124328125 0.7060546875 0.71675625 0.701171875 0.7237843749999999 0.7119140625 0.7291890624999999 0.7216796875 0.738378125 0.7392578125 0.7470265625 0.755859375 0.7562156250000001 0.763671875 0.764325 0.7626953125 0.7708109375000001 0.7548828125 0.764325 0.74609375 0.7589187500000001 0.734375 0.7529734375 0.716796875 0.7475671875 0.703125 0.74324375 0.6865234375 0.737296875 0.669921875 0.7318921875 0.654296875 0.7297296875 0.634765625 0.7297296875 0.6162109375 0.7254046875 0.599609375 0.71675625 0.59375 0.7086484375000001 0.5908203125 0.702703125 0.5927734375 0.7016218750000001 0.6064453125 0.6951343750000001 0.6142578125 0.6870265625 0.6083984375 0.680540625 0.6044921875 0.6745953124999999 0.607421875 0.6713515625 0.6181640625 0.6751343750000001 0.634765625 0.679459375 0.654296875 0.681621875 0.6669921875 0.6864859375 0.7021484375 0.6924328125 0.7216796875 0.7032437500000001 0.7626953125 0.7081078125 0.7763671875 0.7145953125 0.7890625
3 0.655675 0.736328125 0.662703125 0.751953125 0.6686484375 0.7744140625 0.6735140625 0.796875 0.6799999999999999 0.8046875 0.6875671875 0.8154296875 0.6940546875 0.818359375 0.6951343750000001 0.80859375 0.6940546875 0.7880859375 0.6940546875 0.7744140625 0.6886484375 0.75 0.684865625 0.7294921875 0.68108125 0.7099609375 0.6799999999999999 0.701171875 0.6799999999999999 0.6845703125 0.6778375 0.6669921875 0.675675 0.6435546875 0.6735140625 0.630859375 0.6686484375 0.619140625 0.660540625 0.6171875 0.6513515625 0.6162109375 0.6486484375 0.6279296875 0.6405406250000001 0.6259765625 0.6340546875 0.63671875 0.6345953125 0.642578125 0.636215625 0.6513671875 0.638378125 0.6630859375 0.6410812499999999 0.6748046875 0.644325 0.69140625 0.6508109375 0.716796875 0.655675 0.736328125
4 0.601621875 0.6796875 0.604865625 0.69140625 0.6086484375000001 0.703125 0.6124328125 0.7216796875 0.6162156249999999 0.7421875 0.62108125 0.7578125 0.6264859375 0.7744140625 0.6308109375 0.7861328125 0.635675 0.7958984375 0.6410812499999999 0.814453125 0.6486484375 0.8212890625 0.6508109375 0.8115234375 0.6491890625 0.7978515625 0.6475671875 0.7861328125 0.6470265625 0.7783203125 0.6459453125 0.76953125 0.644865625 0.7548828125 0.641621875 0.7431640625 0.638378125 0.7314453125 0.638378125 0.72265625 0.636215625 0.70703125 0.635675 0.6943359375 0.63675625 0.681640625 0.63675625 0.6728515625 0.636215625 0.666015625 0.636215625 0.65234375 0.6329734375 0.642578125 0.6254046875 0.634765625 0.615134375 0.6337890625 0.6070265625 0.6416015625 0.60108125 0.6552734375 0.598378125 0.6650390625 0.601621875 0.6796875
5 0.575675 0.7646484375 0.58 0.779296875 0.5864859375 0.7978515625 0.5913515625 0.8095703125 0.5940546875 0.8203125 0.5978375 0.82421875 0.603784375 0.828125 0.6075671875 0.8193359375 0.6081078125 0.8046875 0.6081078125 0.7900390625 0.6091890624999999 0.771484375 0.6059453125 0.7529296875 0.6059453125 0.7373046875 0.6021625 0.71484375 0.600540625 0.6982421875 0.601621875 0.6865234375 0.600540625 0.6748046875 0.5978375 0.658203125 0.5918921874999999 0.654296875 0.5848656250000001 0.6474609375 0.578378125 0.6455078125 0.5735140624999999 0.6513671875 0.5675671875 0.658203125 0.5664859375 0.6650390625 0.5654046875 0.669921875 0.5654046875 0.6845703125 0.5664859375 0.701171875 0.5681078125 0.7197265625 0.5713515625000001 0.7431640625 0.575675 0.7646484375
6 0.5421625 0.783203125 0.5475671875 0.7978515625 0.5535140625 0.80859375 0.55891875 0.8076171875 0.5599999999999999 0.7939453125 0.5599999999999999 0.78125 0.5616218749999999 0.765625 0.560540625 0.748046875 0.5616218749999999 0.7265625 0.560540625 0.7109375 0.5621625 0.6962890625 0.5621625 0.6767578125 0.564865625 0.6640625 0.562703125 0.6533203125 0.5540546875000001 0.6513671875 0.5454046875 0.6533203125 0.5345953125 0.6513671875 0.5345953125 0.6611328125 0.5345953125 0.6728515625 0.5345953125 0.6865234375 0.5351343749999999 0.703125 0.5351343749999999 0.7099609375 0.5351343749999999 0.7216796875 0.5351343749999999 0.7314453125 0.5351343749999999 0.7412109375 0.5378375 0.7529296875 0.540540625 0.765625 0.5421625 0.783203125
7 0.5145953125 0.7421875 0.5178375 0.7578125 0.52 0.7763671875 0.52108125 0.7939453125 0.5259453125 0.806640625 0.5318921875 0.8076171875 0.5378375 0.8037109375 0.54324375 0.798828125 0.540540625 0.7841796875 0.537296875 0.76171875 0.535675 0.7470703125 0.5340546875000001 0.7353515625 0.5329734375 0.7177734375 0.5313515625 0.6982421875 0.5313515625 0.677734375 0.5313515625 0.6630859375 0.5302703125 0.654296875 0.524865625 0.654296875 0.517296875 0.654296875 0.5081078125 0.66015625 0.5059453125 0.666015625 0.5059453125 0.6767578125 0.5059453125 0.685546875 0.5070265625 0.6962890625 0.5097296874999999 0.7119140625 0.5124328125 0.728515625 0.5145953125 0.7421875
8 0.484325 0.7353515625 0.4864859375 0.7529296875 0.4875671875 0.771484375 0.4902703125 0.79296875 0.49891874999999997 0.7978515625 0.5064859375 0.796875 0.5064859375 0.78125 0.5075671875000001 0.7587890625 0.5054046875 0.744140625 0.504865625 0.7333984375 0.502703125 0.716796875 0.50324375 0.703125 0.50324375 0.69140625 0.5054046875 0.6826171875 0.5054046875 0.6708984375 0.5043249999999999 0.662109375 0.499459375 0.65625 0.4875671875 0.65625 0.47783749999999997 0.6533203125 0.47729687500000006 0.6611328125 0.478378125 0.669921875 0.47945937499999997 0.681640625 0.480540625 0.693359375 0.481621875 0.70703125 0.4821625 0.7236328125 0.484325 0.7353515625
9 0.4513515625 0.7646484375 0.4529734375 0.7783203125 0.455675 0.791015625 0.45891875000000004 0.802734375 0.46324375 0.8115234375 0.46918906250000003 0.80859375 0.4708109375 0.80078125 0.4729734375 0.79296875 0.475675 0.78125 0.47783749999999997 0.7666015625 0.47675625000000005 0.751953125 0.47351406249999994 0.73828125 0.47621562500000003 0.7197265625 0.475134375 0.7041015625 0.47621562500000003 0.69921875 0.47675625000000005 0.6884765625 0.47621562500000003 0.673828125 0.47729687500000006 0.6611328125 0.4708109375 0.654296875 0.46162187499999996 0.654296875 0.455134375 0.65625 0.44594531249999997 0.6611328125 0.44702656249999995 0.669921875 0.4481078125 0.68359375 0.4497296875 0.697265625 0.4497296875 0.7119140625 0.4497296875 0.728515625 0.4508109375 0.744140625 0.4513515625 0.7646484375
10 0.41459531250000003 0.6572265625 0.40972968749999994 0.6669921875 0.4059453125 0.685546875 0.4059453125 0.703125 0.4054046875 0.712890625 0.40378437500000003 0.7314453125 0.401621875 0.751953125 0.40108125 0.7734375 0.3978375 0.794921875 0.396215625 0.814453125 0.400540625 0.8291015625 0.4108109375 0.8173828125 0.419459375 0.8046875 0.42432499999999995 0.79296875 0.42756718749999995 0.7734375 0.436215625 0.7548828125 0.44216249999999996 0.734375 0.44594531249999997 0.7021484375 0.44594531249999997 0.689453125 0.4464859375 0.6708984375 0.444865625 0.658203125 0.44162187499999994 0.6484375 0.4329734375 0.6396484375 0.42270312499999996 0.64453125 0.41459531250000003 0.6572265625
11 0.3681078125 0.763671875 0.3675671875 0.7734375 0.36648593749999997 0.78515625 0.362703125 0.794921875 0.35891875 0.80859375 0.3670265625 0.8125 0.37675625 0.8046875 0.38324375 0.7890625 0.3897296875 0.7734375 0.3940546875 0.75 0.39891875 0.7421875 0.400540625 0.732421875 0.4 0.703125 0.4054046875 0.6845703125 0.4070265625 0.66796875 0.40432499999999993 0.6591796875 0.395675 0.6533203125 0.3886484375 0.6416015625 0.38 0.642578125 0.3691890625 0.654296875 0.3675671875 0.6728515625 0.3675671875 0.6826171875 0.3675671875 0.6884765625 0.3681078125 0.6982421875 0.3670265625 0.712890625 0.3681078125 0.7275390625 0.3691890625 0.7421875 0.3681078125 0.763671875
12 0.3264859375 0.7353515625 0.324865625 0.75 0.323784375 0.76171875 0.321621875 0.7763671875 0.317296875 0.791015625 0.3135140625 0.8076171875 0.316215625 0.81640625 0.3264859375 0.810546875 0.335134375 0.798828125 0.341621875 0.7841796875 0.3454046875 0.76953125 0.3535140625 0.7490234375 0.36 0.7294921875 0.3654046875 0.72265625 0.3670265625 0.7080078125 0.3675671875 0.693359375 0.37027031250000003 0.6787109375 0.3729734375 0.6591796875 0.3691890625 0.646484375 0.361621875 0.6337890625 0.34756718750000004 0.6318359375 0.335675 0.6396484375 0.3324328125 0.658203125 0.3313515625 0.666015625 0.3313515625 0.6767578125 0.3302703125 0.6845703125 0.3286484375 0.701171875 0.3275671875 0.7099609375 0.3275671875 0.7255859375 0.3264859375 0.7353515625
14 0.2464859375 0.7451171875 0.23945937499999997 0.7626953125 0.235675 0.7802734375 0.241621875 0.78515625 0.24864843749999999 0.783203125 0.2513515625 0.7802734375 0.255675 0.771484375 0.2654046875 0.7578125 0.2702703125 0.75 0.275675 0.7392578125 0.2821625 0.7314453125 0.2875671875 0.7177734375 0.29405468749999997 0.7216796875 0.29405468749999997 0.7333984375 0.2935140625 0.748046875 0.2918921875 0.767578125 0.2859453125 0.7880859375 0.280540625 0.8046875 0.284325 0.8115234375 0.29243281250000003 0.8056640625 0.29891875 0.7939453125 0.3064859375 0.775390625 0.3118921875 0.7578125 0.318378125 0.7431640625 0.3221625 0.720703125 0.323784375 0.69921875 0.3264859375 0.6806640625 0.3318921875 0.6591796875 0.33351406250000004 0.6474609375 0.336215625 0.6357421875 0.335675 0.6220703125 0.3297296875 0.6123046875 0.317296875 0.619140625 0.3124328125 0.619140625 0.3097296875 0.6181640625 0.30810781249999997 0.611328125 0.300540625 0.609375 0.2897296875 0.6064453125 0.27999999999999997 0.611328125 0.27675625 0.623046875 0.2735140625 0.6435546875 0.2724328125 0.6533203125 0.2686484375 0.6650390625 0.2681078125 0.6767578125 0.26432500000000003 0.6865234375 0.261621875 0.6982421875 0.258378125 0.7099609375 0.2545953125 0.724609375 0.2464859375 0.7451171875
15 0.18270312500000002 0.724609375 0.17621562500000001 0.734375 0.17891875 0.748046875 0.179459375 0.755859375 0.1864859375 0.759765625 0.19729687499999998 0.75 0.203784375 0.73828125 0.2129734375 0.71875 0.22108124999999998 0.705078125 0.2275671875 0.6982421875 0.22864843750000002 0.7109375 0.22648593749999998 0.72265625 0.22216249999999998 0.7421875 0.21891875 0.7568359375 0.217296875 0.763671875 0.217296875 0.7783203125 0.221621875 0.775390625 0.2259453125 0.767578125 0.2313515625 0.7578125 0.241621875 0.7451171875 0.2475671875 0.7294921875 0.2508109375 0.7138671875 0.2524328125 0.6982421875 0.26108125000000004 0.673828125 0.264865625 0.6611328125 0.27081093749999996 0.6474609375 0.2724328125 0.6376953125 0.2724328125 0.62890625 0.2740546875 0.615234375 0.2702703125 0.603515625 0.26756718749999997 0.59765625 0.260540625 0.5947265625 0.2540546875 0.595703125 0.24702656250000002 0.6044921875 0.243784375 0.6044921875 0.244865625 0.59375 0.23675625 0.5830078125 0.2275671875 0.5810546875 0.219459375 0.591796875 0.21243281249999998 0.609375 0.2091890625 0.6259765625 0.2086484375 0.638671875 0.20648593750000002 0.6474609375 0.20270312499999998 0.6572265625 0.19891875 0.6650390625 0.195675 0.6806640625 0.1935140625 0.693359375 0.19135156250000002 0.69921875 0.1864859375 0.7099609375 0.18270312500000002 0.724609375
16 0.17621562500000001 0.6826171875 0.1881078125 0.662109375 0.196215625 0.64453125 0.20270312499999998 0.6279296875 0.20756718749999997 0.6162109375 0.2129734375 0.6044921875 0.217296875 0.58984375 0.217296875 0.5771484375 0.21621562499999997 0.5673828125 0.2129734375 0.5615234375 0.20648593750000002 0.55859375 0.201621875 0.55859375 0.1945953125 0.5625 0.1875671875 0.5546875 0.18324374999999998 0.5439453125 0.1778375 0.5361328125 0.1740546875 0.5361328125 0.16540468749999998 0.5419921875 0.15837812499999998 0.5537109375 0.156215625 0.5693359375 0.1535140625 0.580078125 0.15243281250000001 0.591796875 0.14972968749999999 0.603515625 0.14702656249999999 0.6171875 0.141621875 0.6318359375 0.135134375 0.6455078125 0.12594531250000002 0.65625 0.118378125 0.666015625 0.12108125 0.677734375 0.1297296875 0.6796875 0.142703125 0.671875 0.155675 0.6533203125 0.1675671875 0.638671875 0.1708109375 0.64453125 0.1675671875 0.658203125 0.16216250000000001 0.669921875 0.155134375 0.69140625 0.156215625 0.7001953125 0.16540468749999998 0.7001953125 0.17621562500000001 0.6826171875