31 0.3369140625 0.8081078125 0.361328125 0.817296875 0.40234375 0.821621875 0.439453125 0.8345953125 0.4775390625 0.8475671874999999 0.48828125 0.843784375 0.501953125 0.8275671875 0.5146484375 0.822703125 0.5166015625 0.8081078125 0.5029296875 0.7983781249999999 0.4658203125 0.7983781249999999 0.431640625 0.7929734374999999 0.392578125 0.7918921875 0.36328125 0.7908109375000001 0.3466796875 0.7983781249999999 0.3369140625 0.8081078125
2 0.3447265625 0.763784375 0.361328125 0.775675 0.404296875 0.78 0.44140625 0.7854046875 0.4716796875 0.7897296875 0.498046875 0.8 0.5341796875 0.797296875 0.5419921875 0.78108125 0.5498046875 0.764865625 0.5478515625 0.7491890625 0.5205078125 0.744865625 0.4716796875 0.744865625 0.419921875 0.7481078125 0.376953125 0.7524328125 0.349609375 0.7535140625000001 0.3447265625 0.763784375
13 0.40234375 0.7286484375 0.423828125 0.7329734375 0.4716796875 0.736215625 0.529296875 0.7437843749999999 0.55859375 0.741621875 0.5732421875 0.7318921875 0.5712890625 0.718378125 0.5771484375 0.7075671875 0.5615234375 0.6886484375 0.537109375 0.683784375 0.4775390625 0.6935140625 0.44140625 0.695675 0.400390625 0.69675625 0.369140625 0.7070265625000001 0.3828125 0.72324375 0.40234375 0.7286484375
17 0.4296875 0.6891890625 0.4775390625 0.6891890625 0.5107421875 0.6891890625 0.5498046875 0.6891890625 0.583984375 0.6881078125 0.587890625 0.676215625 0.5869140625 0.6599999999999999 0.5595703125 0.6470265625 0.5048828125 0.6524328125000001 0.4677734375 0.655675 0.4375 0.655675 0.41796875 0.664325 0.404296875 0.677296875 0.4296875 0.6891890625
18 0.4560546875 0.618378125 0.423828125 0.624865625 0.3984375 0.6270265625 0.392578125 0.6410812499999999 0.427734375 0.6427031249999999 0.4501953125 0.644865625 0.4814453125 0.6470265625 0.5185546875 0.6470265625 0.5439453125 0.6524328125000001 0.583984375 0.6545953124999999 0.6015625 0.6486484375 0.603515625 0.6378375000000001 0.5986328125 0.6275671875 0.57421875 0.6129734375 0.5439453125 0.6129734375 0.5166015625 0.615134375 0.4814453125 0.617296875 0.4560546875 0.618378125
19 0.572265625 0.6205406250000001 0.603515625 0.6205406250000001 0.6220703125 0.5989187499999999 0.603515625 0.5913515625 0.583984375 0.5821625 0.5322265625 0.58 0.4931640625 0.5832437500000001 0.4541015625 0.5902703125000001 0.404296875 0.5956750000000001 0.41796875 0.604325 0.447265625 0.6097296875 0.5048828125 0.617296875 0.572265625 0.6205406250000001
20 0.61328125 0.5789187499999999 0.61328125 0.5583781250000001 0.603515625 0.54324375 0.56640625 0.54324375 0.5244140625 0.5497296875 0.4912109375 0.5497296875 0.4599609375 0.5518921875 0.427734375 0.5529734375 0.43359375 0.5659453125 0.4990234375 0.5724328125 0.556640625 0.5778375 0.61328125 0.5789187499999999
21 0.4658203125 0.5345953125 0.4912109375 0.535675 0.5322265625 0.535675 0.57421875 0.54108125 0.62109375 0.54108125 0.634765625 0.5221625000000001 0.634765625 0.500540625 0.59765625 0.49621562499999994 0.564453125 0.498378125 0.5087890625 0.5070265625 0.4677734375 0.5081078125 0.443359375 0.5102703125 0.419921875 0.52108125 0.404296875 0.5302703125 0.435546875 0.5345953125 0.4658203125 0.5345953125
22 0.4560546875 0.4724328125 0.4873046875 0.48108125 0.5224609375 0.4897296875 0.5625 0.4929734375 0.6171875 0.49729687499999997 0.63671875 0.47675625000000005 0.62890625 0.455675 0.6015625 0.4524328125 0.55859375 0.455675 0.5068359375 0.45351406250000004 0.4541015625 0.4513515625 0.42578125 0.4578375 0.41015625 0.4686484375 0.42578125 0.47783749999999997 0.4560546875 0.4724328125
30 0.51171875 0.44432499999999997 0.5380859375 0.442703125 0.568359375 0.4491890625 0.607421875 0.4491890625 0.62109375 0.4308109375 0.60546875 0.4178375 0.5625 0.41567499999999996 0.5107421875 0.4178375 0.4580078125 0.42108125 0.419921875 0.42756718749999995 0.44921875 0.43729687500000003 0.4814453125 0.440540625 0.51171875 0.44432499999999997
29 0.4658203125 0.4064859375 0.5029296875 0.4118921875 0.5322265625 0.4118921875 0.5703125 0.4108109375 0.6015625 0.40108125 0.62109375 0.384865625 0.6015625 0.377296875 0.57421875 0.36648593749999997 0.5361328125 0.3729734375 0.4833984375 0.37945937500000004 0.443359375 0.38270312500000003 0.416015625 0.38918906249999996 0.419921875 0.40216250000000003 0.4658203125 0.4064859375
23 0.4912109375 0.37405468750000004 0.5087890625 0.37405468750000004 0.5400390625 0.37405468750000004 0.58984375 0.3654046875 0.599609375 0.3454046875 0.5703125 0.3378375 0.5419921875 0.34108125 0.5126953125 0.34756718750000004 0.4716796875 0.34756718750000004 0.435546875 0.355134375 0.41796875 0.3654046875 0.431640625 0.37405468750000004 0.4638671875 0.37405468750000004 0.4912109375 0.37405468750000004
24 0.4873046875 0.3454046875 0.5205078125 0.34324374999999996 0.5498046875 0.34108125 0.58203125 0.3313515625 0.58203125 0.3140546875 0.5625 0.3054046875 0.5283203125 0.3064859375 0.4833984375 0.3097296875 0.4541015625 0.3140546875 0.41796875 0.32054062499999997 0.396484375 0.3281078125 0.416015625 0.3378375 0.447265625 0.33891875 0.4873046875 0.3454046875
25 0.3828125 0.2854046875 0.380859375 0.30162187500000004 0.3984375 0.30162187500000004 0.423828125 0.304325 0.447265625 0.3021625 0.4833984375 0.3059453125 0.5146484375 0.3097296875 0.5498046875 0.3086484375 0.560546875 0.29891875 0.5625 0.2864859375 0.5478515625 0.2778375 0.560546875 0.2686484375 0.5400390625 0.258378125 0.5107421875 0.258378125 0.4775390625 0.262703125 0.443359375 0.2681078125 0.41796875 0.2702703125 0.3828125 0.2854046875
26 0.40625 0.258378125 0.4453125 0.257296875 0.4775390625 0.257296875 0.529296875 0.2545953125 0.5341796875 0.244865625 0.5361328125 0.2259453125 0.5302734375 0.2102703125 0.4912109375 0.20108125000000002 0.4580078125 0.21135156249999998 0.4140625 0.215675 0.369140625 0.22324375000000002 0.3447265625 0.23621562499999998 0.357421875 0.2529734375 0.40625 0.258378125
27 0.4580078125 0.2081078125 0.5048828125 0.196215625 0.4970703125 0.178378125 0.4775390625 0.1729734375 0.4697265625 0.15891875 0.443359375 0.15891875 0.4140625 0.1697296875 0.38671875 0.179459375 0.35546875 0.1908109375 0.3291015625 0.203784375 0.3291015625 0.21891875 0.359375 0.21675624999999998 0.388671875 0.21675624999999998 0.4580078125 0.2081078125
28 0.6572265625 0.1502703125 0.6591796875 0.138378125 0.640625 0.1459453125 0.599609375 0.15675624999999999 0.568359375 0.15891875 0.537109375 0.161621875 0.5205078125 0.1745953125 0.5380859375 0.19135156250000002 0.5400390625 0.200540625 0.5478515625 0.215675 0.5751953125 0.21675624999999998 0.619140625 0.200540625 0.646484375 0.1929734375 0.6650390625 0.1870265625 0.6806640625 0.18270312500000002 0.6884765625 0.1697296875 0.6923828125 0.155675 0.6767578125 0.15135156249999998 0.6689453125 0.164325 0.6533203125 0.17621562500000001 0.62890625 0.181621875 0.60546875 0.181621875 0.611328125 0.1718921875 0.626953125 0.16540468749999998 0.65234375 0.16216250000000001 0.6572265625 0.1502703125
0 0.744140625 0.223784375 0.75 0.2070265625 0.7421875 0.201621875 0.7353515625 0.2091890625 0.7255859375 0.218378125 0.708984375 0.22216249999999998 0.6923828125 0.2275671875 0.6748046875 0.2313515625 0.6708984375 0.2270265625 0.6826171875 0.219459375 0.6923828125 0.21243281249999998 0.7041015625 0.20540468750000002 0.712890625 0.200540625 0.720703125 0.196215625 0.732421875 0.1891890625 0.7275390625 0.18432500000000002 0.72265625 0.179459375 0.7119140625 0.18432500000000002 0.697265625 0.19027031249999998 0.681640625 0.19675625000000002 0.6650390625 0.20270312499999998 0.650390625 0.2070265625 0.63671875 0.2102703125 0.62109375 0.2102703125 0.6025390625 0.21135156249999998 0.587890625 0.21459531250000002 0.5771484375 0.219459375 0.568359375 0.22324375000000002 0.564453125 0.2270265625 0.5595703125 0.2318921875 0.5625 0.23891874999999999 0.5712890625 0.2421625 0.583984375 0.243784375 0.57421875 0.2513515625 0.5771484375 0.258378125 0.5810546875 0.26324375 0.5927734375 0.27081093749999996 0.6162109375 0.2718921875 0.6357421875 0.2654046875 0.65625 0.25891875 0.681640625 0.2529734375 0.7021484375 0.244865625 0.7275390625 0.2378375 0.744140625 0.223784375
1 0.7216796875 0.284865625 0.7060546875 0.2875671875 0.701171875 0.28324375 0.7119140625 0.27621562499999996 0.7216796875 0.27081093749999996 0.7392578125 0.261621875 0.755859375 0.2529734375 0.763671875 0.243784375 0.7626953125 0.235675 0.7548828125 0.2291890625 0.74609375 0.235675 0.734375 0.24108125 0.716796875 0.24702656250000002 0.703125 0.2524328125 0.6865234375 0.25675625 0.669921875 0.262703125 0.654296875 0.2681078125 0.634765625 0.2702703125 0.6162109375 0.2702703125 0.599609375 0.2745953125 0.59375 0.28324375 0.5908203125 0.2913515625 0.5927734375 0.297296875 0.6064453125 0.298378125 0.6142578125 0.30486562500000003 0.6083984375 0.3129734375 0.6044921875 0.319459375 0.607421875 0.32540468749999996 0.6181640625 0.3286484375 0.634765625 0.324865625 0.654296875 0.32054062499999997 0.6669921875 0.318378125 0.7021484375 0.3135140625 0.7216796875 0.3075671875 0.7626953125 0.29675625 0.7763671875 0.2918921875 0.7890625 0.2854046875 0.7998046875 0.27837812500000003 0.7900390625 0.2740546875 0.7734375 0.27513437500000004 0.7548828125 0.27891875 0.7353515625 0.2821625 0.7216796875 0.284865625
3 0.818359375 0.3059453125 0.80859375 0.30486562500000003 0.7880859375 0.3059453125 0.7744140625 0.3059453125 0.75 0.31135156249999996 0.7294921875 0.315134375 0.7099609375 0.31891875000000003 0.701171875 0.32 0.6845703125 0.32 0.6669921875 0.3221625 0.6435546875 0.32432500000000003 0.630859375 0.3264859375 0.619140625 0.3313515625 0.6171875 0.339459375 0.6162109375 0.34864843749999996 0.6279296875 0.3513515625 0.6259765625 0.359459375 0.63671875 0.3659453125 0.642578125 0.3654046875 0.6513671875 0.363784375 0.6630859375 0.361621875 0.6748046875 0.35891875 0.69140625 0.355675 0.716796875 0.3491890625 0.736328125 0.344325 0.751953125 0.337296875 0.7744140625 0.3313515625 0.796875 0.3264859375 0.8046875 0.32 0.8154296875 0.3124328125 0.818359375 0.3059453125
4 0.7744140625 0.3735140625 0.7861328125 0.3691890625 0.7958984375 0.364325 0.814453125 0.35891875 0.8212890625 0.3513515625 0.8115234375 0.3491890625 0.7978515625 0.35081093750000003 0.7861328125 0.35243281249999997 0.7783203125 0.3529734375 0.76953125 0.3540546875 0.7548828125 0.355134375 0.7431640625 0.358378125 0.7314453125 0.361621875 0.72265625 0.361621875 0.70703125 0.363784375 0.6943359375 0.364325 0.681640625 0.36324375 0.6728515625 0.36324375 0.666015625 0.363784375 0.65234375 0.363784375 0.642578125 0.3670265625 0.634765625 0.3745953125 0.6337890625 0.384865625 0.6416015625 0.39297343749999997 0.6552734375 0.39891875 0.6650390625 0.401621875 0.6796875 0.39837812499999997 0.69140625 0.395134375 0.703125 0.3913515625 0.7216796875 0.3875671875 0.7421875 0.383784375 0.7578125 0.37891875 0.7744140625 0.3735140625
5 0.828125 0.396215625 0.8193359375 0.3924328125 0.8046875 0.3918921875 0.7900390625 0.3918921875 0.771484375 0.3908109375 0.7529296875 0.3940546875 0.7373046875 0.3940546875 0.71484375 0.3978375 0.6982421875 0.399459375 0.6865234375 0.39837812499999997 0.6748046875 0.399459375 0.658203125 0.40216250000000003 0.654296875 0.40810781250000006 0.6474609375 0.41513437499999994 0.6455078125 0.42162187500000003 0.6513671875 0.4264859375 0.658203125 0.4324328125 0.6650390625 0.4335140625 0.669921875 0.43459531250000005 0.6845703125 0.43459531250000005 0.701171875 0.4335140625 0.7197265625 0.4318921875 0.7431640625 0.4286484375 0.7646484375 0.42432499999999995 0.779296875 0.42000000000000004 0.7978515625 0.4135140625 0.8095703125 0.4086484375 0.8203125 0.4059453125 0.82421875 0.40216250000000003 0.828125 0.396215625
6 0.765625 0.438378125 0.748046875 0.43945937500000004 0.7265625 0.438378125 0.7109375 0.43945937500000004 0.6962890625 0.4378375 0.6767578125 0.4378375 0.6640625 0.43513437499999996 0.6533203125 0.43729687500000003 0.6513671875 0.44594531249999997 0.6533203125 0.45459531249999996 0.6513671875 0.46540468749999997 0.6611328125 0.46540468749999997 0.6728515625 0.46540468749999997 0.6865234375 0.46540468749999997 0.703125 0.464865625 0.7099609375 0.464865625 0.7216796875 0.464865625 0.7314453125 0.464865625 0.7412109375 0.464865625 0.7529296875 0.4621625 0.765625 0.45945937499999995 0.783203125 0.4578375 0.7978515625 0.4524328125 0.80859375 0.4464859375 0.8076171875 0.44108125 0.7939453125 0.44000000000000006 0.78125 0.44000000000000006 0.765625 0.438378125
7 0.8037109375 0.4621625 0.798828125 0.45675625000000003 0.7841796875 0.45945937499999995 0.76171875 0.462703125 0.7470703125 0.464325 0.7353515625 0.4659453125 0.7177734375 0.46702656249999996 0.6982421875 0.4686484375 0.677734375 0.4686484375 0.6630859375 0.4686484375 0.654296875 0.4697296875 0.654296875 0.475134375 0.654296875 0.482703125 0.66015625 0.49189218749999997 0.666015625 0.4940546875 0.6767578125 0.4940546875 0.685546875 0.4940546875 0.6962890625 0.4929734375 0.7119140625 0.4902703125 0.728515625 0.4875671875 0.7421875 0.4854046875 0.7578125 0.4821625 0.7763671875 0.48 0.7939453125 0.47891874999999995 0.806640625 0.47405468749999996 0.8076171875 0.4681078125 0.8037109375 0.4621625
8 0.78125 0.49351406249999996 0.7587890625 0.4924328125 0.744140625 0.4945953125 0.7333984375 0.495134375 0.716796875 0.49729687499999997 0.703125 0.49675624999999995 0.69140625 0.49675624999999995 0.6826171875 0.4945953125 0.6708984375 0.4945953125 0.662109375 0.49567500000000003 0.65625 0.500540625 0.65625 0.5124328125 0.6533203125 0.5221625000000001 0.6611328125 0.5227031249999999 0.669921875 0.521621875 0.681640625 0.520540625 0.693359375 0.5194593750000001 0.70703125 0.518378125 0.7236328125 0.5178375 0.7353515625 0.515675 0.7529296875 0.5135140625 0.771484375 0.5124328125 0.79296875 0.5097296874999999 0.7978515625 0.50108125 0.796875 0.49351406249999996 0.78125 0.49351406249999996
9 0.80078125 0.5291890625 0.79296875 0.5270265625 0.78125 0.5243249999999999 0.7666015625 0.5221625000000001 0.751953125 0.52324375 0.73828125 0.5264859375000001 0.7197265625 0.523784375 0.7041015625 0.524865625 0.69921875 0.523784375 0.6884765625 0.52324375 0.673828125 0.523784375 0.6611328125 0.5227031249999999 0.654296875 0.5291890625 0.654296875 0.538378125 0.65625 0.544865625 0.6611328125 0.5540546875000001 0.669921875 0.5529734375 0.68359375 0.5518921875 0.697265625 0.5502703125 0.7119140625 0.5502703125 0.728515625 0.5502703125 0.744140625 0.5491890625 0.7646484375 0.5486484375 0.7783203125 0.5470265624999999 0.791015625 0.544325 0.802734375 0.54108125 0.8115234375 0.53675625 0.80859375 0.5308109375 0.80078125 0.5291890625
10 0.751953125 0.598378125 0.7734375 0.5989187499999999 0.794921875 0.6021625 0.814453125 0.603784375 0.8291015625 0.599459375 0.8173828125 0.5891890625 0.8046875 0.580540625 0.79296875 0.575675 0.7734375 0.5724328125 0.7548828125 0.563784375 0.734375 0.5578375 0.7021484375 0.5540546875000001 0.689453125 0.5540546875000001 0.6708984375 0.5535140625 0.658203125 0.555134375 0.6484375 0.5583781250000001 0.6396484375 0.5670265624999999 0.64453125 0.577296875 0.6572265625 0.5854046875 0.6669921875 0.5902703125000001 0.685546875 0.5940546875 0.703125 0.5940546875 0.712890625 0.5945953125 0.7314453125 0.5962156249999999 0.751953125 0.598378125
11 0.8046875 0.62324375 0.7890625 0.61675625 0.7734375 0.6102703125 0.75 0.6059453125 0.7421875 0.60108125 0.732421875 0.599459375 0.703125 0.6 0.6845703125 0.5945953125 0.66796875 0.5929734375 0.6591796875 0.5956750000000001 0.6533203125 0.604325 0.6416015625 0.6113515625 0.642578125 0.62 0.654296875 0.6308109375 0.6728515625 0.6324328125 0.6826171875 0.6324328125 0.6884765625 0.6324328125 0.6982421875 0.6318921875 0.712890625 0.6329734375 0.7275390625 0.6318921875 0.7421875 0.6308109375 0.763671875 0.6318921875 0.7734375 0.6324328125 0.78515625 0.6335140625 0.794921875 0.637296875 0.80859375 0.6410812499999999 0.8125 0.6329734375 0.8046875 0.62324375
12 0.81640625 0.683784375 0.810546875 0.6735140625 0.798828125 0.664865625 0.7841796875 0.658378125 0.76953125 0.6545953124999999 0.7490234375 0.6464859374999999 0.7294921875 0.64 0.72265625 0.6345953125 0.7080078125 0.6329734375 0.693359375 0.6324328125 0.6787109375 0.6297296875 0.6591796875 0.6270265625 0.646484375 0.6308109375 0.6337890625 0.638378125 0.6318359375 0.6524328125000001 0.6396484375 0.664325 0.658203125 0.6675671875 0.666015625 0.6686484375 0.6767578125 0.6686484375 0.6845703125 0.6697296875000001 0.701171875 0.6713515625 0.7099609375 0.6724328125000001 0.7255859375 0.6724328125000001 0.7353515625 0.6735140625 0.75 0.6751343750000001 0.76171875 0.676215625 0.7763671875 0.6783781249999999 0.791015625 0.682703125 0.8076171875 0.6864859375 0.81640625 0.683784375
14 0.771484375 0.744325 0.7578125 0.7345953125 0.75 0.7297296875 0.7392578125 0.724325 0.7314453125 0.7178375 0.7177734375 0.7124328125 0.7216796875 0.7059453125 0.7333984375 0.7059453125 0.748046875 0.7064859375 0.767578125 0.7081078125 0.7880859375 0.7140546875 0.8046875 0.719459375 0.8115234375 0.715675 0.8056640625 0.7075671875 0.7939453125 0.70108125 0.775390625 0.6935140625 0.7578125 0.6881078125 0.7431640625 0.681621875 0.720703125 0.6778375 0.69921875 0.676215625 0.6806640625 0.6735140625 0.6591796875 0.6681078125 0.6474609375 0.6664859375 0.6357421875 0.663784375 0.6220703125 0.664325 0.6123046875 0.6702703125 0.619140625 0.682703125 0.619140625 0.6875671875 0.6181640625 0.6902703125 0.611328125 0.6918921874999999 0.609375 0.699459375 0.6064453125 0.7102703125 0.611328125 0.72 0.623046875 0.72324375 0.6435546875 0.7264859375 0.6533203125 0.7275671874999999 0.6650390625 0.7313515625 0.6767578125 0.7318921875 0.6865234375 0.735675 0.6982421875 0.738378125 0.7099609375 0.741621875 0.724609375 0.7454046875 0.7451171875 0.7535140625000001 0.7626953125 0.760540625 0.7802734375 0.764325 0.78515625 0.758378125 0.783203125 0.7513515625 0.7802734375 0.7486484375 0.771484375 0.744325
15 0.73828125 0.796215625 0.71875 0.7870265625 0.705078125 0.77891875 0.6982421875 0.7724328125000001 0.7109375 0.7713515625 0.72265625 0.7735140625 0.7421875 0.7778375 0.7568359375 0.78108125 0.763671875 0.782703125 0.7783203125 0.782703125 0.775390625 0.7783781249999999 0.767578125 0.7740546875 0.7578125 0.7686484375 0.7451171875 0.758378125 0.7294921875 0.7524328125 0.7138671875 0.7491890625 0.6982421875 0.7475671875 0.673828125 0.7389187500000001 0.6611328125 0.735134375 0.6474609375 0.7291890624999999 0.6376953125 0.7275671874999999 0.62890625 0.7275671874999999 0.615234375 0.7259453125 0.603515625 0.7297296875 0.59765625 0.7324328125 0.5947265625 0.739459375 0.595703125 0.7459453125 0.6044921875 0.7529734375 0.6044921875 0.7562156250000001 0.59375 0.755134375 0.5830078125 0.76324375 0.5810546875 0.7724328125000001 0.591796875 0.780540625 0.609375 0.7875671875 0.6259765625 0.7908109375000001 0.638671875 0.7913515624999999 0.6474609375 0.7935140625 0.6572265625 0.797296875 0.6650390625 0.80108125 0.6806640625 0.8043250000000001 0.693359375 0.8064859375 0.69921875 0.8086484374999999 0.7099609375 0.8135140625 0.724609375 0.817296875 0.734375 0.823784375 0.748046875 0.82108125 0.755859375 0.8205406249999999 0.759765625 0.8135140625 0.75 0.8027031250000001 0.73828125 0.796215625
16 0.58984375 0.782703125 0.5771484375 0.782703125 0.5673828125 0.783784375 0.5615234375 0.7870265625 0.55859375 0.7935140625 0.55859375 0.7983781249999999 0.5625 0.8054046874999999 0.5546875 0.8124328125 0.5439453125 0.8167562500000001 0.5361328125 0.8221624999999999 0.5361328125 0.8259453125 0.5419921875 0.8345953125 0.5537109375 0.8416218750000001 0.5693359375 0.843784375 0.580078125 0.8464859375 0.591796875 0.8475671874999999 0.603515625 0.8502703125 0.6171875 0.8529734375 0.6318359375 0.858378125 0.6455078125 0.864865625 0.65625 0.8740546874999999 0.666015625 0.8816218750000001 0.677734375 0.8789187500000001 0.6796875 0.8702703125 0.671875 0.857296875 0.6533203125 0.8443250000000001 0.638671875 0.8324328124999999 0.64453125 0.8291890625 0.658203125 0.8324328124999999 0.669921875 0.8378375 0.69140625 0.8448656250000001 0.7001953125 0.843784375 0.7001953125 0.8345953125 0.6826171875 0.823784375 0.662109375 0.8118921875 0.64453125 0.803784375 0.6279296875 0.797296875 0.6162109375 0.7924328125 0.6044921875 0.7870265625 0.58984375 0.782703125