2 0.2616359375 0.4501953125 0.262615625 0.3818359375 0.26506562499999997 0.32421875 0.256246875 0.279296875 0.236159375 0.283203125 0.23517812500000002 0.33203125 0.22440000000000002 0.3466796875 0.21802968749999999 0.375 0.2111703125 0.4052734375 0.2111703125 0.4287109375 0.2190109375 0.4501953125 0.23517812500000002 0.4521484375 0.24889687500000002 0.4560546875 0.2616359375 0.4501953125
13 0.3106328125 0.5048828125 0.3219015625 0.4921875 0.3238609375 0.4521484375 0.324840625 0.4111328125 0.3258203125 0.369140625 0.3194515625 0.328125 0.3067125 0.2958984375 0.2876046875 0.2666015625 0.274375 0.283203125 0.2778046875 0.3427734375 0.2714359375 0.3642578125 0.25820625 0.4423828125 0.261146875 0.46875 0.2738859375 0.4775390625 0.281725 0.4951171875 0.29789374999999996 0.4853515625 0.3106328125 0.5048828125
17 0.3561984375 0.447265625 0.3561984375 0.4072265625 0.3561984375 0.35546875 0.3581578125 0.3046875 0.34394843750000004 0.2939453125 0.332190625 0.306640625 0.3356203125 0.353515625 0.327290625 0.3876953125 0.3194515625 0.421875 0.31308125000000003 0.46484375 0.31651093750000003 0.5048828125 0.327290625 0.5234375 0.3463984375 0.513671875 0.3561984375 0.490234375 0.3561984375 0.447265625
18 0.3968640625 0.5068359375 0.393434375 0.45703125 0.377265625 0.3515625 0.3762859375 0.3173828125 0.3591375 0.2939453125 0.3591375 0.3193359375 0.3581578125 0.3642578125 0.3561984375 0.3896484375 0.3561984375 0.41796875 0.3537484375 0.4580078125 0.3508078125 0.515625 0.36060781249999996 0.533203125 0.38510468750000004 0.5185546875 0.3968640625 0.5068359375
19 0.41695312500000004 0.4521484375 0.41695312500000004 0.4091796875 0.415971875 0.37109375 0.4140125 0.3408203125 0.402253125 0.30078125 0.3924546875 0.2880859375 0.38363593749999997 0.3046875 0.3806953125 0.3515625 0.38363593749999997 0.3984375 0.387065625 0.462890625 0.38265625000000003 0.515625 0.39637500000000003 0.5478515625 0.4140125 0.5419921875 0.42038281250000004 0.4912109375 0.41695312500000004 0.4521484375
20 0.45222968750000003 0.3896484375 0.45026875000000005 0.3623046875 0.4404703125 0.3408203125 0.432140625 0.3662109375 0.42773125 0.4033203125 0.4243015625 0.4755859375 0.42038281250000004 0.5458984375 0.4448796875 0.5654296875 0.45565937500000003 0.53125 0.45222968750000003 0.4921875 0.45565937500000003 0.4326171875 0.45222968750000003 0.3896484375
21 0.48995625 0.400390625 0.485546875 0.353515625 0.475746875 0.326171875 0.46006875 0.3193359375 0.4610484375 0.349609375 0.46006875 0.4345703125 0.45418906249999996 0.51171875 0.46251875 0.564453125 0.48652656250000004 0.5654296875 0.496815625 0.5263671875 0.49387499999999995 0.5068359375 0.491915625 0.4501953125 0.48995625 0.400390625
22 0.537971875 0.5009765625 0.5350312500000001 0.462890625 0.5369921875 0.4267578125 0.5389515625 0.376953125 0.5335625 0.3388671875 0.5178828125 0.33203125 0.5071046875 0.376953125 0.503675 0.4052734375 0.503675 0.484375 0.4977953125 0.5576171875 0.501715625 0.578125 0.5227828125 0.580078125 0.5389515625 0.580078125 0.5389515625 0.5439453125 0.537971875 0.5009765625
30 0.57226875 0.53515625 0.570309375 0.5107421875 0.5658984375 0.466796875 0.56491875 0.42578125 0.5624687500000001 0.3837890625 0.5624687500000001 0.3408203125 0.5521796875 0.3193359375 0.5467906250000001 0.3623046875 0.544340625 0.41796875 0.54238125 0.4609375 0.54238125 0.5009765625 0.5389515625 0.5498046875 0.544340625 0.580078125 0.55855 0.576171875 0.57226875 0.5654296875 0.57226875 0.53515625
29 0.6060749999999999 0.5048828125 0.599215625 0.466796875 0.60215625 0.4130859375 0.596765625 0.376953125 0.5957859375 0.3408203125 0.584028125 0.322265625 0.5756984375 0.3408203125 0.5712890625 0.376953125 0.5712890625 0.4111328125 0.574228125 0.46484375 0.5707984374999999 0.533203125 0.584028125 0.556640625 0.599215625 0.560546875 0.6099953124999999 0.533203125 0.6060749999999999 0.5048828125
23 0.6310625 0.5478515625 0.6398828125 0.533203125 0.636453125 0.5029296875 0.6300828125 0.470703125 0.6300828125 0.4345703125 0.6300828125 0.3876953125 0.6300828125 0.3623046875 0.620284375 0.3134765625 0.610975 0.3203125 0.612934375 0.353515625 0.612934375 0.3876953125 0.6119546875 0.4287109375 0.606565625 0.46484375 0.6031359375 0.5009765625 0.6055859375 0.5224609375 0.6148953125000001 0.5439453125 0.6310625 0.5478515625
24 0.665359375 0.443359375 0.6609499999999999 0.4052734375 0.6560515625 0.3623046875 0.6536015625 0.322265625 0.6418421875 0.34765625 0.6408625 0.4033203125 0.6398828125 0.4716796875 0.636453125 0.517578125 0.6482109375 0.533203125 0.6599703124999999 0.537109375 0.67075 0.5224609375 0.67075 0.48828125 0.665359375 0.443359375
25 0.7123953125 0.5185546875 0.7217046875 0.486328125 0.718765625 0.447265625 0.71680625 0.4111328125 0.7241546875 0.3623046875 0.725625 0.322265625 0.7123953125 0.302734375 0.697696875 0.3134765625 0.6834890625 0.3515625 0.6834890625 0.3896484375 0.6805484374999999 0.4267578125 0.6683 0.4814453125 0.6756484375 0.515625 0.691328125 0.5244140625 0.6996578125 0.5068359375 0.7123953125 0.5185546875
26 0.7628609375 0.396484375 0.7628609375 0.3642578125 0.766290625 0.32421875 0.7564921874999999 0.302734375 0.7447328125 0.30859375 0.734934375 0.328125 0.7241546875 0.39453125 0.718765625 0.4580078125 0.7212156249999999 0.484375 0.7339546875 0.49609375 0.7584515625 0.484375 0.7653109375 0.470703125 0.7628609375 0.423828125 0.7628609375 0.396484375
28 0.803528125 0.630859375 0.8162671874999999 0.630859375 0.818715625 0.60546875 0.8143062499999999 0.58203125 0.8069578125 0.560546875 0.7981374999999999 0.537109375 0.78931875 0.5224609375 0.7819703125 0.4921875 0.7741296875 0.482421875 0.7520828125000001 0.5029296875 0.7383640625 0.5302734375 0.7403234375000001 0.5595703125 0.7609015625 0.5947265625 0.780009375 0.6181640625 0.803528125 0.630859375
0 0.7751109375 0.6806640625 0.76433125 0.6669921875 0.7515921875 0.6416015625 0.74424375 0.6220703125 0.7520828125000001 0.62109375 0.75943125 0.6416015625 0.764821875 0.6513671875 0.7756000000000001 0.66796875 0.78686875 0.677734375 0.798628125 0.6884765625 0.8079375000000001 0.6884765625 0.8069578125 0.671875 0.803528125 0.65234375 0.7951984375000001 0.6376953125 0.7873593750000001 0.623046875 0.7770703125 0.609375 0.763840625 0.6005859375 0.7560015625000001 0.583984375 0.7471828125 0.5712890625 0.7408140624999999 0.5576171875 0.7359140625 0.5380859375 0.72954375 0.5283203125 0.723665625 0.5322265625 0.7172953125 0.5380859375 0.7133765624999999 0.5517578125 0.718275 0.5634765625 0.711415625 0.5625 0.70700625 0.5546875 0.7040671875 0.5673828125 0.6991671875 0.576171875 0.697696875 0.5859375 0.6937781249999999 0.591796875 0.695246875 0.6044921875 0.702596875 0.6220703125 0.711415625 0.630859375 0.7221953125 0.6416015625 0.7359140625 0.666015625 0.7584515625 0.6962890625 0.7775593749999999 0.7099609375 0.7858890625 0.697265625 0.7751109375 0.6806640625
3 0.6619296875 0.7548828125 0.6712390625 0.7734375 0.6776093750000001 0.7841796875 0.6834890625 0.7919921875 0.691328125 0.78125 0.6932875000000001 0.7646484375 0.691328125 0.7353515625 0.68691875 0.7001953125 0.6834890625 0.6826171875 0.679078125 0.65625 0.6780984375 0.6376953125 0.6761390625 0.6240234375 0.670259375 0.603515625 0.663890625 0.5859375 0.6560515625 0.580078125 0.6398828125 0.5830078125 0.634003125 0.603515625 0.6359625 0.6171875 0.640371875 0.63671875 0.6418421875 0.662109375 0.6491921875 0.6884765625 0.6550703125 0.7177734375 0.6599703124999999 0.7333984375 0.6619296875 0.7548828125
4 0.62714375 0.7666015625 0.62959375 0.7783203125 0.6335124999999999 0.7900390625 0.6374328125 0.8017578125 0.6438015625 0.794921875 0.6447812500000001 0.78125 0.6447812500000001 0.759765625 0.6442921875 0.7421875 0.640371875 0.7109375 0.636453125 0.69140625 0.6344921875 0.671875 0.6335124999999999 0.64453125 0.6335124999999999 0.6259765625 0.6310625 0.60546875 0.626653125 0.5869140625 0.6168546874999999 0.5771484375 0.60460625 0.578125 0.5987265625 0.5947265625 0.5987265625 0.6064453125 0.6026453125 0.625 0.606565625 0.6396484375 0.6080359375 0.6533203125 0.609015625 0.6640625 0.6139140624999999 0.69140625 0.6188140625 0.71484375 0.620284375 0.732421875 0.6232234375 0.7490234375 0.62714375 0.7666015625
5 0.5952968750000001 0.7900390625 0.599215625 0.806640625 0.608525 0.8154296875 0.612934375 0.8095703125 0.612934375 0.78515625 0.611465625 0.759765625 0.6075453125 0.7392578125 0.60460625 0.7197265625 0.603625 0.6875 0.601665625 0.6728515625 0.59970625 0.64453125 0.5987265625 0.615234375 0.59725625 0.58984375 0.5899062500000001 0.580078125 0.579128125 0.5830078125 0.570309375 0.5966796875 0.565409375 0.611328125 0.5683484375 0.6357421875 0.5688390625 0.65625 0.569328125 0.6640625 0.5732484375 0.6884765625 0.5781484375 0.7080078125 0.5810875 0.7255859375 0.584028125 0.748046875 0.5884375000000001 0.767578125 0.5952968750000001 0.7900390625
6 0.5781484375 0.7861328125 0.5796171875 0.7705078125 0.5786374999999999 0.75 0.5776578125 0.724609375 0.57226875 0.7001953125 0.56981875 0.6845703125 0.56345 0.658203125 0.56345 0.6337890625 0.5629593749999999 0.6142578125 0.561 0.5986328125 0.5526703125 0.595703125 0.5453203125 0.595703125 0.5360125 0.5986328125 0.5340515625 0.6083984375 0.5340515625 0.626953125 0.5369921875 0.6513671875 0.5438515625 0.6728515625 0.5467906250000001 0.6962890625 0.551690625 0.7080078125 0.5541406249999999 0.7197265625 0.558059375 0.736328125 0.561 0.748046875 0.5644296875 0.7646484375 0.5688390625 0.78515625 0.5781484375 0.7861328125
7 0.54483125 0.765625 0.544340625 0.7451171875 0.5409109375 0.71484375 0.5365015625 0.6982421875 0.533071875 0.6767578125 0.5335625 0.634765625 0.5316015625 0.6162109375 0.5301328125 0.59375 0.52229375 0.587890625 0.510534375 0.583984375 0.503184375 0.5927734375 0.503184375 0.6123046875 0.5051453125 0.6337890625 0.5071046875 0.6552734375 0.5090640625 0.6669921875 0.5134734375 0.6806640625 0.514453125 0.7021484375 0.5164140625 0.71875 0.5213125 0.7421875 0.5316015625 0.7626953125 0.54483125 0.765625
8 0.47868750000000004 0.73828125 0.48505624999999997 0.7431640625 0.49289531249999996 0.7431640625 0.503184375 0.732421875 0.5051453125 0.716796875 0.5051453125 0.6943359375 0.5026953125 0.6787109375 0.501225 0.6630859375 0.505634375 0.64453125 0.505634375 0.6201171875 0.505634375 0.60546875 0.5080843749999999 0.5849609375 0.498775 0.5849609375 0.48505624999999997 0.5849609375 0.484565625 0.6103515625 0.4767265625 0.609375 0.4767265625 0.62109375 0.4772171875 0.6396484375 0.4762375 0.658203125 0.475746875 0.671875 0.47182812500000004 0.6875 0.470846875 0.7041015625 0.470846875 0.7197265625 0.4723171875 0.732421875 0.47868750000000004 0.73828125
9 0.44683906249999994 0.775390625 0.45271875 0.76171875 0.458109375 0.7470703125 0.46251875 0.7177734375 0.4659484375 0.6904296875 0.4659484375 0.6669921875 0.4737875 0.646484375 0.4747671875 0.6298828125 0.47427656249999994 0.6064453125 0.469378125 0.59765625 0.45908906250000003 0.59765625 0.44782031250000004 0.5927734375 0.4439 0.6171875 0.4453703125 0.6396484375 0.44292031249999997 0.65625 0.4404703125 0.671875 0.4404703125 0.6943359375 0.43753125 0.7314453125 0.4336109375 0.765625 0.4385109375 0.7822265625 0.44683906249999994 0.775390625
10 0.38804531249999996 0.7802734375 0.39294531250000003 0.794921875 0.40274374999999996 0.787109375 0.41156249999999994 0.759765625 0.4174421875 0.7373046875 0.425771875 0.724609375 0.43116093749999995 0.6943359375 0.43165156250000003 0.6650390625 0.43802031250000006 0.642578125 0.4439 0.6318359375 0.44585937500000006 0.603515625 0.4409609375 0.5947265625 0.43165156250000003 0.5810546875 0.42136250000000003 0.5810546875 0.41009375 0.591796875 0.41009375 0.6279296875 0.4056828125 0.658203125 0.40372343749999995 0.6669921875 0.4017640625 0.6806640625 0.39882343750000004 0.697265625 0.39784375 0.712890625 0.39539375 0.734375 0.3919640625 0.75390625 0.38804531249999996 0.7802734375
11 0.3557078125 0.76171875 0.3601171875 0.771484375 0.37138593750000004 0.771484375 0.38020624999999997 0.73828125 0.388534375 0.716796875 0.3919640625 0.6943359375 0.39882343750000004 0.677734375 0.39735468749999997 0.654296875 0.40372343749999995 0.62890625 0.41058281250000006 0.6083984375 0.40764374999999997 0.58984375 0.404703125 0.57421875 0.3919640625 0.57421875 0.3806953125 0.578125 0.375796875 0.6083984375 0.374815625 0.6298828125 0.3738359375 0.658203125 0.37040625 0.685546875 0.3650171875 0.7021484375 0.3645265625 0.7177734375 0.361096875 0.7392578125 0.3557078125 0.76171875
14 0.332190625 0.5654296875 0.31651093750000003 0.5625 0.30867187500000004 0.5947265625 0.30034375 0.6201171875 0.311121875 0.6416015625 0.3258203125 0.626953125 0.33904999999999996 0.603515625 0.34296875 0.580078125 0.332190625 0.5654296875
15 0.24301875 0.6669921875 0.23517812500000002 0.6806640625 0.22782968750000002 0.6953125 0.223909375 0.7001953125 0.22292968750000003 0.708984375 0.22733906250000002 0.7109375 0.2346890625 0.7021484375 0.2439984375 0.6943359375 0.2523265625 0.6865234375 0.26065625 0.6787109375 0.26310625 0.671875 0.2689859375 0.6669921875 0.27339531250000004 0.6572265625 0.2797640625 0.6357421875 0.284175 0.625 0.2920140625 0.61328125 0.29789374999999996 0.6064453125 0.3042625 0.6044921875 0.307203125 0.6005859375 0.3081828125 0.5927734375 0.3101421875 0.5869140625 0.31161249999999996 0.58203125 0.3140625 0.5771484375 0.3150421875 0.5693359375 0.3140625 0.564453125 0.311121875 0.5634765625 0.3081828125 0.552734375 0.3013234375 0.5556640625 0.30034375 0.5478515625 0.2939734375 0.5458984375 0.28907343750000003 0.537109375 0.28123437500000004 0.5234375 0.27535468750000003 0.5234375 0.27192500000000003 0.515625 0.26555625 0.515625 0.26065625 0.5263671875 0.256246875 0.5400390625 0.2518375 0.5537109375 0.2459578125 0.572265625 0.23370937500000002 0.587890625 0.22488906250000001 0.6005859375 0.21558125 0.6142578125 0.208721875 0.6259765625 0.2028421875 0.638671875 0.20088124999999998 0.6533203125 0.1984328125 0.666015625 0.1954921875 0.6796875 0.2003921875 0.685546875 0.20578124999999997 0.69140625 0.20921093750000003 0.69140625 0.21215156249999997 0.6884765625 0.2190109375 0.6826171875 0.2317484375 0.6650390625 0.240078125 0.6474609375 0.25036718750000003 0.634765625 0.2577171875 0.6240234375 0.26065625 0.6171875 0.262615625 0.615234375 0.2645765625 0.6142578125 0.26555625 0.62109375 0.2645765625 0.6279296875 0.262615625 0.630859375 0.25967656250000004 0.634765625 0.2528171875 0.6494140625 0.24301875 0.6669921875
12 0.3194515625 0.783203125 0.332190625 0.763671875 0.34394843750000004 0.716796875 0.3581578125 0.6826171875 0.36648749999999997 0.6357421875 0.3782453125 0.6103515625 0.377265625 0.580078125 0.3645265625 0.5634765625 0.3463984375 0.5673828125 0.3380703125 0.5849609375 0.3370890625 0.626953125 0.332190625 0.6611328125 0.32043125 0.697265625 0.32043125 0.72265625 0.32043125 0.7490234375 0.3194515625 0.783203125
16 0.1729546875 0.59765625 0.167075 0.6181640625 0.1656046875 0.626953125 0.16266562499999998 0.638671875 0.167075 0.638671875 0.17589375000000002 0.6337890625 0.18079375 0.630859375 0.19010312499999998 0.6298828125 0.19647187500000002 0.625 0.2072515625 0.6171875 0.21362031250000002 0.609375 0.21705000000000002 0.60546875 0.222440625 0.5986328125 0.22831875 0.5888671875 0.23664843750000003 0.5732421875 0.24154843750000002 0.5625 0.25036718750000003 0.5478515625 0.25575625 0.5400390625 0.2572265625 0.53515625 0.258696875 0.5263671875 0.261146875 0.5166015625 0.25967656250000004 0.509765625 0.256246875 0.50390625 0.2542875 0.4990234375 0.24889687500000002 0.4951171875 0.24252812499999998 0.490234375 0.237628125 0.4873046875 0.2322390625 0.4853515625 0.22733906250000002 0.484375 0.22440000000000002 0.4765625 0.221459375 0.4677734375 0.21705000000000002 0.4638671875 0.212640625 0.4697265625 0.20921093750000003 0.4775390625 0.20431093749999998 0.48828125 0.2018625 0.5009765625 0.20137187499999998 0.513671875 0.1994125 0.521484375 0.1974515625 0.5263671875 0.1959828125 0.53125 0.1915734375 0.544921875 0.1866734375 0.5576171875 0.1798140625 0.576171875 0.1729546875 0.59765625