31 0.22537968749999998 0.556640625 0.222440625 0.5107421875 0.21362031250000002 0.4921875 0.20088124999999998 0.4921875 0.1920625 0.4990234375 0.181284375 0.509765625 0.17834375 0.533203125 0.1822640625 0.560546875 0.1920625 0.5927734375 0.1994125 0.623046875 0.22195 0.6572265625 0.24154843750000002 0.6884765625 0.23517812500000002 0.630859375 0.2317484375 0.6015625 0.22537968749999998 0.556640625
2 0.276334375 0.50390625 0.2709453125 0.4775390625 0.2523265625 0.484375 0.2439984375 0.4921875 0.22733906250000002 0.4921875 0.22292968750000003 0.5087890625 0.22733906250000002 0.5478515625 0.24154843750000002 0.578125 0.24693749999999998 0.607421875 0.24693749999999998 0.6416015625 0.2533078125 0.669921875 0.26800625 0.6845703125 0.276825 0.6611328125 0.276825 0.623046875 0.2758453125 0.537109375 0.276334375 0.50390625
13 0.3282703125 0.537109375 0.3282703125 0.490234375 0.3258203125 0.4609375 0.3121015625 0.4482421875 0.3013234375 0.4619140625 0.2871140625 0.4580078125 0.274375 0.470703125 0.277315625 0.5068359375 0.286134375 0.5419921875 0.2876046875 0.5888671875 0.29299375 0.630859375 0.29299375 0.65234375 0.3076921875 0.6572265625 0.32092187499999997 0.638671875 0.3282703125 0.603515625 0.3282703125 0.537109375
17 0.363546875 0.5078125 0.3591375 0.4677734375 0.33904999999999996 0.4609375 0.3263109375 0.4716796875 0.32925 0.5205078125 0.333659375 0.560546875 0.333659375 0.607421875 0.33121093749999997 0.64453125 0.34394843750000004 0.673828125 0.35276874999999996 0.646484375 0.357178125 0.5966796875 0.3625671875 0.5625 0.363546875 0.5078125
18 0.3968640625 0.5244140625 0.39735468749999997 0.478515625 0.3860859375 0.4580078125 0.370896875 0.4541015625 0.3625671875 0.4658203125 0.36060781249999996 0.48828125 0.36648749999999997 0.54296875 0.36893750000000003 0.60546875 0.370896875 0.654296875 0.38265625000000003 0.669921875 0.39539375 0.6484375 0.4017640625 0.61328125 0.40274374999999996 0.5693359375 0.3968640625 0.5244140625
19 0.415971875 0.6845703125 0.4243015625 0.6572265625 0.4331203125 0.6015625 0.4341015625 0.5498046875 0.4331203125 0.509765625 0.4360609375 0.4716796875 0.4292015625 0.4453125 0.41058281250000006 0.44140625 0.3944140625 0.4580078125 0.390984375 0.4970703125 0.4017640625 0.5263671875 0.40715312499999995 0.5498046875 0.40715312499999995 0.6201171875 0.4042140625 0.6845703125 0.415971875 0.6845703125
20 0.4737875 0.5263671875 0.4767265625 0.4482421875 0.46006875 0.4453125 0.4404703125 0.4453125 0.4355703125 0.482421875 0.439490625 0.537109375 0.439490625 0.58203125 0.44292031249999997 0.625 0.4546796875 0.6484375 0.4683984375 0.6357421875 0.4747671875 0.6123046875 0.4737875 0.5712890625 0.4737875 0.5263671875
21 0.5110234375 0.537109375 0.5110234375 0.48828125 0.5110234375 0.4541015625 0.5090640625 0.4267578125 0.496325 0.4306640625 0.4762375 0.431640625 0.4728078125 0.462890625 0.47329687500000006 0.4970703125 0.475746875 0.533203125 0.4747671875 0.556640625 0.4747671875 0.599609375 0.48015625 0.6376953125 0.4953453125 0.6416015625 0.5071046875 0.6142578125 0.5110234375 0.580078125 0.5110234375 0.537109375
22 0.544340625 0.560546875 0.54875 0.5263671875 0.5541406249999999 0.4736328125 0.5541406249999999 0.4326171875 0.5389515625 0.4267578125 0.515434375 0.427734375 0.51249375 0.486328125 0.515434375 0.5244140625 0.514453125 0.5625 0.51249375 0.5947265625 0.51249375 0.630859375 0.5208234375 0.6484375 0.5325828125000001 0.6376953125 0.544340625 0.60546875 0.544340625 0.560546875
30 0.5810875 0.5439453125 0.5850078125 0.4990234375 0.576678125 0.462890625 0.5624687500000001 0.443359375 0.5541406249999999 0.470703125 0.5531609375000001 0.4990234375 0.54875 0.5224609375 0.5467906250000001 0.5673828125 0.5507109375 0.5966796875 0.5551203124999999 0.6376953125 0.5595296875 0.66796875 0.57226875 0.66796875 0.5820671875000001 0.6484375 0.584028125 0.6015625 0.5810875 0.5439453125
29 0.6148953125000001 0.548828125 0.620284375 0.4921875 0.620284375 0.4736328125 0.612934375 0.4521484375 0.5938265625 0.4521484375 0.5850078125 0.484375 0.5859875 0.5419921875 0.5859875 0.603515625 0.5859875 0.64453125 0.584028125 0.673828125 0.597746875 0.673828125 0.606565625 0.6337890625 0.612934375 0.580078125 0.6148953125000001 0.548828125
23 0.6506609375 0.490234375 0.638903125 0.46484375 0.618325 0.46875 0.618325 0.513671875 0.618325 0.5478515625 0.62224375 0.578125 0.6256734374999999 0.6123046875 0.629103125 0.64453125 0.6462515625 0.626953125 0.6452718749999999 0.578125 0.6482109375 0.53125 0.6506609375 0.490234375
26 0.730525 0.533203125 0.73199375 0.4990234375 0.7221953125 0.4814453125 0.7030875 0.4775390625 0.6854484375000001 0.478515625 0.6766296875 0.50390625 0.6849578125 0.5458984375 0.6883874999999999 0.5791015625 0.6898578125 0.6484375 0.7050468750000001 0.6806640625 0.718765625 0.673828125 0.7266046875 0.6376953125 0.730525 0.58203125 0.730525 0.533203125
27 0.737384375 0.69140625 0.7491421875000001 0.669921875 0.7599218750000001 0.6357421875 0.7599218750000001 0.6123046875 0.766290625 0.5888671875 0.7726609375 0.5693359375 0.77805 0.5478515625 0.7702109375 0.5185546875 0.7599218750000001 0.5185546875 0.7501218749999999 0.5009765625 0.73444375 0.505859375 0.7290546875 0.53125 0.7339546875 0.572265625 0.7339546875 0.59765625 0.730525 0.6337890625 0.725625 0.673828125 0.737384375 0.69140625
0 0.76923125 0.3603515625 0.7809890625 0.3193359375 0.7746203125 0.2939453125 0.7501218749999999 0.302734375 0.7339546875 0.330078125 0.723175 0.35546875 0.7006375 0.3740234375 0.6923078125 0.400390625 0.6947578125 0.42578125 0.7040671875 0.4287109375 0.7148453124999999 0.4521484375 0.7339546875 0.466796875 0.74179375 0.4580078125 0.7520828125000001 0.4130859375 0.7609015625 0.3896484375 0.76923125 0.3603515625
3 0.64723125 0.3115234375 0.6506609375 0.232421875 0.652621875 0.189453125 0.6398828125 0.212890625 0.625184375 0.2490234375 0.6212640625 0.2958984375 0.6188140625 0.3330078125 0.6163640625 0.3583984375 0.613425 0.3740234375 0.610484375 0.3916015625 0.62224375 0.41796875 0.6452718749999999 0.416015625 0.652621875 0.3876953125 0.6452718749999999 0.3583984375 0.6462515625 0.3408203125 0.64723125 0.3115234375
4 0.6099953124999999 0.345703125 0.6031359375 0.32421875 0.6031359375 0.2880859375 0.606565625 0.2490234375 0.6163640625 0.2109375 0.6148953125000001 0.2041015625 0.611465625 0.2080078125 0.604115625 0.2197265625 0.5957859375 0.236328125 0.5850078125 0.263671875 0.5786374999999999 0.2958984375 0.576678125 0.3408203125 0.5796171875 0.375 0.574228125 0.4072265625 0.5874578125000001 0.4033203125 0.60215625 0.3984375 0.6119546875 0.373046875 0.6099953124999999 0.345703125
5 0.5796171875 0.26171875 0.57226875 0.2255859375 0.5658984375 0.2041015625 0.5521796875 0.2021484375 0.5507109375 0.23046875 0.544340625 0.2685546875 0.5433609374999999 0.2939453125 0.53993125 0.3369140625 0.5389515625 0.376953125 0.5467906250000001 0.396484375 0.5639390625 0.40625 0.579128125 0.39453125 0.5756984375 0.3369140625 0.5756984375 0.3046875 0.5796171875 0.26171875
10 0.43508125 0.2724609375 0.4341015625 0.236328125 0.4341015625 0.193359375 0.42332187499999996 0.1767578125 0.41695312500000004 0.208984375 0.4125421875 0.236328125 0.4164625 0.26953125 0.42136250000000003 0.322265625 0.42332187499999996 0.3515625 0.4243015625 0.3837890625 0.43899999999999995 0.384765625 0.44782031250000004 0.3642578125 0.45222968750000003 0.3388671875 0.4439 0.306640625 0.43508125 0.2724609375
11 0.40519375 0.2578125 0.40519375 0.2197265625 0.39882343750000004 0.1962890625 0.387065625 0.1767578125 0.387065625 0.208984375 0.387065625 0.23828125 0.387065625 0.28125 0.387065625 0.3173828125 0.387065625 0.3515625 0.389025 0.3896484375 0.40764374999999997 0.3955078125 0.42479218750000003 0.376953125 0.42136250000000003 0.3408203125 0.415971875 0.3046875 0.40519375 0.2578125
12 0.377265625 0.28515625 0.370896875 0.2451171875 0.361096875 0.2021484375 0.347378125 0.189453125 0.3493390625 0.23046875 0.3517890625 0.259765625 0.3517890625 0.2900390625 0.35276874999999996 0.322265625 0.3508078125 0.3515625 0.3493390625 0.376953125 0.3557078125 0.3984375 0.37040625 0.4033203125 0.38265625000000003 0.39453125 0.39294531250000003 0.3935546875 0.387065625 0.349609375 0.3806953125 0.322265625 0.377265625 0.28515625
9 0.4439 0.400390625 0.45516875 0.40625 0.46545781249999996 0.4111328125 0.4767265625 0.40625 0.4767265625 0.375 0.4772171875 0.34765625 0.4772171875 0.31640625 0.4772171875 0.2890625 0.4767265625 0.2626953125 0.47819687499999997 0.2353515625 0.475746875 0.2099609375 0.4630078125 0.2255859375 0.45908906250000003 0.2607421875 0.45761874999999996 0.291015625 0.45271875 0.3193359375 0.4517390625 0.3447265625 0.4492890625 0.3681640625 0.4439 0.400390625
8 0.487015625 0.4052734375 0.498775 0.400390625 0.501225 0.3798828125 0.49730468749999995 0.349609375 0.496325 0.31640625 0.4958359375 0.2939453125 0.49730468749999995 0.265625 0.491425 0.2373046875 0.48309687500000004 0.2607421875 0.47868750000000004 0.291015625 0.4772171875 0.3115234375 0.475746875 0.3388671875 0.4728078125 0.380859375 0.4767265625 0.4033203125 0.487015625 0.4052734375
7 0.508575 0.392578125 0.5178828125 0.3935546875 0.5227828125 0.3798828125 0.521803125 0.3505859375 0.5232734375 0.3193359375 0.5227828125 0.296875 0.5213125 0.2734375 0.5203328125 0.2451171875 0.51004375 0.2294921875 0.4977953125 0.2451171875 0.498775 0.2783203125 0.4958359375 0.30859375 0.4997546875 0.337890625 0.498775 0.3623046875 0.498775 0.390625 0.508575 0.392578125
6 0.5257234375000001 0.416015625 0.537971875 0.42578125 0.5433609374999999 0.40625 0.541890625 0.35546875 0.544340625 0.3212890625 0.544340625 0.2958984375 0.54483125 0.2626953125 0.5394421875 0.2294921875 0.529153125 0.2587890625 0.5227828125 0.3046875 0.5227828125 0.3369140625 0.5213125 0.357421875 0.515434375 0.3857421875 0.512984375 0.41015625 0.5257234375000001 0.416015625