31 0.222440625 0.4892578125 0.22537968749999998 0.443359375 0.2317484375 0.3984375 0.23517812500000002 0.369140625 0.24154843750000002 0.3115234375 0.22195 0.3427734375 0.1994125 0.376953125 0.1920625 0.4072265625 0.1822640625 0.439453125 0.17834375 0.466796875 0.181284375 0.490234375 0.1920625 0.5009765625 0.20088124999999998 0.5078125 0.21362031250000002 0.5078125 0.222440625 0.4892578125
2 0.2523265625 0.515625 0.2709453125 0.5224609375 0.276334375 0.49609375 0.2758453125 0.462890625 0.276825 0.376953125 0.276825 0.3388671875 0.26800625 0.3154296875 0.2533078125 0.330078125 0.24693749999999998 0.3583984375 0.24693749999999998 0.392578125 0.24154843750000002 0.421875 0.22733906250000002 0.4521484375 0.22292968750000003 0.4912109375 0.22733906250000002 0.5078125 0.2439984375 0.5078125 0.2523265625 0.515625
13 0.3258203125 0.5390625 0.3282703125 0.509765625 0.3282703125 0.462890625 0.3282703125 0.396484375 0.32092187499999997 0.361328125 0.3076921875 0.3427734375 0.29299375 0.34765625 0.29299375 0.369140625 0.2876046875 0.4111328125 0.286134375 0.4580078125 0.277315625 0.4931640625 0.274375 0.529296875 0.2871140625 0.5419921875 0.3013234375 0.5380859375 0.3121015625 0.5517578125 0.3258203125 0.5390625
17 0.3625671875 0.4375 0.357178125 0.4033203125 0.35276874999999996 0.353515625 0.34394843750000004 0.326171875 0.33121093749999997 0.35546875 0.333659375 0.392578125 0.333659375 0.439453125 0.32925 0.4794921875 0.3263109375 0.5283203125 0.33904999999999996 0.5390625 0.3591375 0.5322265625 0.363546875 0.4921875 0.3625671875 0.4375
18 0.3968640625 0.4755859375 0.40274374999999996 0.4306640625 0.4017640625 0.38671875 0.39539375 0.3515625 0.38265625000000003 0.330078125 0.370896875 0.345703125 0.36893750000000003 0.39453125 0.36648749999999997 0.45703125 0.36060781249999996 0.51171875 0.3625671875 0.5341796875 0.370896875 0.5458984375 0.3860859375 0.5419921875 0.39735468749999997 0.521484375 0.3968640625 0.4755859375
19 0.4243015625 0.3427734375 0.415971875 0.3154296875 0.4042140625 0.3154296875 0.40715312499999995 0.3798828125 0.40715312499999995 0.4501953125 0.4017640625 0.4736328125 0.390984375 0.5029296875 0.3944140625 0.5419921875 0.41058281250000006 0.55859375 0.4292015625 0.5546875 0.4360609375 0.5283203125 0.4331203125 0.490234375 0.4341015625 0.4501953125 0.4331203125 0.3984375 0.4243015625 0.3427734375
20 0.4737875 0.4287109375 0.4747671875 0.3876953125 0.4683984375 0.3642578125 0.4546796875 0.3515625 0.44292031249999997 0.375 0.439490625 0.41796875 0.439490625 0.462890625 0.4355703125 0.517578125 0.4404703125 0.5546875 0.46006875 0.5546875 0.4767265625 0.5517578125 0.4737875 0.4736328125 0.4737875 0.4287109375
21 0.5110234375 0.5458984375 0.5110234375 0.51171875 0.5110234375 0.462890625 0.5110234375 0.419921875 0.5071046875 0.3857421875 0.4953453125 0.3583984375 0.48015625 0.3623046875 0.4747671875 0.400390625 0.4747671875 0.443359375 0.475746875 0.466796875 0.47329687500000006 0.5029296875 0.4728078125 0.537109375 0.4762375 0.568359375 0.496325 0.5693359375 0.5090640625 0.5732421875 0.5110234375 0.5458984375
22 0.54875 0.4736328125 0.544340625 0.439453125 0.544340625 0.39453125 0.5325828125000001 0.3623046875 0.5208234375 0.3515625 0.51249375 0.369140625 0.51249375 0.4052734375 0.514453125 0.4375 0.515434375 0.4755859375 0.51249375 0.513671875 0.515434375 0.572265625 0.5389515625 0.5732421875 0.5541406249999999 0.5673828125 0.5541406249999999 0.5263671875 0.54875 0.4736328125
30 0.5850078125 0.5009765625 0.5810875 0.4560546875 0.584028125 0.3984375 0.5820671875000001 0.3515625 0.57226875 0.33203125 0.5595296875 0.33203125 0.5551203124999999 0.3623046875 0.5507109375 0.4033203125 0.5467906250000001 0.4326171875 0.54875 0.4775390625 0.5531609375000001 0.5009765625 0.5541406249999999 0.529296875 0.5624687500000001 0.556640625 0.576678125 0.537109375 0.5850078125 0.5009765625
29 0.6148953125000001 0.451171875 0.612934375 0.419921875 0.606565625 0.3662109375 0.597746875 0.326171875 0.584028125 0.326171875 0.5859875 0.35546875 0.5859875 0.396484375 0.5859875 0.4580078125 0.5850078125 0.515625 0.5938265625 0.5478515625 0.612934375 0.5478515625 0.620284375 0.5263671875 0.620284375 0.5078125 0.6148953125000001 0.451171875
23 0.6452718749999999 0.421875 0.6462515625 0.373046875 0.629103125 0.35546875 0.6256734374999999 0.3876953125 0.62224375 0.421875 0.618325 0.4521484375 0.618325 0.486328125 0.618325 0.53125 0.638903125 0.53515625 0.6506609375 0.509765625 0.6482109375 0.46875 0.6452718749999999 0.421875
26 0.730525 0.466796875 0.730525 0.41796875 0.7266046875 0.3623046875 0.718765625 0.326171875 0.7050468750000001 0.3193359375 0.6898578125 0.3515625 0.6883874999999999 0.4208984375 0.6849578125 0.4541015625 0.6766296875 0.49609375 0.6854484375000001 0.521484375 0.7030875 0.5224609375 0.7221953125 0.5185546875 0.73199375 0.5009765625 0.730525 0.466796875
27 0.7599218750000001 0.3876953125 0.7599218750000001 0.3642578125 0.7491421875000001 0.330078125 0.737384375 0.30859375 0.725625 0.326171875 0.730525 0.3662109375 0.7339546875 0.40234375 0.7339546875 0.427734375 0.7290546875 0.46875 0.73444375 0.494140625 0.7501218749999999 0.4990234375 0.7599218750000001 0.4814453125 0.7702109375 0.4814453125 0.77805 0.4521484375 0.7726609375 0.4306640625 0.766290625 0.4111328125 0.7599218750000001 0.3876953125
0 0.7746203125 0.7060546875 0.7809890625 0.6806640625 0.76923125 0.6396484375 0.7609015625 0.6103515625 0.7520828125000001 0.5869140625 0.74179375 0.5419921875 0.7339546875 0.533203125 0.7148453124999999 0.5478515625 0.7040671875 0.5712890625 0.6947578125 0.57421875 0.6923078125 0.599609375 0.7006375 0.6259765625 0.723175 0.64453125 0.7339546875 0.669921875 0.7501218749999999 0.697265625 0.7746203125 0.7060546875
3 0.652621875 0.810546875 0.6506609375 0.767578125 0.64723125 0.6884765625 0.6462515625 0.6591796875 0.6452718749999999 0.6416015625 0.652621875 0.6123046875 0.6452718749999999 0.583984375 0.62224375 0.58203125 0.610484375 0.6083984375 0.613425 0.6259765625 0.6163640625 0.6416015625 0.6188140625 0.6669921875 0.6212640625 0.7041015625 0.625184375 0.7509765625 0.6398828125 0.787109375 0.652621875 0.810546875
4 0.6163640625 0.7890625 0.606565625 0.7509765625 0.6031359375 0.7119140625 0.6031359375 0.67578125 0.6099953124999999 0.654296875 0.6119546875 0.626953125 0.60215625 0.6015625 0.5874578125000001 0.5966796875 0.574228125 0.5927734375 0.5796171875 0.625 0.576678125 0.6591796875 0.5786374999999999 0.7041015625 0.5850078125 0.736328125 0.5957859375 0.763671875 0.604115625 0.7802734375 0.611465625 0.7919921875 0.6148953125000001 0.7958984375 0.6163640625 0.7890625
5 0.57226875 0.7744140625 0.5796171875 0.73828125 0.5756984375 0.6953125 0.5756984375 0.6630859375 0.579128125 0.60546875 0.5639390625 0.59375 0.5467906250000001 0.603515625 0.5389515625 0.623046875 0.53993125 0.6630859375 0.5433609374999999 0.7060546875 0.544340625 0.7314453125 0.5507109375 0.76953125 0.5521796875 0.7978515625 0.5658984375 0.7958984375 0.57226875 0.7744140625
10 0.4341015625 0.763671875 0.43508125 0.7275390625 0.4439 0.693359375 0.45222968750000003 0.6611328125 0.44782031250000004 0.6357421875 0.43899999999999995 0.615234375 0.4243015625 0.6162109375 0.42332187499999996 0.6484375 0.42136250000000003 0.677734375 0.4164625 0.73046875 0.4125421875 0.763671875 0.41695312500000004 0.791015625 0.42332187499999996 0.8232421875 0.4341015625 0.806640625 0.4341015625 0.763671875
11 0.40519375 0.7802734375 0.40519375 0.7421875 0.415971875 0.6953125 0.42136250000000003 0.6591796875 0.42479218750000003 0.623046875 0.40764374999999997 0.6044921875 0.389025 0.6103515625 0.387065625 0.6484375 0.387065625 0.6826171875 0.387065625 0.71875 0.387065625 0.76171875 0.387065625 0.791015625 0.387065625 0.8232421875 0.39882343750000004 0.8037109375 0.40519375 0.7802734375
12 0.347378125 0.810546875 0.361096875 0.7978515625 0.370896875 0.7548828125 0.377265625 0.71484375 0.3806953125 0.677734375 0.387065625 0.650390625 0.39294531250000003 0.6064453125 0.38265625000000003 0.60546875 0.37040625 0.5966796875 0.3557078125 0.6015625 0.3493390625 0.623046875 0.3508078125 0.6484375 0.35276874999999996 0.677734375 0.3517890625 0.7099609375 0.3517890625 0.740234375 0.3493390625 0.76953125 0.347378125 0.810546875
9 0.4767265625 0.625 0.4767265625 0.59375 0.46545781249999996 0.5888671875 0.45516875 0.59375 0.4439 0.599609375 0.4492890625 0.6318359375 0.4517390625 0.6552734375 0.45271875 0.6806640625 0.45761874999999996 0.708984375 0.45908906250000003 0.7392578125 0.4630078125 0.7744140625 0.475746875 0.7900390625 0.47819687499999997 0.7646484375 0.4767265625 0.7373046875 0.4772171875 0.7109375 0.4772171875 0.68359375 0.4772171875 0.65234375 0.4767265625 0.625
8 0.498775 0.599609375 0.487015625 0.5947265625 0.4767265625 0.5966796875 0.4728078125 0.619140625 0.475746875 0.6611328125 0.4772171875 0.6884765625 0.47868750000000004 0.708984375 0.48309687500000004 0.7392578125 0.491425 0.7626953125 0.49730468749999995 0.734375 0.4958359375 0.7060546875 0.496325 0.68359375 0.49730468749999995 0.650390625 0.501225 0.6201171875 0.498775 0.599609375
7 0.5227828125 0.6201171875 0.5178828125 0.6064453125 0.508575 0.607421875 0.498775 0.609375 0.498775 0.6376953125 0.4997546875 0.662109375 0.4958359375 0.69140625 0.498775 0.7216796875 0.4977953125 0.7548828125 0.51004375 0.7705078125 0.5203328125 0.7548828125 0.5213125 0.7265625 0.5227828125 0.703125 0.5232734375 0.6806640625 0.521803125 0.6494140625 0.5227828125 0.6201171875
6 0.537971875 0.57421875 0.5257234375000001 0.583984375 0.512984375 0.58984375 0.515434375 0.6142578125 0.5213125 0.642578125 0.5227828125 0.6630859375 0.5227828125 0.6953125 0.529153125 0.7412109375 0.5394421875 0.7705078125 0.54483125 0.7373046875 0.544340625 0.7041015625 0.544340625 0.6787109375 0.541890625 0.64453125 0.5433609374999999 0.59375 0.537971875 0.57421875