31 0.743753125 0.35546875 0.7501218749999999 0.3837890625 0.76188125 0.3876953125 0.7726609375 0.3642578125 0.7756000000000001 0.3427734375 0.757471875 0.3046875 0.7329734375 0.2900390625 0.7123953125 0.27734375 0.7123953125 0.3046875 0.72954375 0.33203125 0.743753125 0.35546875
2 0.6996578125 0.3515625 0.7016171875 0.3857421875 0.7060265625000001 0.4091796875 0.718765625 0.4326171875 0.72954375 0.4345703125 0.7432624999999999 0.42578125 0.7466921875 0.4033203125 0.7481625000000001 0.3740234375 0.7413031250000001 0.353515625 0.7285640625 0.3369140625 0.7158249999999999 0.3173828125 0.7050468750000001 0.2880859375 0.6942671875 0.2919921875 0.6942671875 0.3154296875 0.6996578125 0.3515625
13 0.6643796875 0.3896484375 0.667809375 0.416015625 0.667809375 0.4541015625 0.67075 0.48828125 0.680059375 0.5 0.695246875 0.4921875 0.70945625 0.486328125 0.7192546875 0.45703125 0.7172953125 0.4345703125 0.7060265625000001 0.400390625 0.695246875 0.3623046875 0.6898578125 0.328125 0.6859375 0.3046875 0.6741796875 0.306640625 0.665359375 0.330078125 0.6643796875 0.3583984375 0.6643796875 0.3896484375
17 0.6335124999999999 0.419921875 0.6300828125 0.443359375 0.6354734375 0.4833984375 0.6418421875 0.4990234375 0.652621875 0.5009765625 0.665359375 0.486328125 0.667809375 0.4521484375 0.658990625 0.421875 0.6482109375 0.369140625 0.6506609375 0.330078125 0.6335124999999999 0.32421875 0.63204375 0.35546875 0.6335124999999999 0.3896484375 0.6335124999999999 0.419921875
18 0.6075453125 0.421875 0.5952968750000001 0.4638671875 0.599215625 0.51171875 0.608525 0.537109375 0.631553125 0.541015625 0.642821875 0.509765625 0.6310625 0.46484375 0.629103125 0.4345703125 0.629103125 0.4130859375 0.629103125 0.3857421875 0.629103125 0.3642578125 0.6281234375 0.33203125 0.6148953125000001 0.3349609375 0.606565625 0.35546875 0.60460625 0.3837890625 0.6075453125 0.421875
19 0.574228125 0.421875 0.574228125 0.46875 0.574228125 0.51171875 0.5776578125 0.5498046875 0.592846875 0.55859375 0.6055859375 0.5419921875 0.6075453125 0.5078125 0.60460625 0.4736328125 0.60215625 0.4345703125 0.60215625 0.4033203125 0.597746875 0.369140625 0.596765625 0.345703125 0.5913765625 0.328125 0.5786374999999999 0.3515625 0.5786374999999999 0.3896484375 0.574228125 0.421875
20 0.54238125 0.447265625 0.5467906250000001 0.490234375 0.54973125 0.537109375 0.5570796875 0.55859375 0.570309375 0.55859375 0.57716875 0.51953125 0.5712890625 0.4677734375 0.5688390625 0.41796875 0.570309375 0.3857421875 0.5624687500000001 0.3623046875 0.5561 0.3369140625 0.54238125 0.3896484375 0.54238125 0.447265625
21 0.5046546875 0.4521484375 0.5046546875 0.5048828125 0.506125 0.5478515625 0.5134734375 0.580078125 0.528171875 0.580078125 0.5507109375 0.5693359375 0.5507109375 0.537109375 0.5389515625 0.4970703125 0.5369921875 0.4521484375 0.528171875 0.4033203125 0.5252328125 0.3798828125 0.5252328125 0.35546875 0.5110234375 0.3623046875 0.5046546875 0.4052734375 0.5046546875 0.4521484375
22 0.4674171875 0.5185546875 0.46643749999999995 0.5546875 0.47819687499999997 0.5888671875 0.496325 0.58203125 0.508575 0.5732421875 0.503675 0.515625 0.5002453124999999 0.48828125 0.498775 0.455078125 0.49387499999999995 0.421875 0.491915625 0.3876953125 0.4791765625 0.3583984375 0.47819687499999997 0.400390625 0.4728078125 0.4326171875 0.4728078125 0.4775390625 0.4674171875 0.5185546875
30 0.4355703125 0.513671875 0.4355703125 0.5625 0.44634999999999997 0.5673828125 0.469378125 0.5625 0.469378125 0.5263671875 0.46496875 0.486328125 0.46496875 0.4580078125 0.46496875 0.416015625 0.45761874999999996 0.3857421875 0.45125000000000004 0.3642578125 0.44782031250000004 0.3876953125 0.439490625 0.4306640625 0.439490625 0.4794921875 0.4355703125 0.513671875
29 0.403234375 0.4580078125 0.39882343750000004 0.5078125 0.39784375 0.5439453125 0.40715312499999995 0.5673828125 0.42773125 0.5693359375 0.43508125 0.5263671875 0.429690625 0.4990234375 0.429690625 0.4580078125 0.425771875 0.4267578125 0.42675156249999996 0.3857421875 0.4331203125 0.3515625 0.4243015625 0.330078125 0.41058281250000006 0.330078125 0.40715312499999995 0.37109375 0.4042140625 0.4091796875 0.403234375 0.4580078125
23 0.37530625 0.4287109375 0.370896875 0.4990234375 0.36795625 0.537109375 0.381675 0.5546875 0.39784375 0.5546875 0.4086234375 0.53515625 0.414503125 0.50390625 0.4125421875 0.4716796875 0.402253125 0.4306640625 0.402253125 0.3984375 0.3968640625 0.369140625 0.3944140625 0.34765625 0.38510468750000004 0.37109375 0.3782453125 0.3896484375 0.37530625 0.4287109375
24 0.3463984375 0.4921875 0.34296875 0.5263671875 0.3508078125 0.5478515625 0.36550781250000003 0.5380859375 0.374815625 0.5068359375 0.3718765625 0.46484375 0.3718765625 0.4306640625 0.373346875 0.4052734375 0.36893750000000003 0.3662109375 0.3561984375 0.375 0.34835937499999997 0.416015625 0.34296875 0.4521484375 0.3463984375 0.4921875
25 0.33464062499999997 0.3369140625 0.33121093749999997 0.3115234375 0.3194515625 0.330078125 0.3150421875 0.369140625 0.3101421875 0.4091796875 0.30034375 0.4453125 0.29495312500000004 0.4794921875 0.2988734375 0.5126953125 0.3101421875 0.5224609375 0.33121093749999997 0.53515625 0.34296875 0.5205078125 0.3463984375 0.490234375 0.341009375 0.462890625 0.3400296875 0.4306640625 0.3400296875 0.396484375 0.33464062499999997 0.3642578125 0.33464062499999997 0.3369140625
26 0.28319375 0.376953125 0.26800625 0.4072265625 0.258696875 0.4287109375 0.2552671875 0.4560546875 0.26800625 0.462890625 0.28319375 0.4892578125 0.29544375 0.478515625 0.3008328125 0.4404296875 0.3076921875 0.39453125 0.3076921875 0.3642578125 0.31161249999999996 0.330078125 0.3013234375 0.3115234375 0.29299375 0.349609375 0.28319375 0.376953125
27 0.2508578125 0.3193359375 0.23664843750000003 0.333984375 0.23370937500000002 0.376953125 0.23517812500000002 0.3994140625 0.2508578125 0.4140625 0.2552671875 0.4345703125 0.274375 0.392578125 0.2915234375 0.3515625 0.2959328125 0.3115234375 0.292503125 0.2763671875 0.279275 0.2705078125 0.26800625 0.3046875 0.2508578125 0.3193359375
28 0.20088124999999998 0.630859375 0.212640625 0.650390625 0.2297890625 0.654296875 0.23811875 0.626953125 0.2479171875 0.603515625 0.26555625 0.5380859375 0.26310625 0.5029296875 0.24742812500000003 0.486328125 0.22537968749999998 0.47265625 0.2111703125 0.5263671875 0.20823125 0.5693359375 0.20088124999999998 0.60546875 0.20088124999999998 0.630859375
0 0.26506562499999997 0.533203125 0.2572265625 0.55859375 0.2508578125 0.5966796875 0.2435078125 0.62890625 0.236159375 0.6650390625 0.249878125 0.67578125 0.262615625 0.6611328125 0.276825 0.6416015625 0.29054375 0.6220703125 0.3121015625 0.591796875 0.32043125 0.552734375 0.3121015625 0.529296875 0.29495312500000004 0.51171875 0.2822140625 0.4990234375 0.27045625 0.515625 0.26506562499999997 0.533203125
4 0.41058281250000006 0.673828125 0.42136250000000003 0.6357421875 0.42234218749999997 0.603515625 0.402253125 0.5859375 0.388534375 0.5947265625 0.38510468750000004 0.6181640625 0.381675 0.66796875 0.381675 0.7255859375 0.381675 0.7744140625 0.3968640625 0.759765625 0.402253125 0.71875 0.41058281250000006 0.673828125
5 0.42038281250000004 0.6650390625 0.4125421875 0.7119140625 0.40715312499999995 0.744140625 0.40519375 0.767578125 0.4179328125 0.7763671875 0.43116093749999995 0.76171875 0.4385109375 0.7333984375 0.44585937500000006 0.69921875 0.44683906249999994 0.67578125 0.45075937499999996 0.64453125 0.45026875000000005 0.6005859375 0.4360609375 0.5966796875 0.42038281250000004 0.60546875 0.42038281250000004 0.626953125 0.42038281250000004 0.6650390625
6 0.45565937500000003 0.6826171875 0.45565937500000003 0.7080078125 0.45565937500000003 0.7333984375 0.4674171875 0.7509765625 0.4791765625 0.71875 0.48015625 0.6865234375 0.48113593750000005 0.6630859375 0.48113593750000005 0.623046875 0.4772171875 0.6015625 0.45271875 0.6005859375 0.45222968750000003 0.6279296875 0.45565937500000003 0.654296875 0.45565937500000003 0.6826171875
7 0.506125 0.7490234375 0.5046546875 0.7119140625 0.5046546875 0.673828125 0.5080843749999999 0.6416015625 0.498284375 0.6123046875 0.4821171875 0.6123046875 0.4835859375 0.6376953125 0.485546875 0.6630859375 0.48995625 0.697265625 0.49093593750000003 0.744140625 0.49926562499999994 0.7724609375 0.506125 0.7490234375
8 0.5178828125 0.7060546875 0.521803125 0.740234375 0.5360125 0.7529296875 0.5360125 0.72265625 0.5296421875 0.677734375 0.5296421875 0.6484375 0.530621875 0.60546875 0.514453125 0.60546875 0.501715625 0.6123046875 0.5046546875 0.64453125 0.51249375 0.677734375 0.5178828125 0.7060546875
9 0.54875 0.740234375 0.55855 0.763671875 0.5688390625 0.759765625 0.570309375 0.7275390625 0.5658984375 0.697265625 0.5614890625 0.669921875 0.5551203124999999 0.64453125 0.5531609375000001 0.6162109375 0.53993125 0.5908203125 0.5296421875 0.60546875 0.5325828125000001 0.6396484375 0.5335625 0.67578125 0.5389515625 0.7119140625 0.54875 0.740234375
10 0.56491875 0.669921875 0.57226875 0.7041015625 0.584028125 0.7421875 0.59480625 0.74609375 0.606565625 0.7529296875 0.6099953124999999 0.736328125 0.6031359375 0.716796875 0.6001953125 0.6953125 0.597746875 0.67578125 0.5938265625 0.65234375 0.5884375000000001 0.6337890625 0.5884375000000001 0.60546875 0.5786374999999999 0.5888671875 0.5614890625 0.5888671875 0.5570796875 0.6142578125 0.561 0.6435546875 0.56491875 0.669921875
11 0.6099953124999999 0.693359375 0.6193046875 0.716796875 0.6217546875 0.740234375 0.6217546875 0.76953125 0.636453125 0.7763671875 0.642821875 0.7548828125 0.638903125 0.716796875 0.6281234375 0.6826171875 0.6246937499999999 0.646484375 0.6246937499999999 0.6162109375 0.6237140625 0.583984375 0.6148953125000001 0.580078125 0.6001953125 0.58203125 0.5874578125000001 0.599609375 0.5894171874999999 0.626953125 0.599215625 0.6474609375 0.6050953125 0.669921875 0.6099953124999999 0.693359375
12 0.6418421875 0.66796875 0.64723125 0.697265625 0.652621875 0.7255859375 0.67075 0.7421875 0.6687890624999999 0.716796875 0.665359375 0.69140625 0.6599703124999999 0.6591796875 0.6580109375000001 0.6337890625 0.6560515625 0.603515625 0.6560515625 0.583984375 0.652621875 0.5654296875 0.6256734374999999 0.5537109375 0.618325 0.5830078125 0.6310625 0.623046875 0.636453125 0.646484375 0.6418421875 0.66796875
14 0.7177859375 0.609375 0.7158249999999999 0.5986328125 0.71435625 0.5859375 0.71190625 0.5703125 0.708965625 0.5517578125 0.7055359375 0.5380859375 0.7016171875 0.529296875 0.6967171875 0.5244140625 0.691328125 0.5234375 0.68691875 0.5263671875 0.68201875 0.529296875 0.6766296875 0.5361328125 0.6722187500000001 0.544921875 0.6687890624999999 0.552734375 0.6648703125 0.5458984375 0.65458125 0.5537109375 0.65458125 0.5673828125 0.6575203125 0.5830078125 0.6585 0.5986328125 0.66585 0.607421875 0.6697703125000001 0.6162109375 0.675159375 0.623046875 0.6829984375 0.6357421875 0.6918171875 0.6513671875 0.6991671875 0.6630859375 0.70700625 0.671875 0.7109265625 0.6806640625 0.7158249999999999 0.69140625 0.7217046875 0.689453125 0.7217046875 0.68359375 0.718275 0.673828125 0.7148453124999999 0.6669921875 0.708965625 0.65234375 0.70455625 0.646484375 0.6991671875 0.638671875 0.6962265624999999 0.6318359375 0.6957375 0.62109375 0.6957375 0.6123046875 0.70210625 0.6171875 0.708965625 0.6279296875 0.7138656250000001 0.634765625 0.71680625 0.6484375 0.7221953125 0.658203125 0.7246453125000001 0.66796875 0.7290546875 0.6748046875 0.73199375 0.6669921875 0.730525 0.6591796875 0.728075 0.646484375 0.725134375 0.6328125 0.7197453125 0.6162109375 0.7177859375 0.609375
15 0.7520828125000001 0.4775390625 0.7471828125 0.466796875 0.7403234375000001 0.4609375 0.7354234374999999 0.4638671875 0.728075 0.4619140625 0.7217046875 0.470703125 0.718275 0.4814453125 0.7133765624999999 0.4912109375 0.708965625 0.5 0.7060265625000001 0.513671875 0.70455625 0.5244140625 0.70455625 0.533203125 0.70700625 0.54296875 0.7123953125 0.552734375 0.71680625 0.560546875 0.7226843749999999 0.5673828125 0.7285640625 0.5712890625 0.7339546875 0.58203125 0.737384375 0.591796875 0.7452234375 0.599609375 0.7515921875 0.607421875 0.757471875 0.6083984375 0.7628609375 0.6083984375 0.7687406250000001 0.6083984375 0.7609015625 0.5966796875 0.755021875 0.5869140625 0.7506125 0.57421875 0.7452234375 0.560546875 0.737384375 0.5458984375 0.734934375 0.5380859375 0.738853125 0.53125 0.7427734375 0.5244140625 0.7466921875 0.53515625 0.7530625 0.5498046875 0.7589421875 0.5576171875 0.7653109375 0.560546875 0.7706999999999999 0.5625 0.7765796875000001 0.5576171875 0.7741296875 0.5498046875 0.7687406250000001 0.541015625 0.76433125 0.53125 0.7589421875 0.51171875 0.7560015625000001 0.4892578125 0.7520828125000001 0.4775390625