31 0.24693749999999998 0.48828125 0.2542875 0.455078125 0.25820625 0.4248046875 0.25820625 0.3818359375 0.2601671875 0.337890625 0.25134687499999997 0.3134765625 0.23811875 0.35546875 0.223909375 0.388671875 0.21949999999999997 0.4033203125 0.2097015625 0.42578125 0.20627187500000002 0.44921875 0.21509062499999998 0.4658203125 0.22292968750000003 0.4814453125 0.23076875000000002 0.4931640625 0.24693749999999998 0.48828125
2 0.25575625 0.4912109375 0.261146875 0.5068359375 0.2714359375 0.4970703125 0.281725 0.5185546875 0.2964234375 0.5107421875 0.3032828125 0.4921875 0.3018125 0.466796875 0.2988734375 0.4453125 0.3008328125 0.408203125 0.29544375 0.3623046875 0.29005312499999997 0.333984375 0.278784375 0.3291015625 0.269965625 0.341796875 0.2689859375 0.3662109375 0.2645765625 0.3837890625 0.2645765625 0.4052734375 0.262615625 0.4248046875 0.261146875 0.4423828125 0.2533078125 0.4658203125 0.25575625 0.4912109375
13 0.3557078125 0.517578125 0.361096875 0.4892578125 0.35031875 0.45703125 0.3424796875 0.427734375 0.33464062499999997 0.3876953125 0.3238609375 0.3623046875 0.3140625 0.3623046875 0.30867187500000004 0.3837890625 0.30867187500000004 0.416015625 0.30867187500000004 0.4453125 0.3042625 0.470703125 0.3042625 0.4892578125 0.306221875 0.5146484375 0.3145515625 0.5322265625 0.341009375 0.5361328125 0.3557078125 0.517578125
17 0.35766718750000004 0.5341796875 0.370896875 0.541015625 0.3811859375 0.5341796875 0.3919640625 0.521484375 0.395884375 0.49609375 0.39294531250000003 0.4609375 0.3900046875 0.42578125 0.3855953125 0.4013671875 0.384615625 0.3798828125 0.375796875 0.357421875 0.36648749999999997 0.3662109375 0.363546875 0.3798828125 0.362078125 0.4033203125 0.362078125 0.4248046875 0.361096875 0.44921875 0.361096875 0.4775390625 0.354728125 0.5068359375 0.35766718750000004 0.5341796875
18 0.41940156249999994 0.5498046875 0.42822187500000003 0.5283203125 0.42822187500000003 0.498046875 0.4218515625 0.4755859375 0.42136250000000003 0.4345703125 0.4174421875 0.39453125 0.41695312500000004 0.33984375 0.40715312499999995 0.3271484375 0.39882343750000004 0.3505859375 0.3944140625 0.37890625 0.3944140625 0.4189453125 0.39294531250000003 0.4521484375 0.39294531250000003 0.4716796875 0.389515625 0.4912109375 0.3855953125 0.5283203125 0.39294531250000003 0.5478515625 0.40519375 0.5654296875 0.41940156249999994 0.5498046875
20 0.464478125 0.5478515625 0.46251875 0.505859375 0.4610484375 0.470703125 0.46643749999999995 0.4404296875 0.4679078125 0.416015625 0.4679078125 0.3876953125 0.46202812499999996 0.3662109375 0.45125000000000004 0.35546875 0.44782031250000004 0.3798828125 0.44782031250000004 0.4169921875 0.4448796875 0.4423828125 0.44145 0.4736328125 0.42822187500000003 0.5087890625 0.4292015625 0.5390625 0.43802031250000006 0.552734375 0.4546796875 0.552734375 0.464478125 0.5478515625
21 0.505634375 0.5625 0.5041640625 0.517578125 0.5007343750000001 0.4892578125 0.5007343750000001 0.451171875 0.49730468749999995 0.3857421875 0.485546875 0.353515625 0.4767265625 0.37890625 0.4723171875 0.4404296875 0.47182812500000004 0.4580078125 0.47035781249999997 0.490234375 0.4630078125 0.53515625 0.466928125 0.568359375 0.48113593750000005 0.576171875 0.49436562500000003 0.572265625 0.505634375 0.5625
22 0.5477703125 0.537109375 0.5467906250000001 0.5 0.54238125 0.46875 0.5389515625 0.4208984375 0.5389515625 0.375 0.5325828125000001 0.3515625 0.51494375 0.3486328125 0.51494375 0.3994140625 0.5139640625 0.4521484375 0.512984375 0.4912109375 0.5080843749999999 0.5146484375 0.5080843749999999 0.5458984375 0.5071046875 0.572265625 0.5193531250000001 0.57421875 0.5271921875000001 0.57421875 0.54483125 0.5673828125 0.5477703125 0.537109375
30 0.5820671875000001 0.517578125 0.576678125 0.4892578125 0.571778125 0.4560546875 0.571778125 0.4189453125 0.571778125 0.396484375 0.56981875 0.3681640625 0.5619796874999999 0.37109375 0.5590390625 0.392578125 0.55365 0.4208984375 0.5546296875000001 0.4541015625 0.5546296875000001 0.4794921875 0.5467906250000001 0.521484375 0.555609375 0.5517578125 0.5663890625 0.5546875 0.5796171875 0.537109375 0.5820671875000001 0.517578125
23 0.6193046875 0.5087890625 0.6168546874999999 0.4892578125 0.6139140624999999 0.46484375 0.613425 0.4423828125 0.613425 0.412109375 0.6124453125 0.3701171875 0.604115625 0.3310546875 0.5884375000000001 0.3310546875 0.5884375000000001 0.373046875 0.5884375000000001 0.4384765625 0.5884375000000001 0.466796875 0.584028125 0.4931640625 0.5820671875000001 0.521484375 0.592846875 0.537109375 0.604115625 0.5517578125 0.611465625 0.53515625 0.6193046875 0.5087890625
24 0.637921875 0.3330078125 0.62714375 0.3291015625 0.6227343750000001 0.3662109375 0.6207734375 0.4072265625 0.6193046875 0.451171875 0.6148953125000001 0.505859375 0.6256734374999999 0.51953125 0.637921875 0.5244140625 0.64968125 0.5146484375 0.6511515625000001 0.498046875 0.6398828125 0.4111328125 0.640371875 0.375 0.637921875 0.3330078125
25 0.6918171875 0.451171875 0.6918171875 0.4189453125 0.6918171875 0.3798828125 0.6849578125 0.3515625 0.6697703125000001 0.3466796875 0.666340625 0.3642578125 0.6619296875 0.396484375 0.6585 0.431640625 0.647721875 0.4609375 0.64723125 0.486328125 0.651640625 0.505859375 0.663890625 0.5166015625 0.6903484375 0.5107421875 0.6947578125 0.4892578125 0.6918171875 0.451171875
26 0.7398328125 0.466796875 0.7339546875 0.443359375 0.7290546875 0.4052734375 0.7324843750000001 0.373046875 0.73199375 0.341796875 0.72954375 0.30078125 0.71435625 0.2978515625 0.7040671875 0.34765625 0.702596875 0.3984375 0.6962265624999999 0.4423828125 0.6947578125 0.46484375 0.6981875 0.4921875 0.7060265625000001 0.501953125 0.7192546875 0.501953125 0.727584375 0.4951171875 0.738853125 0.4892578125 0.7398328125 0.466796875
27 0.7413031250000001 0.3203125 0.7413031250000001 0.3427734375 0.7452234375 0.37890625 0.7432624999999999 0.4033203125 0.7432624999999999 0.4228515625 0.7398328125 0.4384765625 0.7398328125 0.4560546875 0.7408140624999999 0.4716796875 0.7496328125 0.48828125 0.7584515625 0.486328125 0.7741296875 0.4609375 0.7805 0.4453125 0.7760906249999999 0.4169921875 0.76433125 0.3994140625 0.763840625 0.3701171875 0.7599218750000001 0.3291015625 0.7486531249999999 0.306640625 0.7413031250000001 0.3203125
28 0.7805 0.630859375 0.7981374999999999 0.630859375 0.803528125 0.61328125 0.812346875 0.5869140625 0.8089171875 0.5615234375 0.78686875 0.541015625 0.7687406250000001 0.5322265625 0.7427734375 0.5283203125 0.7398328125 0.5546875 0.7457125 0.5849609375 0.7398328125 0.611328125 0.7432624999999999 0.6357421875 0.755021875 0.6357421875 0.7672703125 0.62890625 0.7805 0.630859375
0 0.728075 0.6943359375 0.7221953125 0.6728515625 0.71680625 0.6533203125 0.7226843749999999 0.6357421875 0.7310140625 0.6611328125 0.7354234374999999 0.6904296875 0.738853125 0.716796875 0.74424375 0.69921875 0.74424375 0.6708984375 0.7408140624999999 0.6337890625 0.7408140624999999 0.609375 0.7422828124999999 0.58984375 0.7422828124999999 0.5693359375 0.73444375 0.5478515625 0.7246453125000001 0.5439453125 0.7202359375 0.5654296875 0.711415625 0.5615234375 0.6923078125 0.55078125 0.6883874999999999 0.57421875 0.695246875 0.607421875 0.6962265624999999 0.625 0.700146875 0.646484375 0.70700625 0.669921875 0.7158249999999999 0.6904296875 0.7202359375 0.70703125 0.730034375 0.7138671875 0.728075 0.6943359375
1 0.6550703125 0.6455078125 0.656540625 0.6611328125 0.6585 0.677734375 0.6619296875 0.6953125 0.6673203125 0.71484375 0.6727093749999999 0.734375 0.680059375 0.7373046875 0.68446875 0.732421875 0.6829984375 0.7177734375 0.6780984375 0.701171875 0.6741796875 0.6865234375 0.6741796875 0.6669921875 0.6785890625000001 0.6552734375 0.6874078124999999 0.662109375 0.6908375 0.6591796875 0.6957375 0.6845703125 0.7035765625 0.712890625 0.708965625 0.7275390625 0.7148453124999999 0.7216796875 0.7158249999999999 0.7138671875 0.7104359375 0.6953125 0.7060265625000001 0.6767578125 0.6991671875 0.6533203125 0.6957375 0.63671875 0.6932875000000001 0.61328125 0.691328125 0.595703125 0.688878125 0.576171875 0.6785890625000001 0.5703125 0.6673203125 0.5712890625 0.656540625 0.5791015625 0.654090625 0.580078125 0.64968125 0.58203125 0.6447812500000001 0.587890625 0.6462515625 0.59375 0.6447812500000001 0.6064453125 0.6467421875 0.619140625 0.64968125 0.6318359375 0.6550703125 0.6455078125
3 0.6423328125000001 0.7529296875 0.6487015625 0.767578125 0.661440625 0.7529296875 0.6560515625 0.7314453125 0.6506609375 0.7099609375 0.6487015625 0.697265625 0.6457625 0.666015625 0.6447812500000001 0.6376953125 0.6462515625 0.62109375 0.6467421875 0.6015625 0.642821875 0.58984375 0.6369421875 0.5830078125 0.6286140625 0.5830078125 0.6178343749999999 0.58984375 0.6099953124999999 0.5986328125 0.6095046875000001 0.623046875 0.618325 0.640625 0.620284375 0.654296875 0.62224375 0.6689453125 0.6237140625 0.681640625 0.6286140625 0.7001953125 0.6310625 0.7236328125 0.6335124999999999 0.7392578125 0.6423328125000001 0.7529296875
4 0.608525 0.7568359375 0.6139140624999999 0.7734375 0.6188140625 0.771484375 0.6207734375 0.7587890625 0.6178343749999999 0.7333984375 0.6163640625 0.7060546875 0.615384375 0.6953125 0.6148953125000001 0.681640625 0.6139140624999999 0.662109375 0.6139140624999999 0.6455078125 0.615384375 0.630859375 0.6119546875 0.6025390625 0.60215625 0.595703125 0.5938265625 0.60546875 0.5850078125 0.6123046875 0.584028125 0.626953125 0.5850078125 0.64453125 0.585496875 0.6494140625 0.5874578125000001 0.65625 0.5913765625 0.673828125 0.596765625 0.701171875 0.6006859375 0.7216796875 0.6055859375 0.7431640625 0.608525 0.7568359375
5 0.569328125 0.734375 0.5727578125 0.75390625 0.5776578125 0.7822265625 0.583046875 0.80078125 0.5908875 0.8056640625 0.59725625 0.7861328125 0.59480625 0.751953125 0.59480625 0.7255859375 0.587946875 0.693359375 0.5850078125 0.6728515625 0.581578125 0.6484375 0.5810875 0.6259765625 0.5732484375 0.61328125 0.565409375 0.61328125 0.5570796875 0.62109375 0.5511999999999999 0.6337890625 0.5511999999999999 0.6474609375 0.55365 0.666015625 0.5570796875 0.6796875 0.560509375 0.6923828125 0.5629593749999999 0.70703125 0.5663890625 0.72265625 0.569328125 0.734375
6 0.53993125 0.75390625 0.5477703125 0.775390625 0.558059375 0.7802734375 0.558059375 0.763671875 0.5541406249999999 0.7294921875 0.5521796875 0.7099609375 0.54875 0.689453125 0.54973125 0.66796875 0.5511999999999999 0.6376953125 0.549240625 0.611328125 0.5414015625 0.59765625 0.5320921875 0.599609375 0.5213125 0.6044921875 0.5208234375 0.615234375 0.5208234375 0.6279296875 0.5232734375 0.6494140625 0.5276828124999999 0.6748046875 0.5320921875 0.701171875 0.5369921875 0.724609375 0.53993125 0.75390625
7 0.5164140625 0.744140625 0.5198437499999999 0.75390625 0.529153125 0.75390625 0.5257234375000001 0.7353515625 0.5252328125 0.720703125 0.524253125 0.69921875 0.5252328125 0.6787109375 0.5252328125 0.6513671875 0.5252328125 0.634765625 0.5203328125 0.6259765625 0.510534375 0.6279296875 0.5051453125 0.6328125 0.5041640625 0.6435546875 0.503184375 0.6611328125 0.5051453125 0.6875 0.5071046875 0.70703125 0.5115140625000001 0.7275390625 0.5164140625 0.744140625
8 0.48162656249999997 0.7197265625 0.48309687500000004 0.7373046875 0.485546875 0.7568359375 0.48652656250000004 0.765625 0.49240625 0.7607421875 0.4933859375 0.7470703125 0.4958359375 0.73046875 0.49926562499999994 0.70703125 0.5022046875 0.685546875 0.5022046875 0.654296875 0.5071046875 0.630859375 0.5090640625 0.6064453125 0.5026953125 0.603515625 0.49093593750000003 0.6025390625 0.48407656250000003 0.603515625 0.48309687500000004 0.6162109375 0.48309687500000004 0.6298828125 0.48309687500000004 0.6416015625 0.484565625 0.6611328125 0.484565625 0.681640625 0.48162656249999997 0.6982421875 0.48162656249999997 0.7197265625
9 0.4561484375 0.7197265625 0.459578125 0.7392578125 0.46202812499999996 0.7548828125 0.4639875 0.7666015625 0.4683984375 0.7646484375 0.470846875 0.75 0.47329687500000006 0.734375 0.4737875 0.7138671875 0.475746875 0.697265625 0.4767265625 0.685546875 0.47868750000000004 0.6640625 0.47966718750000004 0.654296875 0.48113593750000005 0.6435546875 0.48113593750000005 0.62890625 0.47819687499999997 0.6171875 0.4688875 0.6123046875 0.4605578125 0.61328125 0.4546796875 0.62109375 0.4517390625 0.626953125 0.4517390625 0.640625 0.45222968750000003 0.6552734375 0.4546796875 0.6650390625 0.45516875 0.6728515625 0.45516875 0.6865234375 0.45565937500000003 0.7041015625 0.4561484375 0.7197265625
14 0.318471875 0.7109375 0.311121875 0.7216796875 0.304753125 0.7392578125 0.318471875 0.7109375
10 0.414503125 0.7998046875 0.41842187500000005 0.8173828125 0.42528125 0.80078125 0.430671875 0.78515625 0.437040625 0.7587890625 0.4404703125 0.732421875 0.4439 0.7001953125 0.4473296875 0.6669921875 0.4517390625 0.6474609375 0.4448796875 0.6181640625 0.4331203125 0.6142578125 0.4198921875 0.625 0.414503125 0.634765625 0.415971875 0.662109375 0.4174421875 0.697265625 0.4164625 0.7197265625 0.414503125 0.75 0.4140125 0.7763671875 0.414503125 0.7998046875
11 0.38804531249999996 0.80078125 0.3944140625 0.7822265625 0.3998046875 0.765625 0.40519375 0.7431640625 0.4066640625 0.7197265625 0.4086234375 0.7001953125 0.4086234375 0.6796875 0.4130328125 0.6650390625 0.41842187500000005 0.6455078125 0.41891249999999997 0.62109375 0.4066640625 0.6123046875 0.3900046875 0.609375 0.382165625 0.6162109375 0.3811859375 0.64453125 0.382165625 0.6650390625 0.3855953125 0.6904296875 0.3855953125 0.7197265625 0.3855953125 0.748046875 0.3855953125 0.7822265625 0.38804531249999996 0.80078125
12 0.3591375 0.74609375 0.365996875 0.73046875 0.3738359375 0.693359375 0.3782453125 0.6689453125 0.38265625000000003 0.6474609375 0.39392499999999997 0.619140625 0.38804531249999996 0.5986328125 0.354728125 0.5986328125 0.3517890625 0.62109375 0.3517890625 0.6494140625 0.3493390625 0.6650390625 0.3493390625 0.6865234375 0.3493390625 0.708984375 0.3463984375 0.7412109375 0.34296875 0.76953125 0.3517890625 0.7744140625 0.3591375 0.74609375
14 0.2778046875 0.740234375 0.2822140625 0.74609375 0.28907343750000003 0.748046875 0.2934828125 0.732421875 0.30034375 0.7119140625 0.3067125 0.6943359375 0.3121015625 0.6796875 0.3189609375 0.6875 0.3189609375 0.7119140625 0.31308125000000003 0.7275390625 0.3052421875 0.7421875 0.2988734375 0.7587890625 0.2934828125 0.7734375 0.3052421875 0.7666015625 0.31798125 0.755859375 0.33022968750000004 0.7294921875 0.33610937500000004 0.7001953125 0.341009375 0.6767578125 0.3444390625 0.6484375 0.3508078125 0.6416015625 0.3537484375 0.626953125 0.3601171875 0.6103515625 0.35766718750000004 0.6025390625 0.3557078125 0.5908203125 0.341009375 0.59375 0.3287609375 0.5908203125 0.32043125 0.5771484375 0.3101421875 0.5830078125 0.302303125 0.58203125 0.29789374999999996 0.6005859375 0.297403125 0.63671875 0.2964234375 0.6455078125 0.2944640625 0.66015625 0.29054375 0.677734375 0.2876046875 0.6943359375 0.284175 0.7119140625 0.279275 0.724609375 0.2778046875 0.740234375
15 0.23076875000000002 0.6982421875 0.2293 0.716796875 0.23321874999999997 0.7236328125 0.237628125 0.71875 0.24105781249999997 0.7080078125 0.244978125 0.6953125 0.25036718750000003 0.681640625 0.2567375 0.6630859375 0.262615625 0.65234375 0.2616359375 0.671875 0.2567375 0.6884765625 0.24693749999999998 0.70703125 0.2439984375 0.7255859375 0.2528171875 0.7216796875 0.2645765625 0.7060546875 0.2758453125 0.68359375 0.28319375 0.662109375 0.291034375 0.6318359375 0.2959328125 0.6220703125 0.3013234375 0.611328125 0.306221875 0.5830078125 0.3018125 0.568359375 0.2871140625 0.5703125 0.2738859375 0.5654296875 0.2670265625 0.5537109375 0.2542875 0.5556640625 0.244978125 0.57421875 0.2454671875 0.5869140625 0.2479171875 0.6064453125 0.24742812500000003 0.6240234375 0.24105781249999997 0.638671875 0.2371390625 0.658203125 0.23321874999999997 0.6767578125 0.23076875000000002 0.6982421875
16 0.16266562499999998 0.5986328125 0.16903437500000001 0.6025390625 0.1768734375 0.59765625 0.18961250000000002 0.595703125 0.1930421875 0.60546875 0.17834375 0.611328125 0.164625 0.619140625 0.16805468750000002 0.6328125 0.1793234375 0.6328125 0.1945125 0.62890625 0.2111703125 0.626953125 0.22685 0.626953125 0.24154843750000002 0.625 0.2464484375 0.6162109375 0.24742812500000003 0.6025390625 0.24742812500000003 0.5810546875 0.2420375 0.57421875 0.237628125 0.5625 0.23811875 0.53515625 0.2322390625 0.529296875 0.2185203125 0.5244140625 0.21411093750000001 0.53125 0.20627187500000002 0.5390625 0.1959828125 0.5478515625 0.1837328125 0.552734375 0.1754046875 0.5703125 0.167075 0.5830078125 0.16266562499999998 0.5986328125