2 0.7746203125 0.529296875 0.7765796875000001 0.51171875 0.7726609375 0.484375 0.7628609375 0.486328125 0.7476734375 0.4560546875 0.737384375 0.4609375 0.7285640625 0.470703125 0.7266046875 0.5009765625 0.7266046875 0.533203125 0.7285640625 0.580078125 0.7359140625 0.6201171875 0.7457125 0.60546875 0.751103125 0.5732421875 0.7584515625 0.556640625 0.7672703125 0.5458984375 0.7746203125 0.529296875
13 0.7084765625 0.607421875 0.718765625 0.6142578125 0.7266046875 0.5908203125 0.727584375 0.5478515625 0.7221953125 0.513671875 0.72954375 0.4775390625 0.72954375 0.4453125 0.718765625 0.4306640625 0.702596875 0.4326171875 0.6923078125 0.4287109375 0.681528125 0.4345703125 0.675159375 0.4609375 0.6780984375 0.4775390625 0.6834890625 0.5048828125 0.6923078125 0.5478515625 0.6986765625 0.58203125 0.7084765625 0.607421875
17 0.642821875 0.4921875 0.64723125 0.5244140625 0.6491921875 0.55859375 0.65458125 0.607421875 0.6687890624999999 0.6162109375 0.6687890624999999 0.5712890625 0.666340625 0.5546875 0.67075 0.537109375 0.675159375 0.513671875 0.6761390625 0.490234375 0.6761390625 0.466796875 0.68201875 0.4375 0.6780984375 0.416015625 0.6643796875 0.4091796875 0.6521312499999999 0.421875 0.6491921875 0.4111328125 0.6398828125 0.4267578125 0.6398828125 0.4560546875 0.642821875 0.4921875
18 0.636453125 0.5390625 0.6408625 0.513671875 0.6408625 0.4755859375 0.6418421875 0.439453125 0.6418421875 0.4072265625 0.6310625 0.392578125 0.6119546875 0.4072265625 0.6001953125 0.4287109375 0.6119546875 0.5048828125 0.6119546875 0.552734375 0.6119546875 0.5947265625 0.6256734374999999 0.603515625 0.636453125 0.576171875 0.636453125 0.5390625
19 0.5810875 0.484375 0.5820671875000001 0.51171875 0.583046875 0.5419921875 0.5850078125 0.5966796875 0.5894171874999999 0.630859375 0.6099953124999999 0.6181640625 0.606565625 0.5888671875 0.606565625 0.5546875 0.606565625 0.529296875 0.6099953124999999 0.4990234375 0.6119546875 0.4609375 0.6119546875 0.4306640625 0.610975 0.400390625 0.60215625 0.3857421875 0.5859875 0.3857421875 0.574228125 0.3984375 0.5712890625 0.41796875 0.5712890625 0.439453125 0.5810875 0.484375
20 0.5668796875 0.5693359375 0.5658984375 0.552734375 0.5658984375 0.5205078125 0.5668796875 0.486328125 0.570309375 0.4453125 0.5712890625 0.40234375 0.56491875 0.3837890625 0.53748125 0.392578125 0.5389515625 0.41796875 0.5433609374999999 0.4814453125 0.5453203125 0.5390625 0.5531609375000001 0.5966796875 0.5658984375 0.6142578125 0.5668796875 0.5693359375
21 0.53993125 0.576171875 0.53993125 0.533203125 0.5394421875 0.490234375 0.53993125 0.4326171875 0.5350312500000001 0.3876953125 0.515434375 0.3818359375 0.496325 0.376953125 0.49926562499999994 0.4375 0.5090640625 0.5185546875 0.5188640625 0.5732421875 0.5252328125 0.623046875 0.5433609374999999 0.5927734375 0.53993125 0.576171875
22 0.496325 0.3876953125 0.48652656250000004 0.3837890625 0.46202812499999996 0.3837890625 0.45222968750000003 0.4052734375 0.45565937500000003 0.4345703125 0.4634984375 0.4775390625 0.46643749999999995 0.5244140625 0.469378125 0.5673828125 0.4791765625 0.6015625 0.496325 0.580078125 0.49730468749999995 0.5478515625 0.49730468749999995 0.515625 0.491915625 0.486328125 0.4948546875 0.4541015625 0.4953453125 0.4306640625 0.496325 0.3876953125
30 0.46202812499999996 0.5419921875 0.4610484375 0.515625 0.45859843749999996 0.4814453125 0.45565937500000003 0.447265625 0.45271875 0.400390625 0.4385109375 0.39453125 0.42332187499999996 0.4033203125 0.41891249999999997 0.4345703125 0.42675156249999996 0.4755859375 0.4341015625 0.509765625 0.43753125 0.552734375 0.44585937500000006 0.5908203125 0.4566390625 0.623046875 0.4674171875 0.6123046875 0.4630078125 0.5712890625 0.46202812499999996 0.5419921875
29 0.42234218749999997 0.630859375 0.42479218750000003 0.6005859375 0.42283125000000005 0.55078125 0.425771875 0.51171875 0.42479218750000003 0.482421875 0.42626093750000005 0.4599609375 0.4140125 0.41796875 0.3998046875 0.4033203125 0.3900046875 0.419921875 0.3860859375 0.4580078125 0.3860859375 0.4970703125 0.387065625 0.5419921875 0.387065625 0.580078125 0.393434375 0.623046875 0.40715312499999995 0.6396484375 0.42234218749999997 0.630859375
23 0.3787359375 0.552734375 0.38265625000000003 0.5009765625 0.3944140625 0.4443359375 0.3875546875 0.4189453125 0.379715625 0.41796875 0.36795625 0.4130859375 0.3542375 0.419921875 0.3537484375 0.4580078125 0.354728125 0.4921875 0.34835937499999997 0.5224609375 0.34835937499999997 0.5546875 0.3508078125 0.5888671875 0.36550781250000003 0.599609375 0.3787359375 0.552734375
24 0.3326796875 0.560546875 0.3400296875 0.5283203125 0.361096875 0.4501953125 0.3517890625 0.4130859375 0.3400296875 0.4111328125 0.327290625 0.416015625 0.31553125 0.412109375 0.3057328125 0.423828125 0.3013234375 0.4521484375 0.3057328125 0.48828125 0.304753125 0.5224609375 0.30867187500000004 0.5498046875 0.30867187500000004 0.5869140625 0.324840625 0.587890625 0.3326796875 0.560546875
25 0.2959328125 0.5009765625 0.304753125 0.4501953125 0.2876046875 0.443359375 0.26506562499999997 0.44140625 0.2533078125 0.46484375 0.2508578125 0.490234375 0.26065625 0.5244140625 0.274375 0.55859375 0.2797640625 0.5888671875 0.29495312500000004 0.60546875 0.3032828125 0.58203125 0.302303125 0.533203125 0.2959328125 0.5009765625
26 0.27045625 0.552734375 0.256246875 0.5263671875 0.24693749999999998 0.48828125 0.226359375 0.46875 0.21802968749999999 0.4990234375 0.21802968749999999 0.5185546875 0.2048015625 0.537109375 0.21362031250000002 0.55859375 0.22733906250000002 0.576171875 0.24693749999999998 0.5947265625 0.262615625 0.5966796875 0.27339531250000004 0.6142578125 0.2778046875 0.5908203125 0.27045625 0.552734375
0 0.2297890625 0.4501953125 0.244978125 0.4375 0.2523265625 0.4248046875 0.2660453125 0.4228515625 0.27290468749999997 0.4072265625 0.278784375 0.3876953125 0.2738859375 0.36328125 0.2640859375 0.3427734375 0.2523265625 0.3154296875 0.23517812500000002 0.2958984375 0.2165609375 0.2919921875 0.2028421875 0.30078125 0.2048015625 0.3369140625 0.21802968749999999 0.375 0.222440625 0.4296875 0.2297890625 0.4501953125
1 0.23517812500000002 0.255859375 0.23811875 0.2880859375 0.2552671875 0.3134765625 0.274375 0.353515625 0.28809375 0.3955078125 0.304753125 0.3984375 0.3145515625 0.3681640625 0.333659375 0.34765625 0.33464062499999997 0.328125 0.33022968750000004 0.302734375 0.31308125000000003 0.2919921875 0.2959328125 0.2744140625 0.28319375 0.259765625 0.27045625 0.234375 0.256246875 0.23046875 0.24154843750000002 0.232421875 0.2533078125 0.2470703125 0.26800625 0.2666015625 0.26800625 0.2919921875 0.2542875 0.2685546875 0.23517812500000002 0.255859375
3 0.36795625 0.369140625 0.3787359375 0.3671875 0.373346875 0.3193359375 0.3718765625 0.30078125 0.36795625 0.28125 0.3645265625 0.2470703125 0.357178125 0.2109375 0.3508078125 0.169921875 0.33904999999999996 0.1806640625 0.3366 0.212890625 0.34296875 0.25390625 0.34296875 0.2919921875 0.343459375 0.32421875 0.33904999999999996 0.349609375 0.3537484375 0.373046875 0.36795625 0.369140625
4 0.393434375 0.373046875 0.4086234375 0.3583984375 0.4086234375 0.32421875 0.4086234375 0.3046875 0.40715312499999995 0.279296875 0.40715312499999995 0.2490234375 0.4042140625 0.216796875 0.402253125 0.1806640625 0.3900046875 0.1728515625 0.391475 0.1962890625 0.391475 0.232421875 0.387065625 0.2685546875 0.38265625000000003 0.2978515625 0.370896875 0.337890625 0.382165625 0.369140625 0.393434375 0.373046875
5 0.41891249999999997 0.3857421875 0.4385109375 0.376953125 0.44292031249999997 0.35546875 0.44145 0.32421875 0.4448796875 0.2919921875 0.4448796875 0.2666015625 0.44292031249999997 0.240234375 0.4404703125 0.2021484375 0.439490625 0.1572265625 0.432140625 0.1318359375 0.42136250000000003 0.146484375 0.42136250000000003 0.1875 0.41499218750000005 0.232421875 0.4140125 0.2685546875 0.41156249999999994 0.306640625 0.40715312499999995 0.349609375 0.41891249999999997 0.3857421875
6 0.4737875 0.27734375 0.4683984375 0.2451171875 0.4639875 0.21484375 0.4639875 0.19140625 0.4566390625 0.169921875 0.45320937499999997 0.193359375 0.4546796875 0.25390625 0.44782031250000004 0.3134765625 0.44782031250000004 0.3662109375 0.475746875 0.369140625 0.4791765625 0.33203125 0.4728078125 0.30078125 0.4737875 0.27734375
7 0.49926562499999994 0.3642578125 0.5046546875 0.3583984375 0.5007343750000001 0.3115234375 0.49926562499999994 0.27734375 0.491915625 0.236328125 0.4889765625 0.185546875 0.48015625 0.162109375 0.4728078125 0.1787109375 0.4728078125 0.2236328125 0.4772171875 0.26171875 0.47819687499999997 0.2958984375 0.47819687499999997 0.337890625 0.48015625 0.3662109375 0.49926562499999994 0.3642578125
8 0.530621875 0.3349609375 0.5271921875000001 0.306640625 0.524253125 0.2685546875 0.515434375 0.2236328125 0.5110234375 0.185546875 0.5007343750000001 0.19140625 0.5007343750000001 0.240234375 0.503675 0.259765625 0.506125 0.2958984375 0.506125 0.3583984375 0.5198437499999999 0.3583984375 0.5316015625 0.3583984375 0.530621875 0.3349609375
9 0.55855 0.3154296875 0.54875 0.28125 0.5433609374999999 0.2509765625 0.5360125 0.212890625 0.5262125 0.19140625 0.515434375 0.193359375 0.521803125 0.23828125 0.521803125 0.259765625 0.5296421875 0.28515625 0.530621875 0.328125 0.5350312500000001 0.353515625 0.5507109375 0.3603515625 0.560509375 0.3408203125 0.55855 0.3154296875
10 0.5658984375 0.3515625 0.5776578125 0.3623046875 0.5913765625 0.35546875 0.5913765625 0.328125 0.5894171874999999 0.2880859375 0.5820671875000001 0.2470703125 0.576678125 0.21484375 0.567859375 0.1728515625 0.5570796875 0.1484375 0.5414015625 0.1533203125 0.53993125 0.185546875 0.5414015625 0.2431640625 0.5507109375 0.2880859375 0.5658984375 0.3515625
11 0.618325 0.279296875 0.610975 0.2470703125 0.610975 0.189453125 0.6139140624999999 0.140625 0.596765625 0.1572265625 0.5913765625 0.193359375 0.5820671875000001 0.234375 0.5894171874999999 0.27734375 0.596765625 0.3427734375 0.612934375 0.3583984375 0.6256734374999999 0.3388671875 0.626653125 0.30078125 0.618325 0.279296875
12 0.634003125 0.375 0.6575203125 0.365234375 0.65703125 0.330078125 0.658990625 0.306640625 0.658990625 0.2744140625 0.658990625 0.240234375 0.658990625 0.212890625 0.65458125 0.1806640625 0.642821875 0.1806640625 0.6418421875 0.1982421875 0.638903125 0.2275390625 0.6310625 0.259765625 0.626653125 0.2919921875 0.6246937499999999 0.3173828125 0.6148953125000001 0.34765625 0.634003125 0.375
14 0.725625 0.283203125 0.7221953125 0.28515625 0.718765625 0.2802734375 0.7212156249999999 0.271484375 0.7241546875 0.265625 0.7285640625 0.2578125 0.736403125 0.2451171875 0.7432624999999999 0.232421875 0.7403234375000001 0.216796875 0.7138656250000001 0.236328125 0.688878125 0.2666015625 0.65703125 0.2978515625 0.6501718750000001 0.3291015625 0.6736890625 0.3720703125 0.6859375 0.3857421875 0.7016171875 0.3818359375 0.7055359375 0.375 0.709946875 0.36328125 0.7202359375 0.345703125 0.72954375 0.3251953125 0.73689375 0.3095703125 0.7447328125 0.2900390625 0.752571875 0.26171875 0.7555125 0.2451171875 0.7501218749999999 0.2353515625 0.7432624999999999 0.25 0.73444375 0.26953125 0.72954375 0.28125 0.725625 0.283203125
15 0.7398328125 0.3056640625 0.73199375 0.31640625 0.7285640625 0.3310546875 0.7197453125 0.3466796875 0.7128859375000001 0.359375 0.7055359375 0.3681640625 0.7065171875 0.392578125 0.7104359375 0.4111328125 0.7202359375 0.4140625 0.7285640625 0.4169921875 0.7334640625 0.4111328125 0.7334640625 0.421875 0.7383640625 0.4267578125 0.74424375 0.4267578125 0.7496328125 0.435546875 0.7545328125 0.44140625 0.7584515625 0.4365234375 0.762371875 0.4267578125 0.76678125 0.4150390625 0.77168125 0.3974609375 0.773640625 0.3857421875 0.7721703125 0.3740234375 0.7770703125 0.3583984375 0.7814796875 0.337890625 0.7863796875 0.3125 0.7883390625 0.298828125 0.791278125 0.2900390625 0.791278125 0.2802734375 0.78295 0.28515625 0.7741296875 0.3037109375 0.7658015625 0.3154296875 0.7658015625 0.2998046875 0.771190625 0.287109375 0.7790296875 0.27734375 0.789809375 0.26953125 0.782459375 0.26171875 0.7756000000000001 0.259765625 0.7677609375000001 0.26953125 0.762371875 0.2734375 0.7520828125000001 0.2802734375 0.7476734375 0.2919921875 0.7398328125 0.3056640625