2 0.529296875 0.22537968749999998 0.51171875 0.2234203125 0.484375 0.22733906250000002 0.486328125 0.2371390625 0.4560546875 0.2523265625 0.4609375 0.262615625 0.470703125 0.2714359375 0.5009765625 0.27339531250000004 0.533203125 0.27339531250000004 0.580078125 0.2714359375 0.6201171875 0.2640859375 0.60546875 0.2542875 0.5732421875 0.24889687500000002 0.556640625 0.24154843750000002 0.5458984375 0.2327296875 0.529296875 0.22537968749999998
13 0.607421875 0.2915234375 0.6142578125 0.28123437500000004 0.5908203125 0.27339531250000004 0.5478515625 0.272415625 0.513671875 0.2778046875 0.4775390625 0.27045625 0.4453125 0.27045625 0.4306640625 0.28123437500000004 0.4326171875 0.297403125 0.4287109375 0.3076921875 0.4345703125 0.318471875 0.4609375 0.324840625 0.4775390625 0.3219015625 0.5048828125 0.31651093750000003 0.5478515625 0.3076921875 0.58203125 0.3013234375 0.607421875 0.2915234375
17 0.4921875 0.357178125 0.5244140625 0.35276874999999996 0.55859375 0.3508078125 0.607421875 0.34541875 0.6162109375 0.33121093749999997 0.5712890625 0.33121093749999997 0.5546875 0.333659375 0.537109375 0.32925 0.513671875 0.324840625 0.490234375 0.3238609375 0.466796875 0.3238609375 0.4375 0.31798125 0.416015625 0.3219015625 0.4091796875 0.3356203125 0.421875 0.34786875 0.4111328125 0.3508078125 0.4267578125 0.3601171875 0.4560546875 0.3601171875 0.4921875 0.357178125
18 0.5390625 0.363546875 0.513671875 0.3591375 0.4755859375 0.3591375 0.439453125 0.3581578125 0.4072265625 0.3581578125 0.392578125 0.36893750000000003 0.4072265625 0.38804531249999996 0.4287109375 0.3998046875 0.5048828125 0.38804531249999996 0.552734375 0.38804531249999996 0.5947265625 0.38804531249999996 0.603515625 0.37432656249999996 0.576171875 0.363546875 0.5390625 0.363546875
19 0.484375 0.41891249999999997 0.51171875 0.4179328125 0.5419921875 0.41695312500000004 0.5966796875 0.41499218750000005 0.630859375 0.41058281250000006 0.6181640625 0.3900046875 0.5888671875 0.393434375 0.5546875 0.393434375 0.529296875 0.393434375 0.4990234375 0.3900046875 0.4609375 0.38804531249999996 0.4306640625 0.38804531249999996 0.400390625 0.389025 0.3857421875 0.39784375 0.3857421875 0.4140125 0.3984375 0.425771875 0.41796875 0.4287109375 0.439453125 0.4287109375 0.484375 0.41891249999999997
20 0.5693359375 0.4331203125 0.552734375 0.4341015625 0.5205078125 0.4341015625 0.486328125 0.4331203125 0.4453125 0.429690625 0.40234375 0.4287109375 0.3837890625 0.43508125 0.392578125 0.46251875 0.41796875 0.4610484375 0.4814453125 0.4566390625 0.5390625 0.4546796875 0.5966796875 0.44683906249999994 0.6142578125 0.4341015625 0.5693359375 0.4331203125
21 0.576171875 0.46006875 0.533203125 0.46006875 0.490234375 0.4605578125 0.4326171875 0.46006875 0.3876953125 0.46496875 0.3818359375 0.484565625 0.376953125 0.503675 0.4375 0.5007343750000001 0.5185546875 0.49093593750000003 0.5732421875 0.48113593750000005 0.623046875 0.4747671875 0.5927734375 0.4566390625 0.576171875 0.46006875
22 0.3876953125 0.503675 0.3837890625 0.5134734375 0.3837890625 0.537971875 0.4052734375 0.5477703125 0.4345703125 0.544340625 0.4775390625 0.5365015625 0.5244140625 0.5335625 0.5673828125 0.530621875 0.6015625 0.5208234375 0.580078125 0.503675 0.5478515625 0.5026953125 0.515625 0.5026953125 0.486328125 0.5080843749999999 0.4541015625 0.5051453125 0.4306640625 0.5046546875 0.3876953125 0.503675
30 0.5419921875 0.537971875 0.515625 0.5389515625 0.4814453125 0.5414015625 0.447265625 0.544340625 0.400390625 0.5472812499999999 0.39453125 0.5614890625 0.4033203125 0.576678125 0.4345703125 0.5810875 0.4755859375 0.5732484375 0.509765625 0.5658984375 0.552734375 0.5624687500000001 0.5908203125 0.5541406249999999 0.623046875 0.5433609374999999 0.6123046875 0.5325828125000001 0.5712890625 0.5369921875 0.5419921875 0.537971875
29 0.630859375 0.5776578125 0.6005859375 0.5752078125 0.55078125 0.57716875 0.51171875 0.574228125 0.482421875 0.5752078125 0.4599609375 0.5737390625 0.41796875 0.5859875 0.4033203125 0.6001953125 0.419921875 0.6099953124999999 0.4580078125 0.6139140624999999 0.4970703125 0.6139140624999999 0.5419921875 0.612934375 0.580078125 0.612934375 0.623046875 0.606565625 0.6396484375 0.592846875 0.630859375 0.5776578125
23 0.552734375 0.6212640625 0.5009765625 0.6173437500000001 0.4443359375 0.6055859375 0.4189453125 0.6124453125 0.41796875 0.620284375 0.4130859375 0.63204375 0.419921875 0.6457625 0.4580078125 0.6462515625 0.4921875 0.6452718749999999 0.5224609375 0.651640625 0.5546875 0.651640625 0.5888671875 0.6491921875 0.599609375 0.6344921875 0.552734375 0.6212640625
24 0.560546875 0.6673203125 0.5283203125 0.6599703124999999 0.4501953125 0.638903125 0.4130859375 0.6482109375 0.4111328125 0.6599703124999999 0.416015625 0.6727093749999999 0.412109375 0.68446875 0.423828125 0.6942671875 0.4521484375 0.6986765625 0.48828125 0.6942671875 0.5224609375 0.695246875 0.5498046875 0.691328125 0.5869140625 0.691328125 0.587890625 0.675159375 0.560546875 0.6673203125
25 0.5009765625 0.7040671875 0.4501953125 0.695246875 0.443359375 0.7123953125 0.44140625 0.734934375 0.46484375 0.7466921875 0.490234375 0.7491421875000001 0.5244140625 0.73934375 0.55859375 0.725625 0.5888671875 0.7202359375 0.60546875 0.7050468750000001 0.58203125 0.6967171875 0.533203125 0.697696875 0.5009765625 0.7040671875
26 0.552734375 0.72954375 0.5263671875 0.743753125 0.48828125 0.7530625 0.46875 0.773640625 0.4990234375 0.7819703125 0.5185546875 0.7819703125 0.537109375 0.7951984375000001 0.55859375 0.7863796875 0.576171875 0.7726609375 0.5947265625 0.7530625 0.5966796875 0.737384375 0.6142578125 0.7266046875 0.5908203125 0.7221953125 0.552734375 0.72954375
0 0.4501953125 0.7702109375 0.4375 0.755021875 0.4248046875 0.7476734375 0.4228515625 0.7339546875 0.4072265625 0.7270953125 0.3876953125 0.7212156249999999 0.36328125 0.7261140625 0.3427734375 0.7359140625 0.3154296875 0.7476734375 0.2958984375 0.764821875 0.2919921875 0.7834390625000001 0.30078125 0.7971578125 0.3369140625 0.7951984375000001 0.375 0.7819703125 0.4296875 0.7775593749999999 0.4501953125 0.7702109375
1 0.255859375 0.764821875 0.2880859375 0.76188125 0.3134765625 0.7447328125 0.353515625 0.725625 0.3955078125 0.71190625 0.3984375 0.695246875 0.3681640625 0.6854484375000001 0.34765625 0.666340625 0.328125 0.665359375 0.302734375 0.6697703125000001 0.2919921875 0.68691875 0.2744140625 0.7040671875 0.259765625 0.71680625 0.234375 0.72954375 0.23046875 0.743753125 0.232421875 0.7584515625 0.2470703125 0.7466921875 0.2666015625 0.73199375 0.2919921875 0.73199375 0.2685546875 0.7457125 0.255859375 0.764821875
3 0.369140625 0.63204375 0.3671875 0.6212640625 0.3193359375 0.626653125 0.30078125 0.6281234375 0.28125 0.63204375 0.2470703125 0.6354734375 0.2109375 0.642821875 0.169921875 0.6491921875 0.1806640625 0.6609499999999999 0.212890625 0.6634 0.25390625 0.65703125 0.2919921875 0.65703125 0.32421875 0.656540625 0.349609375 0.6609499999999999 0.373046875 0.6462515625 0.369140625 0.63204375
4 0.373046875 0.606565625 0.3583984375 0.5913765625 0.32421875 0.5913765625 0.3046875 0.5913765625 0.279296875 0.592846875 0.2490234375 0.592846875 0.216796875 0.5957859375 0.1806640625 0.597746875 0.1728515625 0.6099953124999999 0.1962890625 0.608525 0.232421875 0.608525 0.2685546875 0.612934375 0.2978515625 0.6173437500000001 0.337890625 0.629103125 0.369140625 0.6178343749999999 0.373046875 0.606565625
5 0.3857421875 0.5810875 0.376953125 0.5614890625 0.35546875 0.5570796875 0.32421875 0.55855 0.2919921875 0.5551203124999999 0.2666015625 0.5551203124999999 0.240234375 0.5570796875 0.2021484375 0.5595296875 0.1572265625 0.560509375 0.1318359375 0.567859375 0.146484375 0.5786374999999999 0.1875 0.5786374999999999 0.232421875 0.5850078125 0.2685546875 0.5859875 0.306640625 0.5884375000000001 0.349609375 0.592846875 0.3857421875 0.5810875
6 0.27734375 0.5262125 0.2451171875 0.5316015625 0.21484375 0.5360125 0.19140625 0.5360125 0.169921875 0.5433609374999999 0.193359375 0.5467906250000001 0.25390625 0.5453203125 0.3134765625 0.5521796875 0.3662109375 0.5521796875 0.369140625 0.524253125 0.33203125 0.5208234375 0.30078125 0.5271921875000001 0.27734375 0.5262125
7 0.3642578125 0.5007343750000001 0.3583984375 0.4953453125 0.3115234375 0.49926562499999994 0.27734375 0.5007343750000001 0.236328125 0.5080843749999999 0.185546875 0.5110234375 0.162109375 0.5198437499999999 0.1787109375 0.5271921875000001 0.2236328125 0.5271921875000001 0.26171875 0.5227828125 0.2958984375 0.521803125 0.337890625 0.521803125 0.3662109375 0.5198437499999999 0.3642578125 0.5007343750000001
8 0.3349609375 0.469378125 0.306640625 0.4728078125 0.2685546875 0.475746875 0.2236328125 0.484565625 0.185546875 0.4889765625 0.19140625 0.49926562499999994 0.240234375 0.49926562499999994 0.259765625 0.496325 0.2958984375 0.49387499999999995 0.3583984375 0.49387499999999995 0.3583984375 0.48015625 0.3583984375 0.4683984375 0.3349609375 0.469378125
9 0.3154296875 0.44145 0.28125 0.45125000000000004 0.2509765625 0.4566390625 0.212890625 0.4639875 0.19140625 0.4737875 0.193359375 0.484565625 0.23828125 0.47819687499999997 0.259765625 0.47819687499999997 0.28515625 0.47035781249999997 0.328125 0.469378125 0.353515625 0.46496875 0.3603515625 0.4492890625 0.3408203125 0.439490625 0.3154296875 0.44145
10 0.3515625 0.4341015625 0.3623046875 0.42234218749999997 0.35546875 0.4086234375 0.328125 0.4086234375 0.2880859375 0.41058281250000006 0.2470703125 0.4179328125 0.21484375 0.42332187499999996 0.1728515625 0.432140625 0.1484375 0.44292031249999997 0.1533203125 0.45859843749999996 0.185546875 0.46006875 0.2431640625 0.45859843749999996 0.2880859375 0.4492890625 0.3515625 0.4341015625
11 0.279296875 0.381675 0.2470703125 0.389025 0.189453125 0.389025 0.140625 0.3860859375 0.1572265625 0.403234375 0.193359375 0.4086234375 0.234375 0.4179328125 0.27734375 0.41058281250000006 0.3427734375 0.403234375 0.3583984375 0.387065625 0.3388671875 0.37432656249999996 0.30078125 0.373346875 0.279296875 0.381675
12 0.375 0.365996875 0.365234375 0.3424796875 0.330078125 0.34296875 0.306640625 0.341009375 0.2744140625 0.341009375 0.240234375 0.341009375 0.212890625 0.341009375 0.1806640625 0.34541875 0.1806640625 0.357178125 0.1982421875 0.3581578125 0.2275390625 0.361096875 0.259765625 0.36893750000000003 0.2919921875 0.373346875 0.3173828125 0.37530625 0.34765625 0.38510468750000004 0.375 0.365996875
14 0.283203125 0.274375 0.28515625 0.2778046875 0.2802734375 0.28123437500000004 0.271484375 0.278784375 0.265625 0.2758453125 0.2578125 0.2714359375 0.2451171875 0.263596875 0.232421875 0.2567375 0.216796875 0.25967656250000004 0.236328125 0.286134375 0.2666015625 0.311121875 0.2978515625 0.34296875 0.3291015625 0.349828125 0.3720703125 0.3263109375 0.3857421875 0.3140625 0.3818359375 0.2983828125 0.375 0.2944640625 0.36328125 0.29005312499999997 0.345703125 0.2797640625 0.3251953125 0.27045625 0.3095703125 0.26310625 0.2900390625 0.2552671875 0.26171875 0.24742812500000003 0.2451171875 0.24448750000000002 0.2353515625 0.249878125 0.25 0.2567375 0.26953125 0.26555625 0.28125 0.27045625 0.283203125 0.274375
15 0.3056640625 0.2601671875 0.31640625 0.26800625 0.3310546875 0.2714359375 0.3466796875 0.2802546875 0.359375 0.2871140625 0.3681640625 0.2944640625 0.392578125 0.2934828125 0.4111328125 0.2895640625 0.4140625 0.2797640625 0.4169921875 0.2714359375 0.4111328125 0.2665359375 0.421875 0.2665359375 0.4267578125 0.2616359375 0.4267578125 0.25575625 0.435546875 0.25036718750000003 0.44140625 0.2454671875 0.4365234375 0.24154843750000002 0.4267578125 0.237628125 0.4150390625 0.23321874999999997 0.3974609375 0.22831875 0.3857421875 0.226359375 0.3740234375 0.22782968750000002 0.3583984375 0.22292968750000003 0.337890625 0.2185203125 0.3125 0.21362031250000002 0.298828125 0.21166093749999998 0.2900390625 0.208721875 0.2802734375 0.208721875 0.28515625 0.21705000000000002 0.3037109375 0.22587031249999998 0.3154296875 0.2341984375 0.2998046875 0.2341984375 0.287109375 0.22880937499999998 0.27734375 0.2209703125 0.26953125 0.210190625 0.26171875 0.217540625 0.259765625 0.22440000000000002 0.26953125 0.2322390625 0.2734375 0.237628125 0.2802734375 0.2479171875 0.2919921875 0.2523265625 0.3056640625 0.2601671875