31 0.7790296875 0.60546875 0.79176875 0.583984375 0.791278125 0.552734375 0.7863796875 0.5390625 0.773640625 0.5205078125 0.757471875 0.513671875 0.746203125 0.533203125 0.7457125 0.56640625 0.7383640625 0.6015625 0.737384375 0.6357421875 0.7403234375000001 0.6826171875 0.7530625 0.67578125 0.75943125 0.6748046875 0.76923125 0.638671875 0.7790296875 0.60546875
13 0.6923078125 0.5888671875 0.6883874999999999 0.5498046875 0.7006375 0.5185546875 0.7060265625000001 0.48828125 0.6981875 0.455078125 0.681528125 0.4560546875 0.6761390625 0.4794921875 0.65948125 0.4775390625 0.6536015625 0.5048828125 0.65703125 0.5390625 0.6580109375000001 0.5712890625 0.6634 0.60546875 0.6727093749999999 0.6337890625 0.6898578125 0.6201171875 0.6923078125 0.5888671875
17 0.6536015625 0.5029296875 0.6609499999999999 0.4814453125 0.6609499999999999 0.4501953125 0.6413515624999999 0.431640625 0.626653125 0.443359375 0.620284375 0.486328125 0.620284375 0.5224609375 0.620284375 0.578125 0.636453125 0.6015625 0.642821875 0.5478515625 0.6467421875 0.525390625 0.6536015625 0.5029296875
18 0.5913765625 0.431640625 0.584028125 0.4990234375 0.587946875 0.6015625 0.6001953125 0.599609375 0.6144046875 0.5546875 0.620284375 0.513671875 0.6300828125 0.482421875 0.6305734375000001 0.4384765625 0.6178343749999999 0.41796875 0.5913765625 0.431640625
19 0.574228125 0.6123046875 0.5820671875000001 0.5654296875 0.584028125 0.529296875 0.5903968749999999 0.501953125 0.59725625 0.4658203125 0.6001953125 0.421875 0.5894171874999999 0.4130859375 0.5810875 0.39453125 0.567859375 0.41796875 0.56491875 0.4453125 0.567859375 0.4814453125 0.5639390625 0.509765625 0.5639390625 0.53515625 0.5614890625 0.580078125 0.574228125 0.6123046875
20 0.558059375 0.4677734375 0.565409375 0.4404296875 0.5668796875 0.4072265625 0.5551203124999999 0.39453125 0.53993125 0.39453125 0.537971875 0.4453125 0.5350312500000001 0.4755859375 0.5350312500000001 0.5048828125 0.530621875 0.5439453125 0.530621875 0.5869140625 0.5414015625 0.576171875 0.5477703125 0.5517578125 0.5526703125 0.521484375 0.558059375 0.4677734375
21 0.5262125 0.576171875 0.530621875 0.5439453125 0.5335625 0.51171875 0.5340515625 0.48828125 0.5335625 0.46484375 0.5369921875 0.4453125 0.5369921875 0.419921875 0.5369921875 0.392578125 0.5227828125 0.3857421875 0.503675 0.3818359375 0.498284375 0.4072265625 0.501225 0.44921875 0.503675 0.5009765625 0.503675 0.5458984375 0.5080843749999999 0.580078125 0.5262125 0.576171875
22 0.49387499999999995 0.4609375 0.498284375 0.421875 0.498284375 0.3857421875 0.47819687499999997 0.373046875 0.46006875 0.3837890625 0.46202812499999996 0.4267578125 0.46202812499999996 0.484375 0.46202812499999996 0.560546875 0.4772171875 0.5673828125 0.484565625 0.533203125 0.48652656250000004 0.5009765625 0.49387499999999995 0.4609375
30 0.4566390625 0.3896484375 0.44683906249999994 0.3818359375 0.4341015625 0.3818359375 0.43018124999999996 0.4130859375 0.43459062499999995 0.478515625 0.43753125 0.5712890625 0.44782031250000004 0.552734375 0.45222968750000003 0.5048828125 0.45222968750000003 0.4814453125 0.4566390625 0.4296875 0.4566390625 0.3896484375
29 0.425771875 0.48828125 0.425771875 0.462890625 0.43116093749999995 0.41796875 0.42332187499999996 0.3837890625 0.40519375 0.3857421875 0.39882343750000004 0.4033203125 0.3998046875 0.447265625 0.403234375 0.4990234375 0.40519375 0.53125 0.4125421875 0.5986328125 0.420871875 0.5986328125 0.425771875 0.5205078125 0.425771875 0.48828125
23 0.39882343750000004 0.4111328125 0.386575 0.408203125 0.374815625 0.4013671875 0.3645265625 0.41796875 0.3718765625 0.4609375 0.3718765625 0.486328125 0.3762859375 0.5224609375 0.377265625 0.5390625 0.389515625 0.5927734375 0.3993140625 0.5712890625 0.3998046875 0.525390625 0.3993140625 0.4921875 0.404703125 0.427734375 0.39882343750000004 0.4111328125
24 0.3699171875 0.431640625 0.34688906249999996 0.41015625 0.3351296875 0.427734375 0.341009375 0.4794921875 0.3542375 0.59375 0.365996875 0.5966796875 0.3718765625 0.5185546875 0.3718765625 0.490234375 0.3718765625 0.455078125 0.3699171875 0.431640625
25 0.33904999999999996 0.462890625 0.333659375 0.4375 0.32288125 0.4326171875 0.3121015625 0.44140625 0.304753125 0.447265625 0.2939734375 0.4521484375 0.2876046875 0.4716796875 0.29495312500000004 0.509765625 0.304753125 0.5419921875 0.3194515625 0.583984375 0.33904999999999996 0.5947265625 0.33904999999999996 0.552734375 0.33904999999999996 0.5048828125 0.33904999999999996 0.462890625
26 0.29495312500000004 0.5419921875 0.2939734375 0.5048828125 0.28907343750000003 0.474609375 0.2670265625 0.4814453125 0.25575625 0.494140625 0.2479171875 0.5205078125 0.2528171875 0.5458984375 0.2670265625 0.583984375 0.278784375 0.625 0.2939734375 0.6484375 0.30034375 0.6162109375 0.30034375 0.5966796875 0.2969125 0.5693359375 0.29495312500000004 0.5419921875
28 0.21999062500000002 0.3603515625 0.2028421875 0.3818359375 0.2111703125 0.4287109375 0.21999062500000002 0.3603515625
0 0.2533078125 0.3388671875 0.24889687500000002 0.3623046875 0.26065625 0.3857421875 0.2533078125 0.3388671875
28 0.22685 0.5029296875 0.23517812500000002 0.5107421875 0.2459578125 0.509765625 0.2577171875 0.48828125 0.272415625 0.466796875 0.274375 0.4462890625 0.2670265625 0.4189453125 0.2533078125 0.4111328125 0.24693749999999998 0.3857421875 0.24056875 0.361328125 0.222440625 0.35546875 0.20921093750000003 0.3681640625 0.2048015625 0.390625 0.20823125 0.4208984375 0.2160703125 0.4462890625 0.2209703125 0.4677734375 0.2209703125 0.486328125 0.22685 0.5029296875
0 0.2959328125 0.3291015625 0.2807453125 0.310546875 0.277315625 0.3310546875 0.28319375 0.3505859375 0.2797640625 0.3681640625 0.274375 0.34375 0.2621265625 0.3359375 0.2484078125 0.3310546875 0.2484078125 0.3603515625 0.2621265625 0.3828125 0.269965625 0.4150390625 0.274375 0.4462890625 0.288584375 0.4404296875 0.2983828125 0.4287109375 0.3125921875 0.4150390625 0.3145515625 0.3984375 0.307203125 0.3701171875 0.2959328125 0.3291015625
1 0.31798125 0.2861328125 0.30377343749999997 0.2705078125 0.2920140625 0.2705078125 0.288584375 0.2890625 0.299853125 0.318359375 0.3121015625 0.3359375 0.313571875 0.3603515625 0.313571875 0.390625 0.3238609375 0.4111328125 0.3400296875 0.404296875 0.3508078125 0.3837890625 0.3674671875 0.3837890625 0.3723671875 0.3740234375 0.37040625 0.3505859375 0.3601171875 0.3359375 0.352278125 0.310546875 0.345909375 0.2939453125 0.3424796875 0.2666015625 0.3351296875 0.23046875 0.3238609375 0.220703125 0.3263109375 0.248046875 0.329740625 0.2783203125 0.3326796875 0.29296875 0.3263109375 0.306640625 0.31798125 0.2861328125
3 0.36648749999999997 0.3388671875 0.37530625 0.3701171875 0.386575 0.3740234375 0.40372343749999995 0.3662109375 0.40715312499999995 0.345703125 0.3949046875 0.306640625 0.384615625 0.283203125 0.3787359375 0.25390625 0.373346875 0.2314453125 0.363546875 0.2138671875 0.3537484375 0.2041015625 0.3463984375 0.2177734375 0.3512984375 0.2412109375 0.361096875 0.2587890625 0.363546875 0.2802734375 0.3650171875 0.30859375 0.36648749999999997 0.3388671875
4 0.40715312499999995 0.3564453125 0.4174421875 0.361328125 0.43508125 0.3505859375 0.43753125 0.328125 0.43018124999999996 0.3056640625 0.42528125 0.275390625 0.4198921875 0.23828125 0.4164625 0.203125 0.4091125 0.17578125 0.39735468749999997 0.1611328125 0.384615625 0.18359375 0.39392499999999997 0.2265625 0.4012734375 0.2529296875 0.4012734375 0.2890625 0.4012734375 0.318359375 0.40715312499999995 0.3564453125
5 0.43753125 0.349609375 0.44782031250000004 0.3408203125 0.4639875 0.337890625 0.46545781249999996 0.3251953125 0.4615390625 0.3056640625 0.4610484375 0.2861328125 0.45761874999999996 0.2529296875 0.45418906249999996 0.2177734375 0.4473296875 0.1884765625 0.4404703125 0.173828125 0.43263125 0.185546875 0.43263125 0.208984375 0.43263125 0.24609375 0.4341015625 0.2783203125 0.4341015625 0.306640625 0.43753125 0.349609375
6 0.48652656250000004 0.3447265625 0.4889765625 0.3291015625 0.4933859375 0.306640625 0.4953453125 0.2666015625 0.496325 0.2353515625 0.4953453125 0.212890625 0.4879953125 0.1865234375 0.47525781250000004 0.19140625 0.47525781250000004 0.21875 0.4728078125 0.248046875 0.4713375 0.28515625 0.464478125 0.3115234375 0.46496875 0.3388671875 0.48652656250000004 0.3447265625
7 0.5090640625 0.3291015625 0.51004375 0.310546875 0.510534375 0.2861328125 0.5139640625 0.2578125 0.5164140625 0.23046875 0.5080843749999999 0.220703125 0.5002453124999999 0.2255859375 0.5002453124999999 0.2509765625 0.498775 0.28515625 0.491425 0.31640625 0.4904453125 0.34375 0.5066140625 0.353515625 0.5090640625 0.3291015625
8 0.5325828125000001 0.3154296875 0.5355218749999999 0.28515625 0.533071875 0.2490234375 0.5267031249999999 0.2236328125 0.5178828125 0.2158203125 0.516903125 0.2490234375 0.51249375 0.28515625 0.5139640625 0.3232421875 0.512984375 0.3583984375 0.529153125 0.3583984375 0.5325828125000001 0.3408203125 0.5325828125000001 0.3154296875
9 0.555609375 0.29296875 0.551690625 0.263671875 0.5467906250000001 0.24609375 0.53748125 0.2412109375 0.537971875 0.2705078125 0.5325828125000001 0.3134765625 0.5325828125000001 0.3583984375 0.5526703125 0.3505859375 0.5590390625 0.3427734375 0.5590390625 0.3212890625 0.555609375 0.29296875
10 0.571778125 0.36328125 0.584028125 0.3681640625 0.5869671875 0.353515625 0.5913765625 0.3359375 0.592846875 0.3134765625 0.5952968750000001 0.2861328125 0.5952968750000001 0.255859375 0.5957859375 0.21875 0.5957859375 0.1962890625 0.584028125 0.201171875 0.571778125 0.2353515625 0.5668796875 0.2607421875 0.5639390625 0.298828125 0.556590625 0.3408203125 0.571778125 0.36328125
11 0.5864765625 0.3583984375 0.597746875 0.3681640625 0.612934375 0.37890625 0.6178343749999999 0.36328125 0.6227343750000001 0.3486328125 0.624203125 0.326171875 0.624203125 0.29296875 0.624203125 0.2685546875 0.625184375 0.2353515625 0.625184375 0.203125 0.615384375 0.21875 0.6031359375 0.2431640625 0.5957859375 0.2734375 0.5933359375 0.2978515625 0.592846875 0.328125 0.5864765625 0.3583984375
12 0.610484375 0.359375 0.6124453125 0.384765625 0.626653125 0.3935546875 0.640371875 0.3984375 0.6491921875 0.3779296875 0.6506609375 0.35546875 0.656540625 0.3330078125 0.6585 0.30859375 0.6634 0.28515625 0.6692796875 0.2607421875 0.67711875 0.228515625 0.6810390625 0.2041015625 0.6668296875 0.2177734375 0.6521312499999999 0.240234375 0.6418421875 0.2685546875 0.6344921875 0.291015625 0.6232234375 0.3251953125 0.610484375 0.359375
14 0.6942671875 0.248046875 0.6756484375 0.291015625 0.6629109375 0.328125 0.6629109375 0.3505859375 0.651640625 0.3681640625 0.64723125 0.390625 0.6506609375 0.4033203125 0.6604609375 0.4033203125 0.67075 0.3935546875 0.67075 0.4111328125 0.68201875 0.4189453125 0.7016171875 0.4326171875 0.7060265625000001 0.3955078125 0.7060265625000001 0.37890625 0.7104359375 0.361328125 0.7207250000000001 0.337890625 0.7285640625 0.310546875 0.73199375 0.28125 0.71435625 0.30078125 0.7055359375 0.318359375 0.6972078125000001 0.328125 0.6903484375 0.326171875 0.6859375 0.30859375 0.6972078125000001 0.2802734375 0.7035765625 0.25390625 0.6942671875 0.248046875
16 0.8074468749999999 0.400390625 0.7932390625 0.4130859375 0.7809890625 0.416015625 0.7672703125 0.4189453125 0.7555125 0.4365234375 0.75698125 0.4658203125 0.7687406250000001 0.4658203125 0.7609015625 0.4931640625 0.7819703125 0.5224609375 0.7996078125 0.505859375 0.8108765625000001 0.490234375 0.8324343750000001 0.4853515625 0.833415625 0.470703125 0.826065625 0.46875 0.8162671874999999 0.4638671875 0.8069578125 0.4580078125 0.793728125 0.4580078125 0.8010781250000001 0.443359375 0.8113671874999999 0.4306640625 0.8226359375 0.4189453125 0.828515625 0.4052734375 0.828515625 0.388671875 0.8211656250000001 0.3759765625 0.8138171875 0.3876953125 0.8074468749999999 0.400390625