31 0.7682515624999999 0.4326171875 0.78441875 0.4306640625 0.79666875 0.41796875 0.8138171875 0.416015625 0.817246875 0.3857421875 0.8020578125 0.35546875 0.798628125 0.314453125 0.7888296875 0.2880859375 0.7814796875 0.259765625 0.763840625 0.255859375 0.75943125 0.296875 0.7555125 0.353515625 0.7555125 0.3896484375 0.7682515624999999 0.4326171875
2 0.7207250000000001 0.3662109375 0.716315625 0.4052734375 0.716315625 0.455078125 0.728075 0.5 0.7413031250000001 0.5087890625 0.752571875 0.513671875 0.7672703125 0.501953125 0.7760906249999999 0.4765625 0.77315 0.4375 0.763840625 0.3955078125 0.7555125 0.3662109375 0.7524921875 0.31405625000000004 0.7334640625 0.30078125 0.7207250000000001 0.3310546875 0.7207250000000001 0.3662109375
13 0.667809375 0.4873046875 0.665359375 0.5283203125 0.683978125 0.537109375 0.7207250000000001 0.515625 0.7217046875 0.4892578125 0.71190625 0.44140625 0.71190625 0.4052734375 0.707496875 0.3876953125 0.70455625 0.359375 0.70210625 0.3310546875 0.6805484374999999 0.3310546875 0.6599703124999999 0.341796875 0.6624203125 0.3974609375 0.6673203125 0.4296875 0.667809375 0.4873046875
17 0.6521312499999999 0.5390625 0.667809375 0.541015625 0.6756484375 0.5185546875 0.666340625 0.4248046875 0.6609499999999999 0.380859375 0.658990625 0.353515625 0.6393921875 0.3505859375 0.6384125 0.3896484375 0.6384125 0.421875 0.6256734374999999 0.5 0.6354734375 0.5419921875 0.6521312499999999 0.5390625
18 0.6237140625 0.5537109375 0.636453125 0.5390625 0.642821875 0.5029296875 0.6374328125 0.4521484375 0.6418421875 0.4072265625 0.6418421875 0.373046875 0.636453125 0.349609375 0.618325 0.349609375 0.6055859375 0.400390625 0.6031359375 0.4501953125 0.596765625 0.5205078125 0.6060749999999999 0.544921875 0.6237140625 0.5537109375
19 0.5732484375 0.5673828125 0.5903968749999999 0.560546875 0.592846875 0.53125 0.5938265625 0.4990234375 0.59480625 0.4580078125 0.59480625 0.4130859375 0.5913765625 0.3876953125 0.5820671875000001 0.3603515625 0.57226875 0.3876953125 0.567859375 0.4541015625 0.55855 0.5185546875 0.560509375 0.5439453125 0.5732484375 0.5673828125
21 0.5164140625 0.4482421875 0.515434375 0.490234375 0.5178828125 0.5185546875 0.5188640625 0.5625 0.5350312500000001 0.576171875 0.5521796875 0.5654296875 0.560509375 0.5390625 0.5521796875 0.5048828125 0.5414015625 0.46484375 0.5389515625 0.421875 0.5252328125 0.3876953125 0.5227828125 0.3603515625 0.5080843749999999 0.3623046875 0.5066140625 0.3779296875 0.5115140625000001 0.4072265625 0.5164140625 0.4482421875
22 0.48015625 0.5888671875 0.498284375 0.5888671875 0.5090640625 0.560546875 0.501715625 0.513671875 0.491915625 0.4736328125 0.48652656250000004 0.44140625 0.4821171875 0.416015625 0.47819687499999997 0.39453125 0.4610484375 0.3662109375 0.45565937500000003 0.4111328125 0.45859843749999996 0.46875 0.4610484375 0.53515625 0.46496875 0.5732421875 0.48015625 0.5888671875
30 0.42773125 0.5078125 0.42773125 0.5478515625 0.42773125 0.583984375 0.4385109375 0.5947265625 0.4566390625 0.578125 0.4630078125 0.5498046875 0.4630078125 0.51171875 0.46006875 0.46875 0.4566390625 0.4345703125 0.4546796875 0.3984375 0.4439 0.3798828125 0.432140625 0.4091796875 0.42773125 0.46484375 0.42773125 0.5078125
29 0.39539375 0.5693359375 0.4125421875 0.580078125 0.42234218749999997 0.556640625 0.42675156249999996 0.5185546875 0.42332187499999996 0.4755859375 0.42234218749999997 0.4306640625 0.42675156249999996 0.396484375 0.425771875 0.375 0.4086234375 0.3583984375 0.3998046875 0.396484375 0.393434375 0.447265625 0.393434375 0.5048828125 0.3855953125 0.5498046875 0.39539375 0.5693359375
23 0.3581578125 0.552734375 0.38363593749999997 0.5498046875 0.390984375 0.5263671875 0.39539375 0.44140625 0.3968640625 0.3896484375 0.38510468750000004 0.3642578125 0.37530625 0.4052734375 0.36893750000000003 0.447265625 0.3581578125 0.4921875 0.3581578125 0.552734375
24 0.329740625 0.54296875 0.34296875 0.53515625 0.3537484375 0.5302734375 0.3566875 0.4794921875 0.354728125 0.44140625 0.35766718750000004 0.3623046875 0.34786875 0.365234375 0.33610937500000004 0.443359375 0.324840625 0.4814453125 0.3214109375 0.517578125 0.329740625 0.54296875
26 0.2528171875 0.4248046875 0.2479171875 0.4736328125 0.26065625 0.5087890625 0.29054375 0.501953125 0.2915234375 0.4736328125 0.292503125 0.4248046875 0.29054375 0.376953125 0.29299375 0.3388671875 0.2778046875 0.330078125 0.26800625 0.34765625 0.262615625 0.3857421875 0.2528171875 0.4248046875
27 0.22195 0.4375 0.23566875 0.44921875 0.2484078125 0.4462890625 0.2533078125 0.421875 0.2552671875 0.375 0.2552671875 0.32421875 0.2533078125 0.302734375 0.2533078125 0.28125 0.240078125 0.2666015625 0.236159375 0.30078125 0.23076875000000002 0.330078125 0.21705000000000002 0.3818359375 0.21362031250000002 0.41796875 0.22195 0.4375
28 0.1793234375 0.5966796875 0.18569375 0.607421875 0.19010312499999998 0.6142578125 0.1959828125 0.6240234375 0.1974515625 0.625 0.1984328125 0.625 0.198921875 0.625 0.198921875 0.62890625 0.1994125 0.62890625 0.198921875 0.6318359375 0.2028421875 0.640625 0.207740625 0.6416015625 0.2160703125 0.634765625 0.22292968750000003 0.6298828125 0.231259375 0.6220703125 0.23909843749999998 0.615234375 0.23958906249999998 0.595703125 0.240078125 0.58203125 0.2346890625 0.537109375 0.22782968750000002 0.521484375 0.21459999999999999 0.5283203125 0.1979421875 0.552734375 0.1778546875 0.5703125 0.1793234375 0.5966796875
0 0.25575625 0.546875 0.2479171875 0.560546875 0.2464484375 0.58203125 0.2420375 0.60546875 0.2346890625 0.626953125 0.22880937499999998 0.642578125 0.22488906250000001 0.66796875 0.22195 0.6884765625 0.22440000000000002 0.7060546875 0.2317484375 0.7099609375 0.240078125 0.685546875 0.24448750000000002 0.66796875 0.2528171875 0.646484375 0.261146875 0.6298828125 0.262615625 0.64453125 0.261146875 0.6630859375 0.25575625 0.6748046875 0.24889687500000002 0.69140625 0.2435078125 0.7080078125 0.23909843749999998 0.728515625 0.24301875 0.7412109375 0.2493875 0.7412109375 0.2567375 0.7275390625 0.2640859375 0.712890625 0.2709453125 0.6923828125 0.277315625 0.67578125 0.2827046875 0.6533203125 0.2895640625 0.630859375 0.297403125 0.611328125 0.29789374999999996 0.5849609375 0.29495312500000004 0.5693359375 0.29054375 0.5595703125 0.2822140625 0.5576171875 0.277315625 0.576171875 0.27290468749999997 0.572265625 0.2758453125 0.552734375 0.26506562499999997 0.54296875 0.25575625 0.546875
1 0.3057328125 0.5712890625 0.2988734375 0.5849609375 0.2988734375 0.59765625 0.3008328125 0.6103515625 0.297403125 0.6337890625 0.2920140625 0.662109375 0.288584375 0.6796875 0.28319375 0.69921875 0.28319375 0.7177734375 0.28319375 0.736328125 0.286134375 0.74609375 0.2939734375 0.744140625 0.3013234375 0.724609375 0.3081828125 0.697265625 0.3140625 0.666015625 0.318471875 0.646484375 0.32239062500000004 0.66015625 0.32239062500000004 0.6796875 0.3214109375 0.701171875 0.319940625 0.7236328125 0.31651093750000003 0.736328125 0.3145515625 0.7607421875 0.3101421875 0.775390625 0.316021875 0.78515625 0.32925 0.7607421875 0.33415 0.740234375 0.3375796875 0.720703125 0.3444390625 0.693359375 0.3463984375 0.6650390625 0.3488484375 0.6376953125 0.3537484375 0.6181640625 0.3557078125 0.6015625 0.352278125 0.578125 0.3415 0.5771484375 0.33121093749999997 0.58984375 0.3258203125 0.5859375 0.32778125 0.572265625 0.318471875 0.5703125 0.3057328125 0.5712890625
3 0.347378125 0.66796875 0.34786875 0.697265625 0.343459375 0.71484375 0.338559375 0.740234375 0.329740625 0.7666015625 0.3233703125 0.7861328125 0.3189609375 0.8037109375 0.32778125 0.802734375 0.3395390625 0.7890625 0.3488484375 0.765625 0.3586484375 0.75 0.36550781250000003 0.7255859375 0.370896875 0.7001953125 0.3787359375 0.6728515625 0.384615625 0.6474609375 0.38804531249999996 0.625 0.384125 0.611328125 0.3782453125 0.6025390625 0.370896875 0.603515625 0.361096875 0.603515625 0.3561984375 0.6103515625 0.3537484375 0.626953125 0.3512984375 0.6484375 0.347378125 0.66796875
4 0.3762859375 0.7138671875 0.3723671875 0.740234375 0.3699171875 0.759765625 0.36795625 0.783203125 0.36893750000000003 0.796875 0.37432656249999996 0.796875 0.3831453125 0.7841796875 0.3904953125 0.76171875 0.39539375 0.740234375 0.402253125 0.71875 0.4086234375 0.6884765625 0.4174421875 0.6650390625 0.41891249999999997 0.6416015625 0.41009375 0.6181640625 0.400784375 0.6181640625 0.393434375 0.6181640625 0.389025 0.6376953125 0.384615625 0.6640625 0.37922656250000003 0.6875 0.3762859375 0.7138671875
5 0.41548281249999997 0.6953125 0.4130328125 0.71875 0.4066640625 0.7431640625 0.40274374999999996 0.7587890625 0.400784375 0.7841796875 0.40519375 0.798828125 0.41107343749999997 0.7919921875 0.42038281250000004 0.7802734375 0.43116093749999995 0.7509765625 0.4360609375 0.734375 0.4409609375 0.716796875 0.4448796875 0.6982421875 0.45075937499999996 0.671875 0.448309375 0.65234375 0.44683906249999994 0.6416015625 0.443409375 0.6337890625 0.43263125 0.6298828125 0.4243015625 0.6337890625 0.4198921875 0.6611328125 0.41891249999999997 0.68359375 0.41548281249999997 0.6953125
6 0.45026875000000005 0.67578125 0.45125000000000004 0.69140625 0.44977968749999997 0.712890625 0.44683906249999994 0.732421875 0.44145 0.7529296875 0.4409609375 0.783203125 0.44880000000000003 0.787109375 0.457128125 0.779296875 0.46545781249999996 0.755859375 0.4723171875 0.71875 0.47525781250000004 0.6845703125 0.47525781250000004 0.6484375 0.475746875 0.6279296875 0.475746875 0.611328125 0.4747671875 0.6025390625 0.46496875 0.60546875 0.45565937500000003 0.6123046875 0.4473296875 0.619140625 0.44634999999999997 0.6376953125 0.4492890625 0.650390625 0.45026875000000005 0.67578125
7 0.4674171875 0.7412109375 0.46545781249999996 0.7646484375 0.47868750000000004 0.7578125 0.48995625 0.7333984375 0.496325 0.7021484375 0.4997546875 0.673828125 0.5002453124999999 0.6484375 0.5022046875 0.6328125 0.5007343750000001 0.619140625 0.48750625000000003 0.6142578125 0.4772171875 0.625 0.4772171875 0.65625 0.4772171875 0.69921875 0.4728078125 0.720703125 0.4674171875 0.7412109375
8 0.4933859375 0.720703125 0.48652656250000004 0.75390625 0.4958359375 0.7568359375 0.5051453125 0.748046875 0.5134734375 0.7314453125 0.5183734375 0.7119140625 0.52229375 0.6884765625 0.5252328125 0.6640625 0.5257234375000001 0.64453125 0.5276828124999999 0.6298828125 0.5267031249999999 0.62109375 0.516903125 0.6162109375 0.506125 0.6142578125 0.5022046875 0.64453125 0.5022046875 0.6728515625 0.4977953125 0.701171875 0.4933859375 0.720703125
9 0.510534375 0.779296875 0.5247421875 0.767578125 0.5316015625 0.74609375 0.5458109375 0.69921875 0.5531609375000001 0.666015625 0.5551203124999999 0.6337890625 0.5551203124999999 0.6103515625 0.5384609375 0.6064453125 0.5286625 0.6474609375 0.5198437499999999 0.703125 0.51249375 0.73828125 0.5046546875 0.759765625 0.510534375 0.779296875
10 0.5433609374999999 0.763671875 0.5629593749999999 0.76953125 0.576678125 0.76171875 0.5845171875 0.736328125 0.5874578125000001 0.701171875 0.5874578125000001 0.67578125 0.5874578125000001 0.6474609375 0.5845171875 0.6279296875 0.5805984375000001 0.6044921875 0.5688390625 0.6259765625 0.5551203124999999 0.6513671875 0.5551203124999999 0.68359375 0.5521796875 0.712890625 0.5453203125 0.73828125 0.5433609374999999 0.763671875
11 0.5845171875 0.7578125 0.5845171875 0.7890625 0.603625 0.78515625 0.6124453125 0.744140625 0.6124453125 0.6875 0.6124453125 0.6494140625 0.611465625 0.6142578125 0.6026453125 0.5927734375 0.585496875 0.6083984375 0.585496875 0.6416015625 0.585496875 0.70703125 0.5845171875 0.7578125
12 0.6349828125 0.798828125 0.6447812500000001 0.802734375 0.6487015625 0.787109375 0.6536015625 0.75390625 0.652621875 0.716796875 0.652621875 0.6796875 0.652621875 0.6435546875 0.656540625 0.6162109375 0.6438015625 0.5927734375 0.6261640625 0.6044921875 0.6124453125 0.6318359375 0.618325 0.666015625 0.620284375 0.720703125 0.6349828125 0.798828125
14 0.65458125 0.716796875 0.6634 0.744140625 0.6795687499999999 0.763671875 0.6991671875 0.794921875 0.708965625 0.787109375 0.7030875 0.7578125 0.700146875 0.736328125 0.6903484375 0.72265625 0.6854484375000001 0.697265625 0.6795687499999999 0.66796875 0.6903484375 0.67578125 0.6981875 0.6953125 0.70700625 0.712890625 0.7128859375000001 0.73828125 0.72954375 0.765625 0.7413031250000001 0.748046875 0.737384375 0.71484375 0.730525 0.6875 0.7226843749999999 0.662109375 0.7148453124999999 0.6396484375 0.709946875 0.6142578125 0.708965625 0.5888671875 0.700146875 0.5771484375 0.6883874999999999 0.5751953125 0.6717296875 0.5927734375 0.6604609375 0.6064453125 0.65458125 0.6376953125 0.6536015625 0.669921875 0.65458125 0.716796875
15 0.725625 0.6533203125 0.7334640625 0.69140625 0.743753125 0.73046875 0.7613921875 0.751953125 0.762371875 0.716796875 0.757471875 0.6953125 0.7506125 0.671875 0.7506125 0.6416015625 0.7584515625 0.6552734375 0.7633515625 0.6796875 0.7702109375 0.70703125 0.77805 0.73828125 0.789809375 0.740234375 0.7907890625 0.701171875 0.7878484375 0.666015625 0.78295 0.6318359375 0.7795203125 0.6083984375 0.7756000000000001 0.5751953125 0.7584515625 0.5478515625 0.743753125 0.560546875 0.7315046875 0.5556640625 0.71190625 0.572265625 0.7104359375 0.587890625 0.7109265625 0.6162109375 0.725625 0.6533203125
16 0.7790296875 0.6279296875 0.7888296875 0.6435546875 0.8054874999999999 0.6611328125 0.8236156250000001 0.673828125 0.842234375 0.671875 0.8549734375 0.6591796875 0.859871875 0.6318359375 0.8588921875000001 0.6064453125 0.8539937500000001 0.5810546875 0.8412546875 0.5732421875 0.8324343750000001 0.5673828125 0.8162671874999999 0.5361328125 0.7976484375 0.5419921875 0.7888296875 0.560546875 0.780009375 0.5693359375 0.77805 0.5986328125 0.7790296875 0.6279296875