7 0.650390625 0.51494375 0.673828125 0.5183734375 0.708984375 0.5208234375 0.7353515625 0.5237625 0.7626953125 0.5247421875 0.787109375 0.5271921875000001 0.81640625 0.5271921875000001 0.8046875 0.51739375 0.7783203125 0.5134734375 0.7431640625 0.510534375 0.7099609375 0.506125 0.68359375 0.501715625 0.6513671875 0.5007343750000001 0.650390625 0.51494375
8 0.650390625 0.496815625 0.681640625 0.49926562499999994 0.716796875 0.49926562499999994 0.7431640625 0.5002453124999999 0.7685546875 0.5002453124999999 0.7939453125 0.5007343750000001 0.8271484375 0.5002453124999999 0.802734375 0.4904453125 0.779296875 0.4879953125 0.74609375 0.4879953125 0.7177734375 0.485546875 0.6923828125 0.48407656250000003 0.6552734375 0.4835859375 0.650390625 0.496815625
9 0.6552734375 0.47868750000000004 0.689453125 0.48015625 0.724609375 0.4791765625 0.75 0.48015625 0.7734375 0.48260625 0.8095703125 0.4889765625 0.8046875 0.4772171875 0.783203125 0.4723171875 0.7529296875 0.4683984375 0.7294921875 0.4683984375 0.7021484375 0.464478125 0.6630859375 0.46251875 0.6552734375 0.47868750000000004
10 0.6611328125 0.43508125 0.6455078125 0.44782031250000004 0.646484375 0.458109375 0.67578125 0.459578125 0.708984375 0.46251875 0.73828125 0.4659484375 0.763671875 0.4674171875 0.7919921875 0.470846875 0.822265625 0.4737875 0.8115234375 0.46202812499999996 0.7890625 0.4546796875 0.7587890625 0.45075937499999996 0.7353515625 0.4453703125 0.7119140625 0.441940625 0.69140625 0.43802031250000006 0.6611328125 0.43508125
6 0.6455078125 0.529153125 0.6630859375 0.5394421875 0.7001953125 0.540421875 0.7333984375 0.542871875 0.7578125 0.544340625 0.7861328125 0.5467906250000001 0.8076171875 0.549240625 0.8369140625 0.5458109375 0.8193359375 0.5350312500000001 0.7919921875 0.533071875 0.75390625 0.5286625 0.716796875 0.5262125 0.6943359375 0.5213125 0.65625 0.5183734375 0.6455078125 0.529153125
5 0.6552734375 0.5414015625 0.6435546875 0.5531609375000001 0.6611328125 0.56345 0.7021484375 0.5644296875 0.7333984375 0.5658984375 0.7685546875 0.5683484375 0.796875 0.570309375 0.828125 0.5614890625 0.7890625 0.54973125 0.7529296875 0.5477703125 0.7255859375 0.5458109375 0.7021484375 0.5433609374999999 0.6787109375 0.541890625 0.6552734375 0.5414015625
4 0.68359375 0.5644296875 0.6572265625 0.5595296875 0.6376953125 0.5663890625 0.6328125 0.5801078125 0.658203125 0.587946875 0.6923828125 0.585496875 0.7333984375 0.585496875 0.7705078125 0.587946875 0.8037109375 0.5913765625 0.8349609375 0.592846875 0.8330078125 0.583046875 0.8076171875 0.579128125 0.7841796875 0.5752078125 0.7529296875 0.57471875 0.7255859375 0.57226875 0.7041015625 0.5683484375 0.68359375 0.5644296875
3 0.658203125 0.584028125 0.638671875 0.5913765625 0.6357421875 0.603625 0.6455078125 0.6139140624999999 0.6767578125 0.6139140624999999 0.708984375 0.6158750000000001 0.7373046875 0.6158750000000001 0.763671875 0.6173437500000001 0.791015625 0.620284375 0.822265625 0.625184375 0.830078125 0.613425 0.8076171875 0.6055859375 0.7734375 0.601665625 0.7431640625 0.59725625 0.712890625 0.5918671875 0.689453125 0.5869671875 0.658203125 0.584028125
12 0.650390625 0.4056828125 0.6435546875 0.4174421875 0.6484375 0.43116093749999995 0.6689453125 0.429690625 0.6962890625 0.42528125 0.7255859375 0.41891249999999997 0.7509765625 0.414503125 0.7734375 0.409603125 0.7998046875 0.40274374999999996 0.8203125 0.398334375 0.8408203125 0.386575 0.814453125 0.38363593749999997 0.791015625 0.38804531249999996 0.7578125 0.39294531250000003 0.720703125 0.39784375 0.689453125 0.39539375 0.6552734375 0.39392499999999997 0.650390625 0.4056828125
30 0.607421875 0.5507109375 0.6376953125 0.551690625 0.6513671875 0.5340515625 0.6357421875 0.5247421875 0.609375 0.5271921875000001 0.58203125 0.529153125 0.55078125 0.5301328125 0.5234375 0.5301328125 0.4970703125 0.5316015625 0.4765625 0.5350312500000001 0.4853515625 0.544340625 0.517578125 0.5433609374999999 0.54296875 0.5453203125 0.5693359375 0.5482609375 0.607421875 0.5507109375
29 0.5771484375 0.57226875 0.609375 0.5786374999999999 0.630859375 0.5776578125 0.642578125 0.56491875 0.6416015625 0.551690625 0.623046875 0.5458109375 0.5966796875 0.54973125 0.5712890625 0.5541406249999999 0.541015625 0.54973125 0.509765625 0.549240625 0.4814453125 0.551690625 0.466796875 0.5619796874999999 0.4921875 0.5658984375 0.5205078125 0.56736875 0.548828125 0.56981875 0.5771484375 0.57226875
23 0.572265625 0.6006859375 0.61328125 0.6055859375 0.638671875 0.59970625 0.6376953125 0.5850078125 0.6357421875 0.5712890625 0.609375 0.56981875 0.5771484375 0.5727578125 0.541015625 0.5761875 0.498046875 0.5786374999999999 0.4716796875 0.579128125 0.4541015625 0.5889265625 0.4814453125 0.592846875 0.505859375 0.5933359375 0.533203125 0.596765625 0.572265625 0.6006859375
26 0.58203125 0.6903484375 0.609375 0.6942671875 0.6455078125 0.6947578125 0.6513671875 0.681528125 0.658203125 0.6673203125 0.642578125 0.6560515625 0.6181640625 0.6575203125 0.5869140625 0.6609499999999999 0.55859375 0.66585 0.5185546875 0.6687890624999999 0.4814453125 0.6673203125 0.4697265625 0.68446875 0.4951171875 0.6903484375 0.5224609375 0.6903484375 0.5556640625 0.6903484375 0.58203125 0.6903484375
27 0.5927734375 0.730525 0.625 0.73199375 0.64453125 0.7217046875 0.658203125 0.711415625 0.642578125 0.6991671875 0.615234375 0.6957375 0.5888671875 0.6981875 0.5595703125 0.6996578125 0.53125 0.6991671875 0.505859375 0.70210625 0.484375 0.7084765625 0.4697265625 0.7212156249999999 0.5029296875 0.7261140625 0.53515625 0.723665625 0.5595703125 0.728075 0.5927734375 0.730525
20 0.6298828125 0.46986718749999995 0.6640625 0.46986718749999995 0.6689453125 0.4566390625 0.65625 0.44292031249999997 0.6181640625 0.44782031250000004 0.5869140625 0.4492890625 0.5537109375 0.4517390625 0.5205078125 0.45222968750000003 0.4853515625 0.4546796875 0.498046875 0.46496875 0.5302734375 0.4659484375 0.5595703125 0.46496875 0.5927734375 0.464478125 0.6298828125 0.46986718749999995
19 0.6025390625 0.44585937500000006 0.6611328125 0.4341015625 0.65625 0.4198921875 0.634765625 0.415971875 0.5947265625 0.420871875 0.564453125 0.42234218749999997 0.53125 0.42479218750000003 0.5 0.42773125 0.44921875 0.43116093749999995 0.4404296875 0.44439062500000004 0.4716796875 0.44683906249999994 0.5029296875 0.44782031250000004 0.5537109375 0.4453703125 0.6025390625 0.44585937500000006
17 0.65625 0.38510468750000004 0.6513671875 0.373346875 0.607421875 0.3762859375 0.57421875 0.3787359375 0.5380859375 0.379715625 0.5029296875 0.37775625 0.474609375 0.377265625 0.443359375 0.3811859375 0.466796875 0.39539375 0.5146484375 0.400784375 0.564453125 0.40274374999999996 0.59765625 0.40715312499999995 0.6357421875 0.41107343749999997 0.6533203125 0.398334375 0.65625 0.38510468750000004
13 0.55078125 0.38265625000000003 0.5947265625 0.384125 0.630859375 0.384125 0.6533203125 0.3738359375 0.658203125 0.357178125 0.6630859375 0.34296875 0.6298828125 0.333659375 0.599609375 0.3380703125 0.5693359375 0.3444390625 0.525390625 0.34541875 0.4892578125 0.34786875 0.45703125 0.3508078125 0.4365234375 0.361096875 0.451171875 0.3723671875 0.4814453125 0.374815625 0.5126953125 0.37775625 0.55078125 0.38265625000000003
2 0.443359375 0.29936250000000003 0.47265625 0.311121875 0.5107421875 0.319940625 0.54296875 0.32778125 0.576171875 0.3287609375 0.609375 0.3287609375 0.638671875 0.33121093749999997 0.6533203125 0.3214109375 0.650390625 0.3106328125 0.6337890625 0.29936250000000003 0.5927734375 0.29936250000000003 0.55859375 0.29789374999999996 0.5234375 0.30034375 0.4873046875 0.2969125 0.443359375 0.29936250000000003