19 0.5205078125 0.42136250000000003 0.5556640625 0.4174421875 0.5869140625 0.415971875 0.6259765625 0.414503125 0.630859375 0.400784375 0.5849609375 0.398334375 0.5390625 0.39637500000000003 0.4951171875 0.39539375 0.4541015625 0.39392499999999997 0.4150390625 0.39539375 0.3818359375 0.4042140625 0.365234375 0.41695312500000004 0.38671875 0.429690625 0.41015625 0.4336109375 0.4462890625 0.4341015625 0.484375 0.42773125 0.5205078125 0.42136250000000003
17 0.5869140625 0.374815625 0.6181640625 0.3811859375 0.65625 0.3919640625 0.61328125 0.368446875 0.58203125 0.357178125 0.541015625 0.3493390625 0.509765625 0.3415 0.4814453125 0.333659375 0.4462890625 0.327290625 0.4150390625 0.333659375 0.41015625 0.35031875 0.4365234375 0.3630578125 0.4716796875 0.3669765625 0.5146484375 0.3694265625 0.5537109375 0.3723671875 0.5869140625 0.374815625
18 0.4765625 0.3968640625 0.517578125 0.39539375 0.5517578125 0.39392499999999997 0.599609375 0.3944140625 0.6259765625 0.4017640625 0.6513671875 0.4056828125 0.6357421875 0.389515625 0.609375 0.384125 0.568359375 0.37775625 0.5361328125 0.374815625 0.4921875 0.370896875 0.46875 0.3650171875 0.431640625 0.3591375 0.4072265625 0.361096875 0.3876953125 0.37138593750000004 0.40234375 0.38510468750000004 0.41015625 0.398334375 0.4384765625 0.3993140625 0.4765625 0.3968640625
20 0.591796875 0.42332187499999996 0.5458984375 0.42479218750000003 0.5126953125 0.4287109375 0.4765625 0.4341015625 0.435546875 0.43655 0.3896484375 0.43802031250000006 0.369140625 0.44292031249999997 0.3740234375 0.4605578125 0.375 0.4772171875 0.392578125 0.48750625000000003 0.42578125 0.47868750000000004 0.4560546875 0.46986718749999995 0.4970703125 0.45859843749999996 0.5283203125 0.45075937499999996 0.564453125 0.441940625 0.61328125 0.4341015625 0.6552734375 0.42528125 0.6220703125 0.420871875 0.591796875 0.42332187499999996
21 0.4794921875 0.5002453124999999 0.5205078125 0.49926562499999994 0.556640625 0.496815625 0.5869140625 0.498284375 0.6123046875 0.49926562499999994 0.6103515625 0.48750625000000003 0.5693359375 0.4762375 0.525390625 0.470846875 0.484375 0.464478125 0.4541015625 0.46202812499999996 0.423828125 0.45565937500000003 0.3828125 0.4566390625 0.3623046875 0.4713375 0.3623046875 0.48505624999999997 0.3642578125 0.49926562499999994 0.390625 0.501715625 0.435546875 0.503184375 0.4794921875 0.5002453124999999
22 0.4443359375 0.54973125 0.484375 0.5433609374999999 0.5107421875 0.5394421875 0.5478515625 0.5350312500000001 0.5771484375 0.5276828124999999 0.6015625 0.5262125 0.6181640625 0.5159234374999999 0.6015625 0.5041640625 0.5634765625 0.5046546875 0.525390625 0.506125 0.4853515625 0.506125 0.4521484375 0.5046546875 0.4189453125 0.5041640625 0.3896484375 0.5046546875 0.369140625 0.5134734375 0.361328125 0.529153125 0.365234375 0.5458109375 0.3896484375 0.5531609375000001 0.416015625 0.5541406249999999 0.4443359375 0.54973125
30 0.4697265625 0.56981875 0.505859375 0.56981875 0.53515625 0.5644296875 0.5615234375 0.5619796874999999 0.5927734375 0.5619796874999999 0.58203125 0.5521796875 0.53515625 0.5477703125 0.5 0.542871875 0.4609375 0.540421875 0.4384765625 0.5325828125000001 0.4072265625 0.5286625 0.3798828125 0.5350312500000001 0.3701171875 0.5482609375 0.375 0.561 0.3818359375 0.5727578125 0.41015625 0.5776578125 0.435546875 0.576678125 0.4697265625 0.56981875
31 0.6845703125 0.222440625 0.6513671875 0.22587031249999998 0.6328125 0.240078125 0.6455078125 0.2528171875 0.666015625 0.2660453125 0.69140625 0.2782953125 0.7119140625 0.2709453125 0.7177734375 0.25575625 0.7099609375 0.23370937500000002 0.6845703125 0.222440625
29 0.4853515625 0.6173437500000001 0.5390625 0.613425 0.568359375 0.613425 0.59765625 0.6095046875000001 0.6181640625 0.603625 0.5771484375 0.5957859375 0.541015625 0.587946875 0.5029296875 0.5810875 0.46484375 0.576678125 0.43359375 0.576678125 0.4052734375 0.5825578124999999 0.3720703125 0.5903968749999999 0.365234375 0.60215625 0.3955078125 0.6099953124999999 0.416015625 0.6148953125000001 0.4609375 0.6158750000000001 0.4853515625 0.6173437500000001
23 0.498046875 0.6408625 0.52734375 0.636453125 0.5595703125 0.631553125 0.5849609375 0.6276328125 0.5947265625 0.618325 0.5556640625 0.6119546875 0.525390625 0.608525 0.498046875 0.6080359375 0.474609375 0.60460625 0.4443359375 0.608525 0.41796875 0.6124453125 0.4033203125 0.6227343750000001 0.3974609375 0.634003125 0.41015625 0.6452718749999999 0.4287109375 0.6511515625000001 0.4609375 0.6457625 0.498046875 0.6408625
24 0.5390625 0.6736890625 0.5712890625 0.666340625 0.59765625 0.6609499999999999 0.6103515625 0.6482109375 0.5947265625 0.636453125 0.556640625 0.640371875 0.517578125 0.640371875 0.4853515625 0.6433125000000001 0.458984375 0.6433125000000001 0.435546875 0.64723125 0.431640625 0.6575203125 0.4208984375 0.6687890624999999 0.4306640625 0.681528125 0.4619140625 0.688878125 0.482421875 0.6805484374999999 0.5107421875 0.675159375 0.5390625 0.6736890625
25 0.5634765625 0.7177859375 0.58984375 0.70945625 0.6123046875 0.6996578125 0.6611328125 0.6825078125 0.599609375 0.6741796875 0.5634765625 0.6766296875 0.53515625 0.680059375 0.4970703125 0.679078125 0.46875 0.6785890625000001 0.4404296875 0.68691875 0.44140625 0.6981875 0.44921875 0.709946875 0.46875 0.7217046875 0.494140625 0.7329734375 0.5185546875 0.7354234374999999 0.54296875 0.7324843750000001 0.5634765625 0.7177859375
26 0.591796875 0.766290625 0.609375 0.7545328125 0.6357421875 0.7535515625 0.6669921875 0.7535515625 0.681640625 0.7427734375 0.6328125 0.73689375 0.666015625 0.7217046875 0.6611328125 0.70945625 0.6201171875 0.716315625 0.5927734375 0.7202359375 0.564453125 0.725134375 0.5234375 0.725134375 0.5087890625 0.737384375 0.5078125 0.7466921875 0.5185546875 0.75943125 0.5361328125 0.773640625 0.568359375 0.7751109375 0.591796875 0.766290625
27 0.7421875 0.755021875 0.732421875 0.7378734375 0.7333984375 0.7212156249999999 0.720703125 0.711415625 0.6884765625 0.7055359375 0.67578125 0.718765625 0.65625 0.7383640625 0.6484375 0.7506125 0.6513671875 0.7633515625 0.65625 0.77805 0.6865234375 0.7751109375 0.71484375 0.773640625 0.748046875 0.7726609375 0.7421875 0.755021875
7 0.2724609375 0.4958359375 0.234375 0.49926562499999994 0.1923828125 0.498284375 0.16015625 0.501715625 0.171875 0.5237625 0.203125 0.5237625 0.2421875 0.5247421875 0.279296875 0.5262125 0.30859375 0.5301328125 0.3408203125 0.5271921875000001 0.34375 0.51249375 0.3369140625 0.49926562499999994 0.2998046875 0.4958359375 0.2724609375 0.4958359375
8 0.1875 0.4546796875 0.1806640625 0.4762375 0.208984375 0.48260625 0.244140625 0.485546875 0.291015625 0.491915625 0.3330078125 0.503184375 0.3408203125 0.48652656250000004 0.3359375 0.4659484375 0.302734375 0.4634984375 0.25390625 0.4605578125 0.2216796875 0.458109375 0.1875 0.4546796875
9 0.279296875 0.4287109375 0.2490234375 0.42773125 0.2255859375 0.42332187499999996 0.1884765625 0.42234218749999997 0.1630859375 0.43165156250000003 0.1884765625 0.4404703125 0.2138671875 0.44439062500000004 0.2412109375 0.4492890625 0.2724609375 0.45859843749999996 0.30078125 0.4688875 0.328125 0.4683984375 0.3408203125 0.4517390625 0.3408203125 0.4355703125 0.310546875 0.429690625 0.279296875 0.4287109375
10 0.341796875 0.400784375 0.3203125 0.3944140625 0.287109375 0.3904953125 0.25390625 0.384125 0.2060546875 0.3787359375 0.169921875 0.374815625 0.1318359375 0.373346875 0.1162109375 0.384125 0.1337890625 0.3944140625 0.15234375 0.403234375 0.1796875 0.4130328125 0.208984375 0.41695312500000004 0.244140625 0.42332187499999996 0.27734375 0.429690625 0.3037109375 0.43165156250000003 0.333984375 0.42626093750000005 0.353515625 0.415971875 0.341796875 0.400784375
11 0.376953125 0.3674671875 0.3515625 0.3581578125 0.32421875 0.362078125 0.291015625 0.361096875 0.26171875 0.359628125 0.2294921875 0.3581578125 0.1962890625 0.3493390625 0.177734375 0.33610937500000004 0.1806640625 0.3366 0.154296875 0.3214109375 0.150390625 0.3375796875 0.1650390625 0.3557078125 0.193359375 0.365996875 0.2265625 0.377265625 0.2666015625 0.386575 0.2978515625 0.3944140625 0.3359375 0.40274374999999996 0.357421875 0.39539375 0.3779296875 0.38510468750000004 0.376953125 0.3674671875
12 0.3984375 0.33121093749999997 0.365234375 0.3287609375 0.3408203125 0.32239062500000004 0.30078125 0.31308125000000003 0.2646484375 0.3052421875 0.236328125 0.29544375 0.216796875 0.2797640625 0.1923828125 0.28662343749999997 0.208984375 0.3042625 0.234375 0.3170015625 0.26953125 0.332190625 0.2998046875 0.34688906249999996 0.3330078125 0.357178125 0.349609375 0.3694265625 0.3740234375 0.3669765625 0.3974609375 0.36060781249999996 0.3984375 0.3463984375 0.3984375 0.33121093749999997
15 0.4541015625 0.2964234375 0.4814453125 0.278784375 0.498046875 0.269475 0.482421875 0.2567375 0.45703125 0.2464484375 0.431640625 0.236159375 0.4189453125 0.22195 0.390625 0.21068125000000001 0.392578125 0.22831875 0.4052734375 0.2533078125 0.3779296875 0.24693749999999998 0.3564453125 0.22195 0.333984375 0.2297890625 0.3369140625 0.24693749999999998 0.3564453125 0.26310625 0.3798828125 0.27339531250000004 0.390625 0.29005312499999997 0.408203125 0.3018125 0.4287109375 0.30279218750000003 0.4541015625 0.2964234375
6 0.2978515625 0.5325828125000001 0.2626953125 0.5355218749999999 0.2294921875 0.5414015625 0.201171875 0.5458109375 0.177734375 0.5546296875000001 0.1650390625 0.5644296875 0.1923828125 0.570309375 0.2255859375 0.56491875 0.2548828125 0.5619796874999999 0.2900390625 0.5624687500000001 0.3203125 0.56491875 0.341796875 0.5624687500000001 0.3447265625 0.5482609375 0.3447265625 0.5365015625 0.3359375 0.5252328125 0.2978515625 0.5325828125000001
5 0.318359375 0.5624687500000001 0.2880859375 0.56981875 0.2626953125 0.57471875 0.2392578125 0.583046875 0.2080078125 0.5913765625 0.1806640625 0.599215625 0.1572265625 0.6099953124999999 0.1552734375 0.6212640625 0.1884765625 0.6158750000000001 0.2138671875 0.6124453125 0.2548828125 0.6099953124999999 0.291015625 0.6060749999999999 0.3291015625 0.6031359375 0.3544921875 0.599215625 0.3642578125 0.587946875 0.361328125 0.5752078125 0.341796875 0.56491875 0.318359375 0.5624687500000001
4 0.357421875 0.59970625 0.3349609375 0.6006859375 0.3115234375 0.6070546875 0.291015625 0.6139140624999999 0.267578125 0.620284375 0.244140625 0.6227343750000001 0.2158203125 0.626653125 0.1982421875 0.637921875 0.1796875 0.6491921875 0.1728515625 0.65948125 0.201171875 0.6521312499999999 0.2255859375 0.64723125 0.2470703125 0.6452718749999999 0.2744140625 0.6418421875 0.3076171875 0.6393921875 0.34375 0.637921875 0.3701171875 0.634003125 0.375 0.6212640625 0.369140625 0.6119546875 0.357421875 0.59970625
3 0.349609375 0.6393921875 0.32421875 0.6452718749999999 0.302734375 0.64723125 0.275390625 0.6506609375 0.2490234375 0.6536015625 0.2265625 0.65948125 0.201171875 0.6648703125 0.1884765625 0.675159375 0.2236328125 0.6741796875 0.251953125 0.6712390625 0.279296875 0.6712390625 0.31640625 0.6697703125000001 0.357421875 0.6722187500000001 0.38671875 0.6727093749999999 0.3955078125 0.65948125 0.39453125 0.6462515625 0.3779296875 0.6349828125 0.349609375 0.6393921875
2 0.634765625 0.29936250000000003 0.658203125 0.3032828125 0.634765625 0.284175 0.6533203125 0.277315625 0.69140625 0.2802546875 0.6708984375 0.2616359375 0.634765625 0.2572265625 0.6044921875 0.2464484375 0.5849609375 0.23370937500000002 0.5517578125 0.2346890625 0.5283203125 0.2454671875 0.517578125 0.2572265625 0.505859375 0.27339531250000004 0.525390625 0.2822140625 0.5537109375 0.286134375 0.5849609375 0.286134375 0.609375 0.2915234375 0.634765625 0.29936250000000003
0 0.4609375 0.7212156249999999 0.431640625 0.7035765625 0.400390625 0.7030875 0.3798828125 0.718765625 0.359375 0.7315046875 0.3369140625 0.74179375 0.32421875 0.7560015625000001 0.3134765625 0.7687406250000001 0.302734375 0.7814796875 0.3310546875 0.7814796875 0.3486328125 0.7687406250000001 0.392578125 0.751103125 0.3818359375 0.7697203125 0.3671875 0.78441875 0.3447265625 0.8074468749999999 0.3896484375 0.79421875 0.416015625 0.7805 0.435546875 0.7697203125 0.466796875 0.762371875 0.4970703125 0.751103125 0.4814453125 0.73444375 0.4609375 0.7212156249999999
13 0.5400390625 0.327290625 0.560546875 0.3356203125 0.591796875 0.34492968749999997 0.625 0.338559375 0.6015625 0.3233703125 0.56640625 0.3091625 0.5966796875 0.31161249999999996 0.6318359375 0.3101421875 0.6171875 0.2964234375 0.5859375 0.2934828125 0.5556640625 0.29005312499999997 0.5302734375 0.276825 0.4970703125 0.26849531249999997 0.4765625 0.2807453125 0.466796875 0.2939734375 0.44921875 0.3042625 0.4462890625 0.3140625 0.4560546875 0.32925 0.4814453125 0.3331703125 0.5078125 0.32925 0.5400390625 0.327290625