15 0.72954375 0.5205078125 0.73934375 0.484375 0.7457125 0.451171875 0.7584515625 0.423828125 0.7697203125 0.388671875 0.7790296875 0.3447265625 0.7687406250000001 0.3095703125 0.755021875 0.306640625 0.7422828124999999 0.3203125 0.7315046875 0.341796875 0.7226843749999999 0.365234375 0.7109265625 0.390625 0.700146875 0.41015625 0.6908375 0.4287109375 0.6795687499999999 0.4443359375 0.6854484375000001 0.46484375 0.6986765625 0.4921875 0.7138656250000001 0.501953125 0.72954375 0.5205078125
14 0.6384125 0.4111328125 0.6305734375000001 0.439453125 0.6413515624999999 0.45703125 0.6560515625 0.45703125 0.67075 0.466796875 0.6854484375000001 0.4599609375 0.6947578125 0.443359375 0.6981875 0.4130859375 0.70210625 0.384765625 0.7084765625 0.3583984375 0.7212156249999999 0.33984375 0.7266046875 0.3173828125 0.725625 0.2919921875 0.711415625 0.306640625 0.6996578125 0.330078125 0.688878125 0.3564453125 0.68201875 0.3369140625 0.6829984375 0.3115234375 0.6937781249999999 0.279296875 0.7011265625 0.25390625 0.6874078124999999 0.255859375 0.6732 0.28125 0.667809375 0.306640625 0.6624203125 0.33203125 0.6536015625 0.3623046875 0.647721875 0.384765625 0.6384125 0.4111328125
13 0.6908375 0.703125 0.7065171875 0.7265625 0.7202359375 0.7333984375 0.73444375 0.7041015625 0.730525 0.6708984375 0.73199375 0.6376953125 0.7359140625 0.6015625 0.7383640625 0.56640625 0.7315046875 0.5439453125 0.7226843749999999 0.5205078125 0.7060265625000001 0.5234375 0.688878125 0.525390625 0.681528125 0.5556640625 0.6834890625 0.583984375 0.6854484375000001 0.6123046875 0.6874078124999999 0.640625 0.6874078124999999 0.673828125 0.6908375 0.703125
7 0.491915625 0.2333984375 0.47525781250000004 0.2333984375 0.4767265625 0.2607421875 0.47525781250000004 0.2958984375 0.4747671875 0.326171875 0.4747671875 0.3623046875 0.47819687499999997 0.3876953125 0.48407656250000003 0.3974609375 0.498284375 0.400390625 0.49926562499999994 0.359375 0.4958359375 0.333984375 0.4953453125 0.30078125 0.49289531249999996 0.2705078125 0.491915625 0.2333984375
8 0.516903125 0.2861328125 0.5134734375 0.25 0.51494375 0.220703125 0.5022046875 0.20703125 0.5007343750000001 0.2421875 0.4997546875 0.2666015625 0.4997546875 0.30078125 0.4997546875 0.33203125 0.4977953125 0.35546875 0.4958359375 0.3984375 0.5095546875 0.392578125 0.5198437499999999 0.3955078125 0.52229375 0.3681640625 0.5208234375 0.3466796875 0.51739375 0.322265625 0.516903125 0.2861328125
9 0.54238125 0.3193359375 0.540421875 0.2841796875 0.53748125 0.24609375 0.5365015625 0.2119140625 0.5247421875 0.2001953125 0.52229375 0.2275390625 0.52229375 0.25390625 0.5208234375 0.2880859375 0.5198437499999999 0.3115234375 0.516903125 0.3447265625 0.51494375 0.3720703125 0.5183734375 0.3974609375 0.5335625 0.3955078125 0.5453203125 0.3935546875 0.5467906250000001 0.373046875 0.5463015625 0.33984375 0.54238125 0.3193359375
10 0.5820671875000001 0.314453125 0.5825578124999999 0.2890625 0.5835375 0.2509765625 0.5845171875 0.2021484375 0.57471875 0.1767578125 0.5644296875 0.205078125 0.56345 0.2333984375 0.5570796875 0.2607421875 0.5507109375 0.296875 0.542871875 0.3349609375 0.5414015625 0.3701171875 0.544340625 0.3955078125 0.5595296875 0.41015625 0.5707984374999999 0.3935546875 0.5761875 0.3681640625 0.5786374999999999 0.341796875 0.5820671875000001 0.314453125
11 0.612934375 0.3447265625 0.612934375 0.322265625 0.612934375 0.291015625 0.615384375 0.2529296875 0.618325 0.216796875 0.6080359375 0.1943359375 0.6011765625 0.2294921875 0.5913765625 0.2509765625 0.5884375000000001 0.28125 0.5835375 0.3046875 0.579128125 0.3369140625 0.571778125 0.3681640625 0.57716875 0.39453125 0.5884375000000001 0.4091796875 0.5987265625 0.41015625 0.608525 0.3955078125 0.6119546875 0.3701171875 0.612934375 0.3447265625
12 0.6433125000000001 0.3955078125 0.647721875 0.365234375 0.64968125 0.3466796875 0.652621875 0.3271484375 0.6580109375000001 0.2919921875 0.6604609375 0.265625 0.665359375 0.23828125 0.6599703124999999 0.2099609375 0.6462515625 0.2353515625 0.6369421875 0.255859375 0.62714375 0.2841796875 0.6207734375 0.314453125 0.6139140624999999 0.3349609375 0.6026453125 0.3681640625 0.599215625 0.3955078125 0.6075453125 0.416015625 0.6178343749999999 0.4267578125 0.6305734375000001 0.423828125 0.6433125000000001 0.41796875 0.6433125000000001 0.3955078125
6 0.4683984375 0.2841796875 0.4639875 0.248046875 0.4639875 0.2099609375 0.45222968750000003 0.205078125 0.45075937499999996 0.2451171875 0.44977968749999997 0.2685546875 0.448309375 0.30859375 0.448309375 0.333984375 0.44292031249999997 0.3671875 0.4453703125 0.400390625 0.4639875 0.3955078125 0.4762375 0.392578125 0.47525781250000004 0.3671875 0.4723171875 0.33984375 0.4688875 0.3134765625 0.4683984375 0.2841796875
5 0.4492890625 0.3671875 0.44683906249999994 0.341796875 0.441940625 0.3193359375 0.439490625 0.2861328125 0.43655 0.2529296875 0.4331203125 0.22265625 0.42381250000000004 0.19140625 0.4140125 0.173828125 0.41107343749999997 0.2001953125 0.41107343749999997 0.23046875 0.4135234375 0.2529296875 0.4140125 0.275390625 0.4140125 0.3115234375 0.4164625 0.337890625 0.41499218750000005 0.3720703125 0.4179328125 0.3935546875 0.42773125 0.400390625 0.439490625 0.4013671875 0.44977968749999997 0.3876953125 0.4492890625 0.3671875
4 0.409603125 0.296875 0.409603125 0.2734375 0.4061734375 0.24609375 0.40372343749999995 0.220703125 0.398334375 0.197265625 0.388534375 0.2255859375 0.3860859375 0.2529296875 0.3855953125 0.2734375 0.384125 0.3115234375 0.384615625 0.341796875 0.384125 0.3701171875 0.387065625 0.388671875 0.398334375 0.4033203125 0.4086234375 0.3955078125 0.4164625 0.3701171875 0.41499218750000005 0.3427734375 0.409603125 0.3212890625 0.409603125 0.296875
3 0.37922656250000003 0.32421875 0.37530625 0.279296875 0.3674671875 0.2529296875 0.3566875 0.232421875 0.347378125 0.212890625 0.33464062499999997 0.205078125 0.34492968749999997 0.2421875 0.34835937499999997 0.2626953125 0.3512984375 0.2958984375 0.35521875 0.326171875 0.3561984375 0.3544921875 0.3566875 0.390625 0.3625671875 0.4130859375 0.373346875 0.40625 0.3924546875 0.3984375 0.389025 0.3671875 0.3831453125 0.3466796875 0.37922656250000003 0.32421875
1 0.345909375 0.4345703125 0.361096875 0.4287109375 0.36550781250000003 0.3974609375 0.35521875 0.3720703125 0.345909375 0.3466796875 0.3400296875 0.3134765625 0.333659375 0.2841796875 0.329740625 0.2578125 0.3233703125 0.2294921875 0.31161249999999996 0.265625 0.3189609375 0.298828125 0.3189609375 0.333984375 0.3052421875 0.3271484375 0.29544375 0.298828125 0.291034375 0.2763671875 0.278784375 0.2685546875 0.278784375 0.3115234375 0.29005312499999997 0.3525390625 0.2988734375 0.375 0.306221875 0.4140625 0.3042625 0.4365234375 0.3189609375 0.451171875 0.333659375 0.4365234375 0.345909375 0.4345703125
0 0.2577171875 0.3349609375 0.2464484375 0.3798828125 0.25918593749999996 0.40625 0.26800625 0.443359375 0.2782953125 0.46484375 0.283684375 0.4345703125 0.29005312499999997 0.4091796875 0.3067125 0.4208984375 0.30034375 0.3779296875 0.2939734375 0.359375 0.2851546875 0.3369140625 0.2709453125 0.3173828125 0.2577171875 0.3349609375
26 0.263596875 0.66796875 0.276825 0.7119140625 0.29789374999999996 0.7021484375 0.3106328125 0.67578125 0.31798125 0.6396484375 0.3140625 0.6123046875 0.3194515625 0.57421875 0.3268 0.54296875 0.3258203125 0.5126953125 0.3101421875 0.498046875 0.2939734375 0.5 0.2782953125 0.515625 0.2797640625 0.5380859375 0.2782953125 0.5673828125 0.276825 0.599609375 0.2709453125 0.640625 0.263596875 0.66796875
21 0.5159234374999999 0.6318359375 0.5276828124999999 0.609375 0.5276828124999999 0.5712890625 0.5325828125000001 0.5283203125 0.5340515625 0.498046875 0.53993125 0.466796875 0.53748125 0.4189453125 0.5237625 0.412109375 0.5066140625 0.4111328125 0.501715625 0.447265625 0.5041640625 0.4765625 0.5041640625 0.5126953125 0.508575 0.541015625 0.5071046875 0.57421875 0.5110234375 0.6025390625 0.5159234374999999 0.6318359375
22 0.4958359375 0.5205078125 0.498284375 0.4853515625 0.4997546875 0.458984375 0.5041640625 0.4287109375 0.491915625 0.4189453125 0.4767265625 0.4130859375 0.46496875 0.4208984375 0.4639875 0.44140625 0.46251875 0.4638671875 0.4634984375 0.490234375 0.4639875 0.5185546875 0.4610484375 0.55859375 0.46006875 0.5947265625 0.46202812499999996 0.6201171875 0.46986718749999995 0.6494140625 0.4791765625 0.6142578125 0.485546875 0.5869140625 0.49387499999999995 0.55078125 0.4958359375 0.5205078125
20 0.5360125 0.5791015625 0.5316015625 0.609375 0.5335625 0.634765625 0.542871875 0.625 0.5526703125 0.599609375 0.558059375 0.568359375 0.560509375 0.5380859375 0.5619796874999999 0.5078125 0.565409375 0.4794921875 0.57226875 0.4521484375 0.5683484375 0.4287109375 0.556590625 0.4267578125 0.53993125 0.4306640625 0.5365015625 0.4638671875 0.53748125 0.494140625 0.537971875 0.525390625 0.5360125 0.556640625 0.5360125 0.5791015625
19 0.56736875 0.59375 0.5668796875 0.6220703125 0.5683484375 0.650390625 0.56981875 0.677734375 0.5859875 0.6708984375 0.5913765625 0.634765625 0.59480625 0.5947265625 0.59480625 0.5654296875 0.6011765625 0.53125 0.6011765625 0.5078125 0.6026453125 0.4814453125 0.6026453125 0.4541015625 0.592846875 0.4365234375 0.57471875 0.4443359375 0.56736875 0.4716796875 0.5658984375 0.501953125 0.56345 0.5302734375 0.5644296875 0.5654296875 0.56736875 0.59375
18 0.6050953125 0.68359375 0.620284375 0.642578125 0.62224375 0.5947265625 0.6286140625 0.5615234375 0.6344921875 0.52734375 0.6369421875 0.494140625 0.6335124999999999 0.4599609375 0.6193046875 0.44921875 0.6075453125 0.45703125 0.6001953125 0.482421875 0.6011765625 0.525390625 0.6026453125 0.5634765625 0.6031359375 0.5966796875 0.601665625 0.626953125 0.6001953125 0.6572265625 0.6050953125 0.68359375
17 0.647721875 0.6240234375 0.654090625 0.578125 0.661440625 0.53515625 0.666340625 0.5048828125 0.6575203125 0.474609375 0.6335124999999999 0.482421875 0.626653125 0.505859375 0.6246937499999999 0.5439453125 0.6256734374999999 0.5859375 0.6256734374999999 0.615234375 0.626653125 0.65234375 0.6246937499999999 0.68359375 0.6413515624999999 0.67578125 0.647721875 0.6240234375
30 0.4409609375 0.591796875 0.4404703125 0.6142578125 0.44977968749999997 0.6318359375 0.457128125 0.6044921875 0.46202812499999996 0.5654296875 0.46251875 0.5283203125 0.4634984375 0.498046875 0.4634984375 0.4765625 0.4639875 0.451171875 0.4639875 0.423828125 0.44683906249999994 0.4267578125 0.43018124999999996 0.431640625 0.430671875 0.4619140625 0.43459062499999995 0.5068359375 0.4360609375 0.529296875 0.43802031250000006 0.56640625 0.4409609375 0.591796875
29 0.40715312499999995 0.5986328125 0.40715312499999995 0.6171875 0.41107343749999997 0.64453125 0.42136250000000003 0.642578125 0.42675156249999996 0.6044921875 0.43018124999999996 0.5712890625 0.43165156250000003 0.5400390625 0.4341015625 0.515625 0.43459062499999995 0.4873046875 0.43263125 0.4638671875 0.42822187500000003 0.44140625 0.41499218750000005 0.423828125 0.3998046875 0.4384765625 0.398334375 0.474609375 0.400784375 0.5048828125 0.3998046875 0.53515625 0.403234375 0.56640625 0.40715312499999995 0.5986328125
23 0.37530625 0.59375 0.3767765625 0.625 0.3806953125 0.65234375 0.387065625 0.6826171875 0.398334375 0.6572265625 0.403234375 0.6123046875 0.404703125 0.578125 0.404703125 0.5302734375 0.404703125 0.5 0.40715312499999995 0.4697265625 0.400784375 0.4462890625 0.388534375 0.46484375 0.3782453125 0.44140625 0.3674671875 0.44921875 0.3650171875 0.4794921875 0.36795625 0.505859375 0.37138593750000004 0.5361328125 0.3718765625 0.5615234375 0.37530625 0.59375
24 0.3488484375 0.5869140625 0.3542375 0.62109375 0.3591375 0.65234375 0.36893750000000003 0.6689453125 0.375796875 0.642578125 0.37530625 0.6142578125 0.37432656249999996 0.5888671875 0.37285625 0.5478515625 0.37040625 0.5224609375 0.3694265625 0.501953125 0.3650171875 0.482421875 0.354728125 0.46875 0.34492968749999997 0.4599609375 0.33464062499999997 0.4716796875 0.33610937500000004 0.501953125 0.3419890625 0.52734375 0.34492968749999997 0.55859375 0.3488484375 0.5869140625