28 0.771190625 0.5947265625 0.764821875 0.625 0.7687406250000001 0.65234375 0.780009375 0.66796875 0.7927484375 0.67578125 0.8094078124999999 0.6552734375 0.8182265624999999 0.6328125 0.8138171875 0.609375 0.8030375 0.568359375 0.7932390625 0.552734375 0.782459375 0.5634765625 0.771190625 0.5947265625
31 0.2621265625 0.3427734375 0.24693749999999998 0.32421875 0.226359375 0.306640625 0.2111703125 0.3291015625 0.20333125000000002 0.3505859375 0.21068125000000001 0.375 0.22195 0.390625 0.2322390625 0.4130859375 0.244978125 0.3984375 0.25820625 0.3623046875 0.2621265625 0.3427734375
30 0.571778125 0.599609375 0.5835375 0.5986328125 0.5859875 0.57421875 0.5835375 0.55078125 0.5820671875000001 0.525390625 0.5820671875000001 0.498046875 0.5820671875000001 0.466796875 0.5820671875000001 0.4384765625 0.5820671875000001 0.4189453125 0.5801078125 0.390625 0.5683484375 0.408203125 0.5629593749999999 0.439453125 0.5619796874999999 0.4697265625 0.558059375 0.4970703125 0.556590625 0.5234375 0.551690625 0.548828125 0.5526703125 0.578125 0.556590625 0.6064453125 0.571778125 0.599609375
29 0.601665625 0.609375 0.6178343749999999 0.591796875 0.6232234375 0.56640625 0.6232234375 0.5302734375 0.624203125 0.4970703125 0.6232234375 0.46875 0.624203125 0.4267578125 0.624203125 0.3955078125 0.6246937499999999 0.365234375 0.611465625 0.3505859375 0.6050953125 0.3828125 0.5987265625 0.423828125 0.5903968749999999 0.4619140625 0.5864765625 0.5029296875 0.5859875 0.53515625 0.5864765625 0.5654296875 0.5938265625 0.5869140625 0.601665625 0.609375
23 0.6501718750000001 0.5869140625 0.6604609375 0.57421875 0.6599703124999999 0.55078125 0.6550703125 0.525390625 0.651640625 0.4970703125 0.647721875 0.458984375 0.647721875 0.43359375 0.6462515625 0.40625 0.647721875 0.380859375 0.6349828125 0.390625 0.6335124999999999 0.42578125 0.63204375 0.458984375 0.6281234375 0.490234375 0.626653125 0.5205078125 0.6246937499999999 0.55078125 0.6256734374999999 0.5791015625 0.6369421875 0.5869140625 0.6501718750000001 0.5869140625
24 0.6918171875 0.552734375 0.6829984375 0.5224609375 0.6805484374999999 0.5029296875 0.67466875 0.4765625 0.6717296875 0.4541015625 0.6692796875 0.423828125 0.67466875 0.392578125 0.661440625 0.3935546875 0.652621875 0.4345703125 0.6511515625000001 0.4814453125 0.652621875 0.517578125 0.654090625 0.541015625 0.658990625 0.5634765625 0.67075 0.5712890625 0.6829984375 0.568359375 0.6918171875 0.552734375
25 0.6937781249999999 0.5537109375 0.7084765625 0.55859375 0.7221953125 0.548828125 0.7329734375 0.5302734375 0.73199375 0.5048828125 0.7290546875 0.482421875 0.723175 0.4541015625 0.7192546875 0.423828125 0.7148453124999999 0.375 0.70455625 0.4267578125 0.700146875 0.3876953125 0.6923078125 0.3603515625 0.6918171875 0.40625 0.6918171875 0.439453125 0.6874078124999999 0.4716796875 0.6810390625 0.5048828125 0.6829984375 0.5361328125 0.6937781249999999 0.5537109375
26 0.7741296875 0.474609375 0.7677609375000001 0.4462890625 0.7609015625 0.421875 0.7535515625 0.400390625 0.7457125 0.3720703125 0.7408140624999999 0.333984375 0.725134375 0.35546875 0.725134375 0.3984375 0.730525 0.4462890625 0.72954375 0.4794921875 0.7339546875 0.5078125 0.74179375 0.52734375 0.75698125 0.5224609375 0.7672703125 0.5048828125 0.7741296875 0.474609375
27 0.78295 0.322265625 0.771190625 0.3095703125 0.7584515625 0.3291015625 0.7422828124999999 0.3505859375 0.7457125 0.3828125 0.7545328125 0.4111328125 0.7653109375 0.4130859375 0.7751109375 0.4013671875 0.7858890625 0.384765625 0.7981374999999999 0.365234375 0.7907890625 0.3447265625 0.78295 0.322265625
0 0.7687406250000001 0.6455078125 0.7633515625 0.6201171875 0.762371875 0.5947265625 0.757471875 0.5712890625 0.7506125 0.5478515625 0.737384375 0.548828125 0.7197453125 0.5654296875 0.7109265625 0.572265625 0.708965625 0.6015625 0.7109265625 0.6201171875 0.7177859375 0.642578125 0.725625 0.6650390625 0.7383640625 0.6982421875 0.7447328125 0.716796875 0.755021875 0.75390625 0.762371875 0.7333984375 0.7560015625000001 0.7109375 0.7520828125000001 0.6826171875 0.7496328125 0.65234375 0.762371875 0.685546875 0.7721703125 0.7119140625 0.7814796875 0.7109375 0.7751109375 0.67578125 0.7687406250000001 0.6455078125
1 0.7266046875 0.7568359375 0.7226843749999999 0.728515625 0.71680625 0.69921875 0.7138656250000001 0.6708984375 0.7138656250000001 0.642578125 0.7138656250000001 0.6171875 0.7109265625 0.5888671875 0.6996578125 0.5888671875 0.6893671875 0.5869140625 0.6766296875 0.5888671875 0.665359375 0.591796875 0.6536015625 0.6025390625 0.6501718750000001 0.625 0.654090625 0.6494140625 0.663890625 0.67578125 0.67075 0.701171875 0.6741796875 0.7265625 0.679078125 0.75390625 0.6859375 0.775390625 0.6962265624999999 0.8046875 0.7050468750000001 0.7822265625 0.6996578125 0.759765625 0.6923078125 0.7294921875 0.6923078125 0.6962890625 0.702596875 0.708984375 0.709946875 0.7373046875 0.7138656250000001 0.7568359375 0.723175 0.779296875 0.7266046875 0.7568359375
2 0.2567375 0.515625 0.2660453125 0.5048828125 0.26849531249999997 0.474609375 0.269475 0.451171875 0.2709453125 0.42578125 0.27192500000000003 0.3974609375 0.274865625 0.373046875 0.274865625 0.3466796875 0.26065625 0.3544921875 0.24889687500000002 0.384765625 0.23909843749999998 0.423828125 0.222440625 0.44140625 0.21705000000000002 0.4697265625 0.2185203125 0.5 0.2317484375 0.5029296875 0.24301875 0.5185546875 0.2567375 0.515625
3 0.661440625 0.6650390625 0.658990625 0.6298828125 0.64723125 0.6103515625 0.6335124999999999 0.6171875 0.626653125 0.642578125 0.6305734375000001 0.66796875 0.6359625 0.6884765625 0.638903125 0.7119140625 0.6452718749999999 0.7421875 0.64968125 0.7744140625 0.6575203125 0.8046875 0.665359375 0.8232421875 0.67711875 0.837890625 0.6741796875 0.8046875 0.6687890624999999 0.783203125 0.666340625 0.7568359375 0.6643796875 0.7333984375 0.6624203125 0.6982421875 0.661440625 0.6650390625
4 0.6305734375000001 0.6298828125 0.620284375 0.6220703125 0.610484375 0.6240234375 0.597746875 0.6298828125 0.59480625 0.6533203125 0.6001953125 0.67578125 0.6031359375 0.703125 0.6080359375 0.736328125 0.609015625 0.775390625 0.6139140624999999 0.810546875 0.6217546875 0.833984375 0.6344921875 0.8408203125 0.6276328125 0.7890625 0.6286140625 0.759765625 0.6281234375 0.720703125 0.626653125 0.6904296875 0.6286140625 0.6552734375 0.6305734375000001 0.6298828125
5 0.5938265625 0.66015625 0.5952968750000001 0.626953125 0.5845171875 0.6201171875 0.5732484375 0.6171875 0.5595296875 0.626953125 0.5595296875 0.6572265625 0.5619796874999999 0.6904296875 0.56345 0.724609375 0.56736875 0.7548828125 0.5737390625 0.7880859375 0.57716875 0.8134765625 0.5884375000000001 0.84375 0.6026453125 0.8544921875 0.6011765625 0.8310546875 0.596765625 0.8076171875 0.59480625 0.76953125 0.5938265625 0.7373046875 0.5938265625 0.6953125 0.5938265625 0.66015625
6 0.551690625 0.6220703125 0.537971875 0.6240234375 0.5247421875 0.625 0.5271921875000001 0.65234375 0.5276828124999999 0.6806640625 0.5335625 0.708984375 0.53748125 0.7392578125 0.544340625 0.7666015625 0.5502203125 0.7998046875 0.5570796875 0.8212890625 0.56981875 0.828125 0.5619796874999999 0.7900390625 0.560509375 0.7548828125 0.5570796875 0.720703125 0.5546296875000001 0.69140625 0.5531609375000001 0.65234375 0.551690625 0.6220703125
7 0.5262125 0.650390625 0.5198437499999999 0.626953125 0.5041640625 0.6240234375 0.501715625 0.650390625 0.503184375 0.6787109375 0.503184375 0.708984375 0.5080843749999999 0.7412109375 0.5120046874999999 0.779296875 0.5159234374999999 0.8125 0.5316015625 0.8046875 0.5325828125000001 0.76953125 0.5316015625 0.7490234375 0.5301328125 0.716796875 0.5276828124999999 0.6826171875 0.5262125 0.650390625
13 0.28907343750000003 0.5380859375 0.3018125 0.5537109375 0.31308125000000003 0.548828125 0.31798125 0.52734375 0.31651093750000003 0.5 0.31308125000000003 0.4716796875 0.31161249999999996 0.4365234375 0.31161249999999996 0.40625 0.3106328125 0.375 0.30377343749999997 0.33984375 0.2846640625 0.365234375 0.2797640625 0.3935546875 0.2807453125 0.421875 0.2758453125 0.4443359375 0.27045625 0.4697265625 0.2645765625 0.498046875 0.2645765625 0.5283203125 0.2758453125 0.5400390625 0.28907343750000003 0.5380859375
17 0.327290625 0.55859375 0.3424796875 0.55859375 0.349828125 0.5302734375 0.349828125 0.5029296875 0.35031875 0.4716796875 0.35031875 0.4345703125 0.349828125 0.400390625 0.3512984375 0.3681640625 0.347378125 0.33203125 0.3370890625 0.3603515625 0.33464062499999997 0.388671875 0.3331703125 0.4189453125 0.32925 0.44921875 0.32288125 0.474609375 0.3189609375 0.498046875 0.3145515625 0.5234375 0.3140625 0.548828125 0.327290625 0.55859375
8 0.5007343750000001 0.6396484375 0.4958359375 0.6171875 0.48260625 0.619140625 0.4728078125 0.6318359375 0.4713375 0.669921875 0.4723171875 0.7060546875 0.4713375 0.7392578125 0.4683984375 0.779296875 0.48113593750000005 0.80078125 0.48946562499999996 0.7744140625 0.48946562499999996 0.7490234375 0.4904453125 0.720703125 0.49436562500000003 0.69140625 0.4977953125 0.6650390625 0.5007343750000001 0.6396484375
9 0.4713375 0.6376953125 0.46496875 0.6279296875 0.4546796875 0.6220703125 0.443409375 0.6220703125 0.443409375 0.66796875 0.443409375 0.6953125 0.44439062500000004 0.720703125 0.4409609375 0.767578125 0.4355703125 0.7978515625 0.43459062499999995 0.8310546875 0.4473296875 0.802734375 0.4561484375 0.76171875 0.46251875 0.736328125 0.4639875 0.7119140625 0.4713375 0.673828125 0.4713375 0.6376953125
10 0.439490625 0.666015625 0.443409375 0.6298828125 0.43655 0.609375 0.42283125000000005 0.611328125 0.4086234375 0.619140625 0.40372343749999995 0.650390625 0.404703125 0.68359375 0.402253125 0.7138671875 0.400784375 0.7490234375 0.39735468749999997 0.7802734375 0.3968640625 0.80859375 0.3968640625 0.837890625 0.39882343750000004 0.861328125 0.41156249999999994 0.8232421875 0.4174421875 0.794921875 0.4243015625 0.7626953125 0.4331203125 0.7265625 0.437040625 0.6962890625 0.439490625 0.666015625
11 0.403234375 0.6708984375 0.41107343749999997 0.650390625 0.404703125 0.6279296875 0.3949046875 0.6123046875 0.3855953125 0.6123046875 0.37432656249999996 0.6201171875 0.37040625 0.6396484375 0.36795625 0.6630859375 0.36795625 0.693359375 0.36795625 0.7216796875 0.3650171875 0.75 0.3640375 0.783203125 0.3640375 0.8154296875 0.37530625 0.8251953125 0.37922656250000003 0.79296875 0.3855953125 0.7666015625 0.390984375 0.7421875 0.395884375 0.7109375 0.3998046875 0.6904296875 0.403234375 0.6708984375
12 0.3767765625 0.650390625 0.379715625 0.6318359375 0.36893750000000003 0.611328125 0.3561984375 0.607421875 0.3424796875 0.611328125 0.338559375 0.642578125 0.33464062499999997 0.669921875 0.332190625 0.69921875 0.3268 0.7392578125 0.32288125 0.7724609375 0.3170015625 0.8046875 0.32288125 0.826171875 0.333659375 0.80078125 0.3424796875 0.779296875 0.3512984375 0.734375 0.3566875 0.7041015625 0.36648749999999997 0.6708984375 0.3767765625 0.650390625
14 0.286134375 0.787109375 0.3018125 0.7919921875 0.3101421875 0.759765625 0.3170015625 0.7265625 0.3233703125 0.701171875 0.32925 0.67578125 0.3395390625 0.6455078125 0.345909375 0.625 0.343459375 0.59375 0.32925 0.5888671875 0.3170015625 0.5859375 0.3018125 0.57421875 0.286134375 0.578125 0.28319375 0.6044921875 0.2851546875 0.640625 0.2807453125 0.673828125 0.274375 0.701171875 0.2709453125 0.7236328125 0.2645765625 0.744140625 0.2577171875 0.7744140625 0.27192500000000003 0.7646484375 0.28319375 0.734375 0.28907343750000003 0.708984375 0.29789374999999996 0.685546875 0.3081828125 0.69140625 0.3052421875 0.7158203125 0.2988734375 0.7421875 0.2939734375 0.763671875 0.286134375 0.787109375
15 0.2640859375 0.6630859375 0.2758453125 0.6318359375 0.2871140625 0.611328125 0.291034375 0.583984375 0.28319375 0.5634765625 0.2709453125 0.5556640625 0.256246875 0.5380859375 0.240078125 0.548828125 0.2302796875 0.568359375 0.226359375 0.5947265625 0.22488906250000001 0.6220703125 0.21949999999999997 0.6533203125 0.21362031250000002 0.6728515625 0.20333125000000002 0.716796875 0.217540625 0.7119140625 0.22587031249999998 0.69140625 0.24105781249999997 0.65234375 0.24154843750000002 0.68359375 0.2327296875 0.7109375 0.223909375 0.75 0.244978125 0.716796875 0.25575625 0.6982421875 0.2640859375 0.6630859375
16 0.2185203125 0.5859375 0.21313125 0.5654296875 0.2028421875 0.5439453125 0.187653125 0.548828125 0.1778546875 0.568359375 0.16903437500000001 0.591796875 0.1636453125 0.62109375 0.17638437499999998 0.65234375 0.1891234375 0.6728515625 0.20333125000000002 0.658203125 0.21705000000000002 0.6474609375 0.2297890625 0.626953125 0.22831875 0.599609375 0.2185203125 0.5859375
18 0.381675 0.5712890625 0.384615625 0.5458984375 0.384125 0.5224609375 0.3860859375 0.4892578125 0.3855953125 0.4619140625 0.3831453125 0.4267578125 0.3831453125 0.3935546875 0.3806953125 0.36328125 0.37775625 0.3291015625 0.36795625 0.375 0.3650171875 0.41796875 0.3586484375 0.4599609375 0.352278125 0.4921875 0.3463984375 0.52734375 0.3444390625 0.5537109375 0.354728125 0.5712890625 0.3694265625 0.5732421875 0.381675 0.5712890625
19 0.3919640625 0.591796875 0.404703125 0.58984375 0.41891249999999997 0.5634765625 0.42283125000000005 0.53515625 0.42136250000000003 0.5029296875 0.4174421875 0.47265625 0.4140125 0.443359375 0.41156249999999994 0.4111328125 0.4061734375 0.3798828125 0.40372343749999995 0.341796875 0.3968640625 0.30859375 0.388534375 0.35546875 0.387065625 0.388671875 0.387065625 0.4208984375 0.387065625 0.4521484375 0.3860859375 0.490234375 0.3855953125 0.5185546875 0.382165625 0.5439453125 0.3831453125 0.568359375 0.3919640625 0.591796875
20 0.44977968749999997 0.58984375 0.45565937500000003 0.5693359375 0.4546796875 0.5400390625 0.45320937499999997 0.5078125 0.45075937499999996 0.47265625 0.4517390625 0.439453125 0.45222968750000003 0.40625 0.45222968750000003 0.3681640625 0.43899999999999995 0.3857421875 0.4341015625 0.431640625 0.43018124999999996 0.4697265625 0.42626093750000005 0.505859375 0.42381250000000004 0.53515625 0.4198921875 0.5634765625 0.42626093750000005 0.5888671875 0.4404703125 0.591796875 0.44977968749999997 0.58984375
21 0.47035781249999997 0.5966796875 0.48505624999999997 0.6015625 0.496815625 0.5859375 0.496815625 0.560546875 0.4958359375 0.5302734375 0.49436562500000003 0.4970703125 0.49289531249999996 0.458984375 0.491425 0.4287109375 0.4879953125 0.3935546875 0.48652656250000004 0.357421875 0.47525781250000004 0.380859375 0.4683984375 0.4130859375 0.4659484375 0.4521484375 0.4639875 0.484375 0.4610484375 0.5126953125 0.457128125 0.5361328125 0.4546796875 0.5615234375 0.45565937500000003 0.58984375 0.47035781249999997 0.5966796875
22 0.5433609374999999 0.603515625 0.549240625 0.55859375 0.5482609375 0.5224609375 0.5467906250000001 0.47265625 0.5463015625 0.4365234375 0.5482609375 0.4052734375 0.5477703125 0.3671875 0.5350312500000001 0.384765625 0.5296421875 0.421875 0.5213125 0.4560546875 0.514453125 0.494140625 0.514453125 0.533203125 0.508575 0.568359375 0.5095546875 0.5966796875 0.5232734375 0.607421875 0.5433609374999999 0.603515625