21 0.5712890625 0.4997546875 0.54296875 0.4958359375 0.5185546875 0.4953453125 0.4951171875 0.49289531249999996 0.46484375 0.49387499999999995 0.46484375 0.5095546875 0.4541015625 0.5296421875 0.484375 0.5325828125000001 0.517578125 0.5335625 0.5458984375 0.5360125 0.5810546875 0.5360125 0.6064453125 0.5350312500000001 0.63671875 0.5316015625 0.6650390625 0.5271921875000001 0.6962890625 0.51494375 0.6650390625 0.5080843749999999 0.634765625 0.5071046875 0.6064453125 0.505634375 0.5712890625 0.4997546875
22 0.5537109375 0.45565937500000003 0.5087890625 0.45222968750000003 0.4736328125 0.45761874999999996 0.46875 0.4723171875 0.4619140625 0.48946562499999996 0.482421875 0.49387499999999995 0.5146484375 0.49436562500000003 0.5400390625 0.49436562500000003 0.56640625 0.49436562500000003 0.6015625 0.491425 0.6318359375 0.48946562499999996 0.67578125 0.48750625000000003 0.693359375 0.4747671875 0.6572265625 0.46496875 0.6240234375 0.4634984375 0.5888671875 0.459578125 0.5537109375 0.45565937500000003
26 0.5654296875 0.299853125 0.53515625 0.29544375 0.505859375 0.297403125 0.4873046875 0.3052421875 0.4814453125 0.32092187499999997 0.4775390625 0.3356203125 0.5029296875 0.345909375 0.5361328125 0.3488484375 0.5712890625 0.3463984375 0.609375 0.3463984375 0.65234375 0.338559375 0.6826171875 0.3258203125 0.6533203125 0.31553125 0.6220703125 0.3101421875 0.5947265625 0.3052421875 0.5654296875 0.299853125
0 0.466796875 0.31553125 0.482421875 0.2988734375 0.4921875 0.2851546875 0.4775390625 0.274865625 0.451171875 0.272415625 0.4287109375 0.27192500000000003 0.3955078125 0.25918593749999996 0.3779296875 0.24693749999999998 0.3544921875 0.24105781249999997 0.349609375 0.25967656250000004 0.3681640625 0.269475 0.3828125 0.28123437500000004 0.349609375 0.278784375 0.3212890625 0.2709453125 0.3017578125 0.269475 0.298828125 0.2822140625 0.322265625 0.2934828125 0.349609375 0.30377343749999997 0.373046875 0.3091625 0.4013671875 0.31553125 0.4306640625 0.327290625 0.466796875 0.31553125
7 0.4365234375 0.506125 0.458984375 0.501715625 0.4638671875 0.48652656250000004 0.439453125 0.48260625 0.4130859375 0.48505624999999997 0.3935546875 0.48750625000000003 0.3720703125 0.4879953125 0.34765625 0.4904453125 0.326171875 0.4904453125 0.30078125 0.491915625 0.2783203125 0.49387499999999995 0.2529296875 0.498284375 0.283203125 0.506125 0.3134765625 0.505634375 0.3349609375 0.506125 0.365234375 0.505634375 0.3935546875 0.5080843749999999 0.416015625 0.5080843749999999 0.4365234375 0.506125
8 0.41796875 0.529153125 0.45703125 0.5213125 0.45703125 0.506125 0.4384765625 0.501715625 0.4140625 0.503184375 0.390625 0.5080843749999999 0.36328125 0.5120046874999999 0.3349609375 0.514453125 0.30859375 0.51739375 0.2890625 0.5198437499999999 0.263671875 0.5213125 0.2451171875 0.5286625 0.2685546875 0.53748125 0.2939453125 0.537971875 0.3173828125 0.53748125 0.3427734375 0.53748125 0.373046875 0.5365015625 0.3935546875 0.5325828125000001 0.41796875 0.529153125
9 0.4365234375 0.5526703125 0.46484375 0.5482609375 0.4697265625 0.5350312500000001 0.458984375 0.5232734375 0.4365234375 0.52229375 0.4130859375 0.5271921875000001 0.384765625 0.5325828125000001 0.3623046875 0.5340515625 0.3349609375 0.5365015625 0.306640625 0.5389515625 0.2841796875 0.5414015625 0.2587890625 0.5438515625 0.2607421875 0.5595296875 0.2890625 0.5619796874999999 0.3134765625 0.5595296875 0.3447265625 0.5570796875 0.380859375 0.556590625 0.41015625 0.5526703125 0.4365234375 0.5526703125
10 0.4384765625 0.5884375000000001 0.4638671875 0.57716875 0.466796875 0.5619796874999999 0.447265625 0.549240625 0.408203125 0.5541406249999999 0.3798828125 0.555609375 0.349609375 0.560509375 0.314453125 0.56345 0.2841796875 0.56736875 0.248046875 0.57226875 0.240234375 0.5874578125000001 0.2685546875 0.5899062500000001 0.30078125 0.5913765625 0.333984375 0.5903968749999999 0.3779296875 0.5874578125000001 0.408203125 0.5884375000000001 0.4384765625 0.5884375000000001
6 0.4443359375 0.4747671875 0.44921875 0.4605578125 0.4365234375 0.44977968749999997 0.3984375 0.45320937499999997 0.3603515625 0.4561484375 0.337890625 0.459578125 0.30859375 0.4639875 0.2880859375 0.4674171875 0.25390625 0.4737875 0.275390625 0.4904453125 0.30859375 0.48750625000000003 0.3369140625 0.48750625000000003 0.3681640625 0.48505624999999997 0.392578125 0.485546875 0.423828125 0.48260625 0.4443359375 0.4747671875
5 0.4521484375 0.45075937499999996 0.447265625 0.4331203125 0.44921875 0.42038281250000004 0.4111328125 0.4218515625 0.373046875 0.42626093750000005 0.341796875 0.42773125 0.3095703125 0.430671875 0.271484375 0.4341015625 0.2451171875 0.43655 0.248046875 0.4561484375 0.296875 0.45859843749999996 0.33203125 0.45761874999999996 0.36328125 0.45565937500000003 0.3857421875 0.4546796875 0.4140625 0.4546796875 0.4521484375 0.45075937499999996
4 0.44140625 0.42038281250000004 0.4365234375 0.40519375 0.421875 0.3944140625 0.384765625 0.393434375 0.357421875 0.3968640625 0.330078125 0.403234375 0.2880859375 0.409603125 0.2607421875 0.409603125 0.2275390625 0.41009375 0.220703125 0.42626093750000005 0.25 0.4292015625 0.2890625 0.42773125 0.3349609375 0.42822187500000003 0.3779296875 0.42528125 0.408203125 0.42675156249999996 0.44140625 0.42038281250000004