31 0.24154843750000002 0.5029296875 0.2479171875 0.5224609375 0.25820625 0.5078125 0.2621265625 0.4814453125 0.26310625 0.44921875 0.2616359375 0.41796875 0.2621265625 0.3876953125 0.2645765625 0.3603515625 0.2567375 0.330078125 0.237628125 0.3134765625 0.2464484375 0.349609375 0.2454671875 0.3720703125 0.236159375 0.3955078125 0.226359375 0.423828125 0.2209703125 0.4462890625 0.21949999999999997 0.470703125 0.22831875 0.4921875 0.24154843750000002 0.5029296875
30 0.551690625 0.44921875 0.551690625 0.423828125 0.5507109375 0.3876953125 0.5482609375 0.3544921875 0.537971875 0.373046875 0.5340515625 0.3955078125 0.5350312500000001 0.42578125 0.5340515625 0.451171875 0.5325828125000001 0.474609375 0.5335625 0.5107421875 0.549240625 0.5146484375 0.555609375 0.482421875 0.551690625 0.44921875
29 0.5644296875 0.5966796875 0.57716875 0.58984375 0.5850078125 0.56640625 0.5874578125000001 0.5400390625 0.5850078125 0.5185546875 0.5874578125000001 0.4892578125 0.5874578125000001 0.4619140625 0.5874578125000001 0.4267578125 0.5864765625 0.3984375 0.5850078125 0.3701171875 0.5781484375 0.330078125 0.5658984375 0.3466796875 0.5644296875 0.384765625 0.565409375 0.4208984375 0.5619796874999999 0.4521484375 0.5595296875 0.4873046875 0.558059375 0.517578125 0.5546296875000001 0.548828125 0.556590625 0.576171875 0.5644296875 0.5966796875
23 0.5962765625 0.576171875 0.6095046875000001 0.5732421875 0.615384375 0.55078125 0.6144046875 0.525390625 0.6139140624999999 0.494140625 0.612934375 0.4599609375 0.611465625 0.431640625 0.610484375 0.40625 0.6119546875 0.380859375 0.610484375 0.349609375 0.599215625 0.35546875 0.5962765625 0.3876953125 0.592846875 0.4208984375 0.59480625 0.44921875 0.5952968750000001 0.4814453125 0.596765625 0.5078125 0.5938265625 0.5302734375 0.592846875 0.552734375 0.5962765625 0.576171875
24 0.6408625 0.5478515625 0.6433125000000001 0.525390625 0.6438015625 0.501953125 0.6452718749999999 0.47265625 0.647721875 0.4462890625 0.647721875 0.416015625 0.6462515625 0.380859375 0.6384125 0.359375 0.62224375 0.3779296875 0.6168546874999999 0.40625 0.6095046875000001 0.443359375 0.606565625 0.4716796875 0.6080359375 0.5078125 0.6095046875000001 0.5302734375 0.6139140624999999 0.552734375 0.6281234375 0.560546875 0.6408625 0.5478515625
25 0.68691875 0.548828125 0.6898578125 0.52734375 0.6874078124999999 0.501953125 0.6859375 0.4814453125 0.6829984375 0.4462890625 0.6805484374999999 0.416015625 0.6780984375 0.3828125 0.667809375 0.33984375 0.6560515625 0.3759765625 0.6550703125 0.4111328125 0.651640625 0.4443359375 0.6487015625 0.474609375 0.64723125 0.509765625 0.64968125 0.5400390625 0.661440625 0.55859375 0.6732 0.5458984375 0.68691875 0.548828125
26 0.702596875 0.5439453125 0.7148453124999999 0.53125 0.7241546875 0.5166015625 0.730525 0.4970703125 0.725625 0.474609375 0.7217046875 0.4462890625 0.718765625 0.41796875 0.71680625 0.3857421875 0.716315625 0.3525390625 0.7148453124999999 0.3193359375 0.7011265625 0.330078125 0.6937781249999999 0.357421875 0.6908375 0.3857421875 0.6937781249999999 0.4208984375 0.6898578125 0.4521484375 0.6898578125 0.4775390625 0.6898578125 0.5029296875 0.6932875000000001 0.52734375 0.702596875 0.5439453125
27 0.75698125 0.4287109375 0.7560015625000001 0.3974609375 0.7545328125 0.3701171875 0.7530625 0.33984375 0.7432624999999999 0.31640625 0.728075 0.33203125 0.727584375 0.375 0.725134375 0.40625 0.725134375 0.431640625 0.7266046875 0.45703125 0.727584375 0.4775390625 0.74179375 0.4736328125 0.7545328125 0.4560546875 0.75698125 0.4287109375
28 0.7805 0.5146484375 0.7751109375 0.4873046875 0.7653109375 0.46875 0.755021875 0.4814453125 0.7413031250000001 0.4775390625 0.72954375 0.505859375 0.728075 0.5283203125 0.73444375 0.560546875 0.7447328125 0.5859375 0.7496328125 0.6123046875 0.7560015625000001 0.6328125 0.762371875 0.6533203125 0.7741296875 0.677734375 0.7760906249999999 0.642578125 0.7672703125 0.615234375 0.763840625 0.5859375 0.7765796875000001 0.591796875 0.7863796875 0.634765625 0.7888296875 0.607421875 0.78686875 0.57421875 0.78295 0.55078125 0.7805 0.5146484375
7 0.510534375 0.5537109375 0.4904453125 0.560546875 0.49289531249999996 0.5947265625 0.49289531249999996 0.619140625 0.4958359375 0.6474609375 0.49926562499999994 0.6708984375 0.5002453124999999 0.69921875 0.503184375 0.7294921875 0.52229375 0.734375 0.5183734375 0.7041015625 0.5188640625 0.673828125 0.516903125 0.6396484375 0.516903125 0.615234375 0.51494375 0.5869140625 0.510534375 0.5537109375
8 0.491915625 0.619140625 0.491915625 0.58984375 0.48260625 0.56640625 0.4688875 0.58203125 0.47035781249999997 0.615234375 0.4728078125 0.64453125 0.4728078125 0.6728515625 0.4737875 0.69921875 0.47525781250000004 0.736328125 0.48260625 0.759765625 0.49289531249999996 0.75 0.49387499999999995 0.7236328125 0.49289531249999996 0.6982421875 0.49289531249999996 0.6728515625 0.49387499999999995 0.640625 0.491915625 0.619140625
9 0.4723171875 0.5634765625 0.457128125 0.55859375 0.4409609375 0.5615234375 0.441940625 0.6015625 0.4453703125 0.6328125 0.448309375 0.6650390625 0.44977968749999997 0.6982421875 0.44977968749999997 0.7314453125 0.4674171875 0.7392578125 0.4683984375 0.7080078125 0.4688875 0.669921875 0.46986718749999995 0.642578125 0.4688875 0.6201171875 0.47035781249999997 0.5947265625 0.4723171875 0.5634765625
10 0.44585937500000006 0.6064453125 0.44292031249999997 0.5712890625 0.43263125 0.5615234375 0.4174421875 0.5654296875 0.4140125 0.5966796875 0.41156249999999994 0.6279296875 0.409603125 0.666015625 0.4086234375 0.703125 0.40715312499999995 0.7265625 0.4086234375 0.7646484375 0.41891249999999997 0.783203125 0.4292015625 0.76171875 0.4341015625 0.7373046875 0.439490625 0.7060546875 0.44292031249999997 0.6630859375 0.443409375 0.6279296875 0.44585937500000006 0.6064453125
11 0.41548281249999997 0.5966796875 0.40764374999999997 0.568359375 0.3949046875 0.552734375 0.3806953125 0.5634765625 0.3782453125 0.5947265625 0.3782453125 0.619140625 0.3767765625 0.650390625 0.3767765625 0.6904296875 0.37530625 0.724609375 0.37285625 0.7548828125 0.3855953125 0.7646484375 0.39735468749999997 0.7470703125 0.404703125 0.7265625 0.40519375 0.69140625 0.40715312499999995 0.662109375 0.4135234375 0.6240234375 0.41548281249999997 0.5966796875
12 0.387065625 0.5556640625 0.36795625 0.5458984375 0.3537484375 0.5478515625 0.349828125 0.5732421875 0.349828125 0.599609375 0.349828125 0.6318359375 0.3488484375 0.666015625 0.34835937499999997 0.6982421875 0.345909375 0.7373046875 0.3601171875 0.7548828125 0.36795625 0.728515625 0.37138593750000004 0.6962890625 0.37432656249999996 0.6455078125 0.37922656250000003 0.6201171875 0.387065625 0.583984375 0.387065625 0.5556640625
13 0.33610937500000004 0.576171875 0.3463984375 0.55078125 0.352278125 0.5234375 0.3488484375 0.4970703125 0.3463984375 0.466796875 0.3419890625 0.42578125 0.338559375 0.392578125 0.333659375 0.365234375 0.32092187499999997 0.375 0.31553125 0.4111328125 0.3101421875 0.4521484375 0.306221875 0.484375 0.299853125 0.5224609375 0.29789374999999996 0.5556640625 0.3091625 0.5693359375 0.3233703125 0.57421875 0.33610937500000004 0.576171875
16 0.2209703125 0.63671875 0.2297890625 0.6142578125 0.24105781249999997 0.5966796875 0.25036718750000003 0.5810546875 0.26065625 0.5654296875 0.2621265625 0.5380859375 0.24889687500000002 0.5185546875 0.236159375 0.4921875 0.2209703125 0.482421875 0.2072515625 0.498046875 0.1994125 0.533203125 0.19010312499999998 0.560546875 0.1773640625 0.58984375 0.180303125 0.6171875 0.198921875 0.591796875 0.21068125000000001 0.58984375 0.2003921875 0.619140625 0.194021875 0.650390625 0.2097015625 0.6533203125 0.2209703125 0.63671875
6 0.537971875 0.6015625 0.53993125 0.560546875 0.5360125 0.5478515625 0.52229375 0.54296875 0.5095546875 0.54296875 0.506125 0.5693359375 0.510534375 0.5986328125 0.516903125 0.6298828125 0.5188640625 0.658203125 0.5232734375 0.693359375 0.5276828124999999 0.7333984375 0.5360125 0.7626953125 0.5453203125 0.7919921875 0.549240625 0.7646484375 0.5463015625 0.7314453125 0.542871875 0.6962890625 0.53993125 0.66015625 0.5389515625 0.634765625 0.537971875 0.6015625
5 0.5756984375 0.66015625 0.5732484375 0.63671875 0.5707984374999999 0.6064453125 0.569328125 0.57421875 0.5644296875 0.55078125 0.5531609375000001 0.5439453125 0.54238125 0.552734375 0.5389515625 0.58203125 0.5389515625 0.609375 0.5438515625 0.6396484375 0.5477703125 0.6728515625 0.5502203125 0.7109375 0.5546296875000001 0.7490234375 0.56345 0.783203125 0.5707984374999999 0.8125 0.5820671875000001 0.8173828125 0.5864765625 0.7919921875 0.5845171875 0.7724609375 0.5835375 0.7470703125 0.5835375 0.720703125 0.5786374999999999 0.6806640625 0.5756984375 0.66015625
4 0.6075453125 0.5947265625 0.6055859375 0.5712890625 0.5952968750000001 0.5546875 0.5825578124999999 0.548828125 0.5732484375 0.5693359375 0.5732484375 0.59375 0.5781484375 0.6201171875 0.5810875 0.650390625 0.5859875 0.6884765625 0.592846875 0.720703125 0.601665625 0.74609375 0.6095046875000001 0.7646484375 0.6193046875 0.7646484375 0.6158750000000001 0.7314453125 0.6144046875 0.7060546875 0.610484375 0.67578125 0.6075453125 0.6455078125 0.6075453125 0.6171875 0.6075453125 0.5947265625
2 0.29299375 0.55078125 0.3018125 0.53125 0.3052421875 0.509765625 0.3042625 0.4794921875 0.30377343749999997 0.451171875 0.299853125 0.4208984375 0.29495312500000004 0.380859375 0.29495312500000004 0.359375 0.28123437500000004 0.3505859375 0.2758453125 0.388671875 0.2709453125 0.4208984375 0.2660453125 0.4541015625 0.2616359375 0.484375 0.2577171875 0.5126953125 0.26555625 0.53515625 0.2807453125 0.53515625 0.29299375 0.55078125
18 0.395884375 0.490234375 0.3944140625 0.46484375 0.3919640625 0.431640625 0.390984375 0.3955078125 0.3860859375 0.3720703125 0.37040625 0.3857421875 0.3718765625 0.4267578125 0.3718765625 0.4638671875 0.37138593750000004 0.498046875 0.3694265625 0.5361328125 0.3806953125 0.55078125 0.39882343750000004 0.5458984375 0.3968640625 0.5224609375 0.395884375 0.490234375
19 0.4174421875 0.5791015625 0.4292015625 0.5712890625 0.4292015625 0.5400390625 0.42675156249999996 0.517578125 0.42626093750000005 0.4921875 0.4243015625 0.4541015625 0.42136250000000003 0.42578125 0.4198921875 0.3935546875 0.4174421875 0.3603515625 0.409603125 0.314453125 0.3998046875 0.36328125 0.398334375 0.41015625 0.395884375 0.4443359375 0.3944140625 0.4794921875 0.3944140625 0.5078125 0.3944140625 0.5361328125 0.3949046875 0.5634765625 0.4061734375 0.576171875 0.4174421875 0.5791015625
20 0.45565937500000003 0.42578125 0.45369843750000005 0.392578125 0.4473296875 0.359375 0.437040625 0.4013671875 0.43459062499999995 0.4365234375 0.43263125 0.46484375 0.42822187500000003 0.4892578125 0.429690625 0.5087890625 0.443409375 0.5205078125 0.457128125 0.515625 0.457128125 0.4697265625 0.45565937500000003 0.42578125
21 0.4737875 0.5439453125 0.48309687500000004 0.5361328125 0.48995625 0.5205078125 0.4879953125 0.4765625 0.485546875 0.43359375 0.48407656250000003 0.4013671875 0.48015625 0.373046875 0.4762375 0.3349609375 0.47035781249999997 0.306640625 0.4610484375 0.3466796875 0.46202812499999996 0.384765625 0.46006875 0.4111328125 0.45859843749999996 0.4365234375 0.459578125 0.466796875 0.45761874999999996 0.4921875 0.457128125 0.5283203125 0.46006875 0.5478515625 0.4737875 0.5439453125
22 0.5271921875000001 0.5302734375 0.5296421875 0.5078125 0.5271921875000001 0.4892578125 0.5262125 0.458984375 0.5262125 0.4384765625 0.5252328125 0.41015625 0.5247421875 0.384765625 0.5232734375 0.3505859375 0.5120046874999999 0.3623046875 0.503184375 0.3955078125 0.498284375 0.4306640625 0.4958359375 0.458984375 0.49289531249999996 0.4853515625 0.491425 0.515625 0.501715625 0.5400390625 0.5159234374999999 0.53515625 0.5271921875000001 0.5302734375
3 0.6305734375000001 0.7353515625 0.6442921875 0.75390625 0.6536015625 0.7275390625 0.647721875 0.6748046875 0.6433125000000001 0.6279296875 0.6060749999999999 0.6083984375 0.6305734375000001 0.7353515625
15 0.28123437500000004 0.6552734375 0.2920140625 0.6240234375 0.28123437500000004 0.6083984375 0.2670265625 0.5927734375 0.2552671875 0.5869140625 0.24448750000000002 0.5849609375 0.2341984375 0.619140625 0.23860781250000002 0.6494140625 0.2508578125 0.6494140625 0.2542875 0.6396484375 0.2518375 0.662109375 0.2542875 0.677734375 0.27045625 0.681640625 0.28123437500000004 0.6552734375