31 0.55078125 0.73689375 0.5185546875 0.7378734375 0.4921875 0.74179375 0.4775390625 0.7520828125000001 0.4970703125 0.7584515625 0.5078125 0.77168125 0.529296875 0.7805 0.5537109375 0.7790296875 0.576171875 0.773640625 0.6044921875 0.763840625 0.6279296875 0.7545328125 0.650390625 0.7535515625 0.6865234375 0.762371875 0.669921875 0.7432624999999999 0.6396484375 0.7354234374999999 0.6123046875 0.7378734375 0.58203125 0.7383640625 0.55078125 0.73689375
30 0.517578125 0.44439062500000004 0.4853515625 0.45075937499999996 0.4892578125 0.46643749999999995 0.525390625 0.4674171875 0.548828125 0.4659484375 0.57421875 0.46496875 0.6044921875 0.4659484375 0.626953125 0.46202812499999996 0.6455078125 0.4517390625 0.6123046875 0.4492890625 0.576171875 0.448309375 0.55078125 0.448309375 0.517578125 0.44439062500000004
29 0.5380859375 0.4125421875 0.5107421875 0.4125421875 0.4814453125 0.41499218750000005 0.4599609375 0.4125421875 0.43359375 0.41499218750000005 0.41015625 0.42283125000000005 0.4033203125 0.4355703125 0.423828125 0.443409375 0.451171875 0.4453703125 0.482421875 0.441940625 0.5126953125 0.4404703125 0.5478515625 0.43802031250000006 0.5791015625 0.43459062499999995 0.615234375 0.4355703125 0.6533203125 0.4341015625 0.669921875 0.4218515625 0.6298828125 0.41499218750000005 0.6015625 0.4135234375 0.5732421875 0.4125421875 0.5380859375 0.4125421875
23 0.5400390625 0.387065625 0.505859375 0.3860859375 0.474609375 0.3855953125 0.44921875 0.384615625 0.4267578125 0.3904953125 0.423828125 0.40372343749999995 0.447265625 0.40715312499999995 0.4697265625 0.4061734375 0.4921875 0.403234375 0.5185546875 0.404703125 0.55078125 0.40519375 0.5791015625 0.40715312499999995 0.6123046875 0.40372343749999995 0.64453125 0.400784375 0.650390625 0.389515625 0.619140625 0.38804531249999996 0.59375 0.389515625 0.568359375 0.388534375 0.5400390625 0.387065625
24 0.52734375 0.354728125 0.498046875 0.3561984375 0.474609375 0.3566875 0.4521484375 0.3591375 0.439453125 0.3718765625 0.447265625 0.3860859375 0.4697265625 0.3904953125 0.4921875 0.3919640625 0.5283203125 0.393434375 0.556640625 0.3904953125 0.59375 0.3831453125 0.6220703125 0.37775625 0.640625 0.3615875 0.619140625 0.3537484375 0.583984375 0.352278125 0.5537109375 0.352278125 0.52734375 0.354728125
25 0.5185546875 0.3140625 0.498046875 0.3125921875 0.47265625 0.3101421875 0.451171875 0.31308125000000003 0.4541015625 0.3268 0.44140625 0.338559375 0.4599609375 0.35031875 0.490234375 0.35276874999999996 0.525390625 0.3512984375 0.5556640625 0.34835937499999997 0.5888671875 0.34492968749999997 0.6240234375 0.34394843750000004 0.66015625 0.332190625 0.6171875 0.3219015625 0.583984375 0.3194515625 0.5537109375 0.3170015625 0.5185546875 0.3140625
26 0.5537109375 0.2782953125 0.525390625 0.274375 0.5029296875 0.269475 0.4833984375 0.2758453125 0.46875 0.2851546875 0.4560546875 0.297403125 0.47265625 0.3067125 0.4970703125 0.3101421875 0.5224609375 0.3101421875 0.5478515625 0.3101421875 0.5791015625 0.306221875 0.6142578125 0.3091625 0.642578125 0.306221875 0.669921875 0.2988734375 0.6806640625 0.2851546875 0.6474609375 0.283684375 0.6142578125 0.28319375 0.58203125 0.28123437500000004 0.5537109375 0.2782953125
27 0.5712890625 0.24301875 0.5439453125 0.2454671875 0.5263671875 0.25820625 0.5224609375 0.272415625 0.54296875 0.27339531250000004 0.568359375 0.274865625 0.59375 0.274865625 0.625 0.272415625 0.66796875 0.27192500000000003 0.68359375 0.2567375 0.66015625 0.24693749999999998 0.6298828125 0.2454671875 0.6025390625 0.2439984375 0.5712890625 0.24301875
28 0.4140625 0.2552671875 0.439453125 0.26555625 0.4716796875 0.27192500000000003 0.494140625 0.27045625 0.5224609375 0.258696875 0.5185546875 0.244978125 0.53125 0.2346890625 0.5126953125 0.22488906250000001 0.4853515625 0.21949999999999997 0.44921875 0.21705000000000002 0.42578125 0.21313125 0.392578125 0.2111703125 0.365234375 0.21362031250000002 0.408203125 0.2234203125 0.4140625 0.236159375 0.384765625 0.2327296875 0.357421875 0.223909375 0.322265625 0.22587031249999998 0.3466796875 0.237628125 0.3671875 0.2439984375 0.3876953125 0.25036718750000003 0.4140625 0.2552671875
7 0.439453125 0.5095546875 0.4462890625 0.48946562499999996 0.4130859375 0.48505624999999997 0.384765625 0.48309687500000004 0.3603515625 0.48309687500000004 0.326171875 0.48113593750000005 0.2958984375 0.48162656249999997 0.265625 0.47770625000000005 0.2705078125 0.496815625 0.30078125 0.4997546875 0.3291015625 0.5007343750000001 0.3525390625 0.5041640625 0.380859375 0.5071046875 0.4052734375 0.5071046875 0.439453125 0.5095546875
8 0.43359375 0.51739375 0.41015625 0.5080843749999999 0.380859375 0.5080843749999999 0.359375 0.506125 0.3271484375 0.5071046875 0.3017578125 0.5071046875 0.2763671875 0.506125 0.25 0.5071046875 0.240234375 0.51739375 0.263671875 0.5247421875 0.30078125 0.5262125 0.3271484375 0.5271921875000001 0.35546875 0.5271921875000001 0.384765625 0.5296421875 0.41796875 0.5311125 0.43359375 0.51739375
9 0.44140625 0.542871875 0.4365234375 0.5276828124999999 0.4052734375 0.5296421875 0.3798828125 0.5311125 0.357421875 0.5301328125 0.330078125 0.5311125 0.2919921875 0.5316015625 0.2607421875 0.5325828125000001 0.2685546875 0.5502203125 0.3017578125 0.5502203125 0.3349609375 0.551690625 0.3671875 0.5546296875000001 0.3984375 0.558059375 0.4384765625 0.5590390625 0.44140625 0.542871875
10 0.4345703125 0.5825578124999999 0.4384765625 0.56736875 0.4287109375 0.5570796875 0.3935546875 0.5541406249999999 0.3720703125 0.556590625 0.3369140625 0.5570796875 0.2939453125 0.560509375 0.2626953125 0.5658984375 0.23828125 0.5707984374999999 0.216796875 0.5810875 0.2353515625 0.5913765625 0.2734375 0.592846875 0.296875 0.5913765625 0.333984375 0.5903968749999999 0.3720703125 0.5884375000000001 0.4033203125 0.5859875 0.4345703125 0.5825578124999999
11 0.4365234375 0.6193046875 0.447265625 0.6050953125 0.431640625 0.59235625 0.4033203125 0.5845171875 0.3759765625 0.5864765625 0.337890625 0.592846875 0.30859375 0.59480625 0.2734375 0.5952968750000001 0.2529296875 0.6026453125 0.2353515625 0.6144046875 0.2451171875 0.62714375 0.275390625 0.6246937499999999 0.3095703125 0.6232234375 0.349609375 0.6232234375 0.380859375 0.6217546875 0.4052734375 0.6217546875 0.4365234375 0.6193046875
12 0.4521484375 0.6462515625 0.4541015625 0.63204375 0.4443359375 0.612934375 0.416015625 0.612934375 0.3798828125 0.6207734375 0.3544921875 0.6256734374999999 0.3037109375 0.6286140625 0.271484375 0.63204375 0.2451171875 0.6398828125 0.2626953125 0.654090625 0.3017578125 0.651640625 0.333984375 0.6511515625000001 0.3681640625 0.6501718750000001 0.400390625 0.6501718750000001 0.4267578125 0.6501718750000001 0.4521484375 0.6462515625
13 0.5029296875 0.6511515625000001 0.4765625 0.647721875 0.44921875 0.6536015625 0.423828125 0.663890625 0.42578125 0.6766296875 0.4306640625 0.6908375 0.4443359375 0.70210625 0.4775390625 0.700146875 0.515625 0.6937781249999999 0.5478515625 0.6898578125 0.5888671875 0.68446875 0.625 0.679078125 0.634765625 0.666340625 0.607421875 0.661440625 0.57421875 0.6580109375000001 0.533203125 0.6536015625 0.5029296875 0.6511515625000001
16 0.4814453125 0.751103125 0.4619140625 0.7378734375 0.4345703125 0.73934375 0.4189453125 0.7496328125 0.4033203125 0.7589421875 0.3857421875 0.7702109375 0.36328125 0.7790296875 0.3466796875 0.7902984375 0.349609375 0.805978125 0.380859375 0.7996078125 0.41015625 0.78931875 0.408203125 0.8010781250000001 0.3828125 0.819696875 0.41015625 0.8226359375 0.439453125 0.809896875 0.466796875 0.8005875 0.501953125 0.7927484375 0.517578125 0.7790296875 0.5078125 0.763840625 0.4814453125 0.751103125
6 0.4306640625 0.49387499999999995 0.45703125 0.4904453125 0.45703125 0.47770625000000005 0.4521484375 0.4639875 0.439453125 0.46006875 0.3984375 0.46202812499999996 0.365234375 0.4610484375 0.33984375 0.46006875 0.3037109375 0.457128125 0.2685546875 0.45369843750000005 0.2353515625 0.45075937499999996 0.2080078125 0.4546796875 0.2373046875 0.4639875 0.2666015625 0.4723171875 0.306640625 0.4767265625 0.341796875 0.48113593750000005 0.3701171875 0.48309687500000004 0.4013671875 0.48946562499999996 0.4306640625 0.49387499999999995
5 0.390625 0.4610484375 0.41796875 0.4610484375 0.447265625 0.45761874999999996 0.4560546875 0.44683906249999994 0.44921875 0.4355703125 0.42578125 0.430671875 0.3935546875 0.4292015625 0.36328125 0.42675156249999996 0.33984375 0.4243015625 0.3193359375 0.42136250000000003 0.279296875 0.4164625 0.2529296875 0.4164625 0.2275390625 0.41548281249999997 0.2080078125 0.4135234375 0.1826171875 0.4179328125 0.1875 0.4292015625 0.216796875 0.43655 0.2509765625 0.4453703125 0.2890625 0.44977968749999997 0.3271484375 0.45222968750000003 0.3603515625 0.4561484375 0.390625 0.4610484375
4 0.40625 0.42675156249999996 0.4306640625 0.42675156249999996 0.451171875 0.4174421875 0.4453125 0.404703125 0.4287109375 0.3944140625 0.4052734375 0.3924546875 0.3828125 0.3924546875 0.3544921875 0.3924546875 0.32421875 0.389515625 0.2939453125 0.3855953125 0.2685546875 0.384125 0.2353515625 0.3806953125 0.2353515625 0.3904953125 0.25390625 0.398334375 0.279296875 0.40715312499999995 0.3115234375 0.4140125 0.349609375 0.41891249999999997 0.3798828125 0.4218515625 0.40625 0.42675156249999996
2 0.5205078125 0.6957375 0.490234375 0.6947578125 0.46875 0.6981875 0.44921875 0.70700625 0.46484375 0.7192546875 0.46484375 0.73444375 0.4873046875 0.7422828124999999 0.515625 0.7383640625 0.5458984375 0.7339546875 0.5791015625 0.7290546875 0.611328125 0.7241546875 0.6494140625 0.718765625 0.640625 0.7050468750000001 0.619140625 0.7050468750000001 0.5791015625 0.700146875 0.548828125 0.6962265624999999 0.5205078125 0.6957375
18 0.509765625 0.604115625 0.4775390625 0.6031359375 0.4541015625 0.6011765625 0.44921875 0.6193046875 0.4638671875 0.6305734375000001 0.501953125 0.6286140625 0.5361328125 0.6281234375 0.5732421875 0.6281234375 0.6142578125 0.62959375 0.6279296875 0.6139140624999999 0.6044921875 0.609015625 0.568359375 0.6080359375 0.53515625 0.6055859375 0.509765625 0.604115625
19 0.5458984375 0.5756984375 0.5078125 0.5737390625 0.482421875 0.5732484375 0.4599609375 0.5707984374999999 0.4287109375 0.5707984374999999 0.4208984375 0.5825578124999999 0.423828125 0.5938265625 0.4365234375 0.6050953125 0.4638671875 0.6055859375 0.4921875 0.6055859375 0.5205078125 0.6055859375 0.5556640625 0.604115625 0.58984375 0.601665625 0.63671875 0.6001953125 0.685546875 0.5903968749999999 0.6396484375 0.5825578124999999 0.6064453125 0.5801078125 0.57421875 0.5786374999999999 0.5458984375 0.5756984375
20 0.484375 0.542871875 0.4794921875 0.556590625 0.4912109375 0.570309375 0.5107421875 0.571778125 0.53515625 0.56736875 0.5634765625 0.565409375 0.5986328125 0.5629593749999999 0.640625 0.5526703125 0.607421875 0.5463015625 0.57421875 0.544340625 0.5302734375 0.542871875 0.484375 0.542871875
21 0.56640625 0.514453125 0.5234375 0.5120046874999999 0.4794921875 0.51004375 0.4638671875 0.516903125 0.4560546875 0.5262125 0.4521484375 0.53993125 0.4716796875 0.542871875 0.5078125 0.54238125 0.533203125 0.540421875 0.5634765625 0.5414015625 0.5888671875 0.53993125 0.615234375 0.537971875 0.6533203125 0.5389515625 0.693359375 0.5296421875 0.6650390625 0.5237625 0.626953125 0.5198437499999999 0.5986328125 0.5159234374999999 0.56640625 0.514453125
22 0.541015625 0.4737875 0.5107421875 0.4728078125 0.4921875 0.47035781249999997 0.4697265625 0.4728078125 0.46484375 0.48407656250000003 0.4599609375 0.498284375 0.484375 0.508575 0.5146484375 0.5071046875 0.541015625 0.5041640625 0.5693359375 0.501715625 0.6044921875 0.496815625 0.6376953125 0.4879953125 0.6494140625 0.4767265625 0.615234375 0.47525781250000004 0.58984375 0.4747671875 0.5615234375 0.4737875 0.541015625 0.4737875
3 0.3916015625 0.39392499999999997 0.3720703125 0.3566875 0.3251953125 0.352278125 0.2724609375 0.3463984375 0.24609375 0.3557078125 0.2646484375 0.3694265625 0.3916015625 0.39392499999999997
15 0.3447265625 0.718765625 0.318359375 0.72954375 0.322265625 0.7457125 0.337890625 0.7481625000000001 0.3603515625 0.7457125 0.3505859375 0.7491421875000001 0.3505859375 0.7613921875 0.380859375 0.7658015625 0.4150390625 0.7555125 0.4130859375 0.7447328125 0.4072265625 0.7329734375 0.3916015625 0.718765625 0.3759765625 0.7079859374999999 0.3447265625 0.718765625