21 0.495140625 0.662109375 0.5086390625 0.6640625 0.515659375 0.63671875 0.514578125 0.6025390625 0.512959375 0.580078125 0.510259375 0.552734375 0.5064796874999999 0.5234375 0.5054000000000001 0.49609375 0.502159375 0.462890625 0.49189999999999995 0.427734375 0.4708421875 0.462890625 0.4713828125 0.4931640625 0.4681421875 0.5234375 0.46598281249999995 0.560546875 0.4632828125 0.591796875 0.4578828125 0.619140625 0.46112343750000007 0.646484375 0.4762421875 0.6669921875 0.495140625 0.662109375
22 0.535096875 0.6767578125 0.5523765625 0.677734375 0.5674953125 0.6689453125 0.5701937499999999 0.6279296875 0.5685749999999999 0.6025390625 0.5669546875 0.5791015625 0.5669546875 0.5458984375 0.565875 0.5205078125 0.5653343750000001 0.484375 0.565875 0.4482421875 0.563715625 0.4248046875 0.55075625 0.4482421875 0.5437359374999999 0.482421875 0.5367171875000001 0.515625 0.5286171875 0.5458984375 0.5221375 0.5791015625 0.5183578125 0.609375 0.514578125 0.642578125 0.517278125 0.67578125 0.535096875 0.6767578125
20 0.4330453125 0.6455078125 0.4460046875 0.6494140625 0.4557234375 0.62109375 0.459503125 0.59375 0.4616625 0.5673828125 0.4632828125 0.5390625 0.4681421875 0.5068359375 0.47192187499999994 0.4755859375 0.47462187499999997 0.4306640625 0.4578828125 0.451171875 0.45248437499999994 0.4765625 0.444925 0.4990234375 0.43466562499999994 0.5244140625 0.423865625 0.548828125 0.4157671875 0.5732421875 0.4076671875 0.6025390625 0.41414687499999997 0.6298828125 0.4330453125 0.6455078125
19 0.439525 0.44140625 0.434125 0.4091796875 0.4281859375 0.37890625 0.419546875 0.3447265625 0.3984875 0.326171875 0.3876890625 0.36328125 0.39416875 0.412109375 0.39686875 0.45703125 0.3984875 0.4990234375 0.4146875 0.5234375 0.4308859375 0.521484375 0.444384375 0.48828125 0.44330468749999996 0.4716796875 0.439525 0.44140625
18 0.404428125 0.462890625 0.392009375 0.490234375 0.375809375 0.4794921875 0.3547515625 0.490234375 0.35205156249999997 0.5283203125 0.3547515625 0.560546875 0.3698703125 0.5703125 0.38930937499999996 0.5732421875 0.407128125 0.5576171875 0.4103671875 0.521484375 0.40604687500000003 0.50390625 0.404428125 0.462890625
18 0.3515125 0.580078125 0.3466515625 0.6025390625 0.35043125 0.6279296875 0.36879062500000004 0.6298828125 0.38606875 0.626953125 0.39092812499999996 0.6025390625 0.3855296875 0.578125 0.3720296875 0.58203125 0.3515125 0.580078125
17 0.3671703125 0.4326171875 0.3547515625 0.40625 0.3347734375 0.4208984375 0.326134375 0.4453125 0.3218140625 0.4736328125 0.3245140625 0.49609375 0.3347734375 0.5205078125 0.35043125 0.521484375 0.3671703125 0.4931640625 0.37365 0.4638671875 0.3671703125 0.4326171875
17 0.35043125 0.576171875 0.3498921875 0.5556640625 0.3488125 0.5263671875 0.33369375 0.52734375 0.32289375 0.517578125 0.311015625 0.533203125 0.30183593750000004 0.564453125 0.295896875 0.5908203125 0.305075 0.607421875 0.32019375 0.615234375 0.33639375 0.6181640625 0.3488125 0.6064453125 0.35043125 0.576171875
15 0.278078125 0.7109375 0.29265625 0.6796875 0.302915625 0.658203125 0.31155468750000004 0.63671875 0.3169546875 0.6044921875 0.30345625 0.599609375 0.2894171875 0.5908203125 0.27483749999999996 0.580078125 0.25971875 0.5751953125 0.24945937499999998 0.587890625 0.24298125 0.61328125 0.24028125 0.6435546875 0.23434062500000002 0.6708984375 0.2257015625 0.6943359375 0.21922187499999998 0.71875 0.2051828125 0.751953125 0.221921875 0.7529296875 0.23596093749999997 0.716796875 0.2543203125 0.701171875 0.252159375 0.7333984375 0.23596093749999997 0.767578125 0.24244062500000002 0.787109375 0.2607984375 0.76171875 0.26781875 0.7412109375 0.278078125 0.7109375
14 0.2289421875 0.6103515625 0.21922187499999998 0.5966796875 0.20572343750000002 0.5908203125 0.19060468749999998 0.587890625 0.17980625 0.6025390625 0.1706265625 0.619140625 0.1749453125 0.6455078125 0.186825 0.65234375 0.1976234375 0.6708984375 0.20734375 0.6943359375 0.2213828125 0.689453125 0.2278625 0.6708984375 0.23434062500000002 0.65234375 0.23758125 0.6318359375 0.2289421875 0.6103515625
12 0.3623109375 0.7041015625 0.3698703125 0.681640625 0.36393125 0.654296875 0.35043125 0.6435546875 0.33639375 0.6318359375 0.323434375 0.6298828125 0.3088546875 0.630859375 0.298596875 0.669921875 0.29805625 0.6943359375 0.2910359375 0.716796875 0.2759171875 0.74609375 0.287796875 0.74609375 0.30453593749999996 0.7275390625 0.3250546875 0.728515625 0.32829375 0.7607421875 0.328834375 0.8017578125 0.34233281249999997 0.7734375 0.3450328125 0.7470703125 0.3498921875 0.724609375 0.3623109375 0.7041015625
11 0.3957890625 0.767578125 0.38660937500000003 0.751953125 0.3725703125 0.744140625 0.3601515625 0.7470703125 0.348271875 0.7744140625 0.3450328125 0.806640625 0.3396328125 0.84765625 0.35205156249999997 0.8388671875 0.36879062500000004 0.814453125 0.374190625 0.861328125 0.38336875 0.8349609375 0.393628125 0.810546875 0.39902812499999996 0.787109375 0.3957890625 0.767578125
11 0.41198750000000006 0.728515625 0.4146875 0.7041015625 0.4157671875 0.6787109375 0.4022671875 0.6669921875 0.38930937499999996 0.669921875 0.37905 0.66796875 0.3650109375 0.6650390625 0.36177031249999997 0.697265625 0.35853125 0.724609375 0.35043125 0.7470703125 0.36339062499999997 0.744140625 0.374190625 0.73046875 0.3855296875 0.7470703125 0.38876875 0.767578125 0.39956875 0.78515625 0.40550781249999995 0.751953125 0.41198750000000006 0.728515625
10 0.44924375000000005 0.7744140625 0.444925 0.74609375 0.439525 0.72265625 0.42926562500000004 0.7099609375 0.41360625000000006 0.724609375 0.4011875 0.755859375 0.4006484375 0.78515625 0.39956875 0.814453125 0.39416875 0.8564453125 0.404428125 0.865234375 0.4103671875 0.8369140625 0.421165625 0.7958984375 0.4276453125 0.861328125 0.437365625 0.8310546875 0.44276406250000006 0.8046875 0.44924375000000005 0.7744140625
8 0.5070187500000001 0.6796875 0.4886609375 0.6787109375 0.48488125000000004 0.7041015625 0.4832609375 0.7373046875 0.4886609375 0.767578125 0.4935203125 0.8046875 0.499459375 0.8369140625 0.5167390625 0.849609375 0.515659375 0.8134765625 0.51511875 0.7763671875 0.5167390625 0.7412109375 0.517278125 0.712890625 0.519978125 0.685546875 0.5070187500000001 0.6796875
7 0.5539953125 0.685546875 0.5442765625 0.6884765625 0.5334765625 0.6865234375 0.52051875 0.689453125 0.52051875 0.7158203125 0.5221375 0.744140625 0.525378125 0.78515625 0.532396875 0.8203125 0.5442765625 0.8466796875 0.5604750000000001 0.849609375 0.5572359375 0.822265625 0.5523765625 0.7958984375 0.5518359375 0.7626953125 0.5491359375 0.734375 0.5523765625 0.7099609375 0.5539953125 0.685546875
9 0.46112343750000007 0.6708984375 0.444925 0.685546875 0.444384375 0.7158203125 0.44924375000000005 0.7431640625 0.45464374999999996 0.771484375 0.459503125 0.80078125 0.46598281249999995 0.8251953125 0.47786249999999997 0.8408203125 0.48488125000000004 0.81640625 0.48488125000000004 0.7763671875 0.48488125000000004 0.744140625 0.48974062500000004 0.6953125 0.48110156249999997 0.6787109375 0.46112343750000007 0.6708984375
6 0.5820734375 0.6884765625 0.5674953125 0.6865234375 0.5518359375 0.69140625 0.5491359375 0.71875 0.555075 0.744140625 0.5566953125 0.783203125 0.5588546875 0.8134765625 0.563715625 0.84375 0.576134375 0.84765625 0.58099375 0.814453125 0.5826140625 0.7890625 0.5842328125 0.7646484375 0.5858531250000001 0.734375 0.5896328125 0.7099609375 0.5820734375 0.6884765625
5 0.6247296875 0.7744140625 0.6231093750000001 0.7470703125 0.61393125 0.7275390625 0.6015125 0.72265625 0.5863937499999999 0.7412109375 0.580453125 0.765625 0.5863937499999999 0.798828125 0.5944921875 0.8310546875 0.5988125 0.8642578125 0.606371875 0.8896484375 0.6090718749999999 0.7958984375 0.6128515625000001 0.8466796875 0.62905 0.8896484375 0.6279703125 0.85546875 0.6274296875 0.826171875 0.625809375 0.798828125 0.6247296875 0.7744140625
4 0.6565875 0.6796875 0.6463281249999999 0.6787109375 0.631209375 0.6787109375 0.6128515625000001 0.6884765625 0.61393125 0.716796875 0.6225703125 0.740234375 0.625809375 0.7646484375 0.624190625 0.7890625 0.6247296875 0.8173828125 0.6376890625 0.767578125 0.6479484375 0.7529296875 0.6754859375 0.7802734375 0.666846875 0.7578125 0.6582078124999999 0.73046875 0.656046875 0.7099609375 0.6565875 0.6796875
1 0.7165234375 0.7275390625 0.71274375 0.7041015625 0.71274375 0.673828125 0.7084234375 0.6435546875 0.691684375 0.6484375 0.67710625 0.6640625 0.6646875 0.6748046875 0.6506484375 0.68359375 0.6619875000000001 0.7060546875 0.66900625 0.7333984375 0.671165625 0.755859375 0.67170625 0.7919921875 0.6760265624999999 0.8173828125 0.686825 0.7900390625 0.6884453125000001 0.7509765625 0.7030234375 0.7451171875 0.7165234375 0.7685546875 0.737040625 0.78125 0.7251624999999999 0.748046875 0.7165234375 0.7275390625
0 0.7661984375 0.650390625 0.7618796875 0.6201171875 0.757559375 0.5869140625 0.739740625 0.591796875 0.7213828125 0.60546875 0.701403125 0.6376953125 0.7111234375000001 0.666015625 0.7181421875 0.697265625 0.7251624999999999 0.72265625 0.7365015625 0.7568359375 0.747840625 0.7861328125 0.762959375 0.7861328125 0.7537796875 0.755859375 0.750540625 0.7119140625 0.76511875 0.736328125 0.785096875 0.7783203125 0.785096875 0.75390625 0.7780781250000001 0.7080078125 0.7710578124999999 0.6787109375 0.7661984375 0.650390625
28 0.7861765625 0.6376953125 0.7721375 0.6533203125 0.77051875 0.6787109375 0.7775375 0.7041015625 0.7894171875 0.72265625 0.7964359375 0.69921875 0.8164140625 0.6787109375 0.8272140625000001 0.662109375 0.8245140624999999 0.6318359375 0.815334375 0.61328125 0.802915625 0.607421875 0.7861765625 0.6376953125
4 0.6479484375 0.7529296875 0.6349890625 0.7734375 0.6274296875 0.794921875 0.636609375 0.8193359375 0.6447078125 0.83984375 0.6474078125 0.880859375 0.6571281250000001 0.8232421875 0.6754859375 0.869140625 0.6760265624999999 0.8359375 0.6760265624999999 0.798828125 0.6733265625 0.76953125 0.6641468749999999 0.7490234375 0.6479484375 0.7529296875
30 0.5961125 0.5537109375 0.5961125 0.5107421875 0.58369375 0.4609375 0.5793734374999999 0.4931640625 0.5766734375 0.525390625 0.57289375 0.5615234375 0.57289375 0.583984375 0.5664140625 0.6474609375 0.583153125 0.6552734375 0.60043125 0.6279296875 0.60043125 0.5947265625 0.5961125 0.5537109375
29 0.63175 0.4970703125 0.6349890625 0.46875 0.6322890625 0.4365234375 0.63175 0.4130859375 0.63606875 0.37890625 0.63606875 0.34375 0.6220296875 0.3544921875 0.607990625 0.375 0.6025921875 0.4228515625 0.593953125 0.4443359375 0.5890921875 0.466796875 0.5966515625000001 0.5 0.6047515625 0.5205078125 0.6177109375 0.5126953125 0.63175 0.4970703125
23 0.6576671875 0.5029296875 0.6576671875 0.4716796875 0.6463281249999999 0.44140625 0.6306703125 0.4609375 0.6220296875 0.517578125 0.6231093750000001 0.56640625 0.6301296875 0.583984375 0.6474078125 0.5869140625 0.6598265624999999 0.572265625 0.6630671875 0.548828125 0.6641468749999999 0.5224609375 0.6576671875 0.5029296875
23 0.651728125 0.6455078125 0.6673859375 0.6376953125 0.66630625 0.6005859375 0.6571281250000001 0.5693359375 0.64146875 0.5927734375 0.636609375 0.6435546875 0.651728125 0.6455078125
24 0.6927640625 0.4716796875 0.6900640625000001 0.4384765625 0.678725 0.4736328125 0.66630625 0.4697265625 0.656046875 0.453125 0.654428125 0.482421875 0.656046875 0.5126953125 0.6673859375 0.52734375 0.6760265624999999 0.5478515625 0.691684375 0.541015625 0.6960046875 0.5185546875 0.694384375 0.4951171875 0.6927640625 0.4716796875
24 0.6684671875 0.55078125 0.6673859375 0.583984375 0.6700859375 0.6171875 0.6760265624999999 0.6357421875 0.687365625 0.630859375 0.7030234375 0.6171875 0.7111234375000001 0.5927734375 0.7030234375 0.564453125 0.6900640625000001 0.548828125 0.678725 0.5458984375 0.6684671875 0.55078125
25 0.7462203125 0.5849609375 0.757559375 0.568359375 0.7564796874999999 0.5390625 0.749459375 0.5126953125 0.739740625 0.482421875 0.7197625000000001 0.4072265625 0.7257015625000001 0.45703125 0.7186828125 0.482421875 0.71004375 0.45703125 0.6987046875 0.4287109375 0.6981640625 0.4736328125 0.6987046875 0.5048828125 0.6987046875 0.54296875 0.7024843749999999 0.576171875 0.7143625 0.6005859375 0.7311015624999999 0.5947265625 0.7462203125 0.5849609375
26 0.785096875 0.400390625 0.76781875 0.3828125 0.7510796875 0.3662109375 0.745140625 0.408203125 0.7278625 0.3955078125 0.7224625 0.41796875 0.7267812499999999 0.4609375 0.747840625 0.4814453125 0.76511875 0.490234375 0.7737578125 0.4541015625 0.78725625 0.431640625 0.785096875 0.400390625
29 0.6252703125 0.583984375 0.61663125 0.5458984375 0.6096109375000001 0.5234375 0.6052921875 0.5615234375 0.600971875 0.59765625 0.5966515625000001 0.6337890625 0.6025921875 0.666015625 0.6177109375 0.67578125 0.6301296875 0.6591796875 0.62905 0.6259765625 0.6252703125 0.583984375
2 0.26403906250000003 0.458984375 0.2764578125 0.44140625 0.2888765625 0.408203125 0.29481718749999997 0.3740234375 0.27213750000000003 0.3818359375 0.25971875 0.3740234375 0.2537796875 0.3466796875 0.23704062499999998 0.349609375 0.2240828125 0.3818359375 0.2213828125 0.400390625 0.22948125 0.427734375 0.24514062499999997 0.4365234375 0.2483796875 0.46484375 0.26403906250000003 0.458984375
13 0.287796875 0.5791015625 0.30075625 0.576171875 0.313175 0.548828125 0.313175 0.5224609375 0.313175 0.482421875 0.3147953125 0.443359375 0.3174953125 0.4111328125 0.3088546875 0.3798828125 0.29211718750000004 0.3896484375 0.282396875 0.4365234375 0.2694390625 0.45703125 0.2537796875 0.4853515625 0.24784062499999998 0.5146484375 0.250540625 0.546875 0.2607984375 0.572265625 0.27375781250000003 0.5693359375 0.287796875 0.5791015625