27 0.693359375 0.78441875 0.6826171875 0.7721703125 0.6357421875 0.771190625 0.6025390625 0.7741296875 0.56640625 0.78441875 0.5205078125 0.78686875 0.5224609375 0.8054874999999999 0.5400390625 0.8167562500000001 0.560546875 0.826065625 0.5888671875 0.8201859375 0.6201171875 0.8103875 0.642578125 0.805978125 0.6669921875 0.79421875 0.693359375 0.78441875
26 0.6337890625 0.76678125 0.6708984375 0.7599218750000001 0.662109375 0.74179375 0.625 0.738853125 0.583984375 0.738853125 0.5556640625 0.7408140624999999 0.5205078125 0.7408140624999999 0.486328125 0.74424375 0.4912109375 0.762371875 0.5 0.77315 0.5078125 0.7878484375 0.5400390625 0.78686875 0.5693359375 0.7819703125 0.609375 0.7702109375 0.6337890625 0.76678125
25 0.59765625 0.7310140625 0.625 0.7310140625 0.6494140625 0.7153359375 0.630859375 0.6986765625 0.59375 0.6972078125000001 0.544921875 0.6972078125000001 0.513671875 0.6942671875 0.482421875 0.6937781249999999 0.4580078125 0.7030875 0.4560546875 0.718275 0.46875 0.73199375 0.482421875 0.746203125 0.5087890625 0.746203125 0.546875 0.738853125 0.5693359375 0.7339546875 0.59765625 0.7310140625
24 0.5751953125 0.6829984375 0.6005859375 0.6785890625000001 0.6318359375 0.6717296875 0.615234375 0.661440625 0.5751953125 0.6624203125 0.5380859375 0.6629109375 0.5087890625 0.6629109375 0.4755859375 0.6629109375 0.4404296875 0.6673203125 0.43359375 0.6805484374999999 0.4423828125 0.6937781249999999 0.4638671875 0.6972078125000001 0.484375 0.6937781249999999 0.513671875 0.6874078124999999 0.5439453125 0.6864281250000001 0.5751953125 0.6829984375
23 0.5712890625 0.6550703125 0.611328125 0.651640625 0.646484375 0.642821875 0.6064453125 0.6359625 0.5556640625 0.6305734375000001 0.51953125 0.629103125 0.4794921875 0.6300828125 0.4580078125 0.6281234375 0.4326171875 0.6349828125 0.419921875 0.6482109375 0.419921875 0.663890625 0.4462890625 0.6692796875 0.4755859375 0.663890625 0.5048828125 0.661440625 0.53515625 0.6560515625 0.5712890625 0.6550703125
29 0.513671875 0.629103125 0.5361328125 0.62714375 0.5673828125 0.6256734374999999 0.6005859375 0.6237140625 0.6494140625 0.62224375 0.6220703125 0.610484375 0.5712890625 0.6026453125 0.5205078125 0.5982359374999999 0.48046875 0.597746875 0.453125 0.59235625 0.4248046875 0.5957859375 0.3994140625 0.60215625 0.3935546875 0.618325 0.4111328125 0.629103125 0.4326171875 0.6349828125 0.453125 0.6325328125 0.482421875 0.6300828125 0.513671875 0.629103125
30 0.51953125 0.5913765625 0.5595703125 0.5903968749999999 0.591796875 0.5864765625 0.6318359375 0.5810875 0.599609375 0.57226875 0.5712890625 0.5663890625 0.529296875 0.5619796874999999 0.498046875 0.56345 0.4638671875 0.56345 0.4306640625 0.5590390625 0.3974609375 0.5600203125000001 0.3798828125 0.57226875 0.3935546875 0.587946875 0.421875 0.5933359375 0.4599609375 0.5903968749999999 0.486328125 0.5899062500000001 0.51953125 0.5913765625
31 0.607421875 0.22733906250000002 0.6318359375 0.2293 0.662109375 0.2302796875 0.6875 0.2302796875 0.7119140625 0.222440625 0.6962890625 0.20578124999999997 0.66015625 0.192553125 0.6337890625 0.18324374999999998 0.609375 0.16903437500000001 0.5849609375 0.1631546875 0.560546875 0.162175 0.5517578125 0.178834375 0.5283203125 0.192553125 0.5224609375 0.20578124999999997 0.5419921875 0.21802968749999999 0.5625 0.22292968750000003 0.583984375 0.22685 0.607421875 0.22733906250000002
2 0.6298828125 0.27290468749999997 0.6845703125 0.27290468749999997 0.7109375 0.2552671875 0.677734375 0.23958906249999998 0.6396484375 0.2371390625 0.607421875 0.2346890625 0.5869140625 0.223909375 0.5693359375 0.21362031250000002 0.53515625 0.2190109375 0.515625 0.2293 0.501953125 0.2459578125 0.501953125 0.258696875 0.5224609375 0.2670265625 0.5537109375 0.26751562500000003 0.5908203125 0.26849531249999997 0.6298828125 0.27290468749999997
3 0.3486328125 0.6369421875 0.322265625 0.642821875 0.291015625 0.651640625 0.2666015625 0.6604609375 0.2373046875 0.670259375 0.208984375 0.67711875 0.2041015625 0.6918171875 0.2421875 0.6874078124999999 0.2734375 0.6795687499999999 0.294921875 0.6761390625 0.32421875 0.6736890625 0.353515625 0.6692796875 0.3818359375 0.6673203125 0.408203125 0.6624203125 0.3994140625 0.6462515625 0.3798828125 0.6305734375000001 0.3486328125 0.6369421875
4 0.3173828125 0.6080359375 0.2822265625 0.6080359375 0.2568359375 0.6148953125000001 0.2333984375 0.6212640625 0.216796875 0.6335124999999999 0.216796875 0.6462515625 0.2412109375 0.6423328125000001 0.2666015625 0.6413515624999999 0.2890625 0.640371875 0.3154296875 0.6384125 0.3623046875 0.6393921875 0.3828125 0.6335124999999999 0.388671875 0.6188140625 0.375 0.6070546875 0.3466796875 0.6011765625 0.3173828125 0.6080359375
5 0.291015625 0.574228125 0.263671875 0.576678125 0.2275390625 0.5835375 0.2041015625 0.5943171875 0.181640625 0.599215625 0.1728515625 0.6158750000000001 0.2041015625 0.6148953125000001 0.2373046875 0.6070546875 0.2705078125 0.603625 0.3037109375 0.603625 0.3525390625 0.599215625 0.376953125 0.5943171875 0.369140625 0.579128125 0.3447265625 0.567859375 0.3125 0.5688390625 0.291015625 0.574228125
6 0.2724609375 0.5477703125 0.24609375 0.5511999999999999 0.2216796875 0.5590390625 0.212890625 0.57226875 0.244140625 0.5712890625 0.27734375 0.5688390625 0.3037109375 0.5668796875 0.341796875 0.567859375 0.37109375 0.5668796875 0.375 0.5521796875 0.35546875 0.53748125 0.32421875 0.5389515625 0.296875 0.544340625 0.2724609375 0.5477703125
7 0.275390625 0.51739375 0.248046875 0.52229375 0.2236328125 0.5276828124999999 0.201171875 0.5409109375 0.2255859375 0.544340625 0.2529296875 0.53993125 0.28125 0.5355218749999999 0.3154296875 0.533071875 0.3642578125 0.5355218749999999 0.3681640625 0.5213125 0.3603515625 0.508575 0.3291015625 0.5110234375 0.3017578125 0.515434375 0.275390625 0.51739375
8 0.2392578125 0.48946562499999996 0.212890625 0.49289531249999996 0.2060546875 0.510534375 0.2392578125 0.5120046874999999 0.2685546875 0.5095546875 0.3125 0.5095546875 0.3603515625 0.5110234375 0.375 0.49436562500000003 0.3662109375 0.480646875 0.328125 0.480646875 0.3037109375 0.48750625000000003 0.2705078125 0.48848593749999997 0.2392578125 0.48946562499999996
9 0.3193359375 0.45075937499999996 0.2861328125 0.4517390625 0.259765625 0.45516875 0.2265625 0.4605578125 0.2080078125 0.47525781250000004 0.2353515625 0.48505624999999997 0.265625 0.48260625 0.294921875 0.480646875 0.322265625 0.47966718750000004 0.357421875 0.48162656249999997 0.3779296875 0.47819687499999997 0.373046875 0.46251875 0.37109375 0.448309375 0.3447265625 0.45026875000000005 0.3193359375 0.45075937499999996
10 0.3193359375 0.41009375 0.291015625 0.41009375 0.263671875 0.4091125 0.2353515625 0.4091125 0.21484375 0.41058281250000006 0.1904296875 0.42038281250000004 0.208984375 0.43459062499999995 0.23046875 0.4385109375 0.263671875 0.4404703125 0.291015625 0.44145 0.3291015625 0.45075937499999996 0.35546875 0.4473296875 0.380859375 0.437040625 0.3779296875 0.41940156249999994 0.34375 0.4125421875 0.3193359375 0.41009375
11 0.375 0.37775625 0.341796875 0.375796875 0.3154296875 0.375796875 0.28125 0.3767765625 0.2548828125 0.3723671875 0.228515625 0.36550781250000003 0.2021484375 0.3645265625 0.2255859375 0.38020624999999997 0.2509765625 0.3904953125 0.2822265625 0.40274374999999996 0.3125 0.41009375 0.337890625 0.41499218750000005 0.37109375 0.42234218749999997 0.3955078125 0.414503125 0.4130859375 0.39882343750000004 0.400390625 0.3811859375 0.375 0.37775625
12 0.390625 0.3444390625 0.3642578125 0.3400296875 0.3310546875 0.33464062499999997 0.29296875 0.33121093749999997 0.2568359375 0.3233703125 0.2236328125 0.3189609375 0.2021484375 0.3233703125 0.232421875 0.341009375 0.26171875 0.3508078125 0.2861328125 0.361096875 0.3193359375 0.3723671875 0.3447265625 0.382165625 0.384765625 0.3924546875 0.4091796875 0.387065625 0.419921875 0.36893750000000003 0.41796875 0.3542375 0.390625 0.3444390625
13 0.56640625 0.32092187499999997 0.5908203125 0.3219015625 0.626953125 0.32288125 0.66015625 0.32092187499999997 0.6787109375 0.3106328125 0.6650390625 0.284175 0.623046875 0.281725 0.5869140625 0.27535468750000003 0.564453125 0.27045625 0.5361328125 0.26065625 0.50390625 0.2616359375 0.4755859375 0.2709453125 0.4775390625 0.2876046875 0.4755859375 0.3067125 0.48828125 0.318471875 0.51171875 0.32092187499999997 0.533203125 0.32092187499999997 0.56640625 0.32092187499999997
14 0.421875 0.3591375 0.43359375 0.34786875 0.4375 0.332190625 0.4404296875 0.31749218749999997 0.4560546875 0.297403125 0.4287109375 0.2851546875 0.390625 0.2797640625 0.3623046875 0.27045625 0.328125 0.258696875 0.2880859375 0.2484078125 0.2880859375 0.2670265625 0.3173828125 0.277315625 0.33984375 0.29495312500000004 0.3212890625 0.3042625 0.291015625 0.2983828125 0.26171875 0.284175 0.265625 0.3052421875 0.2890625 0.319940625 0.3173828125 0.32533124999999996 0.3369140625 0.33464062499999997 0.3662109375 0.34688906249999996 0.388671875 0.3591375 0.421875 0.3591375
15 0.4716796875 0.2738859375 0.484375 0.26065625 0.4892578125 0.24252812499999998 0.4775390625 0.2302796875 0.4443359375 0.22587031249999998 0.4130859375 0.2160703125 0.3837890625 0.20578124999999997 0.3603515625 0.198921875 0.32421875 0.1945125 0.3447265625 0.20921093750000003 0.3701171875 0.22733906250000002 0.3818359375 0.24056875 0.33984375 0.2317484375 0.3173828125 0.21166093749999998 0.3134765625 0.236159375 0.3349609375 0.2528171875 0.3623046875 0.26506562499999997 0.3837890625 0.274865625 0.40234375 0.286134375 0.435546875 0.29495312500000004 0.4619140625 0.29054375 0.4716796875 0.2738859375
16 0.43359375 0.164625 0.408203125 0.1631546875 0.376953125 0.1631546875 0.3466796875 0.166584375 0.33984375 0.180303125 0.3603515625 0.1994125 0.3798828125 0.210190625 0.419921875 0.223909375 0.4580078125 0.22831875 0.486328125 0.22195 0.48828125 0.20578124999999997 0.5087890625 0.1910828125 0.5048828125 0.17589375000000002 0.4716796875 0.166584375 0.43359375 0.164625
17 0.6005859375 0.363546875 0.6318359375 0.3645265625 0.67578125 0.3625671875 0.64453125 0.34786875 0.6005859375 0.3444390625 0.5693359375 0.3356203125 0.53515625 0.3287609375 0.5087890625 0.3189609375 0.4736328125 0.31553125 0.462890625 0.3317 0.4580078125 0.35031875 0.4716796875 0.363546875 0.5 0.3645265625 0.5380859375 0.36550781250000003 0.5732421875 0.3645265625 0.6005859375 0.363546875
18 0.564453125 0.395884375 0.591796875 0.39784375 0.630859375 0.39784375 0.671875 0.39882343750000004 0.646484375 0.386575 0.611328125 0.37775625 0.5732421875 0.36795625 0.5380859375 0.3625671875 0.5068359375 0.35766718750000004 0.4736328125 0.3508078125 0.4443359375 0.352278125 0.4375 0.36795625 0.439453125 0.38363593749999997 0.4599609375 0.3968640625 0.48828125 0.39882343750000004 0.529296875 0.3968640625 0.564453125 0.395884375
19 0.5517578125 0.4336109375 0.5869140625 0.43508125 0.6201171875 0.43263125 0.642578125 0.42234218749999997 0.623046875 0.4081328125 0.5869140625 0.40372343749999995 0.5439453125 0.3993140625 0.5087890625 0.3949046875 0.482421875 0.38804531249999996 0.4580078125 0.38265625000000003 0.439453125 0.3924546875 0.41796875 0.41058281250000006 0.4287109375 0.42479218750000003 0.451171875 0.43018124999999996 0.48046875 0.430671875 0.51953125 0.430671875 0.5517578125 0.4336109375
20 0.517578125 0.4747671875 0.5517578125 0.480646875 0.5869140625 0.48309687500000004 0.623046875 0.48260625 0.59765625 0.46643749999999995 0.5673828125 0.45271875 0.5361328125 0.44585937500000006 0.51171875 0.437040625 0.48046875 0.43263125 0.44921875 0.425771875 0.408203125 0.4272421875 0.400390625 0.4448796875 0.3955078125 0.4630078125 0.423828125 0.47035781249999997 0.4560546875 0.47035781249999997 0.486328125 0.470846875 0.517578125 0.4747671875
21 0.515625 0.514453125 0.5537109375 0.515434375 0.5849609375 0.5164140625 0.6181640625 0.5110234375 0.6064453125 0.4953453125 0.56640625 0.48750625000000003 0.53125 0.48505624999999997 0.48046875 0.47525781250000004 0.4443359375 0.4674171875 0.40625 0.46496875 0.3837890625 0.47525781250000004 0.3798828125 0.48946562499999996 0.3837890625 0.5066140625 0.4130859375 0.510534375 0.4404296875 0.5110234375 0.4775390625 0.512984375 0.515625 0.514453125
22 0.5087890625 0.5619796874999999 0.544921875 0.561 0.578125 0.5590390625 0.630859375 0.5541406249999999 0.6044921875 0.5345421875 0.5673828125 0.5311125 0.5224609375 0.5262125 0.4755859375 0.521803125 0.439453125 0.510534375 0.40625 0.5051453125 0.3779296875 0.515434375 0.3818359375 0.5311125 0.3798828125 0.54875 0.3994140625 0.5590390625 0.4306640625 0.56345 0.4736328125 0.5624687500000001 0.5087890625 0.5619796874999999
1 0.4306640625 0.718275 0.4306640625 0.6986765625 0.421875 0.6829984375 0.4111328125 0.6683 0.384765625 0.663890625 0.353515625 0.6683 0.3134765625 0.6874078124999999 0.2822265625 0.6942671875 0.2568359375 0.6981875 0.21484375 0.71190625 0.2490234375 0.71435625 0.279296875 0.709946875 0.310546875 0.7065171875 0.3349609375 0.7128859375000001 0.3017578125 0.7241546875 0.2705078125 0.7383640625 0.2548828125 0.7589421875 0.2890625 0.7520828125000001 0.3193359375 0.7398328125 0.341796875 0.7329734375 0.37109375 0.727584375 0.3994140625 0.725134375 0.4306640625 0.718275
0 0.4736328125 0.757471875 0.451171875 0.7432624999999999 0.4462890625 0.727584375 0.41796875 0.718765625 0.38671875 0.7241546875 0.3603515625 0.7354234374999999 0.330078125 0.7466921875 0.3037109375 0.757471875 0.2890625 0.77315 0.2734375 0.78686875 0.3623046875 0.7653109375 0.3330078125 0.7790296875 0.3173828125 0.7932390625 0.3125 0.8079375000000001 0.337890625 0.8000984375 0.3818359375 0.7863796875 0.4111328125 0.77805 0.439453125 0.7721703125 0.46484375 0.7677609375000001 0.4736328125 0.757471875
28 0.4091796875 0.7775593749999999 0.376953125 0.7878484375 0.353515625 0.7947078125 0.3330078125 0.805978125 0.3349609375 0.8221453125 0.3662109375 0.8201859375 0.3935546875 0.81920625 0.416015625 0.81920625 0.4404296875 0.8182265624999999 0.482421875 0.817246875 0.484375 0.8010781250000001 0.4794921875 0.78441875 0.46875 0.7702109375 0.4326171875 0.77315 0.4091796875 0.7775593749999999