21 0.51494375 0.5888671875 0.5213125 0.623046875 0.5340515625 0.6025390625 0.5369921875 0.5576171875 0.5394421875 0.517578125 0.540421875 0.486328125 0.5438515625 0.455078125 0.5453203125 0.421875 0.542871875 0.38671875 0.5247421875 0.38671875 0.5095546875 0.392578125 0.503675 0.4150390625 0.5046546875 0.4443359375 0.506125 0.482421875 0.5095546875 0.517578125 0.51249375 0.5556640625 0.51494375 0.5888671875
22 0.4723171875 0.61328125 0.47819687499999997 0.640625 0.4904453125 0.611328125 0.4933859375 0.5595703125 0.496815625 0.5048828125 0.49926562499999994 0.46484375 0.5026953125 0.4267578125 0.501715625 0.3974609375 0.4904453125 0.388671875 0.475746875 0.392578125 0.45761874999999996 0.3935546875 0.45761874999999996 0.4267578125 0.4634984375 0.4619140625 0.4634984375 0.5 0.4679078125 0.533203125 0.469378125 0.578125 0.4723171875 0.61328125
20 0.560509375 0.599609375 0.5663890625 0.5556640625 0.569328125 0.517578125 0.5776578125 0.4736328125 0.583046875 0.439453125 0.5796171875 0.408203125 0.5629593749999999 0.3935546875 0.549240625 0.40625 0.5438515625 0.4306640625 0.5453203125 0.4580078125 0.54483125 0.4931640625 0.5482609375 0.53125 0.5463015625 0.56640625 0.5453203125 0.62890625 0.560509375 0.599609375
19 0.5908875 0.677734375 0.6055859375 0.6630859375 0.6075453125 0.611328125 0.610975 0.5595703125 0.6119546875 0.5068359375 0.6144046875 0.4638671875 0.613425 0.423828125 0.6006859375 0.40234375 0.5894171874999999 0.416015625 0.5786374999999999 0.43359375 0.5786374999999999 0.4775390625 0.5786374999999999 0.5068359375 0.584028125 0.55078125 0.5850078125 0.583984375 0.5894171874999999 0.6220703125 0.5908875 0.677734375
18 0.6207734375 0.671875 0.637921875 0.658203125 0.636453125 0.6025390625 0.637921875 0.564453125 0.6398828125 0.5224609375 0.6433125000000001 0.486328125 0.647721875 0.4619140625 0.6413515624999999 0.421875 0.625184375 0.41796875 0.610975 0.4267578125 0.60215625 0.4775390625 0.6050953125 0.517578125 0.6075453125 0.5595703125 0.6095046875000001 0.6005859375 0.612934375 0.6357421875 0.6207734375 0.671875
17 0.6634 0.6669921875 0.6634 0.611328125 0.6687890624999999 0.5625 0.6756484375 0.517578125 0.680059375 0.4794921875 0.6722187500000001 0.4423828125 0.65703125 0.435546875 0.6457625 0.44921875 0.636453125 0.482421875 0.6398828125 0.5263671875 0.6413515624999999 0.5693359375 0.6452718749999999 0.59765625 0.647721875 0.630859375 0.6531109374999999 0.689453125 0.6634 0.6669921875
13 0.7148453124999999 0.662109375 0.71680625 0.611328125 0.718275 0.564453125 0.7246453125000001 0.51953125 0.728075 0.48046875 0.7158249999999999 0.4580078125 0.7016171875 0.453125 0.681528125 0.466796875 0.6732 0.49609375 0.679078125 0.529296875 0.681528125 0.5732421875 0.6878984375 0.6044921875 0.6923078125 0.6376953125 0.700146875 0.6865234375 0.7148453124999999 0.662109375
2 0.725134375 0.630859375 0.725134375 0.6533203125 0.7270953125 0.6865234375 0.73934375 0.6708984375 0.7413031250000001 0.6396484375 0.7540421875 0.607421875 0.7604109375 0.578125 0.766290625 0.55078125 0.7726609375 0.5244140625 0.7682515624999999 0.4892578125 0.7560015625000001 0.4794921875 0.7413031250000001 0.4736328125 0.728075 0.48828125 0.728075 0.515625 0.7261140625 0.544921875 0.7290546875 0.5732421875 0.7270953125 0.6044921875 0.725134375 0.630859375
31 0.757471875 0.6650390625 0.752571875 0.7001953125 0.766290625 0.7021484375 0.7751109375 0.6689453125 0.7819703125 0.6376953125 0.79421875 0.6201171875 0.804996875 0.59765625 0.81185625 0.5732421875 0.8020578125 0.5400390625 0.79421875 0.513671875 0.7795203125 0.5205078125 0.76923125 0.533203125 0.7653109375 0.5576171875 0.763840625 0.5849609375 0.7628609375 0.6162109375 0.7584515625 0.6376953125 0.757471875 0.6650390625
30 0.43459062499999995 0.5751953125 0.43753125 0.599609375 0.45125000000000004 0.6044921875 0.45369843750000005 0.56640625 0.4546796875 0.5283203125 0.45565937500000003 0.4892578125 0.458109375 0.4599609375 0.458109375 0.4267578125 0.45125000000000004 0.40234375 0.43459062499999995 0.392578125 0.42234218749999997 0.4111328125 0.42332187499999996 0.4423828125 0.42528125 0.470703125 0.42773125 0.4912109375 0.43116093749999995 0.517578125 0.432140625 0.546875 0.43459062499999995 0.5751953125
29 0.39882343750000004 0.591796875 0.400784375 0.630859375 0.4066640625 0.671875 0.41548281249999997 0.6376953125 0.41548281249999997 0.591796875 0.4174421875 0.5673828125 0.4198921875 0.5244140625 0.420871875 0.48828125 0.42332187499999996 0.4580078125 0.42234218749999997 0.4287109375 0.409603125 0.408203125 0.3944140625 0.40234375 0.386575 0.4267578125 0.3875546875 0.4619140625 0.3919640625 0.4912109375 0.39539375 0.5283203125 0.39637500000000003 0.5595703125 0.39882343750000004 0.591796875
23 0.368446875 0.6025390625 0.3694265625 0.6337890625 0.381675 0.642578125 0.388534375 0.591796875 0.390984375 0.564453125 0.3944140625 0.51953125 0.39637500000000003 0.48828125 0.39637500000000003 0.4638671875 0.39294531250000003 0.435546875 0.3787359375 0.4248046875 0.3615875 0.423828125 0.3508078125 0.43359375 0.3517890625 0.4638671875 0.357178125 0.4912109375 0.3615875 0.53125 0.368446875 0.5673828125 0.368446875 0.6025390625
24 0.35276874999999996 0.6396484375 0.3537484375 0.591796875 0.3542375 0.5361328125 0.3561984375 0.4912109375 0.35766718750000004 0.4638671875 0.345909375 0.4423828125 0.3263109375 0.4404296875 0.318471875 0.46484375 0.324840625 0.4892578125 0.329740625 0.533203125 0.3317 0.5576171875 0.33610937500000004 0.5869140625 0.34051875 0.615234375 0.345909375 0.6650390625 0.35276874999999996 0.6396484375
25 0.2895640625 0.6220703125 0.29789374999999996 0.671875 0.3057328125 0.6494140625 0.31161249999999996 0.607421875 0.3150421875 0.5693359375 0.3170015625 0.529296875 0.3214109375 0.4951171875 0.32288125 0.470703125 0.3096515625 0.4423828125 0.29789374999999996 0.44921875 0.2807453125 0.451171875 0.27339531250000004 0.4736328125 0.274865625 0.5048828125 0.2802546875 0.533203125 0.281725 0.5673828125 0.2871140625 0.591796875 0.2895640625 0.6220703125
26 0.2778046875 0.658203125 0.2782953125 0.609375 0.2778046875 0.5712890625 0.276825 0.53515625 0.276825 0.501953125 0.2645765625 0.4775390625 0.25036718750000003 0.470703125 0.23909843749999998 0.48046875 0.231259375 0.50390625 0.2322390625 0.529296875 0.23909843749999998 0.5556640625 0.25036718750000003 0.58203125 0.2577171875 0.6162109375 0.2645765625 0.6396484375 0.2778046875 0.658203125
27 0.24448750000000002 0.6318359375 0.240078125 0.599609375 0.237628125 0.56640625 0.23370937500000002 0.5361328125 0.22782968750000002 0.513671875 0.21313125 0.5048828125 0.198921875 0.5224609375 0.1930421875 0.5439453125 0.1954921875 0.5732421875 0.2097015625 0.6025390625 0.21999062500000002 0.62890625 0.2302796875 0.6494140625 0.2479171875 0.673828125 0.24448750000000002 0.6318359375
28 0.22880937499999998 0.369140625 0.2190109375 0.33984375 0.2052921875 0.3154296875 0.1866734375 0.3212890625 0.1842234375 0.341796875 0.185203125 0.37109375 0.1861828125 0.3994140625 0.1866734375 0.4248046875 0.187653125 0.4462890625 0.1954921875 0.4755859375 0.21459999999999999 0.4716796875 0.2302796875 0.46875 0.23909843749999998 0.4462890625 0.2420375 0.41796875 0.23566875 0.390625 0.22880937499999998 0.369140625
0 0.2758453125 0.353515625 0.26065625 0.30859375 0.25134687499999997 0.27734375 0.23811875 0.2548828125 0.22537968749999998 0.2392578125 0.22587031249999998 0.2734375 0.231259375 0.2998046875 0.23321874999999997 0.3369140625 0.2346890625 0.3798828125 0.23664843750000003 0.41796875 0.24105781249999997 0.451171875 0.25575625 0.4599609375 0.272415625 0.4443359375 0.2871140625 0.4375 0.29005312499999997 0.40625 0.2827046875 0.376953125 0.2758453125 0.353515625
1 0.34835937499999997 0.4091796875 0.345909375 0.3798828125 0.3395390625 0.3486328125 0.3317 0.3134765625 0.324840625 0.27734375 0.3170015625 0.2490234375 0.3081828125 0.2197265625 0.2969125 0.2333984375 0.306221875 0.2705078125 0.3125921875 0.3173828125 0.30034375 0.296875 0.2915234375 0.2705078125 0.2782953125 0.2353515625 0.2778046875 0.2861328125 0.283684375 0.32421875 0.28907343750000003 0.3603515625 0.28809375 0.3837890625 0.2915234375 0.4091796875 0.3018125 0.421875 0.3194515625 0.423828125 0.33415 0.416015625 0.34835937499999997 0.4091796875
3 0.3650171875 0.2978515625 0.3586484375 0.2685546875 0.3508078125 0.2412109375 0.3415 0.2080078125 0.327290625 0.1884765625 0.32925 0.228515625 0.333659375 0.2529296875 0.33610937500000004 0.2841796875 0.34051875 0.3291015625 0.34296875 0.373046875 0.3508078125 0.40625 0.36550781250000003 0.3994140625 0.377265625 0.3935546875 0.389515625 0.3837890625 0.384125 0.359375 0.3738359375 0.328125 0.3650171875 0.2978515625
4 0.4086234375 0.2841796875 0.40519375 0.2578125 0.4017640625 0.23046875 0.3944140625 0.2041015625 0.381675 0.177734375 0.370896875 0.1708984375 0.3738359375 0.2060546875 0.377265625 0.2265625 0.3806953125 0.263671875 0.3787359375 0.291015625 0.3787359375 0.341796875 0.382165625 0.375 0.39637500000000003 0.390625 0.40764374999999997 0.3818359375 0.4198921875 0.3623046875 0.4179328125 0.3349609375 0.4086234375 0.3134765625 0.4086234375 0.2841796875
5 0.443409375 0.2705078125 0.4399796875 0.244140625 0.432140625 0.2177734375 0.4287109375 0.185546875 0.4179328125 0.1552734375 0.4042140625 0.1455078125 0.40764374999999997 0.1884765625 0.41009375 0.2197265625 0.41009375 0.2509765625 0.412053125 0.2880859375 0.41548281249999997 0.328125 0.4198921875 0.3681640625 0.43018124999999996 0.3798828125 0.44242968749999995 0.3779296875 0.45125000000000004 0.3525390625 0.44880000000000003 0.32421875 0.44634999999999997 0.2998046875 0.443409375 0.2705078125
6 0.4723171875 0.26171875 0.4723171875 0.216796875 0.46545781249999996 0.1884765625 0.45761874999999996 0.2255859375 0.4566390625 0.24609375 0.45369843750000005 0.2734375 0.44977968749999997 0.306640625 0.44634999999999997 0.34375 0.45369843750000005 0.3623046875 0.46545781249999996 0.373046875 0.4767265625 0.373046875 0.4791765625 0.3349609375 0.47770625000000005 0.310546875 0.47329687500000006 0.2841796875 0.4723171875 0.26171875
7 0.498284375 0.2197265625 0.487015625 0.2080078125 0.485546875 0.248046875 0.4835859375 0.275390625 0.48260625 0.30859375 0.48260625 0.341796875 0.48162656249999997 0.37109375 0.491425 0.375 0.5046546875 0.376953125 0.505634375 0.3466796875 0.5046546875 0.3125 0.503675 0.2822265625 0.5026953125 0.2548828125 0.498284375 0.2197265625
8 0.521803125 0.2197265625 0.5071046875 0.1953125 0.5026953125 0.2255859375 0.503675 0.2578125 0.5046546875 0.294921875 0.506125 0.3369140625 0.5046546875 0.3603515625 0.51494375 0.37109375 0.529153125 0.369140625 0.5325828125000001 0.3330078125 0.5325828125000001 0.3046875 0.5271921875000001 0.27734375 0.5227828125 0.248046875 0.521803125 0.2197265625
9 0.5551203124999999 0.2685546875 0.5482609375 0.2392578125 0.5453203125 0.2060546875 0.5325828125000001 0.1796875 0.530621875 0.2177734375 0.530621875 0.2421875 0.5325828125000001 0.27734375 0.5340515625 0.3212890625 0.529153125 0.353515625 0.5325828125000001 0.376953125 0.5463015625 0.3798828125 0.5595296875 0.3798828125 0.560509375 0.353515625 0.5595296875 0.32421875 0.5570796875 0.2998046875 0.5551203124999999 0.2685546875
10 0.5918671875 0.2412109375 0.592846875 0.2080078125 0.592846875 0.169921875 0.581578125 0.1435546875 0.5707984374999999 0.1767578125 0.5663890625 0.216796875 0.5614890625 0.2529296875 0.5551203124999999 0.2978515625 0.5570796875 0.3310546875 0.5629593749999999 0.3623046875 0.574228125 0.3798828125 0.5874578125000001 0.3662109375 0.5918671875 0.3349609375 0.592846875 0.30859375 0.592846875 0.2734375 0.5918671875 0.2412109375
11 0.626653125 0.3173828125 0.62224375 0.2861328125 0.6276328125 0.2568359375 0.6300828125 0.2216796875 0.6354734375 0.1884765625 0.6286140625 0.166015625 0.6144046875 0.1923828125 0.606565625 0.216796875 0.6006859375 0.2373046875 0.5933359375 0.2734375 0.5908875 0.306640625 0.5864765625 0.3447265625 0.585496875 0.3779296875 0.59970625 0.384765625 0.6119546875 0.392578125 0.62224375 0.376953125 0.625184375 0.3466796875 0.626653125 0.3173828125
12 0.661440625 0.326171875 0.6643796875 0.29296875 0.6687890624999999 0.265625 0.6766296875 0.2255859375 0.6756484375 0.1953125 0.6580109375000001 0.201171875 0.6511515625000001 0.228515625 0.6433125000000001 0.2529296875 0.6354734375 0.2822265625 0.6256734374999999 0.322265625 0.615384375 0.3486328125 0.610975 0.3837890625 0.61979375 0.408203125 0.6354734375 0.416015625 0.6511515625000001 0.419921875 0.658990625 0.384765625 0.6599703124999999 0.359375 0.661440625 0.326171875
14 0.647721875 0.376953125 0.6467421875 0.3994140625 0.6521312499999999 0.419921875 0.6643796875 0.4248046875 0.679078125 0.43359375 0.6932875000000001 0.4306640625 0.7060265625000001 0.4375 0.7138656250000001 0.404296875 0.711415625 0.3583984375 0.71680625 0.3310546875 0.723665625 0.3037109375 0.725134375 0.2724609375 0.7329734375 0.2353515625 0.718275 0.2421875 0.70945625 0.275390625 0.702596875 0.3134765625 0.6878984375 0.3330078125 0.68691875 0.294921875 0.6957375 0.2666015625 0.7060265625000001 0.2353515625 0.711415625 0.21484375 0.6957375 0.21484375 0.6854484375000001 0.2412109375 0.6780984375 0.2705078125 0.6692796875 0.296875 0.66585 0.3173828125 0.6604609375 0.3466796875 0.647721875 0.376953125
15 0.7584515625 0.451171875 0.7653109375 0.4267578125 0.77168125 0.40234375 0.7726609375 0.376953125 0.7751109375 0.3466796875 0.78295 0.3125 0.7927484375 0.2705078125 0.78295 0.24609375 0.7682515624999999 0.265625 0.75698125 0.2822265625 0.746203125 0.3017578125 0.7324843750000001 0.328125 0.723665625 0.353515625 0.7123953125 0.3818359375 0.702596875 0.40625 0.70455625 0.4267578125 0.7172953125 0.4521484375 0.7329734375 0.4560546875 0.7481625000000001 0.470703125 0.7584515625 0.451171875
16 0.8143062499999999 0.421875 0.8152859375 0.390625 0.8162671874999999 0.359375 0.8064671875 0.3330078125 0.7907890625 0.341796875 0.7873593750000001 0.3642578125 0.7775593749999999 0.392578125 0.7672703125 0.4287109375 0.7584515625 0.4638671875 0.75943125 0.4912109375 0.778540625 0.4892578125 0.79421875 0.50390625 0.8084265625 0.5 0.8152859375 0.4775390625 0.8152859375 0.4482421875 0.8143062499999999 0.421875