16 0.8182265624999999 0.5751953125 0.8211656250000001 0.5625 0.8206765624999999 0.517578125 0.8255750000000001 0.48046875 0.828515625 0.451171875 0.832925 0.41796875 0.8363546875000001 0.3955078125 0.8162671874999999 0.40625 0.8020578125 0.451171875 0.8030375 0.3935546875 0.7907890625 0.38671875 0.7809890625 0.4267578125 0.7751109375 0.4638671875 0.7726609375 0.4931640625 0.7682515624999999 0.5263671875 0.764821875 0.5556640625 0.7682515624999999 0.5849609375 0.7839296874999999 0.58203125 0.8010781250000001 0.5888671875 0.8182265624999999 0.5751953125
15 0.7246453125000001 0.435546875 0.718275 0.46875 0.7138656250000001 0.50390625 0.7084765625 0.5458984375 0.7202359375 0.5576171875 0.7329734375 0.5693359375 0.7496328125 0.5732421875 0.763840625 0.5595703125 0.7682515624999999 0.515625 0.7697203125 0.4794921875 0.7741296875 0.451171875 0.7805 0.419921875 0.7951984375000001 0.373046875 0.7760906249999999 0.353515625 0.76923125 0.38671875 0.76188125 0.4091796875 0.7452234375 0.453125 0.7481625000000001 0.4150390625 0.75698125 0.3779296875 0.7604109375 0.3447265625 0.7481625000000001 0.3291015625 0.734934375 0.3603515625 0.7290546875 0.3974609375 0.7246453125000001 0.435546875
14 0.65703125 0.44921875 0.6501718750000001 0.4775390625 0.6442921875 0.498046875 0.6413515624999999 0.533203125 0.6536015625 0.544921875 0.6692796875 0.548828125 0.6893671875 0.5439453125 0.7060265625000001 0.5361328125 0.7079859374999999 0.5107421875 0.7079859374999999 0.4736328125 0.7104359375 0.4423828125 0.7217046875 0.40625 0.723665625 0.37109375 0.7261140625 0.341796875 0.72954375 0.310546875 0.7148453124999999 0.3291015625 0.70700625 0.3603515625 0.700146875 0.3974609375 0.6859375 0.4287109375 0.68446875 0.3994140625 0.6923078125 0.3681640625 0.7011265625 0.3369140625 0.6981875 0.306640625 0.68446875 0.3154296875 0.6712390625 0.3466796875 0.661440625 0.3818359375 0.6599703124999999 0.4150390625 0.65703125 0.44921875
13 0.6756484375 0.7275390625 0.6810390625 0.7646484375 0.68446875 0.7958984375 0.6923078125 0.833984375 0.7050468750000001 0.806640625 0.7104359375 0.75390625 0.7123953125 0.6962890625 0.718275 0.66015625 0.7246453125000001 0.623046875 0.71680625 0.5849609375 0.7050468750000001 0.5693359375 0.6893671875 0.5712890625 0.67466875 0.5908203125 0.667809375 0.6162109375 0.6687890624999999 0.6513671875 0.6712390625 0.689453125 0.6756484375 0.7275390625
12 0.6521312499999999 0.515625 0.647721875 0.4775390625 0.6521312499999999 0.4462890625 0.6531109374999999 0.419921875 0.6536015625 0.38671875 0.6580109375000001 0.3486328125 0.6599703124999999 0.3125 0.647721875 0.294921875 0.6398828125 0.3193359375 0.6344921875 0.3447265625 0.629103125 0.375 0.6212640625 0.4150390625 0.6173437500000001 0.44921875 0.610975 0.486328125 0.6095046875000001 0.51171875 0.6173437500000001 0.5361328125 0.6354734375 0.53515625 0.6521312499999999 0.515625
11 0.6119546875 0.5107421875 0.6119546875 0.4794921875 0.610975 0.453125 0.610975 0.421875 0.610975 0.384765625 0.615384375 0.337890625 0.6212640625 0.3134765625 0.613425 0.2861328125 0.60215625 0.3212890625 0.5943171875 0.3466796875 0.5908875 0.3779296875 0.5884375000000001 0.4111328125 0.584028125 0.4443359375 0.574228125 0.48046875 0.5761875 0.5107421875 0.5864765625 0.5361328125 0.6011765625 0.5361328125 0.6119546875 0.5107421875
10 0.560509375 0.5361328125 0.571778125 0.513671875 0.57716875 0.486328125 0.5820671875000001 0.451171875 0.583046875 0.423828125 0.584028125 0.38671875 0.584028125 0.353515625 0.5850078125 0.3154296875 0.5805984375000001 0.27734375 0.56981875 0.244140625 0.560509375 0.2734375 0.5561 0.3037109375 0.5526703125 0.337890625 0.551690625 0.3671875 0.54483125 0.404296875 0.5438515625 0.435546875 0.5438515625 0.4716796875 0.542871875 0.5048828125 0.5453203125 0.53125 0.560509375 0.5361328125
9 0.5438515625 0.4716796875 0.541890625 0.4326171875 0.5414015625 0.3955078125 0.5394421875 0.357421875 0.53748125 0.3173828125 0.5350312500000001 0.2822265625 0.5213125 0.2705078125 0.51739375 0.306640625 0.51494375 0.341796875 0.51494375 0.3779296875 0.5139640625 0.4267578125 0.5139640625 0.46484375 0.51249375 0.5 0.5183734375 0.5283203125 0.5360125 0.53515625 0.5472812499999999 0.5048828125 0.5438515625 0.4716796875
8 0.51494375 0.4287109375 0.51494375 0.3935546875 0.5139640625 0.3642578125 0.5080843749999999 0.328125 0.4933859375 0.32421875 0.491425 0.3623046875 0.4904453125 0.3974609375 0.4889765625 0.4306640625 0.4889765625 0.470703125 0.487015625 0.501953125 0.4948546875 0.5244140625 0.51249375 0.517578125 0.5139640625 0.48046875 0.5159234374999999 0.4560546875 0.51494375 0.4287109375
7 0.48946562499999996 0.4443359375 0.4889765625 0.4150390625 0.487015625 0.3837890625 0.484565625 0.353515625 0.47819687499999997 0.326171875 0.46545781249999996 0.32421875 0.4659484375 0.3603515625 0.466928125 0.388671875 0.466928125 0.4150390625 0.466928125 0.4462890625 0.4659484375 0.484375 0.464478125 0.5107421875 0.4747671875 0.5263671875 0.48946562499999996 0.5087890625 0.4889765625 0.470703125 0.48946562499999996 0.4443359375
6 0.4634984375 0.4423828125 0.4610484375 0.4130859375 0.46251875 0.3818359375 0.46251875 0.3505859375 0.45761874999999996 0.310546875 0.44585937500000006 0.2890625 0.44439062500000004 0.3291015625 0.44242968749999995 0.3623046875 0.4399796875 0.40625 0.43753125 0.4482421875 0.43459062499999995 0.4892578125 0.4355703125 0.5205078125 0.45125000000000004 0.51953125 0.4659484375 0.51953125 0.464478125 0.46484375 0.4634984375 0.4423828125
5 0.43459062499999995 0.4375 0.4331203125 0.408203125 0.432140625 0.373046875 0.43018124999999996 0.337890625 0.42234218749999997 0.3037109375 0.4179328125 0.2685546875 0.40764374999999997 0.244140625 0.39882343750000004 0.2685546875 0.39882343750000004 0.3046875 0.39882343750000004 0.341796875 0.39784375 0.388671875 0.400784375 0.4248046875 0.403234375 0.466796875 0.4056828125 0.5 0.41548281249999997 0.529296875 0.4331203125 0.5068359375 0.4336109375 0.4716796875 0.43459062499999995 0.4375
4 0.403234375 0.4775390625 0.39882343750000004 0.4482421875 0.39784375 0.423828125 0.39539375 0.3955078125 0.3919640625 0.3662109375 0.386575 0.328125 0.37775625 0.2998046875 0.3630578125 0.291015625 0.3674671875 0.3291015625 0.3699171875 0.3505859375 0.370896875 0.392578125 0.3694265625 0.4306640625 0.3699171875 0.4716796875 0.3718765625 0.5 0.377265625 0.5224609375 0.39294531250000003 0.51953125 0.40519375 0.5048828125 0.403234375 0.4775390625
3 0.3699171875 0.484375 0.36648749999999997 0.4599609375 0.3615875 0.43359375 0.36060781249999996 0.40625 0.35766718750000004 0.3779296875 0.35276874999999996 0.34375 0.3463984375 0.3134765625 0.33610937500000004 0.2880859375 0.3219015625 0.2841796875 0.327290625 0.3173828125 0.329740625 0.3525390625 0.3307203125 0.38671875 0.333659375 0.4287109375 0.33415 0.470703125 0.333659375 0.5 0.34394843750000004 0.529296875 0.3586484375 0.5244140625 0.3738359375 0.5068359375 0.3699171875 0.484375
2 0.7172953125 0.6953125 0.7158249999999999 0.734375 0.71680625 0.7646484375 0.7212156249999999 0.7978515625 0.730525 0.8251953125 0.7496328125 0.8134765625 0.7506125 0.7763671875 0.755021875 0.7451171875 0.7604109375 0.7109375 0.7628609375 0.6845703125 0.7697203125 0.66015625 0.76923125 0.6181640625 0.757471875 0.59375 0.7471828125 0.578125 0.7285640625 0.5859375 0.7192546875 0.62890625 0.7202359375 0.662109375 0.7172953125 0.6953125
1 0.2778046875 0.4951171875 0.2778046875 0.5244140625 0.28564375000000003 0.5400390625 0.30279218750000003 0.544921875 0.318471875 0.5419921875 0.3307203125 0.5380859375 0.34051875 0.5283203125 0.3419890625 0.5048828125 0.333659375 0.4736328125 0.32925 0.439453125 0.3263109375 0.400390625 0.3238609375 0.369140625 0.31798125 0.337890625 0.3096515625 0.326171875 0.29789374999999996 0.3134765625 0.283684375 0.296875 0.2915234375 0.3369140625 0.3018125 0.3662109375 0.3057328125 0.419921875 0.2871140625 0.388671875 0.2802546875 0.3447265625 0.2689859375 0.30859375 0.2577171875 0.3154296875 0.261146875 0.3447265625 0.2670265625 0.376953125 0.2714359375 0.40625 0.276825 0.435546875 0.279275 0.46484375 0.2778046875 0.4951171875
0 0.22782968750000002 0.546875 0.23909843749999998 0.564453125 0.25134687499999997 0.560546875 0.2660453125 0.548828125 0.277315625 0.537109375 0.281725 0.5107421875 0.2758453125 0.48046875 0.2645765625 0.451171875 0.2577171875 0.4267578125 0.2533078125 0.392578125 0.2454671875 0.365234375 0.2302796875 0.3212890625 0.2165609375 0.3388671875 0.22587031249999998 0.3642578125 0.2322390625 0.3955078125 0.2322390625 0.4306640625 0.2165609375 0.3955078125 0.2067609375 0.369140625 0.18961250000000002 0.353515625 0.19010312499999998 0.376953125 0.20088124999999998 0.4130859375 0.21068125000000001 0.4462890625 0.21999062500000002 0.484375 0.22440000000000002 0.5224609375 0.22782968750000002 0.546875
27 0.18961250000000002 0.7275390625 0.18961250000000002 0.7578125 0.1886328125 0.791015625 0.20431093749999998 0.7890625 0.21313125 0.751953125 0.22195 0.720703125 0.22537968749999998 0.673828125 0.22587031249999998 0.640625 0.22880937499999998 0.6064453125 0.21558125 0.58203125 0.20088124999999998 0.5869140625 0.1861828125 0.611328125 0.1822640625 0.6357421875 0.1842234375 0.662109375 0.1886328125 0.693359375 0.18961250000000002 0.7275390625
26 0.231259375 0.6708984375 0.2322390625 0.6953125 0.23321874999999997 0.7177734375 0.2322390625 0.7451171875 0.23321874999999997 0.767578125 0.23321874999999997 0.7890625 0.24742812500000003 0.7890625 0.2616359375 0.7666015625 0.26555625 0.7333984375 0.269965625 0.6953125 0.27045625 0.6513671875 0.276825 0.626953125 0.274865625 0.595703125 0.2616359375 0.583984375 0.24889687500000002 0.5751953125 0.23664843750000003 0.5849609375 0.226359375 0.6005859375 0.231259375 0.6396484375 0.231259375 0.6708984375
24 0.3106328125 0.70703125 0.3125921875 0.7314453125 0.318471875 0.7646484375 0.3326796875 0.76953125 0.329740625 0.73828125 0.3317 0.7001953125 0.3326796875 0.65625 0.3351296875 0.6181640625 0.33610937500000004 0.580078125 0.3238609375 0.55078125 0.307203125 0.5517578125 0.29936250000000003 0.576171875 0.3013234375 0.6005859375 0.30279218750000003 0.6396484375 0.3081828125 0.677734375 0.3106328125 0.70703125
23 0.3630578125 0.6962890625 0.3674671875 0.6669921875 0.370896875 0.6357421875 0.37285625 0.6044921875 0.3718765625 0.576171875 0.35766718750000004 0.5517578125 0.345909375 0.544921875 0.3351296875 0.5556640625 0.3351296875 0.572265625 0.3351296875 0.615234375 0.3351296875 0.66015625 0.3351296875 0.7109375 0.3375796875 0.755859375 0.34835937499999997 0.787109375 0.35766718750000004 0.755859375 0.362078125 0.72265625 0.3630578125 0.6962890625
29 0.362078125 0.6708984375 0.3650171875 0.7138671875 0.36550781250000003 0.7421875 0.3640375 0.7734375 0.3650171875 0.822265625 0.381675 0.8134765625 0.3855953125 0.7734375 0.39637500000000003 0.72265625 0.39637500000000003 0.67578125 0.39882343750000004 0.6357421875 0.39882343750000004 0.59765625 0.39784375 0.5712890625 0.389515625 0.5419921875 0.37775625 0.53125 0.36550781250000003 0.5751953125 0.3630578125 0.59765625 0.3630578125 0.626953125 0.362078125 0.6708984375
30 0.40764374999999997 0.67578125 0.40764374999999997 0.7177734375 0.40764374999999997 0.7470703125 0.409603125 0.7802734375 0.409603125 0.8251953125 0.42234218749999997 0.8046875 0.4287109375 0.7607421875 0.4287109375 0.7109375 0.43116093749999995 0.6689453125 0.432140625 0.6318359375 0.4355703125 0.6005859375 0.43459062499999995 0.5595703125 0.42283125000000005 0.5400390625 0.40764374999999997 0.548828125 0.40519375 0.5751953125 0.402253125 0.599609375 0.40519375 0.6337890625 0.40764374999999997 0.67578125
31 0.764821875 0.7451171875 0.764821875 0.7919921875 0.7609015625 0.81640625 0.7726609375 0.8408203125 0.79176875 0.7919921875 0.8020578125 0.7666015625 0.8010781250000001 0.7333984375 0.8108765625000001 0.703125 0.819696875 0.6787109375 0.8211656250000001 0.642578125 0.8074468749999999 0.6083984375 0.7873593750000001 0.611328125 0.7770703125 0.6181640625 0.766290625 0.642578125 0.7672703125 0.6806640625 0.764821875 0.71875 0.764821875 0.7451171875
17 0.658990625 0.7294921875 0.661440625 0.6875 0.6634 0.66015625 0.66585 0.6220703125 0.6687890624999999 0.583984375 0.661440625 0.5576171875 0.6457625 0.560546875 0.6344921875 0.580078125 0.6310625 0.6064453125 0.6344921875 0.6357421875 0.6374328125 0.677734375 0.6413515624999999 0.72265625 0.6433125000000001 0.7646484375 0.6467421875 0.822265625 0.656540625 0.7783203125 0.658990625 0.7294921875
18 0.604115625 0.7021484375 0.6055859375 0.7333984375 0.6075453125 0.771484375 0.6099953124999999 0.8095703125 0.62224375 0.7890625 0.626653125 0.7490234375 0.6276328125 0.705078125 0.63204375 0.6630859375 0.6344921875 0.6318359375 0.637921875 0.59375 0.6354734375 0.5625 0.6232234375 0.546875 0.610975 0.546875 0.597746875 0.591796875 0.5952968750000001 0.625 0.6011765625 0.6669921875 0.604115625 0.7021484375
19 0.56491875 0.677734375 0.5683484375 0.705078125 0.5707984374999999 0.736328125 0.574228125 0.767578125 0.5776578125 0.802734375 0.584028125 0.8310546875 0.60215625 0.8046875 0.6031359375 0.767578125 0.6006859375 0.7265625 0.6011765625 0.6865234375 0.60215625 0.6357421875 0.6006859375 0.599609375 0.5952968750000001 0.56640625 0.5874578125000001 0.5361328125 0.5761875 0.55078125 0.5683484375 0.576171875 0.5663890625 0.607421875 0.5639390625 0.6376953125 0.56491875 0.677734375
20 0.530621875 0.6318359375 0.5340515625 0.671875 0.5360125 0.7109375 0.5360125 0.7451171875 0.5369921875 0.7802734375 0.541890625 0.8203125 0.5570796875 0.7958984375 0.5575703125 0.7578125 0.5595296875 0.71875 0.5614890625 0.6806640625 0.5629593749999999 0.64453125 0.5619796874999999 0.611328125 0.5629593749999999 0.5712890625 0.5561 0.55078125 0.542871875 0.5400390625 0.529153125 0.5380859375 0.5271921875000001 0.560546875 0.528171875 0.6005859375 0.530621875 0.6318359375
21 0.485546875 0.6376953125 0.4889765625 0.6845703125 0.4904453125 0.720703125 0.491425 0.751953125 0.49730468749999995 0.7978515625 0.5193531250000001 0.7890625 0.5203328125 0.736328125 0.5227828125 0.693359375 0.5247421875 0.6474609375 0.5271921875000001 0.6162109375 0.528171875 0.580078125 0.5262125 0.548828125 0.51494375 0.5244140625 0.501225 0.5263671875 0.484565625 0.529296875 0.48162656249999997 0.5556640625 0.4835859375 0.599609375 0.485546875 0.6376953125
22 0.43802031250000006 0.6494140625 0.43899999999999995 0.7001953125 0.4399796875 0.7294921875 0.4409609375 0.7646484375 0.44439062500000004 0.8076171875 0.46006875 0.8251953125 0.4688875 0.787109375 0.4723171875 0.73828125 0.47329687500000006 0.689453125 0.4767265625 0.6494140625 0.4791765625 0.611328125 0.48015625 0.576171875 0.48162656249999997 0.5361328125 0.4679078125 0.5283203125 0.45026875000000005 0.53125 0.43459062499999995 0.5380859375 0.43459062499999995 0.5625 0.43899999999999995 0.611328125 0.43802031250000006 0.6494140625