28 0.8138171875 0.515625 0.8045078125 0.5126953125 0.7907890625 0.5107421875 0.77805 0.5185546875 0.7604109375 0.53515625 0.7599218750000001 0.56640625 0.77168125 0.591796875 0.780009375 0.6123046875 0.7863796875 0.640625 0.7932390625 0.662109375 0.8069578125 0.6826171875 0.8211656250000001 0.69140625 0.8290046875 0.669921875 0.8245953125 0.6396484375 0.8221453125 0.6044921875 0.819696875 0.5791015625 0.8157765625 0.5458984375 0.8138171875 0.515625
1 0.7383640625 0.7314453125 0.73199375 0.701171875 0.718765625 0.6708984375 0.711415625 0.634765625 0.70455625 0.6025390625 0.7011265625 0.5732421875 0.6805484374999999 0.5732421875 0.6624203125 0.58984375 0.6452718749999999 0.5966796875 0.6384125 0.625 0.6501718750000001 0.6630859375 0.6687890624999999 0.69921875 0.6805484374999999 0.7412109375 0.6918171875 0.767578125 0.70455625 0.78515625 0.7177859375 0.7958984375 0.7153359375 0.767578125 0.700146875 0.734375 0.6962265624999999 0.7080078125 0.6883874999999999 0.6650390625 0.708965625 0.69921875 0.718765625 0.7265625 0.73199375 0.75390625 0.7447328125 0.7626953125 0.7383640625 0.7314453125
0 0.7589421875 0.55078125 0.7481625000000001 0.52734375 0.73444375 0.52734375 0.7192546875 0.552734375 0.708965625 0.5556640625 0.7011265625 0.5791015625 0.7065171875 0.6171875 0.7212156249999999 0.6298828125 0.7266046875 0.650390625 0.7329734375 0.669921875 0.74179375 0.6884765625 0.7530625 0.71875 0.7672703125 0.7373046875 0.78295 0.7392578125 0.7814796875 0.7109375 0.7765796875000001 0.685546875 0.7726609375 0.650390625 0.7653109375 0.6220703125 0.7633515625 0.5869140625 0.7589421875 0.55078125
2 0.26849531249999997 0.55078125 0.278784375 0.533203125 0.2797640625 0.5078125 0.28319375 0.484375 0.286134375 0.45703125 0.288584375 0.4306640625 0.29005312499999997 0.3974609375 0.29495312500000004 0.3701171875 0.2876046875 0.33984375 0.26555625 0.3623046875 0.25967656250000004 0.392578125 0.2567375 0.42578125 0.2439984375 0.4560546875 0.2327296875 0.482421875 0.2302796875 0.517578125 0.24252812499999998 0.5302734375 0.2552671875 0.541015625 0.26849531249999997 0.55078125
3 0.6487015625 0.6396484375 0.6447812500000001 0.611328125 0.6335124999999999 0.615234375 0.6178343749999999 0.611328125 0.606565625 0.6279296875 0.6139140624999999 0.6708984375 0.624203125 0.693359375 0.63204375 0.7236328125 0.6359625 0.7568359375 0.6423328125000001 0.7919921875 0.6560515625 0.8173828125 0.6692796875 0.826171875 0.670259375 0.802734375 0.666340625 0.775390625 0.658990625 0.736328125 0.654090625 0.7109375 0.64968125 0.6787109375 0.6487015625 0.6396484375
4 0.615384375 0.662109375 0.6119546875 0.6240234375 0.6011765625 0.6201171875 0.5859875 0.625 0.5737390625 0.6298828125 0.5683484375 0.65234375 0.57471875 0.6787109375 0.5845171875 0.69921875 0.5889265625 0.7294921875 0.592846875 0.7568359375 0.5962765625 0.7900390625 0.604115625 0.818359375 0.610484375 0.841796875 0.62224375 0.8564453125 0.6207734375 0.8212890625 0.618325 0.7998046875 0.6158750000000001 0.7666015625 0.6168546874999999 0.7333984375 0.6144046875 0.701171875 0.615384375 0.662109375
5 0.57471875 0.6455078125 0.5658984375 0.63671875 0.5546296875000001 0.6376953125 0.5453203125 0.6640625 0.5463015625 0.69140625 0.5482609375 0.7138671875 0.5531609375000001 0.7421875 0.5570796875 0.7646484375 0.5629593749999999 0.7978515625 0.5668796875 0.8203125 0.57226875 0.8515625 0.5845171875 0.8505859375 0.5845171875 0.8173828125 0.5825578124999999 0.794921875 0.5820671875000001 0.751953125 0.5801078125 0.7216796875 0.57716875 0.6806640625 0.57471875 0.6455078125
6 0.5482609375 0.669921875 0.54238125 0.650390625 0.5271921875000001 0.6552734375 0.5159234374999999 0.6708984375 0.5213125 0.7041015625 0.5232734375 0.728515625 0.5237625 0.7578125 0.5262125 0.7900390625 0.5271921875000001 0.8232421875 0.5340515625 0.845703125 0.5453203125 0.8359375 0.5477703125 0.8056640625 0.5453203125 0.7626953125 0.5477703125 0.7373046875 0.5482609375 0.7060546875 0.5482609375 0.669921875
7 0.5198437499999999 0.662109375 0.5080843749999999 0.65234375 0.4953453125 0.66015625 0.49436562500000003 0.6884765625 0.496815625 0.7138671875 0.498284375 0.7392578125 0.496815625 0.767578125 0.5002453124999999 0.794921875 0.4977953125 0.8203125 0.505634375 0.845703125 0.51494375 0.8212890625 0.5159234374999999 0.7978515625 0.5159234374999999 0.759765625 0.51739375 0.728515625 0.516903125 0.6962890625 0.5198437499999999 0.662109375
8 0.48015625 0.6494140625 0.46643749999999995 0.6533203125 0.4683984375 0.6904296875 0.46986718749999995 0.7119140625 0.4723171875 0.74609375 0.4737875 0.775390625 0.4728078125 0.7998046875 0.47035781249999997 0.8251953125 0.48309687500000004 0.8505859375 0.48946562499999996 0.8212890625 0.48750625000000003 0.76953125 0.48750625000000003 0.7294921875 0.48946562499999996 0.6953125 0.49289531249999996 0.658203125 0.48015625 0.6494140625
9 0.457128125 0.6552734375 0.44439062500000004 0.6552734375 0.4409609375 0.677734375 0.44292031249999997 0.7080078125 0.44439062500000004 0.7392578125 0.4473296875 0.7705078125 0.44977968749999997 0.7998046875 0.4517390625 0.828125 0.4639875 0.837890625 0.46643749999999995 0.7958984375 0.4659484375 0.7568359375 0.4688875 0.7314453125 0.4683984375 0.6982421875 0.4683984375 0.6630859375 0.457128125 0.6552734375
10 0.43802031250000006 0.666015625 0.42528125 0.658203125 0.41548281249999997 0.669921875 0.4125421875 0.6982421875 0.409603125 0.728515625 0.40372343749999995 0.7646484375 0.3944140625 0.7978515625 0.388534375 0.828125 0.3924546875 0.8583984375 0.4135234375 0.841796875 0.42038281250000004 0.818359375 0.4331203125 0.77734375 0.44439062500000004 0.728515625 0.4453703125 0.69140625 0.43802031250000006 0.666015625
11 0.4140125 0.7060546875 0.4179328125 0.67578125 0.4164625 0.650390625 0.4012734375 0.6396484375 0.388534375 0.640625 0.379715625 0.662109375 0.37922656250000003 0.6962890625 0.3767765625 0.7333984375 0.37040625 0.76953125 0.3640375 0.7978515625 0.35766718750000004 0.826171875 0.3625671875 0.845703125 0.375796875 0.84375 0.384125 0.8173828125 0.3924546875 0.7900390625 0.398334375 0.7548828125 0.4061734375 0.728515625 0.4140125 0.7060546875
12 0.384615625 0.6728515625 0.384615625 0.6455078125 0.37285625 0.6279296875 0.3586484375 0.6220703125 0.3463984375 0.6396484375 0.347378125 0.67578125 0.3395390625 0.708984375 0.3331703125 0.744140625 0.3258203125 0.779296875 0.32925 0.8203125 0.3400296875 0.8251953125 0.347378125 0.802734375 0.352278125 0.779296875 0.3561984375 0.7578125 0.36550781250000003 0.736328125 0.37530625 0.69921875 0.384615625 0.6728515625
13 0.30034375 0.5712890625 0.31553125 0.5810546875 0.3282703125 0.5693359375 0.329740625 0.5400390625 0.3282703125 0.5126953125 0.3268 0.4765625 0.32533124999999996 0.44140625 0.32288125 0.4052734375 0.3243515625 0.365234375 0.3140625 0.33203125 0.30034375 0.375 0.2964234375 0.4052734375 0.2915234375 0.439453125 0.288584375 0.4697265625 0.2846640625 0.4921875 0.2797640625 0.5185546875 0.2797640625 0.552734375 0.2876046875 0.576171875 0.30034375 0.5712890625
14 0.2964234375 0.8076171875 0.3091625 0.787109375 0.32043125 0.7548828125 0.3268 0.7294921875 0.33121093749999997 0.6953125 0.3424796875 0.6787109375 0.3512984375 0.658203125 0.35766718750000004 0.63671875 0.3512984375 0.6123046875 0.33121093749999997 0.6142578125 0.31553125 0.6015625 0.3013234375 0.583984375 0.2915234375 0.6025390625 0.2915234375 0.64453125 0.286134375 0.66796875 0.2822140625 0.69140625 0.269475 0.716796875 0.26310625 0.74609375 0.2552671875 0.783203125 0.26849531249999997 0.7880859375 0.2797640625 0.76171875 0.2871140625 0.7412109375 0.3081828125 0.7041015625 0.3018125 0.7333984375 0.291034375 0.7626953125 0.2846640625 0.787109375 0.2782953125 0.8154296875 0.2964234375 0.8076171875
15 0.288584375 0.5888671875 0.2758453125 0.576171875 0.2640859375 0.5546875 0.25134687499999997 0.5478515625 0.24252812499999998 0.5810546875 0.23664843750000003 0.607421875 0.2346890625 0.6318359375 0.22733906250000002 0.6708984375 0.22195 0.7060546875 0.2160703125 0.74609375 0.2297890625 0.744140625 0.2439984375 0.7236328125 0.25918593749999996 0.69921875 0.2670265625 0.6806640625 0.28907343750000003 0.6376953125 0.29789374999999996 0.6123046875 0.288584375 0.5888671875
16 0.24105781249999997 0.5947265625 0.2454671875 0.568359375 0.23909843749999998 0.5458984375 0.22195 0.54296875 0.2072515625 0.5302734375 0.1954921875 0.5439453125 0.1891234375 0.5654296875 0.18814375 0.5947265625 0.1930421875 0.6220703125 0.192553125 0.65234375 0.1930421875 0.6787109375 0.18814375 0.708984375 0.1905921875 0.7373046875 0.20578124999999997 0.724609375 0.217540625 0.703125 0.22195 0.6826171875 0.226359375 0.65234375 0.23370937500000002 0.6220703125 0.24105781249999997 0.5947265625
17 0.36550781250000003 0.5439453125 0.36795625 0.505859375 0.3630578125 0.4697265625 0.3640375 0.431640625 0.3630578125 0.3984375 0.361096875 0.3671875 0.349828125 0.3984375 0.34394843750000004 0.447265625 0.3375796875 0.4892578125 0.3307203125 0.533203125 0.327290625 0.56640625 0.33610937500000004 0.5986328125 0.3512984375 0.5869140625 0.3640375 0.5712890625 0.36550781250000003 0.5439453125
18 0.389515625 0.607421875 0.39882343750000004 0.58984375 0.39882343750000004 0.5693359375 0.398334375 0.533203125 0.3949046875 0.494140625 0.3919640625 0.4619140625 0.390984375 0.421875 0.3904953125 0.380859375 0.3782453125 0.388671875 0.37432656249999996 0.4365234375 0.37040625 0.4765625 0.36648749999999997 0.5234375 0.3630578125 0.5537109375 0.3586484375 0.576171875 0.3615875 0.607421875 0.37432656249999996 0.6220703125 0.389515625 0.607421875
19 0.42136250000000003 0.4638671875 0.41891249999999997 0.408203125 0.40764374999999997 0.3701171875 0.400784375 0.416015625 0.398334375 0.458984375 0.39735468749999997 0.494140625 0.398334375 0.5361328125 0.395884375 0.5732421875 0.3944140625 0.607421875 0.403234375 0.6298828125 0.4125421875 0.6318359375 0.42283125000000005 0.6220703125 0.42822187500000003 0.6015625 0.42822187500000003 0.5712890625 0.42381250000000004 0.541015625 0.42283125000000005 0.5 0.42136250000000003 0.4638671875
20 0.4561484375 0.6279296875 0.45761874999999996 0.6025390625 0.45369843750000005 0.5693359375 0.44977968749999997 0.54296875 0.4473296875 0.5048828125 0.45075937499999996 0.4716796875 0.4517390625 0.4306640625 0.44977968749999997 0.3857421875 0.439490625 0.34765625 0.430671875 0.390625 0.43165156250000003 0.4462890625 0.43165156250000003 0.4892578125 0.43165156250000003 0.5400390625 0.42822187500000003 0.576171875 0.42675156249999996 0.615234375 0.4341015625 0.63671875 0.44585937500000006 0.6328125 0.4561484375 0.6279296875
21 0.48260625 0.6357421875 0.491915625 0.626953125 0.4904453125 0.5986328125 0.4879953125 0.5654296875 0.485546875 0.525390625 0.48407656250000003 0.4873046875 0.48260625 0.447265625 0.48113593750000005 0.4130859375 0.4791765625 0.3779296875 0.4639875 0.3349609375 0.45859843749999996 0.388671875 0.45222968750000003 0.4189453125 0.45565937500000003 0.4560546875 0.4546796875 0.509765625 0.4561484375 0.5615234375 0.45761874999999996 0.5966796875 0.46006875 0.6298828125 0.46986718749999995 0.642578125 0.48260625 0.6357421875
22 0.52229375 0.6396484375 0.5301328125 0.6220703125 0.533071875 0.58984375 0.530621875 0.556640625 0.5213125 0.515625 0.5183734375 0.484375 0.516903125 0.4560546875 0.51739375 0.4189453125 0.5159234374999999 0.3759765625 0.5095546875 0.3291015625 0.498284375 0.3798828125 0.49387499999999995 0.4345703125 0.4958359375 0.4765625 0.4953453125 0.53515625 0.49436562500000003 0.576171875 0.49289531249999996 0.615234375 0.49926562499999994 0.6376953125 0.5110234375 0.6376953125 0.52229375 0.6396484375
31 0.24693749999999998 0.4423828125 0.25036718750000003 0.4306640625 0.2616359375 0.3955078125 0.2518375 0.3701171875 0.237628125 0.3876953125 0.2234203125 0.4052734375 0.21215156249999997 0.4267578125 0.2028421875 0.44140625 0.21068125000000001 0.4775390625 0.22488906250000001 0.4853515625 0.23664843750000003 0.4765625 0.24693749999999998 0.4423828125
30 0.56345 0.611328125 0.561 0.578125 0.5595296875 0.541015625 0.556590625 0.5126953125 0.551690625 0.4716796875 0.5482609375 0.4287109375 0.5467906250000001 0.3974609375 0.5389515625 0.3603515625 0.5276828124999999 0.3876953125 0.5252328125 0.43359375 0.5262125 0.4697265625 0.5286625 0.5205078125 0.5286625 0.552734375 0.5311125 0.5869140625 0.5360125 0.6171875 0.551690625 0.625 0.56345 0.611328125
29 0.599215625 0.591796875 0.6011765625 0.5654296875 0.597746875 0.5302734375 0.5952968750000001 0.4970703125 0.5903968749999999 0.4560546875 0.5884375000000001 0.421875 0.5859875 0.3876953125 0.57471875 0.3466796875 0.5658984375 0.388671875 0.565409375 0.43359375 0.5629593749999999 0.4765625 0.5619796874999999 0.5283203125 0.561 0.5654296875 0.5644296875 0.6044921875 0.5761875 0.6220703125 0.5899062500000001 0.6171875 0.599215625 0.591796875
23 0.6335124999999999 0.560546875 0.6305734375000001 0.5361328125 0.62714375 0.509765625 0.624203125 0.4814453125 0.618325 0.447265625 0.615384375 0.4130859375 0.612934375 0.3779296875 0.6080359375 0.337890625 0.5987265625 0.3798828125 0.5889265625 0.4384765625 0.5889265625 0.47265625 0.5884375000000001 0.517578125 0.5899062500000001 0.5537109375 0.59480625 0.591796875 0.6178343749999999 0.6025390625 0.6349828125 0.5888671875 0.6335124999999999 0.560546875
24 0.6599703124999999 0.5791015625 0.6692796875 0.560546875 0.663890625 0.53125 0.6604609375 0.5029296875 0.6575203125 0.47265625 0.652621875 0.4443359375 0.64968125 0.416015625 0.6501718750000001 0.380859375 0.6452718749999999 0.34765625 0.62959375 0.380859375 0.6281234375 0.421875 0.62714375 0.44140625 0.6246937499999999 0.4794921875 0.6232234375 0.5185546875 0.6207734375 0.552734375 0.63204375 0.5732421875 0.6452718749999999 0.5810546875 0.6599703124999999 0.5791015625
25 0.7011265625 0.5537109375 0.7153359375 0.5458984375 0.71680625 0.515625 0.7123953125 0.4873046875 0.7060265625000001 0.46484375 0.6972078125000001 0.4345703125 0.6937781249999999 0.41015625 0.6893671875 0.3857421875 0.6766296875 0.3544921875 0.661440625 0.375 0.6604609375 0.40625 0.6604609375 0.4345703125 0.6624203125 0.47265625 0.658990625 0.5078125 0.663890625 0.533203125 0.67075 0.560546875 0.6883874999999999 0.5634765625 0.7011265625 0.5537109375
26 0.7496328125 0.513671875 0.7584515625 0.5068359375 0.7672703125 0.484375 0.766290625 0.4619140625 0.7506125 0.4267578125 0.74424375 0.3935546875 0.7403234375000001 0.365234375 0.73689375 0.3349609375 0.7226843749999999 0.3271484375 0.707496875 0.3466796875 0.7084765625 0.3798828125 0.709946875 0.40625 0.709946875 0.443359375 0.7128859375000001 0.474609375 0.716315625 0.5126953125 0.72954375 0.5224609375 0.73934375 0.5224609375 0.7496328125 0.513671875
27 0.7996078125 0.3955078125 0.7863796875 0.384765625 0.7751109375 0.375 0.763840625 0.34765625 0.7545328125 0.314453125 0.7432624999999999 0.3369140625 0.7466921875 0.3759765625 0.7506125 0.40625 0.755021875 0.4306640625 0.7653109375 0.4541015625 0.77805 0.466796875 0.7878484375 0.44921875 0.8020578125 0.423828125 0.7996078125 0.3955078125