28 0.591796875 0.22831875 0.6123046875 0.21999062500000002 0.640625 0.21362031250000002 0.662109375 0.2067609375 0.6826171875 0.1930421875 0.69140625 0.178834375 0.669921875 0.1709953125 0.6396484375 0.1754046875 0.6044921875 0.1778546875 0.5791015625 0.180303125 0.5458984375 0.1842234375 0.515625 0.1861828125 0.5126953125 0.1954921875 0.5107421875 0.20921093750000003 0.5185546875 0.22195 0.53515625 0.23958906249999998 0.56640625 0.240078125 0.591796875 0.22831875
1 0.5732421875 0.3194515625 0.58984375 0.3375796875 0.5966796875 0.354728125 0.625 0.3615875 0.6630859375 0.349828125 0.69921875 0.33121093749999997 0.7412109375 0.3194515625 0.767578125 0.3081828125 0.78515625 0.29544375 0.7958984375 0.2822140625 0.767578125 0.2846640625 0.734375 0.299853125 0.7080078125 0.30377343749999997 0.6650390625 0.31161249999999996 0.69921875 0.291034375 0.7265625 0.28123437500000004 0.75390625 0.26800625 0.7626953125 0.2552671875 0.7314453125 0.2616359375 0.701171875 0.26800625 0.6708984375 0.28123437500000004 0.634765625 0.288584375 0.6025390625 0.29544375 0.5732421875 0.2988734375 0.5732421875 0.3194515625
0 0.6171875 0.2934828125 0.6298828125 0.278784375 0.650390625 0.27339531250000004 0.669921875 0.2670265625 0.6884765625 0.25820625 0.71875 0.24693749999999998 0.7373046875 0.2327296875 0.7392578125 0.21705000000000002 0.7109375 0.2185203125 0.685546875 0.2234203125 0.650390625 0.22733906250000002 0.6220703125 0.2346890625 0.5869140625 0.23664843750000003 0.55078125 0.24105781249999997 0.52734375 0.2518375 0.52734375 0.26555625 0.552734375 0.2807453125 0.5556640625 0.291034375 0.5791015625 0.2988734375 0.6171875 0.2934828125
2 0.3974609375 0.709946875 0.3701171875 0.7050468750000001 0.33984375 0.7123953125 0.3623046875 0.73444375 0.392578125 0.7403234375000001 0.42578125 0.7432624999999999 0.4560546875 0.7560015625000001 0.482421875 0.7672703125 0.517578125 0.7697203125 0.5302734375 0.757471875 0.541015625 0.7447328125 0.55078125 0.7315046875 0.533203125 0.7212156249999999 0.5078125 0.7202359375 0.484375 0.71680625 0.45703125 0.7138656250000001 0.4306640625 0.711415625 0.3974609375 0.709946875
3 0.693359375 0.375796875 0.7236328125 0.36795625 0.7568359375 0.3640375 0.7919921875 0.35766718750000004 0.8173828125 0.34394843750000004 0.826171875 0.3307203125 0.802734375 0.329740625 0.775390625 0.333659375 0.736328125 0.341009375 0.7109375 0.345909375 0.6787109375 0.35031875 0.6396484375 0.3512984375 0.611328125 0.35521875 0.615234375 0.36648749999999997 0.611328125 0.382165625 0.6279296875 0.393434375 0.6708984375 0.3860859375 0.693359375 0.375796875
4 0.6787109375 0.42528125 0.69921875 0.41548281249999997 0.7294921875 0.41107343749999997 0.7568359375 0.40715312499999995 0.7900390625 0.40372343749999995 0.818359375 0.395884375 0.841796875 0.389515625 0.8564453125 0.37775625 0.8212890625 0.37922656250000003 0.7998046875 0.381675 0.7666015625 0.384125 0.7333984375 0.3831453125 0.701171875 0.3855953125 0.662109375 0.384615625 0.6240234375 0.38804531249999996 0.6201171875 0.39882343750000004 0.625 0.4140125 0.6298828125 0.42626093750000005 0.65234375 0.43165156250000003 0.6787109375 0.42528125
5 0.7421875 0.44683906249999994 0.7646484375 0.44292031249999997 0.7978515625 0.437040625 0.8203125 0.4331203125 0.8515625 0.42773125 0.8505859375 0.41548281249999997 0.8173828125 0.41548281249999997 0.794921875 0.4174421875 0.751953125 0.4179328125 0.7216796875 0.4198921875 0.6806640625 0.42283125000000005 0.6455078125 0.42528125 0.63671875 0.4341015625 0.6376953125 0.4453703125 0.6640625 0.4546796875 0.69140625 0.45369843750000005 0.7138671875 0.4517390625 0.7421875 0.44683906249999994
6 0.7578125 0.4762375 0.7900390625 0.4737875 0.8232421875 0.4728078125 0.845703125 0.4659484375 0.8359375 0.4546796875 0.8056640625 0.45222968750000003 0.7626953125 0.4546796875 0.7373046875 0.45222968750000003 0.7060546875 0.4517390625 0.669921875 0.4517390625 0.650390625 0.45761874999999996 0.6552734375 0.4728078125 0.6708984375 0.48407656250000003 0.7041015625 0.47868750000000004 0.728515625 0.4767265625 0.7578125 0.4762375
7 0.767578125 0.503184375 0.794921875 0.4997546875 0.8203125 0.5022046875 0.845703125 0.49436562500000003 0.8212890625 0.48505624999999997 0.7978515625 0.48407656250000003 0.759765625 0.48407656250000003 0.728515625 0.48260625 0.6962890625 0.48309687500000004 0.662109375 0.48015625 0.65234375 0.491915625 0.66015625 0.5046546875 0.6884765625 0.505634375 0.7138671875 0.503184375 0.7392578125 0.501715625 0.767578125 0.503184375
8 0.7998046875 0.5271921875000001 0.8251953125 0.5296421875 0.8505859375 0.516903125 0.8212890625 0.510534375 0.76953125 0.51249375 0.7294921875 0.51249375 0.6953125 0.510534375 0.658203125 0.5071046875 0.6494140625 0.5198437499999999 0.6533203125 0.5335625 0.6904296875 0.5316015625 0.7119140625 0.5301328125 0.74609375 0.5276828124999999 0.775390625 0.5262125 0.7998046875 0.5271921875000001
9 0.7998046875 0.5502203125 0.828125 0.5482609375 0.837890625 0.5360125 0.7958984375 0.5335625 0.7568359375 0.5340515625 0.7314453125 0.5311125 0.6982421875 0.5316015625 0.6630859375 0.5316015625 0.6552734375 0.542871875 0.6552734375 0.555609375 0.677734375 0.5590390625 0.7080078125 0.5570796875 0.7392578125 0.555609375 0.7705078125 0.5526703125 0.7998046875 0.5502203125
10 0.7978515625 0.6055859375 0.828125 0.611465625 0.8583984375 0.6075453125 0.841796875 0.5864765625 0.818359375 0.5796171875 0.77734375 0.5668796875 0.728515625 0.555609375 0.69140625 0.5546296875000001 0.666015625 0.5619796874999999 0.658203125 0.57471875 0.669921875 0.5845171875 0.6982421875 0.5874578125000001 0.728515625 0.5903968749999999 0.7646484375 0.5962765625 0.7978515625 0.6055859375
11 0.6962890625 0.6207734375 0.7333984375 0.6232234375 0.76953125 0.62959375 0.7978515625 0.6359625 0.826171875 0.6423328125000001 0.845703125 0.6374328125 0.84375 0.624203125 0.8173828125 0.6158750000000001 0.7900390625 0.6075453125 0.7548828125 0.601665625 0.728515625 0.5938265625 0.7060546875 0.5859875 0.67578125 0.5820671875000001 0.650390625 0.5835375 0.6396484375 0.5987265625 0.640625 0.611465625 0.662109375 0.620284375 0.6962890625 0.6207734375
12 0.708984375 0.6604609375 0.744140625 0.6668296875 0.779296875 0.6741796875 0.8203125 0.67075 0.8251953125 0.6599703124999999 0.802734375 0.652621875 0.779296875 0.647721875 0.7578125 0.6438015625 0.736328125 0.6344921875 0.69921875 0.6246937499999999 0.6728515625 0.615384375 0.6455078125 0.615384375 0.6279296875 0.62714375 0.6220703125 0.6413515624999999 0.6396484375 0.6536015625 0.67578125 0.652621875 0.708984375 0.6604609375
13 0.44140625 0.67466875 0.4052734375 0.67711875 0.365234375 0.6756484375 0.33203125 0.6859375 0.375 0.6996578125 0.4052734375 0.7035765625 0.439453125 0.7084765625 0.4697265625 0.711415625 0.4921875 0.7153359375 0.5185546875 0.7202359375 0.552734375 0.7202359375 0.576171875 0.7123953125 0.5712890625 0.6996578125 0.5810546875 0.68446875 0.5693359375 0.6717296875 0.5400390625 0.670259375 0.5126953125 0.6717296875 0.4765625 0.6732 0.44140625 0.67466875
14 0.658203125 0.6487015625 0.63671875 0.6423328125000001 0.6123046875 0.6487015625 0.6142578125 0.6687890624999999 0.6015625 0.68446875 0.583984375 0.6986765625 0.6025390625 0.7084765625 0.64453125 0.7084765625 0.66796875 0.7138656250000001 0.69140625 0.7177859375 0.716796875 0.730525 0.74609375 0.73689375 0.783203125 0.7447328125 0.7880859375 0.7315046875 0.76171875 0.7202359375 0.7412109375 0.7128859375000001 0.7041015625 0.6918171875 0.7333984375 0.6981875 0.7626953125 0.708965625 0.787109375 0.7153359375 0.8154296875 0.7217046875 0.8076171875 0.7035765625 0.787109375 0.6908375 0.7548828125 0.6795687499999999 0.7294921875 0.6732 0.6953125 0.6687890624999999 0.6787109375 0.6575203125 0.658203125 0.6487015625
15 0.6318359375 0.7653109375 0.6708984375 0.7726609375 0.7060546875 0.77805 0.74609375 0.7839296874999999 0.744140625 0.7702109375 0.7236328125 0.7560015625000001 0.69921875 0.7408140624999999 0.6806640625 0.7329734375 0.6376953125 0.7109265625 0.6123046875 0.70210625 0.5888671875 0.711415625 0.576171875 0.7241546875 0.5546875 0.7359140625 0.5478515625 0.7486531249999999 0.5810546875 0.757471875 0.607421875 0.7633515625 0.6318359375 0.7653109375
16 0.5654296875 0.8108765625000001 0.5947265625 0.81185625 0.6220703125 0.8069578125 0.65234375 0.8074468749999999 0.6787109375 0.8069578125 0.708984375 0.81185625 0.7373046875 0.8094078124999999 0.724609375 0.79421875 0.703125 0.782459375 0.6826171875 0.77805 0.65234375 0.773640625 0.6220703125 0.766290625 0.5947265625 0.7589421875 0.568359375 0.7545328125 0.5458984375 0.7609015625 0.54296875 0.77805 0.5302734375 0.7927484375 0.5439453125 0.8045078125 0.5654296875 0.8108765625000001
17 0.3984375 0.6501718750000001 0.447265625 0.6560515625 0.4892578125 0.6624203125 0.533203125 0.6692796875 0.56640625 0.6727093749999999 0.5986328125 0.663890625 0.5869140625 0.6487015625 0.5712890625 0.6359625 0.5439453125 0.6344921875 0.505859375 0.63204375 0.4697265625 0.6369421875 0.431640625 0.6359625 0.3984375 0.6369421875 0.3671875 0.638903125 0.3984375 0.6501718750000001
18 0.421875 0.609015625 0.380859375 0.6095046875000001 0.388671875 0.6217546875 0.4365234375 0.6256734374999999 0.4765625 0.62959375 0.5234375 0.6335124999999999 0.5537109375 0.6369421875 0.576171875 0.6413515624999999 0.607421875 0.6384125 0.6220703125 0.6256734374999999 0.607421875 0.610484375 0.58984375 0.6011765625 0.5693359375 0.6011765625 0.533203125 0.601665625 0.494140625 0.6050953125 0.4619140625 0.6080359375 0.421875 0.609015625
19 0.5361328125 0.601665625 0.5732421875 0.604115625 0.607421875 0.6055859375 0.6298828125 0.596765625 0.6318359375 0.5874578125000001 0.6220703125 0.57716875 0.6015625 0.571778125 0.5712890625 0.571778125 0.541015625 0.5761875 0.5 0.57716875 0.4638671875 0.5786374999999999 0.408203125 0.5810875 0.3701171875 0.59235625 0.416015625 0.599215625 0.458984375 0.601665625 0.494140625 0.6026453125 0.5361328125 0.601665625
20 0.4306640625 0.5482609375 0.3857421875 0.5502203125 0.34765625 0.560509375 0.390625 0.569328125 0.4462890625 0.5683484375 0.4892578125 0.5683484375 0.5400390625 0.5683484375 0.576171875 0.571778125 0.615234375 0.5732484375 0.63671875 0.5658984375 0.6328125 0.5541406249999999 0.6279296875 0.5438515625 0.6025390625 0.54238125 0.5693359375 0.5463015625 0.54296875 0.5502203125 0.5048828125 0.5526703125 0.4716796875 0.549240625 0.4306640625 0.5482609375
21 0.447265625 0.51739375 0.4130859375 0.5188640625 0.3779296875 0.5208234375 0.3349609375 0.5360125 0.388671875 0.5414015625 0.4189453125 0.5477703125 0.4560546875 0.544340625 0.509765625 0.5453203125 0.5615234375 0.5438515625 0.5966796875 0.54238125 0.6298828125 0.53993125 0.642578125 0.5301328125 0.6357421875 0.51739375 0.626953125 0.5080843749999999 0.5986328125 0.5095546875 0.5654296875 0.5120046874999999 0.525390625 0.514453125 0.4873046875 0.5159234374999999 0.447265625 0.51739375
22 0.4560546875 0.48309687500000004 0.4189453125 0.48260625 0.3759765625 0.48407656250000003 0.3291015625 0.4904453125 0.3798828125 0.501715625 0.4345703125 0.506125 0.4765625 0.5041640625 0.53515625 0.5046546875 0.576171875 0.505634375 0.615234375 0.5071046875 0.6376953125 0.5007343750000001 0.6376953125 0.4889765625 0.6396484375 0.47770625000000005 0.6220703125 0.46986718749999995 0.58984375 0.466928125 0.556640625 0.469378125 0.515625 0.47868750000000004 0.484375 0.48162656249999997 0.4560546875 0.48309687500000004
31 0.4267578125 0.7878484375 0.44140625 0.7971578125 0.4775390625 0.78931875 0.4853515625 0.7751109375 0.4765625 0.7633515625 0.4423828125 0.7530625 0.4306640625 0.7496328125 0.3955078125 0.7383640625 0.3701171875 0.7481625000000001 0.3876953125 0.762371875 0.4052734375 0.7765796875000001 0.4267578125 0.7878484375
30 0.3974609375 0.45320937499999997 0.3603515625 0.4610484375 0.3876953125 0.4723171875 0.43359375 0.4747671875 0.4697265625 0.4737875 0.5205078125 0.4713375 0.552734375 0.4713375 0.5869140625 0.4688875 0.6171875 0.4639875 0.625 0.448309375 0.611328125 0.43655 0.578125 0.43899999999999995 0.541015625 0.4404703125 0.5126953125 0.443409375 0.4716796875 0.448309375 0.4287109375 0.4517390625 0.3974609375 0.45320937499999997
29 0.3876953125 0.4140125 0.3466796875 0.42528125 0.388671875 0.4341015625 0.43359375 0.43459062499999995 0.4765625 0.437040625 0.5283203125 0.43802031250000006 0.5654296875 0.43899999999999995 0.6044921875 0.4355703125 0.6220703125 0.42381250000000004 0.6171875 0.41009375 0.591796875 0.400784375 0.5654296875 0.39882343750000004 0.5302734375 0.402253125 0.4970703125 0.404703125 0.4560546875 0.409603125 0.421875 0.41156249999999994 0.3876953125 0.4140125
23 0.3779296875 0.387065625 0.337890625 0.3919640625 0.3798828125 0.4012734375 0.4384765625 0.41107343749999997 0.47265625 0.41107343749999997 0.517578125 0.41156249999999994 0.5537109375 0.41009375 0.591796875 0.40519375 0.6025390625 0.382165625 0.5888671875 0.3650171875 0.560546875 0.36648749999999997 0.5361328125 0.3694265625 0.509765625 0.37285625 0.4814453125 0.375796875 0.447265625 0.381675 0.4130859375 0.384615625 0.3779296875 0.387065625
24 0.416015625 0.35031875 0.380859375 0.349828125 0.34765625 0.354728125 0.380859375 0.37040625 0.421875 0.3718765625 0.44140625 0.37285625 0.4794921875 0.37530625 0.5185546875 0.3767765625 0.552734375 0.37922656250000003 0.5732421875 0.36795625 0.5810546875 0.354728125 0.5791015625 0.3400296875 0.560546875 0.3307203125 0.53125 0.33610937500000004 0.5029296875 0.3395390625 0.47265625 0.3424796875 0.4443359375 0.347378125 0.416015625 0.35031875
25 0.41015625 0.306221875 0.3857421875 0.3106328125 0.3544921875 0.3233703125 0.375 0.338559375 0.40625 0.3395390625 0.4345703125 0.3395390625 0.47265625 0.3375796875 0.5078125 0.341009375 0.533203125 0.33610937500000004 0.560546875 0.32925 0.5634765625 0.31161249999999996 0.5537109375 0.2988734375 0.5458984375 0.2846640625 0.515625 0.28319375 0.4873046875 0.2876046875 0.46484375 0.2939734375 0.4345703125 0.30279218750000003 0.41015625 0.306221875
26 0.365234375 0.25967656250000004 0.3349609375 0.26310625 0.3271484375 0.277315625 0.3466796875 0.292503125 0.3798828125 0.2915234375 0.40625 0.29005312499999997 0.443359375 0.29005312499999997 0.474609375 0.2871140625 0.5126953125 0.283684375 0.5224609375 0.27045625 0.5224609375 0.26065625 0.513671875 0.25036718750000003 0.5068359375 0.24154843750000002 0.484375 0.2327296875 0.4619140625 0.23370937500000002 0.4267578125 0.2493875 0.3935546875 0.25575625 0.365234375 0.25967656250000004
27 0.3759765625 0.2533078125 0.40625 0.2493875 0.4306640625 0.244978125 0.4541015625 0.2346890625 0.466796875 0.22195 0.44921875 0.21215156249999997 0.423828125 0.1979421875 0.3955078125 0.2003921875 0.384765625 0.21362031250000002 0.375 0.22488906250000001 0.34765625 0.236159375 0.314453125 0.2454671875 0.3369140625 0.2567375 0.3759765625 0.2533078125