30 0.582703125 0.5146484375 0.581621875 0.4736328125 0.58 0.435546875 0.578378125 0.3955078125 0.579459375 0.3662109375 0.5681078125 0.3173828125 0.5540546875000001 0.3427734375 0.5545953124999999 0.3798828125 0.557296875 0.41796875 0.5545953124999999 0.4541015625 0.5481078125 0.4951171875 0.5486484375 0.53515625 0.5659453125 0.5439453125 0.577296875 0.5380859375 0.582703125 0.5146484375
31 0.2118921875 0.4150390625 0.21621562499999997 0.38671875 0.221621875 0.361328125 0.2259453125 0.330078125 0.2259453125 0.2978515625 0.20648593750000002 0.2900390625 0.1935140625 0.3359375 0.17621562500000001 0.3505859375 0.16216250000000001 0.3837890625 0.160540625 0.4052734375 0.1745953125 0.4287109375 0.1864859375 0.453125 0.204865625 0.4443359375 0.2118921875 0.4150390625
29 0.6021625 0.5458984375 0.6140546875 0.5361328125 0.6221625000000001 0.5126953125 0.6221625000000001 0.474609375 0.62108125 0.435546875 0.6221625000000001 0.39453125 0.6227031249999999 0.3564453125 0.6205406250000001 0.322265625 0.6021625 0.328125 0.6 0.353515625 0.598378125 0.3818359375 0.595134375 0.41015625 0.5908109375 0.44140625 0.5881078125 0.4765625 0.584325 0.501953125 0.5870265625 0.53125 0.6021625 0.5458984375
23 0.6481078124999999 0.5234375 0.65675625 0.494140625 0.6535140625 0.46875 0.6491890625 0.4326171875 0.6481078124999999 0.3994140625 0.6475671875 0.3330078125 0.6297296875 0.337890625 0.6254046875 0.3818359375 0.6221625000000001 0.408203125 0.618378125 0.4306640625 0.6140546875 0.458984375 0.6135140625 0.4892578125 0.618378125 0.5126953125 0.6297296875 0.5224609375 0.6481078124999999 0.5234375
24 0.664865625 0.5224609375 0.683784375 0.5185546875 0.6918921874999999 0.4951171875 0.6902703125 0.4638671875 0.6891890625 0.435546875 0.6891890625 0.404296875 0.6864859375 0.3837890625 0.684865625 0.3515625 0.6821625 0.3232421875 0.659459375 0.330078125 0.655134375 0.3544921875 0.6535140625 0.3818359375 0.6518921875 0.4072265625 0.6475671875 0.4365234375 0.6464859374999999 0.45703125 0.6475671875 0.490234375 0.6497296875 0.515625 0.664865625 0.5224609375
25 0.72 0.4970703125 0.738378125 0.494140625 0.74 0.46484375 0.738378125 0.435546875 0.7335140625000001 0.400390625 0.7313515625 0.37109375 0.7302703125 0.3466796875 0.7129734375 0.3251953125 0.6945953125 0.3466796875 0.6881078125 0.37890625 0.6859453125 0.412109375 0.6821625 0.435546875 0.680540625 0.458984375 0.681621875 0.4873046875 0.6929734375 0.5048828125 0.7048656249999999 0.501953125 0.72 0.4970703125
26 0.7945953125 0.4384765625 0.7870265625 0.41015625 0.7686484375 0.37109375 0.7610812499999999 0.322265625 0.74 0.3408203125 0.737296875 0.384765625 0.736215625 0.419921875 0.738378125 0.453125 0.744325 0.4765625 0.758378125 0.4814453125 0.7713515625 0.474609375 0.7859453125 0.45703125 0.7945953125 0.4384765625
27 0.84108125 0.3818359375 0.835675 0.353515625 0.8270265625000001 0.328125 0.815675 0.318359375 0.8070265624999999 0.294921875 0.7967562499999999 0.2646484375 0.777296875 0.2890625 0.77891875 0.3310546875 0.7859453125 0.3662109375 0.7859453125 0.39453125 0.7913515624999999 0.42578125 0.8097296875 0.4306640625 0.823784375 0.42578125 0.8313515625000001 0.40234375 0.84108125 0.3818359375
28 0.8270265625000001 0.4619140625 0.8124328125 0.46484375 0.795675 0.466796875 0.77675625 0.4765625 0.77891875 0.5126953125 0.7870265625 0.5361328125 0.7967562499999999 0.572265625 0.801621875 0.6123046875 0.8113515625 0.6416015625 0.838378125 0.6181640625 0.8400000000000001 0.58984375 0.843784375 0.5595703125 0.8448656250000001 0.533203125 0.843784375 0.4951171875 0.84108125 0.46484375 0.8270265625000001 0.4619140625
0 0.7881078125000001 0.5927734375 0.7870265625 0.5517578125 0.78108125 0.5185546875 0.7697296875 0.4951171875 0.7475671875 0.4921875 0.7313515625 0.505859375 0.716215625 0.5185546875 0.716215625 0.55078125 0.720540625 0.580078125 0.735675 0.6103515625 0.742703125 0.6357421875 0.76 0.6845703125 0.7718921875 0.7177734375 0.7745953125 0.6826171875 0.76324375 0.65625 0.7589187500000001 0.59765625 0.7729734374999999 0.625 0.78108125 0.6494140625 0.7913515624999999 0.681640625 0.7940546875 0.6572265625 0.7870265625 0.6201171875 0.7881078125000001 0.5927734375
1 0.7221625 0.6201171875 0.71891875 0.58203125 0.71891875 0.533203125 0.7021625 0.5185546875 0.68324375 0.5283203125 0.6664859375 0.533203125 0.6481078124999999 0.53515625 0.6464859374999999 0.564453125 0.656215625 0.6025390625 0.6675671875 0.6328125 0.6708109375 0.6669921875 0.6767562500000001 0.6904296875 0.683784375 0.7177734375 0.69891875 0.7255859375 0.6918921874999999 0.6826171875 0.6875671875 0.646484375 0.7064859375 0.662109375 0.716215625 0.6953125 0.7335140625000001 0.7431640625 0.7335140625000001 0.685546875 0.7270265625000001 0.6494140625 0.7221625 0.6201171875
2 0.25891875 0.45703125 0.26432500000000003 0.423828125 0.26594531250000003 0.39453125 0.26432500000000003 0.3740234375 0.26216249999999997 0.3427734375 0.2318921875 0.3388671875 0.2259453125 0.38671875 0.21081093750000002 0.416015625 0.199459375 0.453125 0.21243281249999998 0.4794921875 0.2291890625 0.49609375 0.244865625 0.5048828125 0.255675 0.482421875 0.25891875 0.45703125
3 0.638378125 0.5439453125 0.619459375 0.548828125 0.619459375 0.58203125 0.6227031249999999 0.6044921875 0.6254046875 0.6416015625 0.6297296875 0.6845703125 0.6405406250000001 0.71875 0.6545953124999999 0.7646484375 0.6621625 0.7353515625 0.663784375 0.6923828125 0.6654046874999999 0.6435546875 0.664865625 0.6123046875 0.6621625 0.58203125 0.6535140625 0.546875 0.638378125 0.5439453125
4 0.6135140625 0.55859375 0.595134375 0.55859375 0.583784375 0.587890625 0.5897296875 0.623046875 0.59675625 0.65625 0.602703125 0.689453125 0.615675 0.7158203125 0.624865625 0.7568359375 0.63675625 0.763671875 0.638378125 0.7353515625 0.63675625 0.6943359375 0.636215625 0.6640625 0.6308109375 0.6181640625 0.6281078124999999 0.5849609375 0.6135140625 0.55859375
5 0.60108125 0.625 0.598378125 0.599609375 0.5897296875 0.5771484375 0.578378125 0.56640625 0.562703125 0.5869140625 0.5583781250000001 0.6181640625 0.5599999999999999 0.6494140625 0.563784375 0.6826171875 0.5702703125 0.7177734375 0.577296875 0.75390625 0.5864859375 0.78515625 0.595134375 0.8203125 0.602703125 0.7880859375 0.604325 0.763671875 0.6070265625 0.7275390625 0.6054046875 0.6943359375 0.6064859375 0.6640625 0.60108125 0.625
6 0.5670265624999999 0.60546875 0.5654046875 0.580078125 0.5545953124999999 0.56640625 0.537296875 0.556640625 0.5286484375 0.5849609375 0.5297296874999999 0.6162109375 0.5297296874999999 0.6455078125 0.5313515625 0.6767578125 0.5329734375 0.71484375 0.53675625 0.744140625 0.5459453125 0.7744140625 0.5524328125 0.744140625 0.5545953124999999 0.720703125 0.5567562500000001 0.6953125 0.555675 0.662109375 0.5616218749999999 0.6328125 0.5670265624999999 0.60546875
7 0.5227031249999999 0.5673828125 0.5043249999999999 0.587890625 0.5070265625 0.62109375 0.504865625 0.6572265625 0.501621875 0.705078125 0.5070265625 0.7431640625 0.5227031249999999 0.759765625 0.5254046875 0.7158203125 0.5297296874999999 0.681640625 0.5318921875 0.646484375 0.535675 0.61328125 0.53675625 0.5791015625 0.5227031249999999 0.5673828125
8 0.501621875 0.56640625 0.48 0.5693359375 0.47621562500000003 0.6123046875 0.47729687500000006 0.640625 0.47729687500000006 0.669921875 0.480540625 0.7080078125 0.47729687500000006 0.748046875 0.4929734375 0.7490234375 0.4978375 0.7275390625 0.49891874999999997 0.6923828125 0.5 0.662109375 0.502703125 0.6328125 0.50324375 0.59765625 0.501621875 0.56640625
9 0.480540625 0.56640625 0.46324375 0.5615234375 0.44324375 0.57421875 0.44324375 0.6025390625 0.4464859375 0.62890625 0.44216249999999996 0.6640625 0.43945937500000004 0.70703125 0.4378375 0.73828125 0.444865625 0.7646484375 0.4664859375 0.7314453125 0.4745953125 0.697265625 0.47729687500000006 0.6611328125 0.48 0.623046875 0.4821625 0.5947265625 0.480540625 0.56640625
10 0.4481078125 0.6123046875 0.4508109375 0.5849609375 0.43945937500000004 0.5625 0.419459375 0.5634765625 0.4118921875 0.591796875 0.4108109375 0.6259765625 0.40972968749999994 0.6611328125 0.40756718750000004 0.697265625 0.40756718750000004 0.74609375 0.4108109375 0.7802734375 0.4178375 0.8232421875 0.4302703125 0.779296875 0.43459531250000005 0.744140625 0.4378375 0.71484375 0.440540625 0.677734375 0.443784375 0.6435546875 0.4481078125 0.6123046875
11 0.4140546875 0.615234375 0.4140546875 0.5927734375 0.4054046875 0.5712890625 0.38918906249999996 0.5634765625 0.3778375 0.583984375 0.3708109375 0.6103515625 0.3686484375 0.638671875 0.3670265625 0.662109375 0.3686484375 0.697265625 0.3686484375 0.73828125 0.3681078125 0.7724609375 0.3724328125 0.7978515625 0.3864859375 0.7646484375 0.38918906249999996 0.73828125 0.3913515625 0.71875 0.40108125 0.6796875 0.4054046875 0.6494140625 0.4140546875 0.615234375
12 0.36 0.564453125 0.33837812500000003 0.5673828125 0.3324328125 0.6025390625 0.3329734375 0.6328125 0.3302703125 0.6669921875 0.3302703125 0.7001953125 0.3302703125 0.744140625 0.3340546875 0.7744140625 0.35243281249999997 0.7431640625 0.36 0.712890625 0.3697296875 0.669921875 0.378378125 0.625 0.3854046875 0.5947265625 0.37675625 0.5693359375 0.36 0.564453125
13 0.3140546875 0.5185546875 0.317296875 0.4921875 0.31567500000000004 0.46484375 0.31027031250000003 0.4384765625 0.3097296875 0.41796875 0.3075671875 0.3916015625 0.3059453125 0.37109375 0.304325 0.3486328125 0.2913515625 0.333984375 0.2713515625 0.359375 0.2702703125 0.40234375 0.26594531250000003 0.4228515625 0.25891875 0.4638671875 0.2578375 0.484375 0.26594531250000003 0.51953125 0.28324375 0.5283203125 0.3 0.5263671875 0.3140546875 0.5185546875
14 0.3281078125 0.6279296875 0.339459375 0.6083984375 0.34108125 0.5869140625 0.34108125 0.5595703125 0.3297296875 0.546875 0.317296875 0.5439453125 0.30162187500000004 0.5361328125 0.281621875 0.5537109375 0.27621562499999996 0.572265625 0.280540625 0.6083984375 0.27621562499999996 0.6435546875 0.2691890625 0.6748046875 0.26432500000000003 0.7099609375 0.26324375 0.7392578125 0.275675 0.7236328125 0.2859453125 0.6826171875 0.30108125 0.6455078125 0.29891875 0.6796875 0.298378125 0.7275390625 0.304325 0.7490234375 0.3145953125 0.71484375 0.321621875 0.662109375 0.3281078125 0.6279296875
15 0.282703125 0.5595703125 0.277296875 0.541015625 0.26594531250000003 0.5205078125 0.244325 0.505859375 0.2302703125 0.5078125 0.219459375 0.5302734375 0.21459531250000002 0.55859375 0.21459531250000002 0.5947265625 0.20648593750000002 0.62890625 0.20324375 0.6611328125 0.19675625000000002 0.697265625 0.2118921875 0.689453125 0.23891874999999999 0.62109375 0.22864843750000002 0.6796875 0.22486562499999999 0.7158203125 0.2475671875 0.6953125 0.2508109375 0.6640625 0.260540625 0.625 0.2702703125 0.6005859375 0.282703125 0.5595703125
16 0.21459531250000002 0.4853515625 0.196215625 0.4736328125 0.16918906250000001 0.4697265625 0.16108125 0.5146484375 0.15783750000000002 0.556640625 0.155675 0.5849609375 0.15135156249999998 0.63671875 0.163784375 0.6494140625 0.1854046875 0.6337890625 0.199459375 0.60546875 0.21081093750000002 0.57421875 0.21891875 0.54296875 0.223784375 0.5146484375 0.21459531250000002 0.4853515625
17 0.35729687499999996 0.482421875 0.35243281249999997 0.44921875 0.3481078125 0.41796875 0.3454046875 0.376953125 0.344325 0.3466796875 0.34108125 0.3203125 0.321621875 0.3408203125 0.322703125 0.404296875 0.32108125 0.453125 0.3145953125 0.4921875 0.31567500000000004 0.525390625 0.3270265625 0.53515625 0.3464859375 0.53515625 0.36 0.5146484375 0.35729687499999996 0.482421875
18 0.383784375 0.533203125 0.3924328125 0.5146484375 0.3897296875 0.4814453125 0.3870265625 0.453125 0.38270312500000003 0.423828125 0.3778375 0.3955078125 0.37675625 0.3642578125 0.375134375 0.3359375 0.3686484375 0.3125 0.35675625 0.337890625 0.3529734375 0.3798828125 0.3540546875 0.423828125 0.3540546875 0.4560546875 0.3513515625 0.4892578125 0.3513515625 0.517578125 0.355134375 0.5439453125 0.36648593749999997 0.5517578125 0.383784375 0.533203125
19 0.4140546875 0.4150390625 0.4091890625 0.38671875 0.401621875 0.3466796875 0.3854046875 0.302734375 0.383784375 0.322265625 0.378378125 0.3583984375 0.3778375 0.3896484375 0.3821625 0.412109375 0.383784375 0.4482421875 0.3854046875 0.4853515625 0.3854046875 0.5234375 0.3940546875 0.54296875 0.40972968749999994 0.546875 0.42108125 0.5458984375 0.42810781249999996 0.5244140625 0.42540468750000004 0.5048828125 0.42108125 0.4775390625 0.416215625 0.4443359375 0.4140546875 0.4150390625
20 0.45945937499999995 0.54296875 0.4621625 0.5048828125 0.45891875000000004 0.4716796875 0.45459531249999996 0.423828125 0.45189218750000004 0.384765625 0.443784375 0.3486328125 0.43891875 0.3125 0.4318921875 0.337890625 0.42756718749999995 0.3798828125 0.4291890625 0.416015625 0.42756718749999995 0.4443359375 0.4264859375 0.4814453125 0.42108125 0.5146484375 0.42108125 0.556640625 0.44162187499999994 0.55859375 0.45945937499999995 0.54296875
21 0.4859453125 0.5537109375 0.5070265625 0.5537109375 0.5070265625 0.5234375 0.5043249999999999 0.4853515625 0.502703125 0.4560546875 0.4978375 0.427734375 0.49621562499999994 0.3916015625 0.48918906250000005 0.3544921875 0.47621562500000003 0.302734375 0.463784375 0.322265625 0.463784375 0.3642578125 0.4659453125 0.3916015625 0.463784375 0.4326171875 0.46324375 0.4765625 0.45891875000000004 0.509765625 0.45729687500000005 0.5390625 0.4686484375 0.5556640625 0.4859453125 0.5537109375
22 0.5254046875 0.548828125 0.538378125 0.5458984375 0.5502703125 0.525390625 0.5540546875000001 0.4951171875 0.5513515625000001 0.45703125 0.5497296875 0.4248046875 0.54 0.3916015625 0.53675625 0.3642578125 0.5302703125 0.3359375 0.5243249999999999 0.3134765625 0.5129734375 0.3203125 0.516215625 0.3505859375 0.5140546875 0.3837890625 0.5113515625 0.4326171875 0.5059453125 0.458984375 0.50324375 0.5048828125 0.501621875 0.5380859375 0.5091890625 0.5595703125 0.5254046875 0.548828125