22 0.49730468749999995 0.6318359375 0.505634375 0.5888671875 0.5046546875 0.548828125 0.506125 0.51171875 0.506125 0.466796875 0.487015625 0.451171875 0.4723171875 0.4716796875 0.4723171875 0.501953125 0.4723171875 0.5380859375 0.4767265625 0.580078125 0.47770625000000005 0.6181640625 0.4767265625 0.6513671875 0.48946562499999996 0.671875 0.49730468749999995 0.6318359375
21 0.51494375 0.6865234375 0.5316015625 0.673828125 0.530621875 0.6337890625 0.5340515625 0.5908203125 0.5369921875 0.548828125 0.53748125 0.513671875 0.5384609375 0.4775390625 0.5252328125 0.4619140625 0.510534375 0.4619140625 0.5090640625 0.4912109375 0.5095546875 0.517578125 0.51249375 0.5380859375 0.5115140625000001 0.5693359375 0.5090640625 0.611328125 0.510534375 0.6533203125 0.51494375 0.6865234375
20 0.5350312500000001 0.6513671875 0.5350312500000001 0.689453125 0.5472812499999999 0.6953125 0.55365 0.6669921875 0.5570796875 0.6396484375 0.5629593749999999 0.59375 0.56736875 0.5576171875 0.56981875 0.5205078125 0.569328125 0.4755859375 0.55855 0.46484375 0.5472812499999999 0.4697265625 0.5394421875 0.486328125 0.53748125 0.5361328125 0.53748125 0.5712890625 0.53748125 0.6005859375 0.5369921875 0.626953125 0.5350312500000001 0.6513671875
19 0.5796171875 0.6845703125 0.584028125 0.72265625 0.5943171875 0.7470703125 0.6050953125 0.7119140625 0.604115625 0.65625 0.604115625 0.61328125 0.6050953125 0.564453125 0.606565625 0.5263671875 0.6095046875000001 0.498046875 0.59970625 0.4716796875 0.584028125 0.4775390625 0.5727578125 0.50390625 0.571778125 0.5283203125 0.574228125 0.5576171875 0.5761875 0.5888671875 0.5752078125 0.6201171875 0.5776578125 0.6533203125 0.5796171875 0.6845703125
18 0.6119546875 0.6826171875 0.6276328125 0.6962890625 0.6310625 0.662109375 0.626653125 0.607421875 0.629103125 0.58203125 0.6335124999999999 0.544921875 0.6433125000000001 0.515625 0.6423328125000001 0.484375 0.6286140625 0.482421875 0.612934375 0.48828125 0.6050953125 0.5107421875 0.59970625 0.5361328125 0.604115625 0.5751953125 0.6075453125 0.611328125 0.610975 0.640625 0.6119546875 0.6826171875
17 0.6369421875 0.7265625 0.6536015625 0.6806640625 0.6609499999999999 0.64453125 0.6643796875 0.6025390625 0.6687890624999999 0.5712890625 0.6756484375 0.5283203125 0.6766296875 0.5 0.6609499999999999 0.486328125 0.6433125000000001 0.49609375 0.637921875 0.5244140625 0.637921875 0.580078125 0.636453125 0.6181640625 0.6374328125 0.6630859375 0.6354734375 0.6845703125 0.6369421875 0.7265625
31 0.75943125 0.70703125 0.7628609375 0.740234375 0.7775593749999999 0.72265625 0.778540625 0.6826171875 0.7839296874999999 0.6337890625 0.7927484375 0.61328125 0.8010781250000001 0.580078125 0.8020578125 0.5576171875 0.7927484375 0.53515625 0.7795203125 0.5224609375 0.763840625 0.5283203125 0.7604109375 0.5556640625 0.757471875 0.583984375 0.757471875 0.61328125 0.75698125 0.646484375 0.757471875 0.673828125 0.75943125 0.70703125
30 0.458109375 0.6689453125 0.464478125 0.70703125 0.4723171875 0.677734375 0.4737875 0.630859375 0.4737875 0.599609375 0.47329687500000006 0.5595703125 0.4747671875 0.5244140625 0.4747671875 0.501953125 0.47329687500000006 0.4755859375 0.46006875 0.4755859375 0.44585937500000006 0.482421875 0.44439062500000004 0.5048828125 0.44242968749999995 0.5380859375 0.4453703125 0.580078125 0.45026875000000005 0.609375 0.45565937500000003 0.6396484375 0.458109375 0.6689453125
29 0.4135234375 0.67578125 0.420871875 0.705078125 0.43116093749999995 0.724609375 0.43802031250000006 0.6806640625 0.43899999999999995 0.646484375 0.44242968749999995 0.6044921875 0.443409375 0.576171875 0.44242968749999995 0.548828125 0.43263125 0.5224609375 0.42283125000000005 0.486328125 0.41009375 0.5 0.4130328125 0.5244140625 0.40715312499999995 0.5439453125 0.409603125 0.5693359375 0.41107343749999997 0.6220703125 0.412053125 0.642578125 0.4135234375 0.67578125
23 0.41107343749999997 0.595703125 0.42234218749999997 0.5556640625 0.4198921875 0.51171875 0.4056828125 0.4892578125 0.384125 0.498046875 0.382165625 0.529296875 0.38510468750000004 0.560546875 0.3875546875 0.611328125 0.3875546875 0.6513671875 0.386575 0.6865234375 0.39735468749999997 0.6865234375 0.402253125 0.65625 0.41107343749999997 0.595703125
24 0.3561984375 0.67578125 0.3561984375 0.7001953125 0.36648749999999997 0.7119140625 0.37285625 0.6552734375 0.37432656249999996 0.6220703125 0.37530625 0.595703125 0.3787359375 0.564453125 0.377265625 0.5322265625 0.37530625 0.5048828125 0.36648749999999997 0.484375 0.3508078125 0.5 0.34394843750000004 0.5205078125 0.345909375 0.5556640625 0.3493390625 0.5869140625 0.3508078125 0.6201171875 0.3537484375 0.6494140625 0.3561984375 0.67578125
25 0.3106328125 0.7109375 0.324840625 0.693359375 0.329740625 0.6650390625 0.3307203125 0.6337890625 0.3370890625 0.59765625 0.34492968749999997 0.5537109375 0.34492968749999997 0.51953125 0.3326796875 0.50390625 0.3125921875 0.5048828125 0.2983828125 0.51171875 0.29005312499999997 0.5361328125 0.29495312500000004 0.5732421875 0.29789374999999996 0.607421875 0.304753125 0.6396484375 0.3106328125 0.671875 0.3106328125 0.7109375
26 0.292503125 0.625 0.2934828125 0.5869140625 0.28907343750000003 0.5439453125 0.2827046875 0.498046875 0.261146875 0.501953125 0.24252812499999998 0.529296875 0.240078125 0.5693359375 0.2523265625 0.615234375 0.26800625 0.66015625 0.272415625 0.6826171875 0.2939734375 0.7275390625 0.2939734375 0.6806640625 0.292503125 0.625
27 0.269965625 0.6787109375 0.262615625 0.646484375 0.25820625 0.6220703125 0.24889687500000002 0.6220703125 0.2327296875 0.6337890625 0.21802968749999999 0.646484375 0.21459999999999999 0.6689453125 0.22537968749999998 0.69140625 0.2420375 0.7294921875 0.25575625 0.7685546875 0.2738859375 0.7626953125 0.27339531250000004 0.7177734375 0.269965625 0.6787109375
28 0.222440625 0.3974609375 0.222440625 0.4013671875 0.1920625 0.3974609375 0.18324374999999998 0.466796875 0.2023515625 0.5 0.221459375 0.4990234375 0.21999062500000002 0.5068359375 0.23370937500000002 0.51171875 0.249878125 0.50390625 0.249878125 0.4716796875 0.2601671875 0.4423828125 0.25477656249999997 0.4150390625 0.2420375 0.3935546875 0.222440625 0.3974609375
0 0.2827046875 0.375 0.279275 0.3447265625 0.272415625 0.3125 0.249878125 0.3037109375 0.25134687499999997 0.337890625 0.25575625 0.400390625 0.2523265625 0.44921875 0.2479171875 0.4951171875 0.25918593749999996 0.51171875 0.2738859375 0.501953125 0.2959328125 0.5107421875 0.3096515625 0.501953125 0.3081828125 0.4599609375 0.2983828125 0.435546875 0.29054375 0.408203125 0.2827046875 0.375
1 0.34296875 0.35546875 0.33610937500000004 0.3154296875 0.329740625 0.275390625 0.3173546875 0.29478593750000004 0.30377343749999997 0.28125 0.28907343750000003 0.2880859375 0.29495312500000004 0.326171875 0.2983828125 0.3525390625 0.30279218750000003 0.3798828125 0.3057328125 0.4091796875 0.304753125 0.43359375 0.304753125 0.4619140625 0.3106328125 0.486328125 0.3214109375 0.4892578125 0.3370890625 0.5048828125 0.34394843750000004 0.46875 0.349828125 0.4326171875 0.3508078125 0.3994140625 0.34296875 0.35546875
2 0.723665625 0.6953125 0.72954375 0.7275390625 0.743753125 0.7275390625 0.743753125 0.6875 0.7452234375 0.6474609375 0.7496328125 0.6044921875 0.7604109375 0.5625 0.757471875 0.515625 0.7471828125 0.49609375 0.730525 0.5 0.7148453124999999 0.501953125 0.7123953125 0.5283203125 0.711415625 0.5625 0.7148453124999999 0.595703125 0.7158249999999999 0.623046875 0.7202359375 0.6630859375 0.723665625 0.6953125
7 0.506125 0.2578125 0.4889765625 0.244140625 0.4904453125 0.2861328125 0.485546875 0.3291015625 0.48113593750000005 0.3681640625 0.48260625 0.3974609375 0.484565625 0.4423828125 0.5002453124999999 0.4443359375 0.49926562499999994 0.416015625 0.5002453124999999 0.38671875 0.503675 0.357421875 0.5080843749999999 0.32421875 0.5071046875 0.2890625 0.506125 0.2578125
8 0.501715625 0.248046875 0.5026953125 0.2841796875 0.5026953125 0.32421875 0.503675 0.3603515625 0.501225 0.40234375 0.5002453124999999 0.4375 0.5203328125 0.4326171875 0.521803125 0.3935546875 0.5247421875 0.359375 0.5252328125 0.326171875 0.521803125 0.291015625 0.5203328125 0.2529296875 0.501715625 0.248046875
9 0.540421875 0.2529296875 0.52229375 0.2509765625 0.5262125 0.2890625 0.5271921875000001 0.3212890625 0.5262125 0.3505859375 0.52229375 0.390625 0.521803125 0.431640625 0.5325828125000001 0.4541015625 0.5482609375 0.44140625 0.5467906250000001 0.400390625 0.5463015625 0.3671875 0.542871875 0.326171875 0.5463015625 0.2861328125 0.540421875 0.2529296875
10 0.5884375000000001 0.337890625 0.5938265625 0.291015625 0.5913765625 0.2529296875 0.5845171875 0.21484375 0.5658984375 0.2421875 0.560509375 0.2705078125 0.5546296875000001 0.30078125 0.5526703125 0.3369140625 0.5482609375 0.3623046875 0.5467906250000001 0.39453125 0.5467906250000001 0.423828125 0.5477703125 0.4462890625 0.5570796875 0.4560546875 0.56736875 0.4345703125 0.5761875 0.408203125 0.5810875 0.373046875 0.5884375000000001 0.337890625
11 0.6119546875 0.3681640625 0.6144046875 0.3369140625 0.6158750000000001 0.3037109375 0.6193046875 0.263671875 0.6144046875 0.2294921875 0.6031359375 0.220703125 0.59480625 0.255859375 0.5908875 0.279296875 0.5859875 0.322265625 0.5810875 0.35546875 0.576678125 0.400390625 0.5707984374999999 0.4267578125 0.5796171875 0.443359375 0.59235625 0.4560546875 0.6080359375 0.451171875 0.6139140624999999 0.423828125 0.615384375 0.392578125 0.6119546875 0.3681640625
12 0.647721875 0.3544921875 0.652621875 0.314453125 0.6560515625 0.28125 0.6599703124999999 0.2509765625 0.6423328125000001 0.25 0.6349828125 0.283203125 0.6286140625 0.314453125 0.6217546875 0.34765625 0.6144046875 0.384765625 0.6080359375 0.421875 0.6031359375 0.458984375 0.6193046875 0.466796875 0.6369421875 0.466796875 0.6438015625 0.443359375 0.6423328125000001 0.4130859375 0.6433125000000001 0.388671875 0.647721875 0.3544921875
14 0.6369421875 0.431640625 0.6325328125 0.4521484375 0.6369421875 0.47265625 0.64968125 0.482421875 0.666340625 0.482421875 0.67711875 0.4873046875 0.6937781249999999 0.4970703125 0.6962265624999999 0.47265625 0.6972078125000001 0.423828125 0.70210625 0.384765625 0.7065171875 0.3544921875 0.708965625 0.3271484375 0.7138656250000001 0.3037109375 0.71680625 0.2734375 0.7065171875 0.28125 0.6972078125000001 0.3134765625 0.6908375 0.3427734375 0.6810390625 0.3759765625 0.6741796875 0.3544921875 0.6805484374999999 0.322265625 0.68691875 0.30078125 0.6908375 0.2734375 0.67075 0.2841796875 0.666340625 0.30859375 0.6604609375 0.333984375 0.656540625 0.3603515625 0.6501718750000001 0.3857421875 0.6438015625 0.41015625 0.6369421875 0.431640625
15 0.755021875 0.44921875 0.7545328125 0.4189453125 0.7560015625000001 0.3935546875 0.7560015625000001 0.3701171875 0.7584515625 0.3369140625 0.757471875 0.3037109375 0.75698125 0.271484375 0.7466921875 0.2578125 0.7383640625 0.2861328125 0.72954375 0.3212890625 0.7217046875 0.3466796875 0.7123953125 0.390625 0.702596875 0.4287109375 0.6957375 0.4638671875 0.7011265625 0.494140625 0.71680625 0.494140625 0.73199375 0.4951171875 0.7457125 0.498046875 0.75698125 0.4775390625 0.755021875 0.44921875
16 0.8045078125 0.494140625 0.8211656250000001 0.482421875 0.8275359375000001 0.4560546875 0.8221453125 0.423828125 0.8074468749999999 0.4208984375 0.79421875 0.4140625 0.7805 0.40625 0.7672703125 0.3974609375 0.7515921875 0.416015625 0.7506125 0.44140625 0.7584515625 0.466796875 0.7613921875 0.4892578125 0.766290625 0.5234375 0.7790296875 0.5185546875 0.7907890625 0.505859375 0.8045078125 0.494140625
6 0.48309687500000004 0.330078125 0.48113593750000005 0.2919921875 0.48015625 0.24609375 0.46643749999999995 0.2451171875 0.46251875 0.271484375 0.46006875 0.3046875 0.46006875 0.3447265625 0.46006875 0.3798828125 0.4561484375 0.40625 0.457128125 0.431640625 0.4639875 0.4521484375 0.4762375 0.45703125 0.48407656250000003 0.4384765625 0.485546875 0.4013671875 0.48652656250000004 0.373046875 0.48309687500000004 0.330078125
5 0.457128125 0.4013671875 0.45320937499999997 0.3759765625 0.45075937499999996 0.3447265625 0.44585937500000006 0.314453125 0.443409375 0.283203125 0.439490625 0.2431640625 0.42626093750000005 0.2255859375 0.42381250000000004 0.2529296875 0.42283125000000005 0.2861328125 0.42528125 0.3173828125 0.42283125000000005 0.3525390625 0.42283125000000005 0.388671875 0.4243015625 0.4267578125 0.42675156249999996 0.451171875 0.4341015625 0.474609375 0.448309375 0.47265625 0.4561484375 0.4541015625 0.457128125 0.4287109375 0.457128125 0.4013671875
4 0.42822187500000003 0.4140625 0.42381250000000004 0.3828125 0.41891249999999997 0.3544921875 0.4140125 0.3193359375 0.404703125 0.2763671875 0.403234375 0.2373046875 0.387065625 0.2294921875 0.3831453125 0.2607421875 0.3860859375 0.291015625 0.388534375 0.3212890625 0.388534375 0.36328125 0.3860859375 0.390625 0.384125 0.4365234375 0.3860859375 0.4619140625 0.3944140625 0.4814453125 0.41009375 0.4853515625 0.42038281250000004 0.47265625 0.42822187500000003 0.4462890625 0.42822187500000003 0.4140625
3 0.390984375 0.431640625 0.388534375 0.4052734375 0.3855953125 0.380859375 0.381675 0.3505859375 0.375796875 0.3193359375 0.37285625 0.2841796875 0.3650171875 0.2509765625 0.349828125 0.2578125 0.354728125 0.3095703125 0.35521875 0.3369140625 0.3566875 0.3759765625 0.354728125 0.3955078125 0.3512984375 0.4208984375 0.3488484375 0.443359375 0.3488484375 0.46875 0.3601171875 0.4853515625 0.37285625 0.490234375 0.3860859375 0.4853515625 0.3944140625 0.4599609375 0.390984375 0.431640625