22 0.5276828124999999 0.498046875 0.5276828124999999 0.4619140625 0.5232734375 0.419921875 0.52229375 0.3818359375 0.5232734375 0.3486328125 0.510534375 0.328125 0.5026953125 0.3681640625 0.49436562500000003 0.4111328125 0.4953453125 0.451171875 0.49387499999999995 0.48828125 0.49387499999999995 0.533203125 0.512984375 0.548828125 0.5276828124999999 0.5283203125 0.5276828124999999 0.498046875
21 0.49093593750000003 0.5087890625 0.4904453125 0.482421875 0.48750625000000003 0.4619140625 0.48848593749999997 0.4306640625 0.49093593750000003 0.388671875 0.48946562499999996 0.3466796875 0.48505624999999997 0.3134765625 0.4683984375 0.326171875 0.469378125 0.3662109375 0.4659484375 0.4091796875 0.4630078125 0.451171875 0.46251875 0.486328125 0.4615390625 0.5224609375 0.4747671875 0.5380859375 0.48946562499999996 0.5380859375 0.49093593750000003 0.5087890625
20 0.45271875 0.5302734375 0.4605578125 0.513671875 0.46251875 0.4638671875 0.46251875 0.4287109375 0.46251875 0.3994140625 0.4630078125 0.373046875 0.46496875 0.3486328125 0.46496875 0.310546875 0.45271875 0.3046875 0.44634999999999997 0.3330078125 0.44292031249999997 0.3603515625 0.437040625 0.40625 0.43263125 0.4423828125 0.43018124999999996 0.4794921875 0.430671875 0.5244140625 0.44145 0.53515625 0.45271875 0.5302734375
19 0.4272421875 0.49609375 0.42822187500000003 0.4716796875 0.425771875 0.4423828125 0.42381250000000004 0.4111328125 0.42479218750000003 0.3798828125 0.42234218749999997 0.3466796875 0.42038281250000004 0.3154296875 0.415971875 0.27734375 0.4056828125 0.2529296875 0.3949046875 0.2880859375 0.395884375 0.34375 0.395884375 0.38671875 0.3949046875 0.435546875 0.393434375 0.4736328125 0.3904953125 0.501953125 0.40029375 0.5283203125 0.415971875 0.5224609375 0.4272421875 0.49609375
18 0.387065625 0.51171875 0.3949046875 0.4892578125 0.40029375 0.4638671875 0.395884375 0.4248046875 0.3924546875 0.388671875 0.389025 0.359375 0.38804531249999996 0.3173828125 0.3723671875 0.3037109375 0.36893750000000003 0.337890625 0.373346875 0.392578125 0.370896875 0.41796875 0.36648749999999997 0.455078125 0.3566875 0.484375 0.35766718750000004 0.515625 0.37138593750000004 0.517578125 0.387065625 0.51171875
17 0.3566875 0.50390625 0.362078125 0.4755859375 0.362078125 0.419921875 0.363546875 0.3818359375 0.3625671875 0.3369140625 0.3645265625 0.3154296875 0.3630578125 0.2734375 0.3463984375 0.3193359375 0.33904999999999996 0.35546875 0.3356203125 0.3974609375 0.33121093749999997 0.4287109375 0.3243515625 0.4716796875 0.3233703125 0.5 0.33904999999999996 0.513671875 0.3566875 0.50390625
31 0.236159375 0.4716796875 0.23958906249999998 0.4443359375 0.24252812499999998 0.416015625 0.24252812499999998 0.38671875 0.24301875 0.353515625 0.24252812499999998 0.326171875 0.24056875 0.29296875 0.2371390625 0.259765625 0.222440625 0.27734375 0.221459375 0.3173828125 0.2160703125 0.3662109375 0.2072515625 0.38671875 0.198921875 0.419921875 0.1979421875 0.4423828125 0.2072515625 0.46484375 0.2204796875 0.4775390625 0.236159375 0.4716796875
30 0.5541406249999999 0.517578125 0.555609375 0.4951171875 0.5575703125 0.4619140625 0.5546296875000001 0.419921875 0.54973125 0.390625 0.544340625 0.3603515625 0.541890625 0.3310546875 0.5355218749999999 0.29296875 0.5276828124999999 0.322265625 0.5262125 0.369140625 0.5262125 0.400390625 0.5267031249999999 0.4404296875 0.5252328125 0.4755859375 0.5252328125 0.498046875 0.5267031249999999 0.5244140625 0.53993125 0.5244140625 0.5541406249999999 0.517578125
29 0.5899062500000001 0.5 0.5869671875 0.4755859375 0.592846875 0.4560546875 0.5903968749999999 0.4306640625 0.5889265625 0.3779296875 0.587946875 0.357421875 0.5864765625 0.32421875 0.579128125 0.294921875 0.5688390625 0.275390625 0.5619796874999999 0.3193359375 0.561 0.353515625 0.5575703125 0.3955078125 0.556590625 0.423828125 0.5575703125 0.451171875 0.56736875 0.4775390625 0.57716875 0.513671875 0.5899062500000001 0.5
23 0.6148953125000001 0.439453125 0.6124453125 0.388671875 0.6124453125 0.3486328125 0.613425 0.3134765625 0.6026453125 0.3134765625 0.597746875 0.34375 0.5889265625 0.404296875 0.5776578125 0.4443359375 0.5801078125 0.48828125 0.5943171875 0.5107421875 0.6158750000000001 0.501953125 0.6178343749999999 0.470703125 0.6148953125000001 0.439453125
24 0.6491921875 0.5 0.6560515625 0.4794921875 0.654090625 0.4443359375 0.6506609375 0.4130859375 0.6491921875 0.3798828125 0.6462515625 0.3505859375 0.6438015625 0.32421875 0.6438015625 0.2998046875 0.6335124999999999 0.2880859375 0.62714375 0.3447265625 0.6256734374999999 0.3779296875 0.6246937499999999 0.404296875 0.6212640625 0.435546875 0.6227343750000001 0.4677734375 0.6246937499999999 0.4951171875 0.6335124999999999 0.515625 0.6491921875 0.5
25 0.7016171875 0.48828125 0.709946875 0.4638671875 0.7050468750000001 0.4267578125 0.70210625 0.392578125 0.695246875 0.3603515625 0.6893671875 0.328125 0.6893671875 0.2890625 0.675159375 0.306640625 0.670259375 0.3349609375 0.6692796875 0.3662109375 0.6629109375 0.40234375 0.6550703125 0.4462890625 0.6550703125 0.48046875 0.6673203125 0.49609375 0.6874078124999999 0.4951171875 0.7016171875 0.48828125
26 0.7599218750000001 0.4306640625 0.7476734375 0.384765625 0.73199375 0.33984375 0.727584375 0.3173828125 0.7060265625000001 0.2724609375 0.7060265625000001 0.3193359375 0.707496875 0.375 0.7065171875 0.4130859375 0.7109265625 0.4560546875 0.7172953125 0.501953125 0.738853125 0.498046875 0.757471875 0.470703125 0.7599218750000001 0.4306640625
27 0.7854 0.3310546875 0.7746203125 0.30859375 0.7579625 0.2705078125 0.74424375 0.2314453125 0.7261140625 0.2373046875 0.7266046875 0.2822265625 0.730034375 0.3212890625 0.737384375 0.353515625 0.74179375 0.3779296875 0.751103125 0.3779296875 0.7672703125 0.3662109375 0.7819703125 0.353515625 0.7854 0.3310546875
28 0.766290625 0.48828125 0.7501218749999999 0.49609375 0.7501218749999999 0.5283203125 0.7398328125 0.5576171875 0.7452234375 0.5849609375 0.7579625 0.6064453125 0.7775593749999999 0.6025390625 0.7775593749999999 0.5986328125 0.8079375000000001 0.6025390625 0.8167562500000001 0.533203125 0.7976484375 0.5 0.778540625 0.5009765625 0.780009375 0.4931640625 0.766290625 0.48828125
0 0.7261140625 0.498046875 0.7040671875 0.4892578125 0.6903484375 0.498046875 0.6918171875 0.5400390625 0.7016171875 0.564453125 0.70945625 0.591796875 0.7172953125 0.625 0.7207250000000001 0.6552734375 0.727584375 0.6875 0.7501218749999999 0.6962890625 0.7486531249999999 0.662109375 0.74424375 0.599609375 0.7476734375 0.55078125 0.7520828125000001 0.5048828125 0.7408140624999999 0.48828125 0.7261140625 0.498046875
1 0.6893671875 0.513671875 0.6785890625000001 0.5107421875 0.6629109375 0.4951171875 0.6560515625 0.53125 0.6501718750000001 0.5673828125 0.6491921875 0.6005859375 0.65703125 0.64453125 0.663890625 0.6845703125 0.670259375 0.724609375 0.6826453124999999 0.7052140625 0.6962265624999999 0.71875 0.7109265625 0.7119140625 0.7050468750000001 0.673828125 0.7016171875 0.6474609375 0.6972078125000001 0.6201171875 0.6942671875 0.5908203125 0.695246875 0.56640625 0.695246875 0.5380859375 0.6893671875 0.513671875
2 0.2851546875 0.498046875 0.2876046875 0.4716796875 0.288584375 0.4375 0.2851546875 0.404296875 0.284175 0.376953125 0.2797640625 0.3369140625 0.276334375 0.3046875 0.27045625 0.2724609375 0.256246875 0.2724609375 0.256246875 0.3125 0.25477656249999997 0.3525390625 0.25036718750000003 0.3955078125 0.23958906249999998 0.4375 0.24252812499999998 0.484375 0.2528171875 0.50390625 0.269475 0.5 0.2851546875 0.498046875
7 0.4997546875 0.5556640625 0.5007343750000001 0.583984375 0.4997546875 0.61328125 0.496325 0.642578125 0.491915625 0.67578125 0.49289531249999996 0.7109375 0.49387499999999995 0.7421875 0.5110234375 0.755859375 0.5095546875 0.7138671875 0.514453125 0.6708984375 0.5188640625 0.6318359375 0.51739375 0.6025390625 0.515434375 0.5576171875 0.4997546875 0.5556640625
8 0.47966718750000004 0.5673828125 0.47819687499999997 0.6064453125 0.47525781250000004 0.640625 0.4747671875 0.673828125 0.47819687499999997 0.708984375 0.47966718750000004 0.7470703125 0.498284375 0.751953125 0.49730468749999995 0.7158203125 0.49730468749999995 0.67578125 0.496325 0.6396484375 0.498775 0.59765625 0.4997546875 0.5625 0.47966718750000004 0.5673828125
9 0.4674171875 0.5458984375 0.4517390625 0.55859375 0.45320937499999997 0.599609375 0.45369843750000005 0.6328125 0.457128125 0.673828125 0.45369843750000005 0.7138671875 0.459578125 0.7470703125 0.47770625000000005 0.7490234375 0.4737875 0.7109375 0.4728078125 0.6787109375 0.4737875 0.6494140625 0.47770625000000005 0.609375 0.47819687499999997 0.568359375 0.4674171875 0.5458984375
10 0.45320937499999997 0.576171875 0.45222968750000003 0.5537109375 0.44292031249999997 0.5439453125 0.43263125 0.5654296875 0.42381250000000004 0.591796875 0.41891249999999997 0.626953125 0.41156249999999994 0.662109375 0.4061734375 0.708984375 0.4086234375 0.7470703125 0.41548281249999997 0.78515625 0.4341015625 0.7578125 0.439490625 0.7294921875 0.4453703125 0.69921875 0.4473296875 0.6630859375 0.4517390625 0.6376953125 0.45320937499999997 0.60546875 0.45320937499999997 0.576171875
11 0.4292015625 0.5732421875 0.42038281250000004 0.556640625 0.40764374999999997 0.5439453125 0.3919640625 0.548828125 0.3860859375 0.576171875 0.384615625 0.607421875 0.38804531249999996 0.6318359375 0.3855953125 0.6630859375 0.384125 0.6962890625 0.3806953125 0.736328125 0.3855953125 0.7705078125 0.3968640625 0.779296875 0.40519375 0.744140625 0.4091125 0.720703125 0.4140125 0.677734375 0.41891249999999997 0.64453125 0.42332187499999996 0.599609375 0.4292015625 0.5732421875
12 0.3968640625 0.541015625 0.3806953125 0.533203125 0.3630578125 0.533203125 0.3561984375 0.556640625 0.35766718750000004 0.5869140625 0.3566875 0.611328125 0.352278125 0.6455078125 0.347378125 0.685546875 0.34394843750000004 0.71875 0.3400296875 0.7490234375 0.35766718750000004 0.75 0.3650171875 0.716796875 0.37138593750000004 0.685546875 0.3782453125 0.65234375 0.3855953125 0.615234375 0.3919640625 0.578125 0.3968640625 0.541015625
14 0.32925 0.7158203125 0.333659375 0.69140625 0.3395390625 0.666015625 0.343459375 0.6396484375 0.349828125 0.6142578125 0.3561984375 0.58984375 0.3630578125 0.568359375 0.3674671875 0.5478515625 0.3630578125 0.52734375 0.35031875 0.517578125 0.333659375 0.517578125 0.32288125 0.5126953125 0.306221875 0.5029296875 0.30377343749999997 0.52734375 0.30279218750000003 0.576171875 0.29789374999999996 0.615234375 0.2934828125 0.6455078125 0.291034375 0.6728515625 0.286134375 0.6962890625 0.28319375 0.7265625 0.2934828125 0.71875 0.30279218750000003 0.6865234375 0.3091625 0.6572265625 0.3189609375 0.6240234375 0.3258203125 0.6455078125 0.3194515625 0.677734375 0.31308125000000003 0.69921875 0.3091625 0.7265625 0.32925 0.7158203125
15 0.3042625 0.5361328125 0.2988734375 0.505859375 0.28319375 0.505859375 0.26800625 0.5048828125 0.2542875 0.501953125 0.24301875 0.5224609375 0.244978125 0.55078125 0.2454671875 0.5810546875 0.2439984375 0.6064453125 0.2439984375 0.6298828125 0.24154843750000002 0.6630859375 0.24252812499999998 0.6962890625 0.24301875 0.728515625 0.2533078125 0.7421875 0.2616359375 0.7138671875 0.27045625 0.6787109375 0.2782953125 0.6533203125 0.2876046875 0.609375 0.297403125 0.5712890625 0.3042625 0.5361328125
16 0.2493875 0.55859375 0.24154843750000002 0.533203125 0.23860781250000002 0.5107421875 0.23370937500000002 0.4765625 0.2209703125 0.4814453125 0.20921093750000003 0.494140625 0.1954921875 0.505859375 0.178834375 0.517578125 0.1724640625 0.5439453125 0.1778546875 0.576171875 0.192553125 0.5791015625 0.20578124999999997 0.5859375 0.21949999999999997 0.59375 0.2327296875 0.6025390625 0.2484078125 0.583984375 0.2493875 0.55859375
6 0.542871875 0.568359375 0.5360125 0.5478515625 0.5237625 0.54296875 0.5159234374999999 0.5615234375 0.514453125 0.5986328125 0.5134734375 0.626953125 0.516903125 0.669921875 0.5188640625 0.7080078125 0.5198437499999999 0.75390625 0.5335625 0.7548828125 0.53748125 0.728515625 0.53993125 0.6953125 0.53993125 0.6552734375 0.53993125 0.6201171875 0.5438515625 0.59375 0.542871875 0.568359375
5 0.5756984375 0.5732421875 0.5732484375 0.548828125 0.5658984375 0.525390625 0.551690625 0.52734375 0.5438515625 0.5458984375 0.542871875 0.5712890625 0.542871875 0.5986328125 0.5467906250000001 0.6240234375 0.549240625 0.6552734375 0.5541406249999999 0.685546875 0.556590625 0.716796875 0.560509375 0.7568359375 0.5737390625 0.7744140625 0.5761875 0.7470703125 0.57716875 0.7138671875 0.57471875 0.6826171875 0.57716875 0.6474609375 0.57716875 0.611328125 0.5756984375 0.5732421875
4 0.6158750000000001 0.5634765625 0.6139140624999999 0.5380859375 0.6055859375 0.5185546875 0.5899062500000001 0.5146484375 0.5796171875 0.52734375 0.571778125 0.5537109375 0.571778125 0.5859375 0.5761875 0.6171875 0.5810875 0.6455078125 0.5859875 0.6806640625 0.5952968750000001 0.7236328125 0.596765625 0.7626953125 0.612934375 0.7705078125 0.6168546874999999 0.7392578125 0.6139140624999999 0.708984375 0.611465625 0.6787109375 0.611465625 0.63671875 0.6139140624999999 0.609375 0.6158750000000001 0.5634765625
3 0.6511515625000001 0.556640625 0.6511515625000001 0.53125 0.6398828125 0.5146484375 0.62714375 0.509765625 0.6139140624999999 0.5146484375 0.6055859375 0.5400390625 0.609015625 0.568359375 0.611465625 0.5947265625 0.6144046875 0.619140625 0.618325 0.6494140625 0.624203125 0.6806640625 0.62714375 0.7158203125 0.6349828125 0.7490234375 0.6501718750000001 0.7421875 0.6452718749999999 0.6904296875 0.6447812500000001 0.6630859375 0.6433125000000001 0.6240234375 0.6452718749999999 0.6044921875 0.6487015625 0.5791015625 0.6511515625000001 0.556640625