21 0.6240234375 0.485546875 0.599609375 0.4683984375 0.556640625 0.4659484375 0.5185546875 0.4634984375 0.4873046875 0.45761874999999996 0.451171875 0.45761874999999996 0.416015625 0.4561484375 0.3984375 0.46643749999999995 0.400390625 0.48750625000000003 0.4140625 0.5007343750000001 0.44140625 0.5002453124999999 0.474609375 0.498284375 0.5029296875 0.4953453125 0.5361328125 0.4904453125 0.578125 0.48750625000000003 0.6240234375 0.485546875
22 0.6298828125 0.5120046874999999 0.525390625 0.5071046875 0.494140625 0.503184375 0.4541015625 0.5022046875 0.421875 0.5002453124999999 0.4111328125 0.514453125 0.4052734375 0.5286625 0.40625 0.5414015625 0.4267578125 0.53993125 0.45703125 0.5365015625 0.4921875 0.5301328125 0.52734375 0.5276828124999999 0.55078125 0.5276828124999999 0.58984375 0.52229375 0.6298828125 0.5120046874999999
20 0.4716796875 0.41499218750000005 0.4287109375 0.4135234375 0.4052734375 0.41499218750000005 0.3974609375 0.42822187500000003 0.390625 0.4404703125 0.4013671875 0.45320937499999997 0.423828125 0.4546796875 0.45703125 0.45369843750000005 0.4794921875 0.4517390625 0.5126953125 0.4492890625 0.55078125 0.44585937500000006 0.5888671875 0.4409609375 0.626953125 0.430671875 0.58984375 0.42283125000000005 0.55078125 0.41891249999999997 0.5126953125 0.41548281249999997 0.4716796875 0.41499218750000005
19 0.5634765625 0.393434375 0.5185546875 0.3904953125 0.482421875 0.3855953125 0.443359375 0.384125 0.408203125 0.3831453125 0.3935546875 0.39735468749999997 0.40625 0.41009375 0.4443359375 0.4135234375 0.47265625 0.4140125 0.5029296875 0.4125421875 0.533203125 0.41156249999999994 0.56640625 0.40715312499999995 0.59375 0.39637500000000003 0.5634765625 0.393434375
2 0.552734375 0.22831875 0.5234375 0.23517812500000002 0.4921875 0.23909843749999998 0.46875 0.23517812500000002 0.4345703125 0.240078125 0.41015625 0.2454671875 0.3974609375 0.25918593749999996 0.4130859375 0.27535468750000003 0.4365234375 0.2822140625 0.474609375 0.2758453125 0.4951171875 0.26800625 0.5302734375 0.2621265625 0.55859375 0.2528171875 0.568359375 0.240078125 0.552734375 0.22831875
30 0.5556640625 0.56345 0.5947265625 0.5595296875 0.6064453125 0.549240625 0.560546875 0.549240625 0.5234375 0.5453203125 0.490234375 0.542871875 0.4521484375 0.53993125 0.4208984375 0.5414015625 0.392578125 0.5477703125 0.3955078125 0.56345 0.3935546875 0.57716875 0.4208984375 0.5786374999999999 0.443359375 0.5756984375 0.47265625 0.5707984374999999 0.5 0.5683484375 0.53125 0.5644296875 0.5556640625 0.56345
29 0.5693359375 0.5952968750000001 0.6044921875 0.5864765625 0.5654296875 0.5786374999999999 0.525390625 0.5801078125 0.484375 0.5796171875 0.447265625 0.57716875 0.4111328125 0.5786374999999999 0.392578125 0.5864765625 0.3955078125 0.6001953125 0.4033203125 0.6095046875000001 0.423828125 0.611465625 0.4462890625 0.611465625 0.4794921875 0.6095046875000001 0.505859375 0.6031359375 0.52734375 0.597746875 0.5693359375 0.5952968750000001
26 0.42578125 0.6883874999999999 0.3828125 0.6923078125 0.3525390625 0.6972078125000001 0.3720703125 0.7202359375 0.375 0.7339546875 0.3974609375 0.7329734375 0.423828125 0.7310140625 0.447265625 0.7290546875 0.482421875 0.723175 0.509765625 0.7148453124999999 0.4951171875 0.700146875 0.4619140625 0.6937781249999999 0.42578125 0.6883874999999999
27 0.43359375 0.7359140625 0.3984375 0.7359140625 0.3759765625 0.7403234375000001 0.3681640625 0.7496328125 0.375 0.7653109375 0.4033203125 0.7741296875 0.439453125 0.7741296875 0.4697265625 0.7672703125 0.498046875 0.7653109375 0.5302734375 0.7672703125 0.5634765625 0.766290625 0.54296875 0.757471875 0.5185546875 0.74424375 0.4853515625 0.73934375 0.458984375 0.7383640625 0.43359375 0.7359140625
7 0.3759765625 0.5213125 0.3828125 0.5002453124999999 0.35546875 0.5002453124999999 0.322265625 0.4977953125 0.2919921875 0.498284375 0.2529296875 0.4958359375 0.2705078125 0.510534375 0.30078125 0.516903125 0.3349609375 0.5183734375 0.3759765625 0.5213125
8 0.3046875 0.4904453125 0.3466796875 0.4953453125 0.384765625 0.4953453125 0.3876953125 0.47525781250000004 0.3466796875 0.4728078125 0.30859375 0.47035781249999997 0.271484375 0.46643749999999995 0.232421875 0.46251875 0.240234375 0.48309687500000004 0.2705078125 0.48652656250000004 0.3046875 0.4904453125
9 0.265625 0.45859843749999996 0.298828125 0.46006875 0.3466796875 0.47035781249999997 0.380859375 0.4747671875 0.3876953125 0.4639875 0.3720703125 0.44585937500000006 0.337890625 0.4453703125 0.3046875 0.44292031249999997 0.2705078125 0.439490625 0.23828125 0.43655 0.23828125 0.4546796875 0.265625 0.45859843749999996
10 0.2958984375 0.437040625 0.3037109375 0.41107343749999997 0.2666015625 0.40372343749999995 0.24609375 0.3968640625 0.216796875 0.3949046875 0.22265625 0.4125421875 0.240234375 0.4243015625 0.2666015625 0.4331203125 0.2958984375 0.437040625
6 0.2294921875 0.551690625 0.263671875 0.551690625 0.3037109375 0.5463015625 0.33984375 0.5463015625 0.3701171875 0.5477703125 0.380859375 0.5360125 0.3779296875 0.5159234374999999 0.3466796875 0.5208234375 0.3193359375 0.5213125 0.296875 0.5232734375 0.2734375 0.5252328125 0.25 0.5316015625 0.2294921875 0.551690625
5 0.20703125 0.571778125 0.21484375 0.5845171875 0.2607421875 0.5781484375 0.30078125 0.5781484375 0.326171875 0.5761875 0.3720703125 0.5786374999999999 0.380859375 0.56736875 0.3759765625 0.5467906250000001 0.3466796875 0.5482609375 0.3134765625 0.5502203125 0.2861328125 0.5526703125 0.255859375 0.5546296875000001 0.2333984375 0.558059375 0.20703125 0.571778125
4 0.2666015625 0.5938265625 0.2431640625 0.6011765625 0.2119140625 0.609015625 0.2119140625 0.6193046875 0.25 0.6144046875 0.2705078125 0.612934375 0.2958984375 0.611465625 0.322265625 0.611465625 0.3623046875 0.6095046875000001 0.388671875 0.601665625 0.384765625 0.5864765625 0.3701171875 0.5732484375 0.337890625 0.5761875 0.314453125 0.5820671875000001 0.2939453125 0.5874578125000001 0.2666015625 0.5938265625