31 0.548828125 0.20578124999999997 0.5322265625 0.212640625 0.517578125 0.2234203125 0.5087890625 0.24252812499999998 0.505859375 0.2577171875 0.548828125 0.2577171875 0.57421875 0.2577171875 0.640625 0.2533078125 0.697265625 0.244978125 0.7001953125 0.22488906250000001 0.662109375 0.2209703125 0.630859375 0.2185203125 0.595703125 0.2165609375 0.548828125 0.20578124999999997
2 0.4873046875 0.269475 0.4853515625 0.283684375 0.4931640625 0.299853125 0.517578125 0.3101421875 0.5439453125 0.30867187500000004 0.59375 0.3018125 0.650390625 0.2934828125 0.7001953125 0.2778046875 0.673828125 0.276825 0.6171875 0.276825 0.5537109375 0.25918593749999996 0.5087890625 0.2577171875 0.4873046875 0.269475
19 0.4140625 0.430671875 0.4423828125 0.43655 0.4921875 0.43165156250000003 0.5322265625 0.43165156250000003 0.5791015625 0.42822187500000003 0.6435546875 0.42479218750000003 0.630859375 0.4081328125 0.5791015625 0.403234375 0.5390625 0.4081328125 0.4873046875 0.4012734375 0.4541015625 0.4012734375 0.40234375 0.4081328125 0.4140625 0.430671875
20 0.470703125 0.4341015625 0.4609375 0.458109375 0.5087890625 0.4566390625 0.55859375 0.45418906249999996 0.6337890625 0.44977968749999997 0.6337890625 0.4331203125 0.6123046875 0.4341015625 0.5888671875 0.4341015625 0.525390625 0.4341015625 0.470703125 0.4341015625
21 0.3974609375 0.4683984375 0.3955078125 0.48407656250000003 0.4072265625 0.5026953125 0.4638671875 0.501715625 0.4990234375 0.496815625 0.5703125 0.48995625 0.6552734375 0.48652656250000004 0.640625 0.46006875 0.5771484375 0.46251875 0.5224609375 0.46251875 0.4638671875 0.46006875 0.4140625 0.45320937499999997 0.3974609375 0.4683984375
22 0.5087890625 0.5409109375 0.55078125 0.53748125 0.6240234375 0.5360125 0.67578125 0.5208234375 0.6669921875 0.4958359375 0.5986328125 0.4958359375 0.525390625 0.501715625 0.4609375 0.51249375 0.4609375 0.529153125 0.4638671875 0.5409109375 0.5087890625 0.5409109375
30 0.5087890625 0.56345 0.5537109375 0.561 0.6669921875 0.5658984375 0.662109375 0.5335625 0.62890625 0.5394421875 0.58203125 0.5384609375 0.5224609375 0.5384609375 0.4375 0.541890625 0.4306640625 0.5619796874999999 0.46875 0.56345 0.5087890625 0.56345
29 0.400390625 0.567859375 0.3955078125 0.5869671875 0.4306640625 0.5903968749999999 0.4755859375 0.5918671875 0.513671875 0.5894171874999999 0.5791015625 0.5894171874999999 0.6640625 0.5894171874999999 0.6572265625 0.567859375 0.6123046875 0.5644296875 0.560546875 0.56345 0.50390625 0.56345 0.4287109375 0.5644296875 0.400390625 0.567859375
23 0.46875 0.6144046875 0.517578125 0.612934375 0.5791015625 0.6178343749999999 0.6357421875 0.6178343749999999 0.6591796875 0.6095046875000001 0.65234375 0.5894171874999999 0.6025390625 0.5894171874999999 0.560546875 0.5894171874999999 0.50390625 0.5894171874999999 0.4375 0.5938265625 0.4326171875 0.6144046875 0.46875 0.6144046875
24 0.5791015625 0.642821875 0.671875 0.6413515624999999 0.6552734375 0.6188140625 0.59375 0.6246937499999999 0.5224609375 0.612934375 0.4375 0.6178343749999999 0.435546875 0.63204375 0.4609375 0.637921875 0.513671875 0.6462515625 0.5791015625 0.642821875
25 0.4775390625 0.6722187500000001 0.4853515625 0.6829984375 0.521484375 0.681528125 0.5419921875 0.681528125 0.5673828125 0.6756484375 0.57421875 0.6692796875 0.57421875 0.6629109375 0.560546875 0.6580109375000001 0.5302734375 0.6511515625000001 0.4853515625 0.64968125 0.4775390625 0.6722187500000001
26 0.505859375 0.7324843750000001 0.55859375 0.7197453125 0.630859375 0.7123953125 0.67578125 0.707496875 0.65234375 0.6864281250000001 0.6005859375 0.6874078124999999 0.5537109375 0.6874078124999999 0.48046875 0.6829984375 0.458984375 0.7123953125 0.4755859375 0.7339546875 0.505859375 0.7324843750000001
27 0.50390625 0.7422828124999999 0.5087890625 0.7599218750000001 0.5322265625 0.7741296875 0.5654296875 0.76923125 0.5888671875 0.76923125 0.671875 0.76678125 0.708984375 0.7584515625 0.708984375 0.7339546875 0.65234375 0.7339546875 0.5986328125 0.7315046875 0.5556640625 0.725625 0.525390625 0.7310140625 0.50390625 0.7422828124999999
28 0.4638671875 0.804996875 0.513671875 0.8000984375 0.53125 0.780009375 0.513671875 0.76433125 0.494140625 0.7501218749999999 0.45703125 0.7501218749999999 0.42578125 0.7682515624999999 0.404296875 0.7809890625 0.390625 0.79421875 0.369140625 0.8108765625000001 0.390625 0.8152859375 0.4326171875 0.8143062499999999 0.4638671875 0.804996875
0 0.380859375 0.7907890625 0.4140625 0.7687406250000001 0.4404296875 0.7584515625 0.470703125 0.7466921875 0.4638671875 0.7290546875 0.4296875 0.7109265625 0.4033203125 0.709946875 0.3740234375 0.7217046875 0.35546875 0.7432624999999999 0.33203125 0.7633515625 0.322265625 0.7907890625 0.333984375 0.8025484374999999 0.3623046875 0.8108765625000001 0.380859375 0.7907890625
3 0.265625 0.683978125 0.333984375 0.67466875 0.3720703125 0.6732 0.4169921875 0.6722187500000001 0.4169921875 0.6506609375 0.3955078125 0.62959375 0.3623046875 0.6438015625 0.322265625 0.65458125 0.2939453125 0.6648703125 0.2587890625 0.6722187500000001 0.23046875 0.6756484375 0.2021484375 0.6805484374999999 0.2060546875 0.6947578125 0.265625 0.683978125
4 0.2041015625 0.6687890624999999 0.2373046875 0.6555609375 0.2724609375 0.6487015625 0.3193359375 0.6438015625 0.35546875 0.638903125 0.3955078125 0.6305734375000001 0.392578125 0.612934375 0.3671875 0.6011765625 0.2939453125 0.615384375 0.255859375 0.6237140625 0.232421875 0.6305734375000001 0.2138671875 0.636453125 0.1875 0.6487015625 0.185546875 0.661440625 0.2041015625 0.6687890624999999
5 0.2060546875 0.6330234375 0.2470703125 0.62714375 0.287109375 0.612934375 0.33203125 0.606565625 0.37890625 0.6001953125 0.3857421875 0.5810875 0.3505859375 0.5786374999999999 0.310546875 0.5776578125 0.2724609375 0.587946875 0.234375 0.6001953125 0.2021484375 0.6119546875 0.1640625 0.62224375 0.162109375 0.638903125 0.2060546875 0.6330234375
6 0.3720703125 0.55365 0.345703125 0.541890625 0.265625 0.5502203125 0.2275390625 0.5595296875 0.1806640625 0.567859375 0.154296875 0.5737390625 0.173828125 0.5938265625 0.2470703125 0.5869671875 0.30078125 0.5761875 0.34375 0.5737390625 0.3720703125 0.55365
7 0.2958984375 0.544340625 0.3359375 0.5433609374999999 0.3759765625 0.5409109375 0.3759765625 0.5232734375 0.3671875 0.5110234375 0.3251953125 0.5134734375 0.279296875 0.5193531250000001 0.19921875 0.5252328125 0.1552734375 0.5296421875 0.1611328125 0.5482609375 0.20703125 0.5482609375 0.25390625 0.5477703125 0.2958984375 0.544340625
8 0.2275390625 0.48407656250000003 0.1875 0.48113593750000005 0.154296875 0.48505624999999997 0.1259765625 0.501715625 0.15234375 0.5183734375 0.1826171875 0.5232734375 0.212890625 0.5237625 0.2353515625 0.5232734375 0.271484375 0.5193531250000001 0.314453125 0.5164140625 0.3662109375 0.515434375 0.3857421875 0.501715625 0.380859375 0.48505624999999997 0.322265625 0.48260625 0.275390625 0.48260625 0.2275390625 0.48407656250000003
9 0.197265625 0.45565937500000003 0.23046875 0.4683984375 0.2841796875 0.46986718749999995 0.3388671875 0.480646875 0.3740234375 0.470846875 0.373046875 0.45125000000000004 0.3505859375 0.44585937500000006 0.3173828125 0.44242968749999995 0.2705078125 0.43802031250000006 0.21875 0.43802031250000006 0.197265625 0.4355703125 0.197265625 0.45565937500000003
10 0.1826171875 0.409603125 0.2060546875 0.430671875 0.234375 0.43802031250000006 0.279296875 0.43802031250000006 0.3525390625 0.44585937500000006 0.392578125 0.43802031250000006 0.369140625 0.41548281249999997 0.3359375 0.409603125 0.2841796875 0.3998046875 0.2294921875 0.39637500000000003 0.2041015625 0.39392499999999997 0.1826171875 0.409603125
11 0.3671875 0.3738359375 0.333984375 0.3645265625 0.298828125 0.354728125 0.2587890625 0.3561984375 0.244140625 0.36795625 0.275390625 0.38804531249999996 0.3125 0.39539375 0.3623046875 0.389025 0.3671875 0.3738359375
12 0.189453125 0.31651093750000003 0.208984375 0.33121093749999997 0.291015625 0.345909375 0.3232421875 0.3566875 0.3486328125 0.37040625 0.3798828125 0.3767765625 0.4091796875 0.3586484375 0.40234375 0.33610937500000004 0.3740234375 0.332190625 0.32421875 0.3243515625 0.2607421875 0.306221875 0.2099609375 0.30377343749999997 0.189453125 0.31651093750000003
15 0.3974609375 0.195003125 0.3603515625 0.171484375 0.34765625 0.15139687500000001 0.3193359375 0.162175 0.3037109375 0.1749140625 0.3056640625 0.1984328125 0.3291015625 0.2293 0.34375 0.2484078125 0.3671875 0.27339531250000004 0.3916015625 0.281725 0.4306640625 0.2827046875 0.4638671875 0.26849531249999997 0.4658203125 0.23909843749999998 0.4306640625 0.2234203125 0.3974609375 0.195003125
1 0.3232421875 0.6898578125 0.3212890625 0.6991671875 0.337890625 0.718275 0.373046875 0.7202359375 0.4091796875 0.7035765625 0.396484375 0.691328125 0.38671875 0.6829984375 0.3466796875 0.6756484375 0.3232421875 0.6898578125
18 0.451171875 0.4081328125 0.48046875 0.412053125 0.5087890625 0.40715312499999995 0.541015625 0.400784375 0.630859375 0.4042140625 0.625 0.3919640625 0.5810546875 0.3831453125 0.5185546875 0.3811859375 0.4892578125 0.37530625 0.4638671875 0.36795625 0.443359375 0.3650171875 0.4345703125 0.36648749999999997 0.421875 0.38363593749999997 0.451171875 0.4081328125
17 0.4560546875 0.352278125 0.4716796875 0.36550781250000003 0.498046875 0.37432656249999996 0.5576171875 0.3831453125 0.62109375 0.3831453125 0.66015625 0.3718765625 0.634765625 0.3650171875 0.603515625 0.359628125 0.5537109375 0.3630578125 0.52734375 0.3537484375 0.4794921875 0.3400296875 0.455078125 0.34394843750000004 0.4560546875 0.352278125