31 0.2533078125 0.359375 0.244978125 0.302734375 0.22488906250000001 0.2998046875 0.2209703125 0.337890625 0.2185203125 0.369140625 0.2165609375 0.404296875 0.20578124999999997 0.451171875 0.212640625 0.4677734375 0.2234203125 0.482421875 0.24252812499999998 0.4912109375 0.2577171875 0.494140625 0.2577171875 0.451171875 0.2577171875 0.42578125 0.2533078125 0.359375
2 0.2934828125 0.349609375 0.2778046875 0.2998046875 0.276825 0.326171875 0.276825 0.3828125 0.25918593749999996 0.4462890625 0.2577171875 0.4912109375 0.269475 0.5126953125 0.283684375 0.5146484375 0.299853125 0.5068359375 0.3101421875 0.482421875 0.30867187500000004 0.4560546875 0.3018125 0.40625 0.2934828125 0.349609375
19 0.4081328125 0.369140625 0.403234375 0.4208984375 0.4081328125 0.4609375 0.4012734375 0.5126953125 0.4012734375 0.5458984375 0.4081328125 0.59765625 0.430671875 0.5859375 0.43655 0.5576171875 0.43165156250000003 0.5078125 0.43165156250000003 0.4677734375 0.42822187500000003 0.4208984375 0.42479218750000003 0.3564453125 0.4081328125 0.369140625
20 0.45418906249999996 0.44140625 0.44977968749999997 0.3662109375 0.4331203125 0.3662109375 0.4341015625 0.3876953125 0.4341015625 0.4111328125 0.4341015625 0.474609375 0.4341015625 0.529296875 0.458109375 0.5390625 0.4566390625 0.4912109375 0.45418906249999996 0.44140625
21 0.48652656250000004 0.3447265625 0.46006875 0.359375 0.46251875 0.4228515625 0.46251875 0.4775390625 0.46006875 0.5361328125 0.45320937499999997 0.5859375 0.4683984375 0.6025390625 0.48407656250000003 0.6044921875 0.5026953125 0.5927734375 0.501715625 0.5361328125 0.496815625 0.5009765625 0.48995625 0.4296875 0.48652656250000004 0.3447265625
22 0.4958359375 0.3330078125 0.4958359375 0.4013671875 0.501715625 0.474609375 0.51249375 0.5390625 0.529153125 0.5390625 0.5409109375 0.5361328125 0.5409109375 0.4912109375 0.53748125 0.44921875 0.5360125 0.3759765625 0.5208234375 0.32421875 0.4958359375 0.3330078125
30 0.5394421875 0.37109375 0.5384609375 0.41796875 0.5384609375 0.4775390625 0.541890625 0.5625 0.5619796874999999 0.5693359375 0.56345 0.53125 0.56345 0.4912109375 0.561 0.4462890625 0.5658984375 0.3330078125 0.5335625 0.337890625 0.5394421875 0.37109375
29 0.5894171874999999 0.3359375 0.567859375 0.3427734375 0.5644296875 0.3876953125 0.56345 0.439453125 0.56345 0.49609375 0.5644296875 0.5712890625 0.567859375 0.599609375 0.5869671875 0.6044921875 0.5903968749999999 0.5693359375 0.5918671875 0.5244140625 0.5894171874999999 0.486328125 0.5894171874999999 0.4208984375 0.5894171874999999 0.3359375
23 0.5894171874999999 0.34765625 0.5894171874999999 0.3974609375 0.5894171874999999 0.439453125 0.5894171874999999 0.49609375 0.5938265625 0.5625 0.6144046875 0.5673828125 0.6144046875 0.53125 0.612934375 0.482421875 0.6178343749999999 0.4208984375 0.6178343749999999 0.3642578125 0.6095046875000001 0.3408203125 0.5894171874999999 0.34765625
24 0.6246937499999999 0.40625 0.612934375 0.4775390625 0.6178343749999999 0.5625 0.63204375 0.564453125 0.637921875 0.5390625 0.6462515625 0.486328125 0.642821875 0.4208984375 0.6413515624999999 0.328125 0.6188140625 0.3447265625 0.6246937499999999 0.40625
25 0.6756484375 0.4326171875 0.6692796875 0.42578125 0.6629109375 0.42578125 0.6580109375000001 0.439453125 0.6511515625000001 0.4697265625 0.64968125 0.5146484375 0.6722187500000001 0.5224609375 0.6829984375 0.5146484375 0.681528125 0.478515625 0.681528125 0.4580078125 0.6756484375 0.4326171875
26 0.6864281250000001 0.34765625 0.6874078124999999 0.3994140625 0.6874078124999999 0.4462890625 0.6829984375 0.51953125 0.7123953125 0.541015625 0.7339546875 0.5244140625 0.7324843750000001 0.494140625 0.7197453125 0.44140625 0.7123953125 0.369140625 0.707496875 0.32421875 0.6864281250000001 0.34765625
27 0.7584515625 0.291015625 0.7339546875 0.291015625 0.7339546875 0.34765625 0.7315046875 0.4013671875 0.725625 0.4443359375 0.7310140625 0.474609375 0.7422828124999999 0.49609375 0.7599218750000001 0.4912109375 0.7741296875 0.4677734375 0.76923125 0.4345703125 0.76923125 0.4111328125 0.76678125 0.328125 0.7584515625 0.291015625
28 0.7682515624999999 0.57421875 0.7809890625 0.595703125 0.79421875 0.609375 0.8108765625000001 0.630859375 0.8152859375 0.609375 0.8143062499999999 0.5673828125 0.804996875 0.5361328125 0.8000984375 0.486328125 0.780009375 0.46875 0.76433125 0.486328125 0.7501218749999999 0.505859375 0.7501218749999999 0.54296875 0.7682515624999999 0.57421875
0 0.7217046875 0.6259765625 0.7432624999999999 0.64453125 0.7633515625 0.66796875 0.7907890625 0.677734375 0.8025484374999999 0.666015625 0.8108765625000001 0.6376953125 0.7907890625 0.619140625 0.7687406250000001 0.5859375 0.7584515625 0.5595703125 0.7466921875 0.529296875 0.7290546875 0.5361328125 0.7109265625 0.5703125 0.709946875 0.5966796875 0.7217046875 0.6259765625
3 0.65458125 0.677734375 0.6648703125 0.7060546875 0.6722187500000001 0.7412109375 0.6756484375 0.76953125 0.6805484374999999 0.7978515625 0.6947578125 0.7939453125 0.683978125 0.734375 0.67466875 0.666015625 0.6732 0.6279296875 0.6722187500000001 0.5830078125 0.6506609375 0.5830078125 0.62959375 0.6044921875 0.6438015625 0.6376953125 0.65458125 0.677734375
4 0.615384375 0.7060546875 0.6237140625 0.744140625 0.6305734375000001 0.767578125 0.636453125 0.7861328125 0.6487015625 0.8125 0.661440625 0.814453125 0.6687890624999999 0.7958984375 0.6555609375 0.7626953125 0.6487015625 0.7275390625 0.6438015625 0.6806640625 0.638903125 0.64453125 0.6305734375000001 0.6044921875 0.612934375 0.607421875 0.6011765625 0.6328125 0.615384375 0.7060546875
5 0.5776578125 0.689453125 0.587946875 0.7275390625 0.6001953125 0.765625 0.6119546875 0.7978515625 0.62224375 0.8359375 0.638903125 0.837890625 0.6330234375 0.7939453125 0.62714375 0.7529296875 0.612934375 0.712890625 0.606565625 0.66796875 0.6001953125 0.62109375 0.5810875 0.6142578125 0.5786374999999999 0.6494140625 0.5776578125 0.689453125
6 0.567859375 0.8193359375 0.5737390625 0.845703125 0.5938265625 0.826171875 0.5869671875 0.7529296875 0.5761875 0.69921875 0.5737390625 0.65625 0.55365 0.6279296875 0.541890625 0.654296875 0.5502203125 0.734375 0.5595296875 0.7724609375 0.567859375 0.8193359375
7 0.5193531250000001 0.720703125 0.5252328125 0.80078125 0.5296421875 0.8447265625 0.5482609375 0.8388671875 0.5482609375 0.79296875 0.5477703125 0.74609375 0.544340625 0.7041015625 0.5433609374999999 0.6640625 0.5409109375 0.6240234375 0.5232734375 0.6240234375 0.5110234375 0.6328125 0.5134734375 0.6748046875 0.5193531250000001 0.720703125
8 0.5164140625 0.685546875 0.515434375 0.6337890625 0.501715625 0.6142578125 0.48505624999999997 0.619140625 0.48260625 0.677734375 0.48260625 0.724609375 0.48407656250000003 0.7724609375 0.48113593750000005 0.8125 0.48505624999999997 0.845703125 0.501715625 0.8740234375 0.5183734375 0.84765625 0.5232734375 0.8173828125 0.5237625 0.787109375 0.5232734375 0.7646484375 0.5193531250000001 0.728515625 0.5164140625 0.685546875
9 0.45125000000000004 0.626953125 0.44585937500000006 0.6494140625 0.44242968749999995 0.6826171875 0.43802031250000006 0.7294921875 0.43802031250000006 0.78125 0.4355703125 0.802734375 0.45565937500000003 0.802734375 0.4683984375 0.76953125 0.46986718749999995 0.7158203125 0.480646875 0.6611328125 0.470846875 0.6259765625 0.45125000000000004 0.626953125
10 0.43802031250000006 0.607421875 0.41548281249999997 0.630859375 0.409603125 0.6640625 0.3998046875 0.7158203125 0.39637500000000003 0.7705078125 0.39392499999999997 0.7958984375 0.409603125 0.8173828125 0.430671875 0.7939453125 0.43802031250000006 0.765625 0.43802031250000006 0.720703125 0.44585937500000006 0.6474609375 0.43802031250000006 0.607421875
11 0.354728125 0.701171875 0.3561984375 0.7412109375 0.36795625 0.755859375 0.38804531249999996 0.724609375 0.39539375 0.6875 0.389025 0.6376953125 0.3738359375 0.6328125 0.3645265625 0.666015625 0.354728125 0.701171875
12 0.3586484375 0.5908203125 0.33610937500000004 0.59765625 0.332190625 0.6259765625 0.3243515625 0.67578125 0.306221875 0.7392578125 0.30377343749999997 0.7900390625 0.31651093750000003 0.810546875 0.33121093749999997 0.791015625 0.345909375 0.708984375 0.3566875 0.6767578125 0.37040625 0.6513671875 0.3767765625 0.6201171875 0.3586484375 0.5908203125
15 0.27339531250000004 0.6328125 0.281725 0.6083984375 0.2827046875 0.5693359375 0.26849531249999997 0.5361328125 0.23909843749999998 0.5341796875 0.2234203125 0.5693359375 0.195003125 0.6025390625 0.171484375 0.6396484375 0.15139687500000001 0.65234375 0.162175 0.6806640625 0.1749140625 0.6962890625 0.1984328125 0.6943359375 0.2293 0.6708984375 0.2484078125 0.65625 0.27339531250000004 0.6328125
1 0.718275 0.662109375 0.7202359375 0.626953125 0.7035765625 0.5908203125 0.691328125 0.603515625 0.6829984375 0.61328125 0.6756484375 0.6533203125 0.6898578125 0.6767578125 0.6991671875 0.6787109375 0.718275 0.662109375
18 0.3811859375 0.4814453125 0.37530625 0.5107421875 0.36795625 0.5361328125 0.3650171875 0.556640625 0.36648749999999997 0.5654296875 0.38363593749999997 0.578125 0.4081328125 0.548828125 0.412053125 0.51953125 0.40715312499999995 0.4912109375 0.400784375 0.458984375 0.4042140625 0.369140625 0.3919640625 0.375 0.3831453125 0.4189453125 0.3811859375 0.4814453125
17 0.3650171875 0.365234375 0.359628125 0.396484375 0.3630578125 0.4462890625 0.3537484375 0.47265625 0.3400296875 0.5205078125 0.34394843750000004 0.544921875 0.352278125 0.5439453125 0.36550781250000003 0.5283203125 0.37432656249999996 0.501953125 0.3831453125 0.4423828125 0.3831453125 0.37890625 0.3718765625 0.33984375 0.3650171875 0.365234375