2 0.607421875 0.222440625 0.5673828125 0.2165609375 0.513671875 0.20921093750000003 0.48046875 0.20823125 0.44921875 0.222440625 0.447265625 0.24252812499999998 0.4658203125 0.2552671875 0.501953125 0.2577171875 0.5390625 0.2508578125 0.5791015625 0.2508578125 0.6337890625 0.2508578125 0.6689453125 0.23909843749999998 0.650390625 0.22587031249999998 0.607421875 0.222440625
13 0.515625 0.30377343749999997 0.5458984375 0.2969125 0.5458984375 0.281725 0.537109375 0.26751562500000003 0.5087890625 0.2577171875 0.4775390625 0.256246875 0.4658203125 0.2709453125 0.4609375 0.2876046875 0.4853515625 0.30034375 0.515625 0.30377343749999997
17 0.5791015625 0.3101421875 0.525390625 0.3052421875 0.4853515625 0.29789374999999996 0.4609375 0.3076921875 0.458984375 0.3194515625 0.470703125 0.338559375 0.5107421875 0.34835937499999997 0.5537109375 0.35276874999999996 0.6025390625 0.34786875 0.650390625 0.3419890625 0.638671875 0.3287609375 0.6103515625 0.3121015625 0.5791015625 0.3101421875
18 0.572265625 0.35276874999999996 0.5322265625 0.3512984375 0.4775390625 0.3415 0.4501953125 0.3557078125 0.4541015625 0.37138593750000004 0.505859375 0.384615625 0.548828125 0.3787359375 0.6025390625 0.36893750000000003 0.65234375 0.3645265625 0.6591796875 0.3488484375 0.619140625 0.35276874999999996 0.572265625 0.35276874999999996
19 0.50390625 0.382165625 0.4541015625 0.3811859375 0.4326171875 0.39294531250000003 0.435546875 0.40715312499999995 0.470703125 0.4164625 0.5322265625 0.4198921875 0.5791015625 0.4198921875 0.6640625 0.4198921875 0.7001953125 0.404703125 0.73046875 0.3855953125 0.6806640625 0.387065625 0.640625 0.387065625 0.5908203125 0.384615625 0.5458984375 0.382165625 0.50390625 0.382165625
20 0.4541015625 0.4164625 0.4326171875 0.429690625 0.4326171875 0.4439 0.4658203125 0.448309375 0.5322265625 0.4566390625 0.59375 0.4566390625 0.6552734375 0.458109375 0.6787109375 0.4439 0.65234375 0.4331203125 0.58203125 0.425771875 0.5322265625 0.42381250000000004 0.4541015625 0.4164625
21 0.44921875 0.4958359375 0.4755859375 0.4933859375 0.5439453125 0.48505624999999997 0.6220703125 0.48750625000000003 0.67578125 0.48260625 0.671875 0.46006875 0.6103515625 0.458109375 0.5537109375 0.45418906249999996 0.4970703125 0.44977968749999997 0.4326171875 0.44977968749999997 0.4287109375 0.480646875 0.44921875 0.4958359375
22 0.4404296875 0.5325828125000001 0.5341796875 0.5350312500000001 0.6025390625 0.5360125 0.67578125 0.5360125 0.7138671875 0.5193531250000001 0.685546875 0.5110234375 0.650390625 0.5134734375 0.6005859375 0.5051453125 0.5224609375 0.5007343750000001 0.458984375 0.498284375 0.4404296875 0.5325828125000001
29 0.5478515625 0.583046875 0.51953125 0.581578125 0.4853515625 0.5796171875 0.4990234375 0.6060749999999999 0.52734375 0.612934375 0.57421875 0.6188140625 0.634765625 0.6359625 0.6494140625 0.626653125 0.6337890625 0.615384375 0.603515625 0.6050953125 0.5751953125 0.5908875 0.5478515625 0.583046875
24 0.6552734375 0.683978125 0.6572265625 0.6722187500000001 0.607421875 0.6634 0.5703125 0.658990625 0.537109375 0.64723125 0.4921875 0.642821875 0.4873046875 0.6648703125 0.52734375 0.6756484375 0.5859375 0.6825078125 0.6552734375 0.683978125
26 0.533203125 0.7427734375 0.54296875 0.7354234374999999 0.583984375 0.7315046875 0.6689453125 0.7270953125 0.6630859375 0.7138656250000001 0.6005859375 0.7148453124999999 0.5390625 0.7123953125 0.4990234375 0.71190625 0.49609375 0.7310140625 0.5107421875 0.7378734375 0.533203125 0.7427734375
3 0.2705078125 0.6555609375 0.287109375 0.6697703125000001 0.3125 0.6687890624999999 0.390625 0.663890625 0.447265625 0.6531109374999999 0.4453125 0.6354734375 0.3642578125 0.6354734375 0.3037109375 0.636453125 0.2705078125 0.6555609375
4 0.3271484375 0.6163640625 0.3740234375 0.6163640625 0.4169921875 0.6144046875 0.4423828125 0.603625 0.4326171875 0.5845171875 0.37890625 0.5903968749999999 0.3037109375 0.5938265625 0.2626953125 0.6011765625 0.2724609375 0.6119546875 0.30078125 0.6163640625 0.3271484375 0.6163640625
5 0.416015625 0.5409109375 0.3076171875 0.5575703125 0.220703125 0.5859875 0.244140625 0.60215625 0.2724609375 0.597746875 0.3271484375 0.5894171874999999 0.390625 0.57471875 0.4228515625 0.5737390625 0.4287109375 0.555609375 0.416015625 0.5409109375
6 0.2421875 0.5409109375 0.2392578125 0.561 0.275390625 0.5595296875 0.3271484375 0.5433609374999999 0.408203125 0.5360125 0.4091796875 0.5267031249999999 0.4033203125 0.51249375 0.2939453125 0.5311125 0.2421875 0.5409109375
7 0.3642578125 0.48603593749999996 0.2841796875 0.4933859375 0.27734375 0.51249375 0.3359375 0.5134734375 0.3720703125 0.51249375 0.4033203125 0.512984375 0.4130859375 0.4835859375 0.3642578125 0.48603593749999996
8 0.33203125 0.48750625000000003 0.3837890625 0.48652656250000004 0.4140625 0.47819687499999997 0.4169921875 0.46006875 0.36328125 0.458109375 0.3046875 0.4605578125 0.2734375 0.464478125 0.2470703125 0.4737875 0.2900390625 0.48162656249999997 0.33203125 0.48750625000000003
9 0.423828125 0.458109375 0.423828125 0.4331203125 0.3642578125 0.43165156250000003 0.3076171875 0.43165156250000003 0.2470703125 0.430671875 0.21875 0.4473296875 0.2392578125 0.45026875000000005 0.3037109375 0.45075937499999996 0.34765625 0.45222968750000003 0.390625 0.46006875 0.423828125 0.458109375
10 0.3408203125 0.425771875 0.404296875 0.430671875 0.4404296875 0.41156249999999994 0.423828125 0.39735468749999997 0.390625 0.391475 0.3525390625 0.38804531249999996 0.30078125 0.379715625 0.2421875 0.37285625 0.244140625 0.39637500000000003 0.2822265625 0.4164625 0.3408203125 0.425771875
11 0.3671875 0.3669765625 0.36328125 0.3586484375 0.2841796875 0.3488484375 0.2373046875 0.3395390625 0.2109375 0.3537484375 0.244140625 0.3625671875 0.296875 0.37530625 0.357421875 0.381675 0.3671875 0.3669765625
14 0.423828125 0.2518375 0.3095703125 0.23909843749999998 0.302734375 0.2518375 0.4169921875 0.27339531250000004 0.423828125 0.2518375