2 0.2577171875 0.498046875 0.2508578125 0.4609375 0.2508578125 0.4208984375 0.2508578125 0.3662109375 0.23909843749999998 0.3310546875 0.22587031249999998 0.349609375 0.222440625 0.392578125 0.2165609375 0.4326171875 0.20921093750000003 0.486328125 0.20823125 0.51953125 0.222440625 0.55078125 0.24252812499999998 0.552734375 0.2552671875 0.5341796875 0.2577171875 0.498046875
13 0.26751562500000003 0.462890625 0.2577171875 0.4912109375 0.256246875 0.5224609375 0.2709453125 0.5341796875 0.2876046875 0.5390625 0.30034375 0.5146484375 0.30377343749999997 0.484375 0.2969125 0.4541015625 0.281725 0.4541015625 0.26751562500000003 0.462890625
17 0.34835937499999997 0.4892578125 0.35276874999999996 0.4462890625 0.34786875 0.3974609375 0.3419890625 0.349609375 0.3287609375 0.361328125 0.3121015625 0.3896484375 0.3101421875 0.4208984375 0.3052421875 0.474609375 0.29789374999999996 0.5146484375 0.3076921875 0.5390625 0.3194515625 0.541015625 0.338559375 0.529296875 0.34835937499999997 0.4892578125
18 0.384615625 0.494140625 0.3787359375 0.451171875 0.36893750000000003 0.3974609375 0.3645265625 0.34765625 0.3488484375 0.3408203125 0.35276874999999996 0.380859375 0.35276874999999996 0.427734375 0.3512984375 0.4677734375 0.3415 0.5224609375 0.3557078125 0.5498046875 0.37138593750000004 0.5458984375 0.384615625 0.494140625
19 0.404703125 0.2998046875 0.3855953125 0.26953125 0.387065625 0.3193359375 0.387065625 0.359375 0.384615625 0.4091796875 0.382165625 0.4541015625 0.382165625 0.49609375 0.3811859375 0.5458984375 0.39294531250000003 0.5673828125 0.40715312499999995 0.564453125 0.4164625 0.529296875 0.4198921875 0.4677734375 0.4198921875 0.4208984375 0.4198921875 0.3359375 0.404703125 0.2998046875
20 0.4566390625 0.40625 0.458109375 0.3447265625 0.4439 0.3212890625 0.4331203125 0.34765625 0.425771875 0.41796875 0.42381250000000004 0.4677734375 0.4164625 0.5458984375 0.429690625 0.5673828125 0.4439 0.5673828125 0.448309375 0.5341796875 0.4566390625 0.4677734375 0.4566390625 0.40625
21 0.46006875 0.328125 0.458109375 0.3896484375 0.45418906249999996 0.4462890625 0.44977968749999997 0.5029296875 0.44977968749999997 0.5673828125 0.480646875 0.5712890625 0.4958359375 0.55078125 0.4933859375 0.5244140625 0.48505624999999997 0.4560546875 0.48750625000000003 0.3779296875 0.48260625 0.32421875 0.46006875 0.328125
22 0.5193531250000001 0.2861328125 0.5110234375 0.314453125 0.5134734375 0.349609375 0.5051453125 0.3994140625 0.5007343750000001 0.4775390625 0.498284375 0.541015625 0.5325828125000001 0.5595703125 0.5350312500000001 0.4658203125 0.5360125 0.3974609375 0.5360125 0.32421875 0.5193531250000001 0.2861328125
29 0.6188140625 0.42578125 0.6359625 0.365234375 0.626653125 0.3505859375 0.615384375 0.3662109375 0.6050953125 0.396484375 0.5908875 0.4248046875 0.583046875 0.4521484375 0.581578125 0.48046875 0.5796171875 0.5146484375 0.6060749999999999 0.5009765625 0.612934375 0.47265625 0.6188140625 0.42578125
24 0.658990625 0.4296875 0.64723125 0.462890625 0.642821875 0.5078125 0.6648703125 0.5126953125 0.6756484375 0.47265625 0.6825078125 0.4140625 0.683978125 0.3447265625 0.6722187500000001 0.3427734375 0.6634 0.392578125 0.658990625 0.4296875
26 0.7138656250000001 0.3369140625 0.7148453124999999 0.3994140625 0.7123953125 0.4609375 0.71190625 0.5009765625 0.7310140625 0.50390625 0.7378734375 0.4892578125 0.7427734375 0.466796875 0.7354234374999999 0.45703125 0.7315046875 0.416015625 0.7270953125 0.3310546875 0.7138656250000001 0.3369140625
3 0.6687890624999999 0.6875 0.663890625 0.609375 0.6531109374999999 0.552734375 0.6354734375 0.5546875 0.6354734375 0.6357421875 0.636453125 0.6962890625 0.6555609375 0.7294921875 0.6697703125000001 0.712890625 0.6687890624999999 0.6875
4 0.5845171875 0.5673828125 0.5903968749999999 0.62109375 0.5938265625 0.6962890625 0.6011765625 0.7373046875 0.6119546875 0.7275390625 0.6163640625 0.69921875 0.6163640625 0.6728515625 0.6163640625 0.6259765625 0.6144046875 0.5830078125 0.603625 0.5576171875 0.5845171875 0.5673828125
5 0.60215625 0.755859375 0.597746875 0.7275390625 0.5894171874999999 0.6728515625 0.57471875 0.609375 0.5737390625 0.5771484375 0.555609375 0.5712890625 0.5409109375 0.583984375 0.5575703125 0.6923828125 0.5859875 0.779296875 0.60215625 0.755859375
6 0.5595296875 0.724609375 0.5433609374999999 0.6728515625 0.5360125 0.591796875 0.5267031249999999 0.5908203125 0.51249375 0.5966796875 0.5311125 0.7060546875 0.5409109375 0.7578125 0.561 0.7607421875 0.5595296875 0.724609375
7 0.4933859375 0.7158203125 0.51249375 0.72265625 0.5134734375 0.6640625 0.51249375 0.6279296875 0.512984375 0.5966796875 0.4835859375 0.5869140625 0.48603593749999996 0.6357421875 0.4933859375 0.7158203125
8 0.46006875 0.5830078125 0.458109375 0.63671875 0.4605578125 0.6953125 0.464478125 0.7265625 0.4737875 0.7529296875 0.48162656249999997 0.7099609375 0.48750625000000003 0.66796875 0.48652656250000004 0.6162109375 0.47819687499999997 0.5859375 0.46006875 0.5830078125
9 0.430671875 0.7529296875 0.4473296875 0.78125 0.45026875000000005 0.7607421875 0.45075937499999996 0.6962890625 0.45222968750000003 0.65234375 0.46006875 0.609375 0.458109375 0.576171875 0.4331203125 0.576171875 0.43165156250000003 0.6357421875 0.43165156250000003 0.6923828125 0.430671875 0.7529296875
10 0.391475 0.609375 0.38804531249999996 0.6474609375 0.379715625 0.69921875 0.37285625 0.7578125 0.39637500000000003 0.755859375 0.4164625 0.7177734375 0.425771875 0.6591796875 0.430671875 0.595703125 0.41156249999999994 0.5595703125 0.39735468749999997 0.576171875 0.391475 0.609375
11 0.3488484375 0.7158203125 0.3395390625 0.7626953125 0.3537484375 0.7890625 0.3625671875 0.755859375 0.37530625 0.703125 0.381675 0.642578125 0.3669765625 0.6328125 0.3586484375 0.63671875 0.3488484375 0.7158203125
14 0.2518375 0.697265625 0.27339531250000004 0.5830078125 0.2518375 0.576171875 0.23909843749999998 0.6904296875 0.2518375 0.697265625