2 0.4130859375 0.313571875 0.4560546875 0.313571875 0.474609375 0.313571875 0.505859375 0.3121015625 0.53125 0.30377343749999997 0.5244140625 0.283684375 0.498046875 0.27339531250000004 0.462890625 0.279275 0.42578125 0.283684375 0.373046875 0.291034375 0.3408203125 0.2969125 0.359375 0.3121015625 0.4130859375 0.313571875
13 0.4375 0.3287609375 0.392578125 0.33022968750000004 0.39453125 0.35031875 0.416015625 0.35031875 0.4443359375 0.35031875 0.482421875 0.35276874999999996 0.5078125 0.3586484375 0.5390625 0.359628125 0.5625 0.3463984375 0.5576171875 0.32778125 0.54296875 0.3145515625 0.517578125 0.3145515625 0.5009765625 0.31798125 0.4697265625 0.3219015625 0.4375 0.3287609375
17 0.5146484375 0.3831453125 0.541015625 0.3831453125 0.5546875 0.3586484375 0.4677734375 0.354728125 0.4228515625 0.3561984375 0.39453125 0.359628125 0.384765625 0.37285625 0.4296875 0.3738359375 0.4677734375 0.3762859375 0.5146484375 0.3831453125
19 0.484375 0.42479218750000003 0.5107421875 0.425771875 0.552734375 0.425771875 0.5859375 0.4164625 0.5673828125 0.402253125 0.5390625 0.39882343750000004 0.5029296875 0.3998046875 0.3876953125 0.4081328125 0.3876953125 0.4272421875 0.421875 0.42479218750000003 0.451171875 0.42381250000000004 0.484375 0.42479218750000003
20 0.474609375 0.44977968749999997 0.505859375 0.44977968749999997 0.55078125 0.448309375 0.576171875 0.4473296875 0.5791015625 0.430671875 0.4443359375 0.4341015625 0.4208984375 0.43802031250000006 0.40625 0.448309375 0.44140625 0.448309375 0.474609375 0.44977968749999997
21 0.5078125 0.4791765625 0.541015625 0.48162656249999997 0.5791015625 0.48162656249999997 0.5908203125 0.46643749999999995 0.587890625 0.45222968750000003 0.427734375 0.458109375 0.416015625 0.475746875 0.451171875 0.47819687499999997 0.4794921875 0.4791765625 0.5078125 0.4791765625
22 0.486328125 0.51494375 0.53125 0.51494375 0.5791015625 0.5208234375 0.5791015625 0.5007343750000001 0.5693359375 0.48505624999999997 0.4580078125 0.4958359375 0.42578125 0.501715625 0.427734375 0.51249375 0.451171875 0.5134734375 0.486328125 0.51494375
30 0.4130859375 0.5183734375 0.41015625 0.5384609375 0.4560546875 0.5394421875 0.494140625 0.5433609374999999 0.5224609375 0.5433609374999999 0.5673828125 0.5433609374999999 0.57421875 0.5193531250000001 0.5126953125 0.521803125 0.4677734375 0.524253125 0.4130859375 0.5183734375
29 0.484375 0.5737390625 0.5126953125 0.5737390625 0.55078125 0.5776578125 0.5693359375 0.567859375 0.576171875 0.5551203124999999 0.5576171875 0.5467906250000001 0.5244140625 0.5477703125 0.486328125 0.5526703125 0.4560546875 0.55365 0.3994140625 0.5502203125 0.3974609375 0.570309375 0.484375 0.5737390625
24 0.5576171875 0.6188140625 0.53125 0.60215625 0.498046875 0.603625 0.4775390625 0.60460625 0.4443359375 0.60460625 0.384765625 0.60460625 0.3759765625 0.62714375 0.4345703125 0.62714375 0.482421875 0.6286140625 0.5263671875 0.636453125 0.5576171875 0.6188140625
25 0.4091796875 0.681528125 0.451171875 0.681528125 0.4912109375 0.681528125 0.5263671875 0.681528125 0.541015625 0.666340625 0.5390625 0.6487015625 0.5107421875 0.6344921875 0.4677734375 0.640371875 0.427734375 0.64968125 0.4013671875 0.65458125 0.3662109375 0.6648703125 0.3564453125 0.6874078124999999 0.4091796875 0.681528125
26 0.3525390625 0.6947578125 0.328125 0.708965625 0.3310546875 0.723175 0.361328125 0.7207250000000001 0.39453125 0.7158249999999999 0.427734375 0.7158249999999999 0.462890625 0.7217046875 0.484375 0.7266046875 0.5107421875 0.7241546875 0.5126953125 0.711415625 0.5322265625 0.6996578125 0.5029296875 0.683978125 0.4658203125 0.683978125 0.4208984375 0.6864281250000001 0.380859375 0.6923078125 0.3525390625 0.6947578125
4 0.580078125 0.561 0.5673828125 0.5752078125 0.587890625 0.5894171874999999 0.6259765625 0.6001953125 0.65234375 0.5938265625 0.7041015625 0.5987265625 0.7392578125 0.5962765625 0.7412109375 0.5845171875 0.7041015625 0.5727578125 0.65625 0.567859375 0.6103515625 0.5600203125000001 0.580078125 0.561
5 0.587890625 0.5301328125 0.5859375 0.5526703125 0.64453125 0.561 0.6923828125 0.569328125 0.720703125 0.569328125 0.7529296875 0.5658984375 0.7509765625 0.55365 0.7294921875 0.5453203125 0.6845703125 0.541890625 0.6240234375 0.5301328125 0.587890625 0.5301328125
6 0.6806640625 0.5384609375 0.7109375 0.541890625 0.7490234375 0.5409109375 0.7412109375 0.5213125 0.6328125 0.5066140625 0.6025390625 0.5090640625 0.5966796875 0.5252328125 0.654296875 0.5301328125 0.6806640625 0.5384609375
8 0.6044921875 0.48407656250000003 0.64453125 0.480646875 0.6875 0.4791765625 0.7294921875 0.46986718749999995 0.7373046875 0.45565937500000003 0.701171875 0.46006875 0.6611328125 0.46251875 0.609375 0.46643749999999995 0.6044921875 0.48407656250000003
9 0.59765625 0.4473296875 0.607421875 0.46251875 0.66796875 0.45418906249999996 0.7109375 0.44977968749999997 0.7626953125 0.4439 0.7490234375 0.4272421875 0.7275390625 0.430671875 0.6923828125 0.4355703125 0.6357421875 0.44242968749999995 0.59765625 0.4473296875
10 0.59375 0.42381250000000004 0.5927734375 0.4399796875 0.6142578125 0.4399796875 0.6328125 0.4355703125 0.654296875 0.4341015625 0.6845703125 0.43165156250000003 0.7158203125 0.42822187500000003 0.744140625 0.42234218749999997 0.7705078125 0.4179328125 0.78125 0.404703125 0.7490234375 0.403234375 0.69921875 0.41156249999999994 0.6630859375 0.4179328125 0.619140625 0.42038281250000004 0.59375 0.42381250000000004
11 0.607421875 0.4164625 0.65625 0.409603125 0.6943359375 0.4056828125 0.7275390625 0.3998046875 0.765625 0.384615625 0.7490234375 0.374815625 0.6494140625 0.389025 0.587890625 0.39294531250000003 0.5810546875 0.41058281250000006 0.607421875 0.4164625
12 0.572265625 0.3669765625 0.5693359375 0.3806953125 0.5859375 0.391475 0.630859375 0.3831453125 0.662109375 0.3806953125 0.7060546875 0.37285625 0.734375 0.35276874999999996 0.71875 0.347378125 0.7041015625 0.3463984375 0.67578125 0.354728125 0.619140625 0.359628125 0.572265625 0.3669765625
16 0.5146484375 0.269475 0.5361328125 0.281725 0.5595703125 0.291034375 0.5927734375 0.281725 0.6259765625 0.2518375 0.6591796875 0.2234203125 0.6240234375 0.21068125000000001 0.5908203125 0.222440625 0.55078125 0.240078125 0.51953125 0.2567375 0.5146484375 0.269475