2 0.716315625 0.4755859375 0.6962265624999999 0.46875 0.6878984375 0.494140625 0.6864281250000001 0.525390625 0.6864281250000001 0.5439453125 0.6864281250000001 0.5869140625 0.6878984375 0.640625 0.7030875 0.6591796875 0.708965625 0.626953125 0.716315625 0.57421875 0.7207250000000001 0.537109375 0.7266046875 0.501953125 0.716315625 0.4755859375
13 0.6722187500000001 0.4423828125 0.6536015625 0.4375 0.640371875 0.4609375 0.6413515624999999 0.4921875 0.64723125 0.517578125 0.64968125 0.5556640625 0.64968125 0.583984375 0.64968125 0.60546875 0.6697703125000001 0.607421875 0.6712390625 0.5625 0.6780984375 0.5302734375 0.68201875 0.4990234375 0.6854484375000001 0.482421875 0.6854484375000001 0.45703125 0.6722187500000001 0.4423828125
17 0.6237140625 0.5322265625 0.6261640625 0.5703125 0.62714375 0.615234375 0.640371875 0.60546875 0.6438015625 0.5771484375 0.6452718749999999 0.5322265625 0.6413515624999999 0.4453125 0.6168546874999999 0.458984375 0.6168546874999999 0.4853515625 0.6237140625 0.5322265625
19 0.5835375 0.4140625 0.574228125 0.447265625 0.574228125 0.4892578125 0.5752078125 0.515625 0.5761875 0.548828125 0.5752078125 0.578125 0.5727578125 0.6123046875 0.5918671875 0.6123046875 0.6001953125 0.4970703125 0.6011765625 0.4609375 0.597746875 0.4326171875 0.5835375 0.4140625
20 0.551690625 0.55859375 0.551690625 0.59375 0.5619796874999999 0.5791015625 0.5658984375 0.5556640625 0.569328125 0.4208984375 0.5526703125 0.423828125 0.551690625 0.44921875 0.5502203125 0.494140625 0.5502203125 0.525390625 0.551690625 0.55859375
21 0.5208234375 0.5205078125 0.521803125 0.548828125 0.524253125 0.583984375 0.541890625 0.572265625 0.5477703125 0.412109375 0.5335625 0.4091796875 0.5183734375 0.4208984375 0.5183734375 0.458984375 0.5208234375 0.4921875 0.5208234375 0.5205078125
22 0.48652656250000004 0.548828125 0.48750625000000003 0.572265625 0.498284375 0.57421875 0.5041640625 0.5419921875 0.51494375 0.4306640625 0.49926562499999994 0.4208984375 0.4791765625 0.4208984375 0.48505624999999997 0.46875 0.48505624999999997 0.513671875 0.48652656250000004 0.548828125
30 0.475746875 0.5322265625 0.47819687499999997 0.4873046875 0.480646875 0.42578125 0.4566390625 0.4326171875 0.4566390625 0.4775390625 0.4566390625 0.505859375 0.4605578125 0.5439453125 0.4615390625 0.58984375 0.48162656249999997 0.5869140625 0.475746875 0.5322265625
29 0.432140625 0.4306640625 0.42234218749999997 0.44921875 0.42626093750000005 0.4873046875 0.42626093750000005 0.515625 0.429690625 0.6025390625 0.44977968749999997 0.6005859375 0.44634999999999997 0.5439453125 0.4473296875 0.513671875 0.45222968750000003 0.4755859375 0.45320937499999997 0.4423828125 0.4448796875 0.423828125 0.432140625 0.4306640625
24 0.39784375 0.46875 0.3811859375 0.4423828125 0.363546875 0.4736328125 0.37138593750000004 0.517578125 0.37285625 0.5654296875 0.37285625 0.6240234375 0.39539375 0.615234375 0.39539375 0.5556640625 0.39539375 0.5224609375 0.39637500000000003 0.501953125 0.39784375 0.46875
25 0.3512984375 0.4609375 0.333659375 0.458984375 0.318471875 0.4736328125 0.318471875 0.5087890625 0.318471875 0.548828125 0.318471875 0.5908203125 0.3125921875 0.6435546875 0.3351296875 0.6337890625 0.34541875 0.5986328125 0.35031875 0.572265625 0.359628125 0.5322265625 0.36550781250000003 0.4892578125 0.3512984375 0.4609375
26 0.316021875 0.4970703125 0.30034375 0.4677734375 0.288584375 0.4873046875 0.2758453125 0.4892578125 0.27339531250000004 0.515625 0.2782953125 0.537109375 0.284175 0.572265625 0.284175 0.60546875 0.279275 0.638671875 0.276825 0.6689453125 0.291034375 0.671875 0.3052421875 0.6474609375 0.3076921875 0.619140625 0.313571875 0.5791015625 0.316021875 0.5341796875 0.316021875 0.4970703125
4 0.3998046875 0.3740234375 0.41058281250000006 0.412109375 0.42479218750000003 0.4326171875 0.43899999999999995 0.419921875 0.4399796875 0.3896484375 0.432140625 0.34375 0.4272421875 0.2958984375 0.41548281249999997 0.2587890625 0.40372343749999995 0.2607421875 0.4012734375 0.2958984375 0.4061734375 0.34765625 0.3998046875 0.3740234375
5 0.4473296875 0.4140625 0.46986718749999995 0.412109375 0.46986718749999995 0.3759765625 0.458109375 0.3154296875 0.4546796875 0.2705078125 0.44634999999999997 0.2490234375 0.4341015625 0.2470703125 0.430671875 0.279296875 0.430671875 0.3076171875 0.43899999999999995 0.35546875 0.4473296875 0.4140625
6 0.49093593750000003 0.3974609375 0.4933859375 0.3671875 0.47868750000000004 0.2587890625 0.45908906250000003 0.2509765625 0.458109375 0.2890625 0.4615390625 0.3193359375 0.46986718749999995 0.345703125 0.4747671875 0.4033203125 0.49093593750000003 0.3974609375
8 0.53993125 0.298828125 0.544340625 0.2626953125 0.5301328125 0.2705078125 0.5208234375 0.3125 0.5193531250000001 0.35546875 0.5159234374999999 0.3955078125 0.5335625 0.390625 0.53748125 0.3388671875 0.53993125 0.298828125
9 0.5575703125 0.3642578125 0.5644296875 0.3076171875 0.569328125 0.2724609375 0.5727578125 0.2509765625 0.5561 0.2373046875 0.5502203125 0.2890625 0.5458109375 0.33203125 0.53748125 0.392578125 0.5526703125 0.40234375 0.5575703125 0.3642578125
10 0.5952968750000001 0.21875 0.5820671875000001 0.2294921875 0.5776578125 0.255859375 0.571778125 0.2841796875 0.5683484375 0.3154296875 0.5658984375 0.345703125 0.5644296875 0.3671875 0.5600203125000001 0.3857421875 0.5600203125000001 0.4072265625 0.5761875 0.40625 0.5796171875 0.380859375 0.5820671875000001 0.3369140625 0.5884375000000001 0.30078125 0.596765625 0.2509765625 0.5952968750000001 0.21875
11 0.5894171874999999 0.4189453125 0.6070546875 0.412109375 0.610975 0.3505859375 0.625184375 0.2509765625 0.615384375 0.234375 0.6001953125 0.2724609375 0.5943171875 0.3056640625 0.5903968749999999 0.34375 0.5835375 0.392578125 0.5894171874999999 0.4189453125
12 0.6168546874999999 0.369140625 0.608525 0.4140625 0.6193046875 0.4306640625 0.6330234375 0.427734375 0.640371875 0.380859375 0.6452718749999999 0.32421875 0.6536015625 0.2958984375 0.652621875 0.28125 0.64723125 0.265625 0.62714375 0.2939453125 0.6193046875 0.337890625 0.6168546874999999 0.369140625
16 0.718275 0.4638671875 0.730525 0.4853515625 0.7432624999999999 0.48046875 0.7599218750000001 0.44921875 0.7775593749999999 0.4091796875 0.78931875 0.3759765625 0.7765796875000001 0.3408203125 0.7481625000000001 0.3740234375 0.718275 0.4072265625 0.708965625 0.4404296875 0.718275 0.4638671875