31 0.515625 0.7775593749999999 0.5673828125 0.7633515625 0.5986328125 0.7530625 0.650390625 0.7422828124999999 0.6474609375 0.7315046875 0.55859375 0.734934375 0.50390625 0.737384375 0.4853515625 0.7530625 0.515625 0.7775593749999999
2 0.5341796875 0.7006375 0.501953125 0.6981875 0.44921875 0.6962265624999999 0.4287109375 0.7172953125 0.4404296875 0.7266046875 0.4775390625 0.7422828124999999 0.55078125 0.7246453125000001 0.6455078125 0.7221953125 0.6337890625 0.7065171875 0.6005859375 0.6923078125 0.5341796875 0.7006375
13 0.5673828125 0.65948125 0.513671875 0.6521312499999999 0.4755859375 0.642821875 0.4482421875 0.642821875 0.4208984375 0.6555609375 0.4208984375 0.6697703125000001 0.412109375 0.68201875 0.435546875 0.6937781249999999 0.46875 0.6947578125 0.55078125 0.6898578125 0.6025390625 0.6878984375 0.6025390625 0.65948125 0.5673828125 0.65948125
18 0.435546875 0.6359625 0.60546875 0.6144046875 0.5908203125 0.603625 0.5302734375 0.603625 0.4296875 0.6026453125 0.435546875 0.6359625
19 0.482421875 0.5683484375 0.4423828125 0.5658984375 0.392578125 0.574228125 0.388671875 0.5894171874999999 0.423828125 0.6011765625 0.4541015625 0.6011765625 0.505859375 0.597746875 0.6259765625 0.59480625 0.626953125 0.5727578125 0.5205078125 0.571778125 0.482421875 0.5683484375
20 0.5908203125 0.5526703125 0.5888671875 0.5360125 0.46875 0.5409109375 0.392578125 0.5409109375 0.3857421875 0.5541406249999999 0.404296875 0.5683484375 0.4453125 0.5658984375 0.48046875 0.5644296875 0.525390625 0.5575703125 0.5908203125 0.5526703125
21 0.4453125 0.5007343750000001 0.40234375 0.5007343750000001 0.3759765625 0.5075937500000001 0.380859375 0.53993125 0.45703125 0.5350312500000001 0.583984375 0.5325828125000001 0.607421875 0.5080843749999999 0.470703125 0.5066140625 0.4453125 0.5007343750000001
22 0.6103515625 0.4688875 0.4736328125 0.4639875 0.4404296875 0.4605578125 0.380859375 0.46496875 0.3759765625 0.4958359375 0.4375 0.49926562499999994 0.46875 0.49240625 0.537109375 0.4889765625 0.607421875 0.4889765625 0.6103515625 0.4688875
30 0.4609375 0.4355703125 0.4140625 0.42626093750000005 0.388671875 0.4341015625 0.392578125 0.44977968749999997 0.4326171875 0.458109375 0.5224609375 0.4610484375 0.583984375 0.4674171875 0.5888671875 0.44977968749999997 0.513671875 0.432140625 0.4609375 0.4355703125
29 0.55859375 0.42381250000000004 0.6171875 0.4140125 0.5888671875 0.39637500000000003 0.4853515625 0.39637500000000003 0.435546875 0.3924546875 0.400390625 0.3998046875 0.380859375 0.41548281249999997 0.404296875 0.42381250000000004 0.4287109375 0.4272421875 0.4599609375 0.43263125 0.4990234375 0.42822187500000003 0.55859375 0.42381250000000004
23 0.4404296875 0.359628125 0.400390625 0.363546875 0.40234375 0.37530625 0.4208984375 0.38510468750000004 0.46875 0.387065625 0.5986328125 0.386575 0.603515625 0.37775625 0.4775390625 0.36550781250000003 0.4404296875 0.359628125
25 0.4990234375 0.281725 0.4560546875 0.2797640625 0.453125 0.2920140625 0.4609375 0.32533124999999996 0.494140625 0.32533124999999996 0.572265625 0.30867187500000004 0.6357421875 0.2959328125 0.6572265625 0.288584375 0.630859375 0.26849531249999997 0.5908203125 0.281725 0.5419921875 0.288584375 0.4990234375 0.281725
26 0.5673828125 0.249878125 0.513671875 0.24742812500000003 0.4755859375 0.24154843750000002 0.4404296875 0.26751562500000003 0.4658203125 0.279275 0.4970703125 0.2802546875 0.5556640625 0.27192500000000003 0.619140625 0.26506562499999997 0.6240234375 0.240078125 0.5673828125 0.249878125
1 0.201171875 0.3052421875 0.1826171875 0.313571875 0.2275390625 0.3370890625 0.30078125 0.34541875 0.3505859375 0.361096875 0.390625 0.3645265625 0.3974609375 0.34541875 0.3974609375 0.32778125 0.4072265625 0.3145515625 0.3759765625 0.3067125 0.3408203125 0.3076921875 0.3125 0.2983828125 0.265625 0.2851546875 0.23046875 0.2709453125 0.2109375 0.281725 0.232421875 0.2944640625 0.2705078125 0.3067125 0.3037109375 0.3194515625 0.279296875 0.32778125 0.234375 0.3219015625 0.201171875 0.3052421875
4 0.34375 0.42234218749999997 0.380859375 0.4061734375 0.3759765625 0.389515625 0.34765625 0.38363593749999997 0.3125 0.38363593749999997 0.2421875 0.382165625 0.17578125 0.38363593749999997 0.17578125 0.39392499999999997 0.21875 0.39882343750000004 0.2587890625 0.40715312499999995 0.3076171875 0.4140125 0.34375 0.42234218749999997
5 0.3623046875 0.42234218749999997 0.3271484375 0.42038281250000004 0.2890625 0.4164625 0.2421875 0.41548281249999997 0.1806640625 0.4164625 0.1357421875 0.42136250000000003 0.1455078125 0.4331203125 0.232421875 0.44242968749999995 0.3193359375 0.44977968749999997 0.3720703125 0.44242968749999995 0.3623046875 0.42234218749999997
6 0.3603515625 0.45222968750000003 0.291015625 0.45320937499999997 0.2275390625 0.45320937499999997 0.1689453125 0.4615390625 0.1806640625 0.4723171875 0.2626953125 0.46986718749999995 0.333984375 0.480646875 0.3642578125 0.4674171875 0.3603515625 0.45222968750000003
7 0.3193359375 0.48162656249999997 0.2724609375 0.47329687500000006 0.2255859375 0.47819687499999997 0.1806640625 0.48309687500000004 0.197265625 0.49730468749999995 0.244140625 0.4948546875 0.3056640625 0.498284375 0.3271484375 0.4933859375 0.3193359375 0.48162656249999997
8 0.34765625 0.49926562499999994 0.2890625 0.5041640625 0.2626953125 0.5051453125 0.21875 0.503184375 0.2109375 0.5208234375 0.2373046875 0.5208234375 0.2939453125 0.5257234375000001 0.3408203125 0.5232734375 0.34765625 0.49926562499999994
9 0.3671875 0.5335625 0.3359375 0.5232734375 0.291015625 0.5257234375000001 0.2509765625 0.5276828124999999 0.2060546875 0.5301328125 0.1943359375 0.5477703125 0.2587890625 0.5477703125 0.30078125 0.5458109375 0.3525390625 0.5458109375 0.3671875 0.5335625
10 0.3740234375 0.5727578125 0.3759765625 0.5551203124999999 0.345703125 0.5477703125 0.32421875 0.5526703125 0.2705078125 0.5526703125 0.2373046875 0.5561 0.1923828125 0.5644296875 0.1875 0.5859875 0.2275390625 0.585496875 0.2890625 0.5835375 0.3359375 0.5776578125 0.3740234375 0.5727578125
11 0.3837890625 0.5869671875 0.3603515625 0.5776578125 0.3359375 0.5825578124999999 0.298828125 0.592846875 0.265625 0.597746875 0.2109375 0.603625 0.17578125 0.6178343749999999 0.234375 0.620284375 0.2890625 0.6168546874999999 0.3291015625 0.6119546875 0.369140625 0.6070546875 0.3837890625 0.5869671875
12 0.3955078125 0.6261640625 0.3623046875 0.608525 0.3291015625 0.6168546874999999 0.27734375 0.6237140625 0.2158203125 0.6354734375 0.173828125 0.64968125 0.197265625 0.65458125 0.2373046875 0.6487015625 0.3173828125 0.6452718749999999 0.388671875 0.6438015625 0.3955078125 0.6261640625
16 0.4140625 0.7266046875 0.37890625 0.716315625 0.345703125 0.7422828124999999 0.345703125 0.7682515624999999 0.3359375 0.8074468749999999 0.3564453125 0.8177359375 0.4208984375 0.7858890625 0.4404296875 0.7672703125 0.4638671875 0.7432624999999999 0.4140625 0.7266046875