2 0.29544375 0.35546875 0.28907343750000003 0.3125 0.2616359375 0.31640625 0.25379687500000003 0.365234375 0.2459578125 0.4111328125 0.23860781250000002 0.47265625 0.256246875 0.513671875 0.2827046875 0.513671875 0.28809375 0.470703125 0.29054375 0.4169921875 0.29544375 0.35546875
13 0.3351296875 0.359375 0.3214109375 0.322265625 0.3013234375 0.3466796875 0.2969125 0.4013671875 0.28319375 0.4755859375 0.2871140625 0.4990234375 0.3042625 0.5185546875 0.327290625 0.521484375 0.3366 0.5029296875 0.3356203125 0.4599609375 0.3370890625 0.4169921875 0.3351296875 0.359375
18 0.3694265625 0.4384765625 0.36893750000000003 0.4912109375 0.3674671875 0.537109375 0.403234375 0.544921875 0.4081328125 0.5166015625 0.4012734375 0.4296875 0.398334375 0.376953125 0.3860859375 0.35546875 0.3694265625 0.380859375 0.3694265625 0.4384765625
19 0.4336109375 0.484375 0.430671875 0.4384765625 0.4292015625 0.38671875 0.4292015625 0.333984375 0.403234375 0.3466796875 0.403234375 0.3955078125 0.403234375 0.44140625 0.3998046875 0.517578125 0.398334375 0.55078125 0.41695312500000004 0.564453125 0.4385109375 0.5556640625 0.4360609375 0.5283203125 0.4336109375 0.484375
20 0.44292031249999997 0.3251953125 0.43802031250000006 0.373046875 0.43508125 0.41796875 0.4360609375 0.462890625 0.43753125 0.529296875 0.44145 0.5615234375 0.45859843749999996 0.5673828125 0.4659484375 0.5341796875 0.4659484375 0.4873046875 0.4679078125 0.4267578125 0.4679078125 0.35546875 0.45859843749999996 0.31640625 0.44292031249999997 0.3251953125
21 0.4904453125 0.3671875 0.48505624999999997 0.3291015625 0.4659484375 0.3193359375 0.469378125 0.380859375 0.469378125 0.408203125 0.469378125 0.4482421875 0.469378125 0.5029296875 0.46251875 0.568359375 0.48309687500000004 0.5703125 0.501715625 0.5673828125 0.503184375 0.5400390625 0.506125 0.5126953125 0.498284375 0.4775390625 0.49436562500000003 0.4267578125 0.4904453125 0.3671875
22 0.5570796875 0.3095703125 0.5198437499999999 0.31640625 0.515434375 0.37109375 0.510534375 0.4326171875 0.5046546875 0.505859375 0.5075937500000001 0.5673828125 0.5213125 0.5859375 0.53993125 0.580078125 0.542871875 0.5302734375 0.54483125 0.4814453125 0.5463015625 0.4296875 0.55365 0.3623046875 0.5570796875 0.3095703125
30 0.5570796875 0.3310546875 0.549240625 0.392578125 0.5463015625 0.4482421875 0.5394421875 0.55859375 0.549240625 0.56640625 0.5663890625 0.564453125 0.5707984374999999 0.5185546875 0.57226875 0.478515625 0.5752078125 0.419921875 0.5752078125 0.35546875 0.5752078125 0.2978515625 0.5570796875 0.3310546875
29 0.5859875 0.3349609375 0.5801078125 0.3720703125 0.5752078125 0.4169921875 0.5752078125 0.4755859375 0.570309375 0.548828125 0.5835375 0.5703125 0.5982359374999999 0.5712890625 0.6055859375 0.5458984375 0.6031359375 0.4970703125 0.6050953125 0.40625 0.6050953125 0.3603515625 0.601665625 0.3349609375 0.5859875 0.3349609375
23 0.615384375 0.380859375 0.5987265625 0.453125 0.5957859375 0.5380859375 0.6124453125 0.572265625 0.6168546874999999 0.5703125 0.6369421875 0.5732421875 0.6413515624999999 0.5244140625 0.6413515624999999 0.494140625 0.6354734375 0.4482421875 0.631553125 0.38671875 0.6232234375 0.37109375 0.615384375 0.380859375
24 0.6423328125000001 0.5546875 0.666340625 0.552734375 0.6668296875 0.4892578125 0.6506609375 0.365234375 0.63204375 0.359375 0.6330234375 0.4423828125 0.6276328125 0.5068359375 0.6325328125 0.5478515625 0.6423328125000001 0.5546875
25 0.6829984375 0.3193359375 0.6736890625 0.3681640625 0.6692796875 0.4326171875 0.6668296875 0.4765625 0.6634 0.5302734375 0.6776093750000001 0.552734375 0.6908375 0.5439453125 0.708965625 0.5380859375 0.716315625 0.515625 0.7138656250000001 0.45703125 0.7060265625000001 0.3955078125 0.6829984375 0.3193359375
26 0.7084765625 0.373046875 0.7128859375000001 0.482421875 0.718765625 0.5126953125 0.730034375 0.515625 0.746203125 0.5 0.757471875 0.486328125 0.75698125 0.447265625 0.7452234375 0.4208984375 0.730034375 0.3134765625 0.7153359375 0.3212890625 0.7084765625 0.373046875
0 0.7476734375 0.6533203125 0.766290625 0.705078125 0.7756000000000001 0.666015625 0.7555125 0.6103515625 0.7814796875 0.6376953125 0.8000984375 0.662109375 0.7863796875 0.6103515625 0.766290625 0.5703125 0.7506125 0.52734375 0.743753125 0.517578125 0.718765625 0.5361328125 0.702596875 0.548828125 0.7016171875 0.5703125 0.7476734375 0.6533203125
3 0.65703125 0.73046875 0.666340625 0.7666015625 0.6756484375 0.806640625 0.6893671875 0.78515625 0.67711875 0.7236328125 0.6619296875 0.666015625 0.654090625 0.5771484375 0.629103125 0.5771484375 0.618325 0.5966796875 0.63204375 0.6474609375 0.6447812500000001 0.6904296875 0.65703125 0.73046875
4 0.59235625 0.634765625 0.6031359375 0.6767578125 0.6139140624999999 0.740234375 0.6246937499999999 0.806640625 0.634003125 0.7421875 0.6325328125 0.69921875 0.6246937499999999 0.6376953125 0.6232234375 0.5888671875 0.6060749999999999 0.58203125 0.587946875 0.6044921875 0.59235625 0.634765625
5 0.55855 0.5947265625 0.5600203125000001 0.64453125 0.5663890625 0.69921875 0.5737390625 0.7548828125 0.5845171875 0.8193359375 0.601665625 0.8125 0.6006859375 0.7734375 0.597746875 0.7236328125 0.59235625 0.666015625 0.5908875 0.5986328125 0.5707984374999999 0.5830078125 0.55855 0.5947265625
6 0.5296421875 0.5849609375 0.5320921875 0.650390625 0.53993125 0.7119140625 0.542871875 0.763671875 0.542871875 0.76953125 0.549240625 0.7978515625 0.5644296875 0.779296875 0.5644296875 0.7236328125 0.55855 0.6806640625 0.55855 0.6259765625 0.555609375 0.58984375 0.5296421875 0.5849609375
7 0.5046546875 0.6044921875 0.506125 0.662109375 0.5090640625 0.708984375 0.5183734375 0.748046875 0.5232734375 0.7880859375 0.542871875 0.78515625 0.542871875 0.7177734375 0.5340515625 0.650390625 0.529153125 0.5927734375 0.5071046875 0.5830078125 0.5046546875 0.6044921875
8 0.48015625 0.6103515625 0.48015625 0.6533203125 0.48015625 0.7119140625 0.48015625 0.7607421875 0.51249375 0.7666015625 0.510534375 0.7236328125 0.503184375 0.6689453125 0.503184375 0.6103515625 0.503184375 0.5673828125 0.48162656249999997 0.5703125 0.48015625 0.6103515625
9 0.44634999999999997 0.640625 0.44634999999999997 0.71484375 0.44782031250000004 0.7880859375 0.4630078125 0.7978515625 0.4659484375 0.7548828125 0.4723171875 0.69921875 0.47868750000000004 0.6318359375 0.484565625 0.564453125 0.45075937499999996 0.5830078125 0.44634999999999997 0.640625
10 0.4125421875 0.6806640625 0.404703125 0.736328125 0.404703125 0.791015625 0.42283125000000005 0.806640625 0.4355703125 0.71875 0.44439062500000004 0.6376953125 0.4492890625 0.5869140625 0.4140125 0.5859375 0.4140125 0.6259765625 0.4125421875 0.6806640625
11 0.381675 0.6376953125 0.37432656249999996 0.7001953125 0.374815625 0.7587890625 0.3904953125 0.76953125 0.4017640625 0.6767578125 0.41058281250000006 0.634765625 0.41548281249999997 0.587890625 0.403234375 0.5703125 0.387065625 0.5732421875 0.381675 0.6376953125
12 0.3493390625 0.6220703125 0.338559375 0.697265625 0.33022968750000004 0.7626953125 0.34541875 0.76171875 0.362078125 0.693359375 0.3855953125 0.5927734375 0.386575 0.5673828125 0.37040625 0.552734375 0.35031875 0.5625 0.3493390625 0.6220703125
14 0.32778125 0.677734375 0.3366 0.626953125 0.35521875 0.5634765625 0.35276874999999996 0.54296875 0.33022968750000004 0.5478515625 0.3145515625 0.529296875 0.2988734375 0.55078125 0.276334375 0.73046875 0.2920140625 0.73046875 0.307203125 0.634765625 0.3145515625 0.634765625 0.3121015625 0.6650390625 0.306221875 0.705078125 0.3076921875 0.748046875 0.32778125 0.677734375