2 0.2537796875 0.3583984375 0.2311015625 0.4033203125 0.2197625 0.4296875 0.2284015625 0.47265625 0.25701874999999996 0.498046875 0.275378125 0.4814453125 0.2786171875 0.388671875 0.2537796875 0.3583984375
13 0.311015625 0.59375 0.3120953125 0.4970703125 0.3120953125 0.4443359375 0.307775 0.4052734375 0.2829375 0.388671875 0.27699843749999997 0.44140625 0.264578125 0.4970703125 0.24784062499999998 0.5380859375 0.2516203125 0.576171875 0.27213750000000003 0.58203125 0.2883375 0.603515625 0.311015625 0.59375
17 0.35367187499999997 0.541015625 0.3515125 0.5166015625 0.33369375 0.513671875 0.32235468749999996 0.5107421875 0.318034375 0.5263671875 0.308315625 0.5546875 0.3066953125 0.603515625 0.33369375 0.62109375 0.3552921875 0.6083984375 0.35367187499999997 0.541015625
17 0.3596109375 0.41015625 0.3326140625 0.4111328125 0.3245140625 0.443359375 0.32289375 0.4609375 0.318575 0.486328125 0.33369375 0.5146484375 0.3569109375 0.5107421875 0.36879062500000004 0.46875 0.3596109375 0.41015625
18 0.3974078125 0.513671875 0.39092812499999996 0.4580078125 0.3693296875 0.4501953125 0.3644703125 0.4970703125 0.3552921875 0.5419921875 0.35097187500000004 0.5703125 0.366090625 0.611328125 0.3828296875 0.591796875 0.401728125 0.5576171875 0.3974078125 0.513671875
19 0.41360625000000006 0.513671875 0.3984875 0.4970703125 0.40010781250000005 0.544921875 0.39686875 0.5751953125 0.383909375 0.6123046875 0.3876890625 0.650390625 0.41090781249999997 0.63671875 0.4152265625 0.578125 0.41360625000000006 0.513671875
20 0.43466562499999994 0.5244140625 0.41630625 0.5322265625 0.4098265625 0.57421875 0.41630625 0.6240234375 0.43628437499999995 0.654296875 0.442225 0.607421875 0.44816406249999996 0.5712890625 0.449784375 0.5263671875 0.43466562499999994 0.5244140625
20 0.4076671875 0.4892578125 0.41630625 0.513671875 0.4400640625 0.5302734375 0.459503125 0.505859375 0.4562640625 0.4697265625 0.41144687500000005 0.353515625 0.3898484375 0.380859375 0.40626093750000003 0.4621375 0.4076671875 0.4892578125
21 0.5016203124999999 0.6640625 0.5 0.625 0.4940609375 0.5751953125 0.4892015625 0.513671875 0.4892015625 0.4580078125 0.456803125 0.4580078125 0.46004375 0.5224609375 0.45842343750000003 0.5693359375 0.4487046875 0.611328125 0.449784375 0.6572265625 0.4616625 0.6669921875 0.47840156250000004 0.67578125 0.5016203124999999 0.6640625
22 0.555615625 0.6611328125 0.5566953125 0.6142578125 0.543196875 0.55859375 0.5340171875 0.4912109375 0.5124187499999999 0.453125 0.5107984375 0.4970703125 0.5107984375 0.5283203125 0.507559375 0.5810546875 0.5091796875 0.6201171875 0.5091796875 0.6669921875 0.5291578125 0.67578125 0.555615625 0.6611328125
30 0.6020515625 0.5927734375 0.5772140625 0.5419921875 0.5599359374999999 0.494140625 0.5475156250000001 0.44140625 0.5259171874999999 0.447265625 0.5367171875000001 0.5087890625 0.5464359375 0.55859375 0.5566953125 0.6142578125 0.5701937499999999 0.6533203125 0.5907125 0.6611328125 0.6052921875 0.619140625 0.6020515625 0.5927734375
29 0.613390625 0.48828125 0.6123109375 0.3994140625 0.595571875 0.36328125 0.5847734375 0.4052734375 0.5799140625 0.4384765625 0.5642546875 0.484375 0.5723546875000001 0.521484375 0.5923328125 0.544921875 0.6090718749999999 0.5107421875 0.613390625 0.48828125
23 0.6409281250000001 0.59765625 0.64956875 0.5361328125 0.63876875 0.5166015625 0.6371484374999999 0.4580078125 0.6371484374999999 0.4111328125 0.6198703125 0.3974609375 0.6171703125 0.453125 0.6106906249999999 0.5 0.5950328125000001 0.5419921875 0.598271875 0.572265625 0.6123109375 0.5947265625 0.6306703125 0.6025390625 0.6409281250000001 0.59765625
24 0.6960046875 0.609375 0.6895249999999999 0.5498046875 0.684125 0.533203125 0.67710625 0.529296875 0.6700859375 0.53515625 0.6619875000000001 0.5302734375 0.6565875 0.537109375 0.64956875 0.5390625 0.649028125 0.5498046875 0.6393093750000001 0.603515625 0.6479484375 0.630859375 0.678725 0.63671875 0.6960046875 0.609375
25 0.7510796875 0.5478515625 0.7262421875 0.4833984375 0.7170625 0.4140625 0.6906046875 0.416015625 0.6911453125 0.560546875 0.6954640624999999 0.6044921875 0.7213828125 0.6123046875 0.7278625 0.595703125 0.74028125 0.5966796875 0.7462203125 0.58203125 0.7510796875 0.5478515625
26 0.764578125 0.408203125 0.747840625 0.375 0.7262421875 0.3779296875 0.724621875 0.4189453125 0.7262421875 0.4892578125 0.7429812499999999 0.5283203125 0.7618796875 0.505859375 0.7769984375 0.4833984375 0.780778125 0.4365234375 0.764578125 0.408203125
28 0.8093953125000001 0.6806640625 0.7948171875 0.640625 0.764578125 0.6396484375 0.747840625 0.6806640625 0.7489203125 0.7158203125 0.762959375 0.7421875 0.7845578125 0.7646484375 0.802915625 0.76171875 0.818575 0.7255859375 0.8093953125000001 0.6806640625
0 0.7618796875 0.7890625 0.7537796875 0.7529296875 0.7381203125 0.658203125 0.72948125 0.63671875 0.7030234375 0.6474609375 0.6760265624999999 0.658203125 0.6760265624999999 0.69140625 0.6987046875 0.76171875 0.712203125 0.794921875 0.73218125 0.828125 0.7262421875 0.76171875 0.7413609375 0.7978515625 0.7618796875 0.7890625
1 0.7062640625000001 0.8623046875 0.699784375 0.8154296875 0.691684375 0.7763671875 0.6852046875 0.765625 0.6798062500000001 0.7578125 0.6760265624999999 0.7587890625 0.671165625 0.7626953125 0.6641468749999999 0.76171875 0.6522671875 0.7705078125 0.6538875 0.80078125 0.6630671875 0.8251953125 0.678725 0.8642578125 0.6906046875 0.8701171875 0.7062640625000001 0.8623046875
3 0.62095 0.76953125 0.6047515625 0.7939453125 0.61123125 0.8134765625 0.61825 0.8447265625 0.6214906250000001 0.880859375 0.6430890625 0.8896484375 0.6506484375 0.8564453125 0.6452484375 0.7685546875 0.62095 0.76953125
6 0.5901734375000001 0.89453125 0.5858531250000001 0.83984375 0.5923328125 0.7978515625 0.5890921875 0.759765625 0.565875 0.7421875 0.5469765625 0.7705078125 0.5464359375 0.794921875 0.5491359375 0.8203125 0.55075625 0.8623046875 0.55075625 0.8984375 0.57559375 0.9091796875 0.5901734375000001 0.89453125
7 0.5356375 0.7646484375 0.53725625 0.7255859375 0.5313171875 0.7041015625 0.5091796875 0.708984375 0.5091796875 0.755859375 0.5091796875 0.7890625 0.515659375 0.83984375 0.5232187500000001 0.8427734375 0.5286171875 0.8544921875 0.5361765625 0.8427734375 0.5356375 0.7646484375
8 0.5086390625 0.8310546875 0.5107984375 0.8203125 0.5032390625 0.7646484375 0.5032390625 0.7060546875 0.4751625 0.708984375 0.47678125 0.76953125 0.4816421875 0.794921875 0.48056093750000006 0.8203125 0.485421875 0.8359375 0.4935203125 0.8466796875 0.4989203125 0.8408203125 0.5086390625 0.8310546875
9 0.4740828125 0.830078125 0.4762421875 0.794921875 0.47246249999999995 0.7646484375 0.47192187499999994 0.7177734375 0.46490312500000003 0.703125 0.434125 0.7373046875 0.444925 0.7841796875 0.4476234375 0.814453125 0.45734375 0.8310546875 0.459503125 0.8447265625 0.469221875 0.8486328125 0.4740828125 0.830078125
10 0.4400640625 0.8017578125 0.42710625 0.7705078125 0.3984875 0.791015625 0.392009375 0.84765625 0.37689062500000003 0.9033203125 0.39092812499999996 0.9228515625 0.40604687500000003 0.91796875 0.42440625 0.8642578125 0.4400640625 0.8017578125
10 0.4082078125 0.724609375 0.40280781250000003 0.775390625 0.42170625 0.76953125 0.44276406250000006 0.7294921875 0.4308859375 0.6923828125 0.4173859375 0.697265625 0.4082078125 0.724609375
12 0.392009375 0.8203125 0.40010781250000005 0.7744140625 0.3947078125 0.76171875 0.38930937499999996 0.74609375 0.38445 0.7333984375 0.366090625 0.7353515625 0.35205156249999997 0.7724609375 0.3493515625 0.8203125 0.3369328125 0.8759765625 0.3493515625 0.892578125 0.37365 0.8642578125 0.392009375 0.8203125
14 0.32235468749999996 0.841796875 0.327753125 0.828125 0.3401734375 0.7958984375 0.34233281249999997 0.7763671875 0.330453125 0.7509765625 0.305075 0.76171875 0.30183593750000004 0.7734375 0.29481718749999997 0.8251953125 0.2861765625 0.8447265625 0.29373593750000004 0.873046875 0.313715625 0.873046875 0.32235468749999996 0.841796875
15 0.2413609375 0.8203125 0.26781875 0.806640625 0.29211718750000004 0.7646484375 0.3039953125 0.720703125 0.32559375 0.6611328125 0.32127500000000003 0.640625 0.30183593750000004 0.638671875 0.29319687499999997 0.63671875 0.2759171875 0.62109375 0.262959375 0.630859375 0.2543203125 0.703125 0.2381203125 0.736328125 0.2289421875 0.7919921875 0.2413609375 0.8203125
16 0.2532390625 0.673828125 0.23704062499999998 0.64453125 0.2170625 0.6142578125 0.19654375 0.6435546875 0.18034531250000002 0.6796875 0.19060468749999998 0.703125 0.20734375 0.7451171875 0.2240828125 0.72265625 0.2473 0.7021484375 0.2532390625 0.673828125
24 0.6576671875 0.431640625 0.6522671875 0.4267578125 0.6463281249999999 0.423828125 0.6409281250000001 0.4892578125 0.6457890625 0.515625 0.6555078125 0.5361328125 0.6776453124999999 0.5224609375 0.6857453125 0.5048828125 0.6803453125 0.474609375 0.6630671875 0.3994140625 0.6576671875 0.431640625
23 0.6171703125 0.6396484375 0.64686875 0.6455078125 0.6474078125 0.6328125 0.6409281250000001 0.6005859375 0.6074515625 0.5908203125 0.60583125 0.6142578125 0.6171703125 0.6396484375
12 0.37635 0.6787109375 0.37095 0.7158203125 0.37365 0.7236328125 0.38876875 0.7373046875 0.40334843749999993 0.7431640625 0.4130671875 0.71484375 0.41630625 0.701171875 0.39956875 0.6865234375 0.37635 0.6787109375
5 0.557775 0.7265625 0.561015625 0.7392578125 0.5874734375 0.751953125 0.5928718749999999 0.732421875 0.5863937499999999 0.6982421875 0.5685749999999999 0.701171875 0.557775 0.7265625
4 0.62365 0.689453125 0.6106906249999999 0.689453125 0.5896328125 0.71484375 0.5944921875 0.7568359375 0.5977328125 0.798828125 0.5988125 0.80859375 0.6123109375 0.76953125 0.62095 0.7314453125 0.62365 0.689453125
1 0.6630671875 0.7490234375 0.6803453125 0.75390625 0.694925 0.7744140625 0.6835859375 0.7431640625 0.67440625 0.7177734375 0.6754859375 0.6845703125 0.6754859375 0.6748046875 0.6609078125 0.6650390625 0.651728125 0.6708984375 0.6279703125 0.6767578125 0.6457890625 0.6767578125 0.6171703125 0.6826171875 0.6177109375 0.70703125 0.62635 0.73046875 0.63445 0.744140625 0.6376890625 0.7646484375 0.64686875 0.7783203125 0.651728125 0.7548828125 0.6630671875 0.7490234375
31 0.338553125 0.744140625 0.34233281249999997 0.755859375 0.34395312499999997 0.77734375 0.33747343750000003 0.8046875 0.33369375 0.8232421875 0.32937343750000003 0.8388671875 0.33747343750000003 0.83984375 0.3450328125 0.8154296875 0.35205156249999997 0.771484375 0.356371875 0.7451171875 0.36069062500000004 0.7265625 0.37149062499999996 0.703125 0.374190625 0.6796875 0.3698703125 0.6669921875 0.35907187500000004 0.6669921875 0.3477328125 0.66796875 0.33909218750000003 0.6572265625 0.327753125 0.6572265625 0.32127500000000003 0.6630859375 0.3174953125 0.67578125 0.3169546875 0.6962890625 0.318034375 0.7158203125 0.311015625 0.7333984375 0.298596875 0.7587890625 0.2942765625 0.7900390625 0.30075625 0.78125 0.3023765625 0.765625 0.3088546875 0.75390625 0.3174953125 0.7451171875 0.32397343749999996 0.7392578125 0.32937343750000003 0.736328125 0.338553125 0.744140625