2 0.7429812499999999 0.501953125 0.724621875 0.5185546875 0.7213828125 0.611328125 0.7462203125 0.6416015625 0.7688984375000001 0.5966796875 0.7802374999999999 0.5703125 0.7715984375 0.52734375 0.7429812499999999 0.501953125
13 0.7170625 0.611328125 0.7230015625 0.55859375 0.735421875 0.5029296875 0.752159375 0.4619140625 0.7483796875000001 0.423828125 0.7278625 0.41796875 0.7116625 0.396484375 0.688984375 0.40625 0.6879046875 0.5029296875 0.6879046875 0.5556640625 0.692225 0.5947265625 0.7170625 0.611328125
17 0.681965625 0.4736328125 0.691684375 0.4453125 0.6933046875 0.396484375 0.66630625 0.37890625 0.6447078125 0.3916015625 0.6463281249999999 0.458984375 0.6484875 0.4833984375 0.66630625 0.486328125 0.6776453124999999 0.4892578125 0.681965625 0.4736328125
17 0.6814250000000001 0.513671875 0.66630625 0.4853515625 0.6430890625 0.4892578125 0.631209375 0.53125 0.6403890624999999 0.58984375 0.6673859375 0.5888671875 0.6754859375 0.556640625 0.67710625 0.5390625 0.6814250000000001 0.513671875
18 0.6447078125 0.4580078125 0.649028125 0.4296875 0.633909375 0.388671875 0.6171703125 0.408203125 0.598271875 0.4423828125 0.6025921875 0.486328125 0.6090718749999999 0.5419921875 0.6306703125 0.5498046875 0.6355296874999999 0.5029296875 0.6447078125 0.4580078125
19 0.616090625 0.3876953125 0.6123109375 0.349609375 0.5890921875 0.36328125 0.5847734375 0.421875 0.5863937499999999 0.486328125 0.6015125 0.5029296875 0.5998921875 0.455078125 0.60313125 0.4248046875 0.616090625 0.3876953125
20 0.563715625 0.345703125 0.557775 0.392578125 0.5518359375 0.4287109375 0.550215625 0.4736328125 0.5653343750000001 0.4755859375 0.58369375 0.4677734375 0.5901734375000001 0.42578125 0.58369375 0.3759765625 0.563715625 0.345703125
20 0.5437359374999999 0.5302734375 0.588553125 0.646484375 0.6101515625 0.619140625 0.5937390625 0.5378625 0.5923328125 0.5107421875 0.58369375 0.486328125 0.5599359374999999 0.4697265625 0.540496875 0.494140625 0.5437359374999999 0.5302734375
21 0.5107984375 0.5419921875 0.543196875 0.5419921875 0.53995625 0.4775390625 0.5415765625 0.4306640625 0.5512953125 0.388671875 0.550215625 0.3427734375 0.5383375 0.3330078125 0.5215984375 0.32421875 0.49837968750000006 0.3359375 0.5 0.375 0.5059390625 0.4248046875 0.5107984375 0.486328125 0.5107984375 0.5419921875
22 0.48758125 0.546875 0.4892015625 0.5029296875 0.4892015625 0.4716796875 0.49244062499999997 0.4189453125 0.4908203125 0.3798828125 0.4908203125 0.3330078125 0.4708421875 0.32421875 0.444384375 0.3388671875 0.44330468749999996 0.3857421875 0.456803125 0.44140625 0.46598281249999995 0.5087890625 0.48758125 0.546875
30 0.4740828125 0.552734375 0.4632828125 0.4912109375 0.45356406250000003 0.44140625 0.44330468749999996 0.3857421875 0.42980625000000006 0.3466796875 0.4092875 0.3388671875 0.3947078125 0.380859375 0.39794843750000003 0.4072265625 0.42278593750000004 0.4580078125 0.4400640625 0.505859375 0.45248437499999994 0.55859375 0.4740828125 0.552734375
29 0.4200859375 0.5615234375 0.43574531250000004 0.515625 0.4276453125 0.478515625 0.4076671875 0.455078125 0.39092812499999996 0.4892578125 0.38660937500000003 0.51171875 0.3876890625 0.6005859375 0.404428125 0.63671875 0.4152265625 0.5947265625 0.4200859375 0.5615234375
23 0.3628515625 0.5888671875 0.3801296875 0.6025390625 0.3828296875 0.546875 0.38930937499999996 0.5 0.40496718749999994 0.4580078125 0.401728125 0.427734375 0.3876890625 0.4052734375 0.3693296875 0.3974609375 0.35907187500000004 0.40234375 0.35043125 0.4638671875 0.36123125 0.4833984375 0.3628515625 0.5419921875 0.3628515625 0.5888671875
24 0.3299140625 0.46484375 0.3380125 0.4697265625 0.3434125 0.462890625 0.35043125 0.4609375 0.35097187500000004 0.4501953125 0.36069062500000004 0.396484375 0.35205156249999997 0.369140625 0.32127500000000003 0.36328125 0.3039953125 0.390625 0.310475 0.4501953125 0.315875 0.466796875 0.32289375 0.470703125 0.3299140625 0.46484375
25 0.3088546875 0.439453125 0.30453593749999996 0.3955078125 0.2786171875 0.3876953125 0.27213750000000003 0.404296875 0.25971875 0.4033203125 0.2537796875 0.41796875 0.2489203125 0.4521484375 0.27375781250000003 0.5166015625 0.2829375 0.5859375 0.3093953125 0.583984375 0.3088546875 0.439453125
26 0.27375781250000003 0.5107421875 0.25701874999999996 0.4716796875 0.2381203125 0.494140625 0.2230015625 0.5166015625 0.21922187499999998 0.5634765625 0.23542187499999997 0.591796875 0.252159375 0.625 0.27375781250000003 0.6220703125 0.275378125 0.5810546875 0.27375781250000003 0.5107421875
28 0.2510796875 0.2841796875 0.23704062499999998 0.2578125 0.21544218750000002 0.2353515625 0.197084375 0.23828125 0.181425 0.2744140625 0.19060468749999998 0.3193359375 0.2051828125 0.359375 0.23542187499999997 0.3603515625 0.252159375 0.3193359375 0.2510796875 0.2841796875
0 0.2969765625 0.3525390625 0.32397343749999996 0.341796875 0.32397343749999996 0.30859375 0.3012953125 0.23828125 0.287796875 0.205078125 0.26781875 0.171875 0.27375781250000003 0.23828125 0.2586390625 0.2021484375 0.2381203125 0.2109375 0.24622031249999998 0.2470703125 0.2618796875 0.341796875 0.27051875000000003 0.36328125 0.2969765625 0.3525390625
1 0.32019375 0.2421875 0.32397343749999996 0.2412109375 0.328834375 0.2373046875 0.335853125 0.23828125 0.3477328125 0.2294921875 0.3461125 0.19921875 0.3369328125 0.1748046875 0.32127500000000003 0.1357421875 0.3093953125 0.1298828125 0.29373593750000004 0.1376953125 0.300215625 0.1845703125 0.308315625 0.2236328125 0.3147953125 0.234375 0.32019375 0.2421875
3 0.37850937500000004 0.119140625 0.3569109375 0.1103515625 0.3493515625 0.1435546875 0.3547515625 0.2314453125 0.37905 0.23046875 0.3952484375 0.2060546875 0.38876875 0.1865234375 0.38175 0.1552734375 0.37850937500000004 0.119140625
6 0.434125 0.2578125 0.4530234375 0.2294921875 0.45356406250000003 0.205078125 0.4508640625 0.1796875 0.44924375000000005 0.1376953125 0.44924375000000005 0.1015625 0.42440625 0.0908203125 0.4098265625 0.10546875 0.41414687499999997 0.16015625 0.4076671875 0.2021484375 0.41090781249999997 0.240234375 0.434125 0.2578125
7 0.4908203125 0.244140625 0.4908203125 0.2109375 0.484340625 0.16015625 0.47678125 0.1572265625 0.4713828125 0.1455078125 0.4638234375 0.1572265625 0.4643625 0.2353515625 0.46274375 0.2744140625 0.4686828125 0.2958984375 0.4908203125 0.291015625 0.4908203125 0.244140625
8 0.5248375000000001 0.291015625 0.5232187500000001 0.23046875 0.5183578125 0.205078125 0.5194390624999999 0.1796875 0.514578125 0.1640625 0.5064796874999999 0.1533203125 0.5010796875 0.1591796875 0.4913609375 0.1689453125 0.4892015625 0.1796875 0.49676093750000005 0.2353515625 0.49676093750000005 0.2939453125 0.5248375000000001 0.291015625
9 0.535096875 0.296875 0.565875 0.2626953125 0.555075 0.2158203125 0.5523765625 0.185546875 0.5426562500000001 0.1689453125 0.540496875 0.1552734375 0.530778125 0.1513671875 0.5259171874999999 0.169921875 0.5237578125 0.205078125 0.5275375 0.2353515625 0.5280781250000001 0.2822265625 0.535096875 0.296875
10 0.6231093750000001 0.0966796875 0.6090718749999999 0.0771484375 0.593953125 0.08203125 0.57559375 0.1357421875 0.5599359374999999 0.1982421875 0.57289375 0.2294921875 0.6015125 0.208984375 0.607990625 0.15234375 0.6231093750000001 0.0966796875
10 0.5691140625 0.3076171875 0.5826140625 0.302734375 0.5917921875000001 0.275390625 0.5971921874999999 0.224609375 0.57829375 0.23046875 0.5572359375 0.2705078125 0.5691140625 0.3076171875
12 0.61555 0.2666015625 0.633909375 0.2646484375 0.6479484375 0.2275390625 0.6506484375 0.1796875 0.6630671875 0.1240234375 0.6506484375 0.107421875 0.62635 0.1357421875 0.607990625 0.1796875 0.5998921875 0.2255859375 0.6052921875 0.23828125 0.6106906249999999 0.25390625 0.61555 0.2666015625
14 0.669546875 0.2490234375 0.694925 0.23828125 0.6981640625 0.2265625 0.7051828125 0.1748046875 0.7138234375 0.1552734375 0.7062640625000001 0.126953125 0.686284375 0.126953125 0.6776453124999999 0.158203125 0.672246875 0.171875 0.6598265624999999 0.2041015625 0.6576671875 0.2236328125 0.669546875 0.2490234375
15 0.67440625 0.3388671875 0.678725 0.359375 0.6981640625 0.361328125 0.706803125 0.36328125 0.7240828125000001 0.37890625 0.737040625 0.369140625 0.7456796875 0.296875 0.7618796875 0.263671875 0.7710578124999999 0.2080078125 0.7586390625 0.1796875 0.73218125 0.193359375 0.7078828125000001 0.2353515625 0.6960046875 0.279296875 0.67440625 0.3388671875
16 0.8196546874999999 0.3203125 0.8093953125000001 0.296875 0.7926562500000001 0.2548828125 0.7759171874999999 0.27734375 0.7527 0.2978515625 0.7467609375 0.326171875 0.762959375 0.35546875 0.7829375 0.3857421875 0.80345625 0.3564453125 0.8196546874999999 0.3203125
24 0.3542109375 0.484375 0.3444921875 0.4638671875 0.32235468749999996 0.4775390625 0.31425468749999996 0.4951171875 0.31965468750000003 0.525390625 0.3369328125 0.6005859375 0.34233281249999997 0.568359375 0.3477328125 0.5732421875 0.35367187499999997 0.576171875 0.35907187500000004 0.5107421875 0.3542109375 0.484375
23 0.3925484375 0.4091796875 0.39416875 0.3857421875 0.3828296875 0.3603515625 0.35313125 0.3544921875 0.3525921875 0.3671875 0.35907187500000004 0.3994140625 0.3925484375 0.4091796875
12 0.5966515625000001 0.2568359375 0.5869328125 0.28515625 0.58369375 0.298828125 0.60043125 0.3134765625 0.62365 0.3212890625 0.62905 0.2841796875 0.62635 0.2763671875 0.61123125 0.2626953125 0.5966515625000001 0.2568359375
5 0.41360625000000006 0.3017578125 0.43142500000000006 0.298828125 0.442225 0.2734375 0.438984375 0.2607421875 0.41252656249999997 0.248046875 0.407128125 0.267578125 0.41360625000000006 0.3017578125
4 0.4022671875 0.201171875 0.4011875 0.19140625 0.3876890625 0.23046875 0.37905 0.2685546875 0.37635 0.310546875 0.38930937499999996 0.310546875 0.4103671875 0.28515625 0.40550781249999995 0.2431640625 0.4022671875 0.201171875
1 0.32559375 0.2822265625 0.3245140625 0.3154296875 0.3245140625 0.3251953125 0.33909218750000003 0.3349609375 0.348271875 0.3291015625 0.3720296875 0.3232421875 0.3542109375 0.3232421875 0.3828296875 0.3173828125 0.3822890625 0.29296875 0.37365 0.26953125 0.36555 0.255859375 0.3623109375 0.2353515625 0.35313125 0.2216796875 0.348271875 0.2451171875 0.3369328125 0.2509765625 0.31965468750000003 0.24609375 0.305075 0.2255859375 0.3164140625 0.2568359375 0.32559375 0.2822265625
31 0.66630625 0.1767578125 0.6706265625000001 0.1611328125 0.6625265625 0.16015625 0.6549671874999999 0.1845703125 0.6479484375 0.228515625 0.643628125 0.2548828125 0.6393093750000001 0.2734375 0.6285093749999999 0.296875 0.625809375 0.3203125 0.6301296875 0.3330078125 0.6409281250000001 0.3330078125 0.6522671875 0.33203125 0.6609078125 0.3427734375 0.672246875 0.3427734375 0.678725 0.3369140625 0.6825046875 0.32421875 0.6830453125 0.3037109375 0.681965625 0.2841796875 0.688984375 0.2666015625 0.701403125 0.2412109375 0.7057234375 0.2099609375 0.69924375 0.21875 0.6976234375 0.234375 0.6911453125 0.24609375 0.6825046875 0.2548828125 0.6760265624999999 0.2607421875 0.6706265625000001 0.263671875 0.661446875 0.255859375 0.6576671875 0.244140625 0.656046875 0.22265625 0.6625265625 0.1953125 0.66630625 0.1767578125