2 0.501953125 0.25701874999999996 0.5185546875 0.275378125 0.611328125 0.2786171875 0.6416015625 0.2537796875 0.5966796875 0.2311015625 0.5703125 0.2197625 0.52734375 0.2284015625 0.501953125 0.25701874999999996
13 0.611328125 0.2829375 0.55859375 0.27699843749999997 0.5029296875 0.264578125 0.4619140625 0.24784062499999998 0.423828125 0.2516203125 0.41796875 0.27213750000000003 0.396484375 0.2883375 0.40625 0.311015625 0.5029296875 0.3120953125 0.5556640625 0.3120953125 0.5947265625 0.307775 0.611328125 0.2829375
17 0.4736328125 0.318034375 0.4453125 0.308315625 0.396484375 0.3066953125 0.37890625 0.33369375 0.3916015625 0.3552921875 0.458984375 0.35367187499999997 0.4833984375 0.3515125 0.486328125 0.33369375 0.4892578125 0.32235468749999996 0.4736328125 0.318034375
17 0.513671875 0.318575 0.4853515625 0.33369375 0.4892578125 0.3569109375 0.53125 0.36879062500000004 0.58984375 0.3596109375 0.5888671875 0.3326140625 0.556640625 0.3245140625 0.5390625 0.32289375 0.513671875 0.318575
18 0.4580078125 0.3552921875 0.4296875 0.35097187500000004 0.388671875 0.366090625 0.408203125 0.3828296875 0.4423828125 0.401728125 0.486328125 0.3974078125 0.5419921875 0.39092812499999996 0.5498046875 0.3693296875 0.5029296875 0.3644703125 0.4580078125 0.3552921875
19 0.3876953125 0.383909375 0.349609375 0.3876890625 0.36328125 0.41090781249999997 0.421875 0.4152265625 0.486328125 0.41360625000000006 0.5029296875 0.3984875 0.455078125 0.40010781250000005 0.4248046875 0.39686875 0.3876953125 0.383909375
20 0.345703125 0.43628437499999995 0.392578125 0.442225 0.4287109375 0.44816406249999996 0.4736328125 0.449784375 0.4755859375 0.43466562499999994 0.4677734375 0.41630625 0.42578125 0.4098265625 0.3759765625 0.41630625 0.345703125 0.43628437499999995
20 0.5302734375 0.4562640625 0.646484375 0.41144687500000005 0.619140625 0.3898484375 0.5378625 0.40626093750000003 0.5107421875 0.4076671875 0.486328125 0.41630625 0.4697265625 0.4400640625 0.494140625 0.459503125 0.5302734375 0.4562640625
21 0.5419921875 0.4892015625 0.5419921875 0.456803125 0.4775390625 0.46004375 0.4306640625 0.45842343750000003 0.388671875 0.4487046875 0.3427734375 0.449784375 0.3330078125 0.4616625 0.32421875 0.47840156250000004 0.3359375 0.5016203124999999 0.375 0.5 0.4248046875 0.4940609375 0.486328125 0.4892015625 0.5419921875 0.4892015625
22 0.546875 0.5124187499999999 0.5029296875 0.5107984375 0.4716796875 0.5107984375 0.4189453125 0.507559375 0.3798828125 0.5091796875 0.3330078125 0.5091796875 0.32421875 0.5291578125 0.3388671875 0.555615625 0.3857421875 0.5566953125 0.44140625 0.543196875 0.5087890625 0.5340171875 0.546875 0.5124187499999999
30 0.552734375 0.5259171874999999 0.4912109375 0.5367171875000001 0.44140625 0.5464359375 0.3857421875 0.5566953125 0.3466796875 0.5701937499999999 0.3388671875 0.5907125 0.380859375 0.6052921875 0.4072265625 0.6020515625 0.4580078125 0.5772140625 0.505859375 0.5599359374999999 0.55859375 0.5475156250000001 0.552734375 0.5259171874999999
29 0.5615234375 0.5799140625 0.515625 0.5642546875 0.478515625 0.5723546875000001 0.455078125 0.5923328125 0.4892578125 0.6090718749999999 0.51171875 0.613390625 0.6005859375 0.6123109375 0.63671875 0.595571875 0.5947265625 0.5847734375 0.5615234375 0.5799140625
23 0.5888671875 0.6371484374999999 0.6025390625 0.6198703125 0.546875 0.6171703125 0.5 0.6106906249999999 0.4580078125 0.5950328125000001 0.427734375 0.598271875 0.4052734375 0.6123109375 0.3974609375 0.6306703125 0.40234375 0.6409281250000001 0.4638671875 0.64956875 0.4833984375 0.63876875 0.5419921875 0.6371484374999999 0.5888671875 0.6371484374999999
24 0.46484375 0.6700859375 0.4697265625 0.6619875000000001 0.462890625 0.6565875 0.4609375 0.64956875 0.4501953125 0.649028125 0.396484375 0.6393093750000001 0.369140625 0.6479484375 0.36328125 0.678725 0.390625 0.6960046875 0.4501953125 0.6895249999999999 0.466796875 0.684125 0.470703125 0.67710625 0.46484375 0.6700859375
25 0.439453125 0.6911453125 0.3955078125 0.6954640624999999 0.3876953125 0.7213828125 0.404296875 0.7278625 0.4033203125 0.74028125 0.41796875 0.7462203125 0.4521484375 0.7510796875 0.5166015625 0.7262421875 0.5859375 0.7170625 0.583984375 0.6906046875 0.439453125 0.6911453125
26 0.5107421875 0.7262421875 0.4716796875 0.7429812499999999 0.494140625 0.7618796875 0.5166015625 0.7769984375 0.5634765625 0.780778125 0.591796875 0.764578125 0.625 0.747840625 0.6220703125 0.7262421875 0.5810546875 0.724621875 0.5107421875 0.7262421875
28 0.2841796875 0.7489203125 0.2578125 0.762959375 0.2353515625 0.7845578125 0.23828125 0.802915625 0.2744140625 0.818575 0.3193359375 0.8093953125000001 0.359375 0.7948171875 0.3603515625 0.764578125 0.3193359375 0.747840625 0.2841796875 0.7489203125
0 0.3525390625 0.7030234375 0.341796875 0.6760265624999999 0.30859375 0.6760265624999999 0.23828125 0.6987046875 0.205078125 0.712203125 0.171875 0.73218125 0.23828125 0.7262421875 0.2021484375 0.7413609375 0.2109375 0.7618796875 0.2470703125 0.7537796875 0.341796875 0.7381203125 0.36328125 0.72948125 0.3525390625 0.7030234375
1 0.2421875 0.6798062500000001 0.2412109375 0.6760265624999999 0.2373046875 0.671165625 0.23828125 0.6641468749999999 0.2294921875 0.6522671875 0.19921875 0.6538875 0.1748046875 0.6630671875 0.1357421875 0.678725 0.1298828125 0.6906046875 0.1376953125 0.7062640625000001 0.1845703125 0.699784375 0.2236328125 0.691684375 0.234375 0.6852046875 0.2421875 0.6798062500000001
3 0.119140625 0.6214906250000001 0.1103515625 0.6430890625 0.1435546875 0.6506484375 0.2314453125 0.6452484375 0.23046875 0.62095 0.2060546875 0.6047515625 0.1865234375 0.61123125 0.1552734375 0.61825 0.119140625 0.6214906250000001
6 0.2578125 0.565875 0.2294921875 0.5469765625 0.205078125 0.5464359375 0.1796875 0.5491359375 0.1376953125 0.55075625 0.1015625 0.55075625 0.0908203125 0.57559375 0.10546875 0.5901734375000001 0.16015625 0.5858531250000001 0.2021484375 0.5923328125 0.240234375 0.5890921875 0.2578125 0.565875
7 0.244140625 0.5091796875 0.2109375 0.5091796875 0.16015625 0.515659375 0.1572265625 0.5232187500000001 0.1455078125 0.5286171875 0.1572265625 0.5361765625 0.2353515625 0.5356375 0.2744140625 0.53725625 0.2958984375 0.5313171875 0.291015625 0.5091796875 0.244140625 0.5091796875
8 0.291015625 0.4751625 0.23046875 0.47678125 0.205078125 0.4816421875 0.1796875 0.48056093750000006 0.1640625 0.485421875 0.1533203125 0.4935203125 0.1591796875 0.4989203125 0.1689453125 0.5086390625 0.1796875 0.5107984375 0.2353515625 0.5032390625 0.2939453125 0.5032390625 0.291015625 0.4751625
9 0.296875 0.46490312500000003 0.2626953125 0.434125 0.2158203125 0.444925 0.185546875 0.4476234375 0.1689453125 0.45734375 0.1552734375 0.459503125 0.1513671875 0.469221875 0.169921875 0.4740828125 0.205078125 0.4762421875 0.2353515625 0.47246249999999995 0.2822265625 0.47192187499999994 0.296875 0.46490312500000003
10 0.0966796875 0.37689062500000003 0.0771484375 0.39092812499999996 0.08203125 0.40604687500000003 0.1357421875 0.42440625 0.1982421875 0.4400640625 0.2294921875 0.42710625 0.208984375 0.3984875 0.15234375 0.392009375 0.0966796875 0.37689062500000003
10 0.3076171875 0.4308859375 0.302734375 0.4173859375 0.275390625 0.4082078125 0.224609375 0.40280781250000003 0.23046875 0.42170625 0.2705078125 0.44276406250000006 0.3076171875 0.4308859375
12 0.2666015625 0.38445 0.2646484375 0.366090625 0.2275390625 0.35205156249999997 0.1796875 0.3493515625 0.1240234375 0.3369328125 0.107421875 0.3493515625 0.1357421875 0.37365 0.1796875 0.392009375 0.2255859375 0.40010781250000005 0.23828125 0.3947078125 0.25390625 0.38930937499999996 0.2666015625 0.38445
14 0.2490234375 0.330453125 0.23828125 0.305075 0.2265625 0.30183593750000004 0.1748046875 0.29481718749999997 0.1552734375 0.2861765625 0.126953125 0.29373593750000004 0.126953125 0.313715625 0.158203125 0.32235468749999996 0.171875 0.327753125 0.2041015625 0.3401734375 0.2236328125 0.34233281249999997 0.2490234375 0.330453125
15 0.3388671875 0.32559375 0.359375 0.32127500000000003 0.361328125 0.30183593750000004 0.36328125 0.29319687499999997 0.37890625 0.2759171875 0.369140625 0.262959375 0.296875 0.2543203125 0.263671875 0.2381203125 0.2080078125 0.2289421875 0.1796875 0.2413609375 0.193359375 0.26781875 0.2353515625 0.29211718750000004 0.279296875 0.3039953125 0.3388671875 0.32559375
16 0.3203125 0.18034531250000002 0.296875 0.19060468749999998 0.2548828125 0.20734375 0.27734375 0.2240828125 0.2978515625 0.2473 0.326171875 0.2532390625 0.35546875 0.23704062499999998 0.3857421875 0.2170625 0.3564453125 0.19654375 0.3203125 0.18034531250000002
24 0.484375 0.6457890625 0.4638671875 0.6555078125 0.4775390625 0.6776453124999999 0.4951171875 0.6857453125 0.525390625 0.6803453125 0.6005859375 0.6630671875 0.568359375 0.6576671875 0.5732421875 0.6522671875 0.576171875 0.6463281249999999 0.5107421875 0.6409281250000001 0.484375 0.6457890625
23 0.4091796875 0.6074515625 0.3857421875 0.60583125 0.3603515625 0.6171703125 0.3544921875 0.64686875 0.3671875 0.6474078125 0.3994140625 0.6409281250000001 0.4091796875 0.6074515625
12 0.2568359375 0.40334843749999993 0.28515625 0.4130671875 0.298828125 0.41630625 0.3134765625 0.39956875 0.3212890625 0.37635 0.2841796875 0.37095 0.2763671875 0.37365 0.2626953125 0.38876875 0.2568359375 0.40334843749999993
5 0.3017578125 0.5863937499999999 0.298828125 0.5685749999999999 0.2734375 0.557775 0.2607421875 0.561015625 0.248046875 0.5874734375 0.267578125 0.5928718749999999 0.3017578125 0.5863937499999999
4 0.201171875 0.5977328125 0.19140625 0.5988125 0.23046875 0.6123109375 0.2685546875 0.62095 0.310546875 0.62365 0.310546875 0.6106906249999999 0.28515625 0.5896328125 0.2431640625 0.5944921875 0.201171875 0.5977328125
1 0.2822265625 0.67440625 0.3154296875 0.6754859375 0.3251953125 0.6754859375 0.3349609375 0.6609078125 0.3291015625 0.651728125 0.3232421875 0.6279703125 0.3232421875 0.6457890625 0.3173828125 0.6171703125 0.29296875 0.6177109375 0.26953125 0.62635 0.255859375 0.63445 0.2353515625 0.6376890625 0.2216796875 0.64686875 0.2451171875 0.651728125 0.2509765625 0.6630671875 0.24609375 0.6803453125 0.2255859375 0.694925 0.2568359375 0.6835859375 0.2822265625 0.67440625
31 0.1767578125 0.33369375 0.1611328125 0.32937343750000003 0.16015625 0.33747343750000003 0.1845703125 0.3450328125 0.228515625 0.35205156249999997 0.2548828125 0.356371875 0.2734375 0.36069062500000004 0.296875 0.37149062499999996 0.3203125 0.374190625 0.3330078125 0.3698703125 0.3330078125 0.35907187500000004 0.33203125 0.3477328125 0.3427734375 0.33909218750000003 0.3427734375 0.327753125 0.3369140625 0.32127500000000003 0.32421875 0.3174953125 0.3037109375 0.3169546875 0.2841796875 0.318034375 0.2666015625 0.311015625 0.2412109375 0.298596875 0.2099609375 0.2942765625 0.21875 0.30075625 0.234375 0.3023765625 0.24609375 0.3088546875 0.2548828125 0.3174953125 0.2607421875 0.32397343749999996 0.263671875 0.32937343750000003 0.255859375 0.338553125 0.244140625 0.34233281249999997 0.22265625 0.34395312499999997 0.1953125 0.33747343750000003 0.1767578125 0.33369375