2 0.2841796875 0.784909375 0.337890625 0.79176875 0.373046875 0.7976484375 0.427734375 0.8133265625 0.451171875 0.8025484374999999 0.4677734375 0.7858890625 0.4677734375 0.7658015625 0.4560546875 0.7540421875 0.41796875 0.7564921874999999 0.3876953125 0.7506125 0.3310546875 0.7457125 0.2841796875 0.7530625 0.2431640625 0.755021875 0.2109375 0.7858890625 0.2841796875 0.784909375
13 0.4609375 0.7506125 0.474609375 0.734934375 0.4794921875 0.716315625 0.4775390625 0.70210625 0.4580078125 0.7006375 0.40625 0.6981875 0.32421875 0.7065171875 0.2626953125 0.7123953125 0.2646484375 0.737384375 0.3125 0.7422828124999999 0.3564453125 0.7457125 0.3994140625 0.7515921875 0.4609375 0.7506125
17 0.3779296875 0.691328125 0.427734375 0.6947578125 0.4677734375 0.7030875 0.4892578125 0.6937781249999999 0.498046875 0.6805484374999999 0.486328125 0.663890625 0.4443359375 0.663890625 0.4091796875 0.663890625 0.359375 0.6629109375 0.326171875 0.6629109375 0.333984375 0.679078125 0.3779296875 0.691328125
18 0.416015625 0.65948125 0.4541015625 0.661440625 0.484375 0.665359375 0.5009765625 0.6521312499999999 0.505859375 0.6310625 0.4677734375 0.6286140625 0.416015625 0.6344921875 0.384765625 0.6344921875 0.3359375 0.64723125 0.3828125 0.65703125 0.416015625 0.65948125
19 0.279296875 0.6168546874999999 0.3408203125 0.6237140625 0.3896484375 0.625184375 0.4658203125 0.625184375 0.5126953125 0.6330234375 0.529296875 0.60460625 0.4912109375 0.5869671875 0.427734375 0.592846875 0.39453125 0.5952968750000001 0.3544921875 0.5952968750000001 0.314453125 0.5952968750000001 0.26953125 0.60460625 0.279296875 0.6168546874999999
20 0.373046875 0.5727578125 0.4443359375 0.5801078125 0.498046875 0.5845171875 0.5390625 0.5845171875 0.5478515625 0.5526703125 0.486328125 0.544340625 0.4443359375 0.544340625 0.39453125 0.5458109375 0.349609375 0.5458109375 0.3095703125 0.5526703125 0.32421875 0.5668796875 0.373046875 0.5727578125
21 0.267578125 0.5301328125 0.2978515625 0.5350312500000001 0.32421875 0.5360125 0.4228515625 0.5409109375 0.4677734375 0.5409109375 0.517578125 0.544340625 0.55078125 0.5409109375 0.564453125 0.5159234374999999 0.5390625 0.48750625000000003 0.484375 0.48995625 0.44140625 0.4948546875 0.3642578125 0.4948546875 0.302734375 0.4948546875 0.2763671875 0.5051453125 0.267578125 0.5301328125
22 0.31640625 0.49240625 0.3896484375 0.49240625 0.4560546875 0.49240625 0.5390625 0.48652656250000004 0.5595703125 0.470846875 0.55078125 0.4546796875 0.5458984375 0.4404703125 0.529296875 0.42626093750000005 0.494140625 0.42822187500000003 0.4375 0.44145 0.373046875 0.44634999999999997 0.3076171875 0.45075937499999996 0.259765625 0.46986718749999995 0.2763671875 0.4889765625 0.31640625 0.49240625
30 0.4892578125 0.4272421875 0.5361328125 0.42234218749999997 0.552734375 0.4061734375 0.5361328125 0.3919640625 0.5078125 0.39294531250000003 0.4560546875 0.39882343750000004 0.3974609375 0.41058281250000006 0.34765625 0.42136250000000003 0.291015625 0.45222968750000003 0.3447265625 0.44634999999999997 0.3994140625 0.44242968749999995 0.4443359375 0.43802031250000006 0.4892578125 0.4272421875
29 0.271484375 0.387065625 0.369140625 0.389515625 0.4208984375 0.389515625 0.474609375 0.39392499999999997 0.5224609375 0.3904953125 0.529296875 0.363546875 0.5029296875 0.35276874999999996 0.4697265625 0.3561984375 0.384765625 0.363546875 0.349609375 0.3645265625 0.3076171875 0.36550781250000003 0.2763671875 0.37138593750000004 0.271484375 0.387065625
23 0.490234375 0.3615875 0.505859375 0.341009375 0.5126953125 0.3233703125 0.4677734375 0.3243515625 0.416015625 0.32778125 0.3564453125 0.3370890625 0.29296875 0.34786875 0.2626953125 0.3645265625 0.3427734375 0.363546875 0.4013671875 0.361096875 0.453125 0.3615875 0.490234375 0.3615875
24 0.5009765625 0.316021875 0.498046875 0.2969125 0.4677734375 0.288584375 0.4326171875 0.2934828125 0.4013671875 0.2969125 0.3544921875 0.3042625 0.3212890625 0.311121875 0.3095703125 0.3243515625 0.37109375 0.3243515625 0.416015625 0.3243515625 0.47265625 0.32288125 0.5009765625 0.316021875
25 0.4794921875 0.262615625 0.484375 0.244978125 0.4560546875 0.2435078125 0.41796875 0.2459578125 0.373046875 0.2567375 0.2841796875 0.2640859375 0.2646484375 0.286134375 0.337890625 0.292503125 0.416015625 0.292503125 0.4775390625 0.292503125 0.494140625 0.2758453125 0.4794921875 0.262615625
26 0.451171875 0.2435078125 0.47265625 0.22488906250000001 0.435546875 0.19010312499999998 0.3974609375 0.195003125 0.37109375 0.2072515625 0.3115234375 0.2165609375 0.2509765625 0.22488906250000001 0.2431640625 0.24252812499999998 0.271484375 0.2508578125 0.302734375 0.2518375 0.361328125 0.24742812500000003 0.40625 0.2435078125 0.451171875 0.2435078125
0 0.6875 0.20333125000000002 0.6923828125 0.18814375 0.6328125 0.1930421875 0.5693359375 0.20578124999999997 0.5244140625 0.21068125000000001 0.4912109375 0.22488906250000001 0.498046875 0.24252812499999998 0.5224609375 0.2567375 0.5341796875 0.2709453125 0.576171875 0.2577171875 0.609375 0.244978125 0.6396484375 0.237628125 0.666015625 0.222440625 0.6875 0.20333125000000002
1 0.7607421875 0.27192500000000003 0.708984375 0.274375 0.65234375 0.2851546875 0.6875 0.2616359375 0.72265625 0.2533078125 0.7529296875 0.2435078125 0.7373046875 0.23076875000000002 0.6923828125 0.24252812499999998 0.65234375 0.2484078125 0.619140625 0.262615625 0.576171875 0.262615625 0.53125 0.274375 0.53125 0.292503125 0.541015625 0.3194515625 0.5927734375 0.318471875 0.6357421875 0.3101421875 0.677734375 0.2983828125 0.7275390625 0.291034375 0.7607421875 0.27192500000000003
3 0.7392578125 0.318471875 0.7177734375 0.3076921875 0.6806640625 0.3076921875 0.6474609375 0.311121875 0.599609375 0.32092187499999997 0.5546875 0.3268 0.5625 0.34296875 0.5712890625 0.3561984375 0.619140625 0.3537484375 0.66796875 0.3395390625 0.6943359375 0.33121093749999997 0.7392578125 0.318471875
4 0.7041015625 0.35521875 0.67578125 0.35521875 0.6279296875 0.35521875 0.5693359375 0.359628125 0.564453125 0.38363593749999997 0.599609375 0.39294531250000003 0.66796875 0.3787359375 0.708984375 0.3694265625 0.7392578125 0.36795625 0.78125 0.357178125 0.7626953125 0.34541875 0.7041015625 0.35521875
5 0.74609375 0.41058281250000006 0.80078125 0.4061734375 0.814453125 0.389515625 0.77734375 0.38363593749999997 0.7373046875 0.3855953125 0.6923828125 0.3855953125 0.630859375 0.39392499999999997 0.5673828125 0.39882343750000004 0.5625 0.4130328125 0.5859375 0.430671875 0.6357421875 0.42479218750000003 0.69921875 0.4164625 0.74609375 0.41058281250000006
6 0.7578125 0.45565937500000003 0.744140625 0.43899999999999995 0.7041015625 0.43899999999999995 0.619140625 0.429690625 0.5859375 0.430671875 0.5693359375 0.44634999999999997 0.5693359375 0.4688875 0.609375 0.4615390625 0.65625 0.4615390625 0.72265625 0.458109375 0.7578125 0.45565937500000003
7 0.69921875 0.46496875 0.6708984375 0.46496875 0.6259765625 0.46496875 0.5625 0.46496875 0.5712890625 0.4948546875 0.619140625 0.4933859375 0.6708984375 0.4889765625 0.7392578125 0.4791765625 0.7275390625 0.46986718749999995 0.69921875 0.46496875
8 0.7490234375 0.51494375 0.755859375 0.51494375 0.7509765625 0.5041640625 0.72265625 0.4958359375 0.6875 0.4958359375 0.6328125 0.4948546875 0.5712890625 0.4948546875 0.5673828125 0.5041640625 0.57421875 0.5301328125 0.6240234375 0.5301328125 0.65625 0.5267031249999999 0.6923828125 0.5183734375 0.7490234375 0.51494375
9 0.724609375 0.549240625 0.779296875 0.53993125 0.7958984375 0.529153125 0.7490234375 0.5232734375 0.720703125 0.5232734375 0.6826171875 0.5301328125 0.6396484375 0.5316015625 0.6025390625 0.5316015625 0.5791015625 0.5409109375 0.5693359375 0.570309375 0.62109375 0.5658984375 0.66796875 0.5600203125000001 0.724609375 0.549240625
10 0.8095703125 0.5884375000000001 0.7958984375 0.5761875 0.7724609375 0.570309375 0.734375 0.5658984375 0.6376953125 0.5658984375 0.59765625 0.5727578125 0.576171875 0.5943171875 0.59765625 0.6001953125 0.642578125 0.6001953125 0.701171875 0.6001953125 0.7578125 0.5952968750000001 0.8095703125 0.5884375000000001
11 0.7958984375 0.6413515624999999 0.7939453125 0.62714375 0.7607421875 0.6168546874999999 0.7158203125 0.6070546875 0.65234375 0.6070546875 0.5771484375 0.5962765625 0.57421875 0.615384375 0.5771484375 0.631553125 0.6181640625 0.6354734375 0.671875 0.6335124999999999 0.7412109375 0.6354734375 0.7958984375 0.6413515624999999
12 0.724609375 0.6687890624999999 0.689453125 0.6555609375 0.6640625 0.6462515625 0.6162109375 0.6369421875 0.5712890625 0.63204375 0.552734375 0.65458125 0.57421875 0.6712390625 0.6181640625 0.67466875 0.66796875 0.679078125 0.7490234375 0.6854484375000001 0.724609375 0.6687890624999999
14 0.6875 0.764821875 0.7275390625 0.7658015625 0.6923828125 0.7447328125 0.654296875 0.723175 0.6923828125 0.7266046875 0.712890625 0.736403125 0.744140625 0.7398328125 0.779296875 0.7398328125 0.72265625 0.7138656250000001 0.6640625 0.6972078125000001 0.6396484375 0.688878125 0.6025390625 0.6736890625 0.5478515625 0.66585 0.5341796875 0.683978125 0.53125 0.7065171875 0.5458984375 0.718275 0.5830078125 0.725625 0.6162109375 0.738853125 0.642578125 0.7466921875 0.6875 0.764821875
16 0.5390625 0.8319453125 0.6025390625 0.8500734375000001 0.6259765625 0.8569328125 0.6396484375 0.84419375 0.6279296875 0.8177359375 0.59765625 0.7976484375 0.5546875 0.7775593749999999 0.517578125 0.7682515624999999 0.4892578125 0.780009375 0.462890625 0.7907890625 0.462890625 0.8108765625000001 0.486328125 0.8275359375000001 0.5390625 0.8319453125