2 0.2797640625 0.4111328125 0.2567375 0.419921875 0.2523265625 0.47265625 0.2459578125 0.521484375 0.24742812500000003 0.5556640625 0.2616359375 0.5673828125 0.2738859375 0.5830078125 0.2895640625 0.5595703125 0.28907343750000003 0.5 0.29054375 0.45703125 0.2797640625 0.4111328125
13 0.3419890625 0.4697265625 0.33415 0.423828125 0.31308125000000003 0.4267578125 0.311121875 0.4697265625 0.3052421875 0.509765625 0.29005312499999997 0.5361328125 0.28907343750000003 0.587890625 0.2983828125 0.6064453125 0.31798125 0.6103515625 0.3326796875 0.6171875 0.33415 0.5947265625 0.3366 0.548828125 0.338559375 0.5234375 0.3419890625 0.4697265625
17 0.3512984375 0.447265625 0.34541875 0.5068359375 0.338559375 0.5556640625 0.33415 0.6083984375 0.35031875 0.6220703125 0.36795625 0.609375 0.373346875 0.5595703125 0.3723671875 0.5302734375 0.37922656250000003 0.486328125 0.37922656250000003 0.4306640625 0.3512984375 0.447265625
18 0.3919640625 0.4306640625 0.38363593749999997 0.4794921875 0.3767765625 0.5185546875 0.37432656249999996 0.55078125 0.36893750000000003 0.599609375 0.3699171875 0.625 0.3738359375 0.6435546875 0.39294531250000003 0.6298828125 0.403234375 0.6220703125 0.41156249999999994 0.591796875 0.4091125 0.552734375 0.4091125 0.52734375 0.40715312499999995 0.47265625 0.3919640625 0.4306640625
21 0.46496875 0.435546875 0.4634984375 0.4951171875 0.46251875 0.5341796875 0.45761874999999996 0.5712890625 0.45418906249999996 0.5966796875 0.466928125 0.6201171875 0.48652656250000004 0.626953125 0.485546875 0.5830078125 0.485546875 0.537109375 0.4821171875 0.48828125 0.4821171875 0.43359375 0.46496875 0.435546875
30 0.549240625 0.43359375 0.5389515625 0.5 0.530621875 0.5625 0.5213125 0.615234375 0.52229375 0.642578125 0.54238125 0.6494140625 0.549240625 0.626953125 0.5551203124999999 0.5849609375 0.5619796874999999 0.52734375 0.5595296875 0.4775390625 0.549240625 0.43359375
29 0.5899062500000001 0.52734375 0.5913765625 0.4814453125 0.5903968749999999 0.451171875 0.5712890625 0.44921875 0.5663890625 0.51171875 0.56345 0.533203125 0.5619796874999999 0.564453125 0.5590390625 0.5888671875 0.5561 0.61328125 0.5546296875000001 0.63671875 0.5551203124999999 0.6591796875 0.56736875 0.6630859375 0.57716875 0.666015625 0.5894171874999999 0.66796875 0.5889265625 0.6298828125 0.59235625 0.6044921875 0.587946875 0.5673828125 0.5899062500000001 0.52734375
23 0.6173437500000001 0.5693359375 0.6139140624999999 0.5205078125 0.60215625 0.484375 0.5874578125000001 0.47265625 0.581578125 0.5166015625 0.5801078125 0.5595703125 0.5756984375 0.6201171875 0.567859375 0.6640625 0.581578125 0.66796875 0.5918671875 0.654296875 0.60215625 0.6708984375 0.6139140624999999 0.6826171875 0.61979375 0.642578125 0.618325 0.603515625 0.6173437500000001 0.5693359375
25 0.68446875 0.4443359375 0.6580109375000001 0.4560546875 0.6487015625 0.5419921875 0.64968125 0.5830078125 0.6447812500000001 0.6298828125 0.6531109374999999 0.6669921875 0.6795687499999999 0.66796875 0.6957375 0.6591796875 0.7030875 0.640625 0.709946875 0.6064453125 0.7030875 0.5439453125 0.6947578125 0.5 0.68446875 0.4443359375
5 0.5286625 0.7880859375 0.53748125 0.796875 0.5463015625 0.7890625 0.5521796875 0.76953125 0.5619796874999999 0.7255859375 0.570309375 0.6611328125 0.5688390625 0.62890625 0.544340625 0.6220703125 0.530621875 0.7001953125 0.528171875 0.7490234375 0.5286625 0.7880859375
6 0.485546875 0.7646484375 0.491425 0.7802734375 0.5002453124999999 0.7783203125 0.51004375 0.7763671875 0.516903125 0.755859375 0.5296421875 0.69140625 0.542871875 0.6328125 0.5335625 0.6240234375 0.521803125 0.6171875 0.5134734375 0.677734375 0.5007343750000001 0.7236328125 0.485546875 0.7646484375
7 0.4889765625 0.662109375 0.48113593750000005 0.7119140625 0.4728078125 0.7509765625 0.4659484375 0.79296875 0.4821171875 0.7861328125 0.491425 0.744140625 0.49926562499999994 0.70703125 0.5134734375 0.66796875 0.5188640625 0.6083984375 0.496325 0.60546875 0.4889765625 0.662109375
8 0.491425 0.6103515625 0.4683984375 0.62890625 0.466928125 0.6845703125 0.45761874999999996 0.7255859375 0.4439 0.783203125 0.439490625 0.806640625 0.4610484375 0.8046875 0.4683984375 0.7744140625 0.47525781250000004 0.728515625 0.48309687500000004 0.6826171875 0.48995625 0.65234375 0.491425 0.6103515625
9 0.47182812500000004 0.6357421875 0.4566390625 0.603515625 0.44145 0.615234375 0.4404703125 0.666015625 0.432140625 0.728515625 0.4243015625 0.78125 0.41940156249999994 0.806640625 0.43459062499999995 0.8154296875 0.4448796875 0.78125 0.4473296875 0.75390625 0.45565937500000003 0.7216796875 0.4610484375 0.6865234375 0.47182812500000004 0.6357421875
10 0.420871875 0.5947265625 0.41156249999999994 0.6474609375 0.40715312499999995 0.7001953125 0.404703125 0.73046875 0.4086234375 0.78515625 0.4135234375 0.794921875 0.420871875 0.783203125 0.43116093749999995 0.7353515625 0.4336109375 0.693359375 0.439490625 0.65234375 0.44145 0.603515625 0.420871875 0.5947265625