21 0.5159078125 0.626953125 0.5271656250000001 0.6064453125 0.528634375 0.5732421875 0.5335296875 0.5224609375 0.5359765624999999 0.4853515625 0.5379343750000001 0.45703125 0.544296875 0.4306640625 0.5423390625 0.3955078125 0.528634375 0.3857421875 0.50465 0.3876953125 0.4997546875 0.4267578125 0.5007343750000001 0.4775390625 0.5022031250000001 0.525390625 0.5041609375 0.56640625 0.50465 0.6044921875 0.5159078125 0.626953125
22 0.45766093750000003 0.5361328125 0.4601078125 0.5654296875 0.45961875 0.5869140625 0.4601078125 0.6123046875 0.468428125 0.63671875 0.47626093750000004 0.6044921875 0.4816453125 0.5732421875 0.48800781249999997 0.54296875 0.491434375 0.509765625 0.49388125 0.474609375 0.49681875 0.4443359375 0.49779687499999997 0.4189453125 0.49681875 0.388671875 0.4850703125 0.380859375 0.4703859375 0.3828125 0.45863906249999997 0.400390625 0.45766093750000003 0.4384765625 0.4561921875 0.47265625 0.4561921875 0.5029296875 0.45766093750000003 0.5361328125
30 0.42584375 0.5400390625 0.4243765625 0.576171875 0.4229078125 0.611328125 0.43465468749999997 0.6162109375 0.43955 0.583984375 0.4429765625 0.548828125 0.444934375 0.5146484375 0.451296875 0.4814453125 0.45325468750000003 0.451171875 0.4561921875 0.42578125 0.4561921875 0.392578125 0.444934375 0.3828125 0.4307390625 0.388671875 0.4180125 0.3984375 0.4214390625 0.4287109375 0.4243765625 0.4697265625 0.42535468749999994 0.5078125 0.42584375 0.5400390625
23 0.39892343750000003 0.59375 0.4028390625 0.556640625 0.404796875 0.5185546875 0.4013703125 0.494140625 0.4028390625 0.4599609375 0.3857078125 0.4462890625 0.3710234375 0.45703125 0.3710234375 0.4951171875 0.37445 0.53515625 0.37298125 0.576171875 0.376896875 0.603515625 0.3773859375 0.634765625 0.392559375 0.62890625 0.39892343750000003 0.59375
24 0.35633906249999997 0.607421875 0.363190625 0.568359375 0.368575 0.53125 0.3705328125 0.501953125 0.37445 0.4716796875 0.37347031249999996 0.4462890625 0.363190625 0.4345703125 0.348996875 0.4306640625 0.3436125 0.458984375 0.3441015625 0.498046875 0.3436125 0.525390625 0.3436125 0.560546875 0.3441015625 0.583984375 0.3436125 0.609375 0.35633906249999997 0.607421875
20 0.54625625 0.6396484375 0.55898125 0.6201171875 0.565834375 0.5810546875 0.5677921875 0.5361328125 0.56975 0.509765625 0.5717078124999999 0.4765625 0.5761140625000001 0.447265625 0.5717078124999999 0.4208984375 0.558003125 0.4189453125 0.5438078125 0.41796875 0.5398921875 0.4560546875 0.54038125 0.494140625 0.5413609375 0.53515625 0.5428296875 0.568359375 0.5438078125 0.603515625 0.54625625 0.6396484375
19 0.578071875 0.64453125 0.5849234375 0.66796875 0.5971609375 0.65234375 0.6040140625 0.611328125 0.6079296875 0.576171875 0.6089078125 0.5361328125 0.6079296875 0.5 0.6089078125 0.46875 0.6089078125 0.4345703125 0.593734375 0.4189453125 0.58051875 0.4345703125 0.5707296875 0.4638671875 0.56975 0.509765625 0.5717078124999999 0.5478515625 0.5717078124999999 0.58203125 0.5741562499999999 0.6142578125 0.578071875 0.64453125
18 0.6089078125 0.5908203125 0.6128250000000001 0.6220703125 0.61771875 0.66015625 0.6294671875 0.6416015625 0.640725 0.6240234375 0.640725 0.5810546875 0.6382765625 0.5439453125 0.6372984374999999 0.515625 0.6372984374999999 0.4775390625 0.636809375 0.451171875 0.635340625 0.42578125 0.621634375 0.41796875 0.605971875 0.423828125 0.5986296875 0.451171875 0.5824765625 0.45703125 0.593734375 0.505859375 0.6040140625 0.548828125 0.6089078125 0.5908203125
7 0.46108593750000004 0.375 0.45961875 0.416015625 0.45472343750000005 0.4638671875 0.455703125 0.4970703125 0.4747921875 0.501953125 0.49290312500000005 0.490234375 0.49045468750000004 0.45703125 0.4894765625 0.421875 0.4865390625 0.380859375 0.4850703125 0.341796875 0.46745000000000003 0.3349609375 0.46108593750000004 0.375
8 0.5159078125 0.3349609375 0.49681875 0.3291015625 0.49681875 0.3623046875 0.49779687499999997 0.3837890625 0.49681875 0.4208984375 0.4919234375 0.458984375 0.4889875 0.4970703125 0.50318125 0.4970703125 0.522271875 0.4951171875 0.5252078124999999 0.47265625 0.52325 0.439453125 0.52325 0.40625 0.5212921875000001 0.3701171875 0.5159078125 0.3349609375
9 0.5428296875 0.271484375 0.5237390625 0.2587890625 0.5237390625 0.2998046875 0.5252078124999999 0.345703125 0.5261875 0.400390625 0.5252078124999999 0.4716796875 0.54038125 0.4697265625 0.56191875 0.4716796875 0.56045 0.443359375 0.558003125 0.41796875 0.5526187499999999 0.3837890625 0.5477234375 0.3505859375 0.54625625 0.3125 0.5428296875 0.271484375
11 0.6010765625000001 0.294921875 0.5961828125 0.26171875 0.5844343750000001 0.244140625 0.5761140625000001 0.2822265625 0.5731765625 0.3173828125 0.56828125 0.349609375 0.5628984375 0.388671875 0.56045 0.4384765625 0.5614296875 0.4697265625 0.5785609375 0.47265625 0.5971609375 0.4619140625 0.5996078125000001 0.4365234375 0.595203125 0.400390625 0.5986296875 0.33984375 0.6010765625000001 0.294921875
12 0.6661765625 0.423828125 0.6691140625 0.3935546875 0.6754765625 0.3525390625 0.681840625 0.330078125 0.6891828125 0.3037109375 0.6965250000000001 0.2705078125 0.6867359375000001 0.2490234375 0.67351875 0.2734375 0.6661765625 0.2919921875 0.6563875 0.3203125 0.6470875 0.349609375 0.6358296875 0.3798828125 0.623103125 0.4111328125 0.6142921875 0.4384765625 0.6240828125 0.4599609375 0.6372984374999999 0.46875 0.652471875 0.466796875 0.6622609374999999 0.447265625 0.6661765625 0.423828125
6 0.46108593750000004 0.3544921875 0.469896875 0.31640625 0.45961875 0.287109375 0.44689218750000004 0.31640625 0.44199687499999996 0.3447265625 0.4366125 0.375 0.43171875000000004 0.4052734375 0.42584375 0.4345703125 0.41948125 0.46875 0.4229078125 0.4873046875 0.43318593749999995 0.498046875 0.4493390625 0.4951171875 0.45472343750000005 0.43359375 0.45863906249999997 0.3955078125 0.46108593750000004 0.3544921875
5 0.4229078125 0.416015625 0.4278015625 0.3876953125 0.4322078125 0.3447265625 0.43563437499999996 0.3046875 0.440528125 0.2685546875 0.42927031250000003 0.24609375 0.415565625 0.2763671875 0.4092015625 0.3017578125 0.4028390625 0.33984375 0.398434375 0.373046875 0.392559375 0.408203125 0.3857078125 0.4345703125 0.3857078125 0.4560546875 0.39353906250000004 0.474609375 0.40626562499999996 0.4814453125 0.4175234375 0.47265625 0.4214390625 0.439453125 0.4229078125 0.416015625
4 0.387665625 0.34765625 0.392559375 0.3125 0.3950078125 0.271484375 0.398434375 0.2353515625 0.3920703125 0.212890625 0.3798328125 0.2177734375 0.37493906250000003 0.25390625 0.3720015625 0.2861328125 0.3666171875 0.314453125 0.36074375000000003 0.34765625 0.35633906249999997 0.3798828125 0.3529125 0.4140625 0.3529125 0.443359375 0.37591718749999997 0.44921875 0.39353906250000004 0.4443359375 0.3896234375 0.4111328125 0.386196875 0.3828125 0.387665625 0.34765625
3 0.3465484375 0.37109375 0.3465484375 0.341796875 0.34508125 0.3115234375 0.3436125 0.2822265625 0.3387171875 0.2431640625 0.3284390625 0.2197265625 0.31718125 0.2021484375 0.3132640625 0.240234375 0.3132640625 0.2666015625 0.31718125 0.2998046875 0.31718125 0.3349609375 0.3186484375 0.3701171875 0.3147328125 0.408203125 0.3108171875 0.443359375 0.327459375 0.45703125 0.3416546875 0.451171875 0.353890625 0.42578125 0.347528125 0.3984375 0.3465484375 0.37109375
0 0.3054328125 0.4345703125 0.2990703125 0.4052734375 0.28683281250000003 0.390625 0.2765546875 0.3701171875 0.265296875 0.3525390625 0.254528125 0.330078125 0.24082187500000002 0.306640625 0.229075 0.291015625 0.22271093749999998 0.3095703125 0.2202640625 0.3330078125 0.20509062500000003 0.3330078125 0.20900625 0.3583984375 0.2163484375 0.3837890625 0.2256484375 0.400390625 0.23739531249999998 0.423828125 0.2447375 0.4462890625 0.254528125 0.47265625 0.265296875 0.494140625 0.2799796875 0.4716796875 0.290259375 0.4541015625 0.3054328125 0.4345703125