21 0.373046875 0.5159078125 0.3935546875 0.5271656250000001 0.4267578125 0.528634375 0.4775390625 0.5335296875 0.5146484375 0.5359765624999999 0.54296875 0.5379343750000001 0.5693359375 0.544296875 0.6044921875 0.5423390625 0.6142578125 0.528634375 0.6123046875 0.50465 0.5732421875 0.4997546875 0.5224609375 0.5007343750000001 0.474609375 0.5022031250000001 0.43359375 0.5041609375 0.3955078125 0.50465 0.373046875 0.5159078125
22 0.4638671875 0.45766093750000003 0.4345703125 0.4601078125 0.4130859375 0.45961875 0.3876953125 0.4601078125 0.36328125 0.468428125 0.3955078125 0.47626093750000004 0.4267578125 0.4816453125 0.45703125 0.48800781249999997 0.490234375 0.491434375 0.525390625 0.49388125 0.5556640625 0.49681875 0.5810546875 0.49779687499999997 0.611328125 0.49681875 0.619140625 0.4850703125 0.6171875 0.4703859375 0.599609375 0.45863906249999997 0.5615234375 0.45766093750000003 0.52734375 0.4561921875 0.4970703125 0.4561921875 0.4638671875 0.45766093750000003
30 0.4599609375 0.42584375 0.423828125 0.4243765625 0.388671875 0.4229078125 0.3837890625 0.43465468749999997 0.416015625 0.43955 0.451171875 0.4429765625 0.4853515625 0.444934375 0.5185546875 0.451296875 0.548828125 0.45325468750000003 0.57421875 0.4561921875 0.607421875 0.4561921875 0.6171875 0.444934375 0.611328125 0.4307390625 0.6015625 0.4180125 0.5712890625 0.4214390625 0.5302734375 0.4243765625 0.4921875 0.42535468749999994 0.4599609375 0.42584375
23 0.40625 0.39892343750000003 0.443359375 0.4028390625 0.4814453125 0.404796875 0.505859375 0.4013703125 0.5400390625 0.4028390625 0.5537109375 0.3857078125 0.54296875 0.3710234375 0.5048828125 0.3710234375 0.46484375 0.37445 0.423828125 0.37298125 0.396484375 0.376896875 0.365234375 0.3773859375 0.37109375 0.392559375 0.40625 0.39892343750000003
24 0.392578125 0.35633906249999997 0.431640625 0.363190625 0.46875 0.368575 0.498046875 0.3705328125 0.5283203125 0.37445 0.5537109375 0.37347031249999996 0.5654296875 0.363190625 0.5693359375 0.348996875 0.541015625 0.3436125 0.501953125 0.3441015625 0.474609375 0.3436125 0.439453125 0.3436125 0.416015625 0.3441015625 0.390625 0.3436125 0.392578125 0.35633906249999997
20 0.3603515625 0.54625625 0.3798828125 0.55898125 0.4189453125 0.565834375 0.4638671875 0.5677921875 0.490234375 0.56975 0.5234375 0.5717078124999999 0.552734375 0.5761140625000001 0.5791015625 0.5717078124999999 0.5810546875 0.558003125 0.58203125 0.5438078125 0.5439453125 0.5398921875 0.505859375 0.54038125 0.46484375 0.5413609375 0.431640625 0.5428296875 0.396484375 0.5438078125 0.3603515625 0.54625625
19 0.35546875 0.578071875 0.33203125 0.5849234375 0.34765625 0.5971609375 0.388671875 0.6040140625 0.423828125 0.6079296875 0.4638671875 0.6089078125 0.5 0.6079296875 0.53125 0.6089078125 0.5654296875 0.6089078125 0.5810546875 0.593734375 0.5654296875 0.58051875 0.5361328125 0.5707296875 0.490234375 0.56975 0.4521484375 0.5717078124999999 0.41796875 0.5717078124999999 0.3857421875 0.5741562499999999 0.35546875 0.578071875
18 0.4091796875 0.6089078125 0.3779296875 0.6128250000000001 0.33984375 0.61771875 0.3583984375 0.6294671875 0.3759765625 0.640725 0.4189453125 0.640725 0.4560546875 0.6382765625 0.484375 0.6372984374999999 0.5224609375 0.6372984374999999 0.548828125 0.636809375 0.57421875 0.635340625 0.58203125 0.621634375 0.576171875 0.605971875 0.548828125 0.5986296875 0.54296875 0.5824765625 0.494140625 0.593734375 0.451171875 0.6040140625 0.4091796875 0.6089078125
7 0.625 0.46108593750000004 0.583984375 0.45961875 0.5361328125 0.45472343750000005 0.5029296875 0.455703125 0.498046875 0.4747921875 0.509765625 0.49290312500000005 0.54296875 0.49045468750000004 0.578125 0.4894765625 0.619140625 0.4865390625 0.658203125 0.4850703125 0.6650390625 0.46745000000000003 0.625 0.46108593750000004
8 0.6650390625 0.5159078125 0.6708984375 0.49681875 0.6376953125 0.49681875 0.6162109375 0.49779687499999997 0.5791015625 0.49681875 0.541015625 0.4919234375 0.5029296875 0.4889875 0.5029296875 0.50318125 0.5048828125 0.522271875 0.52734375 0.5252078124999999 0.560546875 0.52325 0.59375 0.52325 0.6298828125 0.5212921875000001 0.6650390625 0.5159078125
9 0.728515625 0.5428296875 0.7412109375 0.5237390625 0.7001953125 0.5237390625 0.654296875 0.5252078124999999 0.599609375 0.5261875 0.5283203125 0.5252078124999999 0.5302734375 0.54038125 0.5283203125 0.56191875 0.556640625 0.56045 0.58203125 0.558003125 0.6162109375 0.5526187499999999 0.6494140625 0.5477234375 0.6875 0.54625625 0.728515625 0.5428296875
11 0.705078125 0.6010765625000001 0.73828125 0.5961828125 0.755859375 0.5844343750000001 0.7177734375 0.5761140625000001 0.6826171875 0.5731765625 0.650390625 0.56828125 0.611328125 0.5628984375 0.5615234375 0.56045 0.5302734375 0.5614296875 0.52734375 0.5785609375 0.5380859375 0.5971609375 0.5634765625 0.5996078125000001 0.599609375 0.595203125 0.66015625 0.5986296875 0.705078125 0.6010765625000001
12 0.576171875 0.6661765625 0.6064453125 0.6691140625 0.6474609375 0.6754765625 0.669921875 0.681840625 0.6962890625 0.6891828125 0.7294921875 0.6965250000000001 0.7509765625 0.6867359375000001 0.7265625 0.67351875 0.7080078125 0.6661765625 0.6796875 0.6563875 0.650390625 0.6470875 0.6201171875 0.6358296875 0.5888671875 0.623103125 0.5615234375 0.6142921875 0.5400390625 0.6240828125 0.53125 0.6372984374999999 0.533203125 0.652471875 0.552734375 0.6622609374999999 0.576171875 0.6661765625
6 0.6455078125 0.46108593750000004 0.68359375 0.469896875 0.712890625 0.45961875 0.68359375 0.44689218750000004 0.6552734375 0.44199687499999996 0.625 0.4366125 0.5947265625 0.43171875000000004 0.5654296875 0.42584375 0.53125 0.41948125 0.5126953125 0.4229078125 0.501953125 0.43318593749999995 0.5048828125 0.4493390625 0.56640625 0.45472343750000005 0.6044921875 0.45863906249999997 0.6455078125 0.46108593750000004
5 0.583984375 0.4229078125 0.6123046875 0.4278015625 0.6552734375 0.4322078125 0.6953125 0.43563437499999996 0.7314453125 0.440528125 0.75390625 0.42927031250000003 0.7236328125 0.415565625 0.6982421875 0.4092015625 0.66015625 0.4028390625 0.626953125 0.398434375 0.591796875 0.392559375 0.5654296875 0.3857078125 0.5439453125 0.3857078125 0.525390625 0.39353906250000004 0.5185546875 0.40626562499999996 0.52734375 0.4175234375 0.560546875 0.4214390625 0.583984375 0.4229078125
4 0.65234375 0.387665625 0.6875 0.392559375 0.728515625 0.3950078125 0.7646484375 0.398434375 0.787109375 0.3920703125 0.7822265625 0.3798328125 0.74609375 0.37493906250000003 0.7138671875 0.3720015625 0.685546875 0.3666171875 0.65234375 0.36074375000000003 0.6201171875 0.35633906249999997 0.5859375 0.3529125 0.556640625 0.3529125 0.55078125 0.37591718749999997 0.5556640625 0.39353906250000004 0.5888671875 0.3896234375 0.6171875 0.386196875 0.65234375 0.387665625
3 0.62890625 0.3465484375 0.658203125 0.3465484375 0.6884765625 0.34508125 0.7177734375 0.3436125 0.7568359375 0.3387171875 0.7802734375 0.3284390625 0.7978515625 0.31718125 0.759765625 0.3132640625 0.7333984375 0.3132640625 0.7001953125 0.31718125 0.6650390625 0.31718125 0.6298828125 0.3186484375 0.591796875 0.3147328125 0.556640625 0.3108171875 0.54296875 0.327459375 0.548828125 0.3416546875 0.57421875 0.353890625 0.6015625 0.347528125 0.62890625 0.3465484375
0 0.5654296875 0.3054328125 0.5947265625 0.2990703125 0.609375 0.28683281250000003 0.6298828125 0.2765546875 0.6474609375 0.265296875 0.669921875 0.254528125 0.693359375 0.24082187500000002 0.708984375 0.229075 0.6904296875 0.22271093749999998 0.6669921875 0.2202640625 0.6669921875 0.20509062500000003 0.6416015625 0.20900625 0.6162109375 0.2163484375 0.599609375 0.2256484375 0.576171875 0.23739531249999998 0.5537109375 0.2447375 0.52734375 0.254528125 0.505859375 0.265296875 0.5283203125 0.2799796875 0.5458984375 0.290259375 0.5654296875 0.3054328125