21 0.47525781250000004 0.6201171875 0.4889765625 0.6142578125 0.491425 0.5712890625 0.491425 0.5185546875 0.48946562499999996 0.4873046875 0.4904453125 0.4443359375 0.48946562499999996 0.416015625 0.485546875 0.380859375 0.4747671875 0.365234375 0.46006875 0.3974609375 0.45761874999999996 0.4306640625 0.4561484375 0.4716796875 0.4546796875 0.5048828125 0.45320937499999997 0.53515625 0.4492890625 0.5654296875 0.44683906249999994 0.6015625 0.45859843749999996 0.6240234375 0.47525781250000004 0.6201171875
22 0.514453125 0.6123046875 0.5262125 0.6064453125 0.5335625 0.5810546875 0.53748125 0.5283203125 0.5340515625 0.484375 0.5316015625 0.4443359375 0.5335625 0.4111328125 0.52229375 0.3798828125 0.501715625 0.392578125 0.5002453124999999 0.439453125 0.496815625 0.474609375 0.496815625 0.5078125 0.49436562500000003 0.5400390625 0.49387499999999995 0.568359375 0.491425 0.5966796875 0.503184375 0.6171875 0.514453125 0.6123046875
20 0.45075937499999996 0.556640625 0.45075937499999996 0.4951171875 0.44585937500000006 0.4599609375 0.443409375 0.4287109375 0.4409609375 0.392578125 0.42773125 0.3984375 0.42675156249999996 0.447265625 0.4243015625 0.4921875 0.4198921875 0.53515625 0.4174421875 0.5712890625 0.42283125000000005 0.6015625 0.43655 0.611328125 0.44585937500000006 0.59375 0.45075937499999996 0.556640625
2 0.26065625 0.5185546875 0.27045625 0.501953125 0.274375 0.466796875 0.276825 0.423828125 0.274865625 0.390625 0.272415625 0.357421875 0.26849531249999997 0.330078125 0.25036718750000003 0.330078125 0.24301875 0.35546875 0.2439984375 0.3935546875 0.237628125 0.42578125 0.22733906250000002 0.451171875 0.22733906250000002 0.482421875 0.23664843750000003 0.505859375 0.2479171875 0.5078125 0.26065625 0.5185546875
13 0.3194515625 0.5224609375 0.3189609375 0.47265625 0.32043125 0.4384765625 0.31798125 0.4111328125 0.3194515625 0.3876953125 0.3081828125 0.3828125 0.288584375 0.3828125 0.2846640625 0.4267578125 0.2822140625 0.46484375 0.272415625 0.5 0.27192500000000003 0.533203125 0.2846640625 0.5478515625 0.297403125 0.55859375 0.3125921875 0.55078125 0.3194515625 0.5224609375
17 0.35276874999999996 0.5556640625 0.3591375 0.52734375 0.3561984375 0.484375 0.3537484375 0.4462890625 0.352278125 0.4130859375 0.35031875 0.380859375 0.3395390625 0.384765625 0.327290625 0.4306640625 0.32533124999999996 0.4619140625 0.32288125 0.4892578125 0.31798125 0.5107421875 0.3189609375 0.5400390625 0.3243515625 0.560546875 0.3370890625 0.560546875 0.35276874999999996 0.5556640625
18 0.3782453125 0.560546875 0.38804531249999996 0.548828125 0.38804531249999996 0.515625 0.3860859375 0.482421875 0.388534375 0.4443359375 0.3860859375 0.41796875 0.37775625 0.3955078125 0.3625671875 0.4013671875 0.35766718750000004 0.4345703125 0.35521875 0.47265625 0.3512984375 0.5048828125 0.34835937499999997 0.53515625 0.345909375 0.55859375 0.3537484375 0.58203125 0.3650171875 0.576171875 0.3782453125 0.560546875
19 0.39735468749999997 0.6015625 0.41009375 0.5888671875 0.4174421875 0.556640625 0.4174421875 0.5146484375 0.41548281249999997 0.4716796875 0.4125421875 0.44140625 0.41107343749999997 0.4033203125 0.40519375 0.373046875 0.393434375 0.384765625 0.3904953125 0.421875 0.388534375 0.45703125 0.387065625 0.4853515625 0.3855953125 0.5107421875 0.384615625 0.5361328125 0.382165625 0.5634765625 0.3860859375 0.58984375 0.39735468749999997 0.6015625
30 0.5658984375 0.5947265625 0.56736875 0.56640625 0.5658984375 0.5302734375 0.5644296875 0.494140625 0.5629593749999999 0.45703125 0.560509375 0.42578125 0.560509375 0.390625 0.5502203125 0.388671875 0.5453203125 0.423828125 0.5365015625 0.466796875 0.5340515625 0.501953125 0.53748125 0.53125 0.5360125 0.560546875 0.5389515625 0.5869140625 0.551690625 0.6025390625 0.5658984375 0.5947265625
29 0.6055859375 0.5634765625 0.6055859375 0.5205078125 0.6031359375 0.4814453125 0.599215625 0.44140625 0.5938265625 0.41015625 0.59235625 0.3779296875 0.5850078125 0.3466796875 0.57226875 0.357421875 0.571778125 0.3974609375 0.569328125 0.4443359375 0.56736875 0.484375 0.5683484375 0.5234375 0.5683484375 0.5615234375 0.5796171875 0.5869140625 0.596765625 0.58984375 0.6055859375 0.5634765625
23 0.6349828125 0.58984375 0.6413515624999999 0.560546875 0.6413515624999999 0.52734375 0.6423328125000001 0.484375 0.6398828125 0.4462890625 0.6408625 0.41796875 0.63204375 0.3857421875 0.6119546875 0.3955078125 0.6055859375 0.423828125 0.6031359375 0.46875 0.5987265625 0.4970703125 0.597746875 0.525390625 0.6011765625 0.5556640625 0.6158750000000001 0.5634765625 0.6232234375 0.58203125 0.6349828125 0.58984375
24 0.6687890624999999 0.533203125 0.6668296875 0.498046875 0.6629109375 0.47265625 0.663890625 0.443359375 0.661440625 0.4111328125 0.654090625 0.384765625 0.638903125 0.3955078125 0.6374328125 0.4345703125 0.6349828125 0.4716796875 0.6310625 0.4970703125 0.6286140625 0.52734375 0.6384125 0.5478515625 0.64968125 0.5615234375 0.663890625 0.560546875 0.6687890624999999 0.533203125
25 0.6937781249999999 0.56640625 0.7060265625000001 0.5693359375 0.7128859375000001 0.5478515625 0.7202359375 0.525390625 0.7153359375 0.4970703125 0.711415625 0.474609375 0.709946875 0.44921875 0.707496875 0.423828125 0.707496875 0.400390625 0.67711875 0.3857421875 0.6795687499999999 0.4208984375 0.6766296875 0.451171875 0.6727093749999999 0.4814453125 0.667809375 0.5078125 0.6643796875 0.5380859375 0.67075 0.5654296875 0.6829984375 0.5732421875 0.6937781249999999 0.56640625
26 0.751103125 0.5234375 0.7609015625 0.501953125 0.764821875 0.4794921875 0.757471875 0.4521484375 0.7471828125 0.4208984375 0.7403234375000001 0.400390625 0.7408140624999999 0.3701171875 0.7329734375 0.3369140625 0.7177859375 0.357421875 0.7148453124999999 0.3876953125 0.716315625 0.4208984375 0.716315625 0.4560546875 0.716315625 0.482421875 0.71680625 0.509765625 0.7226843749999999 0.5400390625 0.7359140625 0.5458984375 0.751103125 0.5234375
27 0.780009375 0.4345703125 0.7790296875 0.3935546875 0.7775593749999999 0.365234375 0.7751109375 0.33203125 0.7775593749999999 0.306640625 0.7741296875 0.2763671875 0.7633515625 0.2919921875 0.75698125 0.314453125 0.751103125 0.3427734375 0.74424375 0.3701171875 0.7408140624999999 0.3935546875 0.74424375 0.4267578125 0.7545328125 0.4345703125 0.7672703125 0.447265625 0.780009375 0.4345703125
28 0.751103125 0.54296875 0.7403234375000001 0.5615234375 0.7329734375 0.583984375 0.736403125 0.607421875 0.7496328125 0.6279296875 0.7613921875 0.6396484375 0.7765796875000001 0.6455078125 0.78686875 0.6572265625 0.7981374999999999 0.669921875 0.8030375 0.650390625 0.7863796875 0.6064453125 0.8094078124999999 0.615234375 0.8138171875 0.5869140625 0.79911875 0.560546875 0.7854 0.5400390625 0.7702109375 0.525390625 0.755021875 0.5224609375 0.751103125 0.54296875
7 0.5002453124999999 0.6455078125 0.5007343750000001 0.677734375 0.5041640625 0.7080078125 0.5041640625 0.7412109375 0.5071046875 0.767578125 0.514453125 0.7978515625 0.5252328125 0.8076171875 0.5286625 0.775390625 0.5252328125 0.75 0.5237625 0.7138671875 0.52229375 0.673828125 0.5232734375 0.6318359375 0.5002453124999999 0.6455078125
8 0.4904453125 0.634765625 0.47525781250000004 0.63671875 0.4728078125 0.658203125 0.4747671875 0.69140625 0.4747671875 0.7158203125 0.4762375 0.74609375 0.48015625 0.7724609375 0.48652656250000004 0.7998046875 0.498284375 0.7958984375 0.4953453125 0.7666015625 0.4953453125 0.7333984375 0.496815625 0.7060546875 0.49926562499999994 0.6728515625 0.5007343750000001 0.6376953125 0.4904453125 0.634765625
9 0.46006875 0.640625 0.4473296875 0.6455078125 0.4453703125 0.673828125 0.44683906249999994 0.708984375 0.4492890625 0.751953125 0.44977968749999997 0.783203125 0.4561484375 0.8154296875 0.47035781249999997 0.8173828125 0.4723171875 0.783203125 0.4713375 0.751953125 0.4728078125 0.71875 0.4737875 0.6806640625 0.4747671875 0.6474609375 0.46006875 0.640625
10 0.43018124999999996 0.634765625 0.4164625 0.6298828125 0.4125421875 0.658203125 0.4135234375 0.6953125 0.41499218750000005 0.7294921875 0.4164625 0.78515625 0.41891249999999997 0.818359375 0.43165156250000003 0.861328125 0.441940625 0.8173828125 0.44292031249999997 0.7822265625 0.44439062500000004 0.7490234375 0.44439062500000004 0.7080078125 0.44439062500000004 0.669921875 0.44292031249999997 0.6328125 0.43018124999999996 0.634765625
11 0.3806953125 0.6328125 0.3767765625 0.6650390625 0.3767765625 0.7119140625 0.379715625 0.7626953125 0.379715625 0.8154296875 0.384125 0.841796875 0.403234375 0.810546875 0.4086234375 0.76953125 0.4086234375 0.7314453125 0.41156249999999994 0.6953125 0.40519375 0.6455078125 0.393434375 0.6279296875 0.3806953125 0.6328125
12 0.3904953125 0.642578125 0.3806953125 0.6220703125 0.36550781250000003 0.6171875 0.3512984375 0.611328125 0.34492968749999997 0.6396484375 0.34492968749999997 0.673828125 0.3419890625 0.708984375 0.338559375 0.734375 0.3370890625 0.77734375 0.3331703125 0.8203125 0.347378125 0.818359375 0.35521875 0.7958984375 0.361096875 0.7705078125 0.36893750000000003 0.74609375 0.37432656249999996 0.7041015625 0.382165625 0.673828125 0.3904953125 0.642578125
15 0.2709453125 0.724609375 0.28319375 0.6953125 0.29544375 0.67578125 0.3067125 0.650390625 0.32092187499999997 0.6328125 0.3189609375 0.599609375 0.3067125 0.5869140625 0.29299375 0.5791015625 0.278784375 0.5654296875 0.26800625 0.5791015625 0.2567375 0.611328125 0.25134687499999997 0.6328125 0.2327296875 0.6630859375 0.222440625 0.68359375 0.21313125 0.7138671875 0.22488906250000001 0.7216796875 0.23909843749999998 0.69921875 0.25575625 0.67578125 0.26800625 0.685546875 0.25918593749999996 0.708984375 0.24693749999999998 0.7314453125 0.23517812500000002 0.75390625 0.25918593749999996 0.7548828125 0.2709453125 0.724609375
16 0.2567375 0.6044921875 0.26555625 0.560546875 0.25820625 0.541015625 0.24693749999999998 0.5400390625 0.240078125 0.515625 0.22587031249999998 0.5126953125 0.21362031250000002 0.5302734375 0.20431093749999998 0.5654296875 0.19647187500000002 0.5869140625 0.185203125 0.5966796875 0.178834375 0.626953125 0.1915734375 0.6240234375 0.2111703125 0.609375 0.20088124999999998 0.6552734375 0.1905921875 0.6708984375 0.2048015625 0.6787109375 0.21999062500000002 0.662109375 0.23517812500000002 0.6376953125 0.2454671875 0.625 0.2567375 0.6044921875
6 0.5247421875 0.6328125 0.5213125 0.673828125 0.5247421875 0.7119140625 0.5286625 0.7548828125 0.53748125 0.7978515625 0.5467906250000001 0.8203125 0.5546296875000001 0.80078125 0.551690625 0.7626953125 0.549240625 0.720703125 0.549240625 0.6787109375 0.5482609375 0.640625 0.537971875 0.6298828125 0.5247421875 0.6328125
5 0.5825578124999999 0.625 0.57226875 0.6171875 0.5531609375000001 0.6279296875 0.551690625 0.673828125 0.5541406249999999 0.7138671875 0.560509375 0.7578125 0.5629593749999999 0.7958984375 0.569328125 0.833984375 0.5786374999999999 0.861328125 0.5899062500000001 0.853515625 0.5874578125000001 0.8154296875 0.5864765625 0.7744140625 0.5864765625 0.734375 0.5864765625 0.6982421875 0.5825578124999999 0.6630859375 0.5825578124999999 0.625
4 0.6075453125 0.6142578125 0.59235625 0.625 0.5845171875 0.6474609375 0.5874578125000001 0.6806640625 0.5889265625 0.7060546875 0.59235625 0.7412109375 0.6011765625 0.7744140625 0.609015625 0.8076171875 0.618325 0.830078125 0.6281234375 0.8203125 0.6232234375 0.7880859375 0.6193046875 0.751953125 0.6158750000000001 0.7119140625 0.618325 0.669921875 0.6193046875 0.6318359375 0.6075453125 0.6142578125
3 0.6369421875 0.5986328125 0.6232234375 0.5986328125 0.612934375 0.6201171875 0.618325 0.658203125 0.624203125 0.69140625 0.6310625 0.7158203125 0.6374328125 0.7548828125 0.6501718750000001 0.7802734375 0.6629109375 0.8046875 0.666340625 0.7744140625 0.6624203125 0.7470703125 0.6575203125 0.7138671875 0.654090625 0.673828125 0.6536015625 0.63671875 0.651640625 0.6064453125 0.6369421875 0.5986328125