21 0.583984375 0.48946562499999996 0.619140625 0.485546875 0.634765625 0.4747671875 0.6025390625 0.46006875 0.5693359375 0.45761874999999996 0.5283203125 0.4561484375 0.4951171875 0.4546796875 0.46484375 0.45320937499999997 0.4345703125 0.4492890625 0.3984375 0.44683906249999994 0.3759765625 0.45859843749999996 0.3798828125 0.47525781250000004 0.3857421875 0.4889765625 0.4287109375 0.491425 0.4814453125 0.491425 0.5126953125 0.48946562499999996 0.5556640625 0.4904453125 0.583984375 0.48946562499999996
22 0.5888671875 0.5335625 0.6201171875 0.52229375 0.607421875 0.501715625 0.560546875 0.5002453124999999 0.525390625 0.496815625 0.4921875 0.496815625 0.4599609375 0.49436562500000003 0.431640625 0.49387499999999995 0.4033203125 0.491425 0.3828125 0.503184375 0.3876953125 0.514453125 0.3935546875 0.5262125 0.4189453125 0.5335625 0.4716796875 0.53748125 0.515625 0.5340515625 0.5556640625 0.5316015625 0.5888671875 0.5335625
20 0.552734375 0.42675156249999996 0.5078125 0.4243015625 0.46484375 0.4198921875 0.4287109375 0.4174421875 0.3984375 0.42283125000000005 0.388671875 0.43655 0.40625 0.44585937500000006 0.443359375 0.45075937499999996 0.5048828125 0.45075937499999996 0.5400390625 0.44585937500000006 0.5712890625 0.443409375 0.607421875 0.4409609375 0.6015625 0.42773125 0.552734375 0.42675156249999996
2 0.669921875 0.26849531249999997 0.669921875 0.25036718750000003 0.64453125 0.24301875 0.6064453125 0.2439984375 0.57421875 0.237628125 0.548828125 0.22733906250000002 0.517578125 0.22733906250000002 0.494140625 0.23664843750000003 0.4921875 0.2479171875 0.4814453125 0.26065625 0.498046875 0.27045625 0.533203125 0.274375 0.576171875 0.276825 0.609375 0.274865625 0.642578125 0.272415625 0.669921875 0.26849531249999997
13 0.6171875 0.288584375 0.5732421875 0.2846640625 0.53515625 0.2822140625 0.5 0.272415625 0.466796875 0.27192500000000003 0.4521484375 0.2846640625 0.44140625 0.297403125 0.44921875 0.3125921875 0.4775390625 0.3194515625 0.52734375 0.3189609375 0.5615234375 0.32043125 0.5888671875 0.31798125 0.6123046875 0.3194515625 0.6171875 0.3081828125 0.6171875 0.288584375
17 0.615234375 0.3395390625 0.5693359375 0.327290625 0.5380859375 0.32533124999999996 0.5107421875 0.32288125 0.4892578125 0.31798125 0.4599609375 0.3189609375 0.439453125 0.3243515625 0.439453125 0.3370890625 0.4443359375 0.35276874999999996 0.47265625 0.3591375 0.515625 0.3561984375 0.5537109375 0.3537484375 0.5869140625 0.352278125 0.619140625 0.35031875 0.615234375 0.3395390625
18 0.6044921875 0.37775625 0.5986328125 0.3625671875 0.5654296875 0.35766718750000004 0.52734375 0.35521875 0.4951171875 0.3512984375 0.46484375 0.34835937499999997 0.44140625 0.345909375 0.41796875 0.3537484375 0.423828125 0.3650171875 0.439453125 0.3782453125 0.451171875 0.38804531249999996 0.484375 0.38804531249999996 0.517578125 0.3860859375 0.5556640625 0.388534375 0.58203125 0.3860859375 0.6044921875 0.37775625
19 0.5966796875 0.41107343749999997 0.626953125 0.40519375 0.615234375 0.393434375 0.578125 0.3904953125 0.54296875 0.388534375 0.5146484375 0.387065625 0.4892578125 0.3855953125 0.4638671875 0.384615625 0.4365234375 0.382165625 0.41015625 0.3860859375 0.3984375 0.39735468749999997 0.4111328125 0.41009375 0.443359375 0.4174421875 0.4853515625 0.4174421875 0.5283203125 0.41548281249999997 0.55859375 0.4125421875 0.5966796875 0.41107343749999997
30 0.609375 0.560509375 0.611328125 0.5502203125 0.576171875 0.5453203125 0.533203125 0.5365015625 0.498046875 0.5340515625 0.46875 0.53748125 0.439453125 0.5360125 0.4130859375 0.5389515625 0.3974609375 0.551690625 0.4052734375 0.5658984375 0.43359375 0.56736875 0.4697265625 0.5658984375 0.505859375 0.5644296875 0.54296875 0.5629593749999999 0.57421875 0.560509375 0.609375 0.560509375
29 0.6533203125 0.5850078125 0.642578125 0.57226875 0.6025390625 0.571778125 0.5556640625 0.569328125 0.515625 0.56736875 0.4765625 0.5683484375 0.4384765625 0.5683484375 0.4130859375 0.5796171875 0.41015625 0.596765625 0.4365234375 0.6055859375 0.4794921875 0.6055859375 0.5185546875 0.6031359375 0.55859375 0.599215625 0.58984375 0.5938265625 0.6220703125 0.59235625 0.6533203125 0.5850078125
23 0.6142578125 0.63204375 0.6044921875 0.6119546875 0.576171875 0.6055859375 0.53125 0.6031359375 0.5029296875 0.5987265625 0.474609375 0.597746875 0.4443359375 0.6011765625 0.4365234375 0.6158750000000001 0.41796875 0.6232234375 0.41015625 0.6349828125 0.439453125 0.6413515624999999 0.47265625 0.6413515624999999 0.515625 0.6423328125000001 0.5537109375 0.6398828125 0.58203125 0.6408625 0.6142578125 0.63204375
24 0.6044921875 0.638903125 0.5654296875 0.6374328125 0.5283203125 0.6349828125 0.5029296875 0.6310625 0.47265625 0.6286140625 0.4521484375 0.6384125 0.4384765625 0.64968125 0.439453125 0.663890625 0.466796875 0.6687890624999999 0.501953125 0.6668296875 0.52734375 0.6629109375 0.556640625 0.663890625 0.5888671875 0.661440625 0.615234375 0.654090625 0.6044921875 0.638903125
25 0.55078125 0.709946875 0.576171875 0.707496875 0.599609375 0.707496875 0.6142578125 0.67711875 0.5791015625 0.6795687499999999 0.548828125 0.6766296875 0.5185546875 0.6727093749999999 0.4921875 0.667809375 0.4619140625 0.6643796875 0.4345703125 0.67075 0.4267578125 0.6829984375 0.43359375 0.6937781249999999 0.4306640625 0.7060265625000001 0.4521484375 0.7128859375000001 0.474609375 0.7202359375 0.5029296875 0.7153359375 0.525390625 0.711415625 0.55078125 0.709946875
26 0.6298828125 0.7408140624999999 0.6630859375 0.7329734375 0.642578125 0.7177859375 0.6123046875 0.7148453124999999 0.5791015625 0.716315625 0.5439453125 0.716315625 0.517578125 0.716315625 0.490234375 0.71680625 0.4599609375 0.7226843749999999 0.4541015625 0.7359140625 0.4765625 0.751103125 0.498046875 0.7609015625 0.5205078125 0.764821875 0.5478515625 0.757471875 0.5791015625 0.7471828125 0.599609375 0.7403234375000001 0.6298828125 0.7408140624999999
27 0.7080078125 0.7633515625 0.685546875 0.75698125 0.6572265625 0.751103125 0.6298828125 0.74424375 0.6064453125 0.7408140624999999 0.5732421875 0.74424375 0.5654296875 0.7545328125 0.552734375 0.7672703125 0.5654296875 0.780009375 0.6064453125 0.7790296875 0.634765625 0.7775593749999999 0.66796875 0.7751109375 0.693359375 0.7775593749999999 0.7236328125 0.7741296875 0.7080078125 0.7633515625
28 0.3544921875 0.7765796875000001 0.3427734375 0.78686875 0.330078125 0.7981374999999999 0.349609375 0.8030375 0.3935546875 0.7863796875 0.384765625 0.8094078124999999 0.4130859375 0.8138171875 0.439453125 0.79911875 0.4599609375 0.7854 0.474609375 0.7702109375 0.4775390625 0.755021875 0.45703125 0.751103125 0.4384765625 0.7403234375000001 0.416015625 0.7329734375 0.392578125 0.736403125 0.3720703125 0.7496328125 0.3603515625 0.7613921875 0.3544921875 0.7765796875000001
7 0.1923828125 0.5252328125 0.224609375 0.5286625 0.25 0.5252328125 0.2861328125 0.5237625 0.326171875 0.52229375 0.3681640625 0.5232734375 0.3544921875 0.5002453124999999 0.322265625 0.5007343750000001 0.2919921875 0.5041640625 0.2587890625 0.5041640625 0.232421875 0.5071046875 0.2021484375 0.514453125 0.1923828125 0.5252328125
8 0.2275390625 0.48015625 0.2001953125 0.48652656250000004 0.2041015625 0.498284375 0.2333984375 0.4953453125 0.2666015625 0.4953453125 0.2939453125 0.496815625 0.3271484375 0.49926562499999994 0.3623046875 0.5007343750000001 0.365234375 0.4904453125 0.36328125 0.47525781250000004 0.341796875 0.4728078125 0.30859375 0.4747671875 0.2841796875 0.4747671875 0.25390625 0.4762375 0.2275390625 0.48015625
9 0.1845703125 0.4561484375 0.1826171875 0.47035781249999997 0.216796875 0.4723171875 0.248046875 0.4713375 0.28125 0.4728078125 0.3193359375 0.4737875 0.3525390625 0.4747671875 0.359375 0.46006875 0.3544921875 0.4473296875 0.326171875 0.4453703125 0.291015625 0.44683906249999994 0.248046875 0.4492890625 0.216796875 0.44977968749999997 0.1845703125 0.4561484375
10 0.181640625 0.41891249999999997 0.138671875 0.43165156250000003 0.1826171875 0.441940625 0.2177734375 0.44292031249999997 0.2509765625 0.44439062500000004 0.2919921875 0.44439062500000004 0.330078125 0.44439062500000004 0.3671875 0.44292031249999997 0.365234375 0.43018124999999996 0.3701171875 0.4164625 0.341796875 0.4125421875 0.3046875 0.4135234375 0.2705078125 0.41499218750000005 0.21484375 0.4164625 0.181640625 0.41891249999999997
11 0.189453125 0.403234375 0.23046875 0.4086234375 0.2685546875 0.4086234375 0.3046875 0.41156249999999994 0.3544921875 0.40519375 0.3720703125 0.393434375 0.3671875 0.3806953125 0.3349609375 0.3767765625 0.2880859375 0.3767765625 0.2373046875 0.379715625 0.1845703125 0.379715625 0.158203125 0.384125 0.189453125 0.403234375
12 0.291015625 0.3419890625 0.265625 0.338559375 0.22265625 0.3370890625 0.1796875 0.3331703125 0.181640625 0.347378125 0.2041015625 0.35521875 0.2294921875 0.361096875 0.25390625 0.36893750000000003 0.2958984375 0.37432656249999996 0.326171875 0.382165625 0.357421875 0.3904953125 0.3779296875 0.3806953125 0.3828125 0.36550781250000003 0.388671875 0.3512984375 0.3603515625 0.34492968749999997 0.326171875 0.34492968749999997 0.291015625 0.3419890625
15 0.4130859375 0.3067125 0.4208984375 0.29299375 0.4345703125 0.278784375 0.4208984375 0.26800625 0.388671875 0.2567375 0.3671875 0.25134687499999997 0.3369140625 0.2327296875 0.31640625 0.222440625 0.2861328125 0.21313125 0.2783203125 0.22488906250000001 0.30078125 0.23909843749999998 0.32421875 0.25575625 0.314453125 0.26800625 0.291015625 0.25918593749999996 0.2685546875 0.24693749999999998 0.24609375 0.23517812500000002 0.2451171875 0.25918593749999996 0.275390625 0.2709453125 0.3046875 0.28319375 0.32421875 0.29544375 0.349609375 0.3067125 0.3671875 0.32092187499999997 0.400390625 0.3189609375 0.4130859375 0.3067125
16 0.4697265625 0.21362031250000002 0.4345703125 0.20431093749999998 0.4130859375 0.19647187500000002 0.4033203125 0.185203125 0.373046875 0.178834375 0.3759765625 0.1915734375 0.390625 0.2111703125 0.3447265625 0.20088124999999998 0.3291015625 0.1905921875 0.3212890625 0.2048015625 0.337890625 0.21999062500000002 0.3623046875 0.23517812500000002 0.375 0.2454671875 0.3955078125 0.2567375 0.439453125 0.26555625 0.458984375 0.25820625 0.4599609375 0.24693749999999998 0.484375 0.240078125 0.4873046875 0.22587031249999998 0.4697265625 0.21362031250000002
6 0.19921875 0.5546296875000001 0.2373046875 0.551690625 0.279296875 0.549240625 0.3212890625 0.549240625 0.359375 0.5482609375 0.3701171875 0.537971875 0.3671875 0.5247421875 0.326171875 0.5213125 0.2880859375 0.5247421875 0.2451171875 0.5286625 0.2021484375 0.53748125 0.1796875 0.5467906250000001 0.19921875 0.5546296875000001
5 0.2041015625 0.5629593749999999 0.166015625 0.569328125 0.138671875 0.5786374999999999 0.146484375 0.5899062500000001 0.1845703125 0.5874578125000001 0.2255859375 0.5864765625 0.265625 0.5864765625 0.3017578125 0.5864765625 0.3369140625 0.5825578124999999 0.375 0.5825578124999999 0.3828125 0.57226875 0.3720703125 0.5531609375000001 0.326171875 0.551690625 0.2861328125 0.5541406249999999 0.2421875 0.560509375 0.2041015625 0.5629593749999999
4 0.2255859375 0.6011765625 0.1923828125 0.609015625 0.169921875 0.618325 0.1796875 0.6281234375 0.2119140625 0.6232234375 0.248046875 0.6193046875 0.2880859375 0.6158750000000001 0.330078125 0.618325 0.3681640625 0.6193046875 0.3857421875 0.6075453125 0.375 0.59235625 0.3525390625 0.5845171875 0.3193359375 0.5874578125000001 0.2939453125 0.5889265625 0.2587890625 0.59235625 0.2255859375 0.6011765625
3 0.2451171875 0.6374328125 0.2197265625 0.6501718750000001 0.1953125 0.6629109375 0.2255859375 0.666340625 0.2529296875 0.6624203125 0.2861328125 0.6575203125 0.326171875 0.654090625 0.36328125 0.6536015625 0.3935546875 0.651640625 0.4013671875 0.6369421875 0.4013671875 0.6232234375 0.3798828125 0.612934375 0.341796875 0.618325 0.30859375 0.624203125 0.2841796875 0.6310625 0.2451171875 0.6374328125