13 0.4140625 0.6962265624999999 0.3828125 0.6972078125000001 0.3505859375 0.7011265625 0.32421875 0.707496875 0.333984375 0.7241546875 0.3720703125 0.7241546875 0.4052734375 0.725625 0.4365234375 0.7315046875 0.466796875 0.7383640625 0.4853515625 0.7466921875 0.5224609375 0.74424375 0.525390625 0.7315046875 0.5302734375 0.7192546875 0.5361328125 0.70455625 0.5234375 0.6893671875 0.5 0.6854484375000001 0.47265625 0.6898578125 0.44140625 0.6932875000000001 0.4140625 0.6962265624999999
15 0.5791015625 0.78931875 0.6142578125 0.7971578125 0.6474609375 0.8074468749999999 0.67578125 0.8162671874999999 0.6806640625 0.7996078125 0.625 0.7751109375 0.703125 0.7927484375 0.7041015625 0.7775593749999999 0.67578125 0.762371875 0.6494140625 0.7530625 0.6220703125 0.73934375 0.607421875 0.725134375 0.578125 0.7138656250000001 0.55859375 0.7226843749999999 0.54296875 0.7383640625 0.5205078125 0.7530625 0.5126953125 0.771190625 0.5439453125 0.7814796875 0.5791015625 0.78931875
16 0.5537109375 0.8432140625000001 0.5888671875 0.8476234375 0.6318359375 0.8466437499999999 0.6572265625 0.8324343750000001 0.640625 0.8162671874999999 0.6171875 0.805978125 0.5947265625 0.7956890624999999 0.5693359375 0.78441875 0.5380859375 0.780009375 0.505859375 0.78295 0.4853515625 0.7971578125 0.4853515625 0.8133265625 0.4775390625 0.828515625 0.494140625 0.8466437499999999 0.5224609375 0.84909375 0.5537109375 0.8432140625000001
12 0.7294921875 0.6732 0.759765625 0.6727093749999999 0.783203125 0.6604609375 0.744140625 0.6501718750000001 0.7109375 0.6462515625 0.6806640625 0.6408625 0.64453125 0.6281234375 0.609375 0.6178343749999999 0.5859375 0.624203125 0.576171875 0.6423328125000001 0.5693359375 0.652621875 0.5810546875 0.67075 0.626953125 0.6717296875 0.67578125 0.6732 0.7294921875 0.6732
11 0.7470703125 0.6349828125 0.7802734375 0.63204375 0.7880859375 0.6168546874999999 0.7548828125 0.6158750000000001 0.71875 0.611465625 0.6826171875 0.6050953125 0.6572265625 0.5899062500000001 0.625 0.5913765625 0.6083984375 0.6055859375 0.5947265625 0.6207734375 0.619140625 0.6325328125 0.650390625 0.6344921875 0.6787109375 0.6369421875 0.7119140625 0.6374328125 0.7470703125 0.6349828125
10 0.76171875 0.597746875 0.787109375 0.5899062500000001 0.80078125 0.571778125 0.759765625 0.5737390625 0.71875 0.5683484375 0.68359375 0.5619796874999999 0.650390625 0.5619796874999999 0.6220703125 0.5658984375 0.609375 0.5761875 0.6015625 0.5889265625 0.6328125 0.5952968750000001 0.6630859375 0.5987265625 0.701171875 0.601665625 0.7314453125 0.6011765625 0.76171875 0.597746875
9 0.75390625 0.5531609375000001 0.7880859375 0.549240625 0.8046875 0.53748125 0.7705078125 0.5350312500000001 0.7412109375 0.5360125 0.703125 0.5360125 0.6630859375 0.5335625 0.6298828125 0.5316015625 0.609375 0.5389515625 0.607421875 0.555609375 0.6279296875 0.5644296875 0.66015625 0.561 0.6884765625 0.561 0.7236328125 0.556590625 0.75390625 0.5531609375000001
8 0.744140625 0.5252328125 0.7822265625 0.5232734375 0.8076171875 0.51494375 0.7802734375 0.506125 0.75 0.5071046875 0.71875 0.505634375 0.6904296875 0.5071046875 0.65234375 0.5071046875 0.6123046875 0.5022046875 0.607421875 0.5134734375 0.609375 0.5301328125 0.642578125 0.5325828125000001 0.67578125 0.5301328125 0.708984375 0.5276828124999999 0.744140625 0.5252328125
7 0.7900390625 0.48113593750000005 0.76171875 0.47770625000000005 0.7314453125 0.47868750000000004 0.693359375 0.4791765625 0.65234375 0.47868750000000004 0.611328125 0.47770625000000005 0.6015625 0.5007343750000001 0.6298828125 0.506125 0.6708984375 0.5046546875 0.703125 0.5046546875 0.7294921875 0.4997546875 0.76953125 0.49289531249999996 0.7900390625 0.48113593750000005
6 0.7548828125 0.46986718749999995 0.7880859375 0.4639875 0.8134765625 0.4546796875 0.7880859375 0.4492890625 0.751953125 0.44977968749999997 0.720703125 0.44977968749999997 0.6806640625 0.4492890625 0.64453125 0.443409375 0.6220703125 0.448309375 0.611328125 0.46202812499999996 0.6240234375 0.4762375 0.6630859375 0.4762375 0.693359375 0.4728078125 0.7216796875 0.4728078125 0.7548828125 0.46986718749999995
5 0.7626953125 0.43263125 0.80078125 0.42283125000000005 0.8046875 0.40715312499999995 0.77734375 0.40764374999999997 0.751953125 0.4086234375 0.7158203125 0.4086234375 0.685546875 0.409603125 0.658203125 0.4125421875 0.6240234375 0.4164625 0.6171875 0.430671875 0.642578125 0.441940625 0.673828125 0.44439062500000004 0.7041015625 0.439490625 0.7333984375 0.43655 0.7626953125 0.43263125
4 0.7568359375 0.3944140625 0.79296875 0.388534375 0.8134765625 0.37922656250000003 0.8173828125 0.36893750000000003 0.779296875 0.373346875 0.7470703125 0.37530625 0.708984375 0.37530625 0.673828125 0.37530625 0.6396484375 0.3767765625 0.6279296875 0.3860859375 0.6279296875 0.39882343750000004 0.6455078125 0.41156249999999994 0.6826171875 0.40764374999999997 0.7060546875 0.402253125 0.7333984375 0.39882343750000004 0.7568359375 0.3944140625
3 0.7265625 0.3625671875 0.751953125 0.35031875 0.783203125 0.3424796875 0.8056640625 0.329740625 0.7958984375 0.3145515625 0.7626953125 0.32092187499999997 0.736328125 0.3268 0.7080078125 0.33121093749999997 0.673828125 0.33121093749999997 0.6396484375 0.3370890625 0.6044921875 0.34394843750000004 0.609375 0.35521875 0.619140625 0.36893750000000003 0.6396484375 0.37775625 0.669921875 0.37530625 0.69921875 0.36893750000000003 0.7265625 0.3625671875
2 0.3193359375 0.7359140625 0.3017578125 0.7545328125 0.3349609375 0.7633515625 0.3603515625 0.7697203125 0.392578125 0.7775593749999999 0.421875 0.79176875 0.4541015625 0.7951984375000001 0.4775390625 0.7839296874999999 0.4892578125 0.77168125 0.4970703125 0.757471875 0.4853515625 0.74424375 0.458984375 0.73689375 0.416015625 0.7354234374999999 0.380859375 0.7383640625 0.34765625 0.7378734375 0.3193359375 0.7359140625
1 0.5888671875 0.2822140625 0.578125 0.2988734375 0.5888671875 0.31651093750000003 0.5986328125 0.33610937500000004 0.626953125 0.343459375 0.6572265625 0.332190625 0.6865234375 0.32092187499999997 0.716796875 0.31553125 0.751953125 0.3091625 0.775390625 0.3018125 0.7958984375 0.2876046875 0.7822265625 0.277315625 0.76171875 0.28907343750000003 0.724609375 0.297403125 0.6865234375 0.29789374999999996 0.708984375 0.286134375 0.7314453125 0.2758453125 0.75 0.2645765625 0.775390625 0.2533078125 0.744140625 0.25134687499999997 0.7138671875 0.2616359375 0.69140625 0.26555625 0.669921875 0.2709453125 0.6474609375 0.278784375 0.6171875 0.28123437500000004 0.5888671875 0.2822140625
0 0.640625 0.26849531249999997 0.6650390625 0.25820625 0.693359375 0.2552671875 0.716796875 0.2454671875 0.7392578125 0.2322390625 0.7412109375 0.21068125000000001 0.708984375 0.20431093749999998 0.6826171875 0.21068125000000001 0.650390625 0.217540625 0.626953125 0.222440625 0.5966796875 0.223909375 0.5556640625 0.2302796875 0.5478515625 0.24154843750000002 0.556640625 0.2552671875 0.5654296875 0.2660453125 0.576171875 0.2822140625 0.6123046875 0.278784375 0.640625 0.26849531249999997
28 0.5986328125 0.2209703125 0.6220703125 0.21558125 0.6494140625 0.2097015625 0.6982421875 0.2003921875 0.7119140625 0.1861828125 0.69140625 0.173934375 0.6533203125 0.1749140625 0.6171875 0.1724640625 0.578125 0.1685453125 0.5458984375 0.16903437500000001 0.5185546875 0.17344375 0.509765625 0.1915734375 0.517578125 0.20578124999999997 0.5146484375 0.22195 0.5478515625 0.22880937499999998 0.5732421875 0.22733906250000002 0.5986328125 0.2209703125
27 0.3828125 0.22488906250000001 0.416015625 0.222440625 0.4462890625 0.21949999999999997 0.4794921875 0.21068125000000001 0.4794921875 0.1954921875 0.44140625 0.1866734375 0.4189453125 0.1778546875 0.4052734375 0.164625 0.3701171875 0.1754046875 0.35546875 0.1930421875 0.341796875 0.2097015625 0.33203125 0.223909375 0.3505859375 0.22880937499999998 0.3828125 0.22488906250000001
26 0.3603515625 0.2346890625 0.3369140625 0.24252812499999998 0.3447265625 0.2577171875 0.388671875 0.2621265625 0.431640625 0.25918593749999996 0.466796875 0.25967656250000004 0.494140625 0.26065625 0.5234375 0.2577171875 0.53515625 0.2439984375 0.5205078125 0.22880937499999998 0.501953125 0.21558125 0.4873046875 0.20431093749999998 0.46484375 0.20921093750000003 0.439453125 0.2209703125 0.4140625 0.22831875 0.384765625 0.2302796875 0.3603515625 0.2346890625
25 0.4033203125 0.274865625 0.373046875 0.274375 0.349609375 0.277315625 0.35546875 0.29495312500000004 0.3974609375 0.29789374999999996 0.431640625 0.3013234375 0.4697265625 0.30377343749999997 0.4951171875 0.3106328125 0.5234375 0.31161249999999996 0.548828125 0.3091625 0.560546875 0.297403125 0.55859375 0.28319375 0.55078125 0.2645765625 0.525390625 0.25820625 0.4970703125 0.25967656250000004 0.4638671875 0.2640859375 0.4345703125 0.26800625 0.4033203125 0.274865625
24 0.3828125 0.3268 0.3876953125 0.3424796875 0.431640625 0.341009375 0.47265625 0.3419890625 0.509765625 0.3463984375 0.541015625 0.349828125 0.5693359375 0.34835937499999997 0.5791015625 0.333659375 0.57421875 0.32043125 0.5634765625 0.3067125 0.52734375 0.3067125 0.4951171875 0.31161249999999996 0.4638671875 0.31553125 0.4365234375 0.32288125 0.40625 0.3219015625 0.3828125 0.3268
29 0.3955078125 0.375796875 0.3671875 0.37775625 0.3828125 0.3944140625 0.4267578125 0.39882343750000004 0.46875 0.404703125 0.505859375 0.40519375 0.541015625 0.409603125 0.5693359375 0.41009375 0.5966796875 0.4061734375 0.6064453125 0.389515625 0.599609375 0.37530625 0.568359375 0.36795625 0.53515625 0.3718765625 0.4951171875 0.375796875 0.46484375 0.379715625 0.431640625 0.37775625 0.3955078125 0.375796875
30 0.4033203125 0.4164625 0.3984375 0.43018124999999996 0.4384765625 0.43165156250000003 0.4814453125 0.43802031250000006 0.5185546875 0.44292031249999997 0.55078125 0.4473296875 0.576171875 0.44977968749999997 0.5947265625 0.437040625 0.607421875 0.42038281250000004 0.591796875 0.409603125 0.560546875 0.40764374999999997 0.525390625 0.41009375 0.498046875 0.41499218750000005 0.4716796875 0.41499218750000005 0.439453125 0.4174421875 0.4033203125 0.4164625
31 0.296875 0.7604109375 0.3134765625 0.7863796875 0.30859375 0.8108765625000001 0.3193359375 0.8309656249999999 0.3525390625 0.8481140625 0.390625 0.8466437499999999 0.4052734375 0.8290046875 0.4384765625 0.82655625 0.458984375 0.8182265624999999 0.4345703125 0.8010781250000001 0.4052734375 0.7878484375 0.3759765625 0.77805 0.34765625 0.7697203125 0.3173828125 0.7599218750000001 0.296875 0.7604109375
22 0.421875 0.4517390625 0.3828125 0.448309375 0.3876953125 0.47868750000000004 0.4306640625 0.485546875 0.474609375 0.48750625000000003 0.5078125 0.491425 0.5380859375 0.49289531249999996 0.5615234375 0.49436562500000003 0.591796875 0.4958359375 0.5966796875 0.48015625 0.6044921875 0.4639875 0.59375 0.4473296875 0.5615234375 0.4453703125 0.5302734375 0.44585937500000006 0.490234375 0.4492890625 0.4560546875 0.4517390625 0.421875 0.4517390625
21 0.388671875 0.498284375 0.35546875 0.5022046875 0.3779296875 0.5271921875000001 0.4189453125 0.5276828124999999 0.4599609375 0.5316015625 0.4921875 0.5360125 0.52734375 0.5414015625 0.56640625 0.5438515625 0.59375 0.537971875 0.5947265625 0.5232734375 0.59375 0.5080843749999999 0.58984375 0.49436562500000003 0.541015625 0.49387499999999995 0.4970703125 0.4958359375 0.45703125 0.49387499999999995 0.4189453125 0.49436562500000003 0.388671875 0.498284375
20 0.375 0.544340625 0.3759765625 0.561 0.4130859375 0.5658984375 0.443359375 0.5761875 0.4814453125 0.5761875 0.517578125 0.5801078125 0.55078125 0.5820671875000001 0.5693359375 0.57471875 0.5732421875 0.560509375 0.5693359375 0.544340625 0.5380859375 0.5414015625 0.5048828125 0.54238125 0.466796875 0.5477703125 0.4345703125 0.5482609375 0.408203125 0.5502203125 0.375 0.544340625
19 0.365234375 0.5884375000000001 0.357421875 0.6050953125 0.3935546875 0.606565625 0.4267578125 0.6080359375 0.4716796875 0.6139140624999999 0.501953125 0.6193046875 0.5478515625 0.6246937499999999 0.5693359375 0.6144046875 0.5732421875 0.6011765625 0.5634765625 0.5845171875 0.541015625 0.5786374999999999 0.5029296875 0.5801078125 0.466796875 0.5825578124999999 0.4287109375 0.5859875 0.3974609375 0.5874578125000001 0.365234375 0.5884375000000001
18 0.3447265625 0.6217546875 0.3505859375 0.6408625 0.3974609375 0.6452718749999999 0.44140625 0.6487015625 0.4765625 0.652621875 0.517578125 0.6575203125 0.5556640625 0.6550703125 0.56640625 0.6413515624999999 0.548828125 0.62224375 0.53125 0.6095046875000001 0.4970703125 0.610484375 0.4716796875 0.6178343749999999 0.431640625 0.6193046875 0.3974609375 0.6207734375 0.373046875 0.6232234375 0.3447265625 0.6217546875
17 0.3505859375 0.6452718749999999 0.3427734375 0.6727093749999999 0.390625 0.679078125 0.42578125 0.6854484375000001 0.4599609375 0.6874078124999999 0.4921875 0.6957375 0.52734375 0.6923078125 0.533203125 0.6727093749999999 0.5224609375 0.6629109375 0.5361328125 0.6536015625 0.5146484375 0.6452718749999999 0.4765625 0.6462515625 0.439453125 0.64968125 0.40625 0.6501718750000001 0.3759765625 0.6462515625 0.3505859375 0.6452718749999999