13 0.2807453125 0.5302734375 0.29544375 0.5361328125 0.3106328125 0.5234375 0.3145515625 0.5 0.3101421875 0.47265625 0.3067125 0.44140625 0.30377343749999997 0.4140625 0.30279218750000003 0.3828125 0.2988734375 0.3505859375 0.292503125 0.32421875 0.2758453125 0.333984375 0.2758453125 0.3720703125 0.274375 0.4052734375 0.26849531249999997 0.4365234375 0.2616359375 0.466796875 0.2533078125 0.4853515625 0.25575625 0.5224609375 0.26849531249999997 0.525390625 0.2807453125 0.5302734375
15 0.286134375 0.578125 0.277315625 0.55859375 0.2616359375 0.54296875 0.24693749999999998 0.5205078125 0.22880937499999998 0.5126953125 0.2185203125 0.5439453125 0.21068125000000001 0.5791015625 0.2028421875 0.6142578125 0.192553125 0.6474609375 0.1837328125 0.67578125 0.2003921875 0.6806640625 0.22488906250000001 0.625 0.2072515625 0.703125 0.222440625 0.7041015625 0.237628125 0.67578125 0.24693749999999998 0.6494140625 0.26065625 0.6220703125 0.274865625 0.607421875 0.286134375 0.578125
16 0.21705000000000002 0.505859375 0.2028421875 0.4853515625 0.1866734375 0.4853515625 0.171484375 0.4775390625 0.15335625 0.494140625 0.15090625 0.5224609375 0.1567859375 0.5537109375 0.1523765625 0.5888671875 0.15335625 0.6318359375 0.167565625 0.6572265625 0.1837328125 0.640625 0.194021875 0.6171875 0.20431093749999998 0.5947265625 0.21558125 0.5693359375 0.21999062500000002 0.5380859375 0.21705000000000002 0.505859375
12 0.375796875 0.5859375 0.35766718750000004 0.576171875 0.347378125 0.5693359375 0.32925 0.5810546875 0.3282703125 0.626953125 0.3268 0.67578125 0.3268 0.7294921875 0.327290625 0.759765625 0.3395390625 0.783203125 0.349828125 0.744140625 0.3537484375 0.7109375 0.3591375 0.6806640625 0.3718765625 0.64453125 0.382165625 0.609375 0.375796875 0.5859375
11 0.3944140625 0.6083984375 0.37922656250000003 0.5947265625 0.3674671875 0.619140625 0.36550781250000003 0.650390625 0.3630578125 0.6787109375 0.3625671875 0.7119140625 0.3650171875 0.7470703125 0.36795625 0.7802734375 0.3831453125 0.7880859375 0.384125 0.7548828125 0.388534375 0.71875 0.3949046875 0.6826171875 0.41009375 0.6572265625 0.4086234375 0.625 0.3944140625 0.6083984375
10 0.42381250000000004 0.609375 0.41107343749999997 0.6015625 0.404703125 0.6328125 0.4012734375 0.6630859375 0.398334375 0.701171875 0.39882343750000004 0.7314453125 0.402253125 0.76171875 0.41009375 0.787109375 0.42822187500000003 0.80078125 0.42626093750000005 0.759765625 0.43165156250000003 0.71875 0.43802031250000006 0.68359375 0.43802031250000006 0.650390625 0.4341015625 0.6220703125 0.42381250000000004 0.609375
9 0.4610484375 0.609375 0.44439062500000004 0.607421875 0.4355703125 0.6279296875 0.43899999999999995 0.66015625 0.43899999999999995 0.6884765625 0.443409375 0.7236328125 0.44683906249999994 0.75390625 0.45075937499999996 0.7880859375 0.46251875 0.8046875 0.46496875 0.7705078125 0.4639875 0.7412109375 0.4639875 0.703125 0.46643749999999995 0.6630859375 0.4683984375 0.6298828125 0.4610484375 0.609375
8 0.4977953125 0.6123046875 0.48652656250000004 0.607421875 0.46986718749999995 0.609375 0.4674171875 0.642578125 0.46986718749999995 0.67578125 0.4723171875 0.708984375 0.4747671875 0.744140625 0.4767265625 0.7822265625 0.48505624999999997 0.8076171875 0.49387499999999995 0.7802734375 0.49289531249999996 0.75 0.49436562500000003 0.71875 0.49289531249999996 0.6904296875 0.49289531249999996 0.65234375 0.4977953125 0.6123046875
7 0.49926562499999994 0.6015625 0.49387499999999995 0.6298828125 0.4953453125 0.6708984375 0.4953453125 0.703125 0.5002453124999999 0.7294921875 0.5071046875 0.76953125 0.5188640625 0.7900390625 0.52229375 0.76171875 0.5213125 0.7314453125 0.5208234375 0.693359375 0.5213125 0.65234375 0.52229375 0.611328125 0.49926562499999994 0.6015625
6 0.551690625 0.6220703125 0.537971875 0.611328125 0.5237625 0.6240234375 0.5237625 0.6630859375 0.5271921875000001 0.693359375 0.5271921875000001 0.7216796875 0.5301328125 0.7548828125 0.5360125 0.7880859375 0.5453203125 0.8134765625 0.5507109375 0.7880859375 0.5502203125 0.751953125 0.5502203125 0.720703125 0.5507109375 0.6806640625 0.556590625 0.64453125 0.551690625 0.6220703125
5 0.5835375 0.6240234375 0.569328125 0.6171875 0.558059375 0.642578125 0.555609375 0.673828125 0.560509375 0.7041015625 0.56345 0.7333984375 0.56736875 0.7626953125 0.57716875 0.80078125 0.592846875 0.8046875 0.59235625 0.77734375 0.5913765625 0.751953125 0.5913765625 0.7158203125 0.5903968749999999 0.685546875 0.5874578125000001 0.658203125 0.5835375 0.6240234375
4 0.6139140624999999 0.6279296875 0.6011765625 0.6279296875 0.5884375000000001 0.6455078125 0.59235625 0.6826171875 0.597746875 0.7060546875 0.6011765625 0.7333984375 0.6055859375 0.7568359375 0.611465625 0.79296875 0.6207734375 0.8134765625 0.6310625 0.8173828125 0.626653125 0.779296875 0.6246937499999999 0.7470703125 0.6246937499999999 0.708984375 0.6246937499999999 0.673828125 0.6232234375 0.6396484375 0.6139140624999999 0.6279296875
3 0.6560515625 0.6044921875 0.6447812500000001 0.609375 0.6310625 0.619140625 0.62224375 0.6396484375 0.6246937499999999 0.669921875 0.6310625 0.69921875 0.6374328125 0.7265625 0.64968125 0.751953125 0.6575203125 0.783203125 0.670259375 0.8056640625 0.6854484375000001 0.7958984375 0.679078125 0.7626953125 0.6732 0.736328125 0.6687890624999999 0.7080078125 0.6687890624999999 0.673828125 0.6629109375 0.6396484375 0.6560515625 0.6044921875
2 0.24252812499999998 0.4970703125 0.25575625 0.4853515625 0.26310625 0.458984375 0.2645765625 0.416015625 0.2616359375 0.380859375 0.2621265625 0.34765625 0.2640859375 0.3193359375 0.2454671875 0.3017578125 0.23664843750000003 0.3349609375 0.2302796875 0.3603515625 0.222440625 0.392578125 0.20823125 0.421875 0.2048015625 0.4541015625 0.2160703125 0.4775390625 0.22831875 0.4892578125 0.24252812499999998 0.4970703125
1 0.7486531249999999 0.744140625 0.7383640625 0.7138671875 0.73444375 0.69140625 0.7290546875 0.669921875 0.7212156249999999 0.6474609375 0.718765625 0.6171875 0.7177859375 0.5888671875 0.7011265625 0.578125 0.6834890625 0.5888671875 0.663890625 0.5986328125 0.656540625 0.626953125 0.667809375 0.6572265625 0.679078125 0.6865234375 0.68446875 0.716796875 0.6908375 0.751953125 0.6981875 0.775390625 0.7123953125 0.7958984375 0.7226843749999999 0.7822265625 0.7109265625 0.76171875 0.702596875 0.724609375 0.70210625 0.6865234375 0.7138656250000001 0.708984375 0.7241546875 0.7314453125 0.7354234374999999 0.75 0.7466921875 0.775390625 0.7486531249999999 0.744140625
0 0.7697203125 0.5556640625 0.7584515625 0.5478515625 0.7447328125 0.556640625 0.7339546875 0.5654296875 0.7177859375 0.576171875 0.7212156249999999 0.6123046875 0.7315046875 0.640625 0.74179375 0.6650390625 0.7447328125 0.693359375 0.7545328125 0.716796875 0.7677609375000001 0.7392578125 0.78931875 0.7412109375 0.7956890624999999 0.708984375 0.78931875 0.6826171875 0.782459375 0.650390625 0.7775593749999999 0.626953125 0.7760906249999999 0.5966796875 0.7697203125 0.5556640625
28 0.82655625 0.5185546875 0.8084265625 0.509765625 0.79421875 0.517578125 0.77805 0.5146484375 0.771190625 0.5478515625 0.7726609375 0.5732421875 0.7790296875 0.5986328125 0.78441875 0.6220703125 0.7902984375 0.6494140625 0.7996078125 0.6982421875 0.8138171875 0.7119140625 0.826065625 0.69140625 0.8250859374999999 0.6533203125 0.8275359375000001 0.6171875 0.8314546875 0.578125 0.8309656249999999 0.5458984375 0.82655625 0.5185546875
27 0.835375 0.4052734375 0.8245953125 0.3701171875 0.8069578125 0.35546875 0.7902984375 0.341796875 0.7760906249999999 0.33203125 0.771190625 0.3505859375 0.7751109375 0.3828125 0.7775593749999999 0.416015625 0.7805 0.4462890625 0.78931875 0.4794921875 0.8045078125 0.4794921875 0.8133265625 0.44140625 0.8221453125 0.4189453125 0.835375 0.4052734375
26 0.78441875 0.501953125 0.7956890624999999 0.4873046875 0.7907890625 0.46484375 0.7790296875 0.439453125 0.77168125 0.4140625 0.7697203125 0.384765625 0.7653109375 0.3603515625 0.757471875 0.3369140625 0.7422828124999999 0.3447265625 0.7378734375 0.388671875 0.7408140624999999 0.431640625 0.7403234375000001 0.466796875 0.73934375 0.494140625 0.7422828124999999 0.5234375 0.7560015625000001 0.53515625 0.771190625 0.5205078125 0.78441875 0.501953125
25 0.71680625 0.55859375 0.7354234374999999 0.55078125 0.74179375 0.525390625 0.7403234375000001 0.4970703125 0.7359140625 0.4638671875 0.73199375 0.4345703125 0.725134375 0.4033203125 0.725625 0.373046875 0.7226843749999999 0.349609375 0.7050468750000001 0.35546875 0.70210625 0.3974609375 0.6986765625 0.431640625 0.6962265624999999 0.4697265625 0.6893671875 0.4951171875 0.6883874999999999 0.5234375 0.6908375 0.548828125 0.702596875 0.560546875 0.71680625 0.55859375
24 0.6932875000000001 0.5634765625 0.6932875000000001 0.52734375 0.6883874999999999 0.4951171875 0.68446875 0.4638671875 0.67711875 0.4365234375 0.6780984375 0.40625 0.6732 0.3828125 0.6575203125 0.3876953125 0.658990625 0.431640625 0.6580109375000001 0.47265625 0.6536015625 0.509765625 0.6501718750000001 0.541015625 0.651640625 0.5693359375 0.666340625 0.5791015625 0.6795687499999999 0.57421875 0.6932875000000001 0.5634765625
29 0.6246937499999999 0.599609375 0.63204375 0.568359375 0.6281234375 0.53515625 0.624203125 0.4951171875 0.620284375 0.46484375 0.62224375 0.431640625 0.624203125 0.3955078125 0.62224375 0.3671875 0.6055859375 0.3828125 0.6011765625 0.4267578125 0.5952968750000001 0.46875 0.59480625 0.505859375 0.5903968749999999 0.541015625 0.5899062500000001 0.5693359375 0.5938265625 0.5966796875 0.610484375 0.6064453125 0.6246937499999999 0.599609375
30 0.5903968749999999 0.591796875 0.59235625 0.560546875 0.5899062500000001 0.525390625 0.5850078125 0.498046875 0.5850078125 0.4716796875 0.5825578124999999 0.439453125 0.5835375 0.4033203125 0.56981875 0.3984375 0.5683484375 0.4384765625 0.5619796874999999 0.4814453125 0.5570796875 0.5185546875 0.5526703125 0.55078125 0.5502203125 0.576171875 0.5629593749999999 0.5947265625 0.5796171875 0.607421875 0.5903968749999999 0.591796875
31 0.1817734375 0.458984375 0.198921875 0.4345703125 0.21215156249999997 0.4052734375 0.22195 0.3759765625 0.2302796875 0.34765625 0.240078125 0.3173828125 0.23958906249999998 0.296875 0.21362031250000002 0.3134765625 0.1891234375 0.30859375 0.16903437500000001 0.3193359375 0.15188593749999998 0.3525390625 0.15335625 0.390625 0.1709953125 0.4052734375 0.17344375 0.4384765625 0.1817734375 0.458984375
22 0.5360125 0.6044921875 0.5526703125 0.59375 0.5546296875000001 0.5615234375 0.5541406249999999 0.5302734375 0.5507109375 0.490234375 0.5482609375 0.4560546875 0.5482609375 0.421875 0.551690625 0.3828125 0.5213125 0.3876953125 0.514453125 0.4306640625 0.51249375 0.474609375 0.508575 0.5078125 0.5071046875 0.5380859375 0.505634375 0.5615234375 0.5041640625 0.591796875 0.5198437499999999 0.5966796875 0.5360125 0.6044921875
21 0.491915625 0.59375 0.505634375 0.58984375 0.506125 0.541015625 0.5041640625 0.4970703125 0.506125 0.45703125 0.505634375 0.4189453125 0.501715625 0.388671875 0.4977953125 0.35546875 0.4728078125 0.3779296875 0.4723171875 0.4189453125 0.4683984375 0.4599609375 0.4639875 0.4921875 0.45859843749999996 0.52734375 0.4561484375 0.56640625 0.46202812499999996 0.59375 0.4767265625 0.5947265625 0.491915625 0.59375
20 0.45565937500000003 0.5693359375 0.45859843749999996 0.5380859375 0.45761874999999996 0.5048828125 0.45222968750000003 0.466796875 0.4517390625 0.4345703125 0.44977968749999997 0.408203125 0.45565937500000003 0.375 0.43899999999999995 0.3759765625 0.4341015625 0.4130859375 0.42381250000000004 0.443359375 0.42381250000000004 0.4814453125 0.4198921875 0.517578125 0.4179328125 0.55078125 0.42528125 0.5693359375 0.439490625 0.5732421875 0.45565937500000003 0.5693359375
19 0.41548281249999997 0.5634765625 0.42136250000000003 0.541015625 0.4198921875 0.5029296875 0.4174421875 0.466796875 0.4140125 0.4287109375 0.4125421875 0.3974609375 0.41156249999999994 0.365234375 0.3949046875 0.357421875 0.393434375 0.3935546875 0.3919640625 0.4267578125 0.3860859375 0.4716796875 0.3806953125 0.501953125 0.37530625 0.5478515625 0.3855953125 0.5693359375 0.39882343750000004 0.5732421875 0.41548281249999997 0.5634765625
18 0.3904953125 0.53125 0.389515625 0.4970703125 0.382165625 0.4716796875 0.3806953125 0.431640625 0.37922656250000003 0.3974609375 0.3767765625 0.373046875 0.3782453125 0.3447265625 0.3591375 0.3505859375 0.354728125 0.3974609375 0.3512984375 0.44140625 0.347378125 0.4765625 0.3424796875 0.517578125 0.34492968749999997 0.5556640625 0.3586484375 0.56640625 0.37775625 0.548828125 0.3904953125 0.53125
17 0.3463984375 0.5361328125 0.354728125 0.5146484375 0.3537484375 0.4765625 0.35031875 0.439453125 0.349828125 0.40625 0.3537484375 0.3759765625 0.354728125 0.3505859375 0.327290625 0.3427734375 0.32092187499999997 0.390625 0.3145515625 0.42578125 0.3125921875 0.4599609375 0.3042625 0.4921875 0.3076921875 0.52734375 0.327290625 0.533203125 0.3370890625 0.5224609375 0.3463984375 0.5361328125