31 0.2744140625 0.7790296875 0.2919921875 0.77168125 0.326171875 0.7726609375 0.330078125 0.7599218750000001 0.3388671875 0.7457125 0.3173828125 0.7359140625 0.2939453125 0.730525 0.26171875 0.7315046875 0.240234375 0.7457125 0.236328125 0.7555125 0.2490234375 0.77168125 0.2744140625 0.7790296875
2 0.4970703125 0.743753125 0.4736328125 0.73934375 0.4453125 0.7383640625 0.4267578125 0.734934375 0.392578125 0.72954375 0.3662109375 0.723175 0.3408203125 0.718765625 0.32421875 0.7285640625 0.3388671875 0.7413031250000001 0.353515625 0.7545328125 0.376953125 0.757471875 0.3984375 0.76188125 0.416015625 0.7756000000000001 0.4287109375 0.7854 0.4580078125 0.7888296875 0.48828125 0.7854 0.490234375 0.7726609375 0.5078125 0.766290625 0.515625 0.7520828125000001 0.4970703125 0.743753125
13 0.4775390625 0.7383640625 0.509765625 0.7403234375000001 0.53125 0.7359140625 0.53125 0.7221953125 0.5478515625 0.711415625 0.5478515625 0.697696875 0.53125 0.6898578125 0.5009765625 0.6878984375 0.4814453125 0.6878984375 0.4501953125 0.6878984375 0.4287109375 0.68691875 0.4033203125 0.6849578125 0.3818359375 0.6834890625 0.3623046875 0.688878125 0.353515625 0.697696875 0.376953125 0.7040671875 0.4052734375 0.711415625 0.4375 0.7212156249999999 0.4541015625 0.7266046875 0.4775390625 0.7383640625
17 0.53515625 0.6923078125 0.5546875 0.6923078125 0.5625 0.6825078125 0.5712890625 0.667809375 0.5625 0.65703125 0.5390625 0.6536015625 0.509765625 0.65458125 0.4794921875 0.652621875 0.4521484375 0.6482109375 0.416015625 0.6438015625 0.3876953125 0.6438015625 0.3623046875 0.6438015625 0.3603515625 0.65458125 0.3818359375 0.665359375 0.416015625 0.667809375 0.447265625 0.6727093749999999 0.484375 0.6795687499999999 0.509765625 0.6859375 0.53515625 0.6923078125
18 0.5927734375 0.6344921875 0.58203125 0.6217546875 0.556640625 0.618325 0.529296875 0.620284375 0.4990234375 0.6217546875 0.462890625 0.6217546875 0.4326171875 0.618325 0.3984375 0.612934375 0.373046875 0.6148953125000001 0.373046875 0.6310625 0.4033203125 0.6374328125 0.447265625 0.6408625 0.4814453125 0.6438015625 0.515625 0.6452718749999999 0.5390625 0.6506609375 0.560546875 0.65703125 0.58203125 0.65458125 0.599609375 0.6438015625 0.5927734375 0.6344921875
19 0.5546875 0.6148953125000001 0.580078125 0.620284375 0.6103515625 0.6163640625 0.6181640625 0.60215625 0.603515625 0.5894171874999999 0.5869140625 0.5820671875000001 0.556640625 0.5820671875000001 0.537109375 0.5850078125 0.5048828125 0.5820671875000001 0.470703125 0.5859875 0.439453125 0.5859875 0.4091796875 0.584028125 0.3837890625 0.5859875 0.375 0.6011765625 0.4072265625 0.6011765625 0.439453125 0.608525 0.486328125 0.612934375 0.5263671875 0.6148953125000001 0.5546875 0.6148953125000001
20 0.5009765625 0.5521796875 0.46875 0.5521796875 0.439453125 0.5507109375 0.4111328125 0.5551203124999999 0.4091796875 0.5688390625 0.439453125 0.5756984375 0.4775390625 0.57226875 0.5185546875 0.57226875 0.5478515625 0.5776578125 0.580078125 0.5796171875 0.6123046875 0.5810875 0.630859375 0.567859375 0.62890625 0.5531609375000001 0.6162109375 0.54238125 0.5908203125 0.5453203125 0.55859375 0.5467906250000001 0.5244140625 0.54973125 0.5009765625 0.5521796875
21 0.623046875 0.5414015625 0.6416015625 0.5350312500000001 0.6416015625 0.524253125 0.6416015625 0.51004375 0.6337890625 0.498284375 0.5927734375 0.498284375 0.5693359375 0.501715625 0.5478515625 0.501715625 0.5224609375 0.5026953125 0.490234375 0.5026953125 0.4521484375 0.5026953125 0.4306640625 0.49730468749999995 0.4033203125 0.5007343750000001 0.400390625 0.515434375 0.423828125 0.521803125 0.447265625 0.5271921875000001 0.4736328125 0.5296421875 0.4990234375 0.5335625 0.53515625 0.5360125 0.5673828125 0.53993125 0.5927734375 0.5414015625 0.623046875 0.5414015625
22 0.64453125 0.49387499999999995 0.6484375 0.47819687499999997 0.64453125 0.4630078125 0.6201171875 0.45222968750000003 0.5908203125 0.45565937500000003 0.5673828125 0.46202812499999996 0.53515625 0.4610484375 0.515625 0.46006875 0.484375 0.46006875 0.44140625 0.46006875 0.4072265625 0.45859843749999996 0.392578125 0.47035781249999997 0.4072265625 0.4835859375 0.4375 0.4821171875 0.46875 0.48652656250000004 0.4921875 0.48652656250000004 0.533203125 0.491915625 0.560546875 0.491915625 0.583984375 0.496325 0.623046875 0.496325 0.64453125 0.49387499999999995
30 0.6396484375 0.4360609375 0.6337890625 0.4243015625 0.607421875 0.4179328125 0.5888671875 0.415971875 0.5673828125 0.42332187499999996 0.53125 0.42332187499999996 0.4921875 0.425771875 0.466796875 0.42675156249999996 0.4453125 0.42675156249999996 0.419921875 0.42773125 0.439453125 0.4404703125 0.4794921875 0.4439 0.5078125 0.4448796875 0.5439453125 0.4492890625 0.5673828125 0.44782031250000004 0.5966796875 0.45222968750000003 0.625 0.44782031250000004 0.6396484375 0.4360609375
29 0.625 0.391475 0.60546875 0.387065625 0.58203125 0.37530625 0.552734375 0.38265625000000003 0.513671875 0.38265625000000003 0.4794921875 0.38510468750000004 0.4560546875 0.387065625 0.4306640625 0.391475 0.396484375 0.3924546875 0.373046875 0.3924546875 0.349609375 0.39882343750000004 0.373046875 0.40715312499999995 0.3984375 0.41058281250000006 0.44140625 0.4140125 0.486328125 0.4140125 0.53125 0.4125421875 0.55859375 0.4125421875 0.5869140625 0.415971875 0.6142578125 0.402253125 0.625 0.391475
23 0.5888671875 0.3581578125 0.578125 0.3463984375 0.560546875 0.34541875 0.53515625 0.3493390625 0.513671875 0.354728125 0.484375 0.354728125 0.4501953125 0.3581578125 0.423828125 0.3625671875 0.392578125 0.36893750000000003 0.35546875 0.37530625 0.3798828125 0.38265625000000003 0.421875 0.3806953125 0.4580078125 0.37530625 0.4921875 0.37530625 0.5224609375 0.379715625 0.55859375 0.3782453125 0.580078125 0.3699171875 0.5888671875 0.3581578125
24 0.5625 0.3258203125 0.552734375 0.3140625 0.537109375 0.3101421875 0.509765625 0.31651093750000003 0.4794921875 0.32043125 0.4453125 0.32925 0.4091796875 0.332190625 0.375 0.3400296875 0.35546875 0.3508078125 0.3837890625 0.3601171875 0.421875 0.3561984375 0.46484375 0.3561984375 0.490234375 0.3537484375 0.5185546875 0.3537484375 0.537109375 0.34541875 0.5625 0.33904999999999996 0.5625 0.3258203125
25 0.5263671875 0.284175 0.5224609375 0.2714359375 0.509765625 0.262615625 0.4814453125 0.2660453125 0.4453125 0.272415625 0.421875 0.276825 0.3857421875 0.28319375 0.37109375 0.2939734375 0.37109375 0.30867187500000004 0.376953125 0.3194515625 0.419921875 0.31651093750000003 0.466796875 0.3150421875 0.4951171875 0.31749218749999997 0.5205078125 0.3140625 0.5419921875 0.3076921875 0.5439453125 0.2959328125 0.5263671875 0.284175
26 0.380859375 0.27339531250000004 0.423828125 0.272415625 0.4453125 0.26800625 0.4755859375 0.26506562499999997 0.4970703125 0.2572265625 0.5078125 0.24693749999999998 0.4814453125 0.236159375 0.4736328125 0.22195 0.443359375 0.2209703125 0.4052734375 0.2371390625 0.3818359375 0.24889687500000002 0.369140625 0.26065625 0.380859375 0.27339531250000004
27 0.279296875 0.2234203125 0.263671875 0.236159375 0.2470703125 0.24693749999999998 0.25390625 0.2572265625 0.2744140625 0.2670265625 0.302734375 0.26506562499999997 0.32421875 0.258696875 0.34765625 0.24889687500000002 0.349609375 0.2371390625 0.3369140625 0.22831875 0.3154296875 0.22195 0.298828125 0.21802968749999999 0.279296875 0.2234203125
28 0.564453125 0.1773640625 0.544921875 0.17834375 0.515625 0.185203125 0.501953125 0.19696249999999998 0.50390625 0.208721875 0.5234375 0.21558125 0.54296875 0.221459375 0.560546875 0.22587031249999998 0.599609375 0.222440625 0.6171875 0.2097015625 0.6171875 0.1959828125 0.60546875 0.18814375 0.583984375 0.181284375 0.564453125 0.1773640625
0 0.6015625 0.2797640625 0.6240234375 0.2738859375 0.6376953125 0.2660453125 0.6494140625 0.2572265625 0.6611328125 0.24742812500000003 0.6884765625 0.23958906249999998 0.7177734375 0.23370937500000002 0.7138671875 0.222440625 0.6865234375 0.22685 0.6533203125 0.2297890625 0.6357421875 0.22782968750000002 0.6513671875 0.217540625 0.6669921875 0.207740625 0.6591796875 0.1999015625 0.6396484375 0.1999015625 0.6220703125 0.208721875 0.60546875 0.2204796875 0.57421875 0.22488906250000001 0.544921875 0.23076875000000002 0.533203125 0.24448750000000002 0.552734375 0.2542875 0.568359375 0.2640859375 0.576171875 0.2778046875 0.6015625 0.2797640625
1 0.6396484375 0.33610937500000004 0.6552734375 0.33022968750000004 0.6728515625 0.32239062500000004 0.6962890625 0.31553125 0.7255859375 0.30867187500000004 0.7451171875 0.304753125 0.767578125 0.29789374999999996 0.7890625 0.288584375 0.798828125 0.276825 0.77734375 0.2778046875 0.7626953125 0.28564375000000003 0.7392578125 0.292503125 0.7080078125 0.2969125 0.6806640625 0.2934828125 0.6826171875 0.283684375 0.7041015625 0.27290468749999997 0.7294921875 0.26310625 0.7373046875 0.25036718750000003 0.7197265625 0.2552671875 0.6943359375 0.2621265625 0.6767578125 0.269965625 0.6552734375 0.276825 0.6318359375 0.281725 0.60546875 0.2827046875 0.57421875 0.2876046875 0.580078125 0.2969125 0.58984375 0.3096515625 0.59375 0.318471875 0.59765625 0.33121093749999997 0.61328125 0.3400296875 0.6396484375 0.33610937500000004
3 0.6396484375 0.33610937500000004 0.611328125 0.34296875 0.61328125 0.3566875 0.61328125 0.3674671875 0.6259765625 0.374815625 0.6474609375 0.3738359375 0.6630859375 0.368446875 0.6826171875 0.36060781249999996 0.7099609375 0.3537484375 0.7392578125 0.34492968749999997 0.775390625 0.3331703125 0.80859375 0.318471875 0.818359375 0.3057328125 0.787109375 0.3106328125 0.7568359375 0.318471875 0.7236328125 0.32239062500000004 0.6943359375 0.327290625 0.6669921875 0.3331703125 0.6396484375 0.33610937500000004
4 0.6748046875 0.37138593750000004 0.6494140625 0.37285625 0.6357421875 0.38363593749999997 0.6357421875 0.39735468749999997 0.6572265625 0.4061734375 0.6748046875 0.4081328125 0.6904296875 0.40029375 0.7236328125 0.3904953125 0.7626953125 0.384615625 0.798828125 0.37775625 0.82421875 0.37138593750000004 0.83984375 0.36060781249999996 0.837890625 0.3488484375 0.80859375 0.3566875 0.78515625 0.363546875 0.7587890625 0.36648749999999997 0.7275390625 0.3674671875 0.7060546875 0.37040625 0.6748046875 0.37138593750000004
5 0.7578125 0.400784375 0.736328125 0.4017640625 0.716796875 0.40519375 0.68359375 0.40519375 0.6630859375 0.41107343749999997 0.6533203125 0.42136250000000003 0.6455078125 0.430671875 0.6630859375 0.44242968749999995 0.68359375 0.4448796875 0.6982421875 0.4439 0.7138671875 0.4404703125 0.7373046875 0.43655 0.7685546875 0.4292015625 0.794921875 0.4243015625 0.822265625 0.41891249999999997 0.8408203125 0.409603125 0.8642578125 0.3993140625 0.8818359375 0.3831453125 0.857421875 0.3831453125 0.8369140625 0.388534375 0.8193359375 0.39294531250000003 0.7890625 0.39637500000000003 0.7578125 0.400784375
6 0.68359375 0.4448796875 0.6650390625 0.44977968749999997 0.66015625 0.45859843749999996 0.66015625 0.4659484375 0.662109375 0.47182812500000004 0.6796875 0.4737875 0.6923828125 0.47329687500000006 0.71875 0.47035781249999997 0.7431640625 0.4659484375 0.7744140625 0.46202812499999996 0.8046875 0.4605578125 0.8193359375 0.45271875 0.828125 0.4439 0.8056640625 0.441940625 0.7783203125 0.4453703125 0.7568359375 0.4453703125 0.736328125 0.4453703125 0.712890625 0.4448796875 0.68359375 0.4448796875
7 0.66796875 0.49240625 0.6689453125 0.498284375 0.6748046875 0.5046546875 0.7041015625 0.5026953125 0.71875 0.5002453124999999 0.748046875 0.4953453125 0.7685546875 0.49240625 0.7890625 0.485546875 0.7978515625 0.47770625000000005 0.7802734375 0.4747671875 0.7490234375 0.4767265625 0.7216796875 0.47770625000000005 0.7041015625 0.4762375 0.685546875 0.4762375 0.66796875 0.4762375 0.66796875 0.4835859375 0.66796875 0.49240625
8 0.66796875 0.52229375 0.677734375 0.5316015625 0.701171875 0.5325828125000001 0.71875 0.5296421875 0.7421875 0.5252328125 0.765625 0.5252328125 0.7861328125 0.5208234375 0.794921875 0.5120046874999999 0.7919921875 0.5026953125 0.7685546875 0.501715625 0.7490234375 0.506125 0.7197265625 0.5080843749999999 0.6865234375 0.506125 0.6689453125 0.505634375 0.66796875 0.51494375 0.66796875 0.52229375
9 0.673828125 0.5502203125 0.6796875 0.5590390625 0.6943359375 0.5639390625 0.71875 0.5614890625 0.7373046875 0.5600203125000001 0.7578125 0.5600203125000001 0.78125 0.558059375 0.8046875 0.55365 0.8046875 0.5458109375 0.7861328125 0.5414015625 0.759765625 0.5389515625 0.7373046875 0.5389515625 0.7158203125 0.5360125 0.6884765625 0.5340515625 0.673828125 0.53993125 0.673828125 0.5502203125
10 0.712890625 0.56736875 0.68359375 0.56736875 0.666015625 0.574228125 0.662109375 0.5835375 0.6630859375 0.59235625 0.677734375 0.597746875 0.6943359375 0.6026453125 0.71875 0.6026453125 0.7333984375 0.6026453125 0.76953125 0.6050953125 0.794921875 0.606565625 0.8251953125 0.6095046875000001 0.85546875 0.6095046875000001 0.88671875 0.603625 0.87890625 0.59235625 0.8515625 0.5864765625 0.8291015625 0.5845171875 0.8017578125 0.5805984375000001 0.7626953125 0.5732484375 0.736328125 0.5712890625 0.712890625 0.56736875
11 0.7158203125 0.6095046875000001 0.6943359375 0.6050953125 0.673828125 0.6006859375 0.6513671875 0.6070546875 0.64453125 0.6144046875 0.6416015625 0.620284375 0.6474609375 0.6281234375 0.666015625 0.634003125 0.69921875 0.6349828125 0.71875 0.6354734375 0.751953125 0.6354734375 0.77734375 0.6349828125 0.8056640625 0.6369421875 0.822265625 0.6511515625000001 0.8466796875 0.6467421875 0.845703125 0.6369421875 0.833984375 0.6237140625 0.8203125 0.6173437500000001 0.79296875 0.6148953125000001 0.7685546875 0.613425 0.7392578125 0.6095046875000001 0.7158203125 0.6095046875000001
12 0.689453125 0.6413515624999999 0.6748046875 0.6369421875 0.654296875 0.63204375 0.6328125 0.6310625 0.625 0.6384125 0.6298828125 0.6467421875 0.62109375 0.654090625 0.6240234375 0.6619296875 0.6298828125 0.6712390625 0.6611328125 0.6697703125000001 0.685546875 0.6736890625 0.7041015625 0.6766296875 0.7392578125 0.6810390625 0.7744140625 0.6874078124999999 0.8046875 0.691328125 0.8310546875 0.6957375 0.845703125 0.6898578125 0.8369140625 0.6825078125 0.8173828125 0.6741796875 0.794921875 0.67075 0.7685546875 0.663890625 0.736328125 0.654090625 0.70703125 0.6487015625 0.689453125 0.6413515624999999
14 0.615234375 0.7285640625 0.63671875 0.7285640625 0.65625 0.7290546875 0.6748046875 0.7315046875 0.697265625 0.738853125 0.7158203125 0.743753125 0.7451171875 0.752571875 0.763671875 0.7609015625 0.775390625 0.7555125 0.765625 0.746203125 0.74609375 0.7359140625 0.724609375 0.7261140625 0.705078125 0.71680625 0.6953125 0.70945625 0.7216796875 0.70945625 0.7451171875 0.7128859375000001 0.765625 0.718275 0.7861328125 0.7212156249999999 0.802734375 0.7261140625 0.81640625 0.734934375 0.8291015625 0.7329734375 0.8232421875 0.7246453125000001 0.814453125 0.7172953125 0.802734375 0.7104359375 0.7841796875 0.7011265625 0.759765625 0.6947578125 0.7333984375 0.691328125 0.6982421875 0.6883874999999999 0.677734375 0.6829984375 0.6572265625 0.6736890625 0.642578125 0.67075 0.626953125 0.6683 0.61328125 0.663890625 0.607421875 0.6712390625 0.6015625 0.680059375 0.603515625 0.6903484375 0.603515625 0.6986765625 0.5908203125 0.7060265625000001 0.5849609375 0.7138656250000001 0.5966796875 0.7217046875 0.615234375 0.7285640625
15 0.546875 0.7760906249999999 0.556640625 0.780009375 0.57421875 0.778540625 0.59765625 0.778540625 0.6123046875 0.7809890625 0.6240234375 0.7883390625 0.6279296875 0.8000984375 0.6337890625 0.8069578125 0.6484375 0.812346875 0.6640625 0.8162671874999999 0.681640625 0.8162671874999999 0.685546875 0.8103875 0.67578125 0.804996875 0.6630859375 0.796178125 0.6513671875 0.7878484375 0.64453125 0.780009375 0.6435546875 0.773640625 0.6611328125 0.7765796875000001 0.6748046875 0.7790296875 0.6923828125 0.784909375 0.7060546875 0.7927484375 0.7216796875 0.79421875 0.734375 0.79421875 0.7392578125 0.7858890625 0.73046875 0.77805 0.71875 0.771190625 0.7060546875 0.76678125 0.68359375 0.7599218750000001 0.6611328125 0.7545328125 0.64453125 0.7457125 0.6298828125 0.7339546875 0.609375 0.72954375 0.5927734375 0.72954375 0.572265625 0.7329734375 0.564453125 0.7408140624999999 0.556640625 0.7481625000000001 0.5458984375 0.7545328125 0.5458984375 0.75943125 0.537109375 0.7628609375 0.537109375 0.7682515624999999 0.546875 0.7760906249999999
16 0.6220703125 0.8206765624999999 0.630859375 0.8005875 0.6162109375 0.78295 0.587890625 0.7790296875 0.5595703125 0.782459375 0.5283203125 0.796178125 0.517578125 0.8162671874999999 0.54296875 0.8290046875 0.5859375 0.8319453125 0.6220703125 0.8206765624999999