31 0.2072515625 0.611328125 0.21313125 0.662109375 0.22587031249999998 0.681640625 0.24154843750000002 0.693359375 0.2552671875 0.703125 0.2670265625 0.7177734375 0.286134375 0.7373046875 0.2802546875 0.701171875 0.27535468750000003 0.677734375 0.26800625 0.658203125 0.25820625 0.6328125 0.25036718750000003 0.599609375 0.24056875 0.580078125 0.22488906250000001 0.580078125 0.21999062500000002 0.603515625 0.2072515625 0.611328125
2 0.24252812499999998 0.572265625 0.25134687499999997 0.59375 0.26310625 0.611328125 0.27045625 0.634765625 0.2782953125 0.666015625 0.286134375 0.701171875 0.2969125 0.7373046875 0.3018125 0.7099609375 0.3008328125 0.673828125 0.2969125 0.623046875 0.29005312499999997 0.587890625 0.28809375 0.5556640625 0.2802546875 0.5205078125 0.26506562499999997 0.5283203125 0.25036718750000003 0.5419921875 0.24252812499999998 0.572265625
13 0.3106328125 0.5009765625 0.2969125 0.5087890625 0.288584375 0.525390625 0.2871140625 0.5498046875 0.2959328125 0.587890625 0.3008328125 0.615234375 0.3067125 0.658203125 0.3076921875 0.703125 0.3263109375 0.6796875 0.3380703125 0.65234375 0.33610937500000004 0.599609375 0.33610937500000004 0.56640625 0.3395390625 0.515625 0.32925 0.4970703125 0.3106328125 0.5009765625
17 0.3601171875 0.638671875 0.3650171875 0.677734375 0.3738359375 0.685546875 0.375796875 0.65234375 0.374815625 0.615234375 0.37285625 0.578125 0.370896875 0.5419921875 0.370896875 0.5126953125 0.3650171875 0.4873046875 0.35031875 0.4736328125 0.3370890625 0.4892578125 0.33415 0.513671875 0.34296875 0.5419921875 0.3493390625 0.5625 0.3542375 0.599609375 0.3601171875 0.638671875
18 0.384615625 0.681640625 0.3924546875 0.654296875 0.39637500000000003 0.62109375 0.402253125 0.576171875 0.402253125 0.5380859375 0.40029375 0.5087890625 0.39637500000000003 0.4892578125 0.3924546875 0.4716796875 0.3767765625 0.4619140625 0.3650171875 0.4794921875 0.3699171875 0.5107421875 0.379715625 0.5556640625 0.375796875 0.59375 0.37775625 0.646484375 0.384615625 0.681640625
19 0.41842187500000005 0.7099609375 0.42822187500000003 0.6640625 0.432140625 0.60546875 0.4292015625 0.5625 0.42528125 0.5263671875 0.4272421875 0.4892578125 0.42332187499999996 0.4521484375 0.4130328125 0.4326171875 0.40029375 0.4345703125 0.393434375 0.4501953125 0.3924546875 0.4658203125 0.393434375 0.484375 0.39539375 0.50390625 0.4042140625 0.5302734375 0.4061734375 0.56640625 0.4081328125 0.58984375 0.41009375 0.6171875 0.4140125 0.650390625 0.4140125 0.689453125 0.41842187500000005 0.7099609375
20 0.4605578125 0.615234375 0.45859843749999996 0.57421875 0.45859843749999996 0.5361328125 0.4566390625 0.5126953125 0.459578125 0.4775390625 0.4566390625 0.4462890625 0.45271875 0.4287109375 0.441940625 0.4248046875 0.4331203125 0.4287109375 0.42528125 0.4462890625 0.4292015625 0.4833984375 0.4341015625 0.5146484375 0.4360609375 0.5458984375 0.437040625 0.572265625 0.44292031249999997 0.603515625 0.44782031250000004 0.634765625 0.45565937500000003 0.65625 0.4605578125 0.615234375
21 0.4683984375 0.58203125 0.47035781249999997 0.6171875 0.47525781250000004 0.654296875 0.48309687500000004 0.66796875 0.487015625 0.63671875 0.48995625 0.609375 0.49240625 0.58203125 0.4953453125 0.5458984375 0.49240625 0.5087890625 0.49730468749999995 0.4794921875 0.503184375 0.4501953125 0.503184375 0.4248046875 0.49093593750000003 0.4169921875 0.47525781250000004 0.4169921875 0.459578125 0.4384765625 0.4605578125 0.4794921875 0.4683984375 0.5009765625 0.4683984375 0.5263671875 0.46545781249999996 0.5498046875 0.4683984375 0.58203125
22 0.49926562499999994 0.59375 0.5002453124999999 0.626953125 0.506125 0.64453125 0.5159234374999999 0.66015625 0.5257234375000001 0.642578125 0.5286625 0.61328125 0.5286625 0.58984375 0.5316015625 0.5703125 0.5355218749999999 0.5400390625 0.5365015625 0.5087890625 0.5433609374999999 0.4697265625 0.544340625 0.4365234375 0.5345421875 0.4150390625 0.521803125 0.4150390625 0.5090640625 0.4287109375 0.5022046875 0.4677734375 0.5071046875 0.4970703125 0.5080843749999999 0.5302734375 0.5041640625 0.5576171875 0.49926562499999994 0.59375
30 0.5267031249999999 0.654296875 0.5325828125000001 0.669921875 0.5414015625 0.6640625 0.5511999999999999 0.638671875 0.558059375 0.603515625 0.5619796874999999 0.568359375 0.5668796875 0.5478515625 0.5683484375 0.5205078125 0.5761875 0.4931640625 0.5761875 0.4677734375 0.5761875 0.4462890625 0.5658984375 0.4248046875 0.5511999999999999 0.4365234375 0.5453203125 0.4599609375 0.5453203125 0.4912109375 0.5463015625 0.5185546875 0.54238125 0.5419921875 0.5384609375 0.560546875 0.5345421875 0.587890625 0.530621875 0.619140625 0.5267031249999999 0.654296875
29 0.601665625 0.697265625 0.6006859375 0.6484375 0.6006859375 0.61328125 0.6006859375 0.58203125 0.6026453125 0.5478515625 0.606565625 0.5107421875 0.6124453125 0.4833984375 0.610484375 0.4541015625 0.59480625 0.4306640625 0.579128125 0.4541015625 0.574228125 0.4794921875 0.5756984375 0.50390625 0.5781484375 0.5263671875 0.5761875 0.57421875 0.579128125 0.626953125 0.583046875 0.6640625 0.5938265625 0.7080078125 0.601665625 0.697265625
23 0.634003125 0.4619140625 0.615384375 0.4736328125 0.601665625 0.4853515625 0.6001953125 0.52734375 0.6026453125 0.5576171875 0.6026453125 0.587890625 0.6026453125 0.623046875 0.6026453125 0.658203125 0.6055859375 0.6875 0.6163640625 0.69140625 0.629103125 0.650390625 0.6330234375 0.59765625 0.6349828125 0.5537109375 0.6423328125000001 0.4990234375 0.6423328125000001 0.4775390625 0.634003125 0.4619140625
24 0.624203125 0.669921875 0.62224375 0.697265625 0.629103125 0.7119140625 0.6398828125 0.703125 0.6491921875 0.673828125 0.6599703124999999 0.6171875 0.663890625 0.5859375 0.667809375 0.5478515625 0.6756484375 0.5185546875 0.667809375 0.4853515625 0.6521312499999999 0.4912109375 0.634003125 0.4990234375 0.6325328125 0.52734375 0.6344921875 0.5625 0.6359625 0.599609375 0.63204375 0.640625 0.624203125 0.669921875
26 0.7128859375000001 0.615234375 0.716315625 0.587890625 0.723175 0.5498046875 0.7192546875 0.51953125 0.7050468750000001 0.5166015625 0.6923078125 0.5107421875 0.6736890625 0.5263671875 0.6727093749999999 0.5498046875 0.6766296875 0.572265625 0.6825078125 0.599609375 0.6834890625 0.634765625 0.6883874999999999 0.666015625 0.695246875 0.693359375 0.7050468750000001 0.7177734375 0.7148453124999999 0.7314453125 0.725134375 0.7177734375 0.7212156249999999 0.6796875 0.7192546875 0.64453125 0.7128859375000001 0.615234375
27 0.7613921875 0.5537109375 0.7476734375 0.5595703125 0.7427734375 0.5380859375 0.728075 0.5478515625 0.7192546875 0.568359375 0.723175 0.5859375 0.723175 0.62109375 0.7270953125 0.666015625 0.7290546875 0.693359375 0.73689375 0.7236328125 0.7476734375 0.7353515625 0.7496328125 0.7080078125 0.7535515625 0.671875 0.7555125 0.642578125 0.7633515625 0.619140625 0.7702109375 0.59375 0.7702109375 0.5703125 0.7613921875 0.5537109375
28 0.8432140625000001 0.37109375 0.8363546875000001 0.349609375 0.82165625 0.345703125 0.79911875 0.35546875 0.7770703125 0.388671875 0.7633515625 0.404296875 0.76433125 0.4248046875 0.7741296875 0.4482421875 0.784909375 0.4755859375 0.7951984375000001 0.4951171875 0.81185625 0.4755859375 0.8138171875 0.4501953125 0.82165625 0.4208984375 0.837334375 0.3984375 0.8432140625000001 0.37109375
0 0.7202359375 0.4150390625 0.7030875 0.4345703125 0.7040671875 0.4560546875 0.7109265625 0.4755859375 0.7270953125 0.4794921875 0.73689375 0.4931640625 0.7476734375 0.5009765625 0.7584515625 0.4755859375 0.75943125 0.4462890625 0.7613921875 0.4130859375 0.76923125 0.388671875 0.7839296874999999 0.36328125 0.792259375 0.337890625 0.792259375 0.3125 0.78931875 0.28515625 0.7751109375 0.30078125 0.7613921875 0.32421875 0.7457125 0.34765625 0.73199375 0.37890625 0.7202359375 0.4150390625
1 0.7172953125 0.296875 0.7128859375000001 0.3203125 0.7050468750000001 0.333984375 0.6942671875 0.345703125 0.695246875 0.314453125 0.70210625 0.291015625 0.7109265625 0.265625 0.7202359375 0.2373046875 0.709946875 0.2353515625 0.6972078125000001 0.2587890625 0.6923078125 0.279296875 0.6834890625 0.3046875 0.6795687499999999 0.333984375 0.67466875 0.35546875 0.6687890624999999 0.373046875 0.6629109375 0.390625 0.65703125 0.408203125 0.6531109374999999 0.4345703125 0.6604609375 0.44921875 0.67466875 0.4453125 0.6825078125 0.4609375 0.7040671875 0.4580078125 0.70945625 0.4345703125 0.709946875 0.4150390625 0.7079859374999999 0.392578125 0.7153359375 0.361328125 0.7270953125 0.33203125 0.7359140625 0.2890625 0.7378734375 0.2568359375 0.7261140625 0.26953125 0.7172953125 0.296875
3 0.7030875 0.2041015625 0.68446875 0.2216796875 0.6736890625 0.2431640625 0.6599703124999999 0.27734375 0.6462515625 0.3125 0.638903125 0.34765625 0.62714375 0.369140625 0.61979375 0.408203125 0.6325328125 0.4267578125 0.6521312499999999 0.4169921875 0.6609499999999999 0.3984375 0.6619296875 0.365234375 0.66585 0.33203125 0.6697703125000001 0.310546875 0.6736890625 0.291015625 0.681528125 0.265625 0.6942671875 0.2373046875 0.7030875 0.2041015625
4 0.6070546875 0.4013671875 0.6232234375 0.3984375 0.6281234375 0.373046875 0.63204375 0.34765625 0.63204375 0.31640625 0.638903125 0.283203125 0.64723125 0.2548828125 0.6501718750000001 0.2255859375 0.6531109374999999 0.1826171875 0.6423328125000001 0.1923828125 0.6310625 0.2314453125 0.6212640625 0.26953125 0.6095046875000001 0.302734375 0.59970625 0.333984375 0.59235625 0.3623046875 0.5938265625 0.38671875 0.6070546875 0.4013671875
5 0.56736875 0.359375 0.5668796875 0.384765625 0.57716875 0.396484375 0.587946875 0.384765625 0.592846875 0.353515625 0.596765625 0.32421875 0.59480625 0.298828125 0.6026453125 0.2607421875 0.5987265625 0.2216796875 0.584028125 0.2255859375 0.57716875 0.2529296875 0.570309375 0.275390625 0.56491875 0.30078125 0.56491875 0.328125 0.56736875 0.359375
6 0.5683484375 0.37109375 0.56491875 0.34375 0.558059375 0.32421875 0.5570796875 0.30078125 0.5541406249999999 0.279296875 0.549240625 0.2490234375 0.5394421875 0.2236328125 0.5325828125000001 0.2451171875 0.5345421875 0.27734375 0.5394421875 0.310546875 0.5355218749999999 0.337890625 0.5365015625 0.359375 0.5394421875 0.3828125 0.5482609375 0.380859375 0.5600203125000001 0.380859375 0.5683484375 0.37109375
7 0.5286625 0.322265625 0.5257234375000001 0.3046875 0.521803125 0.271484375 0.516903125 0.2529296875 0.5090640625 0.2294921875 0.5022046875 0.2509765625 0.5041640625 0.287109375 0.506125 0.314453125 0.5080843749999999 0.33984375 0.51004375 0.3671875 0.51494375 0.388671875 0.5355218749999999 0.37890625 0.5335625 0.341796875 0.5286625 0.322265625
8 0.5041640625 0.359375 0.501225 0.33203125 0.498284375 0.30078125 0.4953453125 0.263671875 0.491915625 0.2373046875 0.47819687499999997 0.2158203125 0.4713375 0.2412109375 0.47525781250000004 0.265625 0.4772171875 0.294921875 0.48015625 0.337890625 0.48015625 0.365234375 0.48309687500000004 0.390625 0.4933859375 0.390625 0.5071046875 0.38671875 0.5041640625 0.359375
9 0.47819687499999997 0.361328125 0.4723171875 0.333984375 0.4674171875 0.310546875 0.4634984375 0.283203125 0.459578125 0.2451171875 0.45859843749999996 0.1962890625 0.44880000000000003 0.2138671875 0.4448796875 0.2373046875 0.4409609375 0.263671875 0.4448796875 0.3046875 0.44585937500000006 0.330078125 0.4439 0.357421875 0.44977968749999997 0.390625 0.46643749999999995 0.39453125 0.47427656249999994 0.380859375 0.47819687499999997 0.361328125
10 0.437040625 0.330078125 0.432140625 0.294921875 0.42626093750000005 0.2734375 0.42332187499999996 0.2470703125 0.41842187500000005 0.2158203125 0.415971875 0.1806640625 0.4042140625 0.1787109375 0.402253125 0.2197265625 0.403234375 0.2587890625 0.4042140625 0.302734375 0.4061734375 0.333984375 0.41107343749999997 0.365234375 0.4140125 0.388671875 0.42332187499999996 0.40625 0.4341015625 0.400390625 0.44292031249999997 0.388671875 0.441940625 0.36328125 0.437040625 0.330078125
11 0.3993140625 0.337890625 0.393434375 0.30859375 0.391475 0.2734375 0.38363593749999997 0.2490234375 0.3767765625 0.2314453125 0.370896875 0.2119140625 0.362078125 0.1884765625 0.3581578125 0.2119140625 0.361096875 0.2353515625 0.36893750000000003 0.271484375 0.3718765625 0.30859375 0.3738359375 0.33984375 0.37775625 0.373046875 0.3806953125 0.3984375 0.391475 0.41015625 0.4012734375 0.3984375 0.4091125 0.373046875 0.3993140625 0.337890625
12 0.365996875 0.34375 0.3601171875 0.310546875 0.352278125 0.279296875 0.34296875 0.2490234375 0.33415 0.2216796875 0.32043125 0.2119140625 0.32239062500000004 0.2431640625 0.332190625 0.27734375 0.3400296875 0.314453125 0.34296875 0.357421875 0.34296875 0.390625 0.352278125 0.41796875 0.3615875 0.4228515625 0.3723671875 0.427734375 0.3787359375 0.4169921875 0.379715625 0.390625 0.374815625 0.37109375 0.365996875 0.34375
14 0.3233703125 0.3203125 0.3145515625 0.294921875 0.30377343749999997 0.271484375 0.286134375 0.2490234375 0.286134375 0.267578125 0.2920140625 0.28515625 0.3018125 0.306640625 0.3067125 0.33203125 0.28809375 0.328125 0.2782953125 0.298828125 0.25918593749999996 0.26953125 0.2542875 0.28515625 0.26506562499999997 0.3125 0.2802546875 0.34375 0.2871140625 0.3671875 0.2920140625 0.392578125 0.2920140625 0.4228515625 0.2969125 0.4404296875 0.302303125 0.4560546875 0.3263109375 0.44921875 0.349828125 0.435546875 0.3512984375 0.41015625 0.341009375 0.38671875 0.3263109375 0.357421875 0.3233703125 0.3203125
15 0.27290468749999997 0.3974609375 0.26506562499999997 0.3740234375 0.25820625 0.353515625 0.25036718750000003 0.3310546875 0.2371390625 0.31640625 0.22831875 0.306640625 0.2190109375 0.30078125 0.21509062499999998 0.3134765625 0.208721875 0.3125 0.20333125000000002 0.31640625 0.2018625 0.328125 0.210190625 0.3486328125 0.2165609375 0.3642578125 0.22292968750000003 0.3779296875 0.22537968749999998 0.39453125 0.2327296875 0.3984375 0.23909843749999998 0.4140625 0.240078125 0.4306640625 0.24154843750000002 0.4453125 0.2439984375 0.4609375 0.244978125 0.478515625 0.2533078125 0.4951171875 0.26310625 0.4912109375 0.269965625 0.4853515625 0.278784375 0.474609375 0.2920140625 0.4638671875 0.2964234375 0.4482421875 0.2944640625 0.4326171875 0.286134375 0.41796875 0.27290468749999997 0.3974609375
16 0.16903437500000001 0.373046875 0.160215625 0.3818359375 0.1548265625 0.396484375 0.16070625 0.4189453125 0.164625 0.4326171875 0.171484375 0.4375 0.180303125 0.4482421875 0.1871625 0.46484375 0.1905921875 0.482421875 0.19647187500000002 0.4970703125 0.2072515625 0.5048828125 0.2160703125 0.5048828125 0.221459375 0.5 0.223909375 0.486328125 0.22685 0.4736328125 0.2302796875 0.462890625 0.2341984375 0.44921875 0.23566875 0.4345703125 0.23860781250000002 0.416015625 0.2327296875 0.404296875 0.222440625 0.3984375 0.21215156249999997 0.392578125 0.20137187499999998 0.38671875 0.192553125 0.3662109375 0.18275312500000002 0.3681640625 0.17638437499999998 0.3701171875 0.16903437500000001 0.373046875