31 0.515625 0.25379687500000003 0.53125 0.2640859375 0.580078125 0.274375 0.60546875 0.286134375 0.65234375 0.2983828125 0.693359375 0.311121875 0.71484375 0.302303125 0.7041015625 0.2876046875 0.673828125 0.272415625 0.64453125 0.2533078125 0.60546875 0.22685 0.580078125 0.21999062500000002 0.552734375 0.2297890625 0.5400390625 0.2327296875 0.517578125 0.23811875 0.515625 0.25379687500000003
2 0.6806640625 0.30867187500000004 0.6416015625 0.29936250000000003 0.5966796875 0.29054375 0.57421875 0.2807453125 0.5546875 0.2714359375 0.537109375 0.262615625 0.4951171875 0.26506562499999997 0.484375 0.276334375 0.46875 0.286134375 0.4736328125 0.302303125 0.509765625 0.3121015625 0.5439453125 0.31308125000000003 0.583984375 0.32043125 0.6103515625 0.3258203125 0.646484375 0.3258203125 0.671875 0.32925 0.69921875 0.33464062499999997 0.69921875 0.32043125 0.6806640625 0.30867187500000004
13 0.5908203125 0.3258203125 0.556640625 0.3194515625 0.53125 0.3145515625 0.5078125 0.3096515625 0.4814453125 0.304753125 0.4482421875 0.3150421875 0.4501953125 0.33464062499999997 0.447265625 0.3512984375 0.47265625 0.361096875 0.515625 0.357178125 0.5439453125 0.35276874999999996 0.58203125 0.3537484375 0.6123046875 0.35276874999999996 0.64453125 0.354728125 0.6611328125 0.34296875 0.6572265625 0.332190625 0.626953125 0.3282703125 0.5908203125 0.3258203125
18 0.5712890625 0.3900046875 0.537109375 0.38363593749999997 0.4990234375 0.3806953125 0.470703125 0.37432656249999996 0.44140625 0.370896875 0.416015625 0.377265625 0.4111328125 0.387065625 0.435546875 0.398334375 0.4189453125 0.4091125 0.4443359375 0.4198921875 0.484375 0.4198921875 0.572265625 0.4218515625 0.609375 0.41842187500000005 0.6162109375 0.4140125 0.6357421875 0.4086234375 0.6162109375 0.3998046875 0.5712890625 0.3900046875
19 0.5546875 0.4140125 0.5185546875 0.41156249999999994 0.482421875 0.4091125 0.4560546875 0.4061734375 0.4267578125 0.4042140625 0.4052734375 0.41156249999999994 0.39453125 0.42038281250000004 0.4306640625 0.43753125 0.4609375 0.4404703125 0.48828125 0.43753125 0.5263671875 0.4404703125 0.5654296875 0.44292031249999997 0.5966796875 0.44292031249999997 0.6201171875 0.44145 0.6123046875 0.4287109375 0.5869140625 0.4179328125 0.5546875 0.4140125
20 0.626953125 0.469378125 0.6142578125 0.45859843749999996 0.5888671875 0.45320937499999997 0.5498046875 0.45026875000000005 0.5244140625 0.44683906249999994 0.4873046875 0.44439062500000004 0.4521484375 0.4399796875 0.41796875 0.437040625 0.4033203125 0.44782031250000004 0.392578125 0.45859843749999996 0.400390625 0.47035781249999997 0.4267578125 0.47035781249999997 0.4501953125 0.47035781249999997 0.4814453125 0.46643749999999995 0.515625 0.47035781249999997 0.5390625 0.47035781249999997 0.5693359375 0.4737875 0.6103515625 0.47819687499999997 0.6357421875 0.4791765625 0.626953125 0.469378125
21 0.5966796875 0.4821171875 0.560546875 0.475746875 0.5244140625 0.475746875 0.490234375 0.475746875 0.462890625 0.4747671875 0.4287109375 0.469378125 0.396484375 0.4683984375 0.388671875 0.48848593749999997 0.392578125 0.5090640625 0.416015625 0.5080843749999999 0.4501953125 0.5071046875 0.48828125 0.5026953125 0.5244140625 0.5026953125 0.556640625 0.5046546875 0.5888671875 0.506125 0.6142578125 0.5071046875 0.6337890625 0.5026953125 0.6162109375 0.49387499999999995 0.5966796875 0.4821171875
22 0.5029296875 0.5080843749999999 0.4736328125 0.5110234375 0.44140625 0.5080843749999999 0.4111328125 0.5110234375 0.3896484375 0.5164140625 0.39453125 0.5369921875 0.4033203125 0.5477703125 0.4541015625 0.544340625 0.4794921875 0.537971875 0.5263671875 0.5335625 0.5654296875 0.5325828125000001 0.607421875 0.5316015625 0.6376953125 0.530621875 0.6376953125 0.51249375 0.5947265625 0.5110234375 0.5478515625 0.5080843749999999 0.5029296875 0.5080843749999999
30 0.6142578125 0.5477703125 0.6376953125 0.5414015625 0.6337890625 0.5325828125000001 0.5947265625 0.5316015625 0.556640625 0.5316015625 0.5263671875 0.5369921875 0.5029296875 0.5453203125 0.470703125 0.5433609374999999 0.4345703125 0.5453203125 0.400390625 0.5507109375 0.400390625 0.5668796875 0.4072265625 0.5786374999999999 0.4345703125 0.5810875 0.458984375 0.57471875 0.490234375 0.570309375 0.5205078125 0.5639390625 0.5439453125 0.560509375 0.583984375 0.5531609375000001 0.6142578125 0.5477703125
23 0.5751953125 0.5913765625 0.5458984375 0.5884375000000001 0.5166015625 0.5810875 0.490234375 0.569328125 0.4560546875 0.56981875 0.43359375 0.584028125 0.4375 0.6001953125 0.4580078125 0.6060749999999999 0.515625 0.606565625 0.5458984375 0.6075453125 0.578125 0.6099953124999999 0.6103515625 0.6119546875 0.6484375 0.6139140624999999 0.6376953125 0.6031359375 0.607421875 0.597746875 0.5751953125 0.5913765625
24 0.4326171875 0.59480625 0.419921875 0.6163640625 0.435546875 0.6359625 0.470703125 0.63204375 0.5078125 0.6300828125 0.552734375 0.6300828125 0.5908203125 0.6310625 0.654296875 0.63204375 0.6484375 0.6193046875 0.6142578125 0.6139140624999999 0.5673828125 0.612934375 0.4970703125 0.6055859375 0.4326171875 0.59480625
25 0.509765625 0.6780984375 0.5400390625 0.67075 0.580078125 0.6634 0.6123046875 0.6599703124999999 0.6396484375 0.6560515625 0.654296875 0.6462515625 0.6162109375 0.6408625 0.5654296875 0.6354734375 0.533203125 0.638903125 0.5048828125 0.6335124999999999 0.4755859375 0.629103125 0.443359375 0.6335124999999999 0.4345703125 0.6491921875 0.439453125 0.6624203125 0.447265625 0.6761390625 0.46484375 0.681528125 0.509765625 0.6780984375
26 0.5419921875 0.7177859375 0.5673828125 0.711415625 0.5966796875 0.7060265625000001 0.6396484375 0.6996578125 0.677734375 0.6923078125 0.6806640625 0.681528125 0.646484375 0.67711875 0.6162109375 0.675159375 0.5712890625 0.675159375 0.5263671875 0.6795687499999999 0.4833984375 0.6785890625000001 0.4609375 0.68691875 0.4521484375 0.7016171875 0.470703125 0.7138656250000001 0.4814453125 0.7241546875 0.509765625 0.725625 0.5419921875 0.7177859375
27 0.607421875 0.7133765624999999 0.53125 0.7212156249999999 0.4970703125 0.7285640625 0.490234375 0.7457125 0.51171875 0.7564921874999999 0.53515625 0.766290625 0.5693359375 0.766290625 0.6123046875 0.7520828125000001 0.6396484375 0.7447328125 0.6650390625 0.734934375 0.7080078125 0.7241546875 0.69921875 0.7148453124999999 0.6572265625 0.7128859375000001 0.607421875 0.7133765624999999
28 0.4287109375 0.780009375 0.4580078125 0.7746203125 0.470703125 0.764821875 0.4462890625 0.73444375 0.4326171875 0.72954375 0.408203125 0.7261140625 0.376953125 0.7383640625 0.3583984375 0.7501218749999999 0.3193359375 0.7599218750000001 0.28515625 0.7746203125 0.28125 0.789809375 0.30859375 0.796178125 0.345703125 0.793728125 0.3818359375 0.79176875 0.3984375 0.7819703125 0.4287109375 0.780009375
0 0.447265625 0.7138656250000001 0.4345703125 0.7035765625 0.421875 0.6937781249999999 0.4111328125 0.6825078125 0.3955078125 0.6712390625 0.3583984375 0.6780984375 0.330078125 0.7016171875 0.302734375 0.7148453124999999 0.279296875 0.7285640625 0.2666015625 0.7427734375 0.2470703125 0.7584515625 0.2470703125 0.76923125 0.27734375 0.7672703125 0.3046875 0.7584515625 0.3388671875 0.7476734375 0.3623046875 0.73934375 0.3896484375 0.730525 0.4267578125 0.7246453125000001 0.447265625 0.7138656250000001
3 0.1728515625 0.651640625 0.2060546875 0.6506609375 0.25390625 0.6452718749999999 0.2958984375 0.6452718749999999 0.328125 0.6452718749999999 0.3671875 0.647721875 0.392578125 0.638903125 0.3916015625 0.625184375 0.384765625 0.6095046875000001 0.34765625 0.6099953124999999 0.306640625 0.612934375 0.2724609375 0.6119546875 0.236328125 0.6163640625 0.2041015625 0.6227343750000001 0.1875 0.6374328125 0.1728515625 0.651640625
4 0.3837890625 0.6075453125 0.39453125 0.5903968749999999 0.3759765625 0.581578125 0.3544921875 0.574228125 0.32421875 0.5801078125 0.2978515625 0.5850078125 0.259765625 0.5850078125 0.232421875 0.5884375000000001 0.193359375 0.592846875 0.169921875 0.60215625 0.1640625 0.6119546875 0.2021484375 0.606565625 0.240234375 0.606565625 0.28125 0.606565625 0.30859375 0.6075453125 0.34765625 0.608525 0.3837890625 0.6075453125
5 0.3759765625 0.5531609375000001 0.3408203125 0.5477703125 0.306640625 0.5477703125 0.2900390625 0.5477703125 0.2509765625 0.5521796875 0.2021484375 0.560509375 0.16796875 0.5712890625 0.140625 0.583046875 0.1640625 0.5913765625 0.1982421875 0.592846875 0.2275390625 0.5874578125000001 0.2666015625 0.583046875 0.3115234375 0.5796171875 0.33984375 0.5756984375 0.380859375 0.567859375 0.3759765625 0.5531609375000001
6 0.37109375 0.54875 0.376953125 0.5389515625 0.3662109375 0.530621875 0.365234375 0.5198437499999999 0.310546875 0.5247421875 0.283203125 0.5271921875000001 0.2490234375 0.524253125 0.2109375 0.5208234375 0.1826171875 0.5208234375 0.1484375 0.530621875 0.1748046875 0.537971875 0.2109375 0.53993125 0.2451171875 0.53993125 0.27734375 0.5414015625 0.306640625 0.544340625 0.34375 0.54973125 0.37109375 0.54875
7 0.2744140625 0.5007343750000001 0.2216796875 0.49926562499999994 0.1826171875 0.503675 0.2041015625 0.515434375 0.2451171875 0.5178828125 0.28515625 0.5188640625 0.3154296875 0.521803125 0.3623046875 0.521803125 0.3662109375 0.496325 0.326171875 0.49730468749999995 0.3046875 0.5007343750000001 0.2744140625 0.5007343750000001
8 0.28125 0.48015625 0.25390625 0.4821171875 0.2255859375 0.484565625 0.1982421875 0.48750625000000003 0.2236328125 0.496325 0.26171875 0.496325 0.2919921875 0.49387499999999995 0.32421875 0.496325 0.3603515625 0.49730468749999995 0.369140625 0.4835859375 0.3623046875 0.4737875 0.3154296875 0.475746875 0.28125 0.48015625
9 0.3662109375 0.4473296875 0.3154296875 0.45125000000000004 0.27734375 0.45565937500000003 0.23046875 0.45859843749999996 0.1826171875 0.4639875 0.1572265625 0.4772171875 0.1962890625 0.4791765625 0.2275390625 0.47819687499999997 0.2705078125 0.4728078125 0.306640625 0.4728078125 0.3408203125 0.4747671875 0.37109375 0.475746875 0.376953125 0.46545781249999996 0.37109375 0.4546796875 0.3662109375 0.4473296875
10 0.3564453125 0.42283125000000005 0.30859375 0.41891249999999997 0.279296875 0.41891249999999997 0.25390625 0.41891249999999997 0.2060546875 0.42038281250000004 0.169921875 0.42332187499999996 0.166015625 0.4360609375 0.19140625 0.44145 0.2216796875 0.44585937500000006 0.26171875 0.44683906249999994 0.2939453125 0.4448796875 0.3115234375 0.45026875000000005 0.34765625 0.44585937500000006 0.369140625 0.439490625 0.3671875 0.42773125 0.3564453125 0.42283125000000005
11 0.375 0.39882343750000004 0.3583984375 0.38804531249999996 0.3271484375 0.3900046875 0.2880859375 0.393434375 0.23046875 0.3998046875 0.189453125 0.3944140625 0.1591796875 0.400784375 0.16796875 0.4140125 0.208984375 0.41499218750000005 0.2431640625 0.4179328125 0.2734375 0.4174421875 0.3056640625 0.42381250000000004 0.34765625 0.4287109375 0.37109375 0.41058281250000006 0.375 0.39882343750000004
12 0.376953125 0.39539375 0.39453125 0.3860859375 0.39453125 0.37530625 0.3896484375 0.363546875 0.3623046875 0.3561984375 0.326171875 0.3561984375 0.2900390625 0.34394843750000004 0.25390625 0.333659375 0.2216796875 0.327290625 0.1875 0.32043125 0.2021484375 0.341009375 0.240234375 0.354728125 0.2705078125 0.361096875 0.3046875 0.37530625 0.32421875 0.38363593749999997 0.3515625 0.389025 0.376953125 0.39539375
14 0.228515625 0.28319375 0.24609375 0.291034375 0.263671875 0.29495312500000004 0.2958984375 0.3013234375 0.326171875 0.32043125 0.30078125 0.31651093750000003 0.263671875 0.30867187500000004 0.236328125 0.29936250000000003 0.2197265625 0.2915234375 0.2197265625 0.302303125 0.240234375 0.31651093750000003 0.2705078125 0.3258203125 0.30078125 0.333659375 0.33203125 0.34051875 0.373046875 0.3615875 0.41015625 0.36550781250000003 0.412109375 0.34394843750000004 0.4345703125 0.33121093749999997 0.4326171875 0.3140625 0.421875 0.3052421875 0.3916015625 0.3018125 0.37890625 0.302303125 0.36328125 0.302303125 0.341796875 0.2959328125 0.3212890625 0.288584375 0.298828125 0.2822140625 0.28125 0.277315625 0.2607421875 0.2782953125 0.2314453125 0.274375 0.228515625 0.28319375
15 0.2705078125 0.23664843750000003 0.2880859375 0.24693749999999998 0.3056640625 0.26065625 0.3310546875 0.26849531249999997 0.3486328125 0.276825 0.3681640625 0.286134375 0.388671875 0.3042625 0.4130859375 0.3042625 0.4345703125 0.30377343749999997 0.4462890625 0.28564375000000003 0.4638671875 0.274865625 0.46875 0.2621265625 0.453125 0.2518375 0.4228515625 0.2479171875 0.4013671875 0.2464484375 0.3681640625 0.23958906249999998 0.3408203125 0.23076875000000002 0.318359375 0.22292968750000003 0.2880859375 0.21558125 0.263671875 0.21215156249999997 0.2568359375 0.2209703125 0.2705078125 0.23664843750000003
16 0.3212890625 0.15580624999999998 0.3291015625 0.174425 0.3408203125 0.19696249999999998 0.3466796875 0.21411093750000001 0.353515625 0.2293 0.37890625 0.23664843750000003 0.400390625 0.2420375 0.4140625 0.2341984375 0.4365234375 0.2322390625 0.46875 0.22195 0.470703125 0.21459999999999999 0.4677734375 0.20578124999999997 0.4453125 0.1930421875 0.4267578125 0.1871625 0.4140625 0.18079375 0.4013671875 0.16952499999999998 0.3857421875 0.157765625 0.369140625 0.137678125 0.345703125 0.1381671875 0.328125 0.144046875 0.3212890625 0.15580624999999998