2 0.55859375 0.7221953125 0.5244140625 0.7177859375 0.4951171875 0.7104359375 0.4755859375 0.7158249999999999 0.46484375 0.72954375 0.447265625 0.7413031250000001 0.447265625 0.7545328125 0.470703125 0.7672703125 0.4951171875 0.7756000000000001 0.5263671875 0.77168125 0.5546875 0.7609015625 0.599609375 0.7564921874999999 0.6357421875 0.7609015625 0.6572265625 0.7447328125 0.65234375 0.7329734375 0.62890625 0.725625 0.5908203125 0.723175 0.55859375 0.7221953125
18 0.5625 0.6119546875 0.529296875 0.6119546875 0.4873046875 0.6095046875000001 0.4482421875 0.6178343749999999 0.4248046875 0.6398828125 0.4560546875 0.6531109374999999 0.5048828125 0.6452718749999999 0.53515625 0.642821875 0.5712890625 0.6408625 0.6103515625 0.638903125 0.64453125 0.63204375 0.66796875 0.6217546875 0.6591796875 0.610975 0.626953125 0.6119546875 0.599609375 0.6119546875 0.5625 0.6119546875
19 0.654296875 0.606565625 0.6806640625 0.599215625 0.6591796875 0.5894171874999999 0.625 0.5810875 0.5927734375 0.5810875 0.556640625 0.5786374999999999 0.5224609375 0.5786374999999999 0.490234375 0.5796171875 0.4541015625 0.5810875 0.41796875 0.583046875 0.4091796875 0.596765625 0.4091796875 0.6099953124999999 0.447265625 0.6173437500000001 0.4755859375 0.6139140624999999 0.51171875 0.6055859375 0.564453125 0.6099953124999999 0.6201171875 0.6099953124999999 0.654296875 0.606565625
20 0.6142578125 0.5668796875 0.6484375 0.5614890625 0.6376953125 0.54875 0.599609375 0.544340625 0.5625 0.5453203125 0.5224609375 0.5453203125 0.484375 0.5453203125 0.439453125 0.5453203125 0.4052734375 0.544340625 0.400390625 0.5614890625 0.4052734375 0.5796171875 0.4501953125 0.574228125 0.4921875 0.570309375 0.53515625 0.570309375 0.578125 0.570309375 0.6142578125 0.5668796875
21 0.630859375 0.5164140625 0.6416015625 0.49926562499999994 0.6162109375 0.48995625 0.5869140625 0.491915625 0.5498046875 0.498284375 0.5205078125 0.501715625 0.4970703125 0.506125 0.46484375 0.506125 0.423828125 0.5026953125 0.400390625 0.5046546875 0.396484375 0.5208234375 0.396484375 0.5316015625 0.4052734375 0.54238125 0.439453125 0.5453203125 0.46875 0.53993125 0.4970703125 0.5389515625 0.53125 0.5350312500000001 0.578125 0.5335625 0.6162109375 0.5262125 0.630859375 0.5164140625
22 0.626953125 0.45125000000000004 0.5966796875 0.45222968750000003 0.578125 0.4546796875 0.5390625 0.4610484375 0.5185546875 0.4610484375 0.4775390625 0.46202812499999996 0.4580078125 0.45859843749999996 0.419921875 0.45859843749999996 0.400390625 0.4639875 0.4072265625 0.47819687499999997 0.392578125 0.4889765625 0.4091796875 0.49926562499999994 0.443359375 0.49926562499999994 0.4736328125 0.49289531249999996 0.4951171875 0.48995625 0.5263671875 0.48750625000000003 0.5673828125 0.485546875 0.5947265625 0.47819687499999997 0.623046875 0.4639875 0.626953125 0.45125000000000004
30 0.4033203125 0.4566390625 0.439453125 0.4566390625 0.470703125 0.4546796875 0.5048828125 0.45026875000000005 0.5439453125 0.4439 0.580078125 0.4360609375 0.6123046875 0.429690625 0.6416015625 0.42136250000000003 0.6142578125 0.4140125 0.576171875 0.41695312500000004 0.5390625 0.42332187499999996 0.509765625 0.42332187499999996 0.470703125 0.42773125 0.4345703125 0.42332187499999996 0.40234375 0.43018124999999996 0.4052734375 0.4448796875 0.4033203125 0.4566390625
29 0.5048828125 0.391475 0.4794921875 0.391475 0.4580078125 0.38804531249999996 0.4326171875 0.38804531249999996 0.4072265625 0.3944140625 0.4072265625 0.4086234375 0.423828125 0.42234218749999997 0.4560546875 0.42136250000000003 0.486328125 0.41695312500000004 0.513671875 0.4179328125 0.560546875 0.41058281250000006 0.607421875 0.402253125 0.650390625 0.39539375 0.6630859375 0.38265625000000003 0.6376953125 0.37530625 0.5966796875 0.3806953125 0.5546875 0.38804531249999996 0.5263671875 0.391475 0.5048828125 0.391475
23 0.5732421875 0.3762859375 0.60546875 0.373346875 0.630859375 0.36795625 0.650390625 0.3591375 0.630859375 0.3419890625 0.60546875 0.3508078125 0.580078125 0.3517890625 0.552734375 0.357178125 0.5205078125 0.357178125 0.4921875 0.357178125 0.462890625 0.35276874999999996 0.4345703125 0.3537484375 0.419921875 0.37432656249999996 0.4345703125 0.38510468750000004 0.451171875 0.390984375 0.4775390625 0.389025 0.509765625 0.38363593749999997 0.5419921875 0.38265625000000003 0.5732421875 0.3762859375
26 0.4560546875 0.236159375 0.4462890625 0.2508578125 0.45703125 0.2572265625 0.4482421875 0.26849531249999997 0.4658203125 0.274375 0.49609375 0.274375 0.525390625 0.2670265625 0.552734375 0.2572265625 0.5869140625 0.24889687500000002 0.603515625 0.23811875 0.625 0.2190109375 0.6015625 0.21802968749999999 0.578125 0.2234203125 0.556640625 0.2327296875 0.53125 0.2327296875 0.4560546875 0.236159375
3 0.3623046875 0.3508078125 0.33203125 0.3537484375 0.3046875 0.35276874999999996 0.2744140625 0.34835937499999997 0.2431640625 0.3400296875 0.2109375 0.33904999999999996 0.1640625 0.341009375 0.1875 0.35276874999999996 0.2236328125 0.3645265625 0.259765625 0.3718765625 0.2939453125 0.379715625 0.330078125 0.3860859375 0.3544921875 0.39539375 0.3876953125 0.387065625 0.3876953125 0.37432656249999996 0.3837890625 0.3561984375 0.3623046875 0.3508078125
4 0.328125 0.3860859375 0.2978515625 0.3860859375 0.2724609375 0.38265625000000003 0.2255859375 0.38265625000000003 0.193359375 0.38265625000000003 0.1728515625 0.391475 0.2001953125 0.39784375 0.2236328125 0.403234375 0.263671875 0.409603125 0.302734375 0.409603125 0.3193359375 0.41940156249999994 0.349609375 0.4179328125 0.375 0.41058281250000006 0.375 0.39539375 0.34765625 0.3949046875 0.328125 0.3860859375
5 0.3427734375 0.42136250000000003 0.306640625 0.42136250000000003 0.27734375 0.4179328125 0.2509765625 0.4125421875 0.2216796875 0.40519375 0.19140625 0.40519375 0.162109375 0.40519375 0.193359375 0.41891249999999997 0.2197265625 0.4287109375 0.2578125 0.43753125 0.2841796875 0.4448796875 0.345703125 0.45761874999999996 0.353515625 0.4448796875 0.3583984375 0.4331203125 0.3427734375 0.42136250000000003
6 0.34765625 0.47035781249999997 0.3857421875 0.47035781249999997 0.3857421875 0.45859843749999996 0.3798828125 0.44683906249999994 0.35546875 0.44683906249999994 0.3349609375 0.45565937500000003 0.3046875 0.45320937499999997 0.2744140625 0.44977968749999997 0.251953125 0.45075937499999996 0.244140625 0.4561484375 0.24609375 0.46202812499999996 0.25390625 0.4683984375 0.28125 0.47035781249999997 0.3115234375 0.47035781249999997 0.34765625 0.47035781249999997
7 0.3427734375 0.4737875 0.3134765625 0.475746875 0.28515625 0.48015625 0.25390625 0.48113593750000005 0.2451171875 0.491915625 0.2705078125 0.4953453125 0.2880859375 0.4953453125 0.3134765625 0.49387499999999995 0.3427734375 0.49387499999999995 0.37109375 0.491915625 0.369140625 0.47182812500000004 0.3427734375 0.4737875
8 0.255859375 0.5046546875 0.255859375 0.5164140625 0.2939453125 0.5208234375 0.33203125 0.5208234375 0.3671875 0.5237625 0.373046875 0.49730468749999995 0.3515625 0.498284375 0.32421875 0.501715625 0.2880859375 0.5026953125 0.255859375 0.5046546875
9 0.3046875 0.5271921875000001 0.2705078125 0.5335625 0.2451171875 0.537971875 0.263671875 0.54973125 0.2978515625 0.54875 0.3349609375 0.5521796875 0.375 0.5521796875 0.369140625 0.524253125 0.3349609375 0.5262125 0.3046875 0.5271921875000001
10 0.33203125 0.5551203124999999 0.302734375 0.5595296875 0.279296875 0.5570796875 0.240234375 0.5624687500000001 0.216796875 0.5712890625 0.189453125 0.5776578125 0.1875 0.5913765625 0.2197265625 0.59480625 0.2490234375 0.5938265625 0.2705078125 0.5913765625 0.306640625 0.5913765625 0.3642578125 0.5884375000000001 0.3720703125 0.5801078125 0.369140625 0.5688390625 0.3701171875 0.5546296875000001 0.33203125 0.5551203124999999
11 0.1748046875 0.626653125 0.2255859375 0.6256734374999999 0.255859375 0.6256734374999999 0.28515625 0.6256734374999999 0.3134765625 0.626653125 0.34765625 0.629103125 0.369140625 0.620284375 0.375 0.606565625 0.35546875 0.59480625 0.330078125 0.5903968749999999 0.3115234375 0.596765625 0.2705078125 0.5938265625 0.236328125 0.59480625 0.2001953125 0.6055859375 0.181640625 0.6139140624999999 0.1748046875 0.626653125
12 0.3642578125 0.6237140625 0.3388671875 0.626653125 0.306640625 0.629103125 0.2685546875 0.63204375 0.236328125 0.6354734375 0.2109375 0.6452718749999999 0.1728515625 0.65703125 0.1728515625 0.6687890624999999 0.212890625 0.658990625 0.2451171875 0.6560515625 0.306640625 0.65458125 0.353515625 0.6599703124999999 0.3798828125 0.6580109375000001 0.396484375 0.6506609375 0.3984375 0.629103125 0.3798828125 0.6148953125000001 0.3642578125 0.6237140625
14 0.21484375 0.6942671875 0.2470703125 0.6878984375 0.2724609375 0.6849578125 0.30078125 0.6825078125 0.306640625 0.6942671875 0.279296875 0.6967171875 0.2431640625 0.6967171875 0.212890625 0.7040671875 0.2041015625 0.7158249999999999 0.236328125 0.7158249999999999 0.2685546875 0.7148453124999999 0.2939453125 0.7148453124999999 0.328125 0.7104359375 0.35546875 0.7138656250000001 0.3779296875 0.7192546875 0.4091796875 0.7148453124999999 0.4208984375 0.6967171875 0.4111328125 0.68201875 0.4150390625 0.6683 0.4130859375 0.6536015625 0.3837890625 0.652621875 0.357421875 0.6619296875 0.3193359375 0.665359375 0.2744140625 0.666340625 0.23828125 0.666340625 0.212890625 0.6761390625 0.1982421875 0.6878984375 0.21484375 0.6942671875