2 0.2778046875 0.55859375 0.2822140625 0.5244140625 0.2895640625 0.4951171875 0.284175 0.4755859375 0.27045625 0.46484375 0.258696875 0.447265625 0.2454671875 0.447265625 0.2327296875 0.470703125 0.22440000000000002 0.4951171875 0.22831875 0.5263671875 0.23909843749999998 0.5546875 0.2435078125 0.599609375 0.23909843749999998 0.6357421875 0.2552671875 0.6572265625 0.2670265625 0.65234375 0.274375 0.62890625 0.276825 0.5908203125 0.2778046875 0.55859375
18 0.38804531249999996 0.5625 0.38804531249999996 0.529296875 0.3904953125 0.4873046875 0.382165625 0.4482421875 0.3601171875 0.4248046875 0.34688906249999996 0.4560546875 0.354728125 0.5048828125 0.357178125 0.53515625 0.3591375 0.5712890625 0.361096875 0.6103515625 0.36795625 0.64453125 0.3782453125 0.66796875 0.389025 0.6591796875 0.38804531249999996 0.626953125 0.38804531249999996 0.599609375 0.38804531249999996 0.5625
19 0.393434375 0.654296875 0.400784375 0.6806640625 0.41058281250000006 0.6591796875 0.41891249999999997 0.625 0.41891249999999997 0.5927734375 0.42136250000000003 0.556640625 0.42136250000000003 0.5224609375 0.42038281250000004 0.490234375 0.41891249999999997 0.4541015625 0.41695312500000004 0.41796875 0.403234375 0.4091796875 0.3900046875 0.4091796875 0.38265625000000003 0.447265625 0.3860859375 0.4755859375 0.3944140625 0.51171875 0.3900046875 0.564453125 0.3900046875 0.6201171875 0.393434375 0.654296875
20 0.4331203125 0.6142578125 0.4385109375 0.6484375 0.45125000000000004 0.6376953125 0.45565937500000003 0.599609375 0.4546796875 0.5625 0.4546796875 0.5224609375 0.4546796875 0.484375 0.4546796875 0.439453125 0.45565937500000003 0.4052734375 0.4385109375 0.400390625 0.42038281250000004 0.4052734375 0.425771875 0.4501953125 0.429690625 0.4921875 0.429690625 0.53515625 0.429690625 0.578125 0.4331203125 0.6142578125
21 0.4835859375 0.630859375 0.5007343750000001 0.6416015625 0.51004375 0.6162109375 0.5080843749999999 0.5869140625 0.501715625 0.5498046875 0.498284375 0.5205078125 0.49387499999999995 0.4970703125 0.49387499999999995 0.46484375 0.49730468749999995 0.423828125 0.4953453125 0.400390625 0.4791765625 0.396484375 0.4683984375 0.396484375 0.45761874999999996 0.4052734375 0.4546796875 0.439453125 0.46006875 0.46875 0.4610484375 0.4970703125 0.46496875 0.53125 0.46643749999999995 0.578125 0.4737875 0.6162109375 0.4835859375 0.630859375
22 0.54875 0.626953125 0.5477703125 0.5966796875 0.5453203125 0.578125 0.5389515625 0.5390625 0.5389515625 0.5185546875 0.537971875 0.4775390625 0.5414015625 0.4580078125 0.5414015625 0.419921875 0.5360125 0.400390625 0.521803125 0.4072265625 0.5110234375 0.392578125 0.5007343750000001 0.4091796875 0.5007343750000001 0.443359375 0.5071046875 0.4736328125 0.51004375 0.4951171875 0.51249375 0.5263671875 0.514453125 0.5673828125 0.521803125 0.5947265625 0.5360125 0.623046875 0.54875 0.626953125
30 0.5433609374999999 0.4033203125 0.5433609374999999 0.439453125 0.5453203125 0.470703125 0.54973125 0.5048828125 0.5561 0.5439453125 0.5639390625 0.580078125 0.570309375 0.6123046875 0.5786374999999999 0.6416015625 0.5859875 0.6142578125 0.583046875 0.576171875 0.576678125 0.5390625 0.576678125 0.509765625 0.57226875 0.470703125 0.576678125 0.4345703125 0.56981875 0.40234375 0.5551203124999999 0.4052734375 0.5433609374999999 0.4033203125
29 0.608525 0.5048828125 0.608525 0.4794921875 0.6119546875 0.4580078125 0.6119546875 0.4326171875 0.6055859375 0.4072265625 0.5913765625 0.4072265625 0.5776578125 0.423828125 0.5786374999999999 0.4560546875 0.583046875 0.486328125 0.5820671875000001 0.513671875 0.5894171874999999 0.560546875 0.597746875 0.607421875 0.60460625 0.650390625 0.6173437500000001 0.6630859375 0.6246937499999999 0.6376953125 0.6193046875 0.5966796875 0.6119546875 0.5546875 0.608525 0.5263671875 0.608525 0.5048828125
23 0.6237140625 0.5732421875 0.626653125 0.60546875 0.63204375 0.630859375 0.6408625 0.650390625 0.6580109375000001 0.630859375 0.6491921875 0.60546875 0.6482109375 0.580078125 0.642821875 0.552734375 0.642821875 0.5205078125 0.642821875 0.4921875 0.64723125 0.462890625 0.6462515625 0.4345703125 0.6256734374999999 0.419921875 0.6148953125000001 0.4345703125 0.609015625 0.451171875 0.610975 0.4775390625 0.6163640625 0.509765625 0.6173437500000001 0.5419921875 0.6237140625 0.5732421875
26 0.763840625 0.4560546875 0.7491421875000001 0.4462890625 0.7427734375 0.45703125 0.7315046875 0.4482421875 0.725625 0.4658203125 0.725625 0.49609375 0.7329734375 0.525390625 0.7427734375 0.552734375 0.751103125 0.5869140625 0.76188125 0.603515625 0.7809890625 0.625 0.7819703125 0.6015625 0.7765796875000001 0.578125 0.7672703125 0.556640625 0.7672703125 0.53125 0.763840625 0.4560546875
3 0.6491921875 0.3623046875 0.6462515625 0.33203125 0.64723125 0.3046875 0.651640625 0.2744140625 0.6599703124999999 0.2431640625 0.6609499999999999 0.2109375 0.658990625 0.1640625 0.64723125 0.1875 0.6354734375 0.2236328125 0.6281234375 0.259765625 0.620284375 0.2939453125 0.6139140624999999 0.330078125 0.60460625 0.3544921875 0.612934375 0.3876953125 0.6256734374999999 0.3876953125 0.6438015625 0.3837890625 0.6491921875 0.3623046875
4 0.6139140624999999 0.328125 0.6139140624999999 0.2978515625 0.6173437500000001 0.2724609375 0.6173437500000001 0.2255859375 0.6173437500000001 0.193359375 0.608525 0.1728515625 0.60215625 0.2001953125 0.596765625 0.2236328125 0.5903968749999999 0.263671875 0.5903968749999999 0.302734375 0.5805984375000001 0.3193359375 0.5820671875000001 0.349609375 0.5894171874999999 0.375 0.60460625 0.375 0.6050953125 0.34765625 0.6139140624999999 0.328125
5 0.5786374999999999 0.3427734375 0.5786374999999999 0.306640625 0.5820671875000001 0.27734375 0.5874578125000001 0.2509765625 0.59480625 0.2216796875 0.59480625 0.19140625 0.59480625 0.162109375 0.5810875 0.193359375 0.5712890625 0.2197265625 0.5624687500000001 0.2578125 0.5551203124999999 0.2841796875 0.54238125 0.345703125 0.5551203124999999 0.353515625 0.5668796875 0.3583984375 0.5786374999999999 0.3427734375
6 0.5296421875 0.34765625 0.5296421875 0.3857421875 0.5414015625 0.3857421875 0.5531609375000001 0.3798828125 0.5531609375000001 0.35546875 0.544340625 0.3349609375 0.5467906250000001 0.3046875 0.5502203125 0.2744140625 0.549240625 0.251953125 0.5438515625 0.244140625 0.537971875 0.24609375 0.5316015625 0.25390625 0.5296421875 0.28125 0.5296421875 0.3115234375 0.5296421875 0.34765625
7 0.5262125 0.3427734375 0.524253125 0.3134765625 0.5198437499999999 0.28515625 0.5188640625 0.25390625 0.5080843749999999 0.2451171875 0.5046546875 0.2705078125 0.5046546875 0.2880859375 0.506125 0.3134765625 0.506125 0.3427734375 0.5080843749999999 0.37109375 0.528171875 0.369140625 0.5262125 0.3427734375
8 0.4953453125 0.255859375 0.4835859375 0.255859375 0.4791765625 0.2939453125 0.4791765625 0.33203125 0.4762375 0.3671875 0.5026953125 0.373046875 0.501715625 0.3515625 0.498284375 0.32421875 0.49730468749999995 0.2880859375 0.4953453125 0.255859375
9 0.4728078125 0.3046875 0.46643749999999995 0.2705078125 0.46202812499999996 0.2451171875 0.45026875000000005 0.263671875 0.45125000000000004 0.2978515625 0.44782031250000004 0.3349609375 0.44782031250000004 0.375 0.475746875 0.369140625 0.4737875 0.3349609375 0.4728078125 0.3046875
10 0.4448796875 0.33203125 0.4404703125 0.302734375 0.44292031249999997 0.279296875 0.43753125 0.240234375 0.4287109375 0.216796875 0.42234218749999997 0.189453125 0.4086234375 0.1875 0.40519375 0.2197265625 0.4061734375 0.2490234375 0.4086234375 0.2705078125 0.4086234375 0.306640625 0.41156249999999994 0.3642578125 0.4198921875 0.3720703125 0.43116093749999995 0.369140625 0.4453703125 0.3701171875 0.4448796875 0.33203125
11 0.373346875 0.1748046875 0.37432656249999996 0.2255859375 0.37432656249999996 0.255859375 0.37432656249999996 0.28515625 0.373346875 0.3134765625 0.370896875 0.34765625 0.379715625 0.369140625 0.393434375 0.375 0.40519375 0.35546875 0.409603125 0.330078125 0.403234375 0.3115234375 0.4061734375 0.2705078125 0.40519375 0.236328125 0.3944140625 0.2001953125 0.3860859375 0.181640625 0.373346875 0.1748046875
12 0.3762859375 0.3642578125 0.373346875 0.3388671875 0.370896875 0.306640625 0.36795625 0.2685546875 0.3645265625 0.236328125 0.354728125 0.2109375 0.34296875 0.1728515625 0.33121093749999997 0.1728515625 0.341009375 0.212890625 0.34394843750000004 0.2451171875 0.34541875 0.306640625 0.3400296875 0.353515625 0.3419890625 0.3798828125 0.3493390625 0.396484375 0.370896875 0.3984375 0.38510468750000004 0.3798828125 0.3762859375 0.3642578125
14 0.3057328125 0.21484375 0.3121015625 0.2470703125 0.3150421875 0.2724609375 0.31749218749999997 0.30078125 0.3057328125 0.306640625 0.3032828125 0.279296875 0.3032828125 0.2431640625 0.2959328125 0.212890625 0.284175 0.2041015625 0.284175 0.236328125 0.2851546875 0.2685546875 0.2851546875 0.2939453125 0.2895640625 0.328125 0.286134375 0.35546875 0.2807453125 0.3779296875 0.2851546875 0.4091796875 0.3032828125 0.4208984375 0.31798125 0.4111328125 0.3317 0.4150390625 0.3463984375 0.4130859375 0.347378125 0.3837890625 0.3380703125 0.357421875 0.33464062499999997 0.3193359375 0.333659375 0.2744140625 0.333659375 0.23828125 0.3238609375 0.212890625 0.3121015625 0.1982421875 0.3057328125 0.21484375