31 0.2234203125 0.3984375 0.21999062500000002 0.3642578125 0.21459999999999999 0.32421875 0.2028421875 0.306640625 0.19647187500000002 0.33203125 0.1866734375 0.3583984375 0.19010312499999998 0.3876953125 0.1910828125 0.4072265625 0.1837328125 0.44140625 0.1837328125 0.466796875 0.1930421875 0.490234375 0.2072515625 0.4990234375 0.2234203125 0.4970703125 0.226359375 0.46484375 0.22537968749999998 0.439453125 0.2234203125 0.3984375
2 0.24693749999999998 0.5009765625 0.262615625 0.5009765625 0.2758453125 0.4814453125 0.2714359375 0.44140625 0.27339531250000004 0.416015625 0.27045625 0.376953125 0.2660453125 0.3408203125 0.2542875 0.3115234375 0.240078125 0.328125 0.23909843749999998 0.3515625 0.23909843749999998 0.3798828125 0.23517812500000002 0.4033203125 0.2297890625 0.4345703125 0.22733906250000002 0.46484375 0.23370937500000002 0.48828125 0.24693749999999998 0.5009765625
13 0.31749218749999997 0.509765625 0.3194515625 0.470703125 0.3150421875 0.4375 0.3121015625 0.416015625 0.3057328125 0.3837890625 0.3076921875 0.34765625 0.2969125 0.353515625 0.276825 0.3515625 0.2758453125 0.3798828125 0.276825 0.4111328125 0.274865625 0.482421875 0.2797640625 0.5029296875 0.2895640625 0.5048828125 0.302303125 0.5029296875 0.31749218749999997 0.509765625
17 0.3517890625 0.4951171875 0.3508078125 0.462890625 0.347378125 0.4267578125 0.34394843750000004 0.3818359375 0.3375796875 0.3349609375 0.32925 0.3046875 0.32043125 0.3408203125 0.32043125 0.375 0.3194515625 0.4130859375 0.3194515625 0.4501953125 0.318471875 0.4970703125 0.3282703125 0.513671875 0.3419890625 0.5205078125 0.3517890625 0.4951171875
18 0.33904999999999996 0.33203125 0.34394843750000004 0.369140625 0.34835937499999997 0.416015625 0.3517890625 0.466796875 0.3537484375 0.4990234375 0.36648749999999997 0.5205078125 0.3860859375 0.4794921875 0.3762859375 0.4541015625 0.36893750000000003 0.4072265625 0.3591375 0.345703125 0.35276874999999996 0.302734375 0.3366 0.2919921875 0.33904999999999996 0.33203125
19 0.409603125 0.421875 0.40519375 0.3876953125 0.39784375 0.34765625 0.38510468750000004 0.3134765625 0.377265625 0.2919921875 0.36893750000000003 0.283203125 0.36795625 0.3154296875 0.37432656249999996 0.3515625 0.379715625 0.3837890625 0.381675 0.4130859375 0.38363593749999997 0.4375 0.38363593749999997 0.4609375 0.38804531249999996 0.486328125 0.3900046875 0.509765625 0.402253125 0.513671875 0.41940156249999994 0.4990234375 0.42038281250000004 0.4609375 0.409603125 0.421875
20 0.42136250000000003 0.4521484375 0.42136250000000003 0.486328125 0.4360609375 0.5009765625 0.45125000000000004 0.4921875 0.4566390625 0.46484375 0.45125000000000004 0.4326171875 0.44782031250000004 0.39453125 0.44292031249999997 0.3603515625 0.4341015625 0.330078125 0.4243015625 0.302734375 0.41499218750000005 0.3115234375 0.4125421875 0.353515625 0.4179328125 0.3876953125 0.42038281250000004 0.421875 0.42136250000000003 0.4521484375
21 0.46006875 0.4990234375 0.475746875 0.4990234375 0.48995625 0.5078125 0.49926562499999994 0.4814453125 0.49730468749999995 0.439453125 0.49093593750000003 0.39453125 0.4835859375 0.34765625 0.4683984375 0.3349609375 0.45859843749999996 0.349609375 0.45222968750000003 0.3798828125 0.45761874999999996 0.4111328125 0.4630078125 0.4345703125 0.4566390625 0.46484375 0.46006875 0.4990234375
22 0.5178828125 0.5078125 0.5335625 0.509765625 0.544340625 0.4951171875 0.544340625 0.4560546875 0.5467906250000001 0.421875 0.54973125 0.3837890625 0.5477703125 0.349609375 0.5350312500000001 0.3369140625 0.5188640625 0.3583984375 0.5110234375 0.4072265625 0.5026953125 0.4541015625 0.503675 0.4970703125 0.5178828125 0.5078125
30 0.5595296875 0.421875 0.5570796875 0.447265625 0.5467906250000001 0.46484375 0.5521796875 0.4921875 0.56491875 0.513671875 0.5786374999999999 0.5029296875 0.5820671875000001 0.4794921875 0.5820671875000001 0.4501953125 0.5874578125000001 0.4130859375 0.5913765625 0.376953125 0.6001953125 0.34765625 0.6031359375 0.322265625 0.5913765625 0.3154296875 0.5810875 0.3369140625 0.5688390625 0.369140625 0.5639390625 0.39453125 0.5595296875 0.421875
29 0.60460625 0.3818359375 0.59480625 0.4130859375 0.5903968749999999 0.4541015625 0.583046875 0.4755859375 0.583046875 0.5078125 0.5913765625 0.53125 0.6031359375 0.53125 0.6173437500000001 0.53125 0.6173437500000001 0.4970703125 0.618325 0.4560546875 0.6256734374999999 0.421875 0.6310625 0.3798828125 0.6398828125 0.34765625 0.642821875 0.3193359375 0.638903125 0.283203125 0.6281234375 0.3115234375 0.618325 0.3427734375 0.60460625 0.3818359375
23 0.6310625 0.5439453125 0.64723125 0.529296875 0.6491921875 0.4794921875 0.6491921875 0.4375 0.6536015625 0.4111328125 0.6624203125 0.376953125 0.658990625 0.3388671875 0.6482109375 0.3427734375 0.6398828125 0.3642578125 0.6354734375 0.392578125 0.6281234375 0.423828125 0.618325 0.4580078125 0.618325 0.490234375 0.618325 0.5244140625 0.6310625 0.5439453125
24 0.6717296875 0.5458984375 0.6805484374999999 0.53515625 0.6805484374999999 0.4951171875 0.6825078125 0.46484375 0.681528125 0.44140625 0.6849578125 0.4052734375 0.6878984375 0.3642578125 0.6923078125 0.328125 0.67711875 0.3349609375 0.67075 0.3662109375 0.658990625 0.3896484375 0.65458125 0.4111328125 0.651640625 0.439453125 0.651640625 0.4755859375 0.64723125 0.525390625 0.658990625 0.5390625 0.6717296875 0.5458984375
25 0.6898578125 0.5390625 0.7060265625000001 0.53515625 0.7177859375 0.537109375 0.730525 0.5244140625 0.730525 0.46484375 0.734934375 0.423828125 0.734934375 0.3857421875 0.730525 0.349609375 0.7104359375 0.349609375 0.697696875 0.349609375 0.688878125 0.376953125 0.6859375 0.4091796875 0.6834890625 0.439453125 0.6805484374999999 0.4736328125 0.6795687499999999 0.5205078125 0.6898578125 0.5390625
26 0.7702109375 0.3369140625 0.7545328125 0.3388671875 0.73934375 0.34765625 0.7359140625 0.376953125 0.737384375 0.4267578125 0.734934375 0.462890625 0.730525 0.490234375 0.7339546875 0.513671875 0.7427734375 0.5263671875 0.76188125 0.515625 0.7751109375 0.5126953125 0.7775593749999999 0.4853515625 0.77168125 0.4267578125 0.7756000000000001 0.396484375 0.7834390625000001 0.369140625 0.7834390625000001 0.3427734375 0.7702109375 0.3369140625
27 0.77805 0.466796875 0.7765796875000001 0.501953125 0.789809375 0.515625 0.8143062499999999 0.5029296875 0.8294953125 0.490234375 0.8304750000000001 0.466796875 0.82165625 0.443359375 0.8152859375 0.4111328125 0.8162671874999999 0.369140625 0.8162671874999999 0.345703125 0.803528125 0.3388671875 0.79176875 0.3642578125 0.7863796875 0.3857421875 0.77805 0.416015625 0.77805 0.439453125 0.77805 0.466796875
28 0.8069578125 0.5869140625 0.7907890625 0.59765625 0.7873593750000001 0.6337890625 0.7981374999999999 0.65625 0.8162671874999999 0.6826171875 0.833415625 0.69921875 0.8505640624999999 0.6845703125 0.8603624999999999 0.654296875 0.8593828125 0.625 0.8451734375 0.60546875 0.8388046875 0.576171875 0.8294953125 0.560546875 0.8138171875 0.5615234375 0.8069578125 0.5869140625
0 0.727584375 0.5888671875 0.737384375 0.6142578125 0.7457125 0.6396484375 0.751103125 0.671875 0.7564921874999999 0.7099609375 0.773640625 0.7294921875 0.76923125 0.677734375 0.7628609375 0.646484375 0.7746203125 0.6376953125 0.7790296875 0.673828125 0.78441875 0.716796875 0.7981374999999999 0.7333984375 0.8015671875000001 0.7080078125 0.7951984375000001 0.6630859375 0.7854 0.630859375 0.7863796875 0.5966796875 0.7888296875 0.5732421875 0.7834390625000001 0.537109375 0.7697203125 0.53515625 0.752571875 0.5458984375 0.7413031250000001 0.5439453125 0.7285640625 0.55859375 0.727584375 0.5888671875
1 0.6864281250000001 0.671875 0.688878125 0.72265625 0.697696875 0.7509765625 0.7006375 0.7255859375 0.7006375 0.6865234375 0.7050468750000001 0.6630859375 0.7148453124999999 0.6630859375 0.7221953125 0.6865234375 0.7241546875 0.720703125 0.7285640625 0.74609375 0.73934375 0.759765625 0.73934375 0.720703125 0.7359140625 0.6826171875 0.72954375 0.654296875 0.725625 0.6123046875 0.7285640625 0.564453125 0.7128859375000001 0.55078125 0.6967171875 0.5576171875 0.67466875 0.556640625 0.6697703125000001 0.576171875 0.6712390625 0.603515625 0.6766296875 0.62890625 0.683978125 0.6484375 0.6864281250000001 0.671875
3 0.6687890624999999 0.6826171875 0.6687890624999999 0.654296875 0.6687890624999999 0.625 0.6727093749999999 0.5751953125 0.6536015625 0.5595703125 0.6359625 0.5771484375 0.638903125 0.6123046875 0.642821875 0.646484375 0.6438015625 0.671875 0.6452718749999999 0.7041015625 0.6482109375 0.7421875 0.658990625 0.765625 0.667809375 0.74609375 0.6687890624999999 0.7119140625 0.6687890624999999 0.6826171875
4 0.6227343750000001 0.6806640625 0.629103125 0.6484375 0.6335124999999999 0.6162109375 0.636453125 0.5947265625 0.637921875 0.57421875 0.6217546875 0.552734375 0.5987265625 0.576171875 0.60215625 0.5947265625 0.606565625 0.625 0.606565625 0.6611328125 0.606565625 0.69921875 0.6099953124999999 0.7314453125 0.6227343750000001 0.759765625 0.6227343750000001 0.7333984375 0.6227343750000001 0.6806640625
5 0.596765625 0.607421875 0.597746875 0.5654296875 0.5859875 0.537109375 0.5712890625 0.5654296875 0.56491875 0.5927734375 0.5688390625 0.650390625 0.5658984375 0.6806640625 0.5658984375 0.7255859375 0.5756984375 0.763671875 0.5874578125000001 0.7548828125 0.599215625 0.6884765625 0.5957859375 0.6416015625 0.596765625 0.607421875
6 0.5658984375 0.5625 0.5570796875 0.5390625 0.5453203125 0.5458984375 0.5335625 0.5654296875 0.5369921875 0.599609375 0.537971875 0.625 0.5350312500000001 0.6591796875 0.530621875 0.6865234375 0.537971875 0.720703125 0.5507109375 0.6865234375 0.5570796875 0.6337890625 0.5614890625 0.599609375 0.5658984375 0.5625
7 0.5350312500000001 0.5419921875 0.5208234375 0.5390625 0.505634375 0.55078125 0.506125 0.5927734375 0.5090640625 0.6201171875 0.506125 0.65234375 0.506125 0.6845703125 0.5164140625 0.693359375 0.5262125 0.6416015625 0.5271921875000001 0.6103515625 0.5316015625 0.5732421875 0.5350312500000001 0.5419921875
8 0.491915625 0.650390625 0.496325 0.6181640625 0.501715625 0.5888671875 0.5071046875 0.5625 0.5026953125 0.5390625 0.4879953125 0.5439453125 0.48015625 0.5673828125 0.47819687499999997 0.599609375 0.4737875 0.62890625 0.469378125 0.6650390625 0.469378125 0.6953125 0.4821171875 0.7041015625 0.491915625 0.650390625
9 0.45026875000000005 0.5693359375 0.44782031250000004 0.607421875 0.4439 0.6416015625 0.44292031249999997 0.671875 0.4439 0.7041015625 0.4546796875 0.693359375 0.4610484375 0.654296875 0.4674171875 0.625 0.469378125 0.599609375 0.4791765625 0.5712890625 0.4791765625 0.537109375 0.46496875 0.53125 0.45222968750000003 0.5419921875 0.45026875000000005 0.5693359375
10 0.429690625 0.671875 0.43753125 0.6337890625 0.4404703125 0.599609375 0.44585937500000006 0.5693359375 0.44585937500000006 0.5439453125 0.43753125 0.529296875 0.42675156249999996 0.53515625 0.41499218750000005 0.5498046875 0.41058281250000006 0.6015625 0.409603125 0.64453125 0.4042140625 0.69140625 0.400784375 0.7333984375 0.403234375 0.76953125 0.4140125 0.7529296875 0.42234218749999997 0.71484375 0.429690625 0.671875
11 0.38363593749999997 0.7294921875 0.391475 0.7080078125 0.39784375 0.669921875 0.400784375 0.6181640625 0.40715312499999995 0.5712890625 0.3944140625 0.5390625 0.377265625 0.556640625 0.37530625 0.583984375 0.37530625 0.6396484375 0.373346875 0.67578125 0.36893750000000003 0.7080078125 0.36795625 0.744140625 0.38363593749999997 0.7294921875
12 0.3517890625 0.6884765625 0.3561984375 0.65234375 0.3625671875 0.625 0.36893750000000003 0.599609375 0.373346875 0.5712890625 0.36795625 0.552734375 0.354728125 0.5458984375 0.3366 0.55859375 0.3356203125 0.583984375 0.3356203125 0.6376953125 0.33022968750000004 0.6884765625 0.327290625 0.7333984375 0.3356203125 0.7568359375 0.3463984375 0.7333984375 0.3517890625 0.6884765625
14 0.27339531250000004 0.69921875 0.27045625 0.7314453125 0.2797640625 0.7275390625 0.2851546875 0.69140625 0.288584375 0.6591796875 0.2959328125 0.6337890625 0.3101421875 0.6376953125 0.304753125 0.673828125 0.302303125 0.7021484375 0.3032828125 0.7333984375 0.3140625 0.7119140625 0.3194515625 0.669921875 0.32288125 0.6201171875 0.332190625 0.583984375 0.3356203125 0.556640625 0.33022968750000004 0.53515625 0.311121875 0.537109375 0.29054375 0.529296875 0.2822140625 0.537109375 0.2797640625 0.56640625 0.2822140625 0.607421875 0.2758453125 0.6484375 0.274375 0.671875 0.27339531250000004 0.69921875
15 0.23076875000000002 0.6650390625 0.236159375 0.62890625 0.24889687500000002 0.6181640625 0.2454671875 0.65234375 0.24252812499999998 0.6953125 0.2533078125 0.6884765625 0.25820625 0.66015625 0.26310625 0.6201171875 0.276825 0.580078125 0.28123437500000004 0.537109375 0.2640859375 0.521484375 0.2297890625 0.515625 0.22195 0.544921875 0.22440000000000002 0.5732421875 0.22537968749999998 0.6015625 0.2209703125 0.62890625 0.21558125 0.673828125 0.22440000000000002 0.69140625 0.23076875000000002 0.6650390625
16 0.15580624999999998 0.6572265625 0.180303125 0.6572265625 0.1994125 0.6416015625 0.2190109375 0.6337890625 0.2190109375 0.603515625 0.21362031250000002 0.5712890625 0.2028421875 0.53125 0.1910828125 0.537109375 0.1773640625 0.5498046875 0.162175 0.5673828125 0.14600625 0.580078125 0.144046875 0.60546875 0.1494359375 0.6337890625 0.15580624999999998 0.6572265625