31 0.2018625 0.4560546875 0.20921093750000003 0.4072265625 0.2111703125 0.37109375 0.21802968749999999 0.3408203125 0.2234203125 0.2880859375 0.212640625 0.302734375 0.1954921875 0.3408203125 0.1847140625 0.3642578125 0.166584375 0.39453125 0.1641359375 0.421875 0.17589375000000002 0.4326171875 0.1822640625 0.4580078125 0.2018625 0.4560546875
2 0.20921093750000003 0.470703125 0.22440000000000002 0.4755859375 0.2371390625 0.490234375 0.2508578125 0.490234375 0.25967656250000004 0.4580078125 0.2552671875 0.421875 0.2542875 0.4033203125 0.2552671875 0.375 0.2616359375 0.3369140625 0.2616359375 0.283203125 0.24889687500000002 0.2900390625 0.23909843749999998 0.30859375 0.23370937500000002 0.3349609375 0.226359375 0.39453125 0.21459999999999999 0.4072265625 0.210190625 0.4375 0.20921093750000003 0.470703125
13 0.274375 0.3603515625 0.274375 0.392578125 0.269475 0.421875 0.2640859375 0.4580078125 0.26065625 0.4794921875 0.2714359375 0.5029296875 0.2851546875 0.4921875 0.3013234375 0.5078125 0.3140625 0.490234375 0.3150421875 0.462890625 0.311121875 0.4326171875 0.31308125000000003 0.4033203125 0.311121875 0.376953125 0.30867187500000004 0.3427734375 0.302303125 0.306640625 0.29054375 0.30859375 0.276825 0.3349609375 0.274375 0.3603515625
17 0.3493390625 0.4970703125 0.3537484375 0.462890625 0.3517890625 0.4345703125 0.3508078125 0.3984375 0.347378125 0.369140625 0.347378125 0.328125 0.3366 0.322265625 0.3282703125 0.3369140625 0.3282703125 0.37109375 0.3282703125 0.4072265625 0.3282703125 0.4375 0.31749218749999997 0.4755859375 0.3194515625 0.4970703125 0.332190625 0.5224609375 0.3493390625 0.4970703125
18 0.377265625 0.509765625 0.3860859375 0.4951171875 0.3860859375 0.46484375 0.377265625 0.421875 0.377265625 0.376953125 0.37432656249999996 0.3427734375 0.3601171875 0.3662109375 0.3581578125 0.4072265625 0.3581578125 0.44140625 0.3581578125 0.46875 0.3517890625 0.5009765625 0.3537484375 0.5205078125 0.36795625 0.5439453125 0.377265625 0.509765625
19 0.3968640625 0.345703125 0.3968640625 0.37109375 0.3968640625 0.4091796875 0.393434375 0.4521484375 0.3860859375 0.4990234375 0.38804531249999996 0.515625 0.41058281250000006 0.5439453125 0.42136250000000003 0.5263671875 0.42675156249999996 0.5078125 0.42675156249999996 0.4775390625 0.42136250000000003 0.4541015625 0.42234218749999997 0.4287109375 0.42332187499999996 0.396484375 0.42136250000000003 0.3662109375 0.42332187499999996 0.3154296875 0.41156249999999994 0.2958984375 0.400784375 0.3115234375 0.3968640625 0.345703125
20 0.4331203125 0.4111328125 0.4331203125 0.4501953125 0.429690625 0.484375 0.4287109375 0.515625 0.43753125 0.537109375 0.4566390625 0.537109375 0.46006875 0.515625 0.45761874999999996 0.4794921875 0.45761874999999996 0.443359375 0.4566390625 0.4130859375 0.45222968750000003 0.3798828125 0.45222968750000003 0.3427734375 0.44145 0.3193359375 0.4360609375 0.345703125 0.4341015625 0.373046875 0.4331203125 0.4111328125
21 0.4630078125 0.4990234375 0.4630078125 0.533203125 0.4747671875 0.5498046875 0.49289531249999996 0.5458984375 0.49730468749999995 0.5009765625 0.496325 0.4501953125 0.49926562499999994 0.4072265625 0.4953453125 0.3662109375 0.48113593750000005 0.3388671875 0.47182812500000004 0.3642578125 0.46643749999999995 0.392578125 0.46643749999999995 0.4287109375 0.46496875 0.46484375 0.4630078125 0.4990234375
22 0.5071046875 0.4287109375 0.503675 0.46484375 0.5026953125 0.4970703125 0.5026953125 0.5390625 0.5164140625 0.5478515625 0.5360125 0.5439453125 0.5389515625 0.5185546875 0.5389515625 0.484375 0.5369921875 0.4453125 0.5316015625 0.4091796875 0.5316015625 0.375 0.5271921875000001 0.3408203125 0.5178828125 0.328125 0.51004375 0.353515625 0.5080843749999999 0.39453125 0.5071046875 0.4287109375
30 0.54483125 0.419921875 0.541890625 0.453125 0.53993125 0.48046875 0.5409109375 0.5087890625 0.5472812499999999 0.53125 0.5575703125 0.5390625 0.5732484375 0.5166015625 0.5732484375 0.4921875 0.5688390625 0.4580078125 0.5688390625 0.4345703125 0.5688390625 0.40625 0.565409375 0.38671875 0.565409375 0.365234375 0.5629593749999999 0.349609375 0.555609375 0.3408203125 0.5453203125 0.3623046875 0.54483125 0.392578125 0.54483125 0.419921875
29 0.613425 0.345703125 0.6139140624999999 0.318359375 0.6124453125 0.291015625 0.6095046875000001 0.26953125 0.60215625 0.267578125 0.596765625 0.28125 0.5913765625 0.3095703125 0.5864765625 0.33984375 0.584028125 0.369140625 0.5825578124999999 0.40234375 0.5801078125 0.42578125 0.57471875 0.4462890625 0.5727578125 0.47265625 0.579128125 0.4921875 0.585496875 0.5029296875 0.5864765625 0.5146484375 0.5938265625 0.5224609375 0.6095046875000001 0.5029296875 0.6099953124999999 0.4833984375 0.6080359375 0.4697265625 0.6095046875000001 0.447265625 0.611465625 0.423828125 0.611465625 0.4013671875 0.613425 0.3759765625 0.613425 0.345703125
23 0.6173437500000001 0.4326171875 0.6119546875 0.4443359375 0.6099953124999999 0.462890625 0.610484375 0.484375 0.610484375 0.5029296875 0.6144046875 0.5166015625 0.6227343750000001 0.5087890625 0.6305734375000001 0.517578125 0.6393921875 0.5166015625 0.6438015625 0.501953125 0.64723125 0.490234375 0.64968125 0.4775390625 0.6442921875 0.4619140625 0.6418421875 0.4365234375 0.6398828125 0.376953125 0.6398828125 0.345703125 0.6423328125000001 0.3134765625 0.6330234375 0.310546875 0.6281234375 0.3271484375 0.6232234375 0.357421875 0.6212640625 0.392578125 0.6173437500000001 0.4326171875
24 0.6531109374999999 0.4033203125 0.651640625 0.4248046875 0.64723125 0.453125 0.6491921875 0.4697265625 0.6506609375 0.484375 0.6487015625 0.49609375 0.65703125 0.5029296875 0.6609499999999999 0.513671875 0.6697703125000001 0.5087890625 0.6785890625000001 0.49609375 0.6805484374999999 0.4765625 0.6810390625 0.453125 0.6785890625000001 0.4345703125 0.67711875 0.4169921875 0.6766296875 0.384765625 0.6766296875 0.3583984375 0.6766296875 0.3310546875 0.670259375 0.310546875 0.6609499999999999 0.3056640625 0.65458125 0.33203125 0.6487015625 0.3642578125 0.6531109374999999 0.4033203125
25 0.68691875 0.4853515625 0.7055359375 0.505859375 0.718275 0.484375 0.727584375 0.4990234375 0.7354234374999999 0.4853515625 0.7354234374999999 0.462890625 0.7324843750000001 0.4345703125 0.7261140625 0.4072265625 0.725134375 0.3876953125 0.725625 0.3701171875 0.725134375 0.328125 0.7221953125 0.3056640625 0.707496875 0.3056640625 0.6962265624999999 0.30859375 0.6918171875 0.3212890625 0.6918171875 0.341796875 0.6908375 0.3681640625 0.6923078125 0.3994140625 0.6898578125 0.42578125 0.6825078125 0.4658203125 0.68691875 0.4853515625
26 0.7854 0.4462890625 0.7839296874999999 0.4248046875 0.7809890625 0.4052734375 0.7746203125 0.3837890625 0.76433125 0.361328125 0.7653109375 0.33984375 0.762371875 0.3056640625 0.7613921875 0.2841796875 0.7604109375 0.2685546875 0.7515921875 0.2607421875 0.7422828124999999 0.28125 0.734934375 0.294921875 0.734934375 0.3203125 0.734934375 0.33984375 0.734934375 0.3740234375 0.737384375 0.3955078125 0.7354234374999999 0.421875 0.734934375 0.4462890625 0.7383640625 0.4619140625 0.7476734375 0.4736328125 0.7604109375 0.48046875 0.7702109375 0.458984375 0.7795203125 0.46484375 0.7854 0.4462890625
27 0.8182265624999999 0.4384765625 0.8206765624999999 0.419921875 0.8304750000000001 0.4072265625 0.8304750000000001 0.388671875 0.8226359375 0.3701171875 0.8128375 0.34765625 0.804996875 0.3359375 0.8015671875000001 0.31640625 0.7981374999999999 0.2958984375 0.7956890624999999 0.27734375 0.7907890625 0.2626953125 0.7741296875 0.2724609375 0.773640625 0.302734375 0.773640625 0.3251953125 0.7760906249999999 0.3427734375 0.77805 0.357421875 0.7834390625000001 0.388671875 0.7834390625000001 0.4013671875 0.7834390625000001 0.423828125 0.78931875 0.443359375 0.79666875 0.453125 0.8069578125 0.4580078125 0.8167562500000001 0.458984375 0.8182265624999999 0.4384765625
28 0.791278125 0.59765625 0.8010781250000001 0.60546875 0.8128375 0.5927734375 0.8221453125 0.5654296875 0.833415625 0.5498046875 0.8402749999999999 0.525390625 0.8446843749999999 0.498046875 0.842234375 0.4794921875 0.833415625 0.4658203125 0.8206765624999999 0.474609375 0.8094078124999999 0.490234375 0.7956890624999999 0.484375 0.7834390625000001 0.4921875 0.7902984375 0.517578125 0.791278125 0.5478515625 0.791278125 0.5673828125 0.791278125 0.59765625
0 0.7491421875000001 0.59375 0.7540421875 0.611328125 0.7564921874999999 0.6337890625 0.7599218750000001 0.6494140625 0.7628609375 0.66015625 0.7687406250000001 0.671875 0.77805 0.681640625 0.7770703125 0.6669921875 0.7721703125 0.650390625 0.7677609375000001 0.62890625 0.76923125 0.6064453125 0.7741296875 0.6083984375 0.77805 0.626953125 0.7819703125 0.65234375 0.78686875 0.6669921875 0.791278125 0.650390625 0.7907890625 0.62890625 0.78931875 0.6015625 0.78931875 0.587890625 0.78931875 0.5693359375 0.78931875 0.548828125 0.78931875 0.5322265625 0.7858890625 0.505859375 0.7805 0.4921875 0.7702109375 0.4921875 0.75943125 0.505859375 0.7486531249999999 0.5068359375 0.73934375 0.517578125 0.73444375 0.5322265625 0.7339546875 0.5458984375 0.736403125 0.5595703125 0.74424375 0.5751953125 0.7491421875000001 0.59375
1 0.692796875 0.6162109375 0.6972078125000001 0.6416015625 0.702596875 0.6572265625 0.707496875 0.6943359375 0.7084765625 0.7080078125 0.7148453124999999 0.7177734375 0.718765625 0.728515625 0.7221953125 0.708984375 0.7212156249999999 0.6923828125 0.7202359375 0.6787109375 0.7133765624999999 0.658203125 0.7104359375 0.6337890625 0.7172953125 0.6318359375 0.7226843749999999 0.650390625 0.7315046875 0.66796875 0.73444375 0.6826171875 0.7408140624999999 0.6923828125 0.7481625000000001 0.701171875 0.7481625000000001 0.6787109375 0.7457125 0.658203125 0.7427734375 0.6455078125 0.7408140624999999 0.625 0.7354234374999999 0.609375 0.7290546875 0.5947265625 0.7290546875 0.578125 0.7285640625 0.5537109375 0.7285640625 0.5283203125 0.7197453125 0.5185546875 0.71190625 0.5263671875 0.7016171875 0.5322265625 0.68201875 0.533203125 0.67711875 0.5517578125 0.67711875 0.564453125 0.680059375 0.5771484375 0.6834890625 0.59375 0.68446875 0.6103515625 0.692796875 0.6162109375
3 0.6629109375 0.54296875 0.6531109374999999 0.5380859375 0.6462515625 0.541015625 0.640371875 0.548828125 0.6354734375 0.560546875 0.6354734375 0.587890625 0.640371875 0.6064453125 0.64968125 0.61328125 0.6536015625 0.6474609375 0.6634 0.6826171875 0.6717296875 0.71484375 0.6825078125 0.73046875 0.6825078125 0.69140625 0.6810390625 0.66015625 0.6785890625000001 0.630859375 0.6761390625 0.615234375 0.6761390625 0.59765625 0.67466875 0.578125 0.6712390625 0.5478515625 0.6629109375 0.54296875
4 0.6349828125 0.6669921875 0.63204375 0.640625 0.631553125 0.62109375 0.6335124999999999 0.5986328125 0.6354734375 0.5771484375 0.6300828125 0.5634765625 0.6217546875 0.5498046875 0.6124453125 0.5458984375 0.603625 0.548828125 0.5987265625 0.5654296875 0.5938265625 0.5791015625 0.59725625 0.6005859375 0.6031359375 0.630859375 0.6075453125 0.66796875 0.615384375 0.7119140625 0.6217546875 0.7353515625 0.6281234375 0.75390625 0.6359625 0.75390625 0.6349828125 0.716796875 0.6369421875 0.6982421875 0.6349828125 0.6669921875
5 0.5889265625 0.755859375 0.59725625 0.728515625 0.5987265625 0.701171875 0.5987265625 0.669921875 0.5982359374999999 0.6474609375 0.596765625 0.6220703125 0.596765625 0.6044921875 0.5943171875 0.58203125 0.5918671875 0.5654296875 0.5864765625 0.5576171875 0.5786374999999999 0.54296875 0.56981875 0.54296875 0.565409375 0.5546875 0.561 0.5703125 0.560509375 0.59375 0.5600203125000001 0.619140625 0.5624687500000001 0.6552734375 0.565409375 0.6884765625 0.56736875 0.716796875 0.567859375 0.7509765625 0.5712890625 0.7783203125 0.5801078125 0.7861328125 0.5835375 0.771484375 0.5889265625 0.755859375
6 0.54483125 0.7626953125 0.5472812499999999 0.7490234375 0.5526703125 0.7197265625 0.5531609375000001 0.69921875 0.5531609375000001 0.677734375 0.556590625 0.6572265625 0.556590625 0.625 0.5575703125 0.603515625 0.5575703125 0.5859375 0.555609375 0.5595703125 0.5467906250000001 0.5634765625 0.5350312500000001 0.564453125 0.529153125 0.57421875 0.5301328125 0.6005859375 0.5345421875 0.6201171875 0.53748125 0.6494140625 0.53748125 0.66015625 0.5365015625 0.6943359375 0.5365015625 0.7236328125 0.53993125 0.75 0.54483125 0.7626953125
7 0.5286625 0.69921875 0.5286625 0.6669921875 0.524253125 0.64453125 0.5257234375000001 0.625 0.5267031249999999 0.60546875 0.528171875 0.5751953125 0.5208234375 0.5693359375 0.510534375 0.5751953125 0.503675 0.5751953125 0.503184375 0.6015625 0.5066140625 0.630859375 0.51004375 0.662109375 0.510534375 0.68359375 0.514453125 0.7060546875 0.514453125 0.7197265625 0.5188640625 0.7431640625 0.528171875 0.7294921875 0.5286625 0.69921875
8 0.47770625000000005 0.6982421875 0.4767265625 0.7216796875 0.47966718750000004 0.7333984375 0.48848593749999997 0.7197265625 0.4953453125 0.69921875 0.496325 0.6728515625 0.4977953125 0.6494140625 0.4997546875 0.62890625 0.5007343750000001 0.61328125 0.501715625 0.5888671875 0.5002453124999999 0.57421875 0.4904453125 0.572265625 0.480646875 0.5771484375 0.48015625 0.5986328125 0.47819687499999997 0.6220703125 0.47966718750000004 0.63671875 0.48162656249999997 0.654296875 0.47819687499999997 0.66796875 0.47770625000000005 0.6982421875
9 0.47035781249999997 0.7119140625 0.469378125 0.6884765625 0.469378125 0.6669921875 0.4713375 0.6416015625 0.47427656249999994 0.62109375 0.4767265625 0.6005859375 0.4737875 0.5791015625 0.4674171875 0.568359375 0.45908906250000003 0.5693359375 0.4492890625 0.5732421875 0.44880000000000003 0.595703125 0.4492890625 0.6181640625 0.4492890625 0.63671875 0.44880000000000003 0.6552734375 0.44880000000000003 0.6884765625 0.4492890625 0.7060546875 0.4517390625 0.72265625 0.457128125 0.73828125 0.46643749999999995 0.740234375 0.469378125 0.7314453125 0.47035781249999997 0.7119140625
10 0.4174421875 0.7509765625 0.42332187499999996 0.740234375 0.43018124999999996 0.7216796875 0.4331203125 0.7109375 0.4336109375 0.6904296875 0.43508125 0.671875 0.43899999999999995 0.6572265625 0.44292031249999997 0.6455078125 0.4453703125 0.626953125 0.44585937500000006 0.6064453125 0.44585937500000006 0.5849609375 0.44145 0.5673828125 0.4336109375 0.556640625 0.42822187500000003 0.552734375 0.420871875 0.5673828125 0.4130328125 0.583984375 0.41107343749999997 0.59765625 0.41107343749999997 0.6181640625 0.41058281250000006 0.6357421875 0.41058281250000006 0.66015625 0.4066640625 0.681640625 0.4066640625 0.7021484375 0.4066640625 0.7236328125 0.4066640625 0.7373046875 0.41009375 0.7470703125 0.4174421875 0.7509765625
11 0.391475 0.72265625 0.3919640625 0.697265625 0.3924546875 0.6806640625 0.3968640625 0.6572265625 0.3998046875 0.634765625 0.4066640625 0.6142578125 0.4125421875 0.5888671875 0.4056828125 0.5830078125 0.3998046875 0.5673828125 0.39392499999999997 0.5546875 0.384125 0.5615234375 0.3782453125 0.5703125 0.3723671875 0.5888671875 0.3723671875 0.619140625 0.3723671875 0.6474609375 0.37040625 0.67578125 0.36795625 0.7060546875 0.3645265625 0.7275390625 0.37040625 0.7470703125 0.37922656250000003 0.7529296875 0.387065625 0.7392578125 0.391475 0.72265625
12 0.34541875 0.556640625 0.3395390625 0.5703125 0.3395390625 0.5888671875 0.3375796875 0.611328125 0.3375796875 0.630859375 0.3331703125 0.65625 0.3331703125 0.6708984375 0.32925 0.70703125 0.3282703125 0.732421875 0.33022968750000004 0.7509765625 0.338559375 0.7490234375 0.34492968749999997 0.7216796875 0.3512984375 0.69140625 0.3532578125 0.6787109375 0.35766718750000004 0.6611328125 0.36060781249999996 0.638671875 0.3630578125 0.6240234375 0.37138593750000004 0.6142578125 0.3723671875 0.5927734375 0.377265625 0.5703125 0.370896875 0.564453125 0.3640375 0.5576171875 0.3561984375 0.5517578125 0.34541875 0.556640625
14 0.31161249999999996 0.6572265625 0.316021875 0.634765625 0.3258203125 0.611328125 0.33610937500000004 0.59375 0.3380703125 0.5771484375 0.33464062499999997 0.5615234375 0.3268 0.548828125 0.3145515625 0.548828125 0.30867187500000004 0.5380859375 0.3008328125 0.5283203125 0.29054375 0.53125 0.2827046875 0.5322265625 0.2782953125 0.5478515625 0.2782953125 0.5625 0.2782953125 0.580078125 0.2802546875 0.6044921875 0.26849531249999997 0.63671875 0.2645765625 0.654296875 0.261146875 0.671875 0.25477656249999997 0.6982421875 0.25575625 0.712890625 0.2621265625 0.72265625 0.26751562500000003 0.7080078125 0.2714359375 0.6904296875 0.27535468750000003 0.6767578125 0.2802546875 0.6650390625 0.28564375000000003 0.65234375 0.2959328125 0.6416015625 0.2920140625 0.685546875 0.2895640625 0.7138671875 0.28662343749999997 0.7333984375 0.2851546875 0.744140625 0.2988734375 0.7294921875 0.3018125 0.703125 0.3091625 0.677734375 0.31161249999999996 0.6572265625
15 0.221459375 0.609375 0.21949999999999997 0.6240234375 0.2160703125 0.6474609375 0.21313125 0.669921875 0.21705000000000002 0.6806640625 0.2234203125 0.669921875 0.22587031249999998 0.66015625 0.2322390625 0.638671875 0.23958906249999998 0.6220703125 0.244978125 0.625 0.23909843749999998 0.650390625 0.2341984375 0.671875 0.2322390625 0.6875 0.23909843749999998 0.69921875 0.244978125 0.6826171875 0.2528171875 0.6572265625 0.2567375 0.6357421875 0.26310625 0.60546875 0.26751562500000003 0.58984375 0.27535468750000003 0.568359375 0.278784375 0.5419921875 0.27535468750000003 0.5263671875 0.2670265625 0.5166015625 0.25918593749999996 0.5224609375 0.24889687500000002 0.513671875 0.23664843750000003 0.51171875 0.231259375 0.5126953125 0.226359375 0.5234375 0.22440000000000002 0.537109375 0.22195 0.556640625 0.22195 0.5654296875 0.22195 0.5888671875 0.221459375 0.609375
16 0.1548265625 0.5341796875 0.1572765625 0.5537109375 0.160215625 0.5634765625 0.1660953125 0.5751953125 0.174425 0.5751953125 0.1847140625 0.572265625 0.19647187500000002 0.58203125 0.20382187499999999 0.587890625 0.2165609375 0.5849609375 0.22292968750000003 0.57421875 0.21705000000000002 0.5537109375 0.21459999999999999 0.537109375 0.2160703125 0.5185546875 0.221459375 0.5029296875 0.2185203125 0.4775390625 0.21362031250000002 0.474609375 0.2048015625 0.4765625 0.1959828125 0.48046875 0.18814375 0.4873046875 0.1778546875 0.4951171875 0.1636453125 0.49609375 0.153846875 0.501953125 0.15188593749999998 0.5166015625 0.1548265625 0.5341796875