2 0.20627187500000002 0.5732421875 0.20921093750000003 0.599609375 0.21999062500000002 0.630859375 0.226359375 0.6123046875 0.23076875000000002 0.576171875 0.23517812500000002 0.5498046875 0.23517812500000002 0.533203125 0.23811875 0.5078125 0.23811875 0.46875 0.22537968749999998 0.4619140625 0.21459999999999999 0.4794921875 0.1954921875 0.4736328125 0.1954921875 0.509765625 0.2028421875 0.533203125 0.20627187500000002 0.5732421875
13 0.2876046875 0.486328125 0.2959328125 0.4521484375 0.278784375 0.419921875 0.26065625 0.421875 0.2454671875 0.423828125 0.2371390625 0.4326171875 0.23370937500000002 0.4716796875 0.24154843750000002 0.48828125 0.2371390625 0.509765625 0.23517812500000002 0.552734375 0.23370937500000002 0.5908203125 0.23811875 0.626953125 0.2523265625 0.626953125 0.2670265625 0.6015625 0.274375 0.580078125 0.2797640625 0.5546875 0.2851546875 0.515625 0.2876046875 0.486328125
18 0.3699171875 0.4306640625 0.3645265625 0.4013671875 0.3508078125 0.3896484375 0.3375796875 0.3818359375 0.3238609375 0.400390625 0.3194515625 0.423828125 0.3258203125 0.46484375 0.3356203125 0.4990234375 0.3375796875 0.5224609375 0.341009375 0.5498046875 0.34296875 0.578125 0.354728125 0.583984375 0.36795625 0.5732421875 0.370896875 0.5263671875 0.370896875 0.490234375 0.37285625 0.4541015625 0.3699171875 0.4306640625
19 0.3919640625 0.478515625 0.40715312499999995 0.4560546875 0.41009375 0.4267578125 0.4066640625 0.3994140625 0.39392499999999997 0.3779296875 0.38020624999999997 0.3798828125 0.36550781250000003 0.4013671875 0.3699171875 0.43359375 0.374815625 0.4697265625 0.3919640625 0.478515625
20 0.41156249999999994 0.4375 0.41156249999999994 0.48828125 0.4125421875 0.529296875 0.41891249999999997 0.58203125 0.43116093749999995 0.625 0.44292031249999997 0.6181640625 0.44145 0.58203125 0.44145 0.5439453125 0.44145 0.513671875 0.44145 0.470703125 0.44782031250000004 0.4267578125 0.45026875000000005 0.396484375 0.43753125 0.3662109375 0.42136250000000003 0.3818359375 0.41058281250000006 0.400390625 0.41156249999999994 0.4375
21 0.485546875 0.5458984375 0.48652656250000004 0.509765625 0.48995625 0.4755859375 0.496325 0.447265625 0.49730468749999995 0.4111328125 0.491915625 0.3857421875 0.47819687499999997 0.375 0.45859843749999996 0.3642578125 0.44977968749999997 0.390625 0.44683906249999994 0.41015625 0.45026875000000005 0.46875 0.448309375 0.5009765625 0.45026875000000005 0.53515625 0.45565937500000003 0.5693359375 0.46202812499999996 0.5869140625 0.47035781249999997 0.60546875 0.48113593750000005 0.623046875 0.49093593750000003 0.607421875 0.48750625000000003 0.58203125 0.485546875 0.5458984375
22 0.5090640625 0.3798828125 0.498284375 0.4033203125 0.498284375 0.4345703125 0.498284375 0.470703125 0.5007343750000001 0.51171875 0.5007343750000001 0.5546875 0.501715625 0.5947265625 0.51004375 0.6337890625 0.5262125 0.646484375 0.5350312500000001 0.630859375 0.5350312500000001 0.599609375 0.5325828125000001 0.5693359375 0.5360125 0.53125 0.5369921875 0.4921875 0.53993125 0.447265625 0.5389515625 0.4091796875 0.537971875 0.3798828125 0.524253125 0.3798828125 0.5090640625 0.3798828125
30 0.567859375 0.607421875 0.567859375 0.5712890625 0.5712890625 0.537109375 0.5712890625 0.490234375 0.5776578125 0.4560546875 0.5776578125 0.423828125 0.5737390625 0.400390625 0.5541406249999999 0.3896484375 0.5453203125 0.3896484375 0.54238125 0.423828125 0.5433609374999999 0.4580078125 0.5467906250000001 0.4921875 0.5467906250000001 0.529296875 0.5467906250000001 0.5673828125 0.5467906250000001 0.5966796875 0.5551203124999999 0.6181640625 0.567859375 0.607421875
29 0.6055859375 0.5908203125 0.6099953124999999 0.5478515625 0.6148953125000001 0.51171875 0.6163640625 0.4755859375 0.6001953125 0.4755859375 0.5903968749999999 0.447265625 0.5786374999999999 0.466796875 0.5756984375 0.5078125 0.57471875 0.5419921875 0.5737390625 0.5888671875 0.576678125 0.603515625 0.583046875 0.626953125 0.606565625 0.6396484375 0.606565625 0.6162109375 0.6055859375 0.5908203125
26 0.7285640625 0.6396484375 0.743753125 0.6416015625 0.7628609375 0.6416015625 0.7609015625 0.6103515625 0.757471875 0.5869140625 0.7520828125000001 0.5498046875 0.7491421875000001 0.5263671875 0.7555125 0.46875 0.7491421875000001 0.443359375 0.72954375 0.423828125 0.716315625 0.427734375 0.7060265625000001 0.443359375 0.697696875 0.462890625 0.697696875 0.4814453125 0.70210625 0.513671875 0.7050468750000001 0.5625 0.7158249999999999 0.5966796875 0.7285640625 0.6396484375
27 0.7790296875 0.6357421875 0.7873593750000001 0.65234375 0.7907890625 0.6357421875 0.7907890625 0.60546875 0.7863796875 0.5498046875 0.7863796875 0.5185546875 0.7863796875 0.486328125 0.7854 0.4560546875 0.76923125 0.4541015625 0.7530625 0.462890625 0.755021875 0.5126953125 0.7564921874999999 0.55859375 0.7609015625 0.5927734375 0.764821875 0.630859375 0.7790296875 0.6357421875
28 0.71435625 0.369140625 0.716315625 0.400390625 0.725625 0.40625 0.730525 0.427734375 0.7530625 0.4453125 0.764821875 0.4384765625 0.7765796875000001 0.3984375 0.7854 0.369140625 0.803528125 0.3515625 0.8108765625000001 0.3193359375 0.8025484374999999 0.2919921875 0.789809375 0.28125 0.7765796875000001 0.28515625 0.7599218750000001 0.2939453125 0.7491421875000001 0.3193359375 0.725625 0.34375 0.71435625 0.369140625
4 0.6310625 0.376953125 0.6408625 0.3642578125 0.6408625 0.33203125 0.6335124999999999 0.3154296875 0.6300828125 0.2880859375 0.6281234375 0.2470703125 0.626653125 0.2001953125 0.6237140625 0.162109375 0.6148953125000001 0.189453125 0.610975 0.216796875 0.606565625 0.2431640625 0.606565625 0.283203125 0.6075453125 0.30859375 0.596765625 0.3388671875 0.599215625 0.3583984375 0.608525 0.376953125 0.6193046875 0.3896484375 0.6310625 0.376953125
5 0.5938265625 0.3564453125 0.6011765625 0.33203125 0.6001953125 0.306640625 0.6001953125 0.2685546875 0.6031359375 0.2236328125 0.6075453125 0.1787109375 0.6031359375 0.138671875 0.5894171874999999 0.138671875 0.5820671875000001 0.16796875 0.5776578125 0.2041015625 0.57226875 0.2451171875 0.57226875 0.283203125 0.5668796875 0.3115234375 0.5624687500000001 0.3408203125 0.5658984375 0.3583984375 0.5732484375 0.376953125 0.5859875 0.3857421875 0.5938265625 0.3564453125
6 0.5595296875 0.3662109375 0.5639390625 0.3349609375 0.56345 0.2939453125 0.5614890625 0.255859375 0.5658984375 0.1982421875 0.5688390625 0.14453125 0.55855 0.162109375 0.5477703125 0.2041015625 0.5467906250000001 0.236328125 0.53993125 0.263671875 0.53748125 0.294921875 0.5296421875 0.328125 0.530621875 0.365234375 0.544340625 0.373046875 0.5595296875 0.3662109375
7 0.53748125 0.349609375 0.5355218749999999 0.2998046875 0.5335625 0.279296875 0.5316015625 0.2587890625 0.5296421875 0.2265625 0.5320921875 0.189453125 0.521803125 0.173828125 0.5159234374999999 0.20703125 0.5120046874999999 0.2392578125 0.5095546875 0.2724609375 0.5095546875 0.3115234375 0.510534375 0.3349609375 0.5110234375 0.3515625 0.5262125 0.3525390625 0.53748125 0.349609375
8 0.5071046875 0.3125 0.506125 0.294921875 0.505634375 0.26953125 0.5022046875 0.2412109375 0.5022046875 0.208984375 0.5022046875 0.181640625 0.49730468749999995 0.1640625 0.4879953125 0.173828125 0.48603593749999996 0.197265625 0.485546875 0.216796875 0.4835859375 0.24609375 0.4821171875 0.2744140625 0.4835859375 0.2998046875 0.48309687500000004 0.32421875 0.487015625 0.33984375 0.498284375 0.3486328125 0.508575 0.3388671875 0.5071046875 0.3125
9 0.4747671875 0.357421875 0.4835859375 0.3486328125 0.4835859375 0.3310546875 0.4821171875 0.3017578125 0.47966718750000004 0.2763671875 0.47966718750000004 0.2568359375 0.47819687499999997 0.2216796875 0.475746875 0.1796875 0.469378125 0.1591796875 0.45908906250000003 0.171875 0.45565937500000003 0.201171875 0.457128125 0.2353515625 0.4566390625 0.26171875 0.45222968750000003 0.296875 0.45222968750000003 0.33203125 0.45565937500000003 0.3505859375 0.4659484375 0.3564453125 0.4747671875 0.357421875
10 0.4341015625 0.158203125 0.420871875 0.15625 0.4140125 0.1845703125 0.41695312500000004 0.2373046875 0.41548281249999997 0.2646484375 0.414503125 0.2822265625 0.41548281249999997 0.30859375 0.41695312500000004 0.333984375 0.42528125 0.359375 0.4331203125 0.37109375 0.4404703125 0.3623046875 0.44977968749999997 0.359375 0.45320937499999997 0.33984375 0.45075937499999996 0.296875 0.44782031250000004 0.27734375 0.44439062500000004 0.24609375 0.4404703125 0.2255859375 0.43802031250000006 0.203125 0.43802031250000006 0.1787109375 0.4341015625 0.158203125
11 0.4130328125 0.298828125 0.4091125 0.279296875 0.4056828125 0.259765625 0.40274374999999996 0.2421875 0.40274374999999996 0.2138671875 0.39539375 0.1787109375 0.38265625000000003 0.1640625 0.3782453125 0.1865234375 0.3782453125 0.2197265625 0.381675 0.25 0.3782453125 0.294921875 0.386575 0.322265625 0.39539375 0.3212890625 0.4042140625 0.3212890625 0.41548281249999997 0.3212890625 0.4130328125 0.298828125
12 0.3694265625 0.3837890625 0.3782453125 0.3720703125 0.391475 0.359375 0.3831453125 0.3349609375 0.37530625 0.3115234375 0.36893750000000003 0.294921875 0.3645265625 0.26953125 0.3615875 0.2373046875 0.35766718750000004 0.208984375 0.3493390625 0.1826171875 0.34296875 0.1591796875 0.3351296875 0.173828125 0.3351296875 0.201171875 0.3356203125 0.2275390625 0.3356203125 0.259765625 0.3356203125 0.294921875 0.3415 0.3271484375 0.3380703125 0.3466796875 0.34051875 0.3662109375 0.3493390625 0.376953125 0.3591375 0.3837890625 0.3694265625 0.3837890625
15 0.226359375 0.4267578125 0.236159375 0.431640625 0.2439984375 0.4189453125 0.25134687499999997 0.396484375 0.244978125 0.37109375 0.236159375 0.353515625 0.22880937499999998 0.341796875 0.2204796875 0.32421875 0.210190625 0.2861328125 0.185203125 0.27734375 0.16266562499999998 0.271484375 0.15874531249999999 0.2900390625 0.1499265625 0.3017578125 0.153846875 0.3291015625 0.15874531249999999 0.353515625 0.1724640625 0.376953125 0.18275312500000002 0.40625 0.187653125 0.4287109375 0.1974515625 0.4462890625 0.2072515625 0.451171875 0.217540625 0.439453125 0.226359375 0.4267578125