31 0.458984375 0.76945625 0.4814453125 0.7767984375 0.4970703125 0.77239375 0.5205078125 0.7665203125 0.5341796875 0.764071875 0.5703125 0.759178125 0.603515625 0.756240625 0.62890625 0.756240625 0.634765625 0.7474296875 0.6083984375 0.7435140625 0.5849609375 0.7435140625 0.5615234375 0.74155625 0.529296875 0.739109375 0.470703125 0.739109375 0.455078125 0.7405781250000001 0.4404296875 0.7503671875 0.4462890625 0.759178125 0.458984375 0.76945625
13 0.4541015625 0.6607921875 0.4248046875 0.655409375 0.404296875 0.6563875 0.3984375 0.6666671875 0.3955078125 0.674009375 0.3994140625 0.6798828125 0.3984375 0.68869375 0.404296875 0.6945671875 0.4140625 0.701909375 0.4365234375 0.7063140625 0.45703125 0.7028875 0.4697265625 0.697503125 0.4970703125 0.697503125 0.5263671875 0.697503125 0.5458984375 0.6960359375 0.54296875 0.6823296875 0.546875 0.6720515625 0.53125 0.6666671875 0.5078125 0.6651984375 0.4736328125 0.6637296874999999 0.4541015625 0.6607921875
19 0.3525390625 0.5903078125000001 0.36328125 0.5996078125000001 0.3779296875 0.604503125 0.40234375 0.6025453125 0.427734375 0.5996078125000001 0.4423828125 0.5996078125000001 0.47265625 0.595203125 0.505859375 0.593734375 0.537109375 0.593734375 0.56640625 0.5907984374999999 0.56640625 0.582965625 0.5576171875 0.5761140625000001 0.541015625 0.5726875 0.5263671875 0.5726875 0.5048828125 0.5746453125000001 0.478515625 0.5746453125000001 0.4541015625 0.5741562499999999 0.43359375 0.5741562499999999 0.4111328125 0.5741562499999999 0.3876953125 0.5717078124999999 0.3671875 0.5741562499999999 0.361328125 0.5814984375 0.3525390625 0.5903078125000001
20 0.4521484375 0.5477234375 0.42578125 0.5477234375 0.4013671875 0.54625625 0.3779296875 0.5438078125 0.3583984375 0.54331875 0.3515625 0.54968125 0.3525390625 0.5594718750000001 0.3603515625 0.5702406250000001 0.375 0.5717078124999999 0.3984375 0.56975 0.419921875 0.567303125 0.43359375 0.5668140625 0.455078125 0.565834375 0.478515625 0.5638765625 0.513671875 0.5614296875 0.537109375 0.5614296875 0.548828125 0.5526187499999999 0.53125 0.5482140625 0.505859375 0.5452765625 0.4814453125 0.5452765625 0.4521484375 0.5477234375
21 0.419921875 0.5389140625 0.4462890625 0.5423390625 0.478515625 0.5438078125 0.505859375 0.5438078125 0.5263671875 0.5438078125 0.5498046875 0.5438078125 0.5693359375 0.5379343750000001 0.5673828125 0.531571875 0.54296875 0.5256968750000001 0.513671875 0.5256968750000001 0.4931640625 0.5183546875 0.4482421875 0.51541875 0.4306640625 0.51395 0.4013671875 0.5110125 0.3818359375 0.5075875 0.361328125 0.5066078125 0.3583984375 0.5168874999999999 0.3544921875 0.528634375 0.3515625 0.5379343750000001 0.3720703125 0.54038125 0.396484375 0.5389140625 0.419921875 0.5389140625
22 0.51171875 0.491434375 0.5380859375 0.487028125 0.5634765625 0.4831125 0.5615234375 0.47528125 0.537109375 0.4738125 0.525390625 0.4738125 0.505859375 0.4738125 0.482421875 0.4738125 0.4580078125 0.4723453125 0.4345703125 0.4723453125 0.4052734375 0.469896875 0.37890625 0.468428125 0.3515625 0.4669609375 0.349609375 0.47675 0.3603515625 0.48849687499999994 0.361328125 0.5022031250000001 0.380859375 0.5022031250000001 0.4140625 0.49877656249999996 0.43359375 0.4963296875 0.466796875 0.4919234375 0.51171875 0.491434375
30 0.4873046875 0.4679390625 0.5087890625 0.4669609375 0.546875 0.4645125 0.583984375 0.46059687499999996 0.5849609375 0.4454234375 0.5673828125 0.44395468749999994 0.537109375 0.44738125 0.5166015625 0.44738125 0.4931640625 0.44738125 0.47265625 0.44444375 0.4453125 0.44395468749999994 0.421875 0.4415078125 0.3994140625 0.4429765625 0.3759765625 0.43808125000000003 0.3603515625 0.4415078125 0.357421875 0.45423437499999997 0.3544921875 0.4645125 0.373046875 0.468428125 0.4072265625 0.468428125 0.42578125 0.468428125 0.455078125 0.468428125 0.4873046875 0.4679390625
29 0.591796875 0.4278015625 0.609375 0.41948125 0.56640625 0.4175234375 0.5263671875 0.41458593749999995 0.48828125 0.41458593749999995 0.458984375 0.41165 0.427734375 0.4106703125 0.4052734375 0.407734375 0.3876953125 0.40626562499999996 0.3671875 0.4136078125 0.361328125 0.4238859375 0.3701171875 0.43514375000000005 0.3935546875 0.43808125000000003 0.41015625 0.43955 0.431640625 0.4366125 0.4677734375 0.43563437499999996 0.494140625 0.43514375000000005 0.5224609375 0.43514375000000005 0.5439453125 0.43563437499999996 0.5732421875 0.432696875 0.591796875 0.4278015625
23 0.5107421875 0.40430781250000003 0.53515625 0.39794375 0.546875 0.3910921875 0.546875 0.3852171875 0.546875 0.37445 0.5283203125 0.37445 0.5 0.37493906250000003 0.4765625 0.37493906250000003 0.451171875 0.37347031249999996 0.42578125 0.3715125 0.396484375 0.3715125 0.3779296875 0.37934375 0.3837890625 0.3896234375 0.392578125 0.3994125 0.3916015625 0.40871250000000003 0.392578125 0.415565625 0.412109375 0.41654375000000005 0.4873046875 0.40871250000000003 0.5107421875 0.40430781250000003
25 0.5087890625 0.3152234375 0.4912109375 0.3152234375 0.470703125 0.3108171875 0.4619140625 0.3039640625 0.443359375 0.303475 0.427734375 0.303475 0.4140625 0.30494374999999996 0.4013671875 0.31277499999999997 0.4052734375 0.321096875 0.4052734375 0.3372484375 0.4169921875 0.3509546875 0.4365234375 0.34997500000000004 0.4580078125 0.3480171875 0.482421875 0.34214375 0.5029296875 0.3392078125 0.5263671875 0.3348015625 0.5556640625 0.3284390625 0.578125 0.3240328125 0.5888671875 0.3157125 0.5703125 0.3152234375 0.5439453125 0.3152234375 0.5263671875 0.3152234375 0.5087890625 0.3152234375
26 0.5400390625 0.27410625 0.5205078125 0.2736171875 0.5048828125 0.2726375 0.4873046875 0.27067968750000004 0.4873046875 0.26187031250000004 0.4619140625 0.2589328125 0.4453125 0.2589328125 0.427734375 0.26382812499999997 0.431640625 0.2726375 0.4189453125 0.2790015625 0.4189453125 0.28928125 0.4228515625 0.29955937499999996 0.4482421875 0.3039640625 0.4736328125 0.30200625 0.49609375 0.2990703125 0.5205078125 0.2961328125 0.546875 0.2951546875 0.5791015625 0.29319687499999997 0.6083984375 0.28781249999999997 0.615234375 0.2750859375 0.5947265625 0.2750859375 0.5810546875 0.2750859375 0.5615234375 0.27410625 0.5400390625 0.27410625
27 0.5439453125 0.2574640625 0.572265625 0.2550171875 0.6064453125 0.24914375 0.638671875 0.24131249999999999 0.6357421875 0.23250156249999998 0.6123046875 0.22858593749999997 0.583984375 0.22809531249999998 0.5615234375 0.2256484375 0.537109375 0.225159375 0.5166015625 0.22271093749999998 0.5 0.22075312500000002 0.4794921875 0.2163484375 0.46484375 0.22124375000000002 0.4638671875 0.23250156249999998 0.4482421875 0.24180156249999998 0.4423828125 0.253059375 0.4541015625 0.2589328125 0.4794921875 0.2589328125 0.505859375 0.2589328125 0.529296875 0.2589328125 0.5439453125 0.2574640625
28 0.3681640625 0.26774375 0.3896484375 0.2721484375 0.3994140625 0.2721484375 0.4150390625 0.26284843750000003 0.419921875 0.24865468750000003 0.4306640625 0.23886406249999997 0.435546875 0.225159375 0.404296875 0.219775 0.380859375 0.2163484375 0.35546875 0.21145312500000002 0.33984375 0.20606874999999997 0.310546875 0.2016640625 0.2861328125 0.1953015625 0.265625 0.197259375 0.26953125 0.20851718749999998 0.2841796875 0.22075312500000002 0.3076171875 0.235928125 0.3271484375 0.24865468750000003 0.349609375 0.25648593750000004 0.3681640625 0.26774375
0 0.3662109375 0.31130625 0.3779296875 0.3039640625 0.38671875 0.296621875 0.3935546875 0.2858546875 0.3984375 0.2775328125 0.3759765625 0.2721484375 0.3583984375 0.26774375 0.345703125 0.266275 0.3310546875 0.26187031250000004 0.3095703125 0.2550171875 0.294921875 0.250121875 0.265625 0.24131249999999999 0.2392578125 0.24131249999999999 0.21875 0.2471859375 0.234375 0.2633375 0.251953125 0.2726375 0.265625 0.2819390625 0.2900390625 0.28928125 0.310546875 0.3005390625 0.322265625 0.3069015625 0.337890625 0.318159375 0.3642578125 0.325990625 0.3671875 0.3201171875 0.3662109375 0.31130625
1 0.2607421875 0.3494859375 0.2822265625 0.3534015625 0.3017578125 0.3641703125 0.3193359375 0.367596875 0.34375 0.3720015625 0.35546875 0.3695546875 0.353515625 0.35535937500000003 0.3720703125 0.3455703125 0.365234375 0.3333328125 0.373046875 0.3191390625 0.353515625 0.3162015625 0.32421875 0.3157125 0.3095703125 0.3122859375 0.2958984375 0.30788125 0.2861328125 0.30200625 0.2666015625 0.2951546875 0.2392578125 0.287321875 0.212890625 0.2843859375 0.2255859375 0.2936859375 0.24609375 0.30641250000000003 0.2607421875 0.318159375 0.2724609375 0.32697031249999997 0.251953125 0.32697031249999997 0.236328125 0.322565625 0.22265625 0.318159375 0.1982421875 0.3108171875 0.2001953125 0.3186484375 0.2109375 0.32990624999999996 0.22265625 0.3372484375 0.2353515625 0.34508125 0.2607421875 0.3494859375
3 0.2099609375 0.364659375 0.234375 0.3720015625 0.2548828125 0.3788546875 0.27734375 0.38375 0.2958984375 0.387665625 0.3095703125 0.3920703125 0.3251953125 0.40088125 0.34765625 0.40528593749999997 0.3486328125 0.39549687499999997 0.3544921875 0.3896234375 0.357421875 0.3764078125 0.3603515625 0.369065625 0.337890625 0.364659375 0.318359375 0.366128125 0.298828125 0.366128125 0.271484375 0.3602546875 0.25390625 0.35535937500000003 0.2392578125 0.3529125 0.2080078125 0.34997500000000004 0.1865234375 0.3455703125 0.16015625 0.34116562500000003 0.1630859375 0.3480171875 0.189453125 0.35731718749999997 0.2099609375 0.364659375
4 0.2666015625 0.41605468749999996 0.298828125 0.42241875 0.3212890625 0.42535468749999994 0.32421875 0.4180125 0.3349609375 0.4092015625 0.3369140625 0.40088125 0.330078125 0.3950078125 0.3134765625 0.3950078125 0.29296875 0.396475 0.275390625 0.3950078125 0.25390625 0.392559375 0.234375 0.389134375 0.2138671875 0.3852171875 0.1943359375 0.3788546875 0.1748046875 0.37591718749999997 0.177734375 0.3852171875 0.1865234375 0.394028125 0.20703125 0.4028390625 0.236328125 0.4092015625 0.2666015625 0.41605468749999996
5 0.3212890625 0.45668125000000004 0.3369140625 0.455703125 0.3369140625 0.44395468749999994 0.3349609375 0.432696875 0.3212890625 0.42829218750000003 0.294921875 0.42241875 0.2783203125 0.41899218749999995 0.251953125 0.4175234375 0.23046875 0.4131171875 0.203125 0.404796875 0.173828125 0.4013703125 0.1474609375 0.3950078125 0.12109375 0.3906015625 0.126953125 0.39990156250000003 0.138671875 0.40871250000000003 0.162109375 0.421928125 0.1884765625 0.4322078125 0.20703125 0.4385703125 0.2275390625 0.44444375 0.2578125 0.45031875 0.2958984375 0.455703125 0.3212890625 0.45668125000000004
6 0.322265625 0.4787078125 0.33203125 0.469896875 0.328125 0.459128125 0.3037109375 0.45766093750000003 0.2626953125 0.455703125 0.2392578125 0.45325468750000003 0.2158203125 0.45325468750000003 0.197265625 0.45276562499999995 0.18359375 0.45472343750000005 0.205078125 0.46059687499999996 0.228515625 0.46500312499999996 0.2568359375 0.46940781249999997 0.2802734375 0.4723453125 0.298828125 0.47528125 0.322265625 0.4787078125
7 0.3134765625 0.491434375 0.3134765625 0.4816453125 0.2744140625 0.4787078125 0.2509765625 0.4757703125 0.216796875 0.472834375 0.1884765625 0.4708765625 0.173828125 0.4738125 0.1943359375 0.48262343750000003 0.2275390625 0.4855609375 0.25390625 0.4889875 0.275390625 0.4919234375 0.3017578125 0.49779687499999997 0.3134765625 0.491434375
8 0.2958984375 0.51541875 0.31640625 0.51395 0.32421875 0.5002453124999999 0.28125 0.49926562499999994 0.2548828125 0.49926562499999994 0.2275390625 0.49877656249999996 0.203125 0.49779687499999997 0.1796875 0.4963296875 0.166015625 0.5036703124999999 0.1884765625 0.51248125 0.2109375 0.5134609375 0.2333984375 0.5149296875 0.259765625 0.51541875 0.2744140625 0.51541875 0.2958984375 0.51541875
9 0.3193359375 0.5389140625 0.322265625 0.5227609375 0.2958984375 0.520803125 0.259765625 0.520803125 0.2275390625 0.522271875 0.2001953125 0.5256968750000001 0.173828125 0.534996875 0.1826171875 0.5418499999999999 0.1982421875 0.5423390625 0.21875 0.5423390625 0.2490234375 0.5379343750000001 0.2802734375 0.5374453124999999 0.3193359375 0.5389140625
10 0.1396484375 0.5717078124999999 0.1650390625 0.5731765625 0.1923828125 0.5785609375 0.2216796875 0.5770921875 0.240234375 0.5746453125000001 0.265625 0.5702406250000001 0.2861328125 0.567303125 0.3017578125 0.5702406250000001 0.31640625 0.5609390624999999 0.31640625 0.5477234375 0.3251953125 0.540871875 0.2900390625 0.54038125 0.263671875 0.54038125 0.240234375 0.5423390625 0.2216796875 0.5452765625 0.197265625 0.54968125 0.177734375 0.55555625 0.1591796875 0.5594718750000001 0.1474609375 0.5653453125000001 0.1396484375 0.5717078124999999
11 0.3310546875 0.5903078125000001 0.32421875 0.5761140625000001 0.310546875 0.56828125 0.2841796875 0.5741562499999999 0.2568359375 0.57905 0.2197265625 0.585903125 0.1982421875 0.5917765625 0.1826171875 0.598140625 0.1708984375 0.605971875 0.177734375 0.61625 0.205078125 0.6098874999999999 0.2314453125 0.605971875 0.2509765625 0.604503125 0.275390625 0.601565625 0.3037109375 0.5996078125000001 0.3310546875 0.5903078125000001
12 0.3310546875 0.630934375 0.349609375 0.6289765625 0.349609375 0.6172296875 0.3427734375 0.607440625 0.3486328125 0.5942234375 0.3251953125 0.5907984374999999 0.3046875 0.5996078125000001 0.2861328125 0.6040140625 0.265625 0.6103765625 0.234375 0.61771875 0.2158203125 0.6250609375 0.2001953125 0.630934375 0.18359375 0.6397453125 0.1748046875 0.6514921874999999 0.2197265625 0.64415 0.2421875 0.6382765625 0.2685546875 0.63631875 0.287109375 0.633871875 0.3134765625 0.632403125 0.3310546875 0.630934375
15 0.3515625 0.67939375 0.3408203125 0.6647093749999999 0.318359375 0.66715625 0.2978515625 0.6852671875 0.271484375 0.6945671875 0.2548828125 0.7087609375 0.240234375 0.71659375 0.236328125 0.72589375 0.2197265625 0.7356828125 0.2138671875 0.7488984375000001 0.212890625 0.7557515625 0.23046875 0.7493875 0.2509765625 0.743025 0.275390625 0.7386203124999999 0.287109375 0.7332359375 0.306640625 0.7273625 0.32421875 0.724425 0.3525390625 0.717571875 0.38671875 0.708271875 0.3935546875 0.698971875 0.37890625 0.6906515625 0.37109375 0.6842875 0.3515625 0.67939375
16 0.357421875 0.7728828125 0.3876953125 0.7650515625 0.42578125 0.757709375 0.4169921875 0.7479203125 0.4111328125 0.739109375 0.40625 0.7332359375 0.39453125 0.7273625 0.390625 0.7180609375 0.3779296875 0.7131671875000001 0.36328125 0.71365625 0.34375 0.7224671875 0.330078125 0.7342140625 0.3125 0.7435140625 0.30078125 0.7581984375 0.2802734375 0.769946875 0.2724609375 0.77875625 0.2724609375 0.7875671875 0.2890625 0.7851203124999999 0.306640625 0.7812046875 0.3310546875 0.7758203124999999 0.357421875 0.7728828125