31 0.235928125 0.4658203125 0.23347968749999998 0.4794921875 0.22760625 0.5029296875 0.22320156249999998 0.5185546875 0.23054375 0.541015625 0.24082187500000002 0.5537109375 0.24963281249999997 0.5595703125 0.259421875 0.544921875 0.260890625 0.529296875 0.260890625 0.470703125 0.25844374999999997 0.4384765625 0.25648593750000004 0.4150390625 0.25648593750000004 0.3916015625 0.2525703125 0.365234375 0.243759375 0.37109375 0.243759375 0.396484375 0.24082187500000002 0.4296875 0.235928125 0.4658203125
13 0.3054328125 0.595703125 0.31130625 0.6015625 0.3201171875 0.6005859375 0.325990625 0.6044921875 0.3333328125 0.6015625 0.3436125 0.595703125 0.34459062500000004 0.5751953125 0.3392078125 0.5458984375 0.3362703125 0.5263671875 0.3348015625 0.4921875 0.3333328125 0.46875 0.3279484375 0.453125 0.3176703125 0.45703125 0.3039640625 0.4541015625 0.302496875 0.4736328125 0.302496875 0.5029296875 0.302496875 0.5302734375 0.2971125 0.54296875 0.2936859375 0.5634765625 0.298090625 0.5859375 0.3054328125 0.595703125
19 0.4092015625 0.43359375 0.40626562499999996 0.462890625 0.40626562499999996 0.494140625 0.404796875 0.52734375 0.40039218749999994 0.5576171875 0.40039218749999994 0.572265625 0.3974546875 0.59765625 0.39549687499999997 0.6220703125 0.40039218749999994 0.63671875 0.40969218749999997 0.6474609375 0.41850156250000003 0.638671875 0.42584375 0.6328125 0.42829218750000003 0.6123046875 0.42584375 0.5888671875 0.42584375 0.56640625 0.42584375 0.5458984375 0.42535468749999994 0.521484375 0.42535468749999994 0.4951171875 0.42731250000000004 0.4736328125 0.42731250000000004 0.458984375 0.4238859375 0.4423828125 0.41703437499999996 0.43359375 0.4092015625 0.43359375
20 0.429759375 0.6396484375 0.440528125 0.6474609375 0.45031875 0.6484375 0.45668125000000004 0.6416015625 0.4561921875 0.6220703125 0.45374375 0.5986328125 0.4522765625 0.57421875 0.4522765625 0.5478515625 0.45472343750000005 0.5185546875 0.45472343750000005 0.494140625 0.45178593749999996 0.46875 0.44738125 0.451171875 0.4385703125 0.462890625 0.4385703125 0.486328125 0.43612343750000004 0.521484375 0.434165625 0.544921875 0.43318593749999995 0.56640625 0.432696875 0.580078125 0.43025 0.6015625 0.42829218750000003 0.625 0.429759375 0.6396484375
21 0.47430312499999994 0.45703125 0.468428125 0.4326171875 0.462065625 0.4306640625 0.4561921875 0.4501953125 0.4561921875 0.4736328125 0.4561921875 0.494140625 0.4561921875 0.521484375 0.45766093750000003 0.5537109375 0.46108593750000004 0.580078125 0.46108593750000004 0.603515625 0.45961875 0.6279296875 0.462065625 0.6484375 0.47136562499999995 0.6455078125 0.4831125 0.6416015625 0.4933921875 0.638671875 0.49241250000000003 0.6181640625 0.4889875 0.5986328125 0.48605 0.5693359375 0.48458125 0.5517578125 0.4816453125 0.5068359375 0.47430312499999994 0.486328125 0.47430312499999994 0.45703125
22 0.5261875 0.517578125 0.5261875 0.494140625 0.5261875 0.474609375 0.5261875 0.462890625 0.52471875 0.4384765625 0.5168874999999999 0.4365234375 0.5129718750000001 0.4619140625 0.508565625 0.48828125 0.5080765625 0.533203125 0.5036703124999999 0.56640625 0.5012234375 0.5859375 0.49779687499999997 0.619140625 0.49779687499999997 0.638671875 0.5115031250000001 0.6396484375 0.52325 0.650390625 0.5330390625 0.6484375 0.531571875 0.62109375 0.530103125 0.5947265625 0.5276546875 0.5654296875 0.5276546875 0.5419921875 0.5261875 0.517578125
30 0.5526187499999999 0.5068359375 0.5526187499999999 0.4833984375 0.5526187499999999 0.462890625 0.5560453125 0.4326171875 0.5545765625 0.4150390625 0.539403125 0.416015625 0.5354875 0.453125 0.5330390625 0.4912109375 0.5320609375 0.5126953125 0.531571875 0.544921875 0.531571875 0.57421875 0.531571875 0.5927734375 0.531571875 0.626953125 0.5354875 0.6455078125 0.545765625 0.642578125 0.5584921875 0.6396484375 0.56191875 0.6240234375 0.5570234375 0.6005859375 0.5584921875 0.578125 0.5560453125 0.5546875 0.55555625 0.52734375 0.5526187499999999 0.5068359375
29 0.592265625 0.5947265625 0.5893296875 0.572265625 0.5883499999999999 0.541015625 0.5854140625 0.51171875 0.5854140625 0.4736328125 0.5824765625 0.43359375 0.58051875 0.390625 0.5721984375 0.408203125 0.567303125 0.4267578125 0.564365625 0.4560546875 0.56485625 0.4775390625 0.56485625 0.505859375 0.564365625 0.5322265625 0.5633874999999999 0.568359375 0.56045 0.58984375 0.56191875 0.6064453125 0.56485625 0.6298828125 0.5761140625000001 0.638671875 0.5863921875 0.6328125 0.593734375 0.6123046875 0.592265625 0.5947265625
23 0.6255499999999999 0.4716796875 0.6255499999999999 0.453125 0.6147828125 0.453125 0.6089078125 0.453125 0.60205625 0.46484375 0.5956921875 0.4892578125 0.5912875 0.5126953125 0.58345625 0.587890625 0.5844343750000001 0.607421875 0.5912875 0.6083984375 0.6005874999999999 0.607421875 0.6103765625 0.6162109375 0.62065625 0.6220703125 0.6284875000000001 0.603515625 0.6284875000000001 0.57421875 0.6265296874999999 0.548828125 0.6250609375 0.5234375 0.6250609375 0.5 0.6255499999999999 0.4716796875
25 0.6627515625 0.5947265625 0.6789031249999999 0.5947265625 0.687225 0.5986328125 0.69505625 0.5859375 0.6965250000000001 0.572265625 0.6965250000000001 0.556640625 0.6960359375 0.5380859375 0.6891828125 0.529296875 0.6847765625 0.5087890625 0.6847765625 0.4912109375 0.6847765625 0.4736328125 0.6847765625 0.4560546875 0.6847765625 0.4296875 0.6842875 0.4111328125 0.6759671875000001 0.421875 0.6715609375 0.4443359375 0.6651984375 0.4736328125 0.6607921875 0.4970703125 0.65785625 0.517578125 0.6519828125 0.5419921875 0.6500250000000001 0.5634765625 0.6490453125 0.5830078125 0.6627515625 0.5947265625
26 0.7107187500000001 0.5810546875 0.7209984375 0.5810546875 0.7273625 0.568359375 0.7361718749999999 0.572265625 0.7410671875 0.5546875 0.7410671875 0.5380859375 0.7381296875000001 0.5126953125 0.7293203125 0.5126953125 0.7273625 0.4951171875 0.7263828125 0.4794921875 0.72589375 0.4599609375 0.72589375 0.4384765625 0.7249140625 0.4189453125 0.7249140625 0.4052734375 0.7249140625 0.384765625 0.7121875 0.3916015625 0.706803125 0.4208984375 0.7048453125 0.453125 0.7038671875 0.4794921875 0.7009296875000001 0.50390625 0.69799375 0.5263671875 0.6960359375 0.5517578125 0.7004406249999999 0.5771484375 0.7107187500000001 0.5810546875
27 0.7743515624999999 0.4384765625 0.7719046875 0.416015625 0.7714140625 0.3876953125 0.7674984375 0.3642578125 0.7586875 0.361328125 0.75085625 0.3935546875 0.7449828125 0.427734375 0.7425359375 0.4560546875 0.7410671875 0.470703125 0.7410671875 0.494140625 0.7410671875 0.5205078125 0.7410671875 0.5458984375 0.7469406249999999 0.5576171875 0.7581984375 0.5517578125 0.7674984375 0.5361328125 0.77875625 0.53515625 0.7836515625 0.5205078125 0.779246875 0.5 0.7772890625 0.4833984375 0.7748406250000001 0.462890625 0.7743515624999999 0.4384765625
28 0.7748406250000001 0.564453125 0.7611359375 0.5693359375 0.7513453125 0.580078125 0.7371515625 0.5849609375 0.7278515624999999 0.6005859375 0.7278515624999999 0.6103515625 0.73225625 0.6318359375 0.7435140625 0.650390625 0.7513453125 0.6728515625 0.764071875 0.6923828125 0.779246875 0.7158203125 0.7914828125 0.73046875 0.802740625 0.734375 0.8046984374999999 0.7138671875 0.7983359375 0.689453125 0.79393125 0.66015625 0.788546875 0.64453125 0.7836515625 0.619140625 0.780225 0.595703125 0.7748406250000001 0.564453125
0 0.7498781250000001 0.705078125 0.7449828125 0.6904296875 0.7381296875000001 0.6689453125 0.733725 0.654296875 0.73225625 0.6416015625 0.7278515624999999 0.6240234375 0.7224671875 0.6015625 0.7141453125 0.6064453125 0.703378125 0.61328125 0.6960359375 0.6220703125 0.68869375 0.6337890625 0.6798828125 0.6328125 0.674009375 0.6357421875 0.681840625 0.662109375 0.6930984375 0.677734375 0.6994609374999999 0.689453125 0.7107187500000001 0.7099609375 0.7180609375 0.734375 0.7273625 0.748046875 0.7366625 0.765625 0.7528140624999999 0.78125 0.7586875 0.7607421875 0.7586875 0.734375 0.7498781250000001 0.705078125
1 0.7156140625 0.787109375 0.7126781249999999 0.7607421875 0.7048453125 0.7333984375 0.69799375 0.7138671875 0.69211875 0.7041015625 0.6877140625 0.6904296875 0.6842875 0.67578125 0.6837984374999999 0.646484375 0.6808609375 0.626953125 0.6666671875 0.634765625 0.6544296875 0.6279296875 0.644640625 0.646484375 0.6304453125 0.64453125 0.6279984375 0.65625 0.632403125 0.6806640625 0.6358296875 0.6982421875 0.6465984375 0.7177734375 0.6505140625 0.7392578125 0.65491875 0.7646484375 0.6627515625 0.77734375 0.67009375 0.7890625 0.6813515625 0.7998046875 0.6891828125 0.8017578125 0.681840625 0.77734375 0.677434375 0.763671875 0.6730296874999999 0.748046875 0.6730296874999999 0.7275390625 0.681840625 0.7392578125 0.6935875 0.75390625 0.7063140625 0.7744140625 0.7156140625 0.787109375
3 0.6235921875 0.642578125 0.6103765625 0.6455078125 0.604503125 0.6513671875 0.5947140625 0.65234375 0.5991187499999999 0.6748046875 0.6079296875 0.6904296875 0.612334375 0.7041015625 0.61625 0.72265625 0.6211453125 0.7451171875 0.6279984375 0.765625 0.635340625 0.7900390625 0.6426828125 0.810546875 0.6519828125 0.8369140625 0.658834375 0.83984375 0.6544296875 0.8134765625 0.6500250000000001 0.7919921875 0.6470875 0.7607421875 0.644640625 0.74609375 0.6397453125 0.728515625 0.633871875 0.701171875 0.633871875 0.681640625 0.635340625 0.662109375 0.630934375 0.6396484375 0.6235921875 0.642578125
4 0.6049921875 0.669921875 0.5991187499999999 0.6630859375 0.5907984374999999 0.6650390625 0.5819875 0.67578125 0.5746453125000001 0.6787109375 0.5775812499999999 0.701171875 0.5839453125 0.7333984375 0.5907984374999999 0.763671875 0.5971609375 0.79296875 0.605971875 0.8134765625 0.6147828125 0.822265625 0.6240828125 0.8251953125 0.6211453125 0.8056640625 0.6147828125 0.7861328125 0.610865625 0.765625 0.607440625 0.74609375 0.6049921875 0.724609375 0.603525 0.70703125 0.6049921875 0.6865234375 0.6049921875 0.669921875
5 0.5868828125000001 0.76953125 0.5824765625 0.748046875 0.5810078125 0.7216796875 0.5775812499999999 0.705078125 0.5717078124999999 0.6787109375 0.567303125 0.6650390625 0.5560453125 0.6630859375 0.544296875 0.6630859375 0.54331875 0.6787109375 0.544296875 0.7041015625 0.54968125 0.7421875 0.55555625 0.7724609375 0.5614296875 0.79296875 0.5677921875 0.8115234375 0.578071875 0.837890625 0.5912875 0.861328125 0.6000984375 0.873046875 0.6093984375 0.87890625 0.6049921875 0.8525390625 0.5986296875 0.826171875 0.595203125 0.796875 0.5868828125000001 0.76953125
6 0.530103125 0.66796875 0.5212921875000001 0.677734375 0.52471875 0.701171875 0.5276546875 0.7197265625 0.5305921875 0.7431640625 0.534996875 0.771484375 0.539403125 0.794921875 0.5452765625 0.81640625 0.547234375 0.802734375 0.5467453124999999 0.7841796875 0.5467453124999999 0.7607421875 0.544296875 0.7373046875 0.5423390625 0.6962890625 0.540871875 0.671875 0.530103125 0.66796875
7 0.5022031250000001 0.6982421875 0.5080765625 0.724609375 0.5110125 0.74609375 0.5144390624999999 0.7724609375 0.5173765625 0.8056640625 0.5261875 0.826171875 0.5291234375 0.8115234375 0.5271656250000001 0.783203125 0.5242296875 0.7490234375 0.5212921875000001 0.7255859375 0.5183546875 0.6865234375 0.508565625 0.6865234375 0.5022031250000001 0.6982421875
8 0.48605 0.68359375 0.48458125 0.7041015625 0.48458125 0.7255859375 0.48458125 0.740234375 0.4850703125 0.7666015625 0.4865390625 0.7890625 0.48751875 0.8115234375 0.4963296875 0.833984375 0.5036703124999999 0.8203125 0.5022031250000001 0.796875 0.5012234375 0.7724609375 0.5007343750000001 0.7451171875 0.5007343750000001 0.71875 0.4997546875 0.67578125 0.48605 0.68359375
9 0.46255468750000006 0.7197265625 0.462065625 0.7509765625 0.45766093750000003 0.78125 0.45766093750000003 0.8017578125 0.45815 0.8173828125 0.46500312499999996 0.826171875 0.47430312499999994 0.7998046875 0.47772812499999995 0.7724609375 0.47919687499999997 0.740234375 0.47919687499999997 0.7041015625 0.4772390625 0.677734375 0.46108593750000004 0.6806640625 0.46255468750000006 0.7197265625
10 0.432696875 0.7138671875 0.429759375 0.734375 0.42535468749999994 0.759765625 0.4229078125 0.7783203125 0.4214390625 0.8076171875 0.42682343749999996 0.8349609375 0.42829218750000003 0.8603515625 0.43465468749999997 0.8525390625 0.440528125 0.8408203125 0.44444375 0.822265625 0.45031875 0.802734375 0.45472343750000005 0.7783203125 0.45766093750000003 0.759765625 0.45961875 0.736328125 0.45961875 0.7099609375 0.459128125 0.6748046875 0.4522765625 0.68359375 0.4390609375 0.68359375 0.429759375 0.6982421875 0.432696875 0.7138671875
11 0.43171875000000004 0.689453125 0.4238859375 0.67578125 0.40969218749999997 0.6689453125 0.40039218749999994 0.6962890625 0.398434375 0.724609375 0.39549687499999997 0.7490234375 0.394028125 0.7685546875 0.3901125 0.794921875 0.38375 0.822265625 0.394028125 0.8291015625 0.401859375 0.8173828125 0.40822343749999995 0.8017578125 0.414096875 0.7802734375 0.42095000000000005 0.7431640625 0.42584375 0.7158203125 0.43171875000000004 0.689453125
12 0.40039218749999994 0.6953125 0.4092015625 0.6748046875 0.4057765625 0.6513671875 0.392559375 0.6572265625 0.38277031250000004 0.650390625 0.3710234375 0.650390625 0.369065625 0.6689453125 0.367596875 0.6865234375 0.366128125 0.712890625 0.36368125 0.7314453125 0.36172343749999997 0.7578125 0.35585 0.7802734375 0.34850781249999996 0.8251953125 0.3602546875 0.81640625 0.369065625 0.7998046875 0.37493906250000003 0.7841796875 0.38228125 0.765625 0.3896234375 0.734375 0.3959859375 0.7138671875 0.40039218749999994 0.6953125
15 0.25110156250000004 0.7861328125 0.2643171875 0.7802734375 0.27410625 0.763671875 0.28340624999999997 0.759765625 0.2912390625 0.7451171875 0.3054328125 0.728515625 0.3147328125 0.7021484375 0.33284375 0.681640625 0.335290625 0.6591796875 0.32060625 0.6484375 0.3157125 0.62890625 0.3093484375 0.62109375 0.301028125 0.6064453125 0.291728125 0.61328125 0.282428125 0.6474609375 0.275575 0.67578125 0.2726375 0.693359375 0.2667640625 0.712890625 0.26137968749999996 0.724609375 0.256975 0.7490234375 0.2506125 0.76953125 0.24424843749999997 0.787109375 0.25110156250000004 0.7861328125
16 0.2819390625 0.609375 0.2726375 0.60546875 0.2667640625 0.59375 0.260890625 0.5888671875 0.2520796875 0.5830078125 0.242290625 0.57421875 0.2349484375 0.6123046875 0.22711718749999998 0.642578125 0.2241796875 0.6689453125 0.2187953125 0.693359375 0.2148796875 0.7109375 0.21243281249999998 0.7275390625 0.22124375000000002 0.7275390625 0.23005312500000002 0.7197265625 0.24180156249999998 0.69921875 0.25648593750000004 0.6875 0.2657859375 0.669921875 0.2775328125 0.65625 0.28634375 0.63671875 0.28683281250000003 0.6220703125 0.2819390625 0.609375