21 0.552734375 0.4958359375 0.52734375 0.4958359375 0.5 0.4977953125 0.4765625 0.4977953125 0.447265625 0.496815625 0.421875 0.5022046875 0.4287109375 0.51739375 0.4560546875 0.5188640625 0.482421875 0.5237625 0.5078125 0.5271921875000001 0.52734375 0.5262125 0.552734375 0.5262125 0.5712890625 0.5316015625 0.5947265625 0.5340515625 0.615234375 0.5311125 0.6376953125 0.5232734375 0.6318359375 0.5071046875 0.6201171875 0.49387499999999995 0.6015625 0.491915625 0.5791015625 0.49289531249999996 0.552734375 0.4958359375
22 0.46484375 0.491425 0.4892578125 0.491915625 0.5107421875 0.491915625 0.5400390625 0.48946562499999996 0.568359375 0.4904453125 0.5947265625 0.491425 0.619140625 0.48652656250000004 0.6240234375 0.47525781250000004 0.625 0.4610484375 0.6171875 0.45075937499999996 0.5947265625 0.44977968749999997 0.57421875 0.45320937499999997 0.548828125 0.4561484375 0.525390625 0.45761874999999996 0.5 0.46202812499999996 0.46875 0.4659484375 0.4345703125 0.4723171875 0.384765625 0.4767265625 0.41796875 0.48309687500000004 0.439453125 0.4879953125 0.46484375 0.491425
30 0.5380859375 0.45761874999999996 0.5654296875 0.457128125 0.5869140625 0.45320937499999997 0.5986328125 0.44292031249999997 0.59375 0.430671875 0.5693359375 0.430671875 0.541015625 0.430671875 0.5126953125 0.430671875 0.4892578125 0.43165156250000003 0.46484375 0.43165156250000003 0.4267578125 0.43165156250000003 0.4013671875 0.437040625 0.4267578125 0.45075937499999996 0.45703125 0.4546796875 0.484375 0.4561484375 0.5126953125 0.4561484375 0.5380859375 0.45761874999999996
29 0.55859375 0.4355703125 0.5859375 0.43459062499999995 0.611328125 0.43165156250000003 0.6142578125 0.4198921875 0.609375 0.40764374999999997 0.5859375 0.403234375 0.55859375 0.402253125 0.5361328125 0.40715312499999995 0.5048828125 0.409603125 0.466796875 0.409603125 0.42578125 0.409603125 0.3984375 0.41891249999999997 0.43359375 0.4243015625 0.4599609375 0.42773125 0.4892578125 0.43018124999999996 0.525390625 0.430671875 0.55859375 0.4355703125
23 0.5185546875 0.41107343749999997 0.5439453125 0.4135234375 0.5732421875 0.41156249999999994 0.5888671875 0.4012734375 0.6044921875 0.3919640625 0.59375 0.37432656249999996 0.5712890625 0.37285625 0.55078125 0.373346875 0.5302734375 0.3767765625 0.5107421875 0.379715625 0.484375 0.37922656250000003 0.4521484375 0.382165625 0.416015625 0.384615625 0.3876953125 0.390984375 0.421875 0.400784375 0.44921875 0.404703125 0.482421875 0.40764374999999997 0.5185546875 0.41107343749999997
24 0.4951171875 0.37775625 0.5185546875 0.379715625 0.548828125 0.382165625 0.5732421875 0.3767765625 0.5927734375 0.3674671875 0.5986328125 0.3561984375 0.578125 0.34492968749999997 0.5556640625 0.345909375 0.5302734375 0.3488484375 0.5078125 0.35276874999999996 0.4814453125 0.35276874999999996 0.4462890625 0.3561984375 0.4111328125 0.3566875 0.3779296875 0.3615875 0.4033203125 0.3718765625 0.43359375 0.375796875 0.4619140625 0.375796875 0.4951171875 0.37775625
26 0.4794921875 0.299853125 0.509765625 0.3013234375 0.54296875 0.299853125 0.5556640625 0.28907343750000003 0.5439453125 0.2782953125 0.5478515625 0.2670265625 0.5205078125 0.25820625 0.498046875 0.25918593749999996 0.474609375 0.26310625 0.451171875 0.2670265625 0.421875 0.27339531250000004 0.390625 0.2797640625 0.3603515625 0.2846640625 0.3955078125 0.29495312500000004 0.4189453125 0.29789374999999996 0.4462890625 0.299853125 0.4794921875 0.299853125
27 0.421875 0.269475 0.4443359375 0.2640859375 0.4443359375 0.24889687500000002 0.427734375 0.237628125 0.4033203125 0.22831875 0.384765625 0.223909375 0.365234375 0.231259375 0.3349609375 0.2464484375 0.32421875 0.25820625 0.341796875 0.27045625 0.365234375 0.28319375 0.3935546875 0.2782953125 0.421875 0.269475
28 0.6572265625 0.25036718750000003 0.669921875 0.24105781249999997 0.671875 0.231259375 0.69140625 0.21999062500000002 0.6982421875 0.2048015625 0.6708984375 0.2048015625 0.65234375 0.21459999999999999 0.6259765625 0.21362031250000002 0.6376953125 0.2018625 0.6533203125 0.1891234375 0.626953125 0.187653125 0.6044921875 0.194021875 0.591796875 0.20578124999999997 0.576171875 0.21558125 0.5634765625 0.231259375 0.5654296875 0.24301875 0.587890625 0.249878125 0.6171875 0.2567375 0.6376953125 0.25477656249999997 0.6572265625 0.25036718750000003
0 0.58203125 0.2846640625 0.58984375 0.2964234375 0.599609375 0.3076921875 0.619140625 0.3106328125 0.6396484375 0.3081828125 0.6630859375 0.3013234375 0.6806640625 0.2915234375 0.701171875 0.2871140625 0.720703125 0.2797640625 0.7421875 0.27045625 0.751953125 0.25967656250000004 0.7314453125 0.2577171875 0.708984375 0.26800625 0.685546875 0.2709453125 0.666015625 0.26310625 0.685546875 0.2577171875 0.7041015625 0.2479171875 0.7158203125 0.23664843750000003 0.6904296875 0.236159375 0.669921875 0.24154843750000002 0.64453125 0.25036718750000003 0.6220703125 0.2542875 0.599609375 0.2577171875 0.578125 0.26310625 0.5634765625 0.274865625 0.58203125 0.2846640625
1 0.6064453125 0.3356203125 0.611328125 0.3463984375 0.6142578125 0.3586484375 0.6201171875 0.37138593750000004 0.6474609375 0.36893750000000003 0.6708984375 0.3630578125 0.69140625 0.3561984375 0.7119140625 0.35276874999999996 0.7421875 0.352278125 0.7646484375 0.34492968749999997 0.7900390625 0.3395390625 0.802734375 0.3258203125 0.7744140625 0.3243515625 0.75 0.33121093749999997 0.716796875 0.33464062499999997 0.6962890625 0.3268 0.716796875 0.32043125 0.7421875 0.31161249999999996 0.7705078125 0.30034375 0.7490234375 0.29544375 0.716796875 0.2988734375 0.6884765625 0.30279218750000003 0.6630859375 0.3067125 0.634765625 0.3067125 0.609375 0.3106328125 0.6025390625 0.3219015625 0.6064453125 0.3356203125
2 0.4462890625 0.6986765625 0.423828125 0.6981875 0.3984375 0.70210625 0.373046875 0.70210625 0.3720703125 0.7138656250000001 0.3974609375 0.718765625 0.42578125 0.727584375 0.4443359375 0.7354234374999999 0.4697265625 0.7447328125 0.490234375 0.7520828125000001 0.5146484375 0.7535515625 0.533203125 0.74424375 0.541015625 0.7329734375 0.556640625 0.7226843749999999 0.5537109375 0.708965625 0.5302734375 0.707496875 0.5 0.7060265625000001 0.46875 0.702596875 0.4462890625 0.6986765625
3 0.6865234375 0.3919640625 0.7119140625 0.387065625 0.74609375 0.3806953125 0.7744140625 0.37432656249999996 0.794921875 0.36550781250000003 0.8154296875 0.3561984375 0.8359375 0.343459375 0.80078125 0.34492968749999997 0.7744140625 0.3488484375 0.7421875 0.35276874999999996 0.708984375 0.3601171875 0.6806640625 0.3625671875 0.650390625 0.3640375 0.6240234375 0.36795625 0.6220703125 0.379715625 0.6279296875 0.390984375 0.63671875 0.402253125 0.6650390625 0.402253125 0.6865234375 0.3919640625
4 0.7060546875 0.4243015625 0.736328125 0.4218515625 0.76171875 0.41891249999999997 0.7880859375 0.4140125 0.810546875 0.4061734375 0.8310546875 0.398334375 0.841796875 0.387065625 0.8154296875 0.38804531249999996 0.7900390625 0.3924546875 0.7568359375 0.395884375 0.7265625 0.39735468749999997 0.69921875 0.398334375 0.6708984375 0.3944140625 0.6494140625 0.395884375 0.6396484375 0.40715312499999995 0.642578125 0.4179328125 0.6552734375 0.43018124999999996 0.6806640625 0.42675156249999996 0.7060546875 0.4243015625
5 0.7490234375 0.45369843750000005 0.779296875 0.448309375 0.8134765625 0.4404703125 0.8388671875 0.43165156250000003 0.8359375 0.4218515625 0.8056640625 0.42381250000000004 0.779296875 0.4243015625 0.7392578125 0.42283125000000005 0.703125 0.42626093750000005 0.6650390625 0.42822187500000003 0.6376953125 0.42822187500000003 0.630859375 0.43899999999999995 0.642578125 0.4546796875 0.666015625 0.4561484375 0.6884765625 0.45565937500000003 0.7158203125 0.4561484375 0.7490234375 0.45369843750000005
6 0.744140625 0.4767265625 0.7724609375 0.4737875 0.802734375 0.47035781249999997 0.837890625 0.4634984375 0.8056640625 0.45565937500000003 0.77734375 0.45565937500000003 0.744140625 0.4561484375 0.7119140625 0.457128125 0.6708984375 0.457128125 0.642578125 0.4561484375 0.6396484375 0.4713375 0.6474609375 0.48309687500000004 0.67578125 0.48407656250000003 0.6962890625 0.48015625 0.720703125 0.47868750000000004 0.744140625 0.4767265625
7 0.7646484375 0.4977953125 0.794921875 0.49436562500000003 0.818359375 0.48652656250000004 0.7919921875 0.48162656249999997 0.7646484375 0.48309687500000004 0.744140625 0.48309687500000004 0.716796875 0.48407656250000003 0.6787109375 0.48162656249999997 0.6474609375 0.48113593750000005 0.6474609375 0.49289531249999996 0.65625 0.503675 0.68359375 0.505634375 0.7080078125 0.5046546875 0.7314453125 0.5007343750000001 0.7646484375 0.4977953125
8 0.744140625 0.5232734375 0.7705078125 0.5213125 0.7978515625 0.5188640625 0.818359375 0.5046546875 0.7880859375 0.5046546875 0.759765625 0.506125 0.734375 0.5080843749999999 0.708984375 0.5095546875 0.67578125 0.508575 0.6455078125 0.506125 0.642578125 0.5208234375 0.642578125 0.5335625 0.6708984375 0.5311125 0.693359375 0.5271921875000001 0.71875 0.5262125 0.744140625 0.5232734375
9 0.708984375 0.5541406249999999 0.7314453125 0.549240625 0.7548828125 0.5453203125 0.7802734375 0.54238125 0.80078125 0.5350312500000001 0.8232421875 0.5271921875000001 0.79296875 0.5247421875 0.76953125 0.5262125 0.75 0.5296421875 0.7216796875 0.5301328125 0.6962890625 0.5301328125 0.669921875 0.5301328125 0.6376953125 0.5365015625 0.64453125 0.5482609375 0.6494140625 0.5590390625 0.66796875 0.5595296875 0.6904296875 0.5561 0.708984375 0.5541406249999999
10 0.7060546875 0.5864765625 0.728515625 0.5845171875 0.75 0.5825578124999999 0.7744140625 0.5801078125 0.7998046875 0.5781484375 0.8203125 0.5707984374999999 0.837890625 0.561 0.8154296875 0.556590625 0.7880859375 0.5546296875000001 0.7646484375 0.5546296875000001 0.7412109375 0.5546296875000001 0.71875 0.5546296875000001 0.6884765625 0.5546296875000001 0.6650390625 0.555609375 0.63671875 0.5614890625 0.6396484375 0.5732484375 0.65234375 0.5835375 0.67578125 0.5859875 0.7060546875 0.5864765625
11 0.703125 0.6139140624999999 0.7265625 0.612934375 0.751953125 0.6119546875 0.7802734375 0.6139140624999999 0.8154296875 0.615384375 0.8251953125 0.6055859375 0.7998046875 0.59235625 0.779296875 0.5889265625 0.75 0.5874578125000001 0.7236328125 0.5864765625 0.6962890625 0.5835375 0.66796875 0.5810875 0.6494140625 0.5859875 0.6376953125 0.5952968750000001 0.6376953125 0.6080359375 0.66015625 0.6158750000000001 0.6806640625 0.618325 0.703125 0.6139140624999999
12 0.6533203125 0.64723125 0.6806640625 0.6487015625 0.7080078125 0.64968125 0.7314453125 0.64968125 0.7578125 0.652621875 0.7900390625 0.6580109375000001 0.8154296875 0.6629109375 0.8310546875 0.6511515625000001 0.80859375 0.6408625 0.78515625 0.6276328125 0.7626953125 0.6207734375 0.7421875 0.6158750000000001 0.720703125 0.612934375 0.6962890625 0.606565625 0.66796875 0.603625 0.642578125 0.608525 0.634765625 0.62224375 0.6298828125 0.63204375 0.634765625 0.6438015625 0.6533203125 0.64723125
13 0.4462890625 0.656540625 0.421875 0.658990625 0.400390625 0.666340625 0.384765625 0.6756484375 0.400390625 0.6893671875 0.4365234375 0.6918171875 0.46875 0.6937781249999999 0.4970703125 0.7011265625 0.525390625 0.708965625 0.548828125 0.7060265625000001 0.568359375 0.6981875 0.5693359375 0.68691875 0.5693359375 0.6732 0.5810546875 0.661440625 0.5615234375 0.6536015625 0.53125 0.652621875 0.5 0.6536015625 0.4697265625 0.6560515625 0.4462890625 0.656540625
14 0.6572265625 0.6384125 0.6279296875 0.6344921875 0.6064453125 0.6413515624999999 0.6171875 0.652621875 0.615234375 0.665359375 0.6025390625 0.67466875 0.599609375 0.68691875 0.607421875 0.700146875 0.63671875 0.70455625 0.6630859375 0.7050468750000001 0.685546875 0.7050468750000001 0.7080078125 0.7109265625 0.7294921875 0.7138656250000001 0.75 0.7177859375 0.77734375 0.7192546875 0.775390625 0.7084765625 0.75390625 0.6996578125 0.7294921875 0.6923078125 0.7080078125 0.6810390625 0.7265625 0.6756484375 0.75 0.6795687499999999 0.7724609375 0.6859375 0.7958984375 0.6932875000000001 0.802734375 0.6810390625 0.783203125 0.6692796875 0.7578125 0.658990625 0.7294921875 0.652621875 0.7041015625 0.6501718750000001 0.67578125 0.6462515625 0.6572265625 0.6384125
15 0.5888671875 0.7545328125 0.6123046875 0.757471875 0.634765625 0.7589421875 0.662109375 0.7653109375 0.6826171875 0.77168125 0.701171875 0.7790296875 0.724609375 0.7775593749999999 0.716796875 0.7653109375 0.6962890625 0.7545328125 0.685546875 0.74179375 0.7216796875 0.751103125 0.7509765625 0.75943125 0.76171875 0.7481625000000001 0.7470703125 0.73444375 0.7216796875 0.725625 0.6982421875 0.7177859375 0.66796875 0.709946875 0.65234375 0.6996578125 0.6318359375 0.6937781249999999 0.599609375 0.700146875 0.58984375 0.7128859375000001 0.57421875 0.7241546875 0.5712890625 0.7354234374999999 0.5693359375 0.7466921875 0.5888671875 0.7545328125
16 0.568359375 0.7902984375 0.583984375 0.8045078125 0.609375 0.812346875 0.6337890625 0.8236156250000001 0.640625 0.832925 0.6630859375 0.8314546875 0.677734375 0.819696875 0.6630859375 0.8094078124999999 0.6826171875 0.8045078125 0.6982421875 0.8147968750000001 0.720703125 0.8133265625 0.7236328125 0.79911875 0.701171875 0.78931875 0.6865234375 0.77805 0.67578125 0.7677609375000001 0.6552734375 0.7545328125 0.6318359375 0.7530625 0.6123046875 0.7560015625000001 0.591796875 0.7633515625 0.5703125 0.7741296875 0.568359375 0.7902984375
17 0.4765625 0.6207734375 0.44921875 0.624203125 0.42578125 0.626653125 0.400390625 0.6281234375 0.36328125 0.6344921875 0.3759765625 0.64723125 0.4140625 0.6452718749999999 0.4521484375 0.64723125 0.451171875 0.64723125 0.4775390625 0.6487015625 0.5078125 0.6511515625000001 0.5380859375 0.6536015625 0.5703125 0.65948125 0.591796875 0.651640625 0.5869140625 0.638903125 0.591796875 0.6256734374999999 0.56640625 0.6168546874999999 0.541015625 0.615384375 0.5048828125 0.618325 0.4765625 0.6207734375
18 0.4052734375 0.601665625 0.380859375 0.6026453125 0.380859375 0.6119546875 0.423828125 0.6168546874999999 0.4599609375 0.6207734375 0.4970703125 0.62224375 0.5234375 0.6232234375 0.5556640625 0.62714375 0.5810546875 0.62714375 0.599609375 0.620284375 0.6044921875 0.6055859375 0.58203125 0.59480625 0.53125 0.5913765625 0.4951171875 0.5913765625 0.4560546875 0.59480625 0.431640625 0.5962765625 0.4052734375 0.601665625
19 0.46484375 0.565409375 0.43359375 0.5658984375 0.4033203125 0.5668796875 0.36328125 0.571778125 0.388671875 0.5796171875 0.423828125 0.5859875 0.4619140625 0.5903968749999999 0.4892578125 0.5952968750000001 0.515625 0.5952968750000001 0.5458984375 0.596765625 0.5732421875 0.6001953125 0.5986328125 0.5957859375 0.6171875 0.5884375000000001 0.609375 0.5732484375 0.6015625 0.561 0.5654296875 0.5619796874999999 0.525390625 0.5644296875 0.498046875 0.5644296875 0.46484375 0.565409375
20 0.458984375 0.5316015625 0.431640625 0.5316015625 0.3974609375 0.5360125 0.4052734375 0.5463015625 0.4541015625 0.5482609375 0.4873046875 0.5546296875000001 0.5224609375 0.5595296875 0.548828125 0.5629593749999999 0.576171875 0.5668796875 0.6015625 0.5629593749999999 0.6240234375 0.5570796875 0.6201171875 0.5438515625 0.609375 0.5335625 0.5791015625 0.5316015625 0.5478515625 0.5311125 0.5146484375 0.5316015625 0.4951171875 0.5335625 0.458984375 0.5316015625
31 0.3779296875 0.7805 0.4052734375 0.778540625 0.40625 0.766290625 0.4306640625 0.7604109375 0.4443359375 0.7432624999999999 0.4287109375 0.730525 0.3974609375 0.7241546875 0.3681640625 0.7202359375 0.341796875 0.7177859375 0.3134765625 0.7266046875 0.322265625 0.7496328125 0.349609375 0.7653109375 0.3779296875 0.7805