21 0.447265625 0.5041640625 0.47265625 0.5041640625 0.5 0.5022046875 0.5234375 0.5022046875 0.552734375 0.503184375 0.578125 0.4977953125 0.5712890625 0.48260625 0.5439453125 0.48113593750000005 0.517578125 0.4762375 0.4921875 0.4728078125 0.47265625 0.4737875 0.447265625 0.4737875 0.4287109375 0.4683984375 0.4052734375 0.4659484375 0.384765625 0.4688875 0.3623046875 0.4767265625 0.3681640625 0.49289531249999996 0.3798828125 0.506125 0.3984375 0.5080843749999999 0.4208984375 0.5071046875 0.447265625 0.5041640625
22 0.53515625 0.508575 0.5107421875 0.5080843749999999 0.4892578125 0.5080843749999999 0.4599609375 0.510534375 0.431640625 0.5095546875 0.4052734375 0.508575 0.380859375 0.5134734375 0.3759765625 0.5247421875 0.375 0.5389515625 0.3828125 0.549240625 0.4052734375 0.5502203125 0.42578125 0.5467906250000001 0.451171875 0.5438515625 0.474609375 0.54238125 0.5 0.537971875 0.53125 0.5340515625 0.5654296875 0.5276828124999999 0.615234375 0.5232734375 0.58203125 0.516903125 0.560546875 0.5120046874999999 0.53515625 0.508575
30 0.4619140625 0.54238125 0.4345703125 0.542871875 0.4130859375 0.5467906250000001 0.4013671875 0.5570796875 0.40625 0.569328125 0.4306640625 0.569328125 0.458984375 0.569328125 0.4873046875 0.569328125 0.5107421875 0.5683484375 0.53515625 0.5683484375 0.5732421875 0.5683484375 0.5986328125 0.5629593749999999 0.5732421875 0.549240625 0.54296875 0.5453203125 0.515625 0.5438515625 0.4873046875 0.5438515625 0.4619140625 0.54238125
29 0.44140625 0.5644296875 0.4140625 0.565409375 0.388671875 0.5683484375 0.3857421875 0.5801078125 0.390625 0.59235625 0.4140625 0.596765625 0.44140625 0.597746875 0.4638671875 0.592846875 0.4951171875 0.5903968749999999 0.533203125 0.5903968749999999 0.57421875 0.5903968749999999 0.6015625 0.5810875 0.56640625 0.5756984375 0.5400390625 0.57226875 0.5107421875 0.56981875 0.474609375 0.569328125 0.44140625 0.5644296875
23 0.4814453125 0.5889265625 0.4560546875 0.5864765625 0.4267578125 0.5884375000000001 0.4111328125 0.5987265625 0.3955078125 0.6080359375 0.40625 0.6256734374999999 0.4287109375 0.62714375 0.44921875 0.626653125 0.4697265625 0.6232234375 0.4892578125 0.620284375 0.515625 0.6207734375 0.5478515625 0.6178343749999999 0.583984375 0.615384375 0.6123046875 0.609015625 0.578125 0.599215625 0.55078125 0.5952968750000001 0.517578125 0.59235625 0.4814453125 0.5889265625
24 0.5048828125 0.62224375 0.4814453125 0.620284375 0.451171875 0.6178343749999999 0.4267578125 0.6232234375 0.4072265625 0.6325328125 0.4013671875 0.6438015625 0.421875 0.6550703125 0.4443359375 0.654090625 0.4697265625 0.6511515625000001 0.4921875 0.64723125 0.5185546875 0.64723125 0.5537109375 0.6438015625 0.5888671875 0.6433125000000001 0.6220703125 0.6384125 0.5966796875 0.6281234375 0.56640625 0.624203125 0.5380859375 0.624203125 0.5048828125 0.62224375
26 0.5205078125 0.700146875 0.490234375 0.6986765625 0.45703125 0.700146875 0.4443359375 0.7109265625 0.4560546875 0.7217046875 0.4521484375 0.7329734375 0.4794921875 0.74179375 0.501953125 0.7408140624999999 0.525390625 0.73689375 0.548828125 0.7329734375 0.578125 0.7266046875 0.609375 0.7202359375 0.6396484375 0.7153359375 0.6044921875 0.7050468750000001 0.5810546875 0.70210625 0.5537109375 0.700146875 0.5205078125 0.700146875
27 0.578125 0.730525 0.5556640625 0.7359140625 0.5556640625 0.751103125 0.572265625 0.762371875 0.5966796875 0.77168125 0.615234375 0.7760906249999999 0.634765625 0.7687406250000001 0.6650390625 0.7535515625 0.67578125 0.74179375 0.658203125 0.72954375 0.634765625 0.71680625 0.6064453125 0.7217046875 0.578125 0.730525
28 0.3427734375 0.7496328125 0.330078125 0.7589421875 0.328125 0.7687406250000001 0.30859375 0.780009375 0.3017578125 0.7951984375000001 0.3291015625 0.7951984375000001 0.34765625 0.7854 0.3740234375 0.7863796875 0.3623046875 0.7981374999999999 0.3466796875 0.8108765625000001 0.373046875 0.812346875 0.3955078125 0.805978125 0.408203125 0.79421875 0.423828125 0.78441875 0.4365234375 0.7687406250000001 0.4345703125 0.75698125 0.412109375 0.7501218749999999 0.3828125 0.7432624999999999 0.3623046875 0.7452234375 0.3427734375 0.7496328125
0 0.41796875 0.7153359375 0.41015625 0.7035765625 0.400390625 0.6923078125 0.380859375 0.6893671875 0.3603515625 0.6918171875 0.3369140625 0.6986765625 0.3193359375 0.7084765625 0.298828125 0.7128859375000001 0.279296875 0.7202359375 0.2578125 0.72954375 0.248046875 0.7403234375000001 0.2685546875 0.7422828124999999 0.291015625 0.73199375 0.314453125 0.7290546875 0.333984375 0.73689375 0.314453125 0.7422828124999999 0.2958984375 0.7520828125000001 0.2841796875 0.7633515625 0.3095703125 0.763840625 0.330078125 0.7584515625 0.35546875 0.7496328125 0.3779296875 0.7457125 0.400390625 0.7422828124999999 0.421875 0.73689375 0.4365234375 0.725134375 0.41796875 0.7153359375
1 0.3935546875 0.6643796875 0.388671875 0.6536015625 0.3857421875 0.6413515624999999 0.3798828125 0.6286140625 0.3525390625 0.6310625 0.3291015625 0.6369421875 0.30859375 0.6438015625 0.2880859375 0.64723125 0.2578125 0.647721875 0.2353515625 0.6550703125 0.2099609375 0.6604609375 0.197265625 0.6741796875 0.2255859375 0.6756484375 0.25 0.6687890624999999 0.283203125 0.665359375 0.3037109375 0.6732 0.283203125 0.6795687499999999 0.2578125 0.6883874999999999 0.2294921875 0.6996578125 0.2509765625 0.70455625 0.283203125 0.7011265625 0.3115234375 0.6972078125000001 0.3369140625 0.6932875000000001 0.365234375 0.6932875000000001 0.390625 0.6893671875 0.3974609375 0.6780984375 0.3935546875 0.6643796875
2 0.5537109375 0.3013234375 0.576171875 0.3018125 0.6015625 0.29789374999999996 0.626953125 0.29789374999999996 0.6279296875 0.286134375 0.6025390625 0.28123437500000004 0.57421875 0.272415625 0.5556640625 0.2645765625 0.5302734375 0.2552671875 0.509765625 0.2479171875 0.4853515625 0.2464484375 0.466796875 0.25575625 0.458984375 0.2670265625 0.443359375 0.277315625 0.4462890625 0.291034375 0.4697265625 0.292503125 0.5 0.2939734375 0.53125 0.297403125 0.5537109375 0.3013234375
3 0.3134765625 0.6080359375 0.2880859375 0.612934375 0.25390625 0.6193046875 0.2255859375 0.6256734374999999 0.205078125 0.6344921875 0.1845703125 0.6438015625 0.1640625 0.656540625 0.19921875 0.6550703125 0.2255859375 0.6511515625000001 0.2578125 0.64723125 0.291015625 0.6398828125 0.3193359375 0.6374328125 0.349609375 0.6359625 0.3759765625 0.63204375 0.3779296875 0.620284375 0.3720703125 0.609015625 0.36328125 0.597746875 0.3349609375 0.597746875 0.3134765625 0.6080359375
4 0.2939453125 0.5756984375 0.263671875 0.5781484375 0.23828125 0.5810875 0.2119140625 0.5859875 0.189453125 0.5938265625 0.1689453125 0.601665625 0.158203125 0.612934375 0.1845703125 0.6119546875 0.2099609375 0.6075453125 0.2431640625 0.604115625 0.2734375 0.6026453125 0.30078125 0.601665625 0.3291015625 0.6055859375 0.3505859375 0.604115625 0.3603515625 0.592846875 0.357421875 0.5820671875000001 0.3447265625 0.56981875 0.3193359375 0.5732484375 0.2939453125 0.5756984375
5 0.2509765625 0.5463015625 0.220703125 0.551690625 0.1865234375 0.5595296875 0.1611328125 0.5683484375 0.1640625 0.5781484375 0.1943359375 0.5761875 0.220703125 0.5756984375 0.2607421875 0.57716875 0.296875 0.5737390625 0.3349609375 0.571778125 0.3623046875 0.571778125 0.369140625 0.561 0.357421875 0.5453203125 0.333984375 0.5438515625 0.3115234375 0.544340625 0.2841796875 0.5438515625 0.2509765625 0.5463015625
6 0.255859375 0.5232734375 0.2275390625 0.5262125 0.197265625 0.5296421875 0.162109375 0.5365015625 0.1943359375 0.544340625 0.22265625 0.544340625 0.255859375 0.5438515625 0.2880859375 0.542871875 0.3291015625 0.542871875 0.357421875 0.5438515625 0.3603515625 0.5286625 0.3525390625 0.516903125 0.32421875 0.5159234374999999 0.3037109375 0.5198437499999999 0.279296875 0.5213125 0.255859375 0.5232734375
7 0.2353515625 0.5022046875 0.205078125 0.505634375 0.181640625 0.5134734375 0.2080078125 0.5183734375 0.2353515625 0.516903125 0.255859375 0.516903125 0.283203125 0.5159234374999999 0.3212890625 0.5183734375 0.3525390625 0.5188640625 0.3525390625 0.5071046875 0.34375 0.496325 0.31640625 0.49436562500000003 0.2919921875 0.4953453125 0.2685546875 0.49926562499999994 0.2353515625 0.5022046875
8 0.255859375 0.4767265625 0.2294921875 0.47868750000000004 0.2021484375 0.48113593750000005 0.181640625 0.4953453125 0.2119140625 0.4953453125 0.240234375 0.49387499999999995 0.265625 0.491915625 0.291015625 0.4904453125 0.32421875 0.491425 0.3544921875 0.49387499999999995 0.357421875 0.4791765625 0.357421875 0.46643749999999995 0.3291015625 0.4688875 0.306640625 0.4728078125 0.28125 0.4737875 0.255859375 0.4767265625
9 0.291015625 0.44585937500000006 0.2685546875 0.45075937499999996 0.2451171875 0.4546796875 0.2197265625 0.45761874999999996 0.19921875 0.46496875 0.1767578125 0.4728078125 0.20703125 0.47525781250000004 0.23046875 0.4737875 0.25 0.47035781249999997 0.2783203125 0.46986718749999995 0.3037109375 0.46986718749999995 0.330078125 0.46986718749999995 0.3623046875 0.4634984375 0.35546875 0.4517390625 0.3505859375 0.4409609375 0.33203125 0.4404703125 0.3095703125 0.4439 0.291015625 0.44585937500000006
10 0.2939453125 0.4135234375 0.271484375 0.41548281249999997 0.25 0.4174421875 0.2255859375 0.4198921875 0.2001953125 0.4218515625 0.1796875 0.4292015625 0.162109375 0.43899999999999995 0.1845703125 0.443409375 0.2119140625 0.4453703125 0.2353515625 0.4453703125 0.2587890625 0.4453703125 0.28125 0.4453703125 0.3115234375 0.4453703125 0.3349609375 0.44439062500000004 0.36328125 0.4385109375 0.3603515625 0.42675156249999996 0.34765625 0.4164625 0.32421875 0.4140125 0.2939453125 0.4135234375
11 0.296875 0.3860859375 0.2734375 0.387065625 0.248046875 0.38804531249999996 0.2197265625 0.3860859375 0.1845703125 0.384615625 0.1748046875 0.3944140625 0.2001953125 0.40764374999999997 0.220703125 0.41107343749999997 0.25 0.4125421875 0.2763671875 0.4135234375 0.3037109375 0.4164625 0.33203125 0.41891249999999997 0.3505859375 0.4140125 0.3623046875 0.404703125 0.3623046875 0.3919640625 0.33984375 0.384125 0.3193359375 0.381675 0.296875 0.3860859375
12 0.3466796875 0.35276874999999996 0.3193359375 0.3512984375 0.2919921875 0.35031875 0.2685546875 0.35031875 0.2421875 0.347378125 0.2099609375 0.3419890625 0.1845703125 0.3370890625 0.1689453125 0.3488484375 0.19140625 0.3591375 0.21484375 0.3723671875 0.2373046875 0.37922656250000003 0.2578125 0.384125 0.279296875 0.387065625 0.3037109375 0.393434375 0.33203125 0.39637500000000003 0.357421875 0.391475 0.365234375 0.37775625 0.3701171875 0.36795625 0.365234375 0.3561984375 0.3466796875 0.35276874999999996
13 0.5537109375 0.343459375 0.578125 0.341009375 0.599609375 0.333659375 0.615234375 0.3243515625 0.599609375 0.3106328125 0.5634765625 0.3081828125 0.53125 0.306221875 0.5029296875 0.2988734375 0.474609375 0.291034375 0.451171875 0.2939734375 0.431640625 0.3018125 0.4306640625 0.31308125000000003 0.4306640625 0.3268 0.4189453125 0.338559375 0.4384765625 0.3463984375 0.46875 0.347378125 0.5 0.3463984375 0.5302734375 0.34394843750000004 0.5537109375 0.343459375
14 0.3427734375 0.3615875 0.3720703125 0.36550781250000003 0.3935546875 0.3586484375 0.3828125 0.347378125 0.384765625 0.33464062499999997 0.3974609375 0.32533124999999996 0.400390625 0.31308125000000003 0.392578125 0.299853125 0.36328125 0.29544375 0.3369140625 0.29495312500000004 0.314453125 0.29495312500000004 0.2919921875 0.28907343750000003 0.2705078125 0.286134375 0.25 0.2822140625 0.22265625 0.2807453125 0.224609375 0.2915234375 0.24609375 0.30034375 0.2705078125 0.3076921875 0.2919921875 0.3189609375 0.2734375 0.3243515625 0.25 0.32043125 0.2275390625 0.3140625 0.2041015625 0.3067125 0.197265625 0.3189609375 0.216796875 0.3307203125 0.2421875 0.341009375 0.2705078125 0.347378125 0.2958984375 0.349828125 0.32421875 0.3537484375 0.3427734375 0.3615875
15 0.4111328125 0.2454671875 0.3876953125 0.24252812499999998 0.365234375 0.24105781249999997 0.337890625 0.2346890625 0.3173828125 0.22831875 0.298828125 0.2209703125 0.275390625 0.222440625 0.283203125 0.2346890625 0.3037109375 0.2454671875 0.314453125 0.25820625 0.2783203125 0.24889687500000002 0.2490234375 0.24056875 0.23828125 0.2518375 0.2529296875 0.26555625 0.2783203125 0.274375 0.3017578125 0.2822140625 0.33203125 0.29005312499999997 0.34765625 0.30034375 0.3681640625 0.306221875 0.400390625 0.299853125 0.41015625 0.2871140625 0.42578125 0.2758453125 0.4287109375 0.2645765625 0.4306640625 0.2533078125 0.4111328125 0.2454671875
16 0.431640625 0.2097015625 0.416015625 0.1954921875 0.390625 0.187653125 0.3662109375 0.17638437499999998 0.359375 0.167075 0.3369140625 0.1685453125 0.322265625 0.180303125 0.3369140625 0.1905921875 0.3173828125 0.1954921875 0.3017578125 0.185203125 0.279296875 0.1866734375 0.2763671875 0.20088124999999998 0.298828125 0.21068125000000001 0.3134765625 0.22195 0.32421875 0.2322390625 0.3447265625 0.2454671875 0.3681640625 0.24693749999999998 0.3876953125 0.2439984375 0.408203125 0.23664843750000003 0.4296875 0.22587031249999998 0.431640625 0.2097015625
17 0.5234375 0.37922656250000003 0.55078125 0.375796875 0.57421875 0.373346875 0.599609375 0.3718765625 0.63671875 0.36550781250000003 0.6240234375 0.35276874999999996 0.5859375 0.354728125 0.5478515625 0.35276874999999996 0.548828125 0.35276874999999996 0.5224609375 0.3512984375 0.4921875 0.3488484375 0.4619140625 0.3463984375 0.4296875 0.34051875 0.408203125 0.34835937499999997 0.4130859375 0.361096875 0.408203125 0.37432656249999996 0.43359375 0.3831453125 0.458984375 0.384615625 0.4951171875 0.381675 0.5234375 0.37922656250000003
18 0.5947265625 0.398334375 0.619140625 0.39735468749999997 0.619140625 0.38804531249999996 0.576171875 0.3831453125 0.5400390625 0.37922656250000003 0.5029296875 0.37775625 0.4765625 0.3767765625 0.4443359375 0.37285625 0.4189453125 0.37285625 0.400390625 0.379715625 0.3955078125 0.3944140625 0.41796875 0.40519375 0.46875 0.4086234375 0.5048828125 0.4086234375 0.5439453125 0.40519375 0.568359375 0.40372343749999995 0.5947265625 0.398334375
19 0.53515625 0.43459062499999995 0.56640625 0.4341015625 0.5966796875 0.4331203125 0.63671875 0.42822187500000003 0.611328125 0.42038281250000004 0.576171875 0.4140125 0.5380859375 0.409603125 0.5107421875 0.404703125 0.484375 0.404703125 0.4541015625 0.403234375 0.4267578125 0.3998046875 0.4013671875 0.4042140625 0.3828125 0.41156249999999994 0.390625 0.42675156249999996 0.3984375 0.43899999999999995 0.4345703125 0.43802031250000006 0.474609375 0.4355703125 0.501953125 0.4355703125 0.53515625 0.43459062499999995
20 0.541015625 0.4683984375 0.568359375 0.4683984375 0.6025390625 0.4639875 0.5947265625 0.45369843750000005 0.5458984375 0.4517390625 0.5126953125 0.4453703125 0.4775390625 0.4404703125 0.451171875 0.437040625 0.423828125 0.4331203125 0.3984375 0.437040625 0.3759765625 0.44292031249999997 0.3798828125 0.4561484375 0.390625 0.46643749999999995 0.4208984375 0.4683984375 0.4521484375 0.4688875 0.4853515625 0.4683984375 0.5048828125 0.46643749999999995 0.541015625 0.4683984375
31 0.6220703125 0.21949999999999997 0.5947265625 0.221459375 0.59375 0.23370937500000002 0.5693359375 0.23958906249999998 0.5556640625 0.2567375 0.5712890625 0.269475 0.6025390625 0.2758453125 0.6318359375 0.2797640625 0.658203125 0.2822140625 0.6865234375 0.27339531250000004 0.677734375 0.25036718750000003 0.650390625 0.2346890625 0.6220703125 0.21949999999999997