2 0.66796875 0.288584375 0.6865234375 0.276825 0.6572265625 0.26065625 0.6142578125 0.26065625 0.5712890625 0.2523265625 0.5419921875 0.2479171875 0.513671875 0.24448750000000002 0.490234375 0.25967656250000004 0.4794921875 0.2714359375 0.490234375 0.2895640625 0.5693359375 0.2959328125 0.6201171875 0.29299375 0.66796875 0.288584375
13 0.46875 0.3356203125 0.4990234375 0.3419890625 0.5390625 0.341009375 0.5693359375 0.3375796875 0.6015625 0.3366 0.6181640625 0.333659375 0.6552734375 0.3194515625 0.677734375 0.3057328125 0.650390625 0.2969125 0.626953125 0.302303125 0.6123046875 0.302303125 0.5888671875 0.302303125 0.556640625 0.302303125 0.5224609375 0.2959328125 0.4853515625 0.29495312500000004 0.4755859375 0.311121875 0.46875 0.3356203125
17 0.646484375 0.381675 0.6337890625 0.3718765625 0.5908203125 0.361096875 0.5478515625 0.3537484375 0.515625 0.3493390625 0.4951171875 0.341009375 0.46875 0.3356203125 0.4560546875 0.3493390625 0.4541015625 0.3625671875 0.4794921875 0.36893750000000003 0.51171875 0.373346875 0.5478515625 0.37530625 0.5712890625 0.3762859375 0.5927734375 0.3782453125 0.623046875 0.3860859375 0.646484375 0.381675
18 0.6142578125 0.41156249999999994 0.6416015625 0.41695312500000004 0.6416015625 0.402253125 0.6162109375 0.391475 0.5869140625 0.381675 0.55859375 0.377265625 0.529296875 0.377265625 0.5078125 0.377265625 0.4775390625 0.370896875 0.447265625 0.36648749999999997 0.4375 0.38510468750000004 0.4501953125 0.402253125 0.48828125 0.4061734375 0.5419921875 0.40715312499999995 0.5712890625 0.4086234375 0.5947265625 0.41058281250000006 0.6142578125 0.41156249999999994
19 0.583984375 0.41695312500000004 0.55859375 0.4140125 0.529296875 0.41058281250000006 0.5078125 0.4086234375 0.4814453125 0.409603125 0.4560546875 0.403234375 0.4345703125 0.403234375 0.4267578125 0.41156249999999994 0.419921875 0.4287109375 0.439453125 0.4385109375 0.4775390625 0.4385109375 0.515625 0.4385109375 0.5390625 0.4385109375 0.5625 0.4385109375 0.599609375 0.4385109375 0.6181640625 0.4385109375 0.6396484375 0.43165156250000003 0.6376953125 0.42332187499999996 0.583984375 0.41695312500000004
20 0.4111328125 0.46643749999999995 0.44140625 0.4683984375 0.466796875 0.4683984375 0.48828125 0.4683984375 0.5400390625 0.4723171875 0.580078125 0.4772171875 0.6162109375 0.48015625 0.6376953125 0.47819687499999997 0.6455078125 0.469378125 0.599609375 0.4566390625 0.578125 0.45222968750000003 0.556640625 0.45125000000000004 0.537109375 0.44782031250000004 0.5185546875 0.44585937500000006 0.4990234375 0.44292031249999997 0.4775390625 0.439490625 0.4453125 0.439490625 0.419921875 0.439490625 0.4052734375 0.45320937499999997 0.4111328125 0.46643749999999995
21 0.39453125 0.485546875 0.396484375 0.5026953125 0.4130859375 0.5071046875 0.4521484375 0.51004375 0.4755859375 0.506125 0.5029296875 0.5046546875 0.5419921875 0.5110234375 0.576171875 0.51249375 0.5947265625 0.51249375 0.6142578125 0.51004375 0.6162109375 0.4953453125 0.5947265625 0.48750625000000003 0.55859375 0.4835859375 0.5263671875 0.48113593750000005 0.509765625 0.48015625 0.490234375 0.47819687499999997 0.470703125 0.4737875 0.4375 0.469378125 0.4091796875 0.469378125 0.39453125 0.485546875
22 0.4775390625 0.5477703125 0.529296875 0.54973125 0.5732421875 0.54973125 0.60546875 0.55365 0.6181640625 0.54238125 0.5869140625 0.530621875 0.5478515625 0.5227828125 0.513671875 0.5178828125 0.4814453125 0.514453125 0.4541015625 0.5090640625 0.4052734375 0.5080843749999999 0.400390625 0.521803125 0.400390625 0.5360125 0.421875 0.5453203125 0.4775390625 0.5477703125
30 0.4453125 0.5732484375 0.4794921875 0.574228125 0.5205078125 0.5796171875 0.537109375 0.5810875 0.5693359375 0.5850078125 0.6015625 0.5894171874999999 0.6162109375 0.574228125 0.5732421875 0.5688390625 0.529296875 0.55855 0.5078125 0.5541406249999999 0.4755859375 0.5507109375 0.439453125 0.5477703125 0.4072265625 0.5467906250000001 0.400390625 0.5614890625 0.4072265625 0.5786374999999999 0.4453125 0.5732484375
29 0.419921875 0.5796171875 0.400390625 0.5894171874999999 0.4033203125 0.60460625 0.4287109375 0.6075453125 0.4560546875 0.608525 0.4736328125 0.6075453125 0.4970703125 0.6099953124999999 0.537109375 0.608525 0.556640625 0.608525 0.58203125 0.6075453125 0.603515625 0.6075453125 0.626953125 0.6075453125 0.646484375 0.6075453125 0.625 0.59480625 0.5966796875 0.5913765625 0.560546875 0.5859875 0.529296875 0.583046875 0.490234375 0.5820671875000001 0.447265625 0.5820671875000001 0.419921875 0.5796171875
23 0.44140625 0.6408625 0.486328125 0.63204375 0.51171875 0.63204375 0.5390625 0.6310625 0.55859375 0.629103125 0.58203125 0.629103125 0.62109375 0.6330234375 0.650390625 0.6300828125 0.6103515625 0.618325 0.564453125 0.612934375 0.513671875 0.610975 0.466796875 0.610975 0.4326171875 0.608525 0.421875 0.618325 0.4091796875 0.629103125 0.44140625 0.6408625
24 0.552734375 0.6354734375 0.53125 0.6344921875 0.515625 0.6344921875 0.46875 0.6344921875 0.4501953125 0.6374328125 0.4287109375 0.6398828125 0.41796875 0.651640625 0.41796875 0.6560515625 0.44140625 0.6609499999999999 0.4580078125 0.65703125 0.4951171875 0.65703125 0.5205078125 0.65703125 0.5419921875 0.6580109375000001 0.55859375 0.6580109375000001 0.578125 0.65703125 0.603515625 0.6560515625 0.6337890625 0.6560515625 0.6123046875 0.6408625 0.5869140625 0.6374328125 0.552734375 0.6354734375
25 0.529296875 0.6599703124999999 0.4921875 0.6599703124999999 0.4501953125 0.6609499999999999 0.423828125 0.666340625 0.4267578125 0.675159375 0.4287109375 0.68691875 0.423828125 0.697696875 0.4501953125 0.7006375 0.484375 0.7016171875 0.4951171875 0.6996578125 0.513671875 0.6967171875 0.537109375 0.6932875000000001 0.556640625 0.6898578125 0.5927734375 0.6859375 0.6162109375 0.6834890625 0.6357421875 0.681528125 0.646484375 0.6643796875 0.6142578125 0.6624203125 0.5927734375 0.6624203125 0.5625 0.6599703124999999 0.529296875 0.6599703124999999
26 0.6015625 0.6986765625 0.580078125 0.6986765625 0.5458984375 0.6996578125 0.51171875 0.6996578125 0.4775390625 0.7016171875 0.4501953125 0.7128859375000001 0.4521484375 0.727584375 0.46875 0.7413031250000001 0.4970703125 0.7403234375000001 0.515625 0.7329734375 0.5498046875 0.7266046875 0.5927734375 0.723175 0.6572265625 0.718765625 0.6572265625 0.7084765625 0.6337890625 0.7040671875 0.6015625 0.6986765625
27 0.62890625 0.727584375 0.5927734375 0.727584375 0.5654296875 0.7339546875 0.53515625 0.7359140625 0.515625 0.7359140625 0.48828125 0.7447328125 0.484375 0.7584515625 0.51171875 0.766290625 0.5263671875 0.7746203125 0.560546875 0.77168125 0.5908203125 0.763840625 0.630859375 0.7599218750000001 0.65234375 0.7530625 0.6806640625 0.7457125 0.6884765625 0.737384375 0.6591796875 0.73199375 0.62890625 0.727584375
28 0.3369140625 0.7564921874999999 0.328125 0.764821875 0.328125 0.780009375 0.3115234375 0.7927484375 0.3583984375 0.7951984375000001 0.400390625 0.7854 0.41796875 0.77805 0.4501953125 0.7765796875000001 0.4755859375 0.7672703125 0.470703125 0.7564921874999999 0.466796875 0.7466921875 0.447265625 0.7383640625 0.421875 0.7285640625 0.3857421875 0.743753125 0.353515625 0.751103125 0.3369140625 0.7564921874999999
0 0.3515625 0.6996578125 0.3427734375 0.7084765625 0.322265625 0.7158249999999999 0.306640625 0.7266046875 0.2880859375 0.7339546875 0.2578125 0.7476734375 0.2666015625 0.7584515625 0.2978515625 0.7584515625 0.3173828125 0.7564921874999999 0.345703125 0.7501218749999999 0.3662109375 0.7427734375 0.3798828125 0.737384375 0.4033203125 0.7329734375 0.4306640625 0.7285640625 0.4375 0.7138656250000001 0.41796875 0.70700625 0.4111328125 0.695246875 0.4052734375 0.6834890625 0.3857421875 0.681528125 0.3515625 0.6996578125
1 0.4072265625 0.6687890624999999 0.4072265625 0.658990625 0.3984375 0.6482109375 0.396484375 0.6398828125 0.353515625 0.6506609375 0.330078125 0.6506609375 0.3115234375 0.6506609375 0.279296875 0.65458125 0.26171875 0.65703125 0.23828125 0.6643796875 0.232421875 0.67711875 0.2744140625 0.6727093749999999 0.2978515625 0.67075 0.330078125 0.6697703125000001 0.2939453125 0.6825078125 0.2705078125 0.68691875 0.2431640625 0.6942671875 0.2197265625 0.7060265625000001 0.26171875 0.7060265625000001 0.302734375 0.697696875 0.328125 0.6932875000000001 0.353515625 0.68691875 0.3818359375 0.6825078125 0.4072265625 0.6780984375 0.4072265625 0.6687890624999999
3 0.2451171875 0.6374328125 0.2236328125 0.6408625 0.1875 0.6506609375 0.16796875 0.6599703124999999 0.2216796875 0.65703125 0.2685546875 0.652621875 0.302734375 0.651640625 0.3388671875 0.64723125 0.37109375 0.64723125 0.39453125 0.6354734375 0.4052734375 0.6246937499999999 0.37109375 0.6173437500000001 0.33203125 0.6246937499999999 0.30859375 0.6335124999999999 0.2724609375 0.6374328125 0.2451171875 0.6374328125
4 0.3583984375 0.5859875 0.3115234375 0.59480625 0.2744140625 0.6011765625 0.255859375 0.60215625 0.2197265625 0.6099953124999999 0.2021484375 0.6099953124999999 0.1806640625 0.6193046875 0.2021484375 0.6281234375 0.2470703125 0.6217546875 0.2939453125 0.620284375 0.322265625 0.6193046875 0.3583984375 0.618325 0.3896484375 0.6163640625 0.400390625 0.6075453125 0.3857421875 0.592846875 0.3583984375 0.5859875
5 0.345703125 0.5619796874999999 0.3251953125 0.5644296875 0.3017578125 0.5644296875 0.2822265625 0.5658984375 0.2626953125 0.5688390625 0.2392578125 0.5737390625 0.216796875 0.5786374999999999 0.19140625 0.5786374999999999 0.166015625 0.5850078125 0.146484375 0.5938265625 0.1875 0.5957859375 0.208984375 0.5938265625 0.2490234375 0.5938265625 0.28125 0.592846875 0.3193359375 0.592846875 0.3427734375 0.5894171874999999 0.3662109375 0.5850078125 0.380859375 0.5820671875000001 0.384765625 0.57471875 0.37890625 0.5663890625 0.345703125 0.5619796874999999
6 0.3251953125 0.5614890625 0.3447265625 0.5614890625 0.36328125 0.5639390625 0.373046875 0.560509375 0.373046875 0.5507109375 0.3740234375 0.54238125 0.361328125 0.5384609375 0.3359375 0.53993125 0.314453125 0.5414015625 0.2958984375 0.54238125 0.2783203125 0.5414015625 0.2568359375 0.5414015625 0.2392578125 0.5453203125 0.21875 0.5477703125 0.208984375 0.5502203125 0.201171875 0.5546296875000001 0.193359375 0.5619796874999999 0.2060546875 0.5658984375 0.224609375 0.5639390625 0.2412109375 0.561 0.263671875 0.5595296875 0.2763671875 0.560509375 0.3017578125 0.5614890625 0.3251953125 0.5614890625
7 0.349609375 0.5384609375 0.3662109375 0.537971875 0.37109375 0.528171875 0.3662109375 0.5203328125 0.359375 0.515434375 0.337890625 0.51494375 0.314453125 0.51739375 0.2939453125 0.51739375 0.2724609375 0.51739375 0.26171875 0.51739375 0.2431640625 0.5188640625 0.2216796875 0.5178828125 0.2041015625 0.5188640625 0.1943359375 0.524253125 0.1943359375 0.5296421875 0.2001953125 0.530621875 0.216796875 0.5320921875 0.2392578125 0.533071875 0.2548828125 0.5335625 0.2666015625 0.5335625 0.27734375 0.5369921875 0.2890625 0.5369921875 0.302734375 0.5369921875 0.3271484375 0.537971875 0.349609375 0.5384609375
8 0.3603515625 0.512984375 0.375 0.5115140625000001 0.3798828125 0.5046546875 0.376953125 0.498284375 0.373046875 0.49240625 0.3564453125 0.49093593750000003 0.3408203125 0.49093593750000003 0.314453125 0.49093593750000003 0.2880859375 0.49240625 0.2685546875 0.491425 0.2509765625 0.491425 0.234375 0.49730468749999995 0.208984375 0.4997546875 0.19921875 0.5007343750000001 0.193359375 0.506125 0.2041015625 0.5066140625 0.2265625 0.506125 0.24609375 0.5051453125 0.263671875 0.5051453125 0.291015625 0.5051453125 0.30859375 0.5090640625 0.3349609375 0.5120046874999999 0.3603515625 0.512984375
9 0.3232421875 0.487015625 0.345703125 0.48946562499999996 0.3701171875 0.491425 0.3798828125 0.48652656250000004 0.3798828125 0.475746875 0.376953125 0.47035781249999997 0.3642578125 0.4634984375 0.33984375 0.46496875 0.3203125 0.46496875 0.3017578125 0.46496875 0.2861328125 0.46496875 0.2705078125 0.46545781249999996 0.251953125 0.46545781249999996 0.2412109375 0.464478125 0.224609375 0.46202812499999996 0.2080078125 0.46251875 0.193359375 0.464478125 0.1884765625 0.46643749999999995 0.2353515625 0.4747671875 0.263671875 0.480646875 0.2783203125 0.48260625 0.291015625 0.48407656250000003 0.306640625 0.48407656250000003 0.3232421875 0.487015625
10 0.2763671875 0.4517390625 0.2861328125 0.45418906249999996 0.296875 0.45565937500000003 0.33203125 0.46251875 0.345703125 0.464478125 0.361328125 0.4630078125 0.376953125 0.4610484375 0.390625 0.45418906249999996 0.390625 0.44439062500000004 0.390625 0.43753125 0.361328125 0.4341015625 0.3388671875 0.4341015625 0.322265625 0.4341015625 0.3037109375 0.429690625 0.2822265625 0.42675156249999996 0.263671875 0.4218515625 0.2470703125 0.420871875 0.234375 0.4218515625 0.2099609375 0.42136250000000003 0.1953125 0.42234218749999997 0.185546875 0.42381250000000004 0.1689453125 0.4287109375 0.18359375 0.429690625 0.2119140625 0.43655 0.2353515625 0.44145 0.255859375 0.4453703125 0.265625 0.448309375 0.2763671875 0.4517390625
11 0.271484375 0.420871875 0.3115234375 0.42773125 0.34765625 0.43263125 0.3525390625 0.4341015625 0.380859375 0.437040625 0.392578125 0.43165156250000003 0.40625 0.4272421875 0.4072265625 0.41891249999999997 0.3916015625 0.409603125 0.3701171875 0.4056828125 0.333984375 0.4017640625 0.31640625 0.3998046875 0.2939453125 0.395884375 0.2802734375 0.39294531250000003 0.265625 0.3924546875 0.23046875 0.3860859375 0.220703125 0.3855953125 0.201171875 0.38510468750000004 0.189453125 0.3904953125 0.2060546875 0.3949046875 0.2138671875 0.39637500000000003 0.224609375 0.403234375 0.232421875 0.40764374999999997 0.2421875 0.41107343749999997 0.2548828125 0.41548281249999997 0.271484375 0.420871875
12 0.32421875 0.3904953125 0.333984375 0.39392499999999997 0.3447265625 0.39735468749999997 0.361328125 0.4012734375 0.3759765625 0.4061734375 0.38671875 0.4066640625 0.3974609375 0.4135234375 0.4111328125 0.409603125 0.419921875 0.403234375 0.4208984375 0.395884375 0.4208984375 0.388534375 0.4208984375 0.37922656250000003 0.40625 0.377265625 0.3837890625 0.373346875 0.3564453125 0.3694265625 0.337890625 0.3669765625 0.3203125 0.3640375 0.2841796875 0.3566875 0.263671875 0.354728125 0.2451171875 0.3512984375 0.2236328125 0.34688906249999996 0.2158203125 0.3517890625 0.2265625 0.361096875 0.2392578125 0.3674671875 0.2548828125 0.37285625 0.2763671875 0.37922656250000003 0.2958984375 0.3831453125 0.306640625 0.3855953125 0.32421875 0.3904953125
14 0.267578125 0.3214109375 0.2529296875 0.31749218749999997 0.2392578125 0.30867187500000004 0.2255859375 0.307203125 0.2275390625 0.319940625 0.2412109375 0.33022968750000004 0.2529296875 0.338559375 0.263671875 0.34296875 0.2734375 0.3463984375 0.2890625 0.3508078125 0.3076171875 0.354728125 0.322265625 0.3586484375 0.3330078125 0.3591375 0.34765625 0.3601171875 0.3642578125 0.36648749999999997 0.375 0.36795625 0.390625 0.37432656249999996 0.4072265625 0.377265625 0.4228515625 0.3787359375 0.4306640625 0.3650171875 0.4375 0.357178125 0.4453125 0.347378125 0.4453125 0.33904999999999996 0.4423828125 0.33121093749999997 0.4287109375 0.32533124999999996 0.404296875 0.32533124999999996 0.365234375 0.31553125 0.33203125 0.3032828125 0.3134765625 0.29789374999999996 0.2880859375 0.2939734375 0.2666015625 0.2895640625 0.2705078125 0.3018125 0.28125 0.3096515625 0.2998046875 0.31798125 0.318359375 0.32239062500000004 0.333984375 0.32925 0.345703125 0.33610937500000004 0.333984375 0.341009375 0.3076171875 0.3356203125 0.287109375 0.32925 0.267578125 0.3214109375
15 0.3740234375 0.3067125 0.396484375 0.313571875 0.41015625 0.319940625 0.421875 0.32288125 0.435546875 0.3258203125 0.4541015625 0.32092187499999997 0.4541015625 0.31308125000000003 0.4541015625 0.29936250000000003 0.46484375 0.2939734375 0.474609375 0.2846640625 0.4716796875 0.2758453125 0.4462890625 0.27339531250000004 0.419921875 0.269965625 0.3994140625 0.2640859375 0.384765625 0.25918593749999996 0.3662109375 0.25379687500000003 0.3427734375 0.2464484375 0.3232421875 0.244978125 0.302734375 0.2484078125 0.3076171875 0.256246875 0.287109375 0.2577171875 0.29296875 0.2738859375 0.3046875 0.281725 0.3193359375 0.2895640625 0.328125 0.29544375 0.3408203125 0.29936250000000003 0.3740234375 0.3067125
16 0.4052734375 0.1891234375 0.3857421875 0.181284375 0.375 0.18814375 0.3662109375 0.2003921875 0.3525390625 0.20627187500000002 0.3505859375 0.21459999999999999 0.359375 0.22685 0.3759765625 0.240078125 0.390625 0.2464484375 0.4091796875 0.2552671875 0.419921875 0.258696875 0.4326171875 0.2665359375 0.458984375 0.2709453125 0.4716796875 0.2660453125 0.482421875 0.2616359375 0.4892578125 0.2533078125 0.4892578125 0.2464484375 0.5029296875 0.24105781249999997 0.5029296875 0.2346890625 0.4873046875 0.22831875 0.474609375 0.22195 0.4619140625 0.217540625 0.443359375 0.21215156249999997 0.42578125 0.20431093749999998 0.4052734375 0.1891234375