2 0.7520828125000001 0.4580078125 0.7476734375 0.4287109375 0.73934375 0.3857421875 0.73934375 0.3427734375 0.723175 0.3134765625 0.711415625 0.33203125 0.70700625 0.3798828125 0.7040671875 0.4306640625 0.7104359375 0.509765625 0.7285640625 0.5205078125 0.7403234375000001 0.509765625 0.7555125 0.486328125 0.7520828125000001 0.4580078125
13 0.7040671875 0.4775390625 0.697696875 0.443359375 0.697696875 0.4111328125 0.697696875 0.3876953125 0.697696875 0.373046875 0.7030875 0.349609375 0.6942671875 0.322265625 0.6805484374999999 0.3447265625 0.666340625 0.3818359375 0.6634 0.3984375 0.6624203125 0.4306640625 0.658990625 0.4609375 0.6580109375000001 0.5009765625 0.6643796875 0.53125 0.688878125 0.5244140625 0.7050468750000001 0.5146484375 0.7040671875 0.4775390625
17 0.6246937499999999 0.4521484375 0.626653125 0.48828125 0.6310625 0.5205078125 0.6374328125 0.5458984375 0.6506609375 0.5439453125 0.6643796875 0.53125 0.658990625 0.5048828125 0.6506609375 0.484375 0.6462515625 0.4521484375 0.638903125 0.4091796875 0.6281234375 0.3662109375 0.618325 0.353515625 0.6139140624999999 0.376953125 0.6217546875 0.4072265625 0.6237140625 0.4287109375 0.6246937499999999 0.4521484375
18 0.592846875 0.4580078125 0.5938265625 0.51171875 0.597746875 0.5498046875 0.6148953125000001 0.5625 0.6335124999999999 0.552734375 0.629103125 0.5224609375 0.6227343750000001 0.4921875 0.6227343750000001 0.470703125 0.6227343750000001 0.44140625 0.618325 0.4130859375 0.608525 0.3837890625 0.597746875 0.3583984375 0.583046875 0.3583984375 0.5884375000000001 0.3857421875 0.5894171874999999 0.4052734375 0.5913765625 0.4287109375 0.592846875 0.4580078125
19 0.576678125 0.3623046875 0.5683484375 0.3603515625 0.5614890625 0.3818359375 0.5614890625 0.400390625 0.5614890625 0.4375 0.5614890625 0.4609375 0.5614890625 0.484375 0.5614890625 0.5224609375 0.5614890625 0.560546875 0.5712890625 0.580078125 0.5884375000000001 0.5732421875 0.596765625 0.5654296875 0.596765625 0.5439453125 0.5903968749999999 0.5185546875 0.5913765625 0.4921875 0.5894171874999999 0.470703125 0.5859875 0.44140625 0.583046875 0.416015625 0.576678125 0.3623046875
20 0.5335625 0.5888671875 0.5467906250000001 0.5947265625 0.560509375 0.580078125 0.560509375 0.5546875 0.560509375 0.5224609375 0.5570796875 0.5009765625 0.5541406249999999 0.4814453125 0.5521796875 0.462890625 0.54875 0.443359375 0.5477703125 0.421875 0.5433609374999999 0.400390625 0.530621875 0.3544921875 0.521803125 0.3623046875 0.5198437499999999 0.3837890625 0.5227828125 0.419921875 0.5276828124999999 0.4599609375 0.5316015625 0.51171875 0.5316015625 0.533203125 0.5316015625 0.55859375 0.5335625 0.5888671875
21 0.514453125 0.60546875 0.530621875 0.5908203125 0.530621875 0.5625 0.5262125 0.529296875 0.521803125 0.509765625 0.5198437499999999 0.490234375 0.5188640625 0.4736328125 0.5164140625 0.44140625 0.51249375 0.4052734375 0.5046546875 0.3837890625 0.48995625 0.3857421875 0.48750625000000003 0.4052734375 0.48750625000000003 0.423828125 0.4889765625 0.4580078125 0.4953453125 0.4970703125 0.49387499999999995 0.5244140625 0.48995625 0.5478515625 0.49289531249999996 0.5869140625 0.49730468749999995 0.603515625 0.514453125 0.60546875
22 0.49093593750000003 0.5458984375 0.485546875 0.5185546875 0.4821171875 0.486328125 0.4772171875 0.4521484375 0.469378125 0.4130859375 0.45761874999999996 0.3818359375 0.44634999999999997 0.39453125 0.45026875000000005 0.4267578125 0.45026875000000005 0.470703125 0.45222968750000003 0.5224609375 0.4546796875 0.578125 0.4639875 0.599609375 0.47819687499999997 0.599609375 0.491915625 0.5947265625 0.49093593750000003 0.5458984375
30 0.45222968750000003 0.560546875 0.4492890625 0.5244140625 0.44585937500000006 0.4921875 0.44145 0.470703125 0.43116093749999995 0.4267578125 0.425771875 0.3837890625 0.41058281250000006 0.3984375 0.41499218750000005 0.4306640625 0.41891249999999997 0.462890625 0.42038281250000004 0.4794921875 0.425771875 0.5205078125 0.42675156249999996 0.5546875 0.42136250000000003 0.5927734375 0.4385109375 0.599609375 0.45320937499999997 0.5927734375 0.45222968750000003 0.560546875
29 0.42038281250000004 0.580078125 0.4179328125 0.552734375 0.4179328125 0.509765625 0.41695312500000004 0.470703125 0.4140125 0.439453125 0.4086234375 0.4033203125 0.40519375 0.375 0.3924546875 0.353515625 0.3924546875 0.373046875 0.3924546875 0.396484375 0.3924546875 0.41796875 0.391475 0.443359375 0.391475 0.462890625 0.3900046875 0.5029296875 0.3924546875 0.5263671875 0.391475 0.5439453125 0.3924546875 0.5712890625 0.39539375 0.5966796875 0.41058281250000006 0.599609375 0.42038281250000004 0.580078125
23 0.389025 0.533203125 0.389025 0.486328125 0.387065625 0.435546875 0.381675 0.3896484375 0.3699171875 0.349609375 0.3669765625 0.37890625 0.370896875 0.41796875 0.370896875 0.44140625 0.36893750000000003 0.4609375 0.36795625 0.48828125 0.36795625 0.513671875 0.3591375 0.55859375 0.370896875 0.5908203125 0.381675 0.578125 0.391475 0.5673828125 0.389025 0.533203125
24 0.3645265625 0.447265625 0.3625671875 0.4130859375 0.3591375 0.3876953125 0.34394843750000004 0.3662109375 0.34394843750000004 0.396484375 0.34296875 0.421875 0.3419890625 0.44140625 0.3419890625 0.4580078125 0.34296875 0.4794921875 0.34296875 0.5048828125 0.34296875 0.5419921875 0.33904999999999996 0.55859375 0.34394843750000004 0.58203125 0.34835937499999997 0.58203125 0.3601171875 0.5712890625 0.3625671875 0.5498046875 0.36550781250000003 0.53125 0.36550781250000003 0.484375 0.36550781250000003 0.46875 0.3645265625 0.447265625
25 0.3400296875 0.5078125 0.3400296875 0.470703125 0.3400296875 0.4375 0.3375796875 0.4072265625 0.3375796875 0.3857421875 0.3356203125 0.353515625 0.318471875 0.3642578125 0.31651093750000003 0.3837890625 0.3140625 0.4072265625 0.3101421875 0.443359375 0.3067125 0.462890625 0.3032828125 0.486328125 0.30034375 0.5048828125 0.2983828125 0.515625 0.29936250000000003 0.5498046875 0.302303125 0.576171875 0.31308125000000003 0.5712890625 0.324840625 0.5732421875 0.333659375 0.576171875 0.33904999999999996 0.5498046875 0.3400296875 0.5078125
26 0.276825 0.4072265625 0.27339531250000004 0.4501953125 0.2670265625 0.484375 0.25967656250000004 0.5029296875 0.258696875 0.53125 0.272415625 0.5478515625 0.2871140625 0.5498046875 0.2983828125 0.5224609375 0.30034375 0.48828125 0.30034375 0.4541015625 0.3013234375 0.419921875 0.3013234375 0.3984375 0.2959328125 0.3662109375 0.2915234375 0.3427734375 0.28123437500000004 0.3427734375 0.276825 0.4072265625
27 0.2542875 0.3193359375 0.24693749999999998 0.34765625 0.240078125 0.369140625 0.236159375 0.4091796875 0.22831875 0.439453125 0.22537968749999998 0.4736328125 0.23370937500000002 0.48828125 0.24154843750000002 0.515625 0.2552671875 0.51171875 0.2640859375 0.484375 0.2640859375 0.46484375 0.2660453125 0.4345703125 0.272415625 0.4072265625 0.272415625 0.37109375 0.26800625 0.3408203125 0.262615625 0.3115234375 0.2542875 0.3193359375
28 0.2616359375 0.552734375 0.2533078125 0.533203125 0.2435078125 0.529296875 0.2327296875 0.5244140625 0.2234203125 0.5498046875 0.22195 0.58203125 0.21459999999999999 0.599609375 0.2048015625 0.6416015625 0.2072515625 0.6884765625 0.21999062500000002 0.671875 0.23517812500000002 0.671875 0.2435078125 0.6630859375 0.24889687500000002 0.646484375 0.256246875 0.6142578125 0.2714359375 0.578125 0.2616359375 0.552734375
0 0.30034375 0.6484375 0.318471875 0.6142578125 0.31651093750000003 0.5947265625 0.304753125 0.5888671875 0.29299375 0.58203125 0.286134375 0.5625 0.2714359375 0.5693359375 0.2670265625 0.5966796875 0.262615625 0.6201171875 0.2572265625 0.6337890625 0.249878125 0.654296875 0.2435078125 0.6826171875 0.24154843750000002 0.7021484375 0.24154843750000002 0.7333984375 0.2523265625 0.7421875 0.2660453125 0.7119140625 0.27339531250000004 0.693359375 0.284175 0.677734375 0.2915234375 0.6572265625 0.30034375 0.6484375
1 0.3493390625 0.669921875 0.3493390625 0.646484375 0.3601171875 0.603515625 0.3517890625 0.6015625 0.341009375 0.5927734375 0.33121093749999997 0.5927734375 0.3219015625 0.5927734375 0.31749218749999997 0.6181640625 0.31308125000000003 0.646484375 0.3067125 0.671875 0.302303125 0.697265625 0.2939734375 0.73828125 0.2939734375 0.7802734375 0.3057328125 0.7568359375 0.31308125000000003 0.7294921875 0.31749218749999997 0.7060546875 0.33022968750000004 0.669921875 0.32925 0.7021484375 0.327290625 0.7255859375 0.32288125 0.767578125 0.3356203125 0.76171875 0.34296875 0.73828125 0.34541875 0.720703125 0.3493390625 0.6884765625 0.3493390625 0.669921875
3 0.38265625000000003 0.62890625 0.37530625 0.5947265625 0.3645265625 0.60546875 0.35276874999999996 0.62890625 0.35276874999999996 0.6611328125 0.34835937499999997 0.697265625 0.347378125 0.7314453125 0.34296875 0.7783203125 0.3400296875 0.83203125 0.3493390625 0.8125 0.3591375 0.7763671875 0.3625671875 0.7548828125 0.3625671875 0.7275390625 0.36648749999999997 0.69140625 0.37530625 0.66796875 0.38265625000000003 0.62890625
4 0.381675 0.6416015625 0.3806953125 0.677734375 0.379715625 0.7060546875 0.3782453125 0.7529296875 0.3718765625 0.7978515625 0.3806953125 0.8193359375 0.3900046875 0.7978515625 0.3900046875 0.7802734375 0.39784375 0.744140625 0.39882343750000004 0.7255859375 0.40519375 0.6884765625 0.4140125 0.6416015625 0.40715312499999995 0.6142578125 0.3924546875 0.599609375 0.38363593749999997 0.6103515625 0.381675 0.6416015625
5 0.4355703125 0.6748046875 0.43802031250000006 0.654296875 0.4336109375 0.62109375 0.42528125 0.615234375 0.4179328125 0.619140625 0.41499218750000005 0.6337890625 0.41058281250000006 0.6572265625 0.40715312499999995 0.6806640625 0.40715312499999995 0.71875 0.4061734375 0.7509765625 0.4061734375 0.791015625 0.4042140625 0.8125 0.4061734375 0.853515625 0.41499218750000005 0.833984375 0.42136250000000003 0.80859375 0.42136250000000003 0.783203125 0.42626093750000005 0.7607421875 0.43116093749999995 0.7373046875 0.4341015625 0.7177734375 0.4355703125 0.6982421875 0.4355703125 0.6748046875
6 0.4492890625 0.626953125 0.439490625 0.626953125 0.4360609375 0.63671875 0.4385109375 0.6552734375 0.4385109375 0.6748046875 0.4385109375 0.6982421875 0.439490625 0.7236328125 0.4404703125 0.736328125 0.43899999999999995 0.7587890625 0.4360609375 0.775390625 0.4341015625 0.7939453125 0.43802031250000006 0.806640625 0.4453703125 0.798828125 0.44977968749999997 0.791015625 0.45222968750000003 0.78125 0.4546796875 0.7607421875 0.45859843749999996 0.7431640625 0.45859843749999996 0.7216796875 0.45761874999999996 0.7041015625 0.45859843749999996 0.685546875 0.46006875 0.6640625 0.4615390625 0.638671875 0.45761874999999996 0.6259765625 0.4492890625 0.626953125
7 0.48505624999999997 0.662109375 0.484565625 0.640625 0.47966718750000004 0.6337890625 0.47182812500000004 0.62890625 0.46202812499999996 0.6337890625 0.4615390625 0.650390625 0.46202812499999996 0.6728515625 0.4630078125 0.697265625 0.4630078125 0.7109375 0.4630078125 0.72265625 0.46643749999999995 0.7333984375 0.46643749999999995 0.7451171875 0.466928125 0.7607421875 0.4679078125 0.783203125 0.469378125 0.7998046875 0.47035781249999997 0.8056640625 0.475746875 0.8056640625 0.48113593750000005 0.7958984375 0.4821171875 0.7783203125 0.48113593750000005 0.7568359375 0.48260625 0.73828125 0.48260625 0.7275390625 0.48260625 0.7060546875 0.48260625 0.685546875 0.48505624999999997 0.662109375
8 0.501715625 0.623046875 0.4953453125 0.6201171875 0.48848593749999997 0.625 0.487015625 0.6396484375 0.4879953125 0.6650390625 0.49093593750000003 0.69140625 0.4948546875 0.708984375 0.4948546875 0.736328125 0.4948546875 0.75390625 0.49387499999999995 0.7734375 0.4933859375 0.7958984375 0.49387499999999995 0.806640625 0.49926562499999994 0.80078125 0.5002453124999999 0.791015625 0.5026953125 0.765625 0.508575 0.7490234375 0.508575 0.7314453125 0.5075937500000001 0.7119140625 0.5090640625 0.685546875 0.5090640625 0.6591796875 0.5090640625 0.6435546875 0.5075937500000001 0.626953125 0.501715625 0.623046875
9 0.524253125 0.6201171875 0.5134734375 0.6201171875 0.508575 0.6298828125 0.510534375 0.654296875 0.512984375 0.6767578125 0.5159234374999999 0.693359375 0.5159234374999999 0.708984375 0.51739375 0.7216796875 0.5193531250000001 0.736328125 0.5252328125 0.7646484375 0.5335625 0.8115234375 0.5355218749999999 0.806640625 0.53748125 0.7919921875 0.537971875 0.775390625 0.5355218749999999 0.7587890625 0.5345421875 0.748046875 0.5345421875 0.7294921875 0.5350312500000001 0.7138671875 0.5350312500000001 0.6982421875 0.5350312500000001 0.6796875 0.5350312500000001 0.66015625 0.5365015625 0.6357421875 0.5296421875 0.623046875 0.524253125 0.6201171875
10 0.555609375 0.609375 0.5458109375 0.609375 0.5389515625 0.623046875 0.5369921875 0.638671875 0.5355218749999999 0.654296875 0.53748125 0.66796875 0.544340625 0.703125 0.5458109375 0.7138671875 0.5482609375 0.7236328125 0.551690625 0.734375 0.5546296875000001 0.744140625 0.55855 0.7646484375 0.56345 0.7880859375 0.570309375 0.81640625 0.5712890625 0.8310546875 0.5761875 0.814453125 0.5776578125 0.8046875 0.5786374999999999 0.7900390625 0.5781484375 0.765625 0.579128125 0.7529296875 0.5781484375 0.736328125 0.5732484375 0.7177734375 0.570309375 0.6962890625 0.5658984375 0.677734375 0.5658984375 0.6611328125 0.5658984375 0.638671875 0.5624687500000001 0.609375 0.555609375 0.609375
11 0.5727578125 0.59375 0.5683484375 0.607421875 0.5629593749999999 0.619140625 0.5658984375 0.6474609375 0.56736875 0.65234375 0.57226875 0.6884765625 0.579128125 0.728515625 0.5845171875 0.7451171875 0.5889265625 0.7578125 0.59235625 0.767578125 0.596765625 0.775390625 0.603625 0.7861328125 0.6050953125 0.7939453125 0.6095046875000001 0.810546875 0.6148953125000001 0.798828125 0.6144046875 0.779296875 0.6139140624999999 0.76953125 0.6075453125 0.734375 0.6070546875 0.7197265625 0.604115625 0.7060546875 0.6001953125 0.68359375 0.5982359374999999 0.666015625 0.5943171875 0.6298828125 0.5903968749999999 0.6083984375 0.5810875 0.5927734375 0.5727578125 0.59375
12 0.604115625 0.5791015625 0.596765625 0.580078125 0.5903968749999999 0.5888671875 0.5864765625 0.6025390625 0.5933359375 0.61328125 0.5938265625 0.6240234375 0.5987265625 0.638671875 0.6026453125 0.6552734375 0.6060749999999999 0.666015625 0.6095046875000001 0.67578125 0.6144046875 0.693359375 0.6168546874999999 0.7041015625 0.6207734375 0.7236328125 0.62714375 0.7451171875 0.6325328125 0.7607421875 0.638903125 0.7734375 0.6482109375 0.7841796875 0.6531109374999999 0.7763671875 0.6487015625 0.7548828125 0.6452718749999999 0.736328125 0.6433125000000001 0.7158203125 0.6359625 0.6796875 0.6330234375 0.662109375 0.6305734375000001 0.6435546875 0.626653125 0.6162109375 0.6227343750000001 0.59375 0.6207734375 0.5791015625 0.611465625 0.5791015625 0.604115625 0.5791015625
14 0.652621875 0.5546875 0.642821875 0.5625 0.6349828125 0.5693359375 0.6212640625 0.5771484375 0.6227343750000001 0.5927734375 0.6256734374999999 0.609375 0.63204375 0.625 0.6335124999999999 0.6357421875 0.6398828125 0.65234375 0.6408625 0.6669921875 0.6413515624999999 0.677734375 0.6452718749999999 0.6923828125 0.6491921875 0.7109375 0.6536015625 0.7265625 0.65703125 0.736328125 0.661440625 0.7470703125 0.6697703125000001 0.7587890625 0.680059375 0.7724609375 0.692796875 0.7744140625 0.691328125 0.7607421875 0.6825078125 0.7470703125 0.6785890625000001 0.732421875 0.67075 0.712890625 0.6643796875 0.6923828125 0.658990625 0.666015625 0.663890625 0.654296875 0.67075 0.666015625 0.6776093750000001 0.681640625 0.68201875 0.7001953125 0.6903484375 0.71875 0.6981875 0.7294921875 0.7104359375 0.7333984375 0.7060265625000001 0.7119140625 0.70210625 0.6865234375 0.6967171875 0.66796875 0.68446875 0.634765625 0.67466875 0.595703125 0.67466875 0.5712890625 0.6687890624999999 0.5576171875 0.6609499999999999 0.5546875 0.652621875 0.5546875
15 0.7006375 0.5458984375 0.68691875 0.5458984375 0.679078125 0.5458984375 0.6741796875 0.564453125 0.67711875 0.578125 0.680059375 0.58984375 0.6864281250000001 0.603515625 0.6932875000000001 0.6259765625 0.7006375 0.6591796875 0.70455625 0.671875 0.7104359375 0.6806640625 0.718275 0.6953125 0.7261140625 0.70703125 0.7422828124999999 0.712890625 0.743753125 0.6923828125 0.7515921875 0.697265625 0.755021875 0.6767578125 0.7535515625 0.6572265625 0.746203125 0.6337890625 0.7408140624999999 0.615234375 0.7359140625 0.6005859375 0.730034375 0.580078125 0.7266046875 0.5537109375 0.7241546875 0.5283203125 0.7153359375 0.525390625 0.7060265625000001 0.53515625 0.7006375 0.5458984375
16 0.7854 0.6494140625 0.793728125 0.6474609375 0.7996078125 0.6337890625 0.81185625 0.625 0.818715625 0.6142578125 0.8108765625000001 0.5947265625 0.7956890624999999 0.57421875 0.7878484375 0.556640625 0.782459375 0.5380859375 0.77805 0.525390625 0.77168125 0.5126953125 0.7653109375 0.4970703125 0.7589421875 0.4970703125 0.7535515625 0.5107421875 0.7466921875 0.5107421875 0.7383640625 0.517578125 0.7339546875 0.5283203125 0.7290546875 0.541015625 0.7334640625 0.5673828125 0.7413031250000001 0.580078125 0.7447328125 0.5908203125 0.7535515625 0.609375 0.7599218750000001 0.6240234375 0.77315 0.640625 0.7854 0.6494140625