31 0.7672703125 0.8212890625 0.7702109375 0.7958984375 0.7672703125 0.7763671875 0.7540421875 0.767578125 0.7329734375 0.767578125 0.7221953125 0.787109375 0.7221953125 0.8125 0.73199375 0.8232421875 0.7413031250000001 0.8173828125 0.757471875 0.833984375 0.7672703125 0.8212890625
2 0.764821875 0.654296875 0.7609015625 0.630859375 0.751103125 0.6201171875 0.743753125 0.599609375 0.73199375 0.6103515625 0.7241546875 0.6416015625 0.7202359375 0.671875 0.7158249999999999 0.693359375 0.70700625 0.716796875 0.7050468750000001 0.73828125 0.7040671875 0.759765625 0.7040671875 0.783203125 0.70945625 0.80859375 0.7212156249999999 0.8125 0.725625 0.7783203125 0.7359140625 0.7548828125 0.7447328125 0.7275390625 0.7545328125 0.71484375 0.764821875 0.693359375 0.7682515624999999 0.67578125 0.764821875 0.654296875
13 0.6942671875 0.55859375 0.6805484374999999 0.5625 0.6805484374999999 0.6201171875 0.6761390625 0.6591796875 0.6727093749999999 0.69140625 0.6687890624999999 0.72265625 0.675159375 0.744140625 0.68691875 0.7548828125 0.7016171875 0.7568359375 0.7050468750000001 0.7275390625 0.7123953125 0.6884765625 0.7202359375 0.6611328125 0.7241546875 0.6181640625 0.7212156249999999 0.5927734375 0.7030875 0.5693359375 0.6942671875 0.55859375
17 0.6741796875 0.6357421875 0.6795687499999999 0.60546875 0.67711875 0.580078125 0.6634 0.5625 0.6506609375 0.5693359375 0.6398828125 0.580078125 0.6374328125 0.60546875 0.6344921875 0.6396484375 0.6335124999999999 0.6630859375 0.6335124999999999 0.6884765625 0.6335124999999999 0.7255859375 0.638903125 0.767578125 0.6491921875 0.7314453125 0.6609499999999999 0.69921875 0.6687890624999999 0.66796875 0.6741796875 0.6357421875
18 0.6163640625 0.6484375 0.6163640625 0.6884765625 0.6163640625 0.73828125 0.63204375 0.7255859375 0.6344921875 0.69140625 0.6344921875 0.650390625 0.6398828125 0.603515625 0.6452718749999999 0.580078125 0.658990625 0.5654296875 0.6452718749999999 0.529296875 0.636453125 0.5458984375 0.6237140625 0.5498046875 0.6139140624999999 0.5673828125 0.6163640625 0.607421875 0.6163640625 0.6484375
19 0.6055859375 0.7255859375 0.612934375 0.7021484375 0.6163640625 0.650390625 0.6099953124999999 0.599609375 0.610975 0.578125 0.6173437500000001 0.552734375 0.6163640625 0.529296875 0.606565625 0.5078125 0.596765625 0.4921875 0.5884375000000001 0.5224609375 0.576678125 0.556640625 0.583046875 0.583984375 0.5874578125000001 0.6201171875 0.5850078125 0.701171875 0.583046875 0.736328125 0.583046875 0.765625 0.5938265625 0.763671875 0.6055859375 0.7255859375
20 0.574228125 0.5009765625 0.5561 0.4990234375 0.5507109375 0.5244140625 0.54973125 0.556640625 0.5477703125 0.5947265625 0.5453203125 0.60546875 0.5453203125 0.630859375 0.54238125 0.673828125 0.54238125 0.716796875 0.5467906250000001 0.736328125 0.5561 0.7060546875 0.5624687500000001 0.673828125 0.5688390625 0.62890625 0.57226875 0.5869140625 0.5786374999999999 0.556640625 0.583046875 0.5263671875 0.574228125 0.5009765625
21 0.544340625 0.5048828125 0.5350312500000001 0.48828125 0.521803125 0.4775390625 0.51004375 0.4921875 0.5046546875 0.5390625 0.5110234375 0.5947265625 0.5110234375 0.6337890625 0.5110234375 0.6591796875 0.514453125 0.697265625 0.5164140625 0.736328125 0.524253125 0.7568359375 0.530621875 0.71484375 0.5316015625 0.671875 0.5335625 0.6337890625 0.5369921875 0.5927734375 0.53993125 0.560546875 0.5477703125 0.5263671875 0.544340625 0.5048828125
22 0.4772171875 0.69140625 0.484565625 0.7255859375 0.4953453125 0.7529296875 0.498284375 0.7275390625 0.4953453125 0.69140625 0.49730468749999995 0.65234375 0.498284375 0.603515625 0.498284375 0.576171875 0.503675 0.5498046875 0.503675 0.5263671875 0.49926562499999994 0.4951171875 0.4889765625 0.48828125 0.4772171875 0.4951171875 0.4639875 0.509765625 0.4639875 0.5390625 0.4683984375 0.5732421875 0.47035781249999997 0.6123046875 0.47035781249999997 0.6611328125 0.4772171875 0.69140625
30 0.4737875 0.7509765625 0.4728078125 0.7294921875 0.47035781249999997 0.69140625 0.4630078125 0.6416015625 0.45859843749999996 0.603515625 0.4630078125 0.5546875 0.4610484375 0.529296875 0.45222968750000003 0.5078125 0.43508125 0.51171875 0.42773125 0.537109375 0.43116093749999995 0.5673828125 0.439490625 0.603515625 0.4404703125 0.625 0.44782031250000004 0.673828125 0.4546796875 0.7099609375 0.46202812499999996 0.759765625 0.4737875 0.7509765625
29 0.43116093749999995 0.787109375 0.432140625 0.7587890625 0.4331203125 0.720703125 0.42773125 0.6806640625 0.4243015625 0.6416015625 0.42675156249999996 0.603515625 0.429690625 0.560546875 0.41891249999999997 0.53515625 0.4086234375 0.513671875 0.39539375 0.5224609375 0.393434375 0.5439453125 0.393434375 0.5673828125 0.400784375 0.6015625 0.400784375 0.626953125 0.39784375 0.6650390625 0.400784375 0.6953125 0.402253125 0.716796875 0.409603125 0.7490234375 0.4179328125 0.76171875 0.43116093749999995 0.787109375
23 0.3762859375 0.7783203125 0.38510468750000004 0.783203125 0.400784375 0.7783203125 0.3944140625 0.673828125 0.3944140625 0.6337890625 0.3924546875 0.5927734375 0.38363593749999997 0.5732421875 0.373346875 0.55859375 0.361096875 0.5419921875 0.354728125 0.5693359375 0.35276874999999996 0.5966796875 0.363546875 0.6123046875 0.36795625 0.64453125 0.36795625 0.669921875 0.3718765625 0.703125 0.3718765625 0.734375 0.3718765625 0.7607421875 0.3762859375 0.7783203125
24 0.3591375 0.6201171875 0.3508078125 0.599609375 0.341009375 0.5908203125 0.3282703125 0.5947265625 0.32288125 0.625 0.332190625 0.65234375 0.3400296875 0.69921875 0.347378125 0.740234375 0.35276874999999996 0.80859375 0.3601171875 0.78515625 0.3625671875 0.7490234375 0.3645265625 0.7021484375 0.363546875 0.6572265625 0.3591375 0.6201171875
25 0.34296875 0.783203125 0.341009375 0.7568359375 0.332190625 0.71875 0.327290625 0.6826171875 0.324840625 0.64453125 0.32043125 0.607421875 0.304753125 0.599609375 0.29789374999999996 0.6201171875 0.2822140625 0.6142578125 0.2778046875 0.6396484375 0.2778046875 0.673828125 0.284175 0.6953125 0.29299375 0.716796875 0.3032828125 0.74609375 0.3101421875 0.7724609375 0.318471875 0.7998046875 0.3282703125 0.83203125 0.34394843750000004 0.8232421875 0.34296875 0.783203125
26 0.29936250000000003 0.7490234375 0.288584375 0.7314453125 0.278784375 0.7119140625 0.2670265625 0.697265625 0.256246875 0.7099609375 0.2552671875 0.7333984375 0.2454671875 0.744140625 0.24154843750000002 0.765625 0.2533078125 0.7958984375 0.2660453125 0.8125 0.2778046875 0.8212890625 0.29054375 0.8486328125 0.30867187500000004 0.8662109375 0.31308125000000003 0.8408203125 0.3121015625 0.7958984375 0.3076921875 0.76953125 0.29936250000000003 0.7490234375
27 0.2778046875 0.8486328125 0.26506562499999997 0.83203125 0.2523265625 0.830078125 0.2341984375 0.8359375 0.2317484375 0.8720703125 0.236159375 0.8916015625 0.23811875 0.90625 0.24154843750000002 0.923828125 0.258696875 0.951171875 0.27045625 0.94921875 0.2778046875 0.9296875 0.2876046875 0.9091796875 0.2822140625 0.8720703125 0.2778046875 0.8486328125
28 0.1954921875 0.4970703125 0.1910828125 0.541015625 0.18814375 0.5654296875 0.1793234375 0.5869140625 0.1954921875 0.61328125 0.20823125 0.6337890625 0.22195 0.623046875 0.2317484375 0.59765625 0.240078125 0.580078125 0.24056875 0.5498046875 0.2297890625 0.52734375 0.212640625 0.5205078125 0.1954921875 0.4970703125
0 0.3101421875 0.583984375 0.3101421875 0.5546875 0.29495312500000004 0.5263671875 0.28319375 0.4921875 0.2660453125 0.462890625 0.2371390625 0.439453125 0.24448750000000002 0.4560546875 0.2542875 0.470703125 0.262615625 0.490234375 0.27045625 0.5224609375 0.2552671875 0.5078125 0.24448750000000002 0.48828125 0.236159375 0.4736328125 0.22733906250000002 0.447265625 0.23076875000000002 0.4951171875 0.23811875 0.5185546875 0.2435078125 0.53515625 0.2508578125 0.552734375 0.2508578125 0.5712890625 0.2572265625 0.6142578125 0.2670265625 0.6201171875 0.278784375 0.623046875 0.2876046875 0.599609375 0.30034375 0.603515625 0.3101421875 0.583984375
1 0.3591375 0.5546875 0.370896875 0.5244140625 0.3601171875 0.4990234375 0.3488484375 0.4775390625 0.3366 0.4560546875 0.327290625 0.4326171875 0.32043125 0.416015625 0.30867187500000004 0.392578125 0.2959328125 0.3642578125 0.29495312500000004 0.3896484375 0.3067125 0.41796875 0.31651093750000003 0.44140625 0.3219015625 0.4736328125 0.3057328125 0.470703125 0.2895640625 0.4501953125 0.2778046875 0.4072265625 0.2660453125 0.396484375 0.2660453125 0.416015625 0.2758453125 0.4345703125 0.28123437500000004 0.462890625 0.29054375 0.48828125 0.29936250000000003 0.5009765625 0.3076921875 0.5185546875 0.3076921875 0.5419921875 0.3150421875 0.5693359375 0.3258203125 0.55859375 0.3400296875 0.552734375 0.3591375 0.5546875
3 0.3782453125 0.41796875 0.36648749999999997 0.392578125 0.3591375 0.37109375 0.347378125 0.345703125 0.327290625 0.32421875 0.33121093749999997 0.3583984375 0.33904999999999996 0.3857421875 0.34835937499999997 0.41796875 0.3537484375 0.4580078125 0.357178125 0.4755859375 0.363546875 0.5048828125 0.3718765625 0.5205078125 0.38510468750000004 0.513671875 0.3968640625 0.5048828125 0.3998046875 0.4794921875 0.389025 0.4501953125 0.3782453125 0.41796875
4 0.41156249999999994 0.3857421875 0.40519375 0.3583984375 0.39784375 0.3388671875 0.3900046875 0.322265625 0.3806953125 0.3046875 0.3762859375 0.3388671875 0.3806953125 0.369140625 0.389025 0.3984375 0.3924546875 0.4267578125 0.391475 0.4560546875 0.402253125 0.486328125 0.42038281250000004 0.48828125 0.42773125 0.4521484375 0.4179328125 0.4326171875 0.4140125 0.4130859375 0.41156249999999994 0.3857421875
5 0.41695312500000004 0.4091796875 0.4179328125 0.4306640625 0.4287109375 0.4453125 0.4355703125 0.4619140625 0.45026875000000005 0.4267578125 0.44585937500000006 0.369140625 0.4404703125 0.328125 0.4331203125 0.306640625 0.4243015625 0.28125 0.415971875 0.302734375 0.4140125 0.345703125 0.4140125 0.3623046875 0.41695312500000004 0.4091796875
6 0.4737875 0.462890625 0.48015625 0.4287109375 0.47819687499999997 0.3798828125 0.4737875 0.3388671875 0.47182812500000004 0.3115234375 0.4683984375 0.2978515625 0.4566390625 0.267578125 0.45026875000000005 0.2900390625 0.4546796875 0.32421875 0.45565937500000003 0.345703125 0.45565937500000003 0.3642578125 0.45565937500000003 0.3896484375 0.45026875000000005 0.423828125 0.45125000000000004 0.4541015625 0.46006875 0.46484375 0.4737875 0.462890625
7 0.5007343750000001 0.3642578125 0.49730468749999995 0.306640625 0.49289531249999996 0.2724609375 0.484565625 0.2919921875 0.4835859375 0.33203125 0.4835859375 0.3662109375 0.4791765625 0.400390625 0.484565625 0.4306640625 0.48652656250000004 0.4541015625 0.49730468749999995 0.4501953125 0.501715625 0.4326171875 0.5026953125 0.396484375 0.5007343750000001 0.3642578125
8 0.5227828125 0.3857421875 0.524253125 0.33203125 0.5164140625 0.279296875 0.5080843749999999 0.2880859375 0.5046546875 0.3193359375 0.5046546875 0.3603515625 0.506125 0.3876953125 0.503675 0.4345703125 0.5071046875 0.466796875 0.5208234375 0.4580078125 0.528171875 0.4375 0.5252328125 0.4052734375 0.5227828125 0.3857421875
9 0.5551203124999999 0.44140625 0.5551203124999999 0.419921875 0.5551203124999999 0.396484375 0.5541406249999999 0.37109375 0.5541406249999999 0.330078125 0.5541406249999999 0.302734375 0.5531609375000001 0.28125 0.537971875 0.2744140625 0.5316015625 0.3173828125 0.5316015625 0.349609375 0.5296421875 0.3896484375 0.528171875 0.416015625 0.530621875 0.4521484375 0.54238125 0.4609375 0.5551203124999999 0.44140625
10 0.5732484375 0.2900390625 0.5668796875 0.328125 0.5658984375 0.3583984375 0.5658984375 0.3818359375 0.5614890625 0.4052734375 0.5570796875 0.4287109375 0.5658984375 0.4560546875 0.5712890625 0.4814453125 0.583046875 0.466796875 0.5884375000000001 0.4375 0.5938265625 0.4072265625 0.5938265625 0.369140625 0.59480625 0.3427734375 0.5957859375 0.3115234375 0.5938265625 0.283203125 0.5859875 0.263671875 0.5732484375 0.2900390625
11 0.5903968749999999 0.46484375 0.60460625 0.4951171875 0.6173437500000001 0.4814453125 0.6237140625 0.4453125 0.6246937499999999 0.423828125 0.6256734374999999 0.396484375 0.6256734374999999 0.37109375 0.6246937499999999 0.3388671875 0.6246937499999999 0.30859375 0.6246937499999999 0.2978515625 0.6193046875 0.27734375 0.6119546875 0.3046875 0.6099953124999999 0.3388671875 0.6031359375 0.375 0.6011765625 0.4072265625 0.5874578125000001 0.4453125 0.5903968749999999 0.46484375
12 0.6697703125000001 0.349609375 0.6687890624999999 0.3193359375 0.6580109375000001 0.35546875 0.64723125 0.3896484375 0.6398828125 0.423828125 0.626653125 0.462890625 0.6237140625 0.484375 0.6344921875 0.51171875 0.6560515625 0.4951171875 0.6609499999999999 0.462890625 0.6634 0.4326171875 0.665359375 0.400390625 0.6687890624999999 0.37109375 0.6697703125000001 0.349609375
14 0.711415625 0.48828125 0.71680625 0.447265625 0.723175 0.4306640625 0.72954375 0.4052734375 0.7359140625 0.3662109375 0.7266046875 0.345703125 0.7202359375 0.375 0.7123953125 0.4033203125 0.7006375 0.4345703125 0.6898578125 0.4345703125 0.6898578125 0.4052734375 0.697696875 0.375 0.7006375 0.34765625 0.681528125 0.3896484375 0.6727093749999999 0.4052734375 0.6717296875 0.439453125 0.667809375 0.466796875 0.6580109375000001 0.4990234375 0.658990625 0.53515625 0.6825078125 0.5478515625 0.7040671875 0.5439453125 0.7104359375 0.53125 0.711415625 0.5224609375 0.711415625 0.48828125
15 0.8005875 0.5009765625 0.7981374999999999 0.4775390625 0.7927484375 0.447265625 0.7854 0.4267578125 0.766290625 0.416015625 0.7413031250000001 0.421875 0.723175 0.4375 0.7148453124999999 0.4609375 0.7212156249999999 0.48828125 0.723175 0.5048828125 0.727584375 0.537109375 0.7466921875 0.5390625 0.763840625 0.5185546875 0.7819703125 0.5009765625 0.8005875 0.5009765625
16 0.7756000000000001 0.509765625 0.766290625 0.5224609375 0.7599218750000001 0.5419921875 0.757471875 0.5625 0.7584515625 0.5927734375 0.7702109375 0.60546875 0.7873593750000001 0.625 0.8045078125 0.603515625 0.803528125 0.5693359375 0.8015671875000001 0.533203125 0.789809375 0.5078125 0.7756000000000001 0.509765625