31 0.2459578125 0.767578125 0.2327296875 0.7763671875 0.2297890625 0.7958984375 0.2327296875 0.8212890625 0.24252812499999998 0.833984375 0.258696875 0.8173828125 0.26800625 0.8232421875 0.2778046875 0.8125 0.2778046875 0.787109375 0.2670265625 0.767578125 0.2459578125 0.767578125
2 0.256246875 0.599609375 0.24889687500000002 0.6201171875 0.23909843749999998 0.630859375 0.23517812500000002 0.654296875 0.2317484375 0.67578125 0.23517812500000002 0.693359375 0.2454671875 0.71484375 0.2552671875 0.7275390625 0.2640859375 0.7548828125 0.274375 0.7783203125 0.278784375 0.8125 0.29054375 0.80859375 0.2959328125 0.783203125 0.2959328125 0.759765625 0.29495312500000004 0.73828125 0.29299375 0.716796875 0.284175 0.693359375 0.2797640625 0.671875 0.2758453125 0.6416015625 0.26800625 0.6103515625 0.256246875 0.599609375
13 0.278784375 0.5927734375 0.2758453125 0.6181640625 0.2797640625 0.6611328125 0.2876046875 0.6884765625 0.29495312500000004 0.7275390625 0.2983828125 0.7568359375 0.31308125000000003 0.7548828125 0.324840625 0.744140625 0.33121093749999997 0.72265625 0.327290625 0.69140625 0.3238609375 0.6591796875 0.3194515625 0.6201171875 0.3194515625 0.5625 0.3057328125 0.55859375 0.2969125 0.5693359375 0.278784375 0.5927734375
17 0.33904999999999996 0.69921875 0.3508078125 0.7314453125 0.361096875 0.767578125 0.36648749999999997 0.7255859375 0.36648749999999997 0.6884765625 0.36648749999999997 0.6630859375 0.36550781250000003 0.6396484375 0.3625671875 0.60546875 0.3601171875 0.580078125 0.3493390625 0.5693359375 0.3366 0.5625 0.32288125 0.580078125 0.32043125 0.60546875 0.3258203125 0.6357421875 0.33121093749999997 0.66796875 0.33904999999999996 0.69921875
18 0.3762859375 0.5498046875 0.363546875 0.5458984375 0.354728125 0.529296875 0.341009375 0.5654296875 0.354728125 0.580078125 0.3601171875 0.603515625 0.36550781250000003 0.650390625 0.36550781250000003 0.69140625 0.36795625 0.7255859375 0.38363593749999997 0.73828125 0.38363593749999997 0.6884765625 0.38363593749999997 0.6484375 0.38363593749999997 0.607421875 0.3860859375 0.5673828125 0.3762859375 0.5498046875
19 0.3944140625 0.7255859375 0.4061734375 0.763671875 0.41695312500000004 0.765625 0.41695312500000004 0.736328125 0.41499218750000005 0.701171875 0.4125421875 0.6201171875 0.41695312500000004 0.583984375 0.42332187499999996 0.556640625 0.41156249999999994 0.5224609375 0.403234375 0.4921875 0.393434375 0.5078125 0.38363593749999997 0.529296875 0.38265625000000003 0.552734375 0.389025 0.578125 0.3900046875 0.599609375 0.38363593749999997 0.650390625 0.387065625 0.7021484375 0.3944140625 0.7255859375
20 0.41695312500000004 0.5263671875 0.42136250000000003 0.556640625 0.42773125 0.5869140625 0.43116093749999995 0.62890625 0.43753125 0.673828125 0.4439 0.7060546875 0.45320937499999997 0.736328125 0.45761874999999996 0.716796875 0.45761874999999996 0.673828125 0.4546796875 0.630859375 0.4546796875 0.60546875 0.45222968750000003 0.5947265625 0.45026875000000005 0.556640625 0.4492890625 0.5244140625 0.4439 0.4990234375 0.425771875 0.5009765625 0.41695312500000004 0.5263671875
21 0.45565937500000003 0.5048828125 0.45222968750000003 0.5263671875 0.46006875 0.560546875 0.4630078125 0.5927734375 0.46643749999999995 0.6337890625 0.4683984375 0.671875 0.469378125 0.71484375 0.475746875 0.7568359375 0.4835859375 0.736328125 0.485546875 0.697265625 0.4889765625 0.6591796875 0.4889765625 0.6337890625 0.4889765625 0.5947265625 0.4953453125 0.5390625 0.48995625 0.4921875 0.47819687499999997 0.4775390625 0.46496875 0.48828125 0.45565937500000003 0.5048828125
22 0.515434375 0.7255859375 0.5227828125 0.69140625 0.5296421875 0.6611328125 0.5296421875 0.6123046875 0.5316015625 0.5732421875 0.5360125 0.5390625 0.5360125 0.509765625 0.5227828125 0.4951171875 0.5110234375 0.48828125 0.5007343750000001 0.4951171875 0.496325 0.5263671875 0.496325 0.5498046875 0.501715625 0.576171875 0.501715625 0.603515625 0.5026953125 0.65234375 0.5046546875 0.69140625 0.501715625 0.7275390625 0.5046546875 0.7529296875 0.515434375 0.7255859375
30 0.537971875 0.759765625 0.5453203125 0.7099609375 0.5521796875 0.673828125 0.5595296875 0.625 0.560509375 0.603515625 0.5688390625 0.5673828125 0.57226875 0.537109375 0.56491875 0.51171875 0.5477703125 0.5078125 0.5389515625 0.529296875 0.5369921875 0.5546875 0.5414015625 0.603515625 0.5369921875 0.6416015625 0.5296421875 0.69140625 0.5271921875000001 0.7294921875 0.5262125 0.7509765625 0.537971875 0.759765625
29 0.5668796875 0.720703125 0.567859375 0.7587890625 0.5688390625 0.787109375 0.5820671875000001 0.76171875 0.5903968749999999 0.7490234375 0.597746875 0.716796875 0.599215625 0.6953125 0.60215625 0.6650390625 0.599215625 0.626953125 0.599215625 0.6015625 0.606565625 0.5673828125 0.606565625 0.5439453125 0.60460625 0.5224609375 0.5913765625 0.513671875 0.5810875 0.53515625 0.570309375 0.560546875 0.5732484375 0.603515625 0.5756984375 0.6416015625 0.57226875 0.6806640625 0.5668796875 0.720703125
23 0.6237140625 0.7783203125 0.6281234375 0.7607421875 0.6281234375 0.734375 0.6281234375 0.703125 0.63204375 0.669921875 0.63204375 0.64453125 0.636453125 0.6123046875 0.64723125 0.5966796875 0.6452718749999999 0.5693359375 0.638903125 0.5419921875 0.626653125 0.55859375 0.6163640625 0.5732421875 0.6075453125 0.5927734375 0.6055859375 0.6337890625 0.6055859375 0.673828125 0.599215625 0.7783203125 0.6148953125000001 0.783203125 0.6237140625 0.7783203125
24 0.6398828125 0.78515625 0.64723125 0.80859375 0.652621875 0.740234375 0.6599703124999999 0.69921875 0.667809375 0.65234375 0.67711875 0.625 0.6717296875 0.5947265625 0.658990625 0.5908203125 0.6491921875 0.599609375 0.6408625 0.6201171875 0.636453125 0.6572265625 0.6354734375 0.7021484375 0.6374328125 0.7490234375 0.6398828125 0.78515625
25 0.658990625 0.7568359375 0.65703125 0.783203125 0.6560515625 0.8232421875 0.6717296875 0.83203125 0.681528125 0.7998046875 0.6898578125 0.7724609375 0.6967171875 0.74609375 0.70700625 0.716796875 0.7158249999999999 0.6953125 0.7221953125 0.673828125 0.7221953125 0.6396484375 0.7177859375 0.6142578125 0.70210625 0.6201171875 0.695246875 0.599609375 0.6795687499999999 0.607421875 0.675159375 0.64453125 0.6727093749999999 0.6826171875 0.667809375 0.71875 0.658990625 0.7568359375
26 0.6923078125 0.76953125 0.6878984375 0.7958984375 0.68691875 0.8408203125 0.691328125 0.8662109375 0.70945625 0.8486328125 0.7221953125 0.8212890625 0.7339546875 0.8125 0.7466921875 0.7958984375 0.7584515625 0.765625 0.7545328125 0.744140625 0.7447328125 0.7333984375 0.743753125 0.7099609375 0.7329734375 0.697265625 0.7212156249999999 0.7119140625 0.711415625 0.7314453125 0.7006375 0.7490234375 0.6923078125 0.76953125
27 0.72954375 0.94921875 0.7413031250000001 0.951171875 0.7584515625 0.923828125 0.76188125 0.90625 0.763840625 0.8916015625 0.7682515624999999 0.8720703125 0.7658015625 0.8359375 0.7476734375 0.830078125 0.734934375 0.83203125 0.7221953125 0.8486328125 0.7177859375 0.8720703125 0.7123953125 0.9091796875 0.7221953125 0.9296875 0.72954375 0.94921875
28 0.7682515624999999 0.59765625 0.77805 0.623046875 0.79176875 0.6337890625 0.8045078125 0.61328125 0.8206765624999999 0.5869140625 0.81185625 0.5654296875 0.8089171875 0.541015625 0.8045078125 0.4970703125 0.7873593750000001 0.5205078125 0.7702109375 0.52734375 0.75943125 0.5498046875 0.7599218750000001 0.580078125 0.7682515624999999 0.59765625
0 0.7457125 0.470703125 0.7555125 0.4560546875 0.7628609375 0.439453125 0.7339546875 0.462890625 0.71680625 0.4921875 0.7050468750000001 0.5263671875 0.6898578125 0.5546875 0.6898578125 0.583984375 0.6996578125 0.603515625 0.7123953125 0.599609375 0.7212156249999999 0.623046875 0.7329734375 0.6201171875 0.7427734375 0.6142578125 0.7491421875000001 0.5712890625 0.7491421875000001 0.552734375 0.7564921874999999 0.53515625 0.76188125 0.5185546875 0.76923125 0.4951171875 0.7726609375 0.447265625 0.763840625 0.4736328125 0.7555125 0.48828125 0.7447328125 0.5078125 0.72954375 0.5224609375 0.737384375 0.490234375 0.7457125 0.470703125
1 0.6932875000000001 0.41796875 0.7050468750000001 0.3896484375 0.7040671875 0.3642578125 0.691328125 0.392578125 0.6795687499999999 0.416015625 0.6727093749999999 0.4326171875 0.6634 0.4560546875 0.6511515625000001 0.4775390625 0.6398828125 0.4990234375 0.629103125 0.5244140625 0.6408625 0.5546875 0.6599703124999999 0.552734375 0.6741796875 0.55859375 0.6849578125 0.5693359375 0.6923078125 0.5419921875 0.6923078125 0.5185546875 0.7006375 0.5009765625 0.70945625 0.48828125 0.718765625 0.462890625 0.7241546875 0.4345703125 0.7339546875 0.416015625 0.7339546875 0.396484375 0.7221953125 0.4072265625 0.7104359375 0.4501953125 0.6942671875 0.470703125 0.6780984375 0.4736328125 0.6834890625 0.44140625 0.6932875000000001 0.41796875
3 0.610975 0.4501953125 0.6001953125 0.4794921875 0.6031359375 0.5048828125 0.6148953125000001 0.513671875 0.6281234375 0.5205078125 0.636453125 0.5048828125 0.642821875 0.4755859375 0.6462515625 0.4580078125 0.651640625 0.41796875 0.6609499999999999 0.3857421875 0.6687890624999999 0.3583984375 0.6727093749999999 0.32421875 0.652621875 0.345703125 0.6408625 0.37109375 0.6335124999999999 0.392578125 0.6217546875 0.41796875 0.610975 0.4501953125
4 0.5820671875000001 0.4326171875 0.57226875 0.4521484375 0.5796171875 0.48828125 0.597746875 0.486328125 0.608525 0.4560546875 0.6075453125 0.4267578125 0.610975 0.3984375 0.6193046875 0.369140625 0.6237140625 0.3388671875 0.6193046875 0.3046875 0.6099953124999999 0.322265625 0.60215625 0.3388671875 0.59480625 0.3583984375 0.5884375000000001 0.3857421875 0.5859875 0.4130859375 0.5820671875000001 0.4326171875
5 0.5668796875 0.306640625 0.5595296875 0.328125 0.5541406249999999 0.369140625 0.54973125 0.4267578125 0.5644296875 0.4619140625 0.5712890625 0.4453125 0.5820671875000001 0.4306640625 0.583046875 0.4091796875 0.5859875 0.3623046875 0.5859875 0.345703125 0.584028125 0.302734375 0.5756984375 0.28125 0.5668796875 0.306640625
6 0.54875 0.4541015625 0.54973125 0.423828125 0.544340625 0.3896484375 0.544340625 0.3642578125 0.544340625 0.345703125 0.5453203125 0.32421875 0.54973125 0.2900390625 0.5433609374999999 0.267578125 0.5316015625 0.2978515625 0.528171875 0.3115234375 0.5262125 0.3388671875 0.521803125 0.3798828125 0.5198437499999999 0.4287109375 0.5262125 0.462890625 0.53993125 0.46484375 0.54875 0.4541015625
7 0.515434375 0.4306640625 0.5208234375 0.400390625 0.5164140625 0.3662109375 0.5164140625 0.33203125 0.515434375 0.2919921875 0.5071046875 0.2724609375 0.5026953125 0.306640625 0.49926562499999994 0.3642578125 0.49730468749999995 0.396484375 0.498284375 0.4326171875 0.5026953125 0.4501953125 0.5134734375 0.4541015625 0.515434375 0.4306640625
8 0.496325 0.4345703125 0.49387499999999995 0.3876953125 0.4953453125 0.3603515625 0.4953453125 0.3193359375 0.491915625 0.2880859375 0.4835859375 0.279296875 0.475746875 0.33203125 0.4772171875 0.3857421875 0.4747671875 0.4052734375 0.47182812500000004 0.4375 0.4791765625 0.4580078125 0.49289531249999996 0.466796875 0.496325 0.4345703125
9 0.47182812500000004 0.416015625 0.47035781249999997 0.3896484375 0.4683984375 0.349609375 0.4683984375 0.3173828125 0.46202812499999996 0.2744140625 0.44683906249999994 0.28125 0.44585937500000006 0.302734375 0.44585937500000006 0.330078125 0.44585937500000006 0.37109375 0.4448796875 0.396484375 0.4448796875 0.419921875 0.4448796875 0.44140625 0.45761874999999996 0.4609375 0.469378125 0.4521484375 0.47182812500000004 0.416015625
10 0.4140125 0.263671875 0.4061734375 0.283203125 0.4042140625 0.3115234375 0.40519375 0.3427734375 0.4061734375 0.369140625 0.4061734375 0.4072265625 0.41156249999999994 0.4375 0.41695312500000004 0.466796875 0.4287109375 0.4814453125 0.4341015625 0.4560546875 0.44292031249999997 0.4287109375 0.4385109375 0.4052734375 0.4341015625 0.3818359375 0.4341015625 0.3583984375 0.4331203125 0.328125 0.42675156249999996 0.2900390625 0.4140125 0.263671875
11 0.4125421875 0.4453125 0.39882343750000004 0.4072265625 0.3968640625 0.375 0.3900046875 0.3388671875 0.38804531249999996 0.3046875 0.3806953125 0.27734375 0.37530625 0.2978515625 0.37530625 0.30859375 0.37530625 0.3388671875 0.37432656249999996 0.37109375 0.37432656249999996 0.396484375 0.37530625 0.423828125 0.3762859375 0.4453125 0.38265625000000003 0.4814453125 0.39539375 0.4951171875 0.409603125 0.46484375 0.4125421875 0.4453125
12 0.33904999999999996 0.462890625 0.34394843750000004 0.4951171875 0.36550781250000003 0.51171875 0.3762859375 0.484375 0.373346875 0.462890625 0.3601171875 0.423828125 0.35276874999999996 0.3896484375 0.3419890625 0.35546875 0.33121093749999997 0.3193359375 0.33022968750000004 0.349609375 0.33121093749999997 0.37109375 0.33464062499999997 0.400390625 0.3366 0.4326171875 0.33904999999999996 0.462890625
14 0.2797640625 0.375 0.27339531250000004 0.345703125 0.2640859375 0.3662109375 0.27045625 0.4052734375 0.276825 0.4306640625 0.28319375 0.447265625 0.288584375 0.48828125 0.288584375 0.5224609375 0.2895640625 0.53125 0.2959328125 0.5439453125 0.31749218749999997 0.5478515625 0.341009375 0.53515625 0.3419890625 0.4990234375 0.332190625 0.466796875 0.3282703125 0.439453125 0.327290625 0.4052734375 0.318471875 0.3896484375 0.29936250000000003 0.34765625 0.302303125 0.375 0.3101421875 0.4052734375 0.3101421875 0.4345703125 0.29936250000000003 0.4345703125 0.2876046875 0.4033203125 0.2797640625 0.375
15 0.2533078125 0.5390625 0.272415625 0.537109375 0.276825 0.5048828125 0.278784375 0.48828125 0.2851546875 0.4609375 0.276825 0.4375 0.258696875 0.421875 0.23370937500000002 0.416015625 0.21459999999999999 0.4267578125 0.2072515625 0.447265625 0.2018625 0.4775390625 0.1994125 0.5009765625 0.21802968749999999 0.5009765625 0.236159375 0.5185546875 0.2533078125 0.5390625
16 0.2297890625 0.60546875 0.24154843750000002 0.5927734375 0.24252812499999998 0.5625 0.240078125 0.5419921875 0.23370937500000002 0.5224609375 0.22440000000000002 0.509765625 0.210190625 0.5078125 0.1984328125 0.533203125 0.19647187500000002 0.5693359375 0.1954921875 0.603515625 0.212640625 0.625 0.2297890625 0.60546875