31 0.2302796875 0.189453125 0.2317484375 0.1494140625 0.21802968749999999 0.123046875 0.2028421875 0.123046875 0.1920625 0.140625 0.18569375 0.1572265625 0.1891234375 0.1962890625 0.187653125 0.23046875 0.1793234375 0.2451171875 0.18569375 0.2685546875 0.1984328125 0.279296875 0.1999015625 0.2841796875 0.2048015625 0.2890625 0.21166093749999998 0.294921875 0.21459999999999999 0.2939453125 0.2190109375 0.28515625 0.2293 0.2783203125 0.2317484375 0.23828125 0.2302796875 0.189453125
2 0.2297890625 0.1787109375 0.23076875000000002 0.216796875 0.23517812500000002 0.255859375 0.23517812500000002 0.2919921875 0.22440000000000002 0.2939453125 0.21999062500000002 0.328125 0.21459999999999999 0.349609375 0.20382187499999999 0.3857421875 0.2028421875 0.4072265625 0.2072515625 0.4287109375 0.2190109375 0.4375 0.23517812500000002 0.4521484375 0.249878125 0.443359375 0.2523265625 0.4130859375 0.2523265625 0.3818359375 0.258696875 0.3642578125 0.2572265625 0.3427734375 0.262615625 0.326171875 0.2640859375 0.2880859375 0.2660453125 0.263671875 0.2660453125 0.2255859375 0.258696875 0.1982421875 0.2479171875 0.1728515625 0.23811875 0.1640625 0.2297890625 0.1787109375
13 0.2670265625 0.2578125 0.2640859375 0.2978515625 0.2616359375 0.330078125 0.258696875 0.353515625 0.2572265625 0.3857421875 0.2542875 0.4033203125 0.2523265625 0.421875 0.2523265625 0.4453125 0.258696875 0.46875 0.276825 0.466796875 0.29054375 0.4814453125 0.3067125 0.46484375 0.3121015625 0.4287109375 0.3140625 0.4052734375 0.3067125 0.3818359375 0.304753125 0.3642578125 0.3076921875 0.3388671875 0.30867187500000004 0.3115234375 0.3101421875 0.27734375 0.3076921875 0.2490234375 0.29936250000000003 0.236328125 0.29054375 0.23046875 0.272415625 0.23046875 0.2670265625 0.2578125
26 0.7403234375000001 0.330078125 0.73934375 0.2939453125 0.743753125 0.263671875 0.7491421875000001 0.232421875 0.7491421875000001 0.208984375 0.7403234375000001 0.1982421875 0.725625 0.1982421875 0.70945625 0.212890625 0.7006375 0.2470703125 0.697696875 0.2978515625 0.6942671875 0.34765625 0.6942671875 0.3837890625 0.6942671875 0.41796875 0.7030875 0.439453125 0.7202359375 0.4541015625 0.7359140625 0.4375 0.7501218749999999 0.419921875 0.7457125 0.3623046875 0.7403234375000001 0.330078125
28 0.77168125 0.4150390625 0.757471875 0.4267578125 0.7457125 0.4375 0.7359140625 0.4541015625 0.7427734375 0.486328125 0.7545328125 0.51171875 0.7609015625 0.5419921875 0.7702109375 0.5693359375 0.780009375 0.5869140625 0.789809375 0.5732421875 0.7819703125 0.552734375 0.780009375 0.529296875 0.7951984375000001 0.537109375 0.803528125 0.5546875 0.8079375000000001 0.53125 0.7981374999999999 0.5078125 0.789809375 0.486328125 0.780009375 0.447265625 0.77168125 0.4150390625
0 0.72954375 0.462890625 0.7177859375 0.4609375 0.7060265625000001 0.484375 0.6942671875 0.5009765625 0.691328125 0.53125 0.7158249999999999 0.57421875 0.73199375 0.607421875 0.73934375 0.6337890625 0.757471875 0.671875 0.7672703125 0.6416015625 0.7726609375 0.6123046875 0.7702109375 0.576171875 0.764821875 0.5546875 0.7545328125 0.5263671875 0.743753125 0.5185546875 0.73934375 0.4951171875 0.72954375 0.462890625
3 0.6834890625 0.48828125 0.6687890624999999 0.48828125 0.65458125 0.5029296875 0.6536015625 0.53125 0.6580109375000001 0.5693359375 0.658990625 0.6103515625 0.666340625 0.6484375 0.6717296875 0.6884765625 0.6825078125 0.71875 0.695246875 0.69921875 0.695246875 0.673828125 0.695246875 0.6376953125 0.695246875 0.607421875 0.6923078125 0.578125 0.6878984375 0.5419921875 0.6834890625 0.48828125
4 0.6374328125 0.4951171875 0.626653125 0.5078125 0.6217546875 0.53125 0.6237140625 0.55859375 0.6256734374999999 0.583984375 0.626653125 0.625 0.6300828125 0.6630859375 0.6300828125 0.7041015625 0.636453125 0.736328125 0.6418421875 0.69921875 0.6438015625 0.6611328125 0.6452718749999999 0.6416015625 0.6491921875 0.603515625 0.6506609375 0.5712890625 0.65458125 0.513671875 0.6374328125 0.4951171875
5 0.560509375 0.51171875 0.56981875 0.5546875 0.5805984375000001 0.58984375 0.6099953124999999 0.779296875 0.62224375 0.7705078125 0.60460625 0.5439453125 0.6099953124999999 0.5244140625 0.60215625 0.4921875 0.5850078125 0.490234375 0.57226875 0.5029296875 0.560509375 0.51171875
6 0.5688390625 0.6376953125 0.5639390625 0.603515625 0.5624687500000001 0.5732421875 0.57226875 0.560546875 0.5614890625 0.53125 0.5658984375 0.5048828125 0.5531609375000001 0.4921875 0.5335625 0.486328125 0.5350312500000001 0.515625 0.5360125 0.5390625 0.537971875 0.5693359375 0.5453203125 0.6015625 0.54973125 0.6416015625 0.55855 0.6826171875 0.567859375 0.720703125 0.576678125 0.7021484375 0.5732484375 0.669921875 0.5688390625 0.6376953125
7 0.5296421875 0.529296875 0.5271921875000001 0.490234375 0.5178828125 0.4814453125 0.5046546875 0.484375 0.49387499999999995 0.4970703125 0.49387499999999995 0.5263671875 0.496325 0.556640625 0.506125 0.58203125 0.514453125 0.6103515625 0.5164140625 0.650390625 0.5296421875 0.693359375 0.540421875 0.7021484375 0.5467906250000001 0.6953125 0.544340625 0.6484375 0.53748125 0.61328125 0.5345421875 0.58203125 0.5316015625 0.556640625 0.5296421875 0.529296875
8 0.4835859375 0.578125 0.491915625 0.552734375 0.491915625 0.5244140625 0.491915625 0.4921875 0.4747671875 0.4794921875 0.4630078125 0.4921875 0.45320937499999997 0.5048828125 0.4630078125 0.5439453125 0.46496875 0.5732421875 0.46496875 0.60546875 0.46496875 0.630859375 0.4683984375 0.6572265625 0.4772171875 0.6845703125 0.4835859375 0.654296875 0.4835859375 0.6103515625 0.4835859375 0.578125
9 0.4448796875 0.48828125 0.42675156249999996 0.4814453125 0.41695312500000004 0.5029296875 0.42136250000000003 0.537109375 0.42773125 0.5654296875 0.429690625 0.5908203125 0.432140625 0.623046875 0.43508125 0.654296875 0.4385109375 0.6953125 0.45565937500000003 0.7021484375 0.4546796875 0.6650390625 0.4546796875 0.6357421875 0.44782031250000004 0.580078125 0.45125000000000004 0.5498046875 0.4566390625 0.5009765625 0.4448796875 0.48828125
10 0.42136250000000003 0.53515625 0.4125421875 0.5078125 0.4042140625 0.4814453125 0.391475 0.5029296875 0.38363593749999997 0.533203125 0.38363593749999997 0.5625 0.3860859375 0.603515625 0.391475 0.64453125 0.3944140625 0.6826171875 0.39539375 0.7021484375 0.400784375 0.7275390625 0.4125421875 0.7421875 0.42675156249999996 0.7421875 0.425771875 0.7060546875 0.42136250000000003 0.66796875 0.42136250000000003 0.630859375 0.42136250000000003 0.60546875 0.42136250000000003 0.583984375 0.42136250000000003 0.53515625
11 0.377265625 0.65234375 0.3762859375 0.6201171875 0.37530625 0.5869140625 0.3806953125 0.5673828125 0.3806953125 0.5185546875 0.370896875 0.490234375 0.35521875 0.5029296875 0.3463984375 0.5380859375 0.3463984375 0.5712890625 0.3463984375 0.599609375 0.347378125 0.6357421875 0.3517890625 0.673828125 0.354728125 0.7060546875 0.361096875 0.7275390625 0.370896875 0.74609375 0.3860859375 0.740234375 0.38363593749999997 0.7119140625 0.377265625 0.65234375
12 0.3366 0.6953125 0.34296875 0.6611328125 0.34394843750000004 0.6162109375 0.34394843750000004 0.576171875 0.34296875 0.5390625 0.34296875 0.509765625 0.33464062499999997 0.4970703125 0.3219015625 0.5009765625 0.31308125000000003 0.5185546875 0.3076921875 0.5390625 0.3076921875 0.58203125 0.3121015625 0.625 0.3121015625 0.6484375 0.3121015625 0.677734375 0.3121015625 0.716796875 0.3121015625 0.7529296875 0.32043125 0.76171875 0.33121093749999997 0.7275390625 0.3366 0.6953125
15 0.258696875 0.6484375 0.26800625 0.6162109375 0.276825 0.5888671875 0.2915234375 0.560546875 0.29936250000000003 0.5263671875 0.288584375 0.515625 0.2758453125 0.5078125 0.2660453125 0.486328125 0.2523265625 0.48828125 0.23909843749999998 0.509765625 0.23909843749999998 0.53515625 0.2327296875 0.556640625 0.21802968749999999 0.583984375 0.20382187499999999 0.6103515625 0.1930421875 0.6357421875 0.1910828125 0.6591796875 0.19647187500000002 0.67578125 0.210190625 0.6591796875 0.2234203125 0.6357421875 0.2327296875 0.60546875 0.2479171875 0.5888671875 0.23909843749999998 0.623046875 0.2317484375 0.6416015625 0.2209703125 0.6630859375 0.21999062500000002 0.697265625 0.2317484375 0.693359375 0.2435078125 0.677734375 0.258696875 0.6484375
16 0.236159375 0.4794921875 0.22537968749999998 0.466796875 0.21459999999999999 0.4560546875 0.1891234375 0.439453125 0.1847140625 0.484375 0.17589375000000002 0.51171875 0.1641359375 0.537109375 0.15335625 0.5625 0.15139687500000001 0.5947265625 0.1631546875 0.5888671875 0.1729546875 0.5693359375 0.19010312499999998 0.5458984375 0.2018625 0.5458984375 0.1954921875 0.5625 0.1847140625 0.5771484375 0.1749140625 0.603515625 0.1910828125 0.603515625 0.20088124999999998 0.5927734375 0.21558125 0.5625 0.22537968749999998 0.5458984375 0.23517812500000002 0.5205078125 0.2454671875 0.4951171875 0.236159375 0.4794921875