31 0.6181640625 0.718765625 0.6396484375 0.7339546875 0.6630859375 0.7457125 0.6884765625 0.7491421875000001 0.73828125 0.72954375 0.7255859375 0.7148453124999999 0.716796875 0.7050468750000001 0.6826171875 0.6986765625 0.6416015625 0.7104359375 0.6181640625 0.718765625
2 0.529296875 0.7413031250000001 0.560546875 0.738853125 0.580078125 0.725625 0.6142578125 0.7177859375 0.6572265625 0.7084765625 0.6513671875 0.697696875 0.646484375 0.6908375 0.6259765625 0.6859375 0.5908203125 0.688878125 0.552734375 0.6923078125 0.51171875 0.6986765625 0.486328125 0.7040671875 0.490234375 0.7177859375 0.509765625 0.73199375 0.529296875 0.7413031250000001
13 0.4541015625 0.6942671875 0.4755859375 0.697696875 0.5078125 0.697696875 0.5263671875 0.691328125 0.560546875 0.6805484374999999 0.5927734375 0.6761390625 0.626953125 0.67075 0.65234375 0.6599703124999999 0.630859375 0.6491921875 0.5966796875 0.6491921875 0.5546875 0.652621875 0.5078125 0.6482109375 0.462890625 0.6462515625 0.44140625 0.6580109375000001 0.4560546875 0.6687890624999999 0.4541015625 0.6780984375 0.4541015625 0.6942671875
17 0.4775390625 0.6462515625 0.513671875 0.6418421875 0.5498046875 0.6354734375 0.58203125 0.6281234375 0.6123046875 0.6193046875 0.580078125 0.6148953125000001 0.5458984375 0.6193046875 0.5263671875 0.6193046875 0.490234375 0.6193046875 0.4580078125 0.6163640625 0.44140625 0.6237140625 0.4267578125 0.638903125 0.4453125 0.6491921875 0.4775390625 0.6462515625
18 0.5498046875 0.5859875 0.51171875 0.5810875 0.470703125 0.5810875 0.4375 0.5786374999999999 0.4345703125 0.592846875 0.419921875 0.606565625 0.4375 0.6163640625 0.462890625 0.6163640625 0.490234375 0.6163640625 0.5224609375 0.610975 0.55859375 0.610975 0.5869140625 0.6055859375 0.6123046875 0.6011765625 0.5927734375 0.5903968749999999 0.5498046875 0.5859875
19 0.626953125 0.56491875 0.5908203125 0.5614890625 0.5546875 0.5570796875 0.515625 0.5507109375 0.4794921875 0.5453203125 0.4453125 0.54875 0.421875 0.5595296875 0.4306640625 0.5756984375 0.4609375 0.5786374999999999 0.4990234375 0.5776578125 0.53125 0.5810875 0.55859375 0.583046875 0.5888671875 0.5796171875 0.6162109375 0.5786374999999999 0.646484375 0.5756984375 0.626953125 0.56491875
21 0.5869140625 0.521803125 0.5625 0.5208234375 0.5029296875 0.51249375 0.46875 0.5090640625 0.4375 0.5046546875 0.421875 0.514453125 0.41796875 0.5316015625 0.421875 0.5414015625 0.46484375 0.54238125 0.5048828125 0.5389515625 0.5498046875 0.537971875 0.58203125 0.537971875 0.607421875 0.5335625 0.630859375 0.528171875 0.5869140625 0.521803125
22 0.5205078125 0.49289531249999996 0.576171875 0.491915625 0.6396484375 0.485546875 0.6201171875 0.4747671875 0.5732421875 0.47182812500000004 0.53125 0.4674171875 0.5009765625 0.4639875 0.46484375 0.45859843749999996 0.4326171875 0.46496875 0.419921875 0.4737875 0.4267578125 0.4889765625 0.447265625 0.498284375 0.4814453125 0.49730468749999995 0.5205078125 0.49289531249999996
29 0.5927734375 0.4243015625 0.5654296875 0.4243015625 0.5478515625 0.4243015625 0.5263671875 0.4243015625 0.4794921875 0.4243015625 0.4541015625 0.4243015625 0.4326171875 0.43508125 0.443359375 0.4448796875 0.4541015625 0.45320937499999997 0.4814453125 0.45761874999999996 0.513671875 0.45320937499999997 0.5546875 0.45026875000000005 0.5712890625 0.44585937500000006 0.6181640625 0.44292031249999997 0.64453125 0.439490625 0.623046875 0.4243015625 0.5927734375 0.4243015625
23 0.6201171875 0.41156249999999994 0.6181640625 0.403234375 0.5732421875 0.3968640625 0.5478515625 0.389025 0.509765625 0.3860859375 0.486328125 0.38510468750000004 0.4609375 0.379715625 0.4326171875 0.387065625 0.4345703125 0.3968640625 0.4541015625 0.403234375 0.4521484375 0.41499218750000005 0.4755859375 0.42038281250000004 0.509765625 0.42038281250000004 0.5390625 0.42038281250000004 0.5732421875 0.415971875 0.6201171875 0.41156249999999994
24 0.6142578125 0.38804531249999996 0.630859375 0.38804531249999996 0.607421875 0.3762859375 0.578125 0.3718765625 0.556640625 0.36893750000000003 0.537109375 0.363546875 0.513671875 0.357178125 0.484375 0.3508078125 0.4580078125 0.3508078125 0.447265625 0.3591375 0.447265625 0.373346875 0.462890625 0.3806953125 0.490234375 0.3860859375 0.5205078125 0.38265625000000003 0.552734375 0.381675 0.5888671875 0.38363593749999997 0.6142578125 0.38804531249999996
25 0.6123046875 0.3508078125 0.6396484375 0.3508078125 0.65234375 0.332190625 0.626953125 0.327290625 0.5888671875 0.3194515625 0.5478515625 0.31308125000000003 0.5205078125 0.3057328125 0.48828125 0.3067125 0.470703125 0.3101421875 0.4736328125 0.3219015625 0.462890625 0.3366 0.46484375 0.3463984375 0.5009765625 0.35276874999999996 0.53515625 0.3517890625 0.5693359375 0.34835937499999997 0.6123046875 0.3508078125
26 0.5732421875 0.2616359375 0.5458984375 0.258696875 0.5224609375 0.2660453125 0.509765625 0.2822140625 0.5009765625 0.2939734375 0.529296875 0.3067125 0.5625 0.30867187500000004 0.6015625 0.30867187500000004 0.62890625 0.30867187500000004 0.654296875 0.3076921875 0.6865234375 0.2983828125 0.654296875 0.288584375 0.62890625 0.284175 0.6015625 0.27339531250000004 0.5732421875 0.2616359375
27 0.736328125 0.2454671875 0.7060546875 0.24693749999999998 0.677734375 0.249878125 0.6611328125 0.2552671875 0.64453125 0.2616359375 0.64453125 0.276825 0.6630859375 0.2876046875 0.6865234375 0.2895640625 0.72265625 0.2915234375 0.7314453125 0.28319375 0.7490234375 0.27339531250000004 0.7509765625 0.26065625 0.736328125 0.2454671875
0 0.509765625 0.27339531250000004 0.51171875 0.258696875 0.4921875 0.2454671875 0.4560546875 0.24448750000000002 0.4267578125 0.23370937500000002 0.392578125 0.22440000000000002 0.3603515625 0.21999062500000002 0.3515625 0.23664843750000003 0.3662109375 0.2533078125 0.3837890625 0.2670265625 0.392578125 0.2714359375 0.423828125 0.2895640625 0.447265625 0.2959328125 0.4775390625 0.29299375 0.48828125 0.28123437500000004 0.509765625 0.27339531250000004
1 0.2939453125 0.2969125 0.26171875 0.2895640625 0.27734375 0.3076921875 0.2978515625 0.31749218749999997 0.328125 0.32043125 0.3515625 0.3282703125 0.376953125 0.333659375 0.3984375 0.34394843750000004 0.419921875 0.347378125 0.44140625 0.33904999999999996 0.44140625 0.3238609375 0.4560546875 0.3101421875 0.466796875 0.29936250000000003 0.4130859375 0.2915234375 0.3818359375 0.2915234375 0.35546875 0.28123437500000004 0.326171875 0.2670265625 0.2880859375 0.26506562499999997 0.2958984375 0.2778046875 0.322265625 0.2895640625 0.349609375 0.2959328125 0.3623046875 0.3057328125 0.326171875 0.3057328125 0.2939453125 0.2969125
3 0.4033203125 0.34835937499999997 0.3603515625 0.347378125 0.33203125 0.3400296875 0.302734375 0.3356203125 0.2666015625 0.3356203125 0.240234375 0.341009375 0.2919921875 0.3591375 0.3193359375 0.36648749999999997 0.3408203125 0.3718765625 0.37109375 0.3782453125 0.3896484375 0.38363593749999997 0.423828125 0.3762859375 0.421875 0.3645265625 0.421875 0.3517890625 0.4033203125 0.34835937499999997
4 0.41796875 0.3944140625 0.4033203125 0.381675 0.373046875 0.381675 0.3427734375 0.38363593749999997 0.3173828125 0.38363593749999997 0.28515625 0.38265625000000003 0.25390625 0.38265625000000003 0.2109375 0.3860859375 0.25390625 0.39784375 0.2978515625 0.400784375 0.3388671875 0.41058281250000006 0.3857421875 0.41499218750000005 0.41796875 0.3944140625
5 0.3662109375 0.44292031249999997 0.3984375 0.4439 0.416015625 0.4341015625 0.4111328125 0.41499218750000005 0.375 0.4140125 0.302734375 0.415971875 0.26171875 0.41695312500000004 0.234375 0.4179328125 0.2109375 0.41891249999999997 0.1875 0.4287109375 0.2216796875 0.4331203125 0.2490234375 0.4385109375 0.2724609375 0.4404703125 0.30859375 0.44292031249999997 0.33203125 0.44292031249999997 0.3662109375 0.44292031249999997
6 0.3515625 0.4772171875 0.376953125 0.4772171875 0.396484375 0.4747671875 0.4033203125 0.4630078125 0.3984375 0.44782031250000004 0.3818359375 0.44585937500000006 0.3515625 0.45026875000000005 0.330078125 0.45222968750000003 0.30078125 0.45222968750000003 0.2705078125 0.45320937499999997 0.2451171875 0.4566390625 0.2236328125 0.45761874999999996 0.193359375 0.4674171875 0.216796875 0.469378125 0.2509765625 0.4683984375 0.28125 0.47035781249999997 0.30859375 0.47035781249999997 0.3515625 0.4772171875
7 0.3837890625 0.501715625 0.4072265625 0.49289531249999996 0.4033203125 0.47819687499999997 0.3642578125 0.4791765625 0.3369140625 0.4791765625 0.2978515625 0.4791765625 0.2490234375 0.4821171875 0.2255859375 0.49387499999999995 0.2685546875 0.49289531249999996 0.2958984375 0.4953453125 0.3193359375 0.4953453125 0.35546875 0.49926562499999994 0.3837890625 0.501715625
8 0.4072265625 0.5026953125 0.3818359375 0.5026953125 0.34765625 0.5071046875 0.306640625 0.5080843749999999 0.263671875 0.5164140625 0.23046875 0.5188640625 0.28125 0.5208234375 0.3134765625 0.5271921875000001 0.35546875 0.5271921875000001 0.39453125 0.5271921875000001 0.4072265625 0.5026953125
9 0.3818359375 0.55855 0.39453125 0.5477703125 0.400390625 0.528171875 0.375 0.5262125 0.34765625 0.530621875 0.322265625 0.5360125 0.28515625 0.5325828125000001 0.2470703125 0.5350312500000001 0.2236328125 0.54238125 0.2509765625 0.54875 0.279296875 0.5477703125 0.3154296875 0.5507109375 0.3515625 0.55855 0.3818359375 0.55855
10 0.3369140625 0.5903968749999999 0.3818359375 0.5938265625 0.4052734375 0.5732484375 0.3876953125 0.560509375 0.3603515625 0.5570796875 0.3369140625 0.5658984375 0.30859375 0.5658984375 0.2666015625 0.5668796875 0.2275390625 0.567859375 0.19140625 0.57226875 0.2001953125 0.5820671875000001 0.2216796875 0.584028125 0.2578125 0.5850078125 0.2939453125 0.5859875 0.3369140625 0.5903968749999999
11 0.3984375 0.6119546875 0.396484375 0.597746875 0.3623046875 0.5938265625 0.3388671875 0.59480625 0.3134765625 0.6011765625 0.2900390625 0.60460625 0.2490234375 0.6031359375 0.2060546875 0.6099953124999999 0.1806640625 0.6217546875 0.2109375 0.6217546875 0.232421875 0.6217546875 0.259765625 0.6193046875 0.2919921875 0.6173437500000001 0.3173828125 0.618325 0.34375 0.6207734375 0.3623046875 0.6246937499999999 0.3818359375 0.6237140625 0.3984375 0.6119546875
12 0.4111328125 0.652621875 0.416015625 0.6418421875 0.3984375 0.6344921875 0.396484375 0.6246937499999999 0.376953125 0.6237140625 0.34765625 0.629103125 0.326171875 0.636453125 0.2978515625 0.642821875 0.279296875 0.651640625 0.25390625 0.65703125 0.2236328125 0.6634 0.2744140625 0.666340625 0.3134765625 0.6609499999999999 0.3427734375 0.658990625 0.3798828125 0.658990625 0.4111328125 0.652621875
14 0.35546875 0.7177859375 0.3798828125 0.7104359375 0.41796875 0.70700625 0.44140625 0.7006375 0.443359375 0.688878125 0.4267578125 0.6795687499999999 0.4287109375 0.665359375 0.4111328125 0.65703125 0.373046875 0.6560515625 0.35546875 0.666340625 0.3408203125 0.6761390625 0.3046875 0.6825078125 0.27734375 0.688878125 0.255859375 0.6967171875 0.2275390625 0.70945625 0.2490234375 0.7148453124999999 0.28125 0.7040671875 0.2919921875 0.7006375 0.318359375 0.697696875 0.30078125 0.7158249999999999 0.2744140625 0.725625 0.259765625 0.737384375 0.2958984375 0.734934375 0.326171875 0.7266046875 0.35546875 0.7177859375
15 0.4921875 0.743753125 0.490234375 0.730525 0.470703125 0.725625 0.470703125 0.7123953125 0.4521484375 0.7060265625000001 0.423828125 0.7060265625000001 0.400390625 0.7158249999999999 0.3876953125 0.7266046875 0.3642578125 0.743753125 0.353515625 0.7564921874999999 0.32421875 0.7726609375 0.37109375 0.773640625 0.3984375 0.7672703125 0.439453125 0.7584515625 0.470703125 0.7545328125 0.4921875 0.743753125