31 0.2851546875 0.2744140625 0.27045625 0.26171875 0.2508578125 0.3115234375 0.2542875 0.3369140625 0.2660453125 0.3603515625 0.28123437500000004 0.3818359375 0.2895640625 0.3583984375 0.3013234375 0.3173828125 0.29495312500000004 0.283203125 0.2851546875 0.2744140625
2 0.261146875 0.439453125 0.258696875 0.470703125 0.26800625 0.490234375 0.2822140625 0.509765625 0.2959328125 0.513671875 0.3013234375 0.48828125 0.3076921875 0.447265625 0.311121875 0.4091796875 0.3140625 0.3740234375 0.3091625 0.353515625 0.302303125 0.3486328125 0.2915234375 0.3427734375 0.2822140625 0.3857421875 0.274375 0.419921875 0.261146875 0.439453125
13 0.30867187500000004 0.4736328125 0.302303125 0.4921875 0.302303125 0.5244140625 0.3057328125 0.5458984375 0.3219015625 0.5458984375 0.33121093749999997 0.5439453125 0.3419890625 0.55859375 0.3537484375 0.537109375 0.3517890625 0.4921875 0.347378125 0.4453125 0.3508078125 0.4033203125 0.3508078125 0.369140625 0.3400296875 0.34765625 0.32925 0.373046875 0.3238609375 0.4072265625 0.3194515625 0.439453125 0.30867187500000004 0.4736328125
17 0.3537484375 0.5224609375 0.3508078125 0.5546875 0.361096875 0.5732421875 0.3762859375 0.55859375 0.38363593749999997 0.5419921875 0.3806953125 0.509765625 0.3806953125 0.4736328125 0.3806953125 0.4541015625 0.38510468750000004 0.419921875 0.3806953125 0.3876953125 0.3718765625 0.41796875 0.3645265625 0.4501953125 0.3581578125 0.486328125 0.3537484375 0.5224609375
18 0.41891249999999997 0.48828125 0.4140125 0.4501953125 0.409603125 0.4072265625 0.39882343750000004 0.3876953125 0.3944140625 0.4130859375 0.389025 0.44140625 0.389025 0.4775390625 0.38363593749999997 0.509765625 0.38363593749999997 0.537109375 0.38363593749999997 0.5625 0.393434375 0.580078125 0.40715312499999995 0.5654296875 0.42136250000000003 0.5625 0.41891249999999997 0.529296875 0.41891249999999997 0.48828125
19 0.44292031249999997 0.4453125 0.4385109375 0.4091796875 0.43508125 0.373046875 0.4243015625 0.353515625 0.42136250000000003 0.3837890625 0.42038281250000004 0.4111328125 0.41695312500000004 0.44140625 0.41891249999999997 0.46875 0.42234218749999997 0.5009765625 0.42136250000000003 0.5390625 0.4243015625 0.5693359375 0.4404703125 0.578125 0.45125000000000004 0.5546875 0.4546796875 0.5205078125 0.4492890625 0.484375 0.44292031249999997 0.4453125
21 0.4791765625 0.4375 0.47819687499999997 0.4130859375 0.47182812500000004 0.369140625 0.46643749999999995 0.392578125 0.46202812499999996 0.41796875 0.46202812499999996 0.4501953125 0.4610484375 0.4951171875 0.45761874999999996 0.53515625 0.45859843749999996 0.578125 0.4683984375 0.58203125 0.485546875 0.578125 0.4953453125 0.5625 0.49093593750000003 0.53125 0.48750625000000003 0.4970703125 0.4791765625 0.4375
22 0.5071046875 0.4794921875 0.5026953125 0.5185546875 0.501715625 0.552734375 0.5110234375 0.5732421875 0.5262125 0.580078125 0.5350312500000001 0.5673828125 0.5414015625 0.53515625 0.5360125 0.4990234375 0.5325828125000001 0.46875 0.528171875 0.4267578125 0.5252328125 0.3798828125 0.514453125 0.3603515625 0.5080843749999999 0.423828125 0.5071046875 0.4794921875
29 0.5756984375 0.4736328125 0.5756984375 0.4521484375 0.5756984375 0.4345703125 0.5756984375 0.4072265625 0.5756984375 0.376953125 0.560509375 0.35546875 0.5570796875 0.3818359375 0.5541406249999999 0.4287109375 0.54973125 0.4453125 0.5467906250000001 0.486328125 0.54238125 0.5185546875 0.5467906250000001 0.5458984375 0.5551203124999999 0.556640625 0.56491875 0.5673828125 0.5756984375 0.5458984375 0.5756984375 0.5205078125 0.5756984375 0.4736328125
23 0.6031359375 0.4267578125 0.596765625 0.3818359375 0.5884375000000001 0.3798828125 0.584028125 0.4267578125 0.5796171875 0.4609375 0.5796171875 0.490234375 0.5796171875 0.5244140625 0.5850078125 0.5478515625 0.596765625 0.5458984375 0.6031359375 0.5654296875 0.612934375 0.5673828125 0.620284375 0.5390625 0.6148953125000001 0.513671875 0.6139140624999999 0.490234375 0.610975 0.4521484375 0.6031359375 0.4267578125
24 0.6281234375 0.421875 0.6237140625 0.392578125 0.6119546875 0.369140625 0.6119546875 0.3857421875 0.6163640625 0.4111328125 0.618325 0.447265625 0.6173437500000001 0.4794921875 0.6139140624999999 0.509765625 0.6193046875 0.537109375 0.626653125 0.552734375 0.6408625 0.552734375 0.6491921875 0.5419921875 0.6491921875 0.515625 0.642821875 0.486328125 0.636453125 0.462890625 0.6310625 0.443359375 0.6281234375 0.421875
25 0.667809375 0.34765625 0.6491921875 0.3603515625 0.6491921875 0.3876953125 0.651640625 0.4306640625 0.6482109375 0.46484375 0.64723125 0.4990234375 0.6536015625 0.53515625 0.6634 0.537109375 0.6780984375 0.5263671875 0.6898578125 0.529296875 0.6932875000000001 0.51171875 0.6942671875 0.4794921875 0.68691875 0.4521484375 0.6805484374999999 0.4111328125 0.6727093749999999 0.373046875 0.667809375 0.34765625
26 0.7413031250000001 0.4541015625 0.7383640625 0.4267578125 0.7266046875 0.3984375 0.7158249999999999 0.37109375 0.711415625 0.345703125 0.7016171875 0.3134765625 0.6923078125 0.345703125 0.691328125 0.37109375 0.691328125 0.3984375 0.691328125 0.4375 0.6932875000000001 0.470703125 0.7060265625000001 0.4990234375 0.7177859375 0.490234375 0.7339546875 0.4775390625 0.7413031250000001 0.4541015625
27 0.73934375 0.2490234375 0.7266046875 0.2509765625 0.71680625 0.2685546875 0.7084765625 0.27734375 0.7104359375 0.3134765625 0.7123953125 0.3369140625 0.723175 0.35546875 0.7383640625 0.35546875 0.7447328125 0.3388671875 0.7501218749999999 0.322265625 0.7530625 0.2939453125 0.7545328125 0.263671875 0.73934375 0.2490234375
0 0.7545328125 0.5078125 0.7413031250000001 0.48828125 0.7266046875 0.490234375 0.718765625 0.51171875 0.70700625 0.5224609375 0.7040671875 0.552734375 0.7104359375 0.576171875 0.7285640625 0.607421875 0.7329734375 0.6162109375 0.7466921875 0.6337890625 0.7633515625 0.6484375 0.780009375 0.6396484375 0.7756000000000001 0.607421875 0.766290625 0.5732421875 0.7555125 0.5439453125 0.7545328125 0.5078125
1 0.6761390625 0.55859375 0.6609499999999999 0.55859375 0.652621875 0.580078125 0.6560515625 0.6015625 0.666340625 0.623046875 0.6717296875 0.6484375 0.6795687499999999 0.671875 0.6825078125 0.7021484375 0.6923078125 0.72265625 0.7104359375 0.73828125 0.7030875 0.7060546875 0.6942671875 0.673828125 0.6942671875 0.6376953125 0.7040671875 0.650390625 0.7104359375 0.677734375 0.7221953125 0.7041015625 0.734934375 0.7119140625 0.7329734375 0.673828125 0.718765625 0.64453125 0.7084765625 0.6181640625 0.7084765625 0.5869140625 0.7006375 0.533203125 0.6898578125 0.5439453125 0.6761390625 0.55859375
3 0.652621875 0.6396484375 0.651640625 0.5966796875 0.6482109375 0.578125 0.6354734375 0.578125 0.6237140625 0.576171875 0.6163640625 0.6103515625 0.6217546875 0.62890625 0.6281234375 0.6591796875 0.6335124999999999 0.6806640625 0.6408625 0.7080078125 0.658990625 0.759765625 0.6643796875 0.7333984375 0.6643796875 0.697265625 0.6599703124999999 0.66796875 0.652621875 0.6396484375
4 0.5850078125 0.6142578125 0.5894171874999999 0.6611328125 0.599215625 0.7021484375 0.60215625 0.74609375 0.6139140624999999 0.7890625 0.6173437500000001 0.74609375 0.6173437500000001 0.71484375 0.6163640625 0.6826171875 0.6163640625 0.6572265625 0.618325 0.626953125 0.618325 0.5966796875 0.6055859375 0.58203125 0.5850078125 0.6142578125
5 0.5658984375 0.583984375 0.5561 0.6015625 0.5570796875 0.6337890625 0.5570796875 0.66796875 0.5570796875 0.69140625 0.5595296875 0.7275390625 0.5614890625 0.7509765625 0.5668796875 0.7783203125 0.5712890625 0.8125 0.5810875 0.7890625 0.5820671875000001 0.765625 0.583046875 0.73828125 0.584028125 0.697265625 0.5859875 0.625 0.5850078125 0.5888671875 0.5658984375 0.583984375
6 0.5521796875 0.6015625 0.5369921875 0.5966796875 0.5252328125 0.603515625 0.5227828125 0.623046875 0.5227828125 0.6484375 0.5296421875 0.69140625 0.5296421875 0.71875 0.5316015625 0.7490234375 0.530621875 0.783203125 0.5325828125000001 0.806640625 0.54238125 0.7763671875 0.5433609374999999 0.7548828125 0.5467906250000001 0.7294921875 0.5477703125 0.69921875 0.5477703125 0.669921875 0.54973125 0.6484375 0.5541406249999999 0.6181640625 0.5521796875 0.6015625
7 0.5007343750000001 0.64453125 0.5046546875 0.6806640625 0.5046546875 0.7041015625 0.5071046875 0.7314453125 0.506125 0.7744140625 0.5178828125 0.7509765625 0.5208234375 0.7021484375 0.5208234375 0.6630859375 0.5208234375 0.6357421875 0.521803125 0.5966796875 0.5071046875 0.5927734375 0.498284375 0.6162109375 0.5007343750000001 0.64453125
8 0.4728078125 0.6865234375 0.4791765625 0.71875 0.48113593750000005 0.76953125 0.4835859375 0.736328125 0.491915625 0.693359375 0.49289531249999996 0.65234375 0.49730468749999995 0.6181640625 0.49730468749999995 0.5927734375 0.4728078125 0.60546875 0.4728078125 0.64453125 0.4728078125 0.6865234375
9 0.44145 0.6181640625 0.44145 0.6484375 0.4492890625 0.6845703125 0.45222968750000003 0.720703125 0.45125000000000004 0.7490234375 0.45761874999999996 0.7763671875 0.46496875 0.7529296875 0.4674171875 0.71484375 0.4639875 0.677734375 0.469378125 0.65234375 0.4737875 0.625 0.47182812500000004 0.599609375 0.45222968750000003 0.60546875 0.44145 0.6181640625
10 0.4061734375 0.6181640625 0.409603125 0.6630859375 0.4140125 0.7060546875 0.41499218750000005 0.7421875 0.415971875 0.7783203125 0.4179328125 0.7998046875 0.42773125 0.80859375 0.432140625 0.7724609375 0.4331203125 0.7333984375 0.4341015625 0.69140625 0.4341015625 0.6630859375 0.44292031249999997 0.6396484375 0.439490625 0.6123046875 0.42675156249999996 0.5947265625 0.4061734375 0.6181640625
11 0.39882343750000004 0.6865234375 0.40519375 0.6611328125 0.4061734375 0.6376953125 0.402253125 0.603515625 0.38804531249999996 0.6015625 0.3762859375 0.6181640625 0.37530625 0.6376953125 0.37922656250000003 0.65625 0.381675 0.6826171875 0.38265625000000003 0.7080078125 0.3806953125 0.740234375 0.3782453125 0.767578125 0.3782453125 0.7890625 0.3782453125 0.8193359375 0.3900046875 0.7939453125 0.3968640625 0.7509765625 0.39539375 0.7099609375 0.39882343750000004 0.6865234375
12 0.36550781250000003 0.6015625 0.3581578125 0.583984375 0.347378125 0.5888671875 0.341009375 0.6201171875 0.341009375 0.6572265625 0.33904999999999996 0.6865234375 0.333659375 0.7255859375 0.3366 0.7763671875 0.34296875 0.74609375 0.34835937499999997 0.720703125 0.357178125 0.7021484375 0.363546875 0.673828125 0.370896875 0.65234375 0.3762859375 0.623046875 0.37530625 0.603515625 0.36550781250000003 0.6015625
14 0.31749218749999997 0.6953125 0.3238609375 0.6591796875 0.333659375 0.64453125 0.34394843750000004 0.626953125 0.34296875 0.5888671875 0.33464062499999997 0.5712890625 0.32043125 0.5732421875 0.311121875 0.556640625 0.29936250000000003 0.55859375 0.29299375 0.58203125 0.2895640625 0.6201171875 0.2822140625 0.64453125 0.27339531250000004 0.673828125 0.26506562499999997 0.7041015625 0.262615625 0.740234375 0.274375 0.7255859375 0.284175 0.69921875 0.302303125 0.681640625 0.29936250000000003 0.7080078125 0.2959328125 0.71875 0.2851546875 0.7509765625 0.29054375 0.7724609375 0.3032828125 0.744140625 0.311121875 0.72265625 0.31749218749999997 0.6953125
15 0.274375 0.529296875 0.269475 0.509765625 0.256246875 0.5078125 0.2454671875 0.529296875 0.24154843750000002 0.560546875 0.2327296875 0.6015625 0.226359375 0.62890625 0.22733906250000002 0.67578125 0.2435078125 0.646484375 0.256246875 0.6357421875 0.27339531250000004 0.6123046875 0.284175 0.599609375 0.2939734375 0.576171875 0.2939734375 0.5478515625 0.2876046875 0.529296875 0.274375 0.529296875