13 0.7050468750000001 0.583984375 0.7060265625000001 0.6162109375 0.7212156249999999 0.625 0.73199375 0.6162109375 0.7427734375 0.6123046875 0.7447328125 0.5869140625 0.743753125 0.537109375 0.7476734375 0.5078125 0.7555125 0.462890625 0.73199375 0.443359375 0.723175 0.4287109375 0.70945625 0.419921875 0.7050468750000001 0.443359375 0.70945625 0.4794921875 0.7084765625 0.5263671875 0.7060265625000001 0.5439453125 0.7060265625000001 0.5673828125 0.7050468750000001 0.583984375
17 0.700146875 0.5205078125 0.7016171875 0.4755859375 0.7016171875 0.4384765625 0.6932875000000001 0.3984375 0.679078125 0.3984375 0.6673203125 0.4169921875 0.6732 0.455078125 0.67075 0.4853515625 0.67075 0.5322265625 0.6722187500000001 0.583984375 0.6766296875 0.6240234375 0.6981875 0.6123046875 0.7016171875 0.5625 0.700146875 0.5205078125
22 0.5080843749999999 0.4140625 0.48848593749999997 0.390625 0.46251875 0.4033203125 0.45908906250000003 0.4453125 0.46006875 0.4833984375 0.46643749999999995 0.5478515625 0.475746875 0.583984375 0.48995625 0.5712890625 0.5026953125 0.55078125 0.5080843749999999 0.478515625 0.5080843749999999 0.4140625
30 0.4615390625 0.5634765625 0.4561484375 0.533203125 0.4561484375 0.478515625 0.4561484375 0.455078125 0.45761874999999996 0.4169921875 0.4404703125 0.40625 0.41891249999999997 0.421875 0.4198921875 0.470703125 0.42773125 0.517578125 0.4292015625 0.56640625 0.43802031250000006 0.6025390625 0.45125000000000004 0.615234375 0.4615390625 0.5947265625 0.4615390625 0.5634765625
1 0.304753125 0.3857421875 0.2915234375 0.373046875 0.28123437500000004 0.341796875 0.269475 0.3056640625 0.2552671875 0.279296875 0.24252812499999998 0.2978515625 0.25134687499999997 0.318359375 0.26555625 0.34375 0.2670265625 0.375 0.2552671875 0.3701171875 0.24105781249999997 0.341796875 0.22537968749999998 0.333984375 0.21802968749999999 0.365234375 0.22831875 0.3935546875 0.24252812499999998 0.4189453125 0.25820625 0.439453125 0.26555625 0.470703125 0.278784375 0.4814453125 0.2944640625 0.4580078125 0.3057328125 0.4599609375 0.3214109375 0.4375 0.3189609375 0.4091796875 0.304753125 0.3857421875
3 0.30867187500000004 0.26171875 0.3150421875 0.310546875 0.313571875 0.3671875 0.3219015625 0.427734375 0.3488484375 0.4189453125 0.349828125 0.3828125 0.345909375 0.3466796875 0.341009375 0.3076171875 0.3370890625 0.2744140625 0.3214109375 0.2490234375 0.30867187500000004 0.26171875
4 0.3512984375 0.2646484375 0.3591375 0.294921875 0.36060781249999996 0.3291015625 0.36060781249999996 0.357421875 0.3537484375 0.3955078125 0.36550781250000003 0.4169921875 0.39294531250000003 0.40234375 0.3900046875 0.359375 0.3860859375 0.318359375 0.38265625000000003 0.2841796875 0.373346875 0.2490234375 0.35766718750000004 0.2333984375 0.3512984375 0.2646484375
5 0.3993140625 0.2021484375 0.3900046875 0.2275390625 0.39392499999999997 0.271484375 0.3993140625 0.30078125 0.3993140625 0.333984375 0.3993140625 0.365234375 0.4017640625 0.3935546875 0.415971875 0.3955078125 0.4341015625 0.3779296875 0.4292015625 0.3369140625 0.4292015625 0.2978515625 0.42381250000000004 0.2568359375 0.41107343749999997 0.2275390625 0.3993140625 0.2021484375
6 0.42773125 0.24609375 0.4355703125 0.2900390625 0.43802031250000006 0.3232421875 0.439490625 0.3623046875 0.4404703125 0.3876953125 0.469378125 0.3701171875 0.46643749999999995 0.333984375 0.46251875 0.29296875 0.46006875 0.2587890625 0.45369843750000005 0.23828125 0.4404703125 0.2275390625 0.42773125 0.24609375
7 0.4953453125 0.3701171875 0.4977953125 0.3369140625 0.4977953125 0.294921875 0.49240625 0.26953125 0.47966718750000004 0.24609375 0.47427656249999994 0.2900390625 0.47427656249999994 0.3310546875 0.47035781249999997 0.3779296875 0.4953453125 0.3701171875
8 0.4977953125 0.373046875 0.5247421875 0.3671875 0.5286625 0.3310546875 0.5316015625 0.287109375 0.5316015625 0.25390625 0.5198437499999999 0.22265625 0.5095546875 0.2568359375 0.510534375 0.30078125 0.501715625 0.341796875 0.4977953125 0.373046875
9 0.540421875 0.3134765625 0.5301328125 0.373046875 0.55855 0.3701171875 0.5639390625 0.341796875 0.5688390625 0.302734375 0.576678125 0.2509765625 0.5869671875 0.205078125 0.574228125 0.2021484375 0.5624687500000001 0.212890625 0.54973125 0.2587890625 0.540421875 0.3134765625
10 0.62224375 0.1943359375 0.606565625 0.173828125 0.5938265625 0.20703125 0.583046875 0.2431640625 0.583046875 0.279296875 0.576678125 0.318359375 0.570309375 0.3515625 0.5805984375000001 0.3828125 0.6011765625 0.365234375 0.609015625 0.3212890625 0.609015625 0.287109375 0.6144046875 0.2509765625 0.62224375 0.1943359375
11 0.6207734375 0.30078125 0.610484375 0.3310546875 0.6050953125 0.3623046875 0.6193046875 0.380859375 0.636453125 0.375 0.6413515624999999 0.3369140625 0.6413515624999999 0.294921875 0.6482109375 0.2431640625 0.6442921875 0.2099609375 0.6246937499999999 0.26171875 0.6207734375 0.30078125
15 0.804996875 0.3212890625 0.812346875 0.294921875 0.7971578125 0.294921875 0.7790296875 0.3232421875 0.7579625 0.3388671875 0.7726609375 0.302734375 0.7839296874999999 0.271484375 0.771190625 0.2666015625 0.75943125 0.2822265625 0.7491421875000001 0.3076171875 0.734934375 0.3466796875 0.7207250000000001 0.3779296875 0.723175 0.4033203125 0.7422828124999999 0.4345703125 0.766290625 0.439453125 0.7790296875 0.373046875 0.79421875 0.349609375 0.804996875 0.3212890625