13 0.7050468750000001 0.416015625 0.7060265625000001 0.4326171875 0.7060265625000001 0.4560546875 0.7084765625 0.4736328125 0.70945625 0.5205078125 0.7050468750000001 0.556640625 0.70945625 0.580078125 0.723175 0.5712890625 0.73199375 0.556640625 0.7555125 0.537109375 0.7476734375 0.4921875 0.743753125 0.462890625 0.7447328125 0.4130859375 0.7427734375 0.3876953125 0.73199375 0.3837890625 0.7212156249999999 0.375 0.7060265625000001 0.3837890625 0.7050468750000001 0.416015625
17 0.6722187500000001 0.416015625 0.67075 0.4677734375 0.67075 0.5146484375 0.6732 0.544921875 0.6673203125 0.5830078125 0.679078125 0.6015625 0.6932875000000001 0.6015625 0.7016171875 0.5615234375 0.7016171875 0.5244140625 0.700146875 0.4794921875 0.7016171875 0.4375 0.6981875 0.3876953125 0.6766296875 0.3759765625 0.6722187500000001 0.416015625
22 0.45908906250000003 0.5546875 0.46251875 0.5966796875 0.48848593749999997 0.609375 0.5080843749999999 0.5859375 0.5080843749999999 0.521484375 0.5026953125 0.44921875 0.48995625 0.4287109375 0.475746875 0.416015625 0.46643749999999995 0.4521484375 0.46006875 0.5166015625 0.45908906250000003 0.5546875
30 0.4292015625 0.43359375 0.42773125 0.482421875 0.4198921875 0.529296875 0.41891249999999997 0.578125 0.4404703125 0.59375 0.45761874999999996 0.5830078125 0.4561484375 0.544921875 0.4561484375 0.521484375 0.4561484375 0.466796875 0.4615390625 0.4365234375 0.4615390625 0.4052734375 0.45125000000000004 0.384765625 0.43802031250000006 0.3974609375 0.4292015625 0.43359375
1 0.24252812499999998 0.7021484375 0.2552671875 0.720703125 0.269475 0.6943359375 0.28123437500000004 0.658203125 0.2915234375 0.626953125 0.304753125 0.6142578125 0.3189609375 0.5908203125 0.3214109375 0.5625 0.3057328125 0.5400390625 0.2944640625 0.5419921875 0.278784375 0.5185546875 0.26555625 0.529296875 0.25820625 0.560546875 0.24252812499999998 0.5810546875 0.22831875 0.6064453125 0.21802968749999999 0.634765625 0.22537968749999998 0.666015625 0.24105781249999997 0.658203125 0.2552671875 0.6298828125 0.2670265625 0.625 0.26555625 0.65625 0.25134687499999997 0.681640625 0.24252812499999998 0.7021484375
3 0.3219015625 0.572265625 0.313571875 0.6328125 0.3150421875 0.689453125 0.30867187500000004 0.73828125 0.3214109375 0.7509765625 0.3370890625 0.7255859375 0.341009375 0.6923828125 0.345909375 0.6533203125 0.349828125 0.6171875 0.3488484375 0.5810546875 0.3219015625 0.572265625
4 0.3900046875 0.640625 0.39294531250000003 0.59765625 0.36550781250000003 0.5830078125 0.3537484375 0.6044921875 0.36060781249999996 0.642578125 0.36060781249999996 0.6708984375 0.3591375 0.705078125 0.3512984375 0.7353515625 0.35766718750000004 0.7666015625 0.373346875 0.7509765625 0.38265625000000003 0.7158203125 0.3860859375 0.681640625 0.3900046875 0.640625
5 0.4292015625 0.6630859375 0.4341015625 0.6220703125 0.415971875 0.6044921875 0.4017640625 0.6064453125 0.3993140625 0.634765625 0.3993140625 0.666015625 0.3993140625 0.69921875 0.39392499999999997 0.728515625 0.3900046875 0.7724609375 0.3993140625 0.7978515625 0.41107343749999997 0.7724609375 0.42381250000000004 0.7431640625 0.4292015625 0.7021484375 0.4292015625 0.6630859375
6 0.469378125 0.6298828125 0.4404703125 0.6123046875 0.439490625 0.6376953125 0.43802031250000006 0.6767578125 0.4355703125 0.7099609375 0.42773125 0.75390625 0.4404703125 0.7724609375 0.45369843750000005 0.76171875 0.46006875 0.7412109375 0.46251875 0.70703125 0.46643749999999995 0.666015625 0.469378125 0.6298828125
7 0.47035781249999997 0.6220703125 0.47427656249999994 0.6689453125 0.47427656249999994 0.7099609375 0.47966718750000004 0.75390625 0.49240625 0.73046875 0.4977953125 0.705078125 0.4977953125 0.6630859375 0.4953453125 0.6298828125 0.47035781249999997 0.6220703125
8 0.5247421875 0.6328125 0.4977953125 0.626953125 0.501715625 0.658203125 0.510534375 0.69921875 0.5095546875 0.7431640625 0.5198437499999999 0.77734375 0.5316015625 0.74609375 0.5316015625 0.712890625 0.5286625 0.6689453125 0.5247421875 0.6328125
9 0.5639390625 0.658203125 0.55855 0.6298828125 0.5301328125 0.626953125 0.540421875 0.6865234375 0.54973125 0.7412109375 0.5624687500000001 0.787109375 0.574228125 0.7978515625 0.5869671875 0.794921875 0.576678125 0.7490234375 0.5688390625 0.697265625 0.5639390625 0.658203125
10 0.5805984375000001 0.6171875 0.570309375 0.6484375 0.576678125 0.681640625 0.583046875 0.720703125 0.583046875 0.7568359375 0.5938265625 0.79296875 0.606565625 0.826171875 0.62224375 0.8056640625 0.6144046875 0.7490234375 0.609015625 0.712890625 0.609015625 0.6787109375 0.6011765625 0.634765625 0.5805984375000001 0.6171875
11 0.6193046875 0.619140625 0.6050953125 0.6376953125 0.610484375 0.6689453125 0.6207734375 0.69921875 0.6246937499999999 0.73828125 0.6442921875 0.7900390625 0.6482109375 0.7568359375 0.6413515624999999 0.705078125 0.6413515624999999 0.6630859375 0.636453125 0.625 0.6193046875 0.619140625
15 0.804996875 0.6787109375 0.79421875 0.650390625 0.7790296875 0.626953125 0.766290625 0.560546875 0.7422828124999999 0.5654296875 0.723175 0.5966796875 0.7207250000000001 0.6220703125 0.734934375 0.6533203125 0.7491421875000001 0.6923828125 0.75943125 0.7177734375 0.771190625 0.7333984375 0.7839296874999999 0.728515625 0.7726609375 0.697265625 0.7579625 0.6611328125 0.7790296875 0.6767578125 0.7971578125 0.705078125 0.812346875 0.705078125 0.804996875 0.6787109375