13 0.29054375 0.5205078125 0.2915234375 0.4736328125 0.2939734375 0.4560546875 0.2939734375 0.4326171875 0.29495312500000004 0.416015625 0.2939734375 0.3837890625 0.278784375 0.375 0.26800625 0.3837890625 0.2572265625 0.3876953125 0.2552671875 0.4130859375 0.256246875 0.462890625 0.2523265625 0.4921875 0.24448750000000002 0.537109375 0.26800625 0.556640625 0.276825 0.5712890625 0.29054375 0.580078125 0.29495312500000004 0.556640625 0.29054375 0.5205078125
17 0.32778125 0.416015625 0.3233703125 0.3759765625 0.3018125 0.3876953125 0.2983828125 0.4375 0.299853125 0.4794921875 0.2983828125 0.5244140625 0.2983828125 0.5615234375 0.3067125 0.6015625 0.32092187499999997 0.6015625 0.3326796875 0.5830078125 0.3268 0.544921875 0.32925 0.5146484375 0.32925 0.4677734375 0.32778125 0.416015625
22 0.524253125 0.416015625 0.51004375 0.4287109375 0.49730468749999995 0.44921875 0.491915625 0.521484375 0.491915625 0.5859375 0.5115140625000001 0.609375 0.53748125 0.5966796875 0.5409109375 0.5546875 0.53993125 0.5166015625 0.5335625 0.4521484375 0.524253125 0.416015625
30 0.5707984374999999 0.43359375 0.5619796874999999 0.3974609375 0.54875 0.384765625 0.5384609375 0.4052734375 0.5384609375 0.4365234375 0.5438515625 0.466796875 0.5438515625 0.521484375 0.5438515625 0.544921875 0.54238125 0.5830078125 0.5595296875 0.59375 0.5810875 0.578125 0.5801078125 0.529296875 0.57226875 0.482421875 0.5707984374999999 0.43359375
1 0.7055359375 0.5419921875 0.6942671875 0.5400390625 0.6785890625000001 0.5625 0.6810390625 0.5908203125 0.695246875 0.6142578125 0.7084765625 0.626953125 0.718765625 0.658203125 0.730525 0.6943359375 0.7447328125 0.720703125 0.757471875 0.7021484375 0.7486531249999999 0.681640625 0.73444375 0.65625 0.7329734375 0.625 0.7447328125 0.6298828125 0.7589421875 0.658203125 0.7746203125 0.666015625 0.7819703125 0.634765625 0.77168125 0.6064453125 0.757471875 0.5810546875 0.74179375 0.560546875 0.73444375 0.529296875 0.7212156249999999 0.5185546875 0.7055359375 0.5419921875
3 0.654090625 0.6533203125 0.658990625 0.6923828125 0.6629109375 0.7255859375 0.6785890625000001 0.7509765625 0.691328125 0.73828125 0.6849578125 0.689453125 0.6864281250000001 0.6328125 0.6780984375 0.572265625 0.6511515625000001 0.5810546875 0.6501718750000001 0.6171875 0.654090625 0.6533203125
4 0.6139140624999999 0.681640625 0.6173437500000001 0.7158203125 0.626653125 0.7509765625 0.6423328125000001 0.7666015625 0.6487015625 0.7353515625 0.6408625 0.705078125 0.6393921875 0.6708984375 0.6393921875 0.642578125 0.6462515625 0.6044921875 0.6344921875 0.5830078125 0.6070546875 0.59765625 0.6099953124999999 0.640625 0.6139140624999999 0.681640625
5 0.5707984374999999 0.6630859375 0.5707984374999999 0.7021484375 0.5761875 0.7431640625 0.5889265625 0.7724609375 0.6006859375 0.7978515625 0.6099953124999999 0.7724609375 0.6060749999999999 0.728515625 0.6006859375 0.69921875 0.6006859375 0.666015625 0.6006859375 0.634765625 0.5982359374999999 0.6064453125 0.584028125 0.6044921875 0.5658984375 0.6220703125 0.5707984374999999 0.6630859375
6 0.53748125 0.70703125 0.53993125 0.7412109375 0.5463015625 0.76171875 0.5595296875 0.7724609375 0.57226875 0.75390625 0.5644296875 0.7099609375 0.5619796874999999 0.6767578125 0.560509375 0.6376953125 0.5595296875 0.6123046875 0.530621875 0.6298828125 0.5335625 0.666015625 0.53748125 0.70703125
7 0.5203328125 0.75390625 0.5257234375000001 0.7099609375 0.5257234375000001 0.6689453125 0.5296421875 0.6220703125 0.5046546875 0.6298828125 0.5022046875 0.6630859375 0.5022046875 0.705078125 0.5075937500000001 0.73046875 0.5203328125 0.75390625
8 0.48015625 0.77734375 0.4904453125 0.7431640625 0.48946562499999996 0.69921875 0.498284375 0.658203125 0.5022046875 0.626953125 0.47525781250000004 0.6328125 0.4713375 0.6689453125 0.4683984375 0.712890625 0.4683984375 0.74609375 0.48015625 0.77734375
9 0.4130328125 0.794921875 0.425771875 0.7978515625 0.43753125 0.787109375 0.45026875000000005 0.7412109375 0.459578125 0.6865234375 0.46986718749999995 0.626953125 0.44145 0.6298828125 0.4360609375 0.658203125 0.43116093749999995 0.697265625 0.42332187499999996 0.7490234375 0.4130328125 0.794921875
10 0.39882343750000004 0.634765625 0.390984375 0.6787109375 0.390984375 0.712890625 0.3855953125 0.7490234375 0.37775625 0.8056640625 0.393434375 0.826171875 0.4061734375 0.79296875 0.41695312500000004 0.7568359375 0.41695312500000004 0.720703125 0.42332187499999996 0.681640625 0.429690625 0.6484375 0.41940156249999994 0.6171875 0.39882343750000004 0.634765625
11 0.3586484375 0.705078125 0.3517890625 0.7568359375 0.3557078125 0.7900390625 0.37530625 0.73828125 0.37922656250000003 0.69921875 0.389515625 0.6689453125 0.3949046875 0.6376953125 0.3806953125 0.619140625 0.363546875 0.625 0.3586484375 0.6630859375 0.3586484375 0.705078125
15 0.2577171875 0.5654296875 0.23370937500000002 0.560546875 0.2209703125 0.626953125 0.20578124999999997 0.650390625 0.195003125 0.6787109375 0.187653125 0.705078125 0.2028421875 0.705078125 0.2209703125 0.6767578125 0.2420375 0.6611328125 0.22733906250000002 0.697265625 0.2160703125 0.728515625 0.22880937499999998 0.7333984375 0.24056875 0.7177734375 0.2508578125 0.6923828125 0.26506562499999997 0.6533203125 0.279275 0.6220703125 0.276825 0.5966796875 0.2577171875 0.5654296875