31 0.730525 0.6123046875 0.723175 0.64453125 0.7212156249999999 0.6845703125 0.7359140625 0.6865234375 0.751103125 0.65234375 0.763840625 0.625 0.778540625 0.6015625 0.78295 0.57421875 0.7805 0.55078125 0.766290625 0.53125 0.7530625 0.5224609375 0.7413031250000001 0.5478515625 0.7383640625 0.5732421875 0.730525 0.6123046875
2 0.6972078125000001 0.4921875 0.6967171875 0.5390625 0.6967171875 0.5625 0.6967171875 0.599609375 0.6932875000000001 0.62890625 0.697696875 0.6630859375 0.7060265625000001 0.677734375 0.7138656250000001 0.6416015625 0.723175 0.60546875 0.730525 0.5712890625 0.7422828124999999 0.548828125 0.743753125 0.515625 0.7354234374999999 0.498046875 0.7261140625 0.4990234375 0.7158249999999999 0.486328125 0.6972078125000001 0.4921875
13 0.6624203125 0.447265625 0.6506609375 0.462890625 0.6482109375 0.4921875 0.6462515625 0.5205078125 0.651640625 0.5478515625 0.651640625 0.58203125 0.651640625 0.6142578125 0.658990625 0.6376953125 0.6741796875 0.62890625 0.6825078125 0.5947265625 0.6878984375 0.5498046875 0.6932875000000001 0.5244140625 0.6972078125000001 0.50390625 0.6967171875 0.466796875 0.6849578125 0.4609375 0.6727093749999999 0.4609375 0.6624203125 0.447265625
17 0.6163640625 0.583984375 0.6217546875 0.60546875 0.6300828125 0.578125 0.638903125 0.5478515625 0.6398828125 0.53125 0.6467421875 0.4990234375 0.6491921875 0.4736328125 0.6506609375 0.4501953125 0.6408625 0.4345703125 0.629103125 0.4375 0.6144046875 0.44921875 0.6163640625 0.490234375 0.6163640625 0.5185546875 0.6163640625 0.537109375 0.6163640625 0.5625 0.6163640625 0.583984375
18 0.584028125 0.6357421875 0.592846875 0.65234375 0.6011765625 0.60546875 0.610975 0.578125 0.610975 0.53125 0.6148953125000001 0.5009765625 0.618325 0.4609375 0.6193046875 0.44140625 0.606565625 0.4052734375 0.5903968749999999 0.416015625 0.5859875 0.4375 0.584028125 0.470703125 0.584028125 0.51171875 0.5884375000000001 0.552734375 0.584028125 0.6015625 0.584028125 0.6357421875
20 0.56491875 0.5654296875 0.5712890625 0.515625 0.5776578125 0.4814453125 0.584028125 0.447265625 0.5850078125 0.4111328125 0.5688390625 0.39453125 0.5561 0.4033203125 0.5507109375 0.4375 0.5521796875 0.470703125 0.54875 0.513671875 0.53993125 0.5869140625 0.5531609375000001 0.607421875 0.56491875 0.5654296875
21 0.514453125 0.3857421875 0.5080843749999999 0.4033203125 0.5080843749999999 0.4306640625 0.5090640625 0.4814453125 0.5090640625 0.5263671875 0.5090640625 0.5693359375 0.5090640625 0.607421875 0.5208234375 0.6103515625 0.5325828125000001 0.580078125 0.5350312500000001 0.5458984375 0.53993125 0.509765625 0.54238125 0.486328125 0.5482609375 0.44921875 0.5531609375000001 0.4208984375 0.5531609375000001 0.3955078125 0.53993125 0.3837890625 0.524253125 0.3837890625 0.514453125 0.3857421875
22 0.4639875 0.443359375 0.47035781249999997 0.4794921875 0.47035781249999997 0.533203125 0.47182812500000004 0.55859375 0.4791765625 0.5927734375 0.49093593750000003 0.603515625 0.496325 0.560546875 0.49730468749999995 0.515625 0.49730468749999995 0.4814453125 0.506125 0.447265625 0.506125 0.400390625 0.4953453125 0.3857421875 0.4791765625 0.3876953125 0.46643749999999995 0.3876953125 0.4639875 0.4130859375 0.4639875 0.443359375
30 0.469378125 0.5439453125 0.47035781249999997 0.5029296875 0.4639875 0.4755859375 0.4610484375 0.4326171875 0.46006875 0.396484375 0.4404703125 0.400390625 0.4287109375 0.4033203125 0.425771875 0.4306640625 0.43116093749999995 0.4521484375 0.4331203125 0.4814453125 0.439490625 0.513671875 0.4404703125 0.5439453125 0.45125000000000004 0.5888671875 0.45761874999999996 0.6123046875 0.45859843749999996 0.6337890625 0.4747671875 0.6396484375 0.4821171875 0.6103515625 0.47182812500000004 0.578125 0.469378125 0.5439453125
23 0.4086234375 0.626953125 0.415971875 0.654296875 0.41891249999999997 0.6357421875 0.4243015625 0.5927734375 0.4243015625 0.5654296875 0.42332187499999996 0.529296875 0.42332187499999996 0.4970703125 0.42675156249999996 0.470703125 0.42773125 0.4501953125 0.42332187499999996 0.416015625 0.4140125 0.4052734375 0.402253125 0.400390625 0.3944140625 0.419921875 0.391475 0.447265625 0.39784375 0.470703125 0.39784375 0.4990234375 0.39784375 0.53515625 0.3998046875 0.55859375 0.4086234375 0.599609375 0.4086234375 0.626953125
24 0.377265625 0.6015625 0.38804531249999996 0.6162109375 0.3900046875 0.5908203125 0.3900046875 0.5625 0.3900046875 0.537109375 0.3900046875 0.5048828125 0.3968640625 0.46875 0.3900046875 0.44140625 0.377265625 0.4326171875 0.3645265625 0.416015625 0.357178125 0.447265625 0.3591375 0.470703125 0.36550781250000003 0.5029296875 0.3699171875 0.5390625 0.373346875 0.5693359375 0.377265625 0.6015625
25 0.3101421875 0.5673828125 0.3150421875 0.5908203125 0.3194515625 0.6162109375 0.3258203125 0.646484375 0.333659375 0.6650390625 0.34296875 0.6416015625 0.34541875 0.6103515625 0.3493390625 0.5693359375 0.35276874999999996 0.5263671875 0.361096875 0.5029296875 0.3601171875 0.46484375 0.3493390625 0.4501953125 0.33415 0.4501953125 0.32043125 0.4453125 0.3081828125 0.4619140625 0.3076921875 0.5205078125 0.3101421875 0.5673828125
26 0.28123437500000004 0.4775390625 0.2640859375 0.4794921875 0.25967656250000004 0.5009765625 0.26065625 0.533203125 0.27045625 0.5673828125 0.2778046875 0.6142578125 0.2895640625 0.669921875 0.2983828125 0.65234375 0.302303125 0.5947265625 0.30867187500000004 0.552734375 0.3091625 0.509765625 0.3057328125 0.4873046875 0.2939734375 0.4755859375 0.28123437500000004 0.4775390625
27 0.274375 0.650390625 0.269475 0.6103515625 0.262615625 0.5712890625 0.25967656250000004 0.5478515625 0.256246875 0.5205078125 0.2508578125 0.4990234375 0.23909843749999998 0.4990234375 0.22733906250000002 0.5078125 0.21802968749999999 0.533203125 0.21999062500000002 0.5654296875 0.22733906250000002 0.583984375 0.23909843749999998 0.6103515625 0.24693749999999998 0.6376953125 0.2572265625 0.6611328125 0.2670265625 0.6845703125 0.278784375 0.69140625 0.274375 0.650390625
28 0.1641359375 0.37109375 0.1705046875 0.3876953125 0.1866734375 0.4033203125 0.17589375000000002 0.421875 0.1656046875 0.41796875 0.1523765625 0.4072265625 0.1641359375 0.4453125 0.173934375 0.46875 0.19010312499999998 0.50390625 0.2048015625 0.5107421875 0.20823125 0.484375 0.21802968749999999 0.4755859375 0.22195 0.447265625 0.2322390625 0.4306640625 0.22880937499999998 0.40234375 0.210190625 0.3857421875 0.1945125 0.3837890625 0.181284375 0.3662109375 0.1641359375 0.37109375
0 0.25477656249999997 0.314453125 0.24252812499999998 0.2900390625 0.23370937500000002 0.28515625 0.21999062500000002 0.2958984375 0.2190109375 0.32421875 0.21999062500000002 0.349609375 0.226359375 0.3818359375 0.2297890625 0.416015625 0.22733906250000002 0.4404296875 0.23321874999999997 0.458984375 0.2518375 0.46875 0.2758453125 0.4580078125 0.28809375 0.4375 0.276825 0.3984375 0.26751562500000003 0.3701171875 0.2616359375 0.3466796875 0.25477656249999997 0.314453125
1 0.32288125 0.3515625 0.3140625 0.326171875 0.3101421875 0.2958984375 0.3013234375 0.2666015625 0.29054375 0.2470703125 0.2797640625 0.2431640625 0.288584375 0.2705078125 0.2969125 0.2978515625 0.29299375 0.328125 0.2822140625 0.306640625 0.274375 0.28125 0.2616359375 0.2685546875 0.2572265625 0.2900390625 0.2660453125 0.30859375 0.27339531250000004 0.3408203125 0.28123437500000004 0.373046875 0.28123437500000004 0.4033203125 0.2822140625 0.4326171875 0.3042625 0.4404296875 0.311121875 0.4287109375 0.3233703125 0.4228515625 0.34051875 0.416015625 0.3395390625 0.392578125 0.33121093749999997 0.3623046875 0.32288125 0.3515625
3 0.31308125000000003 0.23046875 0.31749218749999997 0.2578125 0.3258203125 0.283203125 0.33121093749999997 0.3134765625 0.333659375 0.345703125 0.3351296875 0.3955078125 0.34688906249999996 0.396484375 0.375796875 0.3935546875 0.37530625 0.380859375 0.3718765625 0.349609375 0.3581578125 0.32421875 0.3508078125 0.28515625 0.34541875 0.259765625 0.33121093749999997 0.240234375 0.31308125000000003 0.23046875
4 0.373346875 0.236328125 0.361096875 0.216796875 0.3625671875 0.2470703125 0.36893750000000003 0.2744140625 0.370896875 0.3154296875 0.370896875 0.3427734375 0.37285625 0.380859375 0.393434375 0.380859375 0.404703125 0.365234375 0.4130328125 0.3525390625 0.3944140625 0.30078125 0.387065625 0.2734375 0.38363593749999997 0.25390625 0.373346875 0.236328125
5 0.43508125 0.28125 0.4287109375 0.236328125 0.42332187499999996 0.208984375 0.41058281250000006 0.1875 0.3944140625 0.1748046875 0.393434375 0.21484375 0.39539375 0.2431640625 0.403234375 0.27734375 0.4042140625 0.3134765625 0.40519375 0.3388671875 0.409603125 0.3642578125 0.425771875 0.3642578125 0.43508125 0.3662109375 0.44782031250000004 0.345703125 0.44145 0.30859375 0.43508125 0.28125
6 0.45320937499999997 0.259765625 0.45125000000000004 0.2900390625 0.44585937500000006 0.3173828125 0.44585937500000006 0.34765625 0.4566390625 0.37109375 0.47182812500000004 0.3603515625 0.48015625 0.353515625 0.4747671875 0.306640625 0.47182812500000004 0.2705078125 0.46643749999999995 0.2470703125 0.4566390625 0.236328125 0.45320937499999997 0.259765625
7 0.4791765625 0.3583984375 0.49093593750000003 0.353515625 0.5051453125 0.3388671875 0.49926562499999994 0.2900390625 0.49926562499999994 0.2705078125 0.4889765625 0.23828125 0.48113593750000005 0.259765625 0.48015625 0.2919921875 0.4772171875 0.33203125 0.4791765625 0.3583984375
8 0.506125 0.26171875 0.506125 0.2939453125 0.506125 0.3193359375 0.5026953125 0.3408203125 0.514453125 0.349609375 0.5262125 0.3388671875 0.5325828125000001 0.30859375 0.528171875 0.28125 0.5262125 0.2451171875 0.51249375 0.240234375 0.506125 0.26171875
9 0.560509375 0.23828125 0.54973125 0.232421875 0.5369921875 0.25390625 0.5360125 0.28125 0.5350312500000001 0.306640625 0.5316015625 0.3349609375 0.5325828125000001 0.3603515625 0.54875 0.353515625 0.55855 0.330078125 0.5595296875 0.2939453125 0.5561 0.2744140625 0.560509375 0.23828125
10 0.6055859375 0.212890625 0.5957859375 0.1982421875 0.5874578125000001 0.208984375 0.5776578125 0.236328125 0.5732484375 0.2685546875 0.56491875 0.3046875 0.560509375 0.34765625 0.5732484375 0.3623046875 0.5884375000000001 0.3642578125 0.5957859375 0.33203125 0.596765625 0.3046875 0.6011765625 0.2744140625 0.606565625 0.25390625 0.6055859375 0.212890625
11 0.6148953125000001 0.2666015625 0.610975 0.306640625 0.60215625 0.32421875 0.596765625 0.353515625 0.6031359375 0.376953125 0.6139140624999999 0.376953125 0.6237140625 0.3798828125 0.631553125 0.341796875 0.6374328125 0.2900390625 0.6438015625 0.2705078125 0.651640625 0.2451171875 0.64723125 0.212890625 0.636453125 0.232421875 0.626653125 0.25390625 0.6148953125000001 0.2666015625
12 0.6932875000000001 0.2509765625 0.68446875 0.23046875 0.67075 0.2509765625 0.6643796875 0.2744140625 0.652621875 0.30078125 0.642821875 0.330078125 0.6344921875 0.345703125 0.6256734374999999 0.3857421875 0.6408625 0.400390625 0.6624203125 0.4033203125 0.667809375 0.3662109375 0.6727093749999999 0.322265625 0.6834890625 0.2880859375 0.6932875000000001 0.2509765625
14 0.737384375 0.3349609375 0.7466921875 0.3154296875 0.7555125 0.28125 0.7466921875 0.2724609375 0.737384375 0.302734375 0.7241546875 0.3173828125 0.7138656250000001 0.34765625 0.7040671875 0.345703125 0.70700625 0.3115234375 0.7123953125 0.2919921875 0.7221953125 0.28125 0.7241546875 0.259765625 0.7030875 0.27734375 0.6942671875 0.2978515625 0.68691875 0.328125 0.679078125 0.3544921875 0.6634 0.3837890625 0.658990625 0.4150390625 0.66585 0.4248046875 0.6810390625 0.4248046875 0.6957375 0.4443359375 0.7177859375 0.4443359375 0.7202359375 0.3876953125 0.725625 0.3583984375 0.737384375 0.3349609375
15 0.7413031250000001 0.466796875 0.7545328125 0.484375 0.7628609375 0.484375 0.77168125 0.47265625 0.773640625 0.443359375 0.7756000000000001 0.4052734375 0.77805 0.3837890625 0.7863796875 0.345703125 0.793728125 0.3134765625 0.7854 0.28515625 0.773640625 0.30078125 0.76188125 0.3173828125 0.7520828125000001 0.33203125 0.7447328125 0.349609375 0.737384375 0.369140625 0.7329734375 0.3857421875 0.7212156249999999 0.4111328125 0.7123953125 0.4306640625 0.7148453124999999 0.4541015625 0.7285640625 0.4560546875 0.7413031250000001 0.466796875
16 0.7790296875 0.4970703125 0.7863796875 0.4912109375 0.7951984375000001 0.4921875 0.8025484374999999 0.4970703125 0.812346875 0.5029296875 0.8226359375 0.4970703125 0.8304750000000001 0.470703125 0.8314546875 0.4453125 0.8250859374999999 0.4130859375 0.8270453124999999 0.3896484375 0.828025 0.3642578125 0.826065625 0.3349609375 0.818715625 0.328125 0.8054874999999999 0.328125 0.792259375 0.341796875 0.7863796875 0.3642578125 0.7834390625000001 0.400390625 0.778540625 0.416015625 0.7741296875 0.4345703125 0.7682515624999999 0.4580078125 0.7687406250000001 0.474609375 0.77168125 0.48828125 0.7790296875 0.4970703125