13 0.2714359375 0.3369140625 0.2714359375 0.3583984375 0.2714359375 0.3837890625 0.269475 0.416015625 0.262615625 0.4345703125 0.26065625 0.4560546875 0.262615625 0.4921875 0.272415625 0.5029296875 0.2876046875 0.509765625 0.30034375 0.51171875 0.3067125 0.4775390625 0.3013234375 0.44140625 0.2939734375 0.421875 0.2876046875 0.3837890625 0.2915234375 0.330078125 0.2778046875 0.3154296875 0.2714359375 0.3369140625
17 0.3356203125 0.400390625 0.3356203125 0.3515625 0.333659375 0.302734375 0.3219015625 0.306640625 0.318471875 0.3388671875 0.3150421875 0.373046875 0.3150421875 0.4091796875 0.31308125000000003 0.439453125 0.3076921875 0.470703125 0.3076921875 0.5048828125 0.31651093750000003 0.509765625 0.3370890625 0.5078125 0.3419890625 0.466796875 0.3356203125 0.4375 0.3356203125 0.400390625
18 0.3645265625 0.353515625 0.35276874999999996 0.3369140625 0.3508078125 0.3583984375 0.3508078125 0.3876953125 0.3508078125 0.4130859375 0.34835937499999997 0.447265625 0.34541875 0.4794921875 0.34541875 0.4990234375 0.33904999999999996 0.515625 0.3517890625 0.5390625 0.363546875 0.5390625 0.37530625 0.5185546875 0.36795625 0.4814453125 0.36795625 0.447265625 0.3645265625 0.4130859375 0.3645265625 0.353515625
19 0.40519375 0.35546875 0.3968640625 0.302734375 0.381675 0.3310546875 0.381675 0.3818359375 0.381675 0.400390625 0.381675 0.4267578125 0.3806953125 0.4609375 0.377265625 0.4775390625 0.373346875 0.4990234375 0.379715625 0.5263671875 0.3924546875 0.5498046875 0.4061734375 0.533203125 0.4140125 0.4990234375 0.4086234375 0.466796875 0.409603125 0.4111328125 0.40519375 0.35546875
20 0.4243015625 0.3642578125 0.41891249999999997 0.3984375 0.41891249999999997 0.447265625 0.41891249999999997 0.4814453125 0.4140125 0.4990234375 0.4179328125 0.5224609375 0.4341015625 0.5419921875 0.4492890625 0.5224609375 0.45026875000000005 0.486328125 0.44585937500000006 0.4453125 0.44585937500000006 0.4072265625 0.44585937500000006 0.3642578125 0.4360609375 0.328125 0.4243015625 0.3642578125
21 0.49387499999999995 0.37109375 0.496325 0.345703125 0.49289531249999996 0.3193359375 0.47819687499999997 0.3173828125 0.4683984375 0.328125 0.46202812499999996 0.353515625 0.45761874999999996 0.39453125 0.45761874999999996 0.423828125 0.45761874999999996 0.4541015625 0.45565937500000003 0.48828125 0.45320937499999997 0.5224609375 0.4674171875 0.5390625 0.48750625000000003 0.5390625 0.4953453125 0.5205078125 0.49926562499999994 0.490234375 0.4953453125 0.4580078125 0.49387499999999995 0.4326171875 0.49387499999999995 0.39453125 0.49387499999999995 0.37109375
22 0.5433609374999999 0.4052734375 0.544340625 0.3798828125 0.544340625 0.3515625 0.5453203125 0.3173828125 0.5350312500000001 0.3046875 0.524253125 0.328125 0.514453125 0.373046875 0.506125 0.419921875 0.5026953125 0.4560546875 0.498284375 0.48828125 0.49730468749999995 0.51171875 0.501715625 0.533203125 0.515434375 0.529296875 0.524253125 0.537109375 0.537971875 0.5390625 0.54238125 0.515625 0.5433609374999999 0.48828125 0.5433609374999999 0.466796875 0.5433609374999999 0.4345703125 0.5433609374999999 0.4052734375
30 0.5595296875 0.35546875 0.5541406249999999 0.3798828125 0.5541406249999999 0.3984375 0.5521796875 0.4345703125 0.5477703125 0.466796875 0.53993125 0.5078125 0.5433609374999999 0.529296875 0.5531609375000001 0.5419921875 0.5639390625 0.5419921875 0.5756984375 0.5390625 0.5820671875000001 0.5009765625 0.5776578125 0.470703125 0.5820671875000001 0.419921875 0.584028125 0.3876953125 0.5884375000000001 0.3427734375 0.5859875 0.30859375 0.5776578125 0.30859375 0.5668796875 0.330078125 0.5595296875 0.35546875
29 0.618325 0.4609375 0.618325 0.443359375 0.618325 0.4072265625 0.6217546875 0.3642578125 0.6227343750000001 0.3427734375 0.6246937499999999 0.2958984375 0.610484375 0.3046875 0.6031359375 0.32421875 0.597746875 0.34765625 0.5938265625 0.373046875 0.5903968749999999 0.4091796875 0.5894171874999999 0.4375 0.5894171874999999 0.462890625 0.5884375000000001 0.484375 0.5820671875000001 0.5224609375 0.5908875 0.5419921875 0.6031359375 0.5458984375 0.6119546875 0.5458984375 0.6227343750000001 0.537109375 0.6217546875 0.5009765625 0.618325 0.4609375
25 0.6957375 0.3046875 0.6878984375 0.328125 0.6780984375 0.373046875 0.675159375 0.39453125 0.6741796875 0.419921875 0.665359375 0.4453125 0.6634 0.46484375 0.661440625 0.501953125 0.67711875 0.513671875 0.6898578125 0.513671875 0.7030875 0.513671875 0.7138656250000001 0.5048828125 0.7138656250000001 0.48828125 0.7138656250000001 0.470703125 0.71680625 0.419921875 0.71680625 0.3984375 0.7212156249999999 0.3583984375 0.7212156249999999 0.3349609375 0.7212156249999999 0.302734375 0.7104359375 0.2919921875 0.6957375 0.3046875
26 0.7584515625 0.35546875 0.757471875 0.3310546875 0.7545328125 0.2978515625 0.7413031250000001 0.2978515625 0.72954375 0.306640625 0.7221953125 0.326171875 0.7212156249999999 0.369140625 0.7221953125 0.3984375 0.718765625 0.4306640625 0.718765625 0.4560546875 0.7148453124999999 0.4755859375 0.7177859375 0.4951171875 0.7177859375 0.51171875 0.730034375 0.51171875 0.7466921875 0.51171875 0.7564921874999999 0.5048828125 0.763840625 0.46875 0.7609015625 0.4306640625 0.7599218750000001 0.4033203125 0.7599218750000001 0.3837890625 0.7584515625 0.35546875
2 0.2572265625 0.419921875 0.2552671875 0.3876953125 0.2542875 0.3603515625 0.2523265625 0.32421875 0.2523265625 0.306640625 0.2479171875 0.283203125 0.236159375 0.2919921875 0.23076875000000002 0.3046875 0.22195 0.3388671875 0.22195 0.3583984375 0.21999062500000002 0.3896484375 0.21999062500000002 0.4111328125 0.21459999999999999 0.4345703125 0.2072515625 0.48828125 0.22195 0.486328125 0.23811875 0.486328125 0.2508578125 0.4794921875 0.258696875 0.4580078125 0.258696875 0.4375 0.2572265625 0.419921875
23 0.6634 0.3837890625 0.6599703124999999 0.349609375 0.6560515625 0.3134765625 0.6398828125 0.326171875 0.634003125 0.353515625 0.6217546875 0.4052734375 0.6217546875 0.4345703125 0.611465625 0.4951171875 0.6148953125000001 0.5224609375 0.6300828125 0.53125 0.6462515625 0.5419921875 0.65458125 0.53515625 0.652621875 0.5009765625 0.6560515625 0.4775390625 0.658990625 0.44140625 0.658990625 0.423828125 0.6634 0.3837890625
0 0.7158249999999999 0.5390625 0.7050468750000001 0.552734375 0.7050468750000001 0.5712890625 0.711415625 0.5947265625 0.7212156249999999 0.625 0.7285640625 0.6650390625 0.73934375 0.6826171875 0.7530625 0.697265625 0.7672703125 0.693359375 0.7756000000000001 0.6806640625 0.76923125 0.6484375 0.76188125 0.6162109375 0.7564921874999999 0.5947265625 0.7545328125 0.5712890625 0.7520828125000001 0.5458984375 0.7403234375000001 0.5390625 0.7285640625 0.5419921875 0.7158249999999999 0.5390625
1 0.7055359375 0.5810546875 0.7016171875 0.5595703125 0.695246875 0.55078125 0.68201875 0.5546875 0.67466875 0.5546875 0.6673203125 0.5498046875 0.6609499999999999 0.5556640625 0.652621875 0.564453125 0.652621875 0.5791015625 0.6511515625000001 0.599609375 0.6585 0.609375 0.6629109375 0.6201171875 0.665359375 0.6337890625 0.6683 0.6474609375 0.67075 0.6591796875 0.67466875 0.669921875 0.6766296875 0.6865234375 0.6805484374999999 0.70703125 0.6834890625 0.7197265625 0.6874078124999999 0.7294921875 0.6942671875 0.7412109375 0.6942671875 0.720703125 0.6942671875 0.6953125 0.6903484375 0.6533203125 0.6996578125 0.669921875 0.70700625 0.7021484375 0.718765625 0.72265625 0.7177859375 0.7021484375 0.7123953125 0.6806640625 0.709946875 0.6630859375 0.7084765625 0.6337890625 0.70455625 0.6123046875 0.6991671875 0.59765625 0.7055359375 0.5810546875
3 0.65458125 0.6220703125 0.65458125 0.609375 0.6506609375 0.6005859375 0.6501718750000001 0.583984375 0.6531109374999999 0.568359375 0.6482109375 0.564453125 0.6423328125000001 0.5546875 0.6335124999999999 0.560546875 0.625184375 0.5615234375 0.6173437500000001 0.5673828125 0.6158750000000001 0.5771484375 0.6158750000000001 0.591796875 0.6212640625 0.6044921875 0.62714375 0.6123046875 0.6305734375000001 0.626953125 0.6325328125 0.65625 0.6359625 0.66796875 0.6393921875 0.685546875 0.6457625 0.716796875 0.6531109374999999 0.751953125 0.6599703124999999 0.775390625 0.6624203125 0.7841796875 0.6722187500000001 0.7734375 0.6741796875 0.755859375 0.6619296875 0.703125 0.658990625 0.671875 0.656540625 0.6474609375 0.65458125 0.6220703125
4 0.6359625 0.740234375 0.6369421875 0.724609375 0.6349828125 0.703125 0.6325328125 0.68359375 0.6281234375 0.662109375 0.6256734374999999 0.646484375 0.6217546875 0.6298828125 0.6217546875 0.61328125 0.6163640625 0.595703125 0.6148953125000001 0.5771484375 0.6144046875 0.564453125 0.6095046875000001 0.5546875 0.603625 0.5556640625 0.59725625 0.5546875 0.5913765625 0.5576171875 0.5894171874999999 0.576171875 0.5884375000000001 0.58984375 0.5908875 0.6181640625 0.5957859375 0.6337890625 0.597746875 0.6455078125 0.6026453125 0.6611328125 0.6080359375 0.6826171875 0.6119546875 0.7080078125 0.6158750000000001 0.7412109375 0.6173437500000001 0.7529296875 0.62224375 0.7705078125 0.62959375 0.7724609375 0.6359625 0.740234375
5 0.5938265625 0.7353515625 0.5938265625 0.716796875 0.59235625 0.6943359375 0.5913765625 0.67578125 0.5918671875 0.6494140625 0.5899062500000001 0.6376953125 0.5933359375 0.6279296875 0.5884375000000001 0.61328125 0.5889265625 0.5869140625 0.5889265625 0.57421875 0.5859875 0.5615234375 0.5786374999999999 0.5595703125 0.570309375 0.5625 0.5639390625 0.568359375 0.56345 0.5859375 0.5619796874999999 0.607421875 0.5619796874999999 0.6298828125 0.5614890625 0.6513671875 0.5644296875 0.673828125 0.5655109375 0.6925046874999999 0.5639390625 0.7197265625 0.56736875 0.73828125 0.570309375 0.7646484375 0.571778125 0.779296875 0.574228125 0.806640625 0.5801078125 0.8193359375 0.5889265625 0.8056640625 0.5903968749999999 0.7841796875 0.59235625 0.7587890625 0.5938265625 0.7353515625
6 0.558059375 0.619140625 0.561 0.595703125 0.560509375 0.57421875 0.5551203124999999 0.5634765625 0.5438515625 0.5546875 0.5320921875 0.5537109375 0.5320921875 0.5625 0.533071875 0.578125 0.533071875 0.595703125 0.5340515625 0.61328125 0.5360125 0.62890625 0.5365015625 0.6494140625 0.5365015625 0.6728515625 0.5355218749999999 0.6904296875 0.5325828125000001 0.7138671875 0.5345421875 0.7392578125 0.54238125 0.7451171875 0.5472812499999999 0.73828125 0.551690625 0.7119140625 0.5526703125 0.69921875 0.556590625 0.673828125 0.5575703125 0.650390625 0.558059375 0.619140625
7 0.5286625 0.6845703125 0.529153125 0.6630859375 0.5271921875000001 0.640625 0.529153125 0.6201171875 0.5320921875 0.6044921875 0.5320921875 0.5859375 0.5301328125 0.5703125 0.5286625 0.5595703125 0.5193531250000001 0.564453125 0.51249375 0.5693359375 0.5066140625 0.58984375 0.506125 0.60546875 0.510534375 0.626953125 0.5120046874999999 0.642578125 0.5095546875 0.6689453125 0.5071046875 0.6884765625 0.5110234375 0.7080078125 0.5115140625000001 0.7353515625 0.51494375 0.755859375 0.5183734375 0.765625 0.5227828125 0.74609375 0.5247421875 0.732421875 0.5257234375000001 0.7099609375 0.5286625 0.6845703125
8 0.5022046875 0.5517578125 0.485546875 0.5615234375 0.48260625 0.5986328125 0.4835859375 0.64453125 0.4821171875 0.6796875 0.47427656249999994 0.7109375 0.48015625 0.75 0.48946562499999996 0.71484375 0.4933859375 0.6796875 0.503184375 0.650390625 0.5041640625 0.623046875 0.5041640625 0.6083984375 0.5071046875 0.5810546875 0.5159234374999999 0.5634765625 0.5022046875 0.5517578125
9 0.46643749999999995 0.5576171875 0.4566390625 0.5751953125 0.4517390625 0.619140625 0.45075937499999996 0.65625 0.45075937499999996 0.69921875 0.4517390625 0.732421875 0.4517390625 0.75 0.459578125 0.7705078125 0.469378125 0.74609375 0.47329687500000006 0.70703125 0.47329687500000006 0.6796875 0.47525781250000004 0.654296875 0.47819687499999997 0.623046875 0.4791765625 0.5927734375 0.48260625 0.5673828125 0.46643749999999995 0.5576171875
10 0.4566390625 0.5654296875 0.44782031250000004 0.5439453125 0.437040625 0.5400390625 0.42136250000000003 0.5537109375 0.4135234375 0.5732421875 0.41842187500000005 0.623046875 0.4164625 0.669921875 0.41156249999999994 0.708984375 0.41058281250000006 0.732421875 0.41058281250000006 0.75390625 0.4164625 0.7900390625 0.4243015625 0.7666015625 0.4341015625 0.73046875 0.43899999999999995 0.6953125 0.4409609375 0.66796875 0.44292031249999997 0.638671875 0.4448796875 0.615234375 0.45075937499999996 0.5986328125 0.4566390625 0.5654296875
11 0.4042140625 0.5517578125 0.391475 0.5498046875 0.381675 0.5673828125 0.375796875 0.5966796875 0.375796875 0.630859375 0.374815625 0.681640625 0.3738359375 0.712890625 0.3738359375 0.734375 0.3806953125 0.7607421875 0.384615625 0.73828125 0.3924546875 0.705078125 0.3944140625 0.677734375 0.40029375 0.6484375 0.40519375 0.615234375 0.41058281250000006 0.5966796875 0.4125421875 0.5712890625 0.4042140625 0.5517578125
12 0.3591375 0.5458984375 0.3463984375 0.5576171875 0.3424796875 0.5791015625 0.3424796875 0.61328125 0.3424796875 0.6484375 0.3424796875 0.6796875 0.3424796875 0.6953125 0.352278125 0.732421875 0.3561984375 0.712890625 0.3650171875 0.673828125 0.36893750000000003 0.638671875 0.3718765625 0.61328125 0.3767765625 0.5927734375 0.38363593749999997 0.5576171875 0.3718765625 0.5517578125 0.3591375 0.5458984375
14 0.32533124999999996 0.5341796875 0.3096515625 0.5341796875 0.2988734375 0.5322265625 0.29299375 0.5712890625 0.286134375 0.6025390625 0.2802546875 0.6328125 0.272415625 0.65625 0.27535468750000003 0.6953125 0.277315625 0.71875 0.2851546875 0.69921875 0.2871140625 0.66796875 0.2959328125 0.646484375 0.3076921875 0.6171875 0.30377343749999997 0.642578125 0.3008328125 0.67578125 0.2969125 0.703125 0.3145515625 0.7080078125 0.3268 0.6357421875 0.3282703125 0.6025390625 0.343459375 0.5869140625 0.343459375 0.5615234375 0.3512984375 0.5458984375 0.32533124999999996 0.5341796875
15 0.2714359375 0.5166015625 0.25918593749999996 0.5107421875 0.2464484375 0.5166015625 0.2435078125 0.5478515625 0.24154843750000002 0.5791015625 0.23566875 0.6005859375 0.23076875000000002 0.62890625 0.223909375 0.650390625 0.2160703125 0.681640625 0.2297890625 0.6953125 0.2454671875 0.701171875 0.25820625 0.673828125 0.269475 0.63671875 0.27535468750000003 0.6064453125 0.2851546875 0.5771484375 0.2959328125 0.5517578125 0.2988734375 0.5322265625 0.28809375 0.5224609375 0.2714359375 0.5166015625