18 0.32288125 0.537109375 0.32288125 0.580078125 0.333659375 0.607421875 0.3463984375 0.6416015625 0.3625671875 0.6826171875 0.3718765625 0.671875 0.36550781250000003 0.6181640625 0.363546875 0.5712890625 0.3537484375 0.533203125 0.32288125 0.537109375
20 0.43753125 0.58203125 0.44145 0.5390625 0.44683906249999994 0.4951171875 0.43116093749999995 0.51171875 0.42136250000000003 0.533203125 0.40519375 0.5439453125 0.41058281250000006 0.5888671875 0.4125421875 0.6337890625 0.4125421875 0.669921875 0.4243015625 0.6845703125 0.43116093749999995 0.6357421875 0.43753125 0.58203125
21 0.47182812500000004 0.580078125 0.4791765625 0.537109375 0.48015625 0.5009765625 0.48015625 0.470703125 0.4674171875 0.443359375 0.45125000000000004 0.466796875 0.45026875000000005 0.51171875 0.44585937500000006 0.5498046875 0.44585937500000006 0.5908203125 0.4566390625 0.6396484375 0.46643749999999995 0.62890625 0.47182812500000004 0.580078125
22 0.5164140625 0.6142578125 0.5164140625 0.576171875 0.5164140625 0.53515625 0.5164140625 0.5078125 0.514453125 0.4736328125 0.5080843749999999 0.439453125 0.4953453125 0.439453125 0.48750625000000003 0.46484375 0.48652656250000004 0.5078125 0.485546875 0.5458984375 0.491915625 0.5927734375 0.5007343750000001 0.630859375 0.5164140625 0.6142578125
30 0.5507109375 0.6591796875 0.5541406249999999 0.630859375 0.5531609375000001 0.5966796875 0.5521796875 0.560546875 0.5507109375 0.5224609375 0.5360125 0.5048828125 0.5262125 0.5224609375 0.528171875 0.560546875 0.528171875 0.580078125 0.5350312500000001 0.6181640625 0.537971875 0.6484375 0.5507109375 0.6591796875
29 0.5903968749999999 0.66796875 0.5903968749999999 0.6337890625 0.5859875 0.5888671875 0.5859875 0.5419921875 0.576678125 0.513671875 0.5624687500000001 0.533203125 0.5639390625 0.5732421875 0.567859375 0.603515625 0.5756984375 0.6396484375 0.5796171875 0.67578125 0.5903968749999999 0.66796875
23 0.6055859375 0.6689453125 0.6173437500000001 0.6591796875 0.6193046875 0.6357421875 0.620284375 0.60546875 0.6217546875 0.580078125 0.6237140625 0.55859375 0.6256734374999999 0.5263671875 0.612934375 0.5205078125 0.6001953125 0.5205078125 0.5894171874999999 0.5185546875 0.5903968749999999 0.5478515625 0.5903968749999999 0.5673828125 0.5913765625 0.5947265625 0.59480625 0.62890625 0.6055859375 0.6689453125
24 0.65703125 0.6337890625 0.65703125 0.60546875 0.65703125 0.5712890625 0.65458125 0.5439453125 0.6418421875 0.533203125 0.6300828125 0.5458984375 0.626653125 0.5625 0.6310625 0.5908203125 0.6344921875 0.6142578125 0.642821875 0.650390625 0.6560515625 0.6611328125 0.65703125 0.6337890625
25 0.7138656250000001 0.5498046875 0.6986765625 0.537109375 0.6834890625 0.529296875 0.6727093749999999 0.5498046875 0.670259375 0.5625 0.6712390625 0.5810546875 0.6732 0.6064453125 0.675159375 0.623046875 0.6918171875 0.68359375 0.70210625 0.681640625 0.70945625 0.6416015625 0.7138656250000001 0.6103515625 0.7148453124999999 0.5732421875 0.7138656250000001 0.5498046875
28 0.730525 0.470703125 0.7266046875 0.5078125 0.72954375 0.5439453125 0.7383640625 0.5625 0.7501218749999999 0.5673828125 0.7599218750000001 0.5654296875 0.763840625 0.533203125 0.7726609375 0.515625 0.7863796875 0.4951171875 0.7971578125 0.470703125 0.8133265625 0.4345703125 0.8015671875000001 0.419921875 0.7834390625000001 0.4111328125 0.7702109375 0.4287109375 0.7564921874999999 0.443359375 0.7466921875 0.46484375 0.730525 0.470703125
0 0.7084765625 0.423828125 0.7212156249999999 0.44140625 0.7285640625 0.46484375 0.7403234375000001 0.4541015625 0.7476734375 0.423828125 0.7545328125 0.400390625 0.764821875 0.3642578125 0.76923125 0.322265625 0.7555125 0.3349609375 0.7359140625 0.3583984375 0.7202359375 0.375 0.7060265625000001 0.3896484375 0.6996578125 0.4111328125 0.7084765625 0.423828125
4 0.570309375 0.3427734375 0.5850078125 0.328125 0.5850078125 0.2919921875 0.5894171874999999 0.25390625 0.5894171874999999 0.216796875 0.5776578125 0.23046875 0.56491875 0.263671875 0.5531609375000001 0.30859375 0.5521796875 0.345703125 0.570309375 0.3427734375
5 0.5507109375 0.3427734375 0.54875 0.3154296875 0.54875 0.28515625 0.544340625 0.259765625 0.5325828125000001 0.255859375 0.5325828125000001 0.28515625 0.5325828125000001 0.3046875 0.5335625 0.33203125 0.5369921875 0.3515625 0.5507109375 0.3427734375
6 0.5271921875000001 0.349609375 0.5271921875000001 0.3115234375 0.5271921875000001 0.2724609375 0.514453125 0.279296875 0.5080843749999999 0.3154296875 0.503675 0.349609375 0.515434375 0.37109375 0.5271921875000001 0.349609375
7 0.501715625 0.37109375 0.501715625 0.349609375 0.501715625 0.3154296875 0.49730468749999995 0.2744140625 0.4821171875 0.2724609375 0.48113593750000005 0.302734375 0.47819687499999997 0.3408203125 0.4791765625 0.376953125 0.501715625 0.37109375
8 0.47819687499999997 0.3857421875 0.47819687499999997 0.34765625 0.47819687499999997 0.3115234375 0.4737875 0.2724609375 0.4630078125 0.259765625 0.45565937500000003 0.279296875 0.45565937500000003 0.306640625 0.45565937500000003 0.3427734375 0.46202812499999996 0.390625 0.47819687499999997 0.3857421875
9 0.45565937500000003 0.4111328125 0.4546796875 0.3818359375 0.45320937499999997 0.3583984375 0.45026875000000005 0.3369140625 0.4439 0.3046875 0.43508125 0.2666015625 0.42773125 0.2470703125 0.41695312500000004 0.259765625 0.4140125 0.30078125 0.4179328125 0.3427734375 0.4243015625 0.3818359375 0.43508125 0.41796875 0.45565937500000003 0.4111328125
10 0.3924546875 0.400390625 0.40519375 0.41796875 0.41695312500000004 0.4345703125 0.43116093749999995 0.423828125 0.42675156249999996 0.3896484375 0.41695312500000004 0.353515625 0.409603125 0.322265625 0.39882343750000004 0.28125 0.3900046875 0.2470703125 0.379715625 0.2666015625 0.38265625000000003 0.2900390625 0.38804531249999996 0.328125 0.3900046875 0.3662109375 0.3924546875 0.400390625
11 0.357178125 0.400390625 0.363546875 0.4267578125 0.370896875 0.4453125 0.381675 0.4453125 0.3900046875 0.439453125 0.3900046875 0.421875 0.3900046875 0.39453125 0.38510468750000004 0.37109375 0.37530625 0.3388671875 0.36550781250000003 0.306640625 0.3508078125 0.2724609375 0.33904999999999996 0.2490234375 0.33904999999999996 0.28515625 0.3419890625 0.3115234375 0.34296875 0.3369140625 0.3463984375 0.3623046875 0.357178125 0.400390625
15 0.28319375 0.486328125 0.2983828125 0.490234375 0.311121875 0.470703125 0.3140625 0.44140625 0.3121015625 0.4130859375 0.29936250000000003 0.400390625 0.2876046875 0.3818359375 0.2714359375 0.373046875 0.2552671875 0.3427734375 0.24448750000000002 0.330078125 0.23909843749999998 0.3515625 0.24448750000000002 0.3837890625 0.2533078125 0.421875 0.26506562499999997 0.4560546875 0.28319375 0.486328125