18 0.67711875 0.462890625 0.67711875 0.419921875 0.666340625 0.392578125 0.6536015625 0.3583984375 0.6374328125 0.3173828125 0.6281234375 0.328125 0.6344921875 0.3818359375 0.636453125 0.4287109375 0.6462515625 0.466796875 0.67711875 0.462890625
20 0.5624687500000001 0.41796875 0.55855 0.4609375 0.5531609375000001 0.5048828125 0.5688390625 0.48828125 0.5786374999999999 0.466796875 0.59480625 0.4560546875 0.5894171874999999 0.4111328125 0.5874578125000001 0.3662109375 0.5874578125000001 0.330078125 0.5756984375 0.3154296875 0.5688390625 0.3642578125 0.5624687500000001 0.41796875
21 0.528171875 0.419921875 0.5208234375 0.462890625 0.5198437499999999 0.4990234375 0.5198437499999999 0.529296875 0.5325828125000001 0.556640625 0.54875 0.533203125 0.54973125 0.48828125 0.5541406249999999 0.4501953125 0.5541406249999999 0.4091796875 0.5433609374999999 0.3603515625 0.5335625 0.37109375 0.528171875 0.419921875
22 0.4835859375 0.3857421875 0.4835859375 0.423828125 0.4835859375 0.46484375 0.4835859375 0.4921875 0.485546875 0.5263671875 0.491915625 0.560546875 0.5046546875 0.560546875 0.51249375 0.53515625 0.5134734375 0.4921875 0.514453125 0.4541015625 0.5080843749999999 0.4072265625 0.49926562499999994 0.369140625 0.4835859375 0.3857421875
30 0.4492890625 0.3408203125 0.44585937500000006 0.369140625 0.44683906249999994 0.4033203125 0.44782031250000004 0.439453125 0.4492890625 0.4775390625 0.4639875 0.4951171875 0.4737875 0.4775390625 0.47182812500000004 0.439453125 0.47182812500000004 0.419921875 0.46496875 0.3818359375 0.46202812499999996 0.3515625 0.4492890625 0.3408203125
29 0.409603125 0.33203125 0.409603125 0.3662109375 0.4140125 0.4111328125 0.4140125 0.4580078125 0.42332187499999996 0.486328125 0.43753125 0.466796875 0.4360609375 0.4267578125 0.432140625 0.396484375 0.4243015625 0.3603515625 0.42038281250000004 0.32421875 0.409603125 0.33203125
23 0.3944140625 0.3310546875 0.38265625000000003 0.3408203125 0.3806953125 0.3642578125 0.379715625 0.39453125 0.3782453125 0.419921875 0.3762859375 0.44140625 0.37432656249999996 0.4736328125 0.387065625 0.4794921875 0.3998046875 0.4794921875 0.41058281250000006 0.4814453125 0.409603125 0.4521484375 0.409603125 0.4326171875 0.4086234375 0.4052734375 0.40519375 0.37109375 0.3944140625 0.3310546875
24 0.34296875 0.3662109375 0.34296875 0.39453125 0.34296875 0.4287109375 0.34541875 0.4560546875 0.3581578125 0.466796875 0.3699171875 0.4541015625 0.373346875 0.4375 0.36893750000000003 0.4091796875 0.36550781250000003 0.3857421875 0.357178125 0.349609375 0.34394843750000004 0.3388671875 0.34296875 0.3662109375
25 0.286134375 0.4501953125 0.3013234375 0.462890625 0.31651093750000003 0.470703125 0.327290625 0.4501953125 0.329740625 0.4375 0.3287609375 0.4189453125 0.3268 0.3935546875 0.324840625 0.376953125 0.3081828125 0.31640625 0.29789374999999996 0.318359375 0.29054375 0.3583984375 0.286134375 0.3896484375 0.2851546875 0.4267578125 0.286134375 0.4501953125
28 0.269475 0.529296875 0.27339531250000004 0.4921875 0.27045625 0.4560546875 0.2616359375 0.4375 0.249878125 0.4326171875 0.240078125 0.4345703125 0.236159375 0.466796875 0.22733906250000002 0.484375 0.21362031250000002 0.5048828125 0.2028421875 0.529296875 0.1866734375 0.5654296875 0.1984328125 0.580078125 0.2165609375 0.5888671875 0.2297890625 0.5712890625 0.2435078125 0.556640625 0.2533078125 0.53515625 0.269475 0.529296875
0 0.2915234375 0.576171875 0.278784375 0.55859375 0.2714359375 0.53515625 0.25967656250000004 0.5458984375 0.2523265625 0.576171875 0.2454671875 0.599609375 0.23517812500000002 0.6357421875 0.23076875000000002 0.677734375 0.24448750000000002 0.6650390625 0.2640859375 0.6416015625 0.2797640625 0.625 0.2939734375 0.6103515625 0.30034375 0.5888671875 0.2915234375 0.576171875
4 0.429690625 0.6572265625 0.41499218750000005 0.671875 0.41499218750000005 0.7080078125 0.41058281250000006 0.74609375 0.41058281250000006 0.783203125 0.42234218749999997 0.76953125 0.43508125 0.736328125 0.44683906249999994 0.69140625 0.44782031250000004 0.654296875 0.429690625 0.6572265625
5 0.4492890625 0.6572265625 0.45125000000000004 0.6845703125 0.45125000000000004 0.71484375 0.45565937500000003 0.740234375 0.4674171875 0.744140625 0.4674171875 0.71484375 0.4674171875 0.6953125 0.46643749999999995 0.66796875 0.4630078125 0.6484375 0.4492890625 0.6572265625
6 0.4728078125 0.650390625 0.4728078125 0.6884765625 0.4728078125 0.7275390625 0.485546875 0.720703125 0.491915625 0.6845703125 0.496325 0.650390625 0.484565625 0.62890625 0.4728078125 0.650390625
7 0.498284375 0.62890625 0.498284375 0.650390625 0.498284375 0.6845703125 0.5026953125 0.7255859375 0.5178828125 0.7275390625 0.5188640625 0.697265625 0.521803125 0.6591796875 0.5208234375 0.623046875 0.498284375 0.62890625
8 0.521803125 0.6142578125 0.521803125 0.65234375 0.521803125 0.6884765625 0.5262125 0.7275390625 0.5369921875 0.740234375 0.544340625 0.720703125 0.544340625 0.693359375 0.544340625 0.6572265625 0.537971875 0.609375 0.521803125 0.6142578125
9 0.544340625 0.5888671875 0.5453203125 0.6181640625 0.5467906250000001 0.6416015625 0.54973125 0.6630859375 0.5561 0.6953125 0.56491875 0.7333984375 0.57226875 0.7529296875 0.583046875 0.740234375 0.5859875 0.69921875 0.5820671875000001 0.6572265625 0.5756984375 0.6181640625 0.56491875 0.58203125 0.544340625 0.5888671875
10 0.6075453125 0.599609375 0.59480625 0.58203125 0.583046875 0.5654296875 0.5688390625 0.576171875 0.5732484375 0.6103515625 0.583046875 0.646484375 0.5903968749999999 0.677734375 0.6011765625 0.71875 0.6099953124999999 0.7529296875 0.620284375 0.7333984375 0.6173437500000001 0.7099609375 0.6119546875 0.671875 0.6099953124999999 0.6337890625 0.6075453125 0.599609375
11 0.642821875 0.599609375 0.636453125 0.5732421875 0.629103125 0.5546875 0.618325 0.5546875 0.6099953124999999 0.560546875 0.6099953124999999 0.578125 0.6099953124999999 0.60546875 0.6148953125000001 0.62890625 0.6246937499999999 0.6611328125 0.6344921875 0.693359375 0.6491921875 0.7275390625 0.6609499999999999 0.7509765625 0.6609499999999999 0.71484375 0.6580109375000001 0.6884765625 0.65703125 0.6630859375 0.6536015625 0.6376953125 0.642821875 0.599609375
15 0.71680625 0.513671875 0.7016171875 0.509765625 0.688878125 0.529296875 0.6859375 0.55859375 0.6878984375 0.5869140625 0.7006375 0.599609375 0.7123953125 0.6181640625 0.7285640625 0.626953125 0.7447328125 0.6572265625 0.7555125 0.669921875 0.7609015625 0.6484375 0.7555125 0.6162109375 0.7466921875 0.578125 0.734934375 0.5439453125 0.71680625 0.513671875