2 0.284175 0.529296875 0.2969125 0.509765625 0.2939734375 0.470703125 0.29054375 0.4267578125 0.29054375 0.3857421875 0.2915234375 0.349609375 0.2895640625 0.3046875 0.276825 0.30078125 0.2660453125 0.326171875 0.258696875 0.3623046875 0.2533078125 0.400390625 0.2533078125 0.4345703125 0.24154843750000002 0.4794921875 0.24448750000000002 0.515625 0.256246875 0.529296875 0.26800625 0.529296875 0.284175 0.529296875
13 0.3419890625 0.5673828125 0.3508078125 0.5439453125 0.3508078125 0.513671875 0.3463984375 0.486328125 0.3419890625 0.4521484375 0.3356203125 0.4130859375 0.3258203125 0.376953125 0.3140625 0.349609375 0.3057328125 0.373046875 0.3067125 0.3984375 0.3032828125 0.443359375 0.302303125 0.4736328125 0.2969125 0.4951171875 0.29299375 0.5419921875 0.3057328125 0.5546875 0.3194515625 0.5625 0.3282703125 0.5673828125 0.3419890625 0.5673828125
17 0.3625671875 0.369140625 0.34835937499999997 0.375 0.34835937499999997 0.419921875 0.34835937499999997 0.46484375 0.3493390625 0.4970703125 0.3517890625 0.5263671875 0.35276874999999996 0.560546875 0.363546875 0.5712890625 0.37432656249999996 0.55859375 0.37530625 0.5185546875 0.377265625 0.4794921875 0.377265625 0.4501953125 0.3762859375 0.416015625 0.36893750000000003 0.392578125 0.3625671875 0.369140625
18 0.38265625000000003 0.4453125 0.3782453125 0.48828125 0.37530625 0.51171875 0.37530625 0.5458984375 0.373346875 0.5673828125 0.38363593749999997 0.5908203125 0.39882343750000004 0.580078125 0.3998046875 0.533203125 0.3998046875 0.484375 0.39882343750000004 0.4375 0.3944140625 0.4052734375 0.38265625000000003 0.4033203125 0.38265625000000003 0.4453125
19 0.42136250000000003 0.4072265625 0.4125421875 0.392578125 0.402253125 0.447265625 0.402253125 0.490234375 0.402253125 0.537109375 0.400784375 0.576171875 0.4125421875 0.5966796875 0.4287109375 0.6015625 0.4341015625 0.578125 0.43508125 0.5419921875 0.4341015625 0.4970703125 0.42773125 0.4560546875 0.42675156249999996 0.4326171875 0.42136250000000003 0.4072265625
20 0.4630078125 0.466796875 0.4639875 0.419921875 0.4492890625 0.4287109375 0.44683906249999994 0.4541015625 0.44585937500000006 0.4736328125 0.44292031249999997 0.4990234375 0.44145 0.53515625 0.4341015625 0.5654296875 0.43753125 0.599609375 0.4448796875 0.6162109375 0.4546796875 0.6123046875 0.46643749999999995 0.599609375 0.46006875 0.5546875 0.46006875 0.53515625 0.4630078125 0.4921875 0.4630078125 0.466796875
21 0.5007343750000001 0.4755859375 0.496325 0.4375 0.48652656250000004 0.4072265625 0.47182812500000004 0.4130859375 0.4683984375 0.439453125 0.4683984375 0.462890625 0.469378125 0.4990234375 0.47182812500000004 0.53125 0.4674171875 0.556640625 0.46496875 0.580078125 0.4772171875 0.6142578125 0.48750625000000003 0.623046875 0.501715625 0.607421875 0.501715625 0.583984375 0.49926562499999994 0.5546875 0.4953453125 0.5205078125 0.5007343750000001 0.4755859375
22 0.530621875 0.41796875 0.514453125 0.416015625 0.5134734375 0.466796875 0.5071046875 0.5263671875 0.506125 0.5654296875 0.5115140625000001 0.607421875 0.5296421875 0.625 0.5414015625 0.603515625 0.5414015625 0.5712890625 0.5414015625 0.5390625 0.5360125 0.5048828125 0.5360125 0.4736328125 0.5360125 0.447265625 0.530621875 0.41796875
30 0.56491875 0.4814453125 0.56491875 0.4501953125 0.5639390625 0.421875 0.5551203124999999 0.4111328125 0.5433609374999999 0.4453125 0.54238125 0.4794921875 0.54238125 0.515625 0.544340625 0.5390625 0.544340625 0.5712890625 0.53993125 0.6103515625 0.5531609375000001 0.626953125 0.5614890625 0.623046875 0.5668796875 0.6142578125 0.5688390625 0.578125 0.5668796875 0.552734375 0.5658984375 0.5244140625 0.5658984375 0.5078125 0.56491875 0.4814453125
29 0.5957859375 0.513671875 0.5957859375 0.4775390625 0.5957859375 0.4501953125 0.59480625 0.4072265625 0.5796171875 0.423828125 0.5776578125 0.447265625 0.574228125 0.484375 0.57226875 0.513671875 0.567859375 0.552734375 0.5688390625 0.5927734375 0.5786374999999999 0.6123046875 0.5894171874999999 0.6123046875 0.6011765625 0.5908203125 0.59480625 0.5498046875 0.59480625 0.533203125 0.5957859375 0.513671875
23 0.618325 0.439453125 0.6173437500000001 0.400390625 0.606565625 0.421875 0.606565625 0.4560546875 0.60460625 0.4951171875 0.60460625 0.5263671875 0.60460625 0.5673828125 0.6119546875 0.5966796875 0.6281234375 0.5966796875 0.6310625 0.5693359375 0.6246937499999999 0.5419921875 0.6256734374999999 0.509765625 0.6256734374999999 0.4736328125 0.618325 0.439453125
24 0.642821875 0.4072265625 0.629103125 0.4326171875 0.6227343750000001 0.4560546875 0.626653125 0.48828125 0.6256734374999999 0.53515625 0.6300828125 0.556640625 0.6344921875 0.576171875 0.6482109375 0.5927734375 0.6624203125 0.5712890625 0.6599703124999999 0.53515625 0.658990625 0.5078125 0.658990625 0.4775390625 0.6580109375000001 0.4541015625 0.65703125 0.421875 0.642821875 0.4072265625
25 0.6967171875 0.4501953125 0.6859375 0.4287109375 0.6780984375 0.4111328125 0.665359375 0.4052734375 0.665359375 0.4326171875 0.665359375 0.4580078125 0.665359375 0.490234375 0.665359375 0.5244140625 0.6643796875 0.5712890625 0.6825078125 0.5654296875 0.6923078125 0.5654296875 0.7079859374999999 0.5400390625 0.7138656250000001 0.5048828125 0.7050468750000001 0.4775390625 0.6967171875 0.4501953125
27 0.7447328125 0.4130859375 0.7403234375000001 0.4541015625 0.737384375 0.4775390625 0.7339546875 0.5048828125 0.7339546875 0.533203125 0.7403234375000001 0.552734375 0.7530625 0.5078125 0.780009375 0.5078125 0.7809890625 0.4736328125 0.77805 0.443359375 0.7756000000000001 0.4033203125 0.7726609375 0.375 0.7530625 0.3837890625 0.7447328125 0.4130859375
1 0.6795687499999999 0.625 0.695246875 0.6484375 0.7050468750000001 0.67578125 0.71680625 0.6884765625 0.72954375 0.7099609375 0.7427734375 0.7099609375 0.7520828125000001 0.7119140625 0.7609015625 0.6845703125 0.7476734375 0.6572265625 0.7413031250000001 0.630859375 0.7329734375 0.60546875 0.718765625 0.560546875 0.7040671875 0.5625 0.6923078125 0.5869140625 0.6795687499999999 0.5947265625 0.6795687499999999 0.625
4 0.6163640625 0.669921875 0.6173437500000001 0.625 0.597746875 0.6181640625 0.5874578125000001 0.6181640625 0.5820671875000001 0.64453125 0.583046875 0.671875 0.592846875 0.7021484375 0.5957859375 0.7314453125 0.6001953125 0.7568359375 0.6075453125 0.787109375 0.6173437500000001 0.810546875 0.6310625 0.8271484375 0.6281234375 0.7958984375 0.6193046875 0.76171875 0.6163640625 0.744140625 0.6163640625 0.7119140625 0.6163640625 0.6865234375 0.6163640625 0.669921875
5 0.5810875 0.6611328125 0.5796171875 0.626953125 0.5658984375 0.6337890625 0.5541406249999999 0.630859375 0.54973125 0.6630859375 0.5570796875 0.693359375 0.5561 0.7275390625 0.5658984375 0.7490234375 0.5732484375 0.7744140625 0.584028125 0.8037109375 0.592846875 0.787109375 0.5874578125000001 0.740234375 0.583046875 0.69921875 0.5810875 0.6611328125
6 0.5252328125 0.6806640625 0.5296421875 0.716796875 0.5325828125000001 0.744140625 0.5453203125 0.7763671875 0.55855 0.7744140625 0.5551203124999999 0.740234375 0.5507109375 0.7099609375 0.54875 0.673828125 0.54238125 0.64453125 0.5208234375 0.65234375 0.5252328125 0.6806640625
7 0.498284375 0.646484375 0.501715625 0.67578125 0.503675 0.7099609375 0.5071046875 0.744140625 0.5188640625 0.7744140625 0.530621875 0.759765625 0.5262125 0.7314453125 0.524253125 0.7119140625 0.524253125 0.677734375 0.514453125 0.654296875 0.498284375 0.646484375
8 0.475746875 0.6953125 0.4772171875 0.7314453125 0.484565625 0.759765625 0.49387499999999995 0.74609375 0.49387499999999995 0.7275390625 0.49387499999999995 0.693359375 0.5007343750000001 0.65234375 0.47819687499999997 0.6337890625 0.475746875 0.6650390625 0.475746875 0.6953125
9 0.44585937500000006 0.69921875 0.44585937500000006 0.736328125 0.4546796875 0.7724609375 0.47035781249999997 0.7802734375 0.46643749999999995 0.744140625 0.46643749999999995 0.7080078125 0.47182812500000004 0.6484375 0.46202812499999996 0.626953125 0.4492890625 0.6396484375 0.44585937500000006 0.69921875
10 0.4179328125 0.64453125 0.41499218750000005 0.677734375 0.4125421875 0.7099609375 0.4125421875 0.7333984375 0.41156249999999994 0.767578125 0.42038281250000004 0.791015625 0.43753125 0.7529296875 0.4439 0.720703125 0.4439 0.6806640625 0.44782031250000004 0.64453125 0.45320937499999997 0.625 0.4385109375 0.6015625 0.42332187499999996 0.607421875 0.4179328125 0.64453125
11 0.38363593749999997 0.630859375 0.381675 0.6826171875 0.38265625000000003 0.7119140625 0.377265625 0.73828125 0.370896875 0.7763671875 0.4061734375 0.7568359375 0.41058281250000006 0.716796875 0.4125421875 0.6845703125 0.415971875 0.6123046875 0.4042140625 0.5927734375 0.3900046875 0.60546875 0.38363593749999997 0.630859375
15 0.31749218749999997 0.580078125 0.3013234375 0.5673828125 0.2895640625 0.560546875 0.27339531250000004 0.5625 0.258696875 0.5947265625 0.2454671875 0.6357421875 0.2371390625 0.6572265625 0.22831875 0.6806640625 0.240078125 0.7099609375 0.2542875 0.7080078125 0.27339531250000004 0.673828125 0.2939734375 0.6484375 0.311121875 0.62890625 0.32288125 0.6142578125 0.33464062499999997 0.599609375 0.31749218749999997 0.580078125