31 0.2533078125 0.4287109375 0.2572265625 0.3896484375 0.2660453125 0.3583984375 0.272415625 0.32421875 0.269475 0.30078125 0.256246875 0.30859375 0.24252812499999998 0.345703125 0.2327296875 0.369140625 0.21558125 0.3857421875 0.20823125 0.4111328125 0.21459999999999999 0.4453125 0.2190109375 0.4755859375 0.24154843750000002 0.466796875 0.2533078125 0.4287109375
2 0.29495312500000004 0.3408203125 0.284175 0.3154296875 0.2778046875 0.3515625 0.272415625 0.3876953125 0.2640859375 0.41796875 0.2533078125 0.447265625 0.24252812499999998 0.470703125 0.24252812499999998 0.513671875 0.258696875 0.5185546875 0.26800625 0.5419921875 0.28123437500000004 0.533203125 0.2876046875 0.48828125 0.2895640625 0.447265625 0.2915234375 0.392578125 0.29495312500000004 0.3408203125
13 0.3307203125 0.3935546875 0.3219015625 0.369140625 0.3076921875 0.3388671875 0.29936250000000003 0.32421875 0.29936250000000003 0.345703125 0.29936250000000003 0.376953125 0.29936250000000003 0.4130859375 0.29936250000000003 0.4345703125 0.2939734375 0.4736328125 0.2851546875 0.509765625 0.2895640625 0.53515625 0.29936250000000003 0.5478515625 0.311121875 0.5478515625 0.3238609375 0.5498046875 0.33464062499999997 0.5478515625 0.3400296875 0.5263671875 0.33464062499999997 0.4951171875 0.33022968750000004 0.46875 0.3356203125 0.4287109375 0.3307203125 0.3935546875
17 0.34835937499999997 0.400390625 0.347378125 0.4287109375 0.34835937499999997 0.4541015625 0.3463984375 0.486328125 0.341009375 0.513671875 0.3400296875 0.5458984375 0.3517890625 0.5712890625 0.36550781250000003 0.560546875 0.3762859375 0.5498046875 0.3762859375 0.5078125 0.3782453125 0.46484375 0.3782453125 0.4130859375 0.36893750000000003 0.3798828125 0.3561984375 0.3408203125 0.34835937499999997 0.369140625 0.34835937499999997 0.400390625
18 0.3762859375 0.3408203125 0.373346875 0.392578125 0.379715625 0.4775390625 0.3762859375 0.529296875 0.3782453125 0.560546875 0.391475 0.5966796875 0.4061734375 0.5546875 0.41156249999999994 0.5185546875 0.40715312499999995 0.46484375 0.4042140625 0.41796875 0.3998046875 0.376953125 0.39539375 0.330078125 0.3762859375 0.3408203125
20 0.415971875 0.443359375 0.415971875 0.4755859375 0.41499218750000005 0.5185546875 0.41058281250000006 0.5546875 0.4125421875 0.580078125 0.4243015625 0.5966796875 0.44292031249999997 0.5966796875 0.44585937500000006 0.5654296875 0.4448796875 0.5244140625 0.4439 0.490234375 0.439490625 0.4501953125 0.43753125 0.400390625 0.4243015625 0.373046875 0.415971875 0.376953125 0.415971875 0.4033203125 0.415971875 0.443359375
21 0.48113593750000005 0.5009765625 0.4835859375 0.4501953125 0.4835859375 0.400390625 0.46643749999999995 0.3662109375 0.45565937500000003 0.390625 0.4492890625 0.4326171875 0.44782031250000004 0.462890625 0.45125000000000004 0.4921875 0.45222968750000003 0.5244140625 0.44683906249999994 0.5439453125 0.44782031250000004 0.5869140625 0.46006875 0.6015625 0.475746875 0.6015625 0.496325 0.583984375 0.49387499999999995 0.5390625 0.48113593750000005 0.5009765625
22 0.5296421875 0.4736328125 0.5227828125 0.4365234375 0.514453125 0.4296875 0.5075937500000001 0.4267578125 0.501715625 0.4306640625 0.496325 0.44140625 0.49730468749999995 0.4814453125 0.49926562499999994 0.515625 0.49926562499999994 0.5625 0.506125 0.5947265625 0.521803125 0.5908203125 0.5350312500000001 0.5888671875 0.5477703125 0.5673828125 0.5433609374999999 0.5419921875 0.5369921875 0.513671875 0.5296421875 0.4736328125
30 0.561 0.4169921875 0.5561 0.4150390625 0.54973125 0.4169921875 0.54238125 0.4248046875 0.5389515625 0.4267578125 0.5394421875 0.4375 0.5369921875 0.447265625 0.54238125 0.462890625 0.5477703125 0.48828125 0.5477703125 0.5048828125 0.5477703125 0.53515625 0.5467906250000001 0.5712890625 0.5658984375 0.576171875 0.5874578125000001 0.5390625 0.5810875 0.509765625 0.5756984375 0.490234375 0.5712890625 0.447265625 0.5707984374999999 0.435546875 0.5668796875 0.4228515625 0.561 0.4169921875
29 0.6031359375 0.4306640625 0.6031359375 0.4033203125 0.60460625 0.3662109375 0.599215625 0.3388671875 0.5884375000000001 0.33203125 0.5805984375000001 0.35546875 0.5756984375 0.396484375 0.5786374999999999 0.4326171875 0.5820671875000001 0.462890625 0.5820671875000001 0.5009765625 0.5874578125000001 0.5546875 0.596765625 0.5693359375 0.6099953124999999 0.5625 0.6281234375 0.529296875 0.6099953124999999 0.484375 0.6075453125 0.462890625 0.6031359375 0.4306640625
23 0.618325 0.30078125 0.610975 0.3369140625 0.606565625 0.375 0.606565625 0.4111328125 0.6075453125 0.4453125 0.6095046875000001 0.4892578125 0.6158750000000001 0.5283203125 0.6232234375 0.5380859375 0.6550703125 0.53515625 0.652621875 0.4775390625 0.651640625 0.4541015625 0.6438015625 0.4306640625 0.636453125 0.3876953125 0.63204375 0.3603515625 0.626653125 0.32421875 0.618325 0.30078125
24 0.666340625 0.3515625 0.666340625 0.3173828125 0.6643796875 0.2919921875 0.6491921875 0.28125 0.6438015625 0.3046875 0.6393921875 0.32421875 0.638903125 0.353515625 0.638903125 0.388671875 0.642821875 0.419921875 0.6462515625 0.443359375 0.6501718750000001 0.4658203125 0.6467421875 0.498046875 0.6580109375000001 0.5224609375 0.666340625 0.5185546875 0.67075 0.51171875 0.6834890625 0.48828125 0.6825078125 0.4560546875 0.67075 0.4326171875 0.6697703125000001 0.4033203125 0.6697703125000001 0.3798828125 0.666340625 0.3515625
25 0.70700625 0.302734375 0.691328125 0.2939453125 0.6805484374999999 0.322265625 0.6805484374999999 0.353515625 0.6805484374999999 0.39453125 0.6805484374999999 0.423828125 0.6849578125 0.4541015625 0.6878984375 0.4775390625 0.6859375 0.4970703125 0.7084765625 0.5078125 0.7212156249999999 0.490234375 0.737384375 0.466796875 0.737384375 0.44140625 0.7221953125 0.4130859375 0.7084765625 0.3857421875 0.70700625 0.3427734375 0.70700625 0.302734375
26 0.7819703125 0.2578125 0.76188125 0.25390625 0.751103125 0.26171875 0.73199375 0.3115234375 0.7148453124999999 0.3505859375 0.7128859375000001 0.376953125 0.723175 0.400390625 0.7403234375000001 0.4033203125 0.7520828125000001 0.4267578125 0.76188125 0.396484375 0.766290625 0.35546875 0.7746203125 0.3154296875 0.7809890625 0.2958984375 0.7873593750000001 0.2744140625 0.7819703125 0.2578125
0 0.723175 0.5078125 0.70700625 0.509765625 0.7060265625000001 0.53515625 0.7138656250000001 0.5625 0.730525 0.5869140625 0.7491421875000001 0.607421875 0.7702109375 0.6201171875 0.7888296875 0.6201171875 0.7971578125 0.6015625 0.7809890625 0.5625 0.77168125 0.552734375 0.764821875 0.53515625 0.7609015625 0.5029296875 0.7520828125000001 0.470703125 0.7403234375000001 0.462890625 0.730525 0.486328125 0.723175 0.5078125
1 0.658990625 0.599609375 0.6634 0.626953125 0.6805484374999999 0.650390625 0.6996578125 0.65234375 0.718765625 0.671875 0.7403234375000001 0.673828125 0.76188125 0.6826171875 0.7672703125 0.65234375 0.763840625 0.626953125 0.7447328125 0.60546875 0.7266046875 0.5966796875 0.7148453124999999 0.580078125 0.70700625 0.556640625 0.695246875 0.537109375 0.681528125 0.5390625 0.67711875 0.5712890625 0.67075 0.5888671875 0.658990625 0.599609375
3 0.64723125 0.552734375 0.6330234375 0.5625 0.620284375 0.5869140625 0.618325 0.603515625 0.6335124999999999 0.625 0.6374328125 0.650390625 0.6408625 0.6806640625 0.6491921875 0.7080078125 0.658990625 0.740234375 0.6717296875 0.7529296875 0.6687890624999999 0.71875 0.6643796875 0.6884765625 0.6643796875 0.65234375 0.6634 0.630859375 0.65703125 0.599609375 0.6624203125 0.5712890625 0.64723125 0.552734375
4 0.6163640625 0.60546875 0.6148953125000001 0.5732421875 0.597746875 0.5869140625 0.5913765625 0.603515625 0.59480625 0.625 0.60215625 0.64453125 0.6075453125 0.6630859375 0.6148953125000001 0.693359375 0.6246937499999999 0.71875 0.629103125 0.7490234375 0.6452718749999999 0.7548828125 0.642821875 0.7294921875 0.63204375 0.69921875 0.629103125 0.67578125 0.6281234375 0.654296875 0.626653125 0.6201171875 0.6163640625 0.60546875
5 0.5570796875 0.599609375 0.5551203124999999 0.625 0.5551203124999999 0.65234375 0.5658984375 0.6884765625 0.5712890625 0.7294921875 0.584028125 0.7568359375 0.5913765625 0.78515625 0.5957859375 0.765625 0.5957859375 0.736328125 0.5894171874999999 0.69921875 0.5884375000000001 0.669921875 0.5884375000000001 0.6357421875 0.5850078125 0.6015625 0.567859375 0.5888671875 0.5570796875 0.599609375
6 0.5198437499999999 0.650390625 0.5271921875000001 0.6826171875 0.5296421875 0.720703125 0.5316015625 0.740234375 0.5414015625 0.763671875 0.5507109375 0.73828125 0.5507109375 0.7060546875 0.5467906250000001 0.67578125 0.5551203124999999 0.6396484375 0.5507109375 0.6123046875 0.5350312500000001 0.60546875 0.5198437499999999 0.6201171875 0.5198437499999999 0.650390625
7 0.491915625 0.623046875 0.48750625000000003 0.65234375 0.49093593750000003 0.6826171875 0.5007343750000001 0.7294921875 0.5090640625 0.7529296875 0.51249375 0.71875 0.514453125 0.69140625 0.515434375 0.6611328125 0.5188640625 0.630859375 0.5090640625 0.6123046875 0.491915625 0.623046875
8 0.46006875 0.65234375 0.45859843749999996 0.677734375 0.4639875 0.7021484375 0.47182812500000004 0.72265625 0.4821171875 0.7255859375 0.48750625000000003 0.6884765625 0.4889765625 0.6416015625 0.4821171875 0.6181640625 0.46202812499999996 0.626953125 0.46006875 0.65234375
9 0.4404703125 0.6162109375 0.43116093749999995 0.6181640625 0.42234218749999997 0.6396484375 0.429690625 0.677734375 0.4331203125 0.7099609375 0.4331203125 0.74609375 0.43508125 0.78515625 0.4492890625 0.767578125 0.44683906249999994 0.7275390625 0.44683906249999994 0.69140625 0.45320937499999997 0.6650390625 0.4610484375 0.6357421875 0.4566390625 0.6103515625 0.4404703125 0.6162109375
10 0.41695312500000004 0.697265625 0.42675156249999996 0.6650390625 0.42136250000000003 0.6376953125 0.42038281250000004 0.599609375 0.40715312499999995 0.6181640625 0.3968640625 0.650390625 0.3924546875 0.677734375 0.38804531249999996 0.7099609375 0.379715625 0.736328125 0.379715625 0.76953125 0.379715625 0.7998046875 0.3900046875 0.8193359375 0.3968640625 0.7890625 0.403234375 0.7568359375 0.4086234375 0.7294921875 0.41695312500000004 0.697265625
11 0.36893750000000003 0.603515625 0.361096875 0.62890625 0.3601171875 0.654296875 0.3537484375 0.6953125 0.347378125 0.740234375 0.3601171875 0.7568359375 0.3699171875 0.72265625 0.377265625 0.6806640625 0.3968640625 0.6376953125 0.39784375 0.6142578125 0.38363593749999997 0.5908203125 0.36893750000000003 0.603515625
12 0.3258203125 0.6650390625 0.3219015625 0.7080078125 0.3150421875 0.763671875 0.3282703125 0.744140625 0.3400296875 0.71875 0.3463984375 0.673828125 0.3537484375 0.6435546875 0.3645265625 0.6103515625 0.3517890625 0.578125 0.33121093749999997 0.5947265625 0.3258203125 0.6650390625
14 0.3032828125 0.583984375 0.2969125 0.5625 0.2822140625 0.578125 0.2714359375 0.6103515625 0.258696875 0.626953125 0.2435078125 0.6416015625 0.2317484375 0.6591796875 0.22440000000000002 0.6826171875 0.23370937500000002 0.7041015625 0.2542875 0.7080078125 0.276825 0.7021484375 0.29054375 0.6806640625 0.311121875 0.669921875 0.32043125 0.646484375 0.32043125 0.6142578125 0.3101421875 0.6103515625 0.3032828125 0.583984375
15 0.22195 0.556640625 0.2165609375 0.583984375 0.2165609375 0.6142578125 0.22733906250000002 0.6396484375 0.2479171875 0.625 0.26800625 0.6142578125 0.2778046875 0.5888671875 0.276825 0.556640625 0.26065625 0.52734375 0.24448750000000002 0.509765625 0.236159375 0.53125 0.22195 0.556640625