13 0.3463984375 0.470703125 0.333659375 0.4345703125 0.3258203125 0.3984375 0.32288125 0.349609375 0.31749218749999997 0.32421875 0.302303125 0.3154296875 0.2915234375 0.3388671875 0.2915234375 0.376953125 0.2915234375 0.416015625 0.2915234375 0.4609375 0.2876046875 0.486328125 0.3076921875 0.513671875 0.32288125 0.5244140625 0.34394843750000004 0.5048828125 0.3463984375 0.470703125
18 0.379715625 0.3408203125 0.3645265625 0.3818359375 0.3601171875 0.4287109375 0.354728125 0.4609375 0.347378125 0.486328125 0.34394843750000004 0.5205078125 0.3581578125 0.533203125 0.37530625 0.53515625 0.3806953125 0.513671875 0.3806953125 0.4775390625 0.38510468750000004 0.4326171875 0.38804531249999996 0.376953125 0.379715625 0.3408203125
19 0.3944140625 0.4580078125 0.38804531249999996 0.4921875 0.38510468750000004 0.5185546875 0.38265625000000003 0.5478515625 0.3968640625 0.560546875 0.4125421875 0.5546875 0.41695312500000004 0.529296875 0.41891249999999997 0.5009765625 0.42038281250000004 0.4814453125 0.42136250000000003 0.462890625 0.412053125 0.37109375 0.4042140625 0.3671875 0.398334375 0.421875 0.3944140625 0.4580078125
20 0.4331203125 0.4130859375 0.42773125 0.439453125 0.42332187499999996 0.4921875 0.42136250000000003 0.515625 0.4179328125 0.5498046875 0.4360609375 0.5712890625 0.45125000000000004 0.5732421875 0.45565937500000003 0.5478515625 0.45565937500000003 0.5205078125 0.4546796875 0.4814453125 0.45320937499999997 0.443359375 0.4492890625 0.4072265625 0.4331203125 0.4130859375
21 0.475746875 0.396484375 0.46202812499999996 0.4091796875 0.46202812499999996 0.4375 0.4610484375 0.4755859375 0.4610484375 0.4951171875 0.4566390625 0.53125 0.45761874999999996 0.5732421875 0.4835859375 0.58203125 0.49926562499999994 0.5654296875 0.498284375 0.5439453125 0.49289531249999996 0.5029296875 0.49093593750000003 0.46875 0.4889765625 0.4267578125 0.475746875 0.396484375
22 0.5350312500000001 0.3876953125 0.5198437499999999 0.3798828125 0.515434375 0.4033203125 0.51249375 0.4267578125 0.5080843749999999 0.4609375 0.506125 0.486328125 0.506125 0.509765625 0.506125 0.529296875 0.506125 0.5732421875 0.5453203125 0.5869140625 0.5453203125 0.5498046875 0.5433609374999999 0.5263671875 0.53993125 0.4951171875 0.5369921875 0.4609375 0.5360125 0.421875 0.5350312500000001 0.3876953125
30 0.5541406249999999 0.3876953125 0.5541406249999999 0.443359375 0.54875 0.505859375 0.54875 0.5458984375 0.54973125 0.5869140625 0.5658984375 0.5869140625 0.584028125 0.5673828125 0.5810875 0.5244140625 0.5776578125 0.48828125 0.5756984375 0.439453125 0.574228125 0.3876953125 0.56491875 0.376953125 0.5541406249999999 0.3876953125
29 0.6119546875 0.466796875 0.612934375 0.416015625 0.6099953124999999 0.35546875 0.599215625 0.3115234375 0.5894171874999999 0.3427734375 0.5894171874999999 0.3818359375 0.5859875 0.4375 0.5850078125 0.484375 0.583046875 0.529296875 0.5859875 0.5625 0.599215625 0.576171875 0.610975 0.5625 0.6227343750000001 0.5458984375 0.6163640625 0.5048828125 0.6119546875 0.466796875
24 0.6634 0.400390625 0.667809375 0.3408203125 0.652621875 0.353515625 0.6452718749999999 0.4072265625 0.638903125 0.4609375 0.6374328125 0.5048828125 0.642821875 0.53125 0.6634 0.5390625 0.6741796875 0.515625 0.6687890624999999 0.4814453125 0.665359375 0.4501953125 0.6634 0.400390625
25 0.6834890625 0.419921875 0.6780984375 0.4501953125 0.6717296875 0.486328125 0.6761390625 0.5185546875 0.688878125 0.533203125 0.70700625 0.5224609375 0.7202359375 0.4951171875 0.7104359375 0.4501953125 0.711415625 0.4130859375 0.7123953125 0.37109375 0.7148453124999999 0.3408203125 0.6942671875 0.330078125 0.6898578125 0.376953125 0.6834890625 0.419921875
26 0.7545328125 0.3603515625 0.7545328125 0.326171875 0.7383640625 0.322265625 0.72954375 0.3583984375 0.725625 0.392578125 0.7241546875 0.421875 0.7212156249999999 0.4580078125 0.7221953125 0.490234375 0.734934375 0.5078125 0.7491421875000001 0.5009765625 0.766290625 0.4775390625 0.7564921874999999 0.44140625 0.7545328125 0.39453125 0.7545328125 0.3603515625
3 0.6408625 0.5693359375 0.6310625 0.5732421875 0.6325328125 0.603515625 0.6354734375 0.646484375 0.6438015625 0.6806640625 0.6491921875 0.69921875 0.6580109375000001 0.73828125 0.67075 0.736328125 0.67075 0.693359375 0.667809375 0.6591796875 0.665359375 0.6201171875 0.665359375 0.578125 0.65458125 0.55859375 0.6408625 0.5693359375
4 0.6310625 0.5732421875 0.6173437500000001 0.5693359375 0.6055859375 0.5712890625 0.5957859375 0.58203125 0.59480625 0.6015625 0.6011765625 0.630859375 0.606565625 0.677734375 0.6163640625 0.71484375 0.6281234375 0.7490234375 0.636453125 0.7275390625 0.629103125 0.67578125 0.6256734374999999 0.64453125 0.626653125 0.6201171875 0.6300828125 0.5927734375 0.6310625 0.5732421875
5 0.597746875 0.6650390625 0.5938265625 0.6396484375 0.59480625 0.5869140625 0.5796171875 0.580078125 0.56491875 0.58203125 0.560509375 0.6123046875 0.5624687500000001 0.6357421875 0.57226875 0.650390625 0.5756984375 0.6953125 0.5859875 0.74609375 0.59480625 0.7783203125 0.6001953125 0.7978515625 0.6055859375 0.76953125 0.6055859375 0.740234375 0.597746875 0.697265625 0.597746875 0.6650390625
6 0.5389515625 0.7021484375 0.544340625 0.736328125 0.5531609375000001 0.7548828125 0.5614890625 0.7421875 0.56491875 0.7080078125 0.55855 0.6806640625 0.5639390625 0.6484375 0.5614890625 0.603515625 0.5389515625 0.599609375 0.5335625 0.6162109375 0.5389515625 0.6611328125 0.5389515625 0.7021484375
7 0.5080843749999999 0.6142578125 0.5090640625 0.646484375 0.5110234375 0.671875 0.51249375 0.69921875 0.521803125 0.720703125 0.5316015625 0.7333984375 0.5335625 0.693359375 0.5335625 0.6591796875 0.5360125 0.6162109375 0.5262125 0.607421875 0.5080843749999999 0.6142578125
8 0.496325 0.7275390625 0.498284375 0.6845703125 0.5007343750000001 0.6591796875 0.506125 0.6181640625 0.484565625 0.607421875 0.48015625 0.6396484375 0.4791765625 0.6826171875 0.484565625 0.716796875 0.496325 0.7275390625
9 0.4448796875 0.7041015625 0.46202812499999996 0.7041015625 0.46202812499999996 0.67578125 0.4683984375 0.650390625 0.4737875 0.626953125 0.475746875 0.6015625 0.4448796875 0.5908203125 0.44292031249999997 0.630859375 0.44292031249999997 0.669921875 0.4448796875 0.7041015625
10 0.409603125 0.6103515625 0.4061734375 0.650390625 0.4042140625 0.6806640625 0.402253125 0.71484375 0.41891249999999997 0.720703125 0.429690625 0.7041015625 0.4341015625 0.66796875 0.4360609375 0.6396484375 0.44292031249999997 0.6123046875 0.4404703125 0.578125 0.42675156249999996 0.578125 0.4125421875 0.5869140625 0.409603125 0.6103515625
12 0.34835937499999997 0.599609375 0.3463984375 0.6376953125 0.33904999999999996 0.66796875 0.33904999999999996 0.7080078125 0.3463984375 0.7294921875 0.3561984375 0.6884765625 0.36795625 0.654296875 0.373346875 0.62890625 0.389025 0.599609375 0.379715625 0.5693359375 0.361096875 0.556640625 0.3493390625 0.5673828125 0.34835937499999997 0.599609375
15 0.33904999999999996 0.603515625 0.3366 0.578125 0.324840625 0.552734375 0.31651093750000003 0.533203125 0.302303125 0.53125 0.2851546875 0.55859375 0.269475 0.5888671875 0.258696875 0.60546875 0.24889687500000002 0.625 0.2479171875 0.6611328125 0.2640859375 0.6611328125 0.276825 0.6484375 0.2959328125 0.6376953125 0.31308125000000003 0.623046875 0.332190625 0.623046875 0.33904999999999996 0.603515625
16 0.274375 0.4814453125 0.2670265625 0.462890625 0.2552671875 0.4755859375 0.2435078125 0.5224609375 0.240078125 0.5439453125 0.2297890625 0.5673828125 0.2234203125 0.5869140625 0.21558125 0.6142578125 0.2297890625 0.6142578125 0.2435078125 0.5947265625 0.25967656250000004 0.580078125 0.278784375 0.5654296875 0.29299375 0.5390625 0.302303125 0.509765625 0.284175 0.4921875 0.274375 0.4814453125