31 0.7875671875 0.4375 0.8071468749999999 0.4375 0.8296625000000001 0.4228515625 0.82525625 0.369140625 0.8164468749999999 0.3369140625 0.80665625 0.2900390625 0.8120406250000001 0.2470703125 0.794909375 0.26171875 0.7831625 0.2958984375 0.7812046875 0.330078125 0.77875625 0.3662109375 0.7782671875 0.4072265625 0.7875671875 0.4375
2 0.7307875 0.4326171875 0.7425359375 0.4541015625 0.757709375 0.4609375 0.7748406250000001 0.4521484375 0.7821828125 0.4287109375 0.7758203124999999 0.3984375 0.76945625 0.376953125 0.7660296875 0.3427734375 0.76309375 0.3154296875 0.756240625 0.28125 0.7459625 0.3173828125 0.7381296875000001 0.3408203125 0.7371515625 0.3642578125 0.7307875 0.39453125 0.7307875 0.4326171875
13 0.67939375 0.4130859375 0.6784140625 0.46484375 0.6867359375000001 0.48828125 0.7092515625 0.4951171875 0.7288296875 0.486328125 0.729809375 0.4345703125 0.7234453125 0.3984375 0.7180609375 0.3642578125 0.7156140625 0.34765625 0.7126781249999999 0.32421875 0.7048078125 0.294125 0.69211875 0.2890625 0.6867359375000001 0.3681640625 0.67939375 0.4130859375
17 0.674009375 0.421875 0.6705828125 0.37890625 0.6705828125 0.3583984375 0.6749875000000001 0.306640625 0.6666671875 0.2958984375 0.65491875 0.32421875 0.649534375 0.37890625 0.646109375 0.4072265625 0.6397453125 0.439453125 0.63631875 0.4814453125 0.6480671874999999 0.4951171875 0.6612828125 0.5029296875 0.6730296874999999 0.486328125 0.6720515625 0.4521484375 0.674009375 0.421875
18 0.6064609375 0.4326171875 0.603525 0.466796875 0.6118453125000001 0.4970703125 0.6289765625 0.515625 0.646109375 0.4921875 0.6377875000000001 0.4794921875 0.6377875000000001 0.4541015625 0.6397453125 0.40234375 0.6377875000000001 0.34765625 0.6377875000000001 0.306640625 0.626040625 0.3046875 0.6191875 0.33203125 0.6182078125 0.3681640625 0.613803125 0.39453125 0.6064609375 0.4326171875
19 0.57121875 0.466796875 0.5721984375 0.5009765625 0.5810078125 0.537109375 0.598140625 0.533203125 0.610865625 0.513671875 0.6089078125 0.4794921875 0.6010765625000001 0.443359375 0.6064609375 0.3984375 0.6064609375 0.3603515625 0.6054828125 0.310546875 0.5956921875 0.28125 0.5839453125 0.3173828125 0.5810078125 0.3515625 0.579540625 0.392578125 0.576603125 0.423828125 0.57121875 0.466796875
20 0.5359765624999999 0.4814453125 0.5369546875 0.5205078125 0.5477234375 0.5390625 0.5668140625 0.5458984375 0.5702406250000001 0.4921875 0.565834375 0.4501953125 0.5668140625 0.421875 0.5584921875 0.376953125 0.5560453125 0.3447265625 0.544296875 0.326171875 0.5369546875 0.37109375 0.5369546875 0.3984375 0.5379343750000001 0.4453125 0.5359765624999999 0.4814453125
21 0.4973078125 0.5263671875 0.5110125 0.533203125 0.531571875 0.529296875 0.5359765624999999 0.490234375 0.53255 0.447265625 0.53255 0.40234375 0.5252078124999999 0.3623046875 0.5080765625 0.353515625 0.49926562499999994 0.37890625 0.4973078125 0.4111328125 0.4982875 0.447265625 0.49926562499999994 0.46875 0.4973078125 0.5263671875
22 0.45766093750000003 0.490234375 0.45472343750000005 0.533203125 0.4738125 0.533203125 0.49290312500000005 0.533203125 0.49535 0.4970703125 0.49290312500000005 0.447265625 0.49388125 0.3896484375 0.48849687499999994 0.373046875 0.48409218750000005 0.3515625 0.468428125 0.34375 0.46353437499999994 0.361328125 0.46255468750000006 0.380859375 0.45863906249999997 0.4072265625 0.45766093750000003 0.447265625 0.45766093750000003 0.490234375
30 0.4214390625 0.4921875 0.429759375 0.5224609375 0.4478703125 0.5244140625 0.455703125 0.486328125 0.45472343750000005 0.443359375 0.45325468750000003 0.40234375 0.44395468749999994 0.349609375 0.43514375000000005 0.349609375 0.4307390625 0.37890625 0.4278015625 0.4130859375 0.42535468749999994 0.4541015625 0.4214390625 0.4921875
29 0.3798328125 0.4951171875 0.39794375 0.53125 0.41703437499999996 0.5244140625 0.42045937499999997 0.5009765625 0.41605468749999996 0.4677734375 0.4150765625 0.421875 0.412628125 0.3681640625 0.40969218749999997 0.3154296875 0.3901125 0.33203125 0.384728125 0.3818359375 0.389134375 0.4111328125 0.3808125 0.4580078125 0.3798328125 0.4951171875
23 0.378365625 0.330078125 0.3666171875 0.3193359375 0.358296875 0.37890625 0.359275 0.4033203125 0.3548703125 0.447265625 0.369065625 0.4560546875 0.38277031250000004 0.4541015625 0.38277031250000004 0.419921875 0.378365625 0.3876953125 0.378365625 0.3623046875 0.378365625 0.330078125
24 0.322565625 0.443359375 0.32060625 0.4755859375 0.3294171875 0.5009765625 0.3441015625 0.4970703125 0.35585 0.4755859375 0.353890625 0.4306640625 0.34850781249999996 0.3837890625 0.34508125 0.349609375 0.33773906249999996 0.3173828125 0.3333328125 0.2919921875 0.32501250000000004 0.3154296875 0.32697031249999997 0.3388671875 0.32501250000000004 0.37109375 0.3240328125 0.392578125 0.322565625 0.443359375
25 0.3044546875 0.330078125 0.287321875 0.3193359375 0.27704375 0.3837890625 0.280959375 0.4267578125 0.3186484375 0.4384765625 0.3132640625 0.39453125 0.308859375 0.3603515625 0.3044546875 0.330078125
26 0.24865468750000003 0.4541015625 0.2765546875 0.458984375 0.27459687499999996 0.4267578125 0.273128125 0.384765625 0.266275 0.349609375 0.26480625 0.3134765625 0.260890625 0.263671875 0.2403328125 0.2919921875 0.24131249999999999 0.328125 0.24131249999999999 0.3583984375 0.232990625 0.3876953125 0.22858593749999997 0.416015625 0.23397031250000003 0.4501953125 0.24865468750000003 0.4541015625
27 0.194321875 0.419921875 0.21683750000000002 0.4267578125 0.22858593749999997 0.392578125 0.22858593749999997 0.3369140625 0.226628125 0.2900390625 0.222221875 0.2451171875 0.21047500000000002 0.265625 0.1962796875 0.3173828125 0.19334374999999998 0.35546875 0.1845328125 0.392578125 0.194321875 0.419921875
27 0.183553125 0.3818359375 0.2006859375 0.419921875 0.22320156249999998 0.421875 0.23054375 0.365234375 0.22858593749999997 0.357421875 0.2364171875 0.3330078125 0.2153703125 0.234375 0.2006859375 0.2685546875 0.1962796875 0.306640625 0.18795937499999998 0.3447265625 0.183553125 0.3818359375
28 0.26921249999999997 0.4755859375 0.2540375 0.4560546875 0.239353125 0.4482421875 0.22320156249999998 0.462890625 0.2163484375 0.4990234375 0.21145312500000002 0.5419921875 0.21243281249999998 0.58203125 0.21585937500000002 0.6103515625 0.226628125 0.623046875 0.2447375 0.599609375 0.250121875 0.5693359375 0.2574640625 0.5439453125 0.26823281250000003 0.513671875 0.26921249999999997 0.4755859375
0 0.25550625 0.6484375 0.265296875 0.6318359375 0.270190625 0.6123046875 0.2775328125 0.5927734375 0.28144843750000004 0.5634765625 0.28634375 0.56640625 0.28634375 0.576171875 0.2858546875 0.5859375 0.278021875 0.6005859375 0.283896875 0.6005859375 0.2829171875 0.6123046875 0.279490625 0.6171875 0.27704375 0.6259765625 0.2750859375 0.6337890625 0.2721484375 0.640625 0.268721875 0.646484375 0.26725468750000003 0.6533203125 0.26725468750000003 0.6630859375 0.2736171875 0.666015625 0.29270625 0.6318359375 0.3069015625 0.58203125 0.32697031249999997 0.548828125 0.3230546875 0.515625 0.30788125 0.4990234375 0.28879062499999997 0.48828125 0.2736171875 0.5078125 0.26823281250000003 0.552734375 0.25844374999999997 0.5947265625 0.2549796875 0.605784375 0.25844374999999997 0.6396484375 0.251925 0.6466515625 0.25550625 0.6484375
1 0.33773906249999996 0.6572265625 0.3333328125 0.6806640625 0.331865625 0.7177734375 0.3387171875 0.7275390625 0.34850781249999996 0.7001953125 0.35535937500000003 0.666015625 0.36172343749999997 0.6259765625 0.366128125 0.595703125 0.37591718749999997 0.572265625 0.37934375 0.541015625 0.3695546875 0.5322265625 0.35731718749999997 0.521484375 0.34312343749999996 0.5146484375 0.328928125 0.5263671875 0.3255015625 0.578125 0.316690625 0.6064453125 0.31130625 0.6376953125 0.303475 0.6572265625 0.29955937499999996 0.6875 0.308859375 0.6748046875 0.3191390625 0.65234375 0.328928125 0.62890625 0.34116562500000003 0.6259765625 0.33773906249999996 0.6572265625
3 0.366128125 0.681640625 0.359765625 0.7099609375 0.36808593749999996 0.724609375 0.37591718749999997 0.7001953125 0.384728125 0.6630859375 0.392559375 0.64453125 0.40235000000000004 0.615234375 0.41018125000000005 0.595703125 0.4175234375 0.5712890625 0.4175234375 0.5458984375 0.38375 0.5439453125 0.376896875 0.58984375 0.373959375 0.6220703125 0.3695546875 0.6435546875 0.366128125 0.681640625
4 0.4429765625 0.6220703125 0.44738125 0.595703125 0.44395468749999994 0.5810546875 0.434165625 0.5712890625 0.426334375 0.556640625 0.415565625 0.5673828125 0.414096875 0.6005859375 0.411159375 0.62890625 0.40871250000000003 0.65234375 0.39990156250000003 0.6767578125 0.39549687499999997 0.6962890625 0.3857078125 0.720703125 0.3857078125 0.74609375 0.396475 0.7490234375 0.40528593749999997 0.71875 0.415565625 0.6923828125 0.42535468749999994 0.6611328125 0.4429765625 0.6220703125
6 0.469896875 0.6875 0.4831125 0.685546875 0.47675 0.654296875 0.4757703125 0.6259765625 0.4816453125 0.5986328125 0.48017656249999996 0.564453125 0.45325468750000003 0.5625 0.4508078125 0.5771484375 0.45031875 0.6025390625 0.45815 0.626953125 0.45815 0.6572265625 0.46108593750000004 0.685546875 0.469896875 0.6875
7 0.510034375 0.5654296875 0.49486093750000004 0.5595703125 0.487028125 0.5595703125 0.4855609375 0.6005859375 0.4855609375 0.6376953125 0.4855609375 0.669921875 0.4855609375 0.6923828125 0.4933921875 0.68359375 0.4973078125 0.66796875 0.5007343750000001 0.64453125 0.5075875 0.6044921875 0.510034375 0.5654296875
8 0.508565625 0.6904296875 0.5115031250000001 0.720703125 0.52178125 0.708984375 0.5296140625 0.662109375 0.5345078125 0.61328125 0.539403125 0.59375 0.5359765624999999 0.556640625 0.52471875 0.5576171875 0.5163968750000001 0.5634765625 0.5163968750000001 0.6044921875 0.51395 0.6376953125 0.5075875 0.66796875 0.508565625 0.6904296875
9 0.5374453124999999 0.7080078125 0.5467453124999999 0.6943359375 0.55555625 0.646484375 0.5624078124999999 0.615234375 0.5721984375 0.572265625 0.567303125 0.552734375 0.5487031250000001 0.5546875 0.5413609375 0.572265625 0.5379343750000001 0.6064453125 0.5335296875 0.6259765625 0.531571875 0.6484375 0.5291234375 0.6865234375 0.531571875 0.7060546875 0.5374453124999999 0.7080078125
11 0.56975 0.5986328125 0.5741562499999999 0.625 0.5849234375 0.681640625 0.5903078125000001 0.70703125 0.593734375 0.7314453125 0.60695 0.73828125 0.6040140625 0.6083984375 0.604503125 0.56640625 0.5878609375 0.5556640625 0.5756234375 0.5634765625 0.56975 0.5986328125
12 0.62701875 0.720703125 0.636809375 0.7177734375 0.63631875 0.681640625 0.63631875 0.64453125 0.63631875 0.6064453125 0.636809375 0.57421875 0.63631875 0.546875 0.61625 0.5400390625 0.59765 0.5380859375 0.593734375 0.56640625 0.6079296875 0.615234375 0.613803125 0.6591796875 0.61771875 0.689453125 0.62701875 0.720703125
15 0.7146359375 0.671875 0.7371515625 0.685546875 0.7503671875 0.6806640625 0.7581984375 0.666015625 0.754771875 0.6435546875 0.7474296875 0.6181640625 0.7395984375 0.5869140625 0.7371515625 0.5625 0.7386203124999999 0.53515625 0.7239359375000001 0.5126953125 0.70435625 0.5146484375 0.688203125 0.5263671875 0.677434375 0.560546875 0.6823296875 0.5849609375 0.6901609375 0.5986328125 0.6955453125 0.6220703125 0.7023984375000001 0.6416015625 0.7146359375 0.671875
16 0.7493875 0.5126953125 0.7474296875 0.53515625 0.74155625 0.5625 0.7459625 0.5869140625 0.7635828124999999 0.6025390625 0.7900140625 0.6025390625 0.8076359375 0.6044921875 0.827215625 0.595703125 0.836025 0.5849609375 0.8438578124999999 0.5625 0.8262359375000001 0.54296875 0.8022515625000001 0.5146484375 0.7890359375 0.5068359375 0.7743515624999999 0.484375 0.7572203125 0.4931640625 0.7493875 0.5126953125