31 0.240234375 0.737384375 0.208984375 0.7329734375 0.1787109375 0.734934375 0.185546875 0.7466921875 0.2041015625 0.7584515625 0.236328125 0.7682515624999999 0.25390625 0.7809890625 0.2705078125 0.796178125 0.2939453125 0.8025484374999999 0.3173828125 0.79911875 0.3349609375 0.7888296875 0.349609375 0.773640625 0.345703125 0.7599218750000001 0.322265625 0.7530625 0.2900390625 0.7491421875000001 0.2685546875 0.743753125 0.240234375 0.737384375
2 0.4267578125 0.718765625 0.396484375 0.71680625 0.3583984375 0.71680625 0.322265625 0.711415625 0.27734375 0.711415625 0.240234375 0.7158249999999999 0.21484375 0.7285640625 0.2470703125 0.7339546875 0.27734375 0.73934375 0.2978515625 0.743753125 0.328125 0.7501218749999999 0.3583984375 0.757471875 0.3837890625 0.7672703125 0.4033203125 0.766290625 0.4267578125 0.7584515625 0.4375 0.7457125 0.443359375 0.730525 0.4267578125 0.718765625
13 0.462890625 0.67711875 0.419921875 0.6687890624999999 0.3876953125 0.667809375 0.3349609375 0.665359375 0.2880859375 0.6687890624999999 0.25390625 0.65703125 0.2236328125 0.6599703124999999 0.23046875 0.6859375 0.2509765625 0.7050468750000001 0.2900390625 0.7050468750000001 0.3193359375 0.7050468750000001 0.3603515625 0.7060265625000001 0.4033203125 0.7104359375 0.447265625 0.7148453124999999 0.466796875 0.697696875 0.462890625 0.67711875
17 0.419921875 0.6300828125 0.3857421875 0.6310625 0.353515625 0.6310625 0.2880859375 0.6281234375 0.2685546875 0.6281234375 0.2490234375 0.6354734375 0.263671875 0.6491921875 0.28515625 0.6506609375 0.3349609375 0.6506609375 0.375 0.65703125 0.4130859375 0.6599703124999999 0.4453125 0.6609499999999999 0.466796875 0.652621875 0.4541015625 0.6344921875 0.419921875 0.6300828125
18 0.4921875 0.6408625 0.5029296875 0.6300828125 0.486328125 0.612934375 0.4580078125 0.60460625 0.419921875 0.6031359375 0.376953125 0.6011765625 0.328125 0.597746875 0.2666015625 0.599215625 0.2275390625 0.5938265625 0.216796875 0.6031359375 0.216796875 0.6173437500000001 0.255859375 0.6237140625 0.2900390625 0.6246937499999999 0.328125 0.6246937499999999 0.3623046875 0.6300828125 0.392578125 0.6300828125 0.419921875 0.6300828125 0.4609375 0.6408625 0.4921875 0.6408625
19 0.28125 0.592846875 0.3193359375 0.59480625 0.3583984375 0.597746875 0.400390625 0.6011765625 0.443359375 0.6011765625 0.48828125 0.6075453125 0.515625 0.6011765625 0.5185546875 0.5884375000000001 0.5048828125 0.5776578125 0.4775390625 0.5712890625 0.4375 0.5712890625 0.400390625 0.5712890625 0.3623046875 0.5712890625 0.3154296875 0.570309375 0.279296875 0.5732484375 0.2490234375 0.5884375000000001 0.28125 0.592846875
20 0.443359375 0.5360125 0.4111328125 0.5350312500000001 0.349609375 0.5360125 0.3154296875 0.5350312500000001 0.3134765625 0.5467906250000001 0.353515625 0.55855 0.392578125 0.5595296875 0.423828125 0.56491875 0.46484375 0.56491875 0.5048828125 0.5712890625 0.5244140625 0.5595296875 0.5263671875 0.544340625 0.5009765625 0.537971875 0.4814453125 0.537971875 0.443359375 0.5360125
21 0.330078125 0.501715625 0.2958984375 0.501715625 0.259765625 0.51004375 0.2978515625 0.5198437499999999 0.34765625 0.5369921875 0.39453125 0.5369921875 0.447265625 0.5369921875 0.490234375 0.5369921875 0.533203125 0.5360125 0.533203125 0.5110234375 0.515625 0.498284375 0.4736328125 0.496325 0.4287109375 0.49730468749999995 0.3837890625 0.5007343750000001 0.330078125 0.501715625
22 0.302734375 0.4772171875 0.328125 0.48113593750000005 0.35546875 0.484565625 0.4033203125 0.48750625000000003 0.447265625 0.49387499999999995 0.486328125 0.4953453125 0.521484375 0.48750625000000003 0.5205078125 0.47819687499999997 0.529296875 0.4639875 0.5029296875 0.45565937500000003 0.46875 0.45565937500000003 0.4287109375 0.45859843749999996 0.3857421875 0.45565937500000003 0.3427734375 0.4546796875 0.2724609375 0.44782031250000004 0.263671875 0.4639875 0.2724609375 0.4728078125 0.302734375 0.4772171875
30 0.41796875 0.425771875 0.376953125 0.42675156249999996 0.330078125 0.42773125 0.28515625 0.43116093749999995 0.2978515625 0.44292031249999997 0.3193359375 0.44782031250000004 0.349609375 0.44782031250000004 0.39453125 0.4448796875 0.443359375 0.45026875000000005 0.4814453125 0.45222968750000003 0.515625 0.4492890625 0.5205078125 0.43753125 0.5009765625 0.42332187499999996 0.4580078125 0.42234218749999997 0.41796875 0.425771875
29 0.439453125 0.389025 0.392578125 0.391475 0.349609375 0.3944140625 0.2919921875 0.39784375 0.2490234375 0.39882343750000004 0.232421875 0.41156249999999994 0.263671875 0.41499218750000005 0.30859375 0.41499218750000005 0.353515625 0.41499218750000005 0.3984375 0.41695312500000004 0.4345703125 0.41695312500000004 0.4736328125 0.41499218750000005 0.5078125 0.403234375 0.51171875 0.38510468750000004 0.4775390625 0.38265625000000003 0.439453125 0.389025
23 0.48828125 0.3718765625 0.4970703125 0.35276874999999996 0.4453125 0.3537484375 0.4033203125 0.3591375 0.34765625 0.361096875 0.306640625 0.3645265625 0.2509765625 0.363546875 0.2451171875 0.373346875 0.302734375 0.379715625 0.3603515625 0.379715625 0.4267578125 0.381675 0.4560546875 0.381675 0.48828125 0.3718765625
24 0.259765625 0.3581578125 0.3154296875 0.3601171875 0.3623046875 0.3591375 0.423828125 0.3601171875 0.4501953125 0.3493390625 0.4609375 0.3375796875 0.4306640625 0.333659375 0.373046875 0.332190625 0.32421875 0.333659375 0.2568359375 0.3268 0.259765625 0.3581578125
25 0.4375 0.33464062499999997 0.470703125 0.33022968750000004 0.4990234375 0.3238609375 0.4970703125 0.30867187500000004 0.4921875 0.2939734375 0.462890625 0.284175 0.4345703125 0.2895640625 0.3818359375 0.2915234375 0.35546875 0.2939734375 0.32421875 0.2959328125 0.2412109375 0.2920140625 0.259765625 0.319940625 0.3046875 0.32925 0.326171875 0.33022968750000004 0.376953125 0.33022968750000004 0.4033203125 0.33121093749999997 0.4375 0.33464062499999997
26 0.263671875 0.2660453125 0.2275390625 0.2758453125 0.2470703125 0.286134375 0.2958984375 0.2851546875 0.34765625 0.2851546875 0.39453125 0.284175 0.4345703125 0.284175 0.4755859375 0.274375 0.43226250000000005 0.2391625 0.3896484375 0.24693749999999998 0.2958984375 0.258696875 0.263671875 0.2660453125
27 0.4091796875 0.236159375 0.4375 0.22537968749999998 0.4267578125 0.20921093750000003 0.3818359375 0.20088124999999998 0.34765625 0.20823125 0.328125 0.2234203125 0.302734375 0.22831875 0.2705078125 0.2317484375 0.23828125 0.2371390625 0.240234375 0.2523265625 0.2880859375 0.2542875 0.3369140625 0.249878125 0.3857421875 0.2435078125 0.4091796875 0.236159375
0 0.6630859375 0.2572265625 0.6953125 0.240078125 0.669921875 0.24252812499999998 0.6376953125 0.24889687500000002 0.6142578125 0.249878125 0.6337890625 0.2371390625 0.6591796875 0.22733906250000002 0.6806640625 0.2165609375 0.6591796875 0.21362031250000002 0.6357421875 0.22440000000000002 0.603515625 0.23370937500000002 0.5732421875 0.2435078125 0.53515625 0.24889687500000002 0.4921875 0.2572265625 0.5029296875 0.27339531250000004 0.5078125 0.286134375 0.5205078125 0.3013234375 0.55859375 0.2959328125 0.6015625 0.2822140625 0.6357421875 0.26800625 0.6630859375 0.2572265625
3 0.6845703125 0.3542375 0.7080078125 0.349828125 0.7333984375 0.3419890625 0.7568359375 0.3366 0.783203125 0.33022968750000004 0.7529296875 0.327290625 0.71484375 0.333659375 0.677734375 0.3356203125 0.6376953125 0.33904999999999996 0.599609375 0.33904999999999996 0.5654296875 0.3375796875 0.5439453125 0.3463984375 0.5498046875 0.363546875 0.5673828125 0.373346875 0.607421875 0.3625671875 0.6455078125 0.3591375 0.6845703125 0.3542375
4 0.7529296875 0.36648749999999997 0.7119140625 0.363546875 0.6650390625 0.370896875 0.6376953125 0.370896875 0.5966796875 0.370896875 0.55859375 0.370896875 0.552734375 0.38265625000000003 0.556640625 0.3924546875 0.5908203125 0.40519375 0.650390625 0.389025 0.693359375 0.38363593749999997 0.7421875 0.3762859375 0.7529296875 0.36648749999999997
5 0.71484375 0.42332187499999996 0.740234375 0.41891249999999997 0.763671875 0.41695312500000004 0.783203125 0.409603125 0.7548828125 0.402253125 0.71484375 0.40519375 0.677734375 0.40715312499999995 0.646484375 0.40519375 0.6142578125 0.403234375 0.580078125 0.403234375 0.5625 0.41058281250000006 0.5673828125 0.42136250000000003 0.583984375 0.4287109375 0.625 0.4287109375 0.673828125 0.4243015625 0.71484375 0.42332187499999996
5 0.7099609375 0.4492890625 0.7421875 0.4439 0.763671875 0.43508125 0.7294921875 0.43116093749999995 0.6953125 0.4331203125 0.66796875 0.4331203125 0.625 0.4360609375 0.583984375 0.43508125 0.55859375 0.4331203125 0.556640625 0.4448796875 0.5625 0.4566390625 0.5908203125 0.4610484375 0.6357421875 0.45565937500000003 0.67578125 0.45320937499999997 0.7099609375 0.4492890625
6 0.72265625 0.4546796875 0.69140625 0.45761874999999996 0.650390625 0.45859843749999996 0.6123046875 0.46006875 0.576171875 0.4630078125 0.5693359375 0.47819687499999997 0.599609375 0.4821171875 0.646484375 0.4791765625 0.6845703125 0.4747671875 0.716796875 0.469378125 0.7509765625 0.46202812499999996 0.72265625 0.4546796875
7 0.673828125 0.48015625 0.6357421875 0.484565625 0.603515625 0.484565625 0.5712890625 0.48652656250000004 0.55859375 0.49926562499999994 0.5712890625 0.514453125 0.6123046875 0.503675 0.6484375 0.49730468749999995 0.69140625 0.49387499999999995 0.7275390625 0.491915625 0.716796875 0.48113593750000005 0.673828125 0.48015625
8 0.576171875 0.51249375 0.5546875 0.530621875 0.58203125 0.5360125 0.6357421875 0.537971875 0.677734375 0.5335625 0.7099609375 0.5227828125 0.7041015625 0.5090640625 0.6611328125 0.5071046875 0.6123046875 0.506125 0.576171875 0.51249375
9 0.6806640625 0.53993125 0.6357421875 0.54238125 0.6015625 0.53993125 0.5654296875 0.53993125 0.5419921875 0.5541406249999999 0.5673828125 0.5658984375 0.607421875 0.567859375 0.6806640625 0.5639390625 0.7333984375 0.5614890625 0.7421875 0.5414015625 0.720703125 0.5414015625 0.6806640625 0.53993125
10 0.7021484375 0.597746875 0.7314453125 0.599215625 0.7568359375 0.59480625 0.7333984375 0.5820671875000001 0.69140625 0.5756984375 0.65234375 0.574228125 0.62890625 0.574228125 0.5947265625 0.5712890625 0.560546875 0.57226875 0.5498046875 0.5820671875000001 0.5478515625 0.59480625 0.583984375 0.6031359375 0.62890625 0.6001953125 0.669921875 0.6001953125 0.7021484375 0.597746875
11 0.671875 0.6462515625 0.7080078125 0.6491921875 0.736328125 0.6482109375 0.7255859375 0.6300828125 0.6865234375 0.6281234375 0.65234375 0.6193046875 0.6123046875 0.6099953124999999 0.578125 0.6075453125 0.544921875 0.597746875 0.51953125 0.6070546875 0.533203125 0.6300828125 0.5458984375 0.6408625 0.5966796875 0.642821875 0.6416015625 0.6462515625 0.671875 0.6462515625
12 0.67578125 0.7177859375 0.646484375 0.7040671875 0.6162109375 0.6898578125 0.60546875 0.6761390625 0.6484375 0.6761390625 0.6826171875 0.68691875 0.7041015625 0.6942671875 0.7080078125 0.6825078125 0.673828125 0.6599703124999999 0.6357421875 0.6560515625 0.5947265625 0.64723125 0.556640625 0.6438015625 0.5185546875 0.6374328125 0.5029296875 0.6536015625 0.509765625 0.6795687499999999 0.5185546875 0.6923078125 0.576171875 0.6986765625 0.626953125 0.71680625 0.650390625 0.727584375 0.67578125 0.7177859375
14 0.6484375 0.7756000000000001 0.646484375 0.7555125 0.60546875 0.7447328125 0.599609375 0.7329734375 0.64453125 0.7403234375000001 0.677734375 0.7403234375000001 0.64453125 0.7221953125 0.5947265625 0.7123953125 0.5693359375 0.7060265625000001 0.5419921875 0.6986765625 0.48828125 0.68446875 0.486328125 0.70945625 0.466796875 0.7270953125 0.4814453125 0.7457125 0.5244140625 0.7457125 0.578125 0.7520828125000001 0.6162109375 0.764821875 0.6484375 0.7756000000000001
15 0.5966796875 0.77805 0.5673828125 0.766290625 0.529296875 0.7599218750000001 0.5078125 0.746203125 0.4697265625 0.7476734375 0.462890625 0.76188125 0.443359375 0.7751109375 0.4541015625 0.7888296875 0.4609375 0.8089171875 0.4990234375 0.819696875 0.556640625 0.8089171875 0.5869140625 0.79176875 0.5966796875 0.77805