31 0.8212890625 0.26506562499999997 0.814453125 0.2533078125 0.7958984375 0.24154843750000002 0.763671875 0.2317484375 0.74609375 0.2190109375 0.7294921875 0.20382187499999999 0.7060546875 0.1974515625 0.6826171875 0.20088124999999998 0.6650390625 0.2111703125 0.650390625 0.226359375 0.654296875 0.240078125 0.677734375 0.24693749999999998 0.7099609375 0.2508578125 0.7314453125 0.256246875 0.759765625 0.262615625 0.791015625 0.2670265625 0.8212890625 0.26506562499999997
2 0.6416015625 0.28319375 0.677734375 0.288584375 0.72265625 0.288584375 0.759765625 0.284175 0.78515625 0.2714359375 0.7529296875 0.2660453125 0.72265625 0.26065625 0.7021484375 0.256246875 0.671875 0.249878125 0.6416015625 0.24252812499999998 0.6162109375 0.2327296875 0.5966796875 0.23370937500000002 0.5732421875 0.24154843750000002 0.5625 0.2542875 0.556640625 0.269475 0.5732421875 0.28123437500000004 0.603515625 0.28319375 0.6416015625 0.28319375
13 0.6123046875 0.332190625 0.6650390625 0.33464062499999997 0.7119140625 0.33121093749999997 0.74609375 0.34296875 0.7763671875 0.3400296875 0.76953125 0.3140625 0.7490234375 0.29495312500000004 0.7099609375 0.29495312500000004 0.6806640625 0.29495312500000004 0.6396484375 0.2939734375 0.5966796875 0.2895640625 0.552734375 0.2851546875 0.533203125 0.302303125 0.537109375 0.32288125 0.580078125 0.33121093749999997 0.6123046875 0.332190625
17 0.646484375 0.36893750000000003 0.7119140625 0.3718765625 0.7314453125 0.3718765625 0.7509765625 0.3645265625 0.736328125 0.3508078125 0.71484375 0.3493390625 0.6650390625 0.3493390625 0.625 0.34296875 0.5869140625 0.3400296875 0.5546875 0.33904999999999996 0.533203125 0.347378125 0.5458984375 0.36550781250000003 0.580078125 0.3699171875 0.6142578125 0.36893750000000003 0.646484375 0.36893750000000003
18 0.513671875 0.387065625 0.5419921875 0.39539375 0.580078125 0.3968640625 0.623046875 0.39882343750000004 0.671875 0.402253125 0.7333984375 0.400784375 0.7724609375 0.4061734375 0.783203125 0.3968640625 0.783203125 0.38265625000000003 0.744140625 0.3762859375 0.7099609375 0.37530625 0.671875 0.37530625 0.6376953125 0.3699171875 0.607421875 0.3699171875 0.580078125 0.3699171875 0.5390625 0.3591375 0.5078125 0.3591375 0.4970703125 0.3699171875 0.513671875 0.387065625
19 0.6416015625 0.402253125 0.599609375 0.39882343750000004 0.556640625 0.39882343750000004 0.51171875 0.3924546875 0.484375 0.39882343750000004 0.4814453125 0.41156249999999994 0.4951171875 0.42234218749999997 0.5224609375 0.4287109375 0.5625 0.4287109375 0.599609375 0.4287109375 0.6376953125 0.4287109375 0.6845703125 0.429690625 0.720703125 0.42675156249999996 0.7509765625 0.41156249999999994 0.71875 0.40715312499999995 0.6806640625 0.40519375 0.6416015625 0.402253125
20 0.650390625 0.4639875 0.6845703125 0.46496875 0.6865234375 0.45320937499999997 0.646484375 0.44145 0.607421875 0.4404703125 0.576171875 0.43508125 0.53515625 0.43508125 0.4951171875 0.4287109375 0.4755859375 0.4404703125 0.4736328125 0.45565937500000003 0.4990234375 0.46202812499999996 0.5185546875 0.46202812499999996 0.556640625 0.4639875 0.5888671875 0.46496875 0.650390625 0.4639875
21 0.740234375 0.48995625 0.7021484375 0.48015625 0.65234375 0.4630078125 0.60546875 0.4630078125 0.552734375 0.4630078125 0.509765625 0.4630078125 0.466796875 0.4639875 0.466796875 0.4889765625 0.484375 0.501715625 0.5263671875 0.503675 0.5712890625 0.5026953125 0.6162109375 0.49926562499999994 0.669921875 0.498284375 0.7041015625 0.498284375 0.740234375 0.48995625
22 0.64453125 0.515434375 0.5966796875 0.51249375 0.552734375 0.506125 0.513671875 0.5046546875 0.478515625 0.51249375 0.4794921875 0.521803125 0.470703125 0.5360125 0.4970703125 0.544340625 0.53125 0.544340625 0.5712890625 0.5414015625 0.6142578125 0.544340625 0.6572265625 0.5453203125 0.7275390625 0.5521796875 0.736328125 0.5360125 0.7275390625 0.5271921875000001 0.697265625 0.5227828125 0.671875 0.5188640625 0.64453125 0.515434375
30 0.669921875 0.57226875 0.71484375 0.5688390625 0.7021484375 0.5570796875 0.6806640625 0.5521796875 0.650390625 0.5521796875 0.60546875 0.5551203124999999 0.556640625 0.54973125 0.5185546875 0.5477703125 0.484375 0.5507109375 0.4794921875 0.5624687500000001 0.4990234375 0.576678125 0.5419921875 0.5776578125 0.58203125 0.574228125 0.623046875 0.5732484375 0.669921875 0.57226875
29 0.650390625 0.6055859375 0.7080078125 0.60215625 0.7509765625 0.6011765625 0.767578125 0.5884375000000001 0.736328125 0.5850078125 0.69140625 0.5850078125 0.646484375 0.5850078125 0.6015625 0.583046875 0.5654296875 0.583046875 0.5263671875 0.5850078125 0.4921875 0.596765625 0.48828125 0.6148953125000001 0.5224609375 0.6173437500000001 0.560546875 0.610975 0.607421875 0.608525 0.650390625 0.6055859375
23 0.5546875 0.6462515625 0.5966796875 0.6408625 0.65234375 0.638903125 0.693359375 0.6354734375 0.7490234375 0.636453125 0.7548828125 0.626653125 0.697265625 0.620284375 0.6396484375 0.620284375 0.5732421875 0.618325 0.5439453125 0.618325 0.51171875 0.6281234375 0.5029296875 0.64723125 0.5546875 0.6462515625
24 0.6376953125 0.6408625 0.576171875 0.6398828125 0.5498046875 0.6506609375 0.5390625 0.6624203125 0.5693359375 0.666340625 0.626953125 0.667809375 0.67578125 0.666340625 0.7431640625 0.6732 0.740234375 0.6418421875 0.6845703125 0.6398828125 0.6376953125 0.6408625
25 0.5009765625 0.6761390625 0.5029296875 0.691328125 0.5078125 0.7060265625000001 0.537109375 0.7158249999999999 0.5654296875 0.7104359375 0.6181640625 0.7084765625 0.64453125 0.7060265625000001 0.67578125 0.7040671875 0.7587890625 0.7079859374999999 0.740234375 0.680059375 0.6953125 0.67075 0.673828125 0.6697703125000001 0.623046875 0.6697703125000001 0.5966796875 0.6687890624999999 0.5625 0.665359375 0.529296875 0.6697703125000001 0.5009765625 0.6761390625
26 0.7529296875 0.7138656250000001 0.7041015625 0.7148453124999999 0.65234375 0.7148453124999999 0.60546875 0.7158249999999999 0.5654296875 0.7158249999999999 0.5244140625 0.725625 0.5677375 0.7608374999999999 0.6103515625 0.7530625 0.7041015625 0.7413031250000001 0.736328125 0.7339546875 0.7724609375 0.7241546875 0.7529296875 0.7138656250000001
27 0.5732421875 0.7907890625 0.6181640625 0.79911875 0.65234375 0.79176875 0.671875 0.7765796875000001 0.697265625 0.77168125 0.7294921875 0.7682515624999999 0.76171875 0.7628609375 0.759765625 0.7476734375 0.7119140625 0.7457125 0.6630859375 0.7501218749999999 0.6142578125 0.7564921874999999 0.5908203125 0.763840625 0.5625 0.7746203125 0.5732421875 0.7907890625
0 0.330078125 0.757471875 0.3623046875 0.751103125 0.3857421875 0.7501218749999999 0.3662109375 0.7628609375 0.3408203125 0.7726609375 0.3193359375 0.7834390625000001 0.3408203125 0.7863796875 0.3642578125 0.7756000000000001 0.396484375 0.766290625 0.4267578125 0.7564921874999999 0.46484375 0.751103125 0.5078125 0.7427734375 0.4970703125 0.7266046875 0.4921875 0.7138656250000001 0.4794921875 0.6986765625 0.44140625 0.7040671875 0.3984375 0.7177859375 0.3642578125 0.73199375 0.3369140625 0.7427734375 0.3046875 0.7599218750000001 0.330078125 0.757471875
3 0.2666015625 0.6580109375000001 0.2431640625 0.6634 0.216796875 0.6697703125000001 0.2470703125 0.6727093749999999 0.28515625 0.666340625 0.322265625 0.6643796875 0.3623046875 0.6609499999999999 0.400390625 0.6609499999999999 0.4345703125 0.6624203125 0.4560546875 0.6536015625 0.4501953125 0.636453125 0.4326171875 0.626653125 0.392578125 0.6374328125 0.3544921875 0.6408625 0.3154296875 0.6457625 0.2919921875 0.6501718750000001 0.2666015625 0.6580109375000001
4 0.3349609375 0.629103125 0.3623046875 0.629103125 0.4033203125 0.629103125 0.44140625 0.629103125 0.447265625 0.6173437500000001 0.443359375 0.6075453125 0.4091796875 0.59480625 0.349609375 0.610975 0.306640625 0.6163640625 0.2578125 0.6237140625 0.2470703125 0.6335124999999999 0.2880859375 0.636453125 0.3349609375 0.629103125
5 0.236328125 0.583046875 0.216796875 0.5903968749999999 0.2451171875 0.597746875 0.28515625 0.59480625 0.322265625 0.592846875 0.353515625 0.59480625 0.3857421875 0.596765625 0.419921875 0.596765625 0.4375 0.5894171874999999 0.4326171875 0.5786374999999999 0.416015625 0.5712890625 0.375 0.5712890625 0.326171875 0.5756984375 0.28515625 0.576678125 0.259765625 0.5810875 0.236328125 0.583046875
5 0.236328125 0.56491875 0.2705078125 0.5688390625 0.3046875 0.5668796875 0.33203125 0.5668796875 0.375 0.5639390625 0.416015625 0.56491875 0.44140625 0.5668796875 0.443359375 0.5551203124999999 0.4375 0.5433609374999999 0.4091796875 0.5389515625 0.3642578125 0.544340625 0.32421875 0.5467906250000001 0.2900390625 0.5507109375 0.2578125 0.5561 0.236328125 0.56491875
6 0.349609375 0.5414015625 0.3876953125 0.53993125 0.423828125 0.5369921875 0.4306640625 0.521803125 0.400390625 0.5178828125 0.353515625 0.5208234375 0.3154296875 0.5252328125 0.283203125 0.530621875 0.2490234375 0.537971875 0.27734375 0.5453203125 0.30859375 0.54238125 0.349609375 0.5414015625
7 0.396484375 0.515434375 0.4287109375 0.5134734375 0.44140625 0.5007343750000001 0.4287109375 0.485546875 0.3876953125 0.496325 0.3515625 0.5026953125 0.30859375 0.506125 0.2724609375 0.5080843749999999 0.283203125 0.5188640625 0.326171875 0.5198437499999999 0.3642578125 0.515434375 0.396484375 0.515434375
8 0.41796875 0.4639875 0.3642578125 0.46202812499999996 0.322265625 0.46643749999999995 0.2900390625 0.4772171875 0.2958984375 0.49093593750000003 0.3388671875 0.49289531249999996 0.3876953125 0.49387499999999995 0.423828125 0.48750625000000003 0.4453125 0.469378125 0.41796875 0.4639875
9 0.3984375 0.46006875 0.4345703125 0.46006875 0.4580078125 0.44585937500000006 0.4326171875 0.4341015625 0.392578125 0.432140625 0.3193359375 0.4360609375 0.2666015625 0.4385109375 0.2578125 0.45859843749999996 0.279296875 0.45859843749999996 0.3193359375 0.46006875 0.3642578125 0.45761874999999996 0.3984375 0.46006875
10 0.2431640625 0.40519375 0.2666015625 0.4179328125 0.30859375 0.4243015625 0.34765625 0.425771875 0.37109375 0.425771875 0.4052734375 0.4287109375 0.439453125 0.42773125 0.4501953125 0.4179328125 0.4521484375 0.40519375 0.416015625 0.3968640625 0.37109375 0.3998046875 0.330078125 0.3998046875 0.2978515625 0.402253125 0.2685546875 0.400784375 0.2431640625 0.40519375
11 0.263671875 0.3517890625 0.2744140625 0.3699171875 0.3134765625 0.3718765625 0.34765625 0.3806953125 0.3876953125 0.3900046875 0.421875 0.3924546875 0.455078125 0.402253125 0.48046875 0.39294531250000003 0.466796875 0.3699171875 0.4541015625 0.3591375 0.4033203125 0.357178125 0.3583984375 0.3537484375 0.328125 0.3537484375 0.2919921875 0.3508078125 0.263671875 0.3517890625
12 0.3837890625 0.3101421875 0.39453125 0.3238609375 0.3515625 0.3238609375 0.3173828125 0.31308125000000003 0.2958984375 0.3057328125 0.2919921875 0.31749218749999997 0.326171875 0.3400296875 0.3642578125 0.34394843750000004 0.4052734375 0.35276874999999996 0.443359375 0.3561984375 0.4814453125 0.3625671875 0.4970703125 0.3463984375 0.490234375 0.32043125 0.4814453125 0.3076921875 0.423828125 0.3013234375 0.373046875 0.28319375 0.349609375 0.272415625 0.32421875 0.2822140625 0.353515625 0.2959328125 0.3837890625 0.3101421875
14 0.39453125 0.2552671875 0.400390625 0.2670265625 0.35546875 0.25967656250000004 0.322265625 0.25967656250000004 0.35546875 0.2778046875 0.4052734375 0.2876046875 0.4306640625 0.2939734375 0.4580078125 0.3013234375 0.51171875 0.31553125 0.513671875 0.29054375 0.533203125 0.27290468749999997 0.5185546875 0.2542875 0.4755859375 0.2542875 0.421875 0.2479171875 0.3837890625 0.23517812500000002 0.3515625 0.22440000000000002 0.353515625 0.24448750000000002 0.39453125 0.2552671875
15 0.470703125 0.240078125 0.4921875 0.25379687500000003 0.5302734375 0.2523265625 0.537109375 0.23811875 0.556640625 0.22488906250000001 0.5458984375 0.2111703125 0.5390625 0.1910828125 0.5009765625 0.180303125 0.443359375 0.1910828125 0.4130859375 0.20823125 0.4033203125 0.22195 0.4326171875 0.23370937500000002 0.470703125 0.240078125