13 0.32288125 0.5146484375 0.3263109375 0.5654296875 0.3370890625 0.58984375 0.38363593749999997 0.56640625 0.38363593749999997 0.533203125 0.377265625 0.482421875 0.36550781250000003 0.4306640625 0.35031875 0.4091796875 0.3400296875 0.427734375 0.332190625 0.4404296875 0.32288125 0.5146484375
19 0.42136250000000003 0.4384765625 0.41499218750000005 0.5126953125 0.409603125 0.5625 0.41891249999999997 0.5888671875 0.4473296875 0.5693359375 0.44880000000000003 0.5078125 0.44880000000000003 0.4638671875 0.44880000000000003 0.443359375 0.44585937500000006 0.42578125 0.4385109375 0.41796875 0.42822187500000003 0.427734375 0.42136250000000003 0.4384765625
20 0.47525781250000004 0.4375 0.470846875 0.4375 0.46251875 0.43359375 0.4546796875 0.4326171875 0.45026875000000005 0.458984375 0.44880000000000003 0.484375 0.44880000000000003 0.53125 0.4448796875 0.5830078125 0.46006875 0.60546875 0.4772171875 0.5908203125 0.4772171875 0.5439453125 0.4772171875 0.4970703125 0.475746875 0.453125 0.47525781250000004 0.4375
21 0.48603593749999996 0.46875 0.480646875 0.5009765625 0.47868750000000004 0.5283203125 0.47427656249999994 0.6083984375 0.5071046875 0.626953125 0.51739375 0.5986328125 0.5134734375 0.5390625 0.5095546875 0.4912109375 0.508575 0.462890625 0.5071046875 0.439453125 0.501225 0.4248046875 0.496325 0.42578125 0.48603593749999996 0.46875
22 0.5208234375 0.5888671875 0.524253125 0.6162109375 0.5369921875 0.6181640625 0.54973125 0.6103515625 0.5575703125 0.611328125 0.5531609375000001 0.5419921875 0.5521796875 0.5009765625 0.551690625 0.4658203125 0.5482609375 0.4462890625 0.54483125 0.4287109375 0.537971875 0.4228515625 0.5296421875 0.4189453125 0.5252328125 0.4453125 0.521803125 0.490234375 0.5208234375 0.5390625 0.5208234375 0.5888671875
30 0.5658984375 0.603515625 0.5810875 0.607421875 0.5918671875 0.583984375 0.583046875 0.5341796875 0.5820671875000001 0.5009765625 0.5786374999999999 0.470703125 0.5756984375 0.4375 0.5732484375 0.400390625 0.5614890625 0.41796875 0.55855 0.4541015625 0.5644296875 0.5126953125 0.5639390625 0.5458984375 0.560509375 0.5693359375 0.5658984375 0.603515625
29 0.597746875 0.5908203125 0.618325 0.599609375 0.6261640625 0.580078125 0.618325 0.5439453125 0.6163640625 0.5078125 0.610975 0.4736328125 0.608525 0.439453125 0.6055859375 0.4111328125 0.597746875 0.3876953125 0.5796171875 0.37109375 0.5845171875 0.419921875 0.5889265625 0.466796875 0.5913765625 0.5009765625 0.5938265625 0.5546875 0.597746875 0.5908203125
24 0.67075 0.373046875 0.6648703125 0.3701171875 0.65703125 0.37109375 0.64968125 0.3828125 0.647721875 0.40625 0.6442921875 0.435546875 0.6335124999999999 0.4755859375 0.6256734374999999 0.51171875 0.620284375 0.5498046875 0.6325328125 0.578125 0.6501718750000001 0.58984375 0.6687890624999999 0.578125 0.6697703125000001 0.5390625 0.6741796875 0.4970703125 0.6732 0.462890625 0.6727093749999999 0.4111328125 0.6727093749999999 0.3916015625 0.67075 0.373046875
4 0.612934375 0.8193359375 0.6193046875 0.7900390625 0.620284375 0.7490234375 0.620284375 0.7119140625 0.6256734374999999 0.6845703125 0.6256734374999999 0.650390625 0.6139140624999999 0.6201171875 0.6001953125 0.6376953125 0.597746875 0.677734375 0.596765625 0.71875 0.596765625 0.76171875 0.60215625 0.8125 0.608525 0.8486328125 0.612934375 0.8193359375
5 0.5639390625 0.787109375 0.567859375 0.833984375 0.5776578125 0.85546875 0.584028125 0.8271484375 0.584028125 0.7958984375 0.584028125 0.76171875 0.583046875 0.72265625 0.5859875 0.6884765625 0.5903968749999999 0.6572265625 0.5820671875000001 0.6337890625 0.5668796875 0.62890625 0.5614890625 0.6572265625 0.5595296875 0.7021484375 0.560509375 0.744140625 0.5639390625 0.787109375
6 0.5414015625 0.806640625 0.5507109375 0.8359375 0.5531609375000001 0.810546875 0.5531609375000001 0.7783203125 0.5521796875 0.744140625 0.5570796875 0.7021484375 0.5595296875 0.673828125 0.55855 0.646484375 0.5433609374999999 0.6416015625 0.5350312500000001 0.6484375 0.5350312500000001 0.6845703125 0.5389515625 0.7255859375 0.5389515625 0.767578125 0.5414015625 0.806640625
8 0.5080843749999999 0.7783203125 0.5080843749999999 0.7255859375 0.5071046875 0.6845703125 0.5071046875 0.646484375 0.49387499999999995 0.6396484375 0.4835859375 0.654296875 0.491915625 0.69921875 0.491915625 0.7333984375 0.49289531249999996 0.7783203125 0.49926562499999994 0.8037109375 0.5090640625 0.8212890625 0.5080843749999999 0.7783203125
9 0.501715625 0.8486328125 0.496325 0.80859375 0.49093593750000003 0.76171875 0.49093593750000003 0.7333984375 0.48995625 0.69921875 0.48652656250000004 0.6611328125 0.47035781249999997 0.6416015625 0.45859843749999996 0.6484375 0.4639875 0.720703125 0.47182812500000004 0.7724609375 0.4772171875 0.8212890625 0.485546875 0.8466796875 0.501715625 0.8486328125
10 0.4747671875 0.837890625 0.47182812500000004 0.791015625 0.46643749999999995 0.7548828125 0.46202812499999996 0.7099609375 0.45859843749999996 0.671875 0.45859843749999996 0.6396484375 0.4448796875 0.650390625 0.43116093749999995 0.6572265625 0.432140625 0.7021484375 0.4385109375 0.7548828125 0.44585937500000006 0.8125 0.46202812499999996 0.8466796875 0.4747671875 0.837890625
11 0.4341015625 0.7744140625 0.4360609375 0.7333984375 0.429690625 0.6845703125 0.42773125 0.65234375 0.42136250000000003 0.625 0.403234375 0.62890625 0.3998046875 0.6845703125 0.403234375 0.7314453125 0.41058281250000006 0.7998046875 0.42234218749999997 0.83203125 0.43116093749999995 0.8037109375 0.4341015625 0.7744140625