2 0.7138656250000001 0.7490234375 0.727584375 0.7568359375 0.7329734375 0.720703125 0.734934375 0.669921875 0.73934375 0.6416015625 0.7520828125000001 0.60546875 0.7545328125 0.5869140625 0.743753125 0.556640625 0.7285640625 0.5478515625 0.7104359375 0.5478515625 0.7006375 0.583984375 0.7040671875 0.6162109375 0.7006375 0.6630859375 0.7016171875 0.6953125 0.7050468750000001 0.71484375 0.7138656250000001 0.7490234375
13 0.6834890625 0.5185546875 0.6727093749999999 0.5078125 0.6599703124999999 0.5078125 0.6452718749999999 0.509765625 0.6418421875 0.529296875 0.6438015625 0.5478515625 0.6438015625 0.578125 0.6462515625 0.6142578125 0.642821875 0.650390625 0.6462515625 0.6953125 0.666340625 0.67578125 0.6717296875 0.6484375 0.681528125 0.6162109375 0.6932875000000001 0.5869140625 0.7016171875 0.556640625 0.6942671875 0.533203125 0.6834890625 0.5185546875
17 0.6310625 0.7041015625 0.636453125 0.669921875 0.6452718749999999 0.62890625 0.642821875 0.5947265625 0.6418421875 0.556640625 0.6438015625 0.515625 0.6452718749999999 0.490234375 0.6281234375 0.48828125 0.6148953125000001 0.48828125 0.60460625 0.5185546875 0.612934375 0.5732421875 0.6163640625 0.6123046875 0.618325 0.650390625 0.620284375 0.6884765625 0.6310625 0.7041015625
18 0.608525 0.513671875 0.6075453125 0.490234375 0.6075453125 0.462890625 0.5874578125000001 0.4609375 0.5776578125 0.5029296875 0.5786374999999999 0.560546875 0.5786374999999999 0.6162109375 0.5796171875 0.65234375 0.5756984375 0.6884765625 0.576678125 0.7255859375 0.5903968749999999 0.7080078125 0.599215625 0.6650390625 0.6055859375 0.6181640625 0.6055859375 0.578125 0.6055859375 0.5458984375 0.608525 0.513671875
20 0.574228125 0.4755859375 0.5668796875 0.4560546875 0.5551203124999999 0.4453125 0.5453203125 0.4541015625 0.54238125 0.48828125 0.53993125 0.5185546875 0.5389515625 0.552734375 0.530621875 0.5927734375 0.528171875 0.623046875 0.5271921875000001 0.6484375 0.5360125 0.677734375 0.544340625 0.6630859375 0.5467906250000001 0.623046875 0.5507109375 0.5927734375 0.5570796875 0.5693359375 0.5668796875 0.533203125 0.5712890625 0.5078125 0.574228125 0.4755859375
21 0.49926562499999994 0.671875 0.514453125 0.6953125 0.5188640625 0.6591796875 0.5252328125 0.607421875 0.5271921875000001 0.5625 0.5350312500000001 0.5029296875 0.5369921875 0.4609375 0.521803125 0.4345703125 0.49730468749999995 0.4326171875 0.4953453125 0.4609375 0.49730468749999995 0.5078125 0.501715625 0.556640625 0.501715625 0.599609375 0.49926562499999994 0.6484375 0.49926562499999994 0.671875
22 0.4821171875 0.6416015625 0.484565625 0.5927734375 0.4889765625 0.53125 0.4889765625 0.4921875 0.491425 0.4326171875 0.47819687499999997 0.4267578125 0.45565937500000003 0.4267578125 0.4439 0.4521484375 0.45222968750000003 0.509765625 0.4610484375 0.552734375 0.4639875 0.5966796875 0.47035781249999997 0.6572265625 0.4791765625 0.67578125 0.4821171875 0.6416015625
30 0.415971875 0.439453125 0.4140125 0.46875 0.415971875 0.5029296875 0.41891249999999997 0.53125 0.42332187499999996 0.5654296875 0.4243015625 0.6123046875 0.43753125 0.646484375 0.4385109375 0.5947265625 0.439490625 0.5458984375 0.439490625 0.5078125 0.4439 0.470703125 0.4360609375 0.443359375 0.425771875 0.4306640625 0.415971875 0.439453125
29 0.3806953125 0.466796875 0.381675 0.4951171875 0.38265625000000003 0.5224609375 0.38363593749999997 0.5654296875 0.3860859375 0.607421875 0.3924546875 0.64453125 0.402253125 0.673828125 0.41058281250000006 0.6611328125 0.4086234375 0.6142578125 0.40715312499999995 0.556640625 0.4061734375 0.515625 0.4086234375 0.486328125 0.3998046875 0.4580078125 0.38804531249999996 0.447265625 0.3806953125 0.466796875
23 0.381675 0.62890625 0.381675 0.6015625 0.384125 0.5634765625 0.379715625 0.5224609375 0.37530625 0.5009765625 0.3625671875 0.486328125 0.347378125 0.4970703125 0.347378125 0.5205078125 0.347378125 0.556640625 0.3561984375 0.5947265625 0.36550781250000003 0.654296875 0.3806953125 0.673828125 0.381675 0.62890625
25 0.332190625 0.693359375 0.347378125 0.6826171875 0.347378125 0.65234375 0.3537484375 0.599609375 0.34835937499999997 0.5625 0.3508078125 0.5263671875 0.3366 0.5224609375 0.3150421875 0.5224609375 0.2983828125 0.53515625 0.29299375 0.5693359375 0.304753125 0.60546875 0.3140625 0.64453125 0.31749218749999997 0.677734375 0.332190625 0.693359375
26 0.263596875 0.7314453125 0.2709453125 0.7275390625 0.2782953125 0.7197265625 0.283684375 0.7060546875 0.29054375 0.69921875 0.2939734375 0.6591796875 0.2959328125 0.6142578125 0.2959328125 0.580078125 0.29495312500000004 0.5439453125 0.27339531250000004 0.5458984375 0.2523265625 0.5546875 0.24154843750000002 0.580078125 0.2435078125 0.607421875 0.2542875 0.6484375 0.2567375 0.671875 0.2533078125 0.6884765625 0.25918593749999996 0.71484375 0.263596875 0.7314453125
28 0.21558125 0.537109375 0.2297890625 0.5498046875 0.23811875 0.529296875 0.2523265625 0.5009765625 0.2508578125 0.4697265625 0.221459375 0.44921875 0.1910828125 0.4501953125 0.17589375000000002 0.4609375 0.1822640625 0.4794921875 0.1974515625 0.4990234375 0.2048015625 0.5224609375 0.21558125 0.537109375
0 0.27339531250000004 0.37109375 0.25967656250000004 0.345703125 0.2435078125 0.3388671875 0.2327296875 0.353515625 0.2371390625 0.3818359375 0.23811875 0.4130859375 0.2435078125 0.4375 0.24889687500000002 0.470703125 0.249878125 0.51171875 0.25820625 0.541015625 0.269965625 0.544921875 0.28123437500000004 0.53515625 0.2983828125 0.5283203125 0.3076921875 0.4921875 0.2959328125 0.4541015625 0.284175 0.4130859375 0.27339531250000004 0.37109375
1 0.32925 0.37109375 0.3219015625 0.33203125 0.3057328125 0.2939453125 0.2895640625 0.2744140625 0.278784375 0.2880859375 0.286134375 0.3154296875 0.29495312500000004 0.3369140625 0.3057328125 0.353515625 0.31308125000000003 0.375 0.3101421875 0.396484375 0.29789374999999996 0.369140625 0.283684375 0.34765625 0.27045625 0.3349609375 0.2660453125 0.34765625 0.27339531250000004 0.369140625 0.284175 0.3984375 0.2915234375 0.4287109375 0.29936250000000003 0.4541015625 0.3032828125 0.4755859375 0.3091625 0.501953125 0.3258203125 0.4970703125 0.3356203125 0.4755859375 0.3463984375 0.4736328125 0.363546875 0.4658203125 0.3537484375 0.4306640625 0.34394843750000004 0.4091796875 0.32925 0.37109375
5 0.42038281250000004 0.4052734375 0.41499218750000005 0.3662109375 0.3998046875 0.3193359375 0.38265625000000003 0.279296875 0.3699171875 0.2509765625 0.3581578125 0.23828125 0.36893750000000003 0.30859375 0.373346875 0.3369140625 0.379715625 0.3662109375 0.387065625 0.4033203125 0.39637500000000003 0.4365234375 0.41156249999999994 0.4306640625 0.42038281250000004 0.4052734375
3 0.32925 0.2978515625 0.33464062499999997 0.326171875 0.34394843750000004 0.369140625 0.3537484375 0.4091796875 0.3561984375 0.4267578125 0.36550781250000003 0.453125 0.3900046875 0.447265625 0.39392499999999997 0.4169921875 0.3762859375 0.375 0.354728125 0.32421875 0.347378125 0.2978515625 0.33464062499999997 0.2705078125 0.324840625 0.2666015625 0.32925 0.2978515625
6 0.4331203125 0.400390625 0.44683906249999994 0.400390625 0.4546796875 0.3837890625 0.439490625 0.3193359375 0.425771875 0.283203125 0.41695312500000004 0.2578125 0.4066640625 0.2705078125 0.41695312500000004 0.3046875 0.41695312500000004 0.3427734375 0.42038281250000004 0.376953125 0.4331203125 0.400390625
7 0.45320937499999997 0.3583984375 0.45859843749999996 0.392578125 0.4791765625 0.400390625 0.47819687499999997 0.3447265625 0.4747671875 0.3134765625 0.47035781249999997 0.28515625 0.4566390625 0.2685546875 0.44585937500000006 0.2705078125 0.4492890625 0.2958984375 0.4492890625 0.3349609375 0.45320937499999997 0.3583984375
8 0.48750625000000003 0.396484375 0.5046546875 0.396484375 0.5164140625 0.3896484375 0.5134734375 0.3408203125 0.51004375 0.30078125 0.51004375 0.2578125 0.498284375 0.259765625 0.484565625 0.28125 0.485546875 0.3193359375 0.48652656250000004 0.3623046875 0.48750625000000003 0.396484375
9 0.5188640625 0.2900390625 0.5198437499999999 0.3173828125 0.5208234375 0.353515625 0.5208234375 0.3798828125 0.5335625 0.4033203125 0.5477703125 0.4033203125 0.5507109375 0.3603515625 0.54973125 0.322265625 0.54875 0.2880859375 0.5433609374999999 0.2578125 0.5325828125000001 0.25390625 0.5188640625 0.2666015625 0.5188640625 0.2900390625
10 0.5903968749999999 0.28125 0.5786374999999999 0.3046875 0.5639390625 0.3408203125 0.5541406249999999 0.3876953125 0.5561 0.416015625 0.570309375 0.419921875 0.5850078125 0.3984375 0.5894171874999999 0.3642578125 0.599215625 0.328125 0.6099953124999999 0.2939453125 0.6193046875 0.2578125 0.6011765625 0.255859375 0.5903968749999999 0.28125
11 0.64723125 0.255859375 0.638903125 0.279296875 0.6281234375 0.30078125 0.6193046875 0.32421875 0.6139140624999999 0.345703125 0.60215625 0.375 0.5938265625 0.396484375 0.5859875 0.423828125 0.599215625 0.4345703125 0.6237140625 0.421875 0.629103125 0.3662109375 0.6398828125 0.330078125 0.642821875 0.3046875 0.6482109375 0.28515625 0.64723125 0.255859375
14 0.71680625 0.3515625 0.7221953125 0.33203125 0.7050468750000001 0.32421875 0.6986765625 0.34765625 0.6898578125 0.375 0.67711875 0.3876953125 0.6834890625 0.35546875 0.6967171875 0.322265625 0.7006375 0.30078125 0.6834890625 0.2958984375 0.6727093749999999 0.3173828125 0.65703125 0.349609375 0.6482109375 0.3837890625 0.6374328125 0.4111328125 0.6256734374999999 0.4345703125 0.610975 0.46484375 0.63204375 0.474609375 0.6462515625 0.4921875 0.6683 0.50390625 0.6810390625 0.4921875 0.6878984375 0.4267578125 0.7040671875 0.392578125 0.71680625 0.3515625
15 0.7520828125000001 0.326171875 0.734934375 0.353515625 0.718765625 0.3857421875 0.7030875 0.421875 0.691328125 0.45703125 0.679078125 0.501953125 0.6986765625 0.5185546875 0.7104359375 0.5185546875 0.7212156249999999 0.53125 0.7359140625 0.51171875 0.7403234375000001 0.46875 0.7447328125 0.4306640625 0.76188125 0.373046875 0.7599218750000001 0.349609375 0.7520828125000001 0.326171875
16 0.8045078125 0.4375 0.8152859375 0.400390625 0.7971578125 0.392578125 0.7790296875 0.4052734375 0.7584515625 0.4306640625 0.7564921874999999 0.4560546875 0.73934375 0.509765625 0.7339546875 0.537109375 0.7466921875 0.5625 0.7599218750000001 0.5693359375 0.7825484375 0.5444859375 0.7873593750000001 0.5029296875 0.7951984375000001 0.462890625 0.8045078125 0.4375