31 0.650390625 0.256215625 0.6748046875 0.256215625 0.6962890625 0.24270312500000002 0.7197265625 0.2275671875 0.7021484375 0.215675 0.6845703125 0.204865625 0.6572265625 0.2135140625 0.640625 0.22216249999999998 0.625 0.2318921875 0.625 0.243784375 0.650390625 0.256215625
2 0.583984375 0.284325 0.61328125 0.2886484375 0.638671875 0.297296875 0.6669921875 0.298378125 0.6923828125 0.29405468749999997 0.6982421875 0.27999999999999997 0.6826171875 0.2670265625 0.6591796875 0.259459375 0.63671875 0.2497296875 0.607421875 0.23945937499999997 0.568359375 0.23513437499999998 0.5439453125 0.240540625 0.5322265625 0.257296875 0.5546875 0.275675 0.583984375 0.284325
13 0.4541015625 0.2908109375 0.4658203125 0.3054046875 0.4990234375 0.315134375 0.5302734375 0.3140546875 0.568359375 0.3129734375 0.599609375 0.3129734375 0.634765625 0.3097296875 0.65234375 0.3021625 0.609375 0.2897296875 0.587890625 0.2854046875 0.564453125 0.28324375 0.5361328125 0.2735140625 0.5029296875 0.264865625 0.4755859375 0.2670265625 0.4580078125 0.275675 0.4541015625 0.2908109375
17 0.5048828125 0.316215625 0.4677734375 0.3129734375 0.4453125 0.3129734375 0.43359375 0.33459531249999996 0.44921875 0.3497296875 0.4638671875 0.3529734375 0.5009765625 0.3529734375 0.55078125 0.355134375 0.58203125 0.355134375 0.615234375 0.355134375 0.63671875 0.344325 0.630859375 0.33351406250000004 0.60546875 0.3302703125 0.580078125 0.3281078125 0.5419921875 0.32054062499999997 0.5048828125 0.316215625
18 0.443359375 0.37405468750000004 0.4833984375 0.383784375 0.5224609375 0.383784375 0.56640625 0.38594531249999997 0.6015625 0.38270312500000003 0.62890625 0.376215625 0.642578125 0.36324375 0.607421875 0.355134375 0.560546875 0.35729687499999996 0.5166015625 0.35729687499999996 0.4794921875 0.35729687499999996 0.4580078125 0.35729687499999996 0.439453125 0.358378125 0.443359375 0.37405468750000004
19 0.443359375 0.384865625 0.435546875 0.4 0.44140625 0.41675625 0.4892578125 0.4118921875 0.5341796875 0.4129734375 0.56640625 0.4129734375 0.6015625 0.40972968749999994 0.6328125 0.4086484375 0.6552734375 0.40324375 0.646484375 0.3945953125 0.59375 0.3913515625 0.5478515625 0.38810781250000004 0.5146484375 0.38594531249999997 0.4697265625 0.38594531249999997 0.443359375 0.384865625
20 0.4501953125 0.43945937500000004 0.4697265625 0.44594531249999997 0.5087890625 0.444865625 0.5458984375 0.443784375 0.587890625 0.442703125 0.630859375 0.43729687500000003 0.61328125 0.42540468750000004 0.57421875 0.42432499999999995 0.5419921875 0.42216250000000005 0.5185546875 0.42000000000000004 0.4873046875 0.41675625 0.44921875 0.42216250000000005 0.4501953125 0.43945937500000004
21 0.419921875 0.45891875000000004 0.41796875 0.47351406249999994 0.45703125 0.4821625 0.4951171875 0.4821625 0.5419921875 0.4821625 0.57421875 0.47729687500000006 0.634765625 0.46540468749999997 0.630859375 0.4524328125 0.59765625 0.4524328125 0.5625 0.4502703125 0.5302734375 0.4502703125 0.4931640625 0.44594531249999997 0.4697265625 0.44594531249999997 0.4296875 0.4491890625 0.419921875 0.45891875000000004
22 0.419921875 0.4821625 0.412109375 0.500540625 0.416015625 0.5135140625 0.439453125 0.51891875 0.4736328125 0.51891875 0.5244140625 0.52 0.560546875 0.51891875 0.60546875 0.5102703125 0.6328125 0.4940546875 0.58203125 0.495134375 0.5458984375 0.495134375 0.5087890625 0.4929734375 0.4716796875 0.4821625 0.419921875 0.4821625
30 0.4755859375 0.52108125 0.431640625 0.5264859375000001 0.421875 0.5378375 0.42578125 0.5518921875 0.439453125 0.5616218749999999 0.4638671875 0.564865625 0.5068359375 0.5508109375 0.5498046875 0.5475671875 0.587890625 0.53675625 0.62890625 0.5291890625 0.650390625 0.5145953125 0.62109375 0.5102703125 0.587890625 0.5145953125 0.5546875 0.5178375 0.5146484375 0.51891875 0.4755859375 0.52108125
29 0.4697265625 0.563784375 0.44921875 0.5702703125 0.447265625 0.58 0.4541015625 0.5891890625 0.4892578125 0.5978375 0.5244140625 0.5913515625 0.5546875 0.5881078125 0.587890625 0.5821625 0.62109375 0.58 0.6689453125 0.5735140624999999 0.6767578125 0.560540625 0.6591796875 0.5540546875000001 0.626953125 0.5540546875000001 0.59375 0.5540546875000001 0.55859375 0.559459375 0.5263671875 0.560540625 0.4990234375 0.560540625 0.4697265625 0.563784375
23 0.4736328125 0.624865625 0.5068359375 0.6259453125000001 0.552734375 0.6227031249999999 0.57421875 0.6205406250000001 0.603515625 0.6162156249999999 0.642578125 0.6108109374999999 0.6669921875 0.604325 0.6689453125 0.5902703125000001 0.64453125 0.5870265625 0.609375 0.5859453125 0.572265625 0.5870265625 0.5283203125 0.5935140624999999 0.4912109375 0.6021625 0.4501953125 0.6097296875 0.4736328125 0.624865625
24 0.5263671875 0.6291890625 0.4853515625 0.6335140625 0.4853515625 0.6502703125 0.4912109375 0.6599999999999999 0.5244140625 0.6654046874999999 0.560546875 0.66324375 0.595703125 0.65891875 0.6171875 0.6513515625 0.638671875 0.6491890625 0.6806640625 0.641621875 0.6826171875 0.624865625 0.6826171875 0.6086484375000001 0.6533203125 0.6118921875 0.61328125 0.619459375 0.5703125 0.619459375 0.5263671875 0.6291890625
25 0.4912109375 0.681621875 0.5205078125 0.7059453125 0.5458984375 0.71675625 0.591796875 0.7059453125 0.619140625 0.69675625 0.640625 0.6902703125 0.6982421875 0.6870265625 0.6904296875 0.6708109375 0.6845703125 0.6491890625 0.6591796875 0.6470265625 0.6171875 0.6578375000000001 0.583984375 0.66108125 0.5546875 0.6654046874999999 0.5224609375 0.6686484375 0.4912109375 0.681621875
26 0.6591796875 0.742703125 0.6962890625 0.7318921875 0.7060546875 0.71675625 0.7080078125 0.702703125 0.6806640625 0.6913515625 0.650390625 0.6945953125 0.623046875 0.7016218750000001 0.595703125 0.7145953125 0.595703125 0.7254046875 0.609375 0.738378125 0.638671875 0.742703125 0.6591796875 0.742703125
27 0.7314453125 0.7713515625 0.7509765625 0.7724328125000001 0.7734375 0.758378125 0.779296875 0.7437843749999999 0.779296875 0.7286484375 0.7578125 0.72 0.7275390625 0.715675 0.7080078125 0.715675 0.6806640625 0.742703125 0.6669921875 0.7524328125 0.6748046875 0.762703125 0.7041015625 0.7681078125 0.7314453125 0.7713515625
28 0.5146484375 0.7778375 0.4970703125 0.7735140625 0.4775390625 0.763784375 0.439453125 0.7735140625 0.404296875 0.7821625 0.408203125 0.799459375 0.421875 0.8162156250000001 0.4775390625 0.823784375 0.5126953125 0.8102703124999999 0.5419921875 0.7821625 0.5146484375 0.7778375
0 0.3369140625 0.7875671875 0.376953125 0.7778375 0.421875 0.7735140625 0.4560546875 0.7670265625 0.4951171875 0.757296875 0.5029296875 0.7437843749999999 0.4970703125 0.735134375 0.4853515625 0.72 0.4580078125 0.7135140625 0.423828125 0.72 0.3984375 0.7286484375 0.36328125 0.738378125 0.3291015625 0.760540625 0.3212890625 0.7778375 0.3369140625 0.7875671875
1 0.2666015625 0.7308109375 0.2626953125 0.742703125 0.2958984375 0.7254046875 0.3232421875 0.7135140625 0.2978515625 0.741621875 0.2802734375 0.755134375 0.3134765625 0.7437843749999999 0.3349609375 0.7318921875 0.373046875 0.715675 0.400390625 0.715675 0.419921875 0.7124328125 0.4375 0.7016218750000001 0.43359375 0.6891890625 0.423828125 0.6751343750000001 0.40625 0.6621625 0.3828125 0.664325 0.359375 0.6740546875 0.3232421875 0.6924328125 0.2841796875 0.7081078125 0.2666015625 0.7308109375
3 0.2705078125 0.6599999999999999 0.236328125 0.677296875 0.197265625 0.6978375 0.220703125 0.69675625 0.2421875 0.6913515625 0.2646484375 0.6859453125 0.2998046875 0.6783781249999999 0.3291015625 0.6708109375 0.349609375 0.6675671875 0.37890625 0.664325 0.40234375 0.65675625 0.392578125 0.6427031249999999 0.3828125 0.6281078124999999 0.3671875 0.6227031249999999 0.3388671875 0.6345953125 0.3134765625 0.643784375 0.2705078125 0.6599999999999999
4 0.17578125 0.64 0.16796875 0.6513515625 0.203125 0.644865625 0.240234375 0.63891875 0.2822265625 0.6302703125 0.3330078125 0.6270265625 0.365234375 0.6270265625 0.392578125 0.617296875 0.390625 0.6054046875 0.384765625 0.5945953125 0.373046875 0.584325 0.3271484375 0.5924328125 0.2841796875 0.6064859375 0.2421875 0.615134375 0.19921875 0.6335140625 0.17578125 0.64
5 0.3017578125 0.5945953125 0.3212890625 0.5881078125 0.34765625 0.5870265625 0.2685546875 0.5691890625 0.341796875 0.5854046875 0.392578125 0.5724328125 0.380859375 0.555134375 0.3623046875 0.5464859375 0.3056640625 0.557296875 0.23046875 0.5745953125 0.19921875 0.5832437500000001 0.1640625 0.59675625 0.16796875 0.6108109374999999 0.208984375 0.6097296875 0.2421875 0.6032437500000001 0.2724609375 0.5989187499999999 0.3017578125 0.5945953125
6 0.169921875 0.5324328125 0.150390625 0.5464859375 0.166015625 0.556215625 0.208984375 0.5583781250000001 0.244140625 0.557296875 0.2763671875 0.5529734375 0.3076171875 0.5529734375 0.3369140625 0.5508109375 0.361328125 0.544325 0.365234375 0.535675 0.3671875 0.5254046875 0.3310546875 0.52324375 0.3095703125 0.52324375 0.2685546875 0.52324375 0.244140625 0.52324375 0.193359375 0.52324375 0.169921875 0.5324328125
7 0.1875 0.5178375 0.21484375 0.5221625000000001 0.2451171875 0.5221625000000001 0.2783203125 0.52108125 0.3037109375 0.52108125 0.3310546875 0.52108125 0.361328125 0.52108125 0.3671875 0.5081078125 0.369140625 0.49621562499999994 0.3369140625 0.498378125 0.3076171875 0.501621875 0.2724609375 0.501621875 0.23046875 0.5081078125 0.19140625 0.5070265625 0.1875 0.5178375
8 0.19140625 0.504865625 0.234375 0.502703125 0.2763671875 0.502703125 0.3115234375 0.500540625 0.3408203125 0.49621562499999994 0.365234375 0.495134375 0.369140625 0.4854046875 0.353515625 0.47189218750000006 0.3310546875 0.4708109375 0.2978515625 0.475675 0.2607421875 0.484325 0.228515625 0.48864843750000003 0.203125 0.4940546875 0.17578125 0.49729687499999997 0.19140625 0.504865625
9 0.18359375 0.47675625000000005 0.21875 0.47783749999999997 0.2646484375 0.4686484375 0.2880859375 0.4697296875 0.3154296875 0.47351406249999994 0.3427734375 0.47351406249999994 0.357421875 0.46324375 0.357421875 0.4491890625 0.353515625 0.438378125 0.3115234375 0.43945937500000004 0.2568359375 0.44702656249999995 0.205078125 0.45351406250000004 0.1796875 0.464325 0.1640625 0.4724328125 0.18359375 0.47675625000000005
10 0.220703125 0.440540625 0.2529296875 0.43729687500000003 0.2802734375 0.440540625 0.3154296875 0.43729687500000003 0.3466796875 0.43513437499999996 0.373046875 0.4264859375 0.359375 0.41567499999999996 0.2978515625 0.40432499999999993 0.2509765625 0.40216250000000003 0.185546875 0.4086484375 0.177734375 0.4129734375 0.181640625 0.42108125 0.189453125 0.42810781249999996 0.2109375 0.42810781249999996 0.220703125 0.440540625
11 0.1875 0.35621562500000004 0.154296875 0.36324375 0.177734375 0.37405468750000004 0.201171875 0.381621875 0.228515625 0.383784375 0.2666015625 0.3913515625 0.2919921875 0.3935140625 0.3251953125 0.40324375 0.3427734375 0.40324375 0.349609375 0.3902703125 0.353515625 0.375134375 0.3291015625 0.36324375 0.2880859375 0.3686484375 0.2548828125 0.3675671875 0.22265625 0.36324375 0.1875 0.35621562500000004
12 0.2265625 0.3086484375 0.205078125 0.30324375 0.171875 0.30324375 0.173828125 0.316215625 0.19921875 0.32054062499999997 0.2265625 0.324865625 0.2568359375 0.33675625 0.2744140625 0.3464859375 0.3056640625 0.35729687499999996 0.3271484375 0.3675671875 0.349609375 0.37189218749999997 0.35546875 0.35891875 0.37109375 0.33891875 0.353515625 0.324865625 0.3388671875 0.32054062499999997 0.3076171875 0.315134375 0.2880859375 0.3129734375 0.2265625 0.3086484375
14 0.3154296875 0.261621875 0.2958984375 0.25189218750000003 0.2626953125 0.23513437499999998 0.240234375 0.22648593749999998 0.23828125 0.23945937499999997 0.2646484375 0.2508109375 0.2841796875 0.262703125 0.2998046875 0.2745953125 0.2568359375 0.2724328125 0.234375 0.259459375 0.201171875 0.256215625 0.212890625 0.2702703125 0.234375 0.284325 0.2646484375 0.2897296875 0.3017578125 0.30162187500000004 0.3369140625 0.3129734375 0.35546875 0.324865625 0.373046875 0.319459375 0.376953125 0.3086484375 0.388671875 0.296215625 0.39453125 0.2875671875 0.39453125 0.27675625 0.37109375 0.2691890625 0.3466796875 0.2691890625 0.3154296875 0.261621875
15 0.3095703125 0.203784375 0.3427734375 0.21135156249999998 0.3671875 0.22432500000000002 0.373046875 0.241621875 0.3447265625 0.23081093749999998 0.3212890625 0.22108124999999998 0.2978515625 0.2135140625 0.2802734375 0.21135156249999998 0.3017578125 0.22864843750000002 0.3173828125 0.23945937499999997 0.3466796875 0.2497296875 0.375 0.260540625 0.396484375 0.2691890625 0.41796875 0.264865625 0.4296875 0.2508109375 0.431640625 0.24270312500000002 0.4375 0.2318921875 0.431640625 0.21459531250000002 0.390625 0.2135140625 0.3369140625 0.19837812500000002 0.3076171875 0.1891890625 0.3095703125 0.203784375
16 0.4140625 0.16108125 0.375 0.164325 0.36328125 0.183784375 0.361328125 0.203784375 0.376953125 0.215675 0.419921875 0.21675624999999998 0.431640625 0.2070265625 0.4599609375 0.201621875 0.4638671875 0.183784375 0.4541015625 0.1697296875 0.4140625 0.16108125