2 0.2572265625 0.2978515625 0.2479171875 0.2666015625 0.236159375 0.234375 0.2209703125 0.240234375 0.21802968749999999 0.2744140625 0.2209703125 0.3115234375 0.22195 0.3603515625 0.226359375 0.3896484375 0.2479171875 0.4130859375 0.2616359375 0.4033203125 0.2758453125 0.3662109375 0.26800625 0.33203125 0.2572265625 0.2978515625
17 0.3537484375 0.4306640625 0.357178125 0.3984375 0.357178125 0.3623046875 0.3537484375 0.3369140625 0.34394843750000004 0.3388671875 0.33464062499999997 0.3984375 0.324840625 0.4345703125 0.3150421875 0.46484375 0.3140625 0.4921875 0.333659375 0.5048828125 0.34835937499999997 0.5009765625 0.3537484375 0.4609375 0.3537484375 0.4306640625
18 0.38363593749999997 0.4970703125 0.389025 0.4609375 0.393434375 0.419921875 0.39539375 0.3896484375 0.39539375 0.3603515625 0.37530625 0.353515625 0.370896875 0.3876953125 0.361096875 0.4326171875 0.3517890625 0.4736328125 0.34541875 0.51171875 0.34835937499999997 0.5458984375 0.363546875 0.5498046875 0.3782453125 0.53125 0.38363593749999997 0.4970703125
19 0.400784375 0.3583984375 0.3968640625 0.376953125 0.393434375 0.41796875 0.391475 0.462890625 0.38510468750000004 0.509765625 0.3762859375 0.537109375 0.381675 0.55859375 0.39539375 0.580078125 0.4125421875 0.5693359375 0.41499218750000005 0.537109375 0.41499218750000005 0.5009765625 0.41499218750000005 0.4736328125 0.41499218750000005 0.4345703125 0.42234218749999997 0.392578125 0.42332187499999996 0.3515625 0.41058281250000006 0.3369140625 0.400784375 0.3583984375
20 0.45026875000000005 0.4755859375 0.45026875000000005 0.419921875 0.45026875000000005 0.3857421875 0.4331203125 0.4033203125 0.432140625 0.4375 0.42234218749999997 0.48828125 0.4179328125 0.529296875 0.4179328125 0.5654296875 0.4385109375 0.5869140625 0.44782031250000004 0.5732421875 0.4492890625 0.5185546875 0.45026875000000005 0.4755859375
21 0.4953453125 0.55859375 0.4953453125 0.5048828125 0.4953453125 0.46875 0.49289531249999996 0.4111328125 0.48750625000000003 0.3876953125 0.4683984375 0.3984375 0.46496875 0.4306640625 0.46202812499999996 0.4541015625 0.45222968750000003 0.51171875 0.44782031250000004 0.5419921875 0.44782031250000004 0.576171875 0.4683984375 0.58203125 0.485546875 0.58203125 0.4953453125 0.55859375
22 0.503675 0.466796875 0.49926562499999994 0.509765625 0.5026953125 0.5439453125 0.521803125 0.5625 0.5296421875 0.537109375 0.530621875 0.509765625 0.530621875 0.4736328125 0.530621875 0.41796875 0.5227828125 0.375 0.503675 0.373046875 0.503675 0.4345703125 0.503675 0.466796875
30 0.5389515625 0.5029296875 0.5570796875 0.5078125 0.570309375 0.5078125 0.570309375 0.4609375 0.5658984375 0.421875 0.5614890625 0.375 0.54973125 0.35546875 0.5369921875 0.4033203125 0.5433609374999999 0.4345703125 0.54238125 0.46484375 0.5389515625 0.5029296875
29 0.6031359375 0.3583984375 0.59480625 0.3134765625 0.584028125 0.3134765625 0.576678125 0.3388671875 0.576678125 0.3896484375 0.5796171875 0.4267578125 0.5796171875 0.46875 0.5756984375 0.5244140625 0.5850078125 0.5673828125 0.599215625 0.58203125 0.6119546875 0.5498046875 0.6119546875 0.51171875 0.6119546875 0.470703125 0.6119546875 0.4267578125 0.6031359375 0.3583984375
23 0.612934375 0.392578125 0.6139140624999999 0.4287109375 0.6139140624999999 0.4560546875 0.6139140624999999 0.490234375 0.6237140625 0.5263671875 0.6374328125 0.537109375 0.6452718749999999 0.509765625 0.6418421875 0.4794921875 0.6344921875 0.44140625 0.6300828125 0.4072265625 0.6246937499999999 0.3583984375 0.610975 0.34765625 0.612934375 0.392578125
24 0.6795687499999999 0.4609375 0.6643796875 0.416015625 0.6560515625 0.375 0.6418421875 0.345703125 0.6418421875 0.3857421875 0.638903125 0.44140625 0.6438015625 0.4951171875 0.6580109375000001 0.5078125 0.6761390625 0.509765625 0.6795687499999999 0.4609375
25 0.72954375 0.4775390625 0.7285640625 0.439453125 0.7266046875 0.3984375 0.7266046875 0.3603515625 0.723175 0.32421875 0.6932875000000001 0.3349609375 0.6923078125 0.3896484375 0.6878984375 0.421875 0.6825078125 0.4541015625 0.6795687499999999 0.4794921875 0.681528125 0.509765625 0.7006375 0.513671875 0.7212156249999999 0.513671875 0.72954375 0.4775390625
26 0.766290625 0.4072265625 0.766290625 0.3623046875 0.77168125 0.302734375 0.77168125 0.26171875 0.751103125 0.279296875 0.743753125 0.3046875 0.7403234375000001 0.3408203125 0.7329734375 0.373046875 0.7285640625 0.3984375 0.7285640625 0.4287109375 0.7413031250000001 0.447265625 0.7599218750000001 0.439453125 0.766290625 0.4072265625
0 0.7609015625 0.5927734375 0.77805 0.6103515625 0.796178125 0.6103515625 0.8054874999999999 0.58203125 0.7971578125 0.556640625 0.78441875 0.52734375 0.7682515624999999 0.4951171875 0.7584515625 0.484375 0.7491421875000001 0.490234375 0.7359140625 0.51171875 0.7266046875 0.537109375 0.7241546875 0.556640625 0.7403234375000001 0.583984375 0.7609015625 0.5927734375
3 0.61979375 0.603515625 0.6325328125 0.6337890625 0.64968125 0.677734375 0.6604609375 0.7099609375 0.6795687499999999 0.748046875 0.679078125 0.7021484375 0.67075 0.6650390625 0.6643796875 0.62890625 0.6580109375000001 0.6123046875 0.651640625 0.568359375 0.6374328125 0.560546875 0.626653125 0.57421875 0.61979375 0.603515625
4 0.5874578125000001 0.6279296875 0.599215625 0.6611328125 0.6119546875 0.716796875 0.6227343750000001 0.7568359375 0.638903125 0.78515625 0.6418421875 0.759765625 0.636453125 0.736328125 0.63204375 0.7099609375 0.626653125 0.673828125 0.6256734374999999 0.646484375 0.6256734374999999 0.6201171875 0.6193046875 0.5927734375 0.597746875 0.591796875 0.5874578125000001 0.6279296875
5 0.5668796875 0.6181640625 0.55855 0.625 0.5614890625 0.6572265625 0.570309375 0.69140625 0.57226875 0.7333984375 0.5894171874999999 0.7802734375 0.599215625 0.810546875 0.6119546875 0.830078125 0.612934375 0.80859375 0.608525 0.7744140625 0.6031359375 0.744140625 0.5957859375 0.71484375 0.5913765625 0.6845703125 0.5903968749999999 0.650390625 0.5859875 0.623046875 0.5756984375 0.6103515625 0.5668796875 0.6181640625
6 0.5507109375 0.744140625 0.5629593749999999 0.7705078125 0.5707984374999999 0.7548828125 0.5668796875 0.71484375 0.5570796875 0.67578125 0.5570796875 0.6484375 0.5507109375 0.6142578125 0.52229375 0.6201171875 0.5208234375 0.6484375 0.537971875 0.69921875 0.5507109375 0.744140625
7 0.5311125 0.724609375 0.528171875 0.70703125 0.5262125 0.6845703125 0.5252328125 0.6611328125 0.51494375 0.623046875 0.5026953125 0.6298828125 0.5071046875 0.7021484375 0.5110234375 0.740234375 0.5262125 0.740234375 0.5311125 0.724609375
8 0.47819687499999997 0.7490234375 0.48652656250000004 0.73828125 0.491915625 0.7060546875 0.4953453125 0.669921875 0.506125 0.62890625 0.485546875 0.6162109375 0.47819687499999997 0.6376953125 0.4737875 0.6650390625 0.46496875 0.72265625 0.47819687499999997 0.7490234375
9 0.4360609375 0.736328125 0.439490625 0.7529296875 0.4610484375 0.7529296875 0.4610484375 0.7041015625 0.4683984375 0.66796875 0.4683984375 0.6357421875 0.46006875 0.6142578125 0.44585937500000006 0.630859375 0.4404703125 0.6572265625 0.439490625 0.6845703125 0.4360609375 0.736328125
10 0.4061734375 0.6630859375 0.3998046875 0.697265625 0.3900046875 0.74609375 0.3806953125 0.78515625 0.387065625 0.8017578125 0.39784375 0.8017578125 0.4140125 0.765625 0.41891249999999997 0.7294921875 0.42675156249999996 0.69140625 0.4331203125 0.65234375 0.43753125 0.6123046875 0.42332187499999996 0.607421875 0.409603125 0.623046875 0.4061734375 0.6630859375
11 0.3699171875 0.6162109375 0.36550781250000003 0.650390625 0.3645265625 0.677734375 0.3625671875 0.71484375 0.357178125 0.76953125 0.3669765625 0.7578125 0.3806953125 0.72265625 0.38804531249999996 0.6953125 0.39882343750000004 0.6630859375 0.4091125 0.61328125 0.39294531250000003 0.5966796875 0.38363593749999997 0.60546875 0.3699171875 0.6162109375
12 0.3194515625 0.6650390625 0.3121015625 0.7099609375 0.31651093750000003 0.74609375 0.3356203125 0.7236328125 0.35031875 0.666015625 0.3738359375 0.6005859375 0.36893750000000003 0.5927734375 0.3537484375 0.580078125 0.3419890625 0.5693359375 0.32925 0.619140625 0.3194515625 0.6650390625
14 0.2915234375 0.55078125 0.2822140625 0.5869140625 0.27045625 0.623046875 0.256246875 0.6611328125 0.262615625 0.677734375 0.276825 0.65234375 0.2915234375 0.6357421875 0.2876046875 0.673828125 0.284175 0.697265625 0.2983828125 0.6630859375 0.31308125000000003 0.62890625 0.33022968750000004 0.60546875 0.3463984375 0.58203125 0.3463984375 0.552734375 0.32925 0.5419921875 0.304753125 0.5224609375 0.2915234375 0.55078125
15 0.2542875 0.490234375 0.24693749999999998 0.5205078125 0.236159375 0.556640625 0.226359375 0.58203125 0.23370937500000002 0.60546875 0.2660453125 0.5927734375 0.276825 0.560546875 0.2959328125 0.5390625 0.3032828125 0.5078125 0.30034375 0.4794921875 0.2822140625 0.4736328125 0.26506562499999997 0.4580078125 0.2542875 0.490234375
16 0.1920625 0.4560546875 0.1920625 0.486328125 0.181284375 0.515625 0.173934375 0.552734375 0.1749140625 0.580078125 0.19647187500000002 0.576171875 0.2160703125 0.55859375 0.2341984375 0.5263671875 0.2420375 0.5048828125 0.2572265625 0.46875 0.2435078125 0.4306640625 0.22782968750000002 0.4228515625 0.2072515625 0.4111328125 0.1920625 0.4560546875