31 0.576171875 0.18795937499999998 0.5498046875 0.2041109375 0.5244140625 0.21585937500000002 0.537109375 0.238375 0.5712890625 0.247675 0.603515625 0.253059375 0.6337890625 0.25550625 0.6484375 0.23152187500000002 0.64453125 0.21781718749999998 0.6181640625 0.2134109375 0.6015625 0.198728125 0.576171875 0.18795937499999998
2 0.5478515625 0.242290625 0.5205078125 0.2349484375 0.4970703125 0.23152187500000002 0.4541015625 0.2295640625 0.4345703125 0.25648593750000004 0.4521484375 0.27459687499999996 0.490234375 0.275575 0.53125 0.275575 0.5693359375 0.2765546875 0.59765625 0.275575 0.6103515625 0.259421875 0.580078125 0.25110156250000004 0.5478515625 0.242290625
13 0.4609375 0.2799796875 0.419921875 0.2799796875 0.4052734375 0.3044546875 0.416015625 0.3279484375 0.462890625 0.32501250000000004 0.4990234375 0.32060625 0.53515625 0.3215859375 0.5546875 0.3152234375 0.5693359375 0.2971125 0.537109375 0.2936859375 0.48828125 0.2883015625 0.4609375 0.2799796875
17 0.3876953125 0.34214375 0.396484375 0.3602546875 0.4267578125 0.36368125 0.462890625 0.3612328125 0.48828125 0.359275 0.509765625 0.356828125 0.5390625 0.35193281249999997 0.4951171875 0.34214375 0.46484375 0.33773906249999996 0.416015625 0.325990625 0.3876953125 0.34214375
18 0.486328125 0.401859375 0.529296875 0.387175 0.490234375 0.37004375 0.46484375 0.37004375 0.4130859375 0.3666171875 0.37890625 0.36368125 0.3681640625 0.37934375 0.3896484375 0.39794375 0.443359375 0.403328125 0.486328125 0.401859375
19 0.4111328125 0.40528593749999997 0.3681640625 0.40528593749999997 0.3642578125 0.4243765625 0.3896484375 0.43318593749999995 0.4130859375 0.434165625 0.4453125 0.434165625 0.4775390625 0.434165625 0.4970703125 0.4322078125 0.5029296875 0.41605468749999996 0.4755859375 0.40430781250000003 0.443359375 0.40528593749999997 0.4111328125 0.40528593749999997
20 0.3818359375 0.46940781249999997 0.4287109375 0.468428125 0.462890625 0.46745000000000003 0.5009765625 0.4703859375 0.5478515625 0.46940781249999997 0.53125 0.45472343750000005 0.4951171875 0.4478703125 0.4580078125 0.444934375 0.4130859375 0.4385703125 0.3818359375 0.4385703125 0.37109375 0.45325468750000003 0.3818359375 0.46940781249999997
21 0.46875 0.48458125 0.4345703125 0.48017656249999996 0.39453125 0.4747921875 0.3603515625 0.48458125 0.3642578125 0.510034375 0.41796875 0.5090546875 0.462890625 0.507096875 0.5078125 0.5036703124999999 0.5419921875 0.4982875 0.529296875 0.48360312499999997 0.4970703125 0.48458125 0.46875 0.48458125
22 0.4306640625 0.5163968750000001 0.3984375 0.5163968750000001 0.3662109375 0.520803125 0.3603515625 0.5467453124999999 0.3876953125 0.555065625 0.4365234375 0.555065625 0.4736328125 0.5575140625 0.53125 0.5560453125 0.5693359375 0.5521296875 0.5458984375 0.5413609375 0.5048828125 0.5345078125 0.470703125 0.52325 0.4306640625 0.5163968750000001
30 0.3681640625 0.5638765625 0.3623046875 0.5785609375 0.3857421875 0.587371875 0.4326171875 0.587371875 0.46484375 0.5839453125 0.4990234375 0.5849234375 0.5458984375 0.579540625 0.513671875 0.5702406250000001 0.4814453125 0.565834375 0.447265625 0.5624078124999999 0.41796875 0.5575140625 0.3837890625 0.555065625 0.3681640625 0.5638765625
29 0.3642578125 0.61625 0.3837890625 0.624571875 0.4072265625 0.6235921875 0.443359375 0.62065625 0.4921875 0.61625 0.533203125 0.61625 0.5205078125 0.603525 0.4814453125 0.6000984375 0.443359375 0.596671875 0.3984375 0.5893296875 0.37890625 0.596671875 0.3603515625 0.607440625 0.3642578125 0.61625
23 0.46484375 0.646109375 0.4970703125 0.640725 0.53515625 0.6343609375 0.5048828125 0.62995625 0.466796875 0.6279984375 0.4345703125 0.6279984375 0.40234375 0.6235921875 0.37890625 0.6387671874999999 0.37890625 0.652471875 0.41796875 0.652471875 0.46484375 0.646109375
24 0.53125 0.658834375 0.4736328125 0.6568765625 0.44140625 0.6558984375 0.4091796875 0.6558984375 0.3837890625 0.6642187500000001 0.3876953125 0.674009375 0.439453125 0.67939375 0.470703125 0.674009375 0.5205078125 0.6749875000000001 0.53125 0.658834375
25 0.400390625 0.7200203125 0.4267578125 0.7234453125 0.46484375 0.7209984375 0.4990234375 0.7200203125 0.5439453125 0.719040625 0.53515625 0.6930984375 0.4990234375 0.691140625 0.4521484375 0.6867359375000001 0.421875 0.677434375 0.392578125 0.6867359375000001 0.3896484375 0.708271875 0.400390625 0.7200203125
26 0.4111328125 0.7342140625 0.419921875 0.7469406249999999 0.421875 0.7552625 0.4580078125 0.7606468750000001 0.4951171875 0.7596671875000001 0.5244140625 0.7552625 0.5673828125 0.7533046875 0.5908203125 0.7381296875000001 0.5869140625 0.719040625 0.5439453125 0.7200203125 0.5078125 0.7234453125 0.46875 0.7234453125 0.4306640625 0.7234453125 0.4111328125 0.7342140625
27 0.59375 0.75085625 0.5390625 0.7552625 0.4814453125 0.767009375 0.51171875 0.7865890624999999 0.5712890625 0.791971875 0.6123046875 0.7767984375 0.6181640625 0.7596671875000001 0.59375 0.75085625
28 0.3984375 0.7758203124999999 0.3857421875 0.7606468750000001 0.3559984375 0.7531921875 0.2890625 0.7479203125 0.2763671875 0.76945625 0.2919921875 0.7821828125 0.30859375 0.7958890625 0.3369140625 0.7958890625 0.37109375 0.789525 0.3984375 0.7758203124999999
0 0.2255859375 0.757709375 0.2705078125 0.757709375 0.330078125 0.7479203125 0.37109375 0.7459625 0.3837890625 0.7327453125 0.37890625 0.7156140625 0.3642578125 0.7048453125 0.3134765625 0.7028875 0.2529296875 0.7180609375 0.21484375 0.7342140625 0.2451171875 0.7381296875000001 0.2939453125 0.7317671875 0.2705078125 0.7459625 0.2451171875 0.7498781250000001 0.2255859375 0.757709375
1 0.2275390625 0.7028875 0.2080078125 0.7170828124999999 0.2529296875 0.708271875 0.2763671875 0.6999515625 0.30859375 0.6984828125 0.3603515625 0.69211875 0.353515625 0.674009375 0.3447265625 0.658834375 0.326171875 0.646109375 0.2724609375 0.660303125 0.2275390625 0.6622609374999999 0.169921875 0.6730296874999999 0.216796875 0.677434375 0.26171875 0.677434375 0.2490234375 0.6891828125 0.2275390625 0.7028875
3 0.2724609375 0.646109375 0.302734375 0.646109375 0.3408203125 0.64415 0.349609375 0.62995625 0.32421875 0.61625 0.287109375 0.621634375 0.240234375 0.6289765625 0.2109375 0.63631875 0.1767578125 0.641703125 0.2060546875 0.6480671874999999 0.23828125 0.6470875 0.2724609375 0.646109375
4 0.3515625 0.6064609375 0.3427734375 0.5893296875 0.2958984375 0.5903078125000001 0.236328125 0.598140625 0.1787109375 0.6098874999999999 0.2001953125 0.6098874999999999 0.23828125 0.6118453125000001 0.279296875 0.6128250000000001 0.3193359375 0.6128250000000001 0.3515625 0.6064609375
5 0.255859375 0.5863921875 0.2978515625 0.5863921875 0.330078125 0.5819875 0.35546875 0.5721984375 0.35546875 0.5638765625 0.3173828125 0.5594718750000001 0.279296875 0.5638765625 0.234375 0.56485625 0.1953125 0.5692609375 0.166015625 0.5721984375 0.171875 0.5819875 0.2041015625 0.5819875 0.255859375 0.5863921875
6 0.2958984375 0.555065625 0.330078125 0.5560453125 0.349609375 0.5452765625 0.34765625 0.5296140625 0.306640625 0.5281453125 0.2578125 0.5305921875 0.21875 0.5335296875 0.1787109375 0.5413609375 0.169921875 0.5531078125 0.2001953125 0.5575140625 0.255859375 0.5575140625 0.2958984375 0.555065625
7 0.2958984375 0.52325 0.33203125 0.52325 0.3369140625 0.50465 0.3134765625 0.5080765625 0.28125 0.507096875 0.2529296875 0.50611875 0.2216796875 0.50611875 0.1826171875 0.51248125 0.1865234375 0.52325 0.2216796875 0.52178125 0.259765625 0.52325 0.2958984375 0.52325
8 0.2685546875 0.5017125 0.3134765625 0.5017125 0.3447265625 0.5007343750000001 0.3447265625 0.4855609375 0.2939453125 0.48213437499999995 0.236328125 0.4865390625 0.193359375 0.49290312500000005 0.1630859375 0.4963296875 0.1826171875 0.5026921875 0.212890625 0.5026921875 0.240234375 0.5026921875 0.2685546875 0.5017125
9 0.34765625 0.462065625 0.3134765625 0.45325468750000003 0.28125 0.45325468750000003 0.23828125 0.45961875 0.1953125 0.4664703125 0.1630859375 0.4738125 0.201459375 0.48319531250000003 0.2109375 0.48360312499999997 0.2529296875 0.47919687499999997 0.279296875 0.47919687499999997 0.33203125 0.47675 0.34765625 0.462065625
10 0.142578125 0.43612343750000004 0.1552734375 0.4522765625 0.240234375 0.4478703125 0.28515625 0.4522765625 0.3388671875 0.45031875 0.3583984375 0.440528125 0.3583984375 0.4278015625 0.3154296875 0.423396875 0.2763671875 0.423396875 0.240234375 0.4243765625 0.2099609375 0.42878125 0.1787109375 0.4278015625 0.142578125 0.43612343750000004
11 0.216796875 0.40822343749999995 0.255859375 0.40969218749999997 0.287109375 0.4136078125 0.3193359375 0.41703437499999996 0.3515625 0.41703437499999996 0.35546875 0.40430781250000003 0.3447265625 0.392559375 0.3154296875 0.392559375 0.2900390625 0.392559375 0.2578125 0.39353906250000004 0.2255859375 0.39353906250000004 0.193359375 0.39353906250000004 0.1767578125 0.40724375 0.216796875 0.40822343749999995
12 0.212890625 0.3764078125 0.23828125 0.3764078125 0.265625 0.3764078125 0.2900390625 0.384728125 0.32421875 0.3910921875 0.35546875 0.3817921875 0.3427734375 0.364659375 0.326171875 0.353890625 0.279296875 0.3529125 0.236328125 0.3548703125 0.193359375 0.35585 0.1611328125 0.35585 0.173828125 0.367596875 0.212890625 0.3764078125
14 0.2314453125 0.3044546875 0.259765625 0.308859375 0.2724609375 0.3215859375 0.2451171875 0.3215859375 0.2109375 0.31718125 0.1845703125 0.3186484375 0.2060546875 0.33039687500000003 0.236328125 0.33773906249999996 0.2685546875 0.33773906249999996 0.2939453125 0.34508125 0.326171875 0.356828125 0.349609375 0.356828125 0.353515625 0.33578125000000003 0.35546875 0.3152234375 0.3515625 0.3000484375 0.3134765625 0.2961328125 0.2744140625 0.2883015625 0.23828125 0.2799796875 0.21484375 0.2829171875 0.2314453125 0.3044546875
15 0.283203125 0.226628125 0.3173828125 0.24669531249999999 0.3173828125 0.26382812499999997 0.279296875 0.25550625 0.2470703125 0.24669531249999999 0.240234375 0.259421875 0.2744140625 0.2711703125 0.2978515625 0.2726375 0.32421875 0.2907484375 0.35546875 0.2961328125 0.3818359375 0.291728125 0.3818359375 0.270190625 0.3857421875 0.253059375 0.3837890625 0.242290625 0.3427734375 0.239353125 0.3212890625 0.22858593749999997 0.302734375 0.21243281249999998 0.283203125 0.1953015625 0.2724609375 0.2070484375 0.283203125 0.226628125
16 0.33203125 0.238375 0.3583984375 0.232990625 0.396484375 0.22320156249999998 0.423828125 0.20509062500000003 0.4072265625 0.183553125 0.373046875 0.172784375 0.32421875 0.172784375 0.2919921875 0.18795937499999998 0.2978515625 0.2016640625 0.3173828125 0.21781718749999998 0.33203125 0.238375