31 0.1954921875 0.2236328125 0.1994125 0.25390625 0.1994125 0.2958984375 0.21362031250000002 0.322265625 0.2327296875 0.2958984375 0.2317484375 0.2705078125 0.22440000000000002 0.2470703125 0.2111703125 0.2236328125 0.1954921875 0.2236328125
2 0.26800625 0.2919921875 0.2572265625 0.263671875 0.23909843749999998 0.28125 0.22440000000000002 0.322265625 0.20823125 0.3515625 0.2028421875 0.369140625 0.1994125 0.3974609375 0.2111703125 0.421875 0.22733906250000002 0.4267578125 0.24448750000000002 0.44140625 0.2523265625 0.4111328125 0.2552671875 0.3798828125 0.2616359375 0.345703125 0.26506562499999997 0.3173828125 0.26800625 0.2919921875
13 0.28123437500000004 0.3427734375 0.274375 0.37109375 0.2660453125 0.4033203125 0.2552671875 0.4267578125 0.2552671875 0.4521484375 0.26800625 0.4736328125 0.2822140625 0.4794921875 0.302303125 0.4794921875 0.3057328125 0.443359375 0.3057328125 0.4052734375 0.31308125000000003 0.3662109375 0.3101421875 0.3173828125 0.2939734375 0.322265625 0.28123437500000004 0.3427734375
17 0.347378125 0.3173828125 0.3366 0.3154296875 0.327290625 0.3583984375 0.3194515625 0.3876953125 0.311121875 0.4267578125 0.311121875 0.46875 0.32288125 0.48828125 0.3366 0.4951171875 0.34835937499999997 0.46484375 0.3517890625 0.423828125 0.3493390625 0.392578125 0.3493390625 0.3515625 0.347378125 0.3173828125
18 0.36893750000000003 0.3369140625 0.3625671875 0.3896484375 0.361096875 0.421875 0.3508078125 0.4609375 0.34296875 0.48828125 0.357178125 0.515625 0.3782453125 0.509765625 0.379715625 0.48828125 0.3860859375 0.443359375 0.3924546875 0.3896484375 0.387065625 0.328125 0.36893750000000003 0.3369140625
19 0.42136250000000003 0.326171875 0.40715312499999995 0.3115234375 0.402253125 0.34765625 0.39882343750000004 0.3837890625 0.3900046875 0.41796875 0.387065625 0.4609375 0.38265625000000003 0.4951171875 0.38265625000000003 0.5185546875 0.3944140625 0.537109375 0.409603125 0.53515625 0.42038281250000004 0.5029296875 0.42038281250000004 0.4736328125 0.425771875 0.4267578125 0.425771875 0.373046875 0.42136250000000003 0.326171875
20 0.4639875 0.33203125 0.46006875 0.30859375 0.44683906249999994 0.3349609375 0.4439 0.3662109375 0.43753125 0.400390625 0.432140625 0.4287109375 0.42234218749999997 0.46484375 0.42136250000000003 0.5224609375 0.4287109375 0.5439453125 0.45125000000000004 0.5478515625 0.4610484375 0.5244140625 0.46202812499999996 0.4970703125 0.45859843749999996 0.46875 0.46496875 0.439453125 0.46643749999999995 0.396484375 0.4639875 0.33203125
21 0.5026953125 0.3583984375 0.49387499999999995 0.322265625 0.4791765625 0.3427734375 0.4747671875 0.396484375 0.4728078125 0.4326171875 0.46643749999999995 0.46875 0.45859843749999996 0.5029296875 0.4566390625 0.5478515625 0.48652656250000004 0.560546875 0.5080843749999999 0.556640625 0.5080843749999999 0.5244140625 0.5071046875 0.484375 0.5046546875 0.443359375 0.5090640625 0.4033203125 0.5026953125 0.3583984375
22 0.5507109375 0.33203125 0.5360125 0.33203125 0.524253125 0.3837890625 0.5178828125 0.4560546875 0.5134734375 0.4951171875 0.51004375 0.5458984375 0.5325828125000001 0.5673828125 0.5521796875 0.5625 0.5570796875 0.5205078125 0.5551203124999999 0.4794921875 0.5551203124999999 0.4326171875 0.5614890625 0.3662109375 0.5507109375 0.33203125
30 0.597746875 0.443359375 0.596765625 0.4091796875 0.596765625 0.373046875 0.597746875 0.3388671875 0.6011765625 0.302734375 0.579475 0.3459890625 0.5786374999999999 0.3837890625 0.57226875 0.4267578125 0.5712890625 0.462890625 0.5614890625 0.5048828125 0.558059375 0.5517578125 0.5761875 0.564453125 0.5913765625 0.560546875 0.5938265625 0.4990234375 0.596765625 0.470703125 0.597746875 0.443359375
29 0.606565625 0.4326171875 0.60460625 0.4775390625 0.599215625 0.509765625 0.6001953125 0.5439453125 0.6173437500000001 0.5693359375 0.6335124999999999 0.53515625 0.6310625 0.490234375 0.6300828125 0.44140625 0.6300828125 0.3818359375 0.629103125 0.3388671875 0.610975 0.3193359375 0.608525 0.3837890625 0.606565625 0.4326171875
23 0.6560515625 0.345703125 0.629103125 0.3349609375 0.629103125 0.3642578125 0.6335124999999999 0.4052734375 0.6335124999999999 0.4521484375 0.626653125 0.486328125 0.6374328125 0.5224609375 0.6482109375 0.53515625 0.6609499999999999 0.5458984375 0.6717296875 0.529296875 0.6687890624999999 0.486328125 0.6643796875 0.4287109375 0.658990625 0.375 0.6560515625 0.345703125
24 0.667809375 0.4921875 0.6795687499999999 0.5205078125 0.6932875000000001 0.5205078125 0.7030875 0.4951171875 0.695246875 0.4345703125 0.688878125 0.3798828125 0.675159375 0.3623046875 0.665359375 0.3876953125 0.667809375 0.4326171875 0.667809375 0.4921875
25 0.7177859375 0.330078125 0.7060265625000001 0.3583984375 0.7060265625000001 0.3876953125 0.7060265625000001 0.443359375 0.7060265625000001 0.46875 0.70700625 0.4990234375 0.7202359375 0.5029296875 0.7383640625 0.486328125 0.7466921875 0.466796875 0.7564921874999999 0.4453125 0.7413031250000001 0.4091796875 0.7329734375 0.373046875 0.730525 0.3388671875 0.7177859375 0.330078125
26 0.763840625 0.302734375 0.7457125 0.2900390625 0.7383640625 0.33203125 0.7427734375 0.375 0.751103125 0.4130859375 0.7599218750000001 0.4560546875 0.773640625 0.4560546875 0.7907890625 0.44140625 0.79911875 0.4267578125 0.79911875 0.4091796875 0.7873593750000001 0.369140625 0.7726609375 0.330078125 0.763840625 0.302734375
27 0.773640625 0.2919921875 0.773640625 0.328125 0.7809890625 0.345703125 0.7981374999999999 0.3427734375 0.8079375000000001 0.3173828125 0.8045078125 0.28515625 0.7951984375000001 0.259765625 0.7951984375000001 0.234375 0.7809890625 0.255859375 0.773640625 0.2919921875
28 0.8412546875 0.5546875 0.8432140625000001 0.5244140625 0.8388046875 0.5029296875 0.826065625 0.48828125 0.8079375000000001 0.466796875 0.7927484375 0.4814453125 0.7873593750000001 0.5048828125 0.780009375 0.533203125 0.8069578125 0.5673828125 0.8324343750000001 0.5732421875 0.8412546875 0.5546875
0 0.737384375 0.560546875 0.7466921875 0.60546875 0.7628609375 0.650390625 0.77168125 0.67578125 0.789809375 0.67578125 0.79911875 0.6376953125 0.7951984375000001 0.60546875 0.7888296875 0.55859375 0.7834390625000001 0.5244140625 0.780009375 0.48828125 0.766290625 0.470703125 0.7457125 0.4990234375 0.72954375 0.513671875 0.737384375 0.560546875
1 0.68691875 0.5927734375 0.695246875 0.6416015625 0.7040671875 0.693359375 0.71680625 0.69921875 0.7060265625000001 0.6484375 0.7060265625000001 0.6015625 0.7202359375 0.5869140625 0.737384375 0.654296875 0.7447328125 0.671875 0.7359140625 0.623046875 0.730525 0.58203125 0.730525 0.5546875 0.7285640625 0.5224609375 0.70945625 0.5185546875 0.6898578125 0.5244140625 0.6727093749999999 0.5478515625 0.68691875 0.5927734375
3 0.6462515625 0.6103515625 0.6560515625 0.6416015625 0.665359375 0.677734375 0.6761390625 0.7119140625 0.6859375 0.720703125 0.67711875 0.6611328125 0.675159375 0.6337890625 0.675159375 0.5966796875 0.675159375 0.556640625 0.6599703124999999 0.556640625 0.6418421875 0.556640625 0.6374328125 0.583984375 0.6462515625 0.6103515625
4 0.6227343750000001 0.6845703125 0.6310625 0.71875 0.642821875 0.744140625 0.6536015625 0.73828125 0.6452718749999999 0.6884765625 0.6408625 0.64453125 0.6398828125 0.5947265625 0.626653125 0.5732421875 0.6139140624999999 0.578125 0.606565625 0.607421875 0.6139140624999999 0.64453125 0.6227343750000001 0.6845703125
5 0.5776578125 0.6845703125 0.5874578125000001 0.720703125 0.599215625 0.76171875 0.6139140624999999 0.7783203125 0.608525 0.71875 0.60215625 0.67578125 0.60215625 0.630859375 0.6001953125 0.607421875 0.5913765625 0.580078125 0.57226875 0.5947265625 0.5668796875 0.6396484375 0.5776578125 0.6845703125
6 0.5658984375 0.76171875 0.5701140625 0.715046875 0.5668796875 0.693359375 0.56491875 0.6630859375 0.5639390625 0.623046875 0.5595296875 0.5947265625 0.5453203125 0.5888671875 0.5316015625 0.5888671875 0.5340515625 0.6279296875 0.5414015625 0.6826171875 0.5521796875 0.7294921875 0.5658984375 0.76171875
7 0.5134734375 0.69140625 0.5208234375 0.716796875 0.530621875 0.720703125 0.5369921875 0.697265625 0.530621875 0.6591796875 0.528171875 0.6201171875 0.5262125 0.5908203125 0.51249375 0.5927734375 0.506125 0.625 0.5110234375 0.65234375 0.5134734375 0.69140625
8 0.48652656250000004 0.71484375 0.4953453125 0.7060546875 0.49926562499999994 0.669921875 0.501715625 0.6416015625 0.5026953125 0.6103515625 0.498284375 0.58203125 0.48015625 0.5888671875 0.4791765625 0.6357421875 0.4821171875 0.677734375 0.48652656250000004 0.71484375
9 0.4439 0.6630859375 0.44585937500000006 0.7119140625 0.4566390625 0.740234375 0.4674171875 0.7099609375 0.4639875 0.669921875 0.47035781249999997 0.6357421875 0.4737875 0.60546875 0.47182812500000004 0.58203125 0.45565937500000003 0.5869140625 0.4448796875 0.599609375 0.44145 0.6357421875 0.4439 0.6630859375
10 0.3968640625 0.697265625 0.3924546875 0.7509765625 0.39539375 0.7724609375 0.42038281250000004 0.7333984375 0.42234218749999997 0.6806640625 0.432140625 0.6376953125 0.4385109375 0.580078125 0.42675156249999996 0.578125 0.40715312499999995 0.580078125 0.39882343750000004 0.6396484375 0.3968640625 0.697265625
11 0.3625671875 0.580078125 0.3625671875 0.65234375 0.3581578125 0.673828125 0.3581578125 0.7021484375 0.3537484375 0.7275390625 0.354728125 0.74609375 0.36893750000000003 0.720703125 0.37530625 0.671875 0.3860859375 0.630859375 0.3998046875 0.603515625 0.4042140625 0.5732421875 0.389025 0.5498046875 0.37432656249999996 0.556640625 0.3625671875 0.580078125
12 0.32925 0.5458984375 0.32925 0.5693359375 0.327290625 0.5927734375 0.3238609375 0.626953125 0.32043125 0.6650390625 0.31651093750000003 0.7099609375 0.327290625 0.720703125 0.32925 0.677734375 0.341009375 0.6376953125 0.3561984375 0.5927734375 0.36893750000000003 0.552734375 0.3581578125 0.5224609375 0.3419890625 0.5224609375 0.33121093749999997 0.5224609375 0.32925 0.5458984375
15 0.24693749999999998 0.470703125 0.2297890625 0.466796875 0.21802968749999999 0.5224609375 0.20382187499999999 0.5498046875 0.1920625 0.578125 0.1910828125 0.6015625 0.2048015625 0.623046875 0.226359375 0.6201171875 0.23909843749999998 0.603515625 0.2542875 0.580078125 0.274375 0.5478515625 0.2851546875 0.5224609375 0.2758453125 0.4951171875 0.25967656250000004 0.4814453125 0.24693749999999998 0.470703125
16 0.160215625 0.4755859375 0.141596875 0.5029296875 0.141596875 0.5263671875 0.1504171875 0.5439453125 0.1729546875 0.5498046875 0.1945125 0.5458984375 0.21459999999999999 0.5419921875 0.21459999999999999 0.51171875 0.2048015625 0.4814453125 0.1994125 0.447265625 0.1822640625 0.4521484375 0.160215625 0.4755859375