13 0.609375 0.6349828125 0.5859375 0.6335124999999999 0.5361328125 0.6276328125 0.4990234375 0.626653125 0.46875 0.6276328125 0.4521484375 0.63204375 0.4541015625 0.6408625 0.4501953125 0.64968125 0.46875 0.651640625 0.48828125 0.6604609375 0.5244140625 0.6629109375 0.5576171875 0.6687890624999999 0.5869140625 0.6741796875 0.615234375 0.667809375 0.619140625 0.6433125000000001 0.609375 0.6349828125
19 0.396484375 0.5668796875 0.4521484375 0.5776578125 0.490234375 0.5786374999999999 0.5322265625 0.581578125 0.560546875 0.5820671875000001 0.61328125 0.584028125 0.6396484375 0.5786374999999999 0.6376953125 0.5658984375 0.6142578125 0.5570796875 0.5673828125 0.5541406249999999 0.505859375 0.5531609375000001 0.46484375 0.551690625 0.4169921875 0.5507109375 0.396484375 0.551690625 0.396484375 0.5668796875
21 0.5908203125 0.5311125 0.6748046875 0.5276828124999999 0.66796875 0.503184375 0.6162109375 0.5046546875 0.5673828125 0.5080843749999999 0.513671875 0.5134734375 0.4736328125 0.51249375 0.44140625 0.51249375 0.4560546875 0.5271921875000001 0.48828125 0.530621875 0.5419921875 0.5296421875 0.5908203125 0.5311125
30 0.5732421875 0.4791765625 0.6533203125 0.4747671875 0.6533203125 0.464478125 0.646484375 0.45418906249999996 0.5927734375 0.45565937500000003 0.5654296875 0.45761874999999996 0.5244140625 0.45859843749999996 0.4951171875 0.4610484375 0.4580078125 0.46202812499999996 0.4072265625 0.47182812500000004 0.4091796875 0.484565625 0.4375 0.485546875 0.484375 0.4821171875 0.529296875 0.48015625 0.5732421875 0.4791765625
29 0.466796875 0.4546796875 0.5029296875 0.45565937500000003 0.5419921875 0.4546796875 0.5908203125 0.45125000000000004 0.630859375 0.45125000000000004 0.6142578125 0.429690625 0.5712890625 0.4287109375 0.5048828125 0.4341015625 0.419921875 0.4439 0.400390625 0.44585937500000006 0.3837890625 0.45859843749999996 0.443359375 0.4546796875 0.466796875 0.4546796875
26 0.353515625 0.304753125 0.3876953125 0.3076921875 0.423828125 0.3076921875 0.4580078125 0.304753125 0.490234375 0.3032828125 0.513671875 0.29299375 0.4990234375 0.276825 0.4736328125 0.269475 0.4287109375 0.278784375 0.3896484375 0.2851546875 0.369140625 0.2895640625 0.3408203125 0.29299375 0.328125 0.302303125 0.353515625 0.304753125
28 0.53125 0.2533078125 0.48828125 0.26506562499999997 0.5009765625 0.2851546875 0.5185546875 0.3057328125 0.552734375 0.3013234375 0.607421875 0.276825 0.6337890625 0.2523265625 0.6396484375 0.23370937500000002 0.623046875 0.22440000000000002 0.583984375 0.23517812500000002 0.556640625 0.2435078125 0.53125 0.2533078125
0 0.6357421875 0.2822140625 0.60546875 0.2876046875 0.5693359375 0.2969125 0.5458984375 0.302303125 0.5087890625 0.3096515625 0.5185546875 0.3258203125 0.537109375 0.349828125 0.5625 0.35276874999999996 0.5869140625 0.33464062499999997 0.6181640625 0.32043125 0.6591796875 0.302303125 0.69140625 0.286134375 0.669921875 0.276825 0.6357421875 0.2822140625
3 0.55078125 0.386575 0.560546875 0.3998046875 0.5927734375 0.403234375 0.6337890625 0.393434375 0.697265625 0.38265625000000003 0.7568359375 0.3699171875 0.763671875 0.3508078125 0.6953125 0.3625671875 0.6376953125 0.36795625 0.5869140625 0.3718765625 0.55078125 0.386575
4 0.736328125 0.39539375 0.693359375 0.39882343750000004 0.64453125 0.39882343750000004 0.603515625 0.400784375 0.5732421875 0.40715312499999995 0.58203125 0.4243015625 0.6357421875 0.42332187499999996 0.6611328125 0.4179328125 0.69921875 0.415971875 0.7421875 0.41058281250000006 0.787109375 0.40519375 0.791015625 0.391475 0.76953125 0.391475 0.736328125 0.39539375
5 0.6337890625 0.45125000000000004 0.6806640625 0.4473296875 0.73828125 0.4360609375 0.767578125 0.429690625 0.783203125 0.41891249999999997 0.744140625 0.41891249999999997 0.697265625 0.42038281250000004 0.654296875 0.42675156249999996 0.6201171875 0.42773125 0.6337890625 0.45125000000000004
9 0.626953125 0.537971875 0.66796875 0.5389515625 0.7255859375 0.544340625 0.76953125 0.5453203125 0.8017578125 0.5467906250000001 0.8125 0.530621875 0.7890625 0.5325828125000001 0.763671875 0.528171875 0.7060546875 0.5227828125 0.6591796875 0.5252328125 0.626953125 0.537971875
10 0.76171875 0.5521796875 0.71875 0.54875 0.6845703125 0.544340625 0.6376953125 0.5433609374999999 0.607421875 0.5453203125 0.6123046875 0.5570796875 0.6376953125 0.56491875 0.6884765625 0.56491875 0.740234375 0.5668796875 0.767578125 0.567859375 0.787109375 0.5668796875 0.814453125 0.5541406249999999 0.76171875 0.5521796875
20 0.4208984375 0.5360125 0.451171875 0.5467906250000001 0.4873046875 0.5502203125 0.515625 0.549240625 0.5458984375 0.551690625 0.5732421875 0.551690625 0.6025390625 0.5507109375 0.6455078125 0.54973125 0.6513671875 0.5409109375 0.6435546875 0.5296421875 0.6015625 0.5335625 0.5693359375 0.5360125 0.53515625 0.53748125 0.5029296875 0.53748125 0.46875 0.5365015625 0.4208984375 0.5360125