31 0.1974515625 0.48828125 0.210190625 0.462890625 0.2018625 0.419921875 0.2028421875 0.353515625 0.20627187500000002 0.328125 0.1891234375 0.2900390625 0.167565625 0.2958984375 0.16952499999999998 0.330078125 0.167565625 0.3798828125 0.16952499999999998 0.4072265625 0.1641359375 0.439453125 0.1631546875 0.470703125 0.1974515625 0.48828125
2 0.2165609375 0.3154296875 0.212640625 0.349609375 0.21459999999999999 0.3876953125 0.21459999999999999 0.419921875 0.2111703125 0.4609375 0.212640625 0.4921875 0.23370937500000002 0.4951171875 0.24889687500000002 0.490234375 0.258696875 0.470703125 0.2508578125 0.4326171875 0.2508578125 0.3837890625 0.24448750000000002 0.3408203125 0.24252812499999998 0.2978515625 0.22440000000000002 0.2978515625 0.2165609375 0.3154296875
13 0.29936250000000003 0.48828125 0.31308125000000003 0.4755859375 0.304753125 0.423828125 0.3013234375 0.3798828125 0.2983828125 0.33203125 0.29299375 0.3046875 0.2822140625 0.2724609375 0.2660453125 0.28515625 0.26065625 0.3193359375 0.2640859375 0.35546875 0.2660453125 0.3984375 0.2640859375 0.4580078125 0.2670265625 0.4775390625 0.28123437500000004 0.4990234375 0.29936250000000003 0.48828125
18 0.3699171875 0.46484375 0.370896875 0.4111328125 0.3699171875 0.34765625 0.36550781250000003 0.30859375 0.357178125 0.2744140625 0.341009375 0.26171875 0.34296875 0.328125 0.3375796875 0.375 0.333659375 0.4345703125 0.33022968750000004 0.470703125 0.341009375 0.4921875 0.3625671875 0.4990234375 0.3699171875 0.46484375
19 0.39539375 0.255859375 0.3782453125 0.28515625 0.37432656249999996 0.3427734375 0.377265625 0.4052734375 0.39882343750000004 0.4052734375 0.400784375 0.3623046875 0.3998046875 0.306640625 0.3998046875 0.27734375 0.39539375 0.255859375
21 0.4958359375 0.40234375 0.4933859375 0.3642578125 0.491915625 0.3486328125 0.4889765625 0.33984375 0.48113593750000005 0.337890625 0.4737875 0.3369140625 0.464478125 0.3466796875 0.4566390625 0.369140625 0.4610484375 0.421875 0.45761874999999996 0.4560546875 0.47035781249999997 0.5009765625 0.5002453124999999 0.484375 0.49730468749999995 0.439453125 0.4958359375 0.40234375
22 0.54483125 0.330078125 0.5438515625 0.3017578125 0.5355218749999999 0.283203125 0.5262125 0.279296875 0.5183734375 0.2802734375 0.5120046874999999 0.3271484375 0.5066140625 0.3466796875 0.5080843749999999 0.376953125 0.506125 0.4052734375 0.506125 0.466796875 0.5316015625 0.4560546875 0.5433609374999999 0.4091796875 0.54238125 0.3583984375 0.54483125 0.330078125
25 0.718765625 0.484375 0.7177859375 0.4267578125 0.7241546875 0.3896484375 0.7212156249999999 0.3515625 0.7177859375 0.3486328125 0.70700625 0.3349609375 0.691328125 0.35546875 0.6859375 0.4033203125 0.6761390625 0.4609375 0.6727093749999999 0.5029296875 0.675159375 0.5458984375 0.697696875 0.556640625 0.718765625 0.5458984375 0.718765625 0.484375
26 0.7628609375 0.53515625 0.7609015625 0.4775390625 0.7609015625 0.421875 0.7555125 0.3798828125 0.7476734375 0.3427734375 0.7383640625 0.3642578125 0.73199375 0.4052734375 0.725625 0.4501953125 0.7221953125 0.490234375 0.7177859375 0.5419921875 0.727584375 0.5625 0.7476734375 0.5654296875 0.7628609375 0.53515625
27 0.803528125 0.466796875 0.8005875 0.4052734375 0.8015671875000001 0.3798828125 0.79421875 0.3544921875 0.793728125 0.353515625 0.7834390625000001 0.3896484375 0.7765796875000001 0.4306640625 0.76923125 0.4755859375 0.764821875 0.5205078125 0.77805 0.5478515625 0.803528125 0.537109375 0.8089171875 0.5048828125 0.803528125 0.466796875
3 0.6237140625 0.6181640625 0.6217546875 0.6611328125 0.6217546875 0.697265625 0.6217546875 0.720703125 0.6237140625 0.744140625 0.6398828125 0.716796875 0.642821875 0.677734375 0.6482109375 0.6396484375 0.652621875 0.5966796875 0.6560515625 0.552734375 0.6354734375 0.5439453125 0.6237140625 0.5498046875 0.6237140625 0.6181640625
4 0.5820671875000001 0.5205078125 0.5756984375 0.703125 0.583046875 0.736328125 0.60215625 0.7294921875 0.608525 0.6884765625 0.6099953124999999 0.6416015625 0.6116421875 0.618615625 0.5894171874999999 0.51171875 0.5820671875000001 0.5205078125
5 0.5453203125 0.673828125 0.54566875 0.6814375 0.5467906250000001 0.6953125 0.5467906250000001 0.7060546875 0.54875 0.7490234375 0.567859375 0.7255859375 0.5712890625 0.69140625 0.5732484375 0.66796875 0.574228125 0.623046875 0.5756984375 0.578125 0.5776578125 0.529296875 0.5668796875 0.5244140625 0.5414015625 0.5263671875 0.5453203125 0.6123046875 0.544340625 0.6650390625 0.5453203125 0.6771484375 0.5453203125 0.673828125
6 0.524253125 0.669921875 0.5296421875 0.6337890625 0.5325828125000001 0.5986328125 0.5369921875 0.5673828125 0.54238125 0.5107421875 0.5071046875 0.51171875 0.5080843749999999 0.5546875 0.5080843749999999 0.5810546875 0.5041640625 0.625 0.503675 0.6611328125 0.498284375 0.6884765625 0.515434375 0.6884765625 0.524253125 0.669921875
7 0.48113593750000005 0.5712890625 0.4772171875 0.603515625 0.475746875 0.6416015625 0.4791765625 0.6806640625 0.48407656250000003 0.703125 0.48995625 0.6826171875 0.49730468749999995 0.64453125 0.5007343750000001 0.60546875 0.5026953125 0.578125 0.5046546875 0.5419921875 0.5071046875 0.5205078125 0.496325 0.5244140625 0.48652656250000004 0.513671875 0.48113593750000005 0.5712890625
8 0.4630078125 0.6904296875 0.470846875 0.6552734375 0.4728078125 0.6357421875 0.4723171875 0.611328125 0.4723171875 0.583984375 0.4728078125 0.5732421875 0.4728078125 0.5205078125 0.4566390625 0.51171875 0.4453703125 0.5087890625 0.45026875000000005 0.6162109375 0.4517390625 0.6630859375 0.4630078125 0.6904296875
10 0.389025 0.5556640625 0.3860859375 0.6103515625 0.38804531249999996 0.6630859375 0.3806953125 0.716796875 0.381675 0.7490234375 0.3968640625 0.763671875 0.40715312499999995 0.7294921875 0.41499218750000005 0.6826171875 0.42479218750000003 0.626953125 0.432140625 0.578125 0.43655 0.53515625 0.4179328125 0.4951171875 0.3998046875 0.5244140625 0.389025 0.5556640625
12 0.33904999999999996 0.654296875 0.34296875 0.6162109375 0.3517890625 0.5908203125 0.3581578125 0.533203125 0.34835937499999997 0.515625 0.32288125 0.5224609375 0.32288125 0.5478515625 0.3194515625 0.5712890625 0.318471875 0.6103515625 0.3150421875 0.654296875 0.3140625 0.701171875 0.33121093749999997 0.69140625 0.33904999999999996 0.654296875