31 0.210190625 0.3388671875 0.1994125 0.3623046875 0.18569375 0.3896484375 0.17589375000000002 0.4091796875 0.1793234375 0.4375 0.187653125 0.4521484375 0.1954921875 0.470703125 0.21459999999999999 0.46875 0.22537968749999998 0.4287109375 0.236159375 0.400390625 0.24693749999999998 0.3642578125 0.2542875 0.326171875 0.2435078125 0.2880859375 0.22537968749999998 0.30078125 0.210190625 0.3388671875
2 0.26800625 0.328125 0.24889687500000002 0.35546875 0.24448750000000002 0.4091796875 0.23811875 0.4345703125 0.22537968749999998 0.4501953125 0.2190109375 0.4736328125 0.2190109375 0.4990234375 0.23811875 0.533203125 0.2542875 0.537109375 0.2670265625 0.509765625 0.26800625 0.4775390625 0.274375 0.44140625 0.2778046875 0.4072265625 0.2797640625 0.375 0.2797640625 0.345703125 0.26800625 0.328125
13 0.30867187500000004 0.330078125 0.2939734375 0.3369140625 0.28123437500000004 0.4072265625 0.2758453125 0.4609375 0.269475 0.4951171875 0.26800625 0.533203125 0.269475 0.55859375 0.28319375 0.556640625 0.3032828125 0.5693359375 0.31651093750000003 0.5263671875 0.3194515625 0.4814453125 0.3219015625 0.439453125 0.3258203125 0.4091796875 0.327290625 0.37109375 0.3258203125 0.330078125 0.30867187500000004 0.330078125
17 0.327290625 0.3984375 0.32288125 0.4326171875 0.3194515625 0.470703125 0.3194515625 0.509765625 0.3194515625 0.53125 0.31749218749999997 0.5546875 0.327290625 0.5654296875 0.35276874999999996 0.5625 0.3537484375 0.5224609375 0.3537484375 0.4755859375 0.3508078125 0.4326171875 0.34835937499999997 0.4072265625 0.3463984375 0.3623046875 0.327290625 0.34765625 0.327290625 0.3984375
18 0.3625671875 0.345703125 0.3508078125 0.3583984375 0.3508078125 0.3876953125 0.3508078125 0.4287109375 0.3517890625 0.4736328125 0.35276874999999996 0.5185546875 0.35276874999999996 0.5419921875 0.3517890625 0.5673828125 0.3537484375 0.5908203125 0.3782453125 0.5908203125 0.387065625 0.552734375 0.38510468750000004 0.4990234375 0.38510468750000004 0.4453125 0.3806953125 0.4052734375 0.37432656249999996 0.3583984375 0.3625671875 0.345703125
19 0.38265625000000003 0.349609375 0.38363593749999997 0.4033203125 0.387065625 0.44140625 0.387065625 0.484375 0.38804531249999996 0.5205078125 0.38804531249999996 0.552734375 0.391475 0.5927734375 0.4086234375 0.5888671875 0.41695312500000004 0.552734375 0.41695312500000004 0.51171875 0.415971875 0.48828125 0.4140125 0.419921875 0.41058281250000006 0.369140625 0.39882343750000004 0.3408203125 0.38265625000000003 0.349609375
20 0.4566390625 0.513671875 0.4566390625 0.46484375 0.45859843749999996 0.4033203125 0.45565937500000003 0.35546875 0.4385109375 0.3515625 0.4341015625 0.369140625 0.437040625 0.4091796875 0.4385109375 0.4560546875 0.4331203125 0.484375 0.42675156249999996 0.5224609375 0.42136250000000003 0.5625 0.43116093749999995 0.599609375 0.4492890625 0.599609375 0.4566390625 0.55859375 0.4566390625 0.513671875
21 0.4639875 0.3515625 0.4610484375 0.3896484375 0.46006875 0.4267578125 0.4610484375 0.46875 0.46202812499999996 0.5078125 0.4610484375 0.552734375 0.46006875 0.583984375 0.4728078125 0.6162109375 0.484565625 0.60546875 0.5007343750000001 0.5869140625 0.49926562499999994 0.560546875 0.4953453125 0.5224609375 0.4953453125 0.4814453125 0.4953453125 0.4111328125 0.49093593750000003 0.37109375 0.4791765625 0.3515625 0.4639875 0.3515625
22 0.5521796875 0.3896484375 0.537971875 0.369140625 0.521803125 0.3837890625 0.5198437499999999 0.4345703125 0.5134734375 0.4755859375 0.5110234375 0.513671875 0.501715625 0.556640625 0.4953453125 0.5947265625 0.514453125 0.6103515625 0.5325828125000001 0.607421875 0.5414015625 0.580078125 0.5414015625 0.5498046875 0.544340625 0.509765625 0.5467906250000001 0.46875 0.5521796875 0.3896484375
30 0.5595296875 0.3896484375 0.5531609375000001 0.4345703125 0.54875 0.4794921875 0.54875 0.53125 0.54238125 0.55859375 0.5477703125 0.5966796875 0.5688390625 0.5966796875 0.5786374999999999 0.5673828125 0.5756984375 0.515625 0.57226875 0.484375 0.576678125 0.4501953125 0.57226875 0.4130859375 0.570309375 0.3818359375 0.5595296875 0.3896484375
29 0.6173437500000001 0.373046875 0.6099953124999999 0.3427734375 0.59480625 0.33203125 0.5903968749999999 0.373046875 0.5903968749999999 0.3984375 0.5894171874999999 0.4306640625 0.5850078125 0.470703125 0.584028125 0.5078125 0.576678125 0.537109375 0.5796171875 0.5673828125 0.5850078125 0.5927734375 0.597746875 0.5908203125 0.608525 0.5869140625 0.612934375 0.560546875 0.6148953125000001 0.53125 0.6148953125000001 0.4990234375 0.6173437500000001 0.462890625 0.6173437500000001 0.416015625 0.6173437500000001 0.373046875
23 0.6217546875 0.330078125 0.6193046875 0.376953125 0.6163640625 0.421875 0.6163640625 0.470703125 0.6148953125000001 0.5263671875 0.6148953125000001 0.560546875 0.6344921875 0.58203125 0.6418421875 0.5625 0.6398828125 0.5224609375 0.642821875 0.48828125 0.6438015625 0.44140625 0.6418421875 0.392578125 0.6418421875 0.345703125 0.6217546875 0.330078125
24 0.6506609375 0.3642578125 0.6482109375 0.4052734375 0.6462515625 0.4345703125 0.6462515625 0.48828125 0.6408625 0.53125 0.652621875 0.5673828125 0.67711875 0.5478515625 0.6761390625 0.513671875 0.6697703125000001 0.4775390625 0.6687890624999999 0.4501953125 0.6687890624999999 0.3896484375 0.665359375 0.3623046875 0.6506609375 0.3642578125
25 0.6761390625 0.353515625 0.6780984375 0.4111328125 0.6780984375 0.443359375 0.6780984375 0.4775390625 0.6780984375 0.5078125 0.67711875 0.5439453125 0.6898578125 0.5546875 0.7123953125 0.5478515625 0.725625 0.537109375 0.7202359375 0.4794921875 0.70945625 0.4345703125 0.7050468750000001 0.3818359375 0.697696875 0.34765625 0.6761390625 0.353515625
26 0.7158249999999999 0.34765625 0.718765625 0.39453125 0.7202359375 0.4345703125 0.7202359375 0.4755859375 0.7329734375 0.51171875 0.7447328125 0.4970703125 0.751103125 0.5009765625 0.763840625 0.484375 0.7628609375 0.4501953125 0.7520828125000001 0.4033203125 0.7491421875000001 0.326171875 0.7329734375 0.302734375 0.7158249999999999 0.30859375 0.7158249999999999 0.34765625
27 0.7339546875 0.3173828125 0.7466921875 0.330078125 0.7530625 0.376953125 0.7599218750000001 0.4091796875 0.7628609375 0.4453125 0.7790296875 0.4609375 0.793728125 0.470703125 0.796178125 0.44140625 0.7907890625 0.419921875 0.7873593750000001 0.37109375 0.7746203125 0.330078125 0.7599218750000001 0.283203125 0.737384375 0.2724609375 0.7339546875 0.3173828125
28 0.7457125 0.576171875 0.7584515625 0.599609375 0.77168125 0.6484375 0.7863796875 0.6611328125 0.803528125 0.6611328125 0.7927484375 0.626953125 0.7809890625 0.603515625 0.7863796875 0.58203125 0.7927484375 0.599609375 0.8089171875 0.625 0.8177359375 0.623046875 0.8079375000000001 0.5927734375 0.7951984375000001 0.560546875 0.796178125 0.5205078125 0.7873593750000001 0.4951171875 0.7672703125 0.509765625 0.7466921875 0.5244140625 0.7339546875 0.5419921875 0.7457125 0.576171875
0 0.697696875 0.5859375 0.688878125 0.6162109375 0.7040671875 0.6484375 0.7202359375 0.6650390625 0.737384375 0.693359375 0.7564921874999999 0.7275390625 0.77168125 0.736328125 0.763840625 0.7099609375 0.7520828125000001 0.6865234375 0.73934375 0.6591796875 0.7285640625 0.6376953125 0.7491421875000001 0.6376953125 0.764821875 0.673828125 0.7756000000000001 0.697265625 0.78441875 0.7041015625 0.780009375 0.67578125 0.76923125 0.6416015625 0.7584515625 0.62890625 0.7530625 0.599609375 0.7427734375 0.5732421875 0.72954375 0.5419921875 0.7158249999999999 0.556640625 0.697696875 0.5859375
3 0.6173437500000001 0.6416015625 0.629103125 0.673828125 0.636453125 0.7080078125 0.642821875 0.736328125 0.652621875 0.7724609375 0.6609499999999999 0.791015625 0.6609499999999999 0.7509765625 0.65703125 0.7099609375 0.65458125 0.67578125 0.6482109375 0.6416015625 0.6482109375 0.6103515625 0.6237140625 0.5966796875 0.6173437500000001 0.6201171875 0.6173437500000001 0.6416015625
4 0.584028125 0.6572265625 0.5938265625 0.6953125 0.610975 0.74609375 0.618325 0.7724609375 0.6256734374999999 0.8037109375 0.6374328125 0.810546875 0.6310625 0.765625 0.6281234375 0.7275390625 0.6246937499999999 0.6953125 0.618325 0.669921875 0.618325 0.6376953125 0.6055859375 0.60546875 0.5903968749999999 0.626953125 0.584028125 0.6572265625
5 0.5507109375 0.62890625 0.5433609374999999 0.646484375 0.5467906250000001 0.69140625 0.5595296875 0.740234375 0.570309375 0.78515625 0.5884375000000001 0.830078125 0.608525 0.8486328125 0.608525 0.8125 0.6001953125 0.7802734375 0.5938265625 0.7490234375 0.5859875 0.7314453125 0.5859875 0.6953125 0.584028125 0.6630859375 0.5820671875000001 0.6357421875 0.567859375 0.62890625 0.5507109375 0.62890625
6 0.5188640625 0.671875 0.521803125 0.72265625 0.524253125 0.763671875 0.530621875 0.7958984375 0.5433609374999999 0.8125 0.54875 0.7890625 0.5477703125 0.763671875 0.5433609374999999 0.736328125 0.53993125 0.69140625 0.5433609374999999 0.6611328125 0.5433609374999999 0.630859375 0.528171875 0.630859375 0.514453125 0.64453125 0.5188640625 0.671875
7 0.49730468749999995 0.7099609375 0.49730468749999995 0.736328125 0.5026953125 0.7568359375 0.5110234375 0.767578125 0.5188640625 0.7275390625 0.5164140625 0.6884765625 0.51249375 0.65234375 0.5071046875 0.630859375 0.49387499999999995 0.630859375 0.485546875 0.630859375 0.4889765625 0.6650390625 0.49730468749999995 0.7099609375
8 0.46006875 0.6953125 0.46006875 0.7275390625 0.45859843749999996 0.7548828125 0.46202812499999996 0.787109375 0.4747671875 0.7978515625 0.4772171875 0.7744140625 0.47819687499999997 0.736328125 0.4791765625 0.7041015625 0.4821171875 0.671875 0.48652656250000004 0.6357421875 0.47182812500000004 0.6337890625 0.46006875 0.630859375 0.46006875 0.669921875 0.46006875 0.6953125
9 0.42675156249999996 0.693359375 0.4287109375 0.7294921875 0.432140625 0.76171875 0.4404703125 0.7783203125 0.44782031250000004 0.7314453125 0.45125000000000004 0.69921875 0.45320937499999997 0.669921875 0.4546796875 0.650390625 0.4546796875 0.62890625 0.43753125 0.62890625 0.42136250000000003 0.6416015625 0.42675156249999996 0.693359375
10 0.39539375 0.626953125 0.389025 0.650390625 0.38804531249999996 0.6826171875 0.389025 0.72265625 0.39539375 0.76171875 0.39784375 0.791015625 0.400784375 0.810546875 0.409603125 0.806640625 0.41156249999999994 0.7783203125 0.4125421875 0.74609375 0.415971875 0.716796875 0.42136250000000003 0.6845703125 0.425771875 0.6572265625 0.425771875 0.626953125 0.409603125 0.626953125 0.39539375 0.626953125
11 0.357178125 0.626953125 0.35276874999999996 0.6591796875 0.34835937499999997 0.7060546875 0.34835937499999997 0.736328125 0.3493390625 0.763671875 0.3493390625 0.7998046875 0.3601171875 0.8125 0.370896875 0.7763671875 0.3718765625 0.740234375 0.37530625 0.71875 0.38363593749999997 0.6845703125 0.3860859375 0.65234375 0.3806953125 0.626953125 0.36550781250000003 0.6201171875 0.357178125 0.626953125
12 0.33121093749999997 0.6103515625 0.3238609375 0.626953125 0.3238609375 0.66796875 0.318471875 0.7080078125 0.31308125000000003 0.744140625 0.3101421875 0.76953125 0.3101421875 0.7890625 0.31749218749999997 0.810546875 0.333659375 0.7802734375 0.3400296875 0.7490234375 0.34541875 0.7099609375 0.3463984375 0.6806640625 0.354728125 0.650390625 0.354728125 0.6142578125 0.34541875 0.6103515625 0.33121093749999997 0.6103515625
14 0.27045625 0.578125 0.256246875 0.5712890625 0.24252812499999998 0.6015625 0.22537968749999998 0.6337890625 0.2111703125 0.6591796875 0.2018625 0.6865234375 0.1994125 0.7041015625 0.2018625 0.7255859375 0.210190625 0.7490234375 0.236159375 0.7314453125 0.25967656250000004 0.7080078125 0.27339531250000004 0.6806640625 0.2915234375 0.6611328125 0.3032828125 0.6376953125 0.2915234375 0.6123046875 0.28123437500000004 0.599609375 0.27045625 0.578125
15 0.23517812500000002 0.5390625 0.22440000000000002 0.5244140625 0.2111703125 0.513671875 0.20382187499999999 0.4970703125 0.1954921875 0.53125 0.1847140625 0.560546875 0.16119531250000002 0.5966796875 0.1504171875 0.6162109375 0.157765625 0.6357421875 0.1773640625 0.626953125 0.1954921875 0.6142578125 0.1910828125 0.6376953125 0.17834375 0.654296875 0.167565625 0.6650390625 0.16952499999999998 0.6826171875 0.18569375 0.69140625 0.2028421875 0.673828125 0.21362031250000002 0.6396484375 0.226359375 0.6181640625 0.240078125 0.6015625 0.2552671875 0.5712890625 0.24693749999999998 0.5498046875 0.23517812500000002 0.5390625