2 0.39453125 0.256246875 0.3369140625 0.2552671875 0.3515625 0.276825 0.3837890625 0.2876046875 0.423828125 0.29495312500000004 0.4736328125 0.2959328125 0.5009765625 0.2969125 0.5478515625 0.2822140625 0.5458984375 0.2616359375 0.53125 0.2533078125 0.5048828125 0.24154843750000002 0.484375 0.2542875 0.443359375 0.256246875 0.39453125 0.256246875
13 0.4541015625 0.3032828125 0.4306640625 0.30034375 0.3818359375 0.29299375 0.34765625 0.3032828125 0.3369140625 0.3238609375 0.3642578125 0.33904999999999996 0.39453125 0.34394843750000004 0.44140625 0.347378125 0.490234375 0.3508078125 0.5263671875 0.357178125 0.55859375 0.341009375 0.55859375 0.3194515625 0.556640625 0.3076921875 0.5478515625 0.2969125 0.5185546875 0.2969125 0.4921875 0.30034375 0.4541015625 0.3032828125
18 0.5224609375 0.3718765625 0.48828125 0.37530625 0.4453125 0.3762859375 0.3876953125 0.3762859375 0.3515625 0.38265625000000003 0.3984375 0.3968640625 0.4453125 0.39784375 0.4814453125 0.39784375 0.5224609375 0.39784375 0.576171875 0.3998046875 0.5947265625 0.3900046875 0.5947265625 0.37432656249999996 0.5712890625 0.36648749999999997 0.5498046875 0.36648749999999997 0.5224609375 0.3718765625
19 0.369140625 0.42136250000000003 0.423828125 0.4287109375 0.4609375 0.43116093749999995 0.5078125 0.43116093749999995 0.55859375 0.4360609375 0.5869140625 0.4287109375 0.5966796875 0.41156249999999994 0.5712890625 0.3998046875 0.53125 0.4042140625 0.46484375 0.39882343750000004 0.4267578125 0.39882343750000004 0.3837890625 0.39882343750000004 0.3583984375 0.393434375 0.330078125 0.391475 0.3115234375 0.3968640625 0.3173828125 0.4086234375 0.369140625 0.42136250000000003
20 0.373046875 0.4331203125 0.3583984375 0.44145 0.37109375 0.45761874999999996 0.4111328125 0.45761874999999996 0.4609375 0.45859843749999996 0.484375 0.4610484375 0.5185546875 0.46202812499999996 0.5439453125 0.46496875 0.5859375 0.46545781249999996 0.5888671875 0.45320937499999997 0.5859375 0.43753125 0.5498046875 0.439490625 0.5185546875 0.4360609375 0.490234375 0.43508125 0.447265625 0.4331203125 0.4091796875 0.4331203125 0.373046875 0.4331203125
22 0.416015625 0.5316015625 0.46875 0.5316015625 0.509765625 0.5325828125000001 0.53125 0.530621875 0.5830078125 0.5320921875 0.583984375 0.516903125 0.587890625 0.4997546875 0.5078125 0.4997546875 0.4541015625 0.501715625 0.400390625 0.503675 0.349609375 0.514453125 0.326171875 0.530621875 0.416015625 0.5316015625
30 0.3515625 0.5688390625 0.400390625 0.56491875 0.447265625 0.56491875 0.4921875 0.5624687500000001 0.5224609375 0.5639390625 0.5546875 0.5658984375 0.58203125 0.5570796875 0.58203125 0.5369921875 0.537109375 0.5335625 0.4951171875 0.5335625 0.4375 0.5389515625 0.376953125 0.5433609374999999 0.3369140625 0.5561 0.3515625 0.5688390625
29 0.4453125 0.570309375 0.3984375 0.57226875 0.306640625 0.583046875 0.328125 0.6031359375 0.3857421875 0.608525 0.484375 0.6031359375 0.537109375 0.599215625 0.5673828125 0.5884375000000001 0.583984375 0.576678125 0.5546875 0.5658984375 0.5244140625 0.5658984375 0.4970703125 0.567859375 0.4453125 0.570309375
24 0.3408203125 0.6310625 0.33203125 0.651640625 0.396484375 0.6536015625 0.447265625 0.6560515625 0.5263671875 0.6580109375000001 0.5625 0.6580109375000001 0.5654296875 0.64723125 0.5673828125 0.629103125 0.537109375 0.6163640625 0.4921875 0.6237140625 0.4501953125 0.626653125 0.4091796875 0.629103125 0.373046875 0.629103125 0.3408203125 0.6310625
25 0.4306640625 0.665359375 0.392578125 0.665359375 0.3603515625 0.6643796875 0.328125 0.6624203125 0.32421875 0.6795687499999999 0.328125 0.6942671875 0.3349609375 0.70700625 0.375 0.7030875 0.4091796875 0.6996578125 0.4501953125 0.6967171875 0.466796875 0.7030875 0.4970703125 0.70700625 0.5244140625 0.70945625 0.556640625 0.7006375 0.5478515625 0.6898578125 0.560546875 0.6687890624999999 0.552734375 0.6599703124999999 0.51171875 0.658990625 0.46484375 0.6634 0.4306640625 0.665359375
26 0.3642578125 0.7104359375 0.3193359375 0.7241546875 0.34765625 0.737384375 0.3984375 0.73934375 0.4326171875 0.7427734375 0.466796875 0.7564921874999999 0.53515625 0.7359140625 0.53125 0.7212156249999999 0.5078125 0.711415625 0.4775390625 0.70945625 0.4453125 0.70945625 0.4052734375 0.70945625 0.3642578125 0.7104359375
28 0.7333984375 0.73934375 0.6572265625 0.7212156249999999 0.6181640625 0.7104359375 0.580078125 0.7060265625000001 0.560546875 0.7177859375 0.5458984375 0.734934375 0.5625 0.7501218749999999 0.6120328125000001 0.75431875 0.6572265625 0.7765796875000001 0.6826171875 0.7854 0.7275390625 0.76188125 0.7333984375 0.73934375
0 0.6572265625 0.6780984375 0.6865234375 0.681528125 0.71875 0.6932875000000001 0.74609375 0.7040671875 0.7744140625 0.7016171875 0.76171875 0.6805484374999999 0.7021484375 0.6643796875 0.6572265625 0.6560515625 0.6142578125 0.6462515625 0.6015625 0.6609499999999999 0.583984375 0.6805484374999999 0.5869140625 0.6996578125 0.625 0.7006375 0.6572265625 0.7030875 0.6884765625 0.7138656250000001 0.72265625 0.723175 0.7529296875 0.727584375 0.74609375 0.718765625 0.71875 0.7123953125 0.6953125 0.7040671875 0.677734375 0.695246875 0.6572265625 0.6780984375
4 0.6123046875 0.5957859375 0.5908203125 0.610975 0.625 0.6227343750000001 0.6845703125 0.6246937499999999 0.71484375 0.620284375 0.7900390625 0.618325 0.7666015625 0.6173437500000001 0.76953125 0.6031359375 0.7275390625 0.6031359375 0.67578125 0.6001953125 0.6357421875 0.5938265625 0.6123046875 0.5957859375
5 0.6396484375 0.570309375 0.607421875 0.567859375 0.599609375 0.5884375000000001 0.6416015625 0.59480625 0.7041015625 0.592846875 0.765625 0.5894171874999999 0.8291015625 0.5796171875 0.814453125 0.5668796875 0.791015625 0.5688390625 0.765625 0.57226875 0.6865234375 0.570309375 0.6396484375 0.570309375
6 0.646484375 0.5369921875 0.5927734375 0.5360125 0.6337890625 0.56491875 0.6884765625 0.5614890625 0.74609375 0.5614890625 0.7978515625 0.5595296875 0.830078125 0.560509375 0.830078125 0.5477703125 0.78515625 0.5433609374999999 0.7119140625 0.5433609374999999 0.646484375 0.5369921875
7 0.716796875 0.515434375 0.654296875 0.5110234375 0.6123046875 0.51249375 0.625 0.5360125 0.654296875 0.5369921875 0.6953125 0.53993125 0.740234375 0.54238125 0.791015625 0.54238125 0.830078125 0.5433609374999999 0.8505859375 0.5355218749999999 0.8447265625 0.530621875 0.8193359375 0.5227828125 0.7744140625 0.5227828125 0.716796875 0.515434375
8 0.6435546875 0.48652656250000004 0.6123046875 0.498284375 0.623046875 0.515434375 0.66796875 0.5134734375 0.7294921875 0.5188640625 0.7763671875 0.5227828125 0.8212890625 0.5208234375 0.8037109375 0.5007343750000001 0.7763671875 0.5007343750000001 0.7509765625 0.49730468749999995 0.6845703125 0.4933859375 0.6435546875 0.48652656250000004
9 0.609375 0.4762375 0.6240234375 0.485546875 0.642578125 0.49387499999999995 0.6787109375 0.49289531249999996 0.7138671875 0.49436562500000003 0.75 0.496815625 0.7802734375 0.498284375 0.8056640625 0.496815625 0.8173828125 0.48162656249999997 0.7880859375 0.4674171875 0.7490234375 0.46496875 0.7265625 0.4639875 0.6884765625 0.4639875 0.6630859375 0.4634984375 0.6318359375 0.46496875 0.609375 0.4762375
10 0.6455078125 0.43459062499999995 0.6171875 0.4409609375 0.599609375 0.457128125 0.6123046875 0.4674171875 0.634765625 0.4713375 0.673828125 0.47035781249999997 0.7158203125 0.4683984375 0.7548828125 0.4674171875 0.794921875 0.46643749999999995 0.828125 0.46643749999999995 0.8544921875 0.46202812499999996 0.8466796875 0.439490625 0.80859375 0.4404703125 0.78515625 0.43655 0.744140625 0.43459062499999995 0.7109375 0.43165156250000003 0.6787109375 0.43263125 0.6455078125 0.43459062499999995
12 0.6044921875 0.3949046875 0.609375 0.41107343749999997 0.6298828125 0.4243015625 0.650390625 0.4341015625 0.6708984375 0.42038281250000004 0.6962890625 0.41009375 0.716796875 0.395884375 0.744140625 0.3860859375 0.7705078125 0.3767765625 0.794921875 0.36648749999999997 0.8134765625 0.349828125 0.826171875 0.338559375 0.7958984375 0.3356203125 0.7578125 0.349828125 0.7119140625 0.3630578125 0.6884765625 0.36795625 0.66015625 0.373346875 0.6279296875 0.3806953125 0.6044921875 0.3949046875
14 0.6806640625 0.3145515625 0.6396484375 0.31308125000000003 0.6015625 0.3145515625 0.5947265625 0.327290625 0.59375 0.3419890625 0.5869140625 0.3561984375 0.6044921875 0.3718765625 0.609375 0.3860859375 0.634765625 0.3919640625 0.6552734375 0.384125 0.6826171875 0.3718765625 0.7080078125 0.36795625 0.7490234375 0.35766718750000004 0.779296875 0.345909375 0.787109375 0.3258203125 0.7578125 0.3331703125 0.728515625 0.3375796875 0.701171875 0.341009375 0.75 0.31798125 0.7822265625 0.3081828125 0.7822265625 0.292503125 0.759765625 0.29495312500000004 0.734375 0.3018125 0.703125 0.3067125 0.6806640625 0.3145515625
16 0.6220703125 0.29005312499999997 0.64453125 0.2851546875 0.6494140625 0.27339531250000004 0.6494140625 0.2577171875 0.6474609375 0.24301875 0.6630859375 0.2297890625 0.677734375 0.21999062500000002 0.6728515625 0.20578124999999997 0.6533203125 0.19696249999999998 0.6201171875 0.198921875 0.5869140625 0.2028421875 0.57421875 0.22587031249999998 0.568359375 0.24252812499999998 0.5732421875 0.2616359375 0.5732421875 0.2758453125 0.599609375 0.2871140625 0.6220703125 0.29005312499999997
21 0.4580078125 0.480646875 0.4677734375 0.4953453125 0.4921875 0.4948546875 0.5849609375 0.498284375 0.59375 0.47525781250000004 0.58203125 0.4713375 0.513671875 0.4679078125 0.4716796875 0.4659484375 0.4580078125 0.480646875