31 0.25967656250000004 0.4111328125 0.2542875 0.4521484375 0.2435078125 0.484375 0.2542875 0.515625 0.26800625 0.533203125 0.2915234375 0.509765625 0.29495312500000004 0.46484375 0.2915234375 0.400390625 0.28319375 0.3515625 0.26506562499999997 0.328125 0.25967656250000004 0.376953125 0.25967656250000004 0.4111328125
2 0.33121093749999997 0.3837890625 0.3121015625 0.3662109375 0.2983828125 0.396484375 0.2983828125 0.4375 0.2959328125 0.4775390625 0.2959328125 0.5224609375 0.31308125000000003 0.5419921875 0.33464062499999997 0.5546875 0.3366 0.529296875 0.3370890625 0.4990234375 0.33464062499999997 0.4521484375 0.332190625 0.41796875 0.33121093749999997 0.3837890625
13 0.3601171875 0.5517578125 0.3625671875 0.4951171875 0.3625671875 0.4306640625 0.357178125 0.4052734375 0.3375796875 0.4072265625 0.3366 0.46875 0.3366 0.5224609375 0.34296875 0.5546875 0.3601171875 0.5517578125
17 0.370896875 0.3818359375 0.370896875 0.421875 0.3699171875 0.447265625 0.3645265625 0.4951171875 0.3645265625 0.53125 0.370896875 0.552734375 0.38510468750000004 0.552734375 0.3924546875 0.5224609375 0.389025 0.4951171875 0.38363593749999997 0.4345703125 0.389025 0.3857421875 0.38265625000000003 0.3408203125 0.370896875 0.3818359375
18 0.393434375 0.4541015625 0.393434375 0.490234375 0.39784375 0.5185546875 0.41058281250000006 0.5263671875 0.429690625 0.4990234375 0.42136250000000003 0.447265625 0.415971875 0.4111328125 0.4140125 0.3818359375 0.4125421875 0.3427734375 0.39539375 0.3427734375 0.39784375 0.4033203125 0.393434375 0.4541015625
20 0.46006875 0.4130859375 0.46496875 0.447265625 0.47182812500000004 0.5029296875 0.4772171875 0.5498046875 0.5110234375 0.552734375 0.5090640625 0.517578125 0.4953453125 0.4501953125 0.485546875 0.396484375 0.48113593750000005 0.35546875 0.4566390625 0.3662109375 0.46006875 0.4130859375
22 0.53993125 0.3408203125 0.5198437499999999 0.353515625 0.5198437499999999 0.3984375 0.5164140625 0.4453125 0.51004375 0.490234375 0.5071046875 0.5419921875 0.521803125 0.552734375 0.54238125 0.560546875 0.5453203125 0.533203125 0.544340625 0.5048828125 0.5472812499999999 0.4736328125 0.54973125 0.4287109375 0.5477703125 0.3798828125 0.53993125 0.3408203125
30 0.5551203124999999 0.423828125 0.54973125 0.4794921875 0.5467906250000001 0.4970703125 0.54875 0.533203125 0.5570796875 0.5458984375 0.5756984375 0.552734375 0.576678125 0.5185546875 0.576678125 0.4755859375 0.5786374999999999 0.419921875 0.5756984375 0.328125 0.560509375 0.369140625 0.5551203124999999 0.423828125
29 0.592846875 0.4072265625 0.584028125 0.447265625 0.583046875 0.4755859375 0.576678125 0.515625 0.5874578125000001 0.5419921875 0.599215625 0.5498046875 0.610975 0.5390625 0.608525 0.5009765625 0.608525 0.4501953125 0.6173437500000001 0.3837890625 0.612934375 0.322265625 0.596765625 0.369140625 0.592846875 0.4072265625
25 0.695246875 0.345703125 0.681528125 0.373046875 0.6717296875 0.400390625 0.6697703125000001 0.44140625 0.6697703125000001 0.4794921875 0.6643796875 0.5029296875 0.6609499999999999 0.5390625 0.6673203125 0.5654296875 0.6878984375 0.5654296875 0.6996578125 0.5546875 0.7060265625000001 0.5185546875 0.70945625 0.48828125 0.7104359375 0.4267578125 0.70700625 0.3818359375 0.695246875 0.345703125
4 0.5889265625 0.7197265625 0.597746875 0.7744140625 0.6099953124999999 0.765625 0.6119546875 0.71875 0.6119546875 0.66796875 0.60460625 0.6396484375 0.6001953125 0.607421875 0.5859875 0.623046875 0.5850078125 0.646484375 0.587946875 0.68359375 0.5889265625 0.7197265625
6 0.521803125 0.6865234375 0.5188640625 0.720703125 0.5355218749999999 0.7265625 0.5433609374999999 0.6884765625 0.5467906250000001 0.646484375 0.5433609374999999 0.60546875 0.5414015625 0.5732421875 0.5227828125 0.5732421875 0.521803125 0.6162109375 0.521803125 0.6591796875 0.521803125 0.6865234375
7 0.5262125 0.69140625 0.5262125 0.6357421875 0.5188640625 0.583984375 0.498284375 0.578125 0.5007343750000001 0.6640625 0.5090640625 0.71875 0.5262125 0.69140625
8 0.484565625 0.697265625 0.48407656250000003 0.7255859375 0.503675 0.740234375 0.501715625 0.6845703125 0.501715625 0.6611328125 0.501715625 0.6357421875 0.5007343750000001 0.6103515625 0.49730468749999995 0.576171875 0.4791765625 0.576171875 0.48113593750000005 0.625 0.48113593750000005 0.6689453125 0.484565625 0.697265625
9 0.4791765625 0.759765625 0.47819687499999997 0.7294921875 0.48015625 0.69140625 0.4747671875 0.65234375 0.46643749999999995 0.6181640625 0.4492890625 0.6142578125 0.4566390625 0.673828125 0.45761874999999996 0.7041015625 0.4610484375 0.744140625 0.4791765625 0.759765625
10 0.42332187499999996 0.7529296875 0.4360609375 0.78515625 0.4448796875 0.759765625 0.4448796875 0.7099609375 0.4448796875 0.66796875 0.4492890625 0.6376953125 0.43116093749999995 0.6142578125 0.42773125 0.6484375 0.41891249999999997 0.6650390625 0.41891249999999997 0.716796875 0.42332187499999996 0.7529296875
5 0.5600203125000001 0.767578125 0.5668796875 0.76171875 0.581578125 0.685546875 0.5805984375000001 0.646484375 0.5761875 0.619140625 0.5629593749999999 0.6142578125 0.55365 0.640625 0.5526703125 0.7021484375 0.5575703125 0.7529296875 0.5600203125000001 0.767578125