31 0.7050468750000001 0.53515625 0.7084765625 0.599609375 0.71680625 0.6484375 0.734934375 0.671875 0.7403234375000001 0.623046875 0.7403234375000001 0.5888671875 0.7457125 0.5478515625 0.7564921874999999 0.515625 0.7457125 0.484375 0.73199375 0.466796875 0.7084765625 0.490234375 0.7050468750000001 0.53515625
2 0.68691875 0.4580078125 0.665359375 0.4453125 0.6634 0.470703125 0.6629109375 0.5009765625 0.665359375 0.5478515625 0.667809375 0.58203125 0.6687890624999999 0.6162109375 0.6878984375 0.6337890625 0.7016171875 0.603515625 0.7016171875 0.5625 0.7040671875 0.5224609375 0.7040671875 0.4775390625 0.68691875 0.4580078125
13 0.6634 0.4775390625 0.65703125 0.4453125 0.6398828125 0.4482421875 0.6374328125 0.5048828125 0.6374328125 0.5693359375 0.642821875 0.5947265625 0.6624203125 0.5927734375 0.6634 0.53125 0.6634 0.4775390625
17 0.6148953125000001 0.447265625 0.6075453125 0.4775390625 0.610975 0.5048828125 0.6163640625 0.5654296875 0.610975 0.6142578125 0.6173437500000001 0.6591796875 0.629103125 0.6181640625 0.629103125 0.578125 0.6300828125 0.552734375 0.6354734375 0.5048828125 0.6354734375 0.46875 0.629103125 0.447265625 0.6148953125000001 0.447265625
18 0.584028125 0.5888671875 0.5859875 0.6181640625 0.5874578125000001 0.6572265625 0.60460625 0.6572265625 0.60215625 0.5966796875 0.606565625 0.5458984375 0.606565625 0.509765625 0.60215625 0.4814453125 0.5894171874999999 0.4736328125 0.570309375 0.5009765625 0.5786374999999999 0.552734375 0.584028125 0.5888671875
20 0.5046546875 0.5498046875 0.514453125 0.603515625 0.5188640625 0.64453125 0.5433609374999999 0.6337890625 0.53993125 0.5869140625 0.5350312500000001 0.552734375 0.528171875 0.4970703125 0.5227828125 0.4501953125 0.4889765625 0.447265625 0.49093593750000003 0.482421875 0.5046546875 0.5498046875
22 0.47819687499999997 0.447265625 0.45761874999999996 0.439453125 0.4546796875 0.466796875 0.45565937500000003 0.4951171875 0.45271875 0.5263671875 0.45026875000000005 0.5712890625 0.45222968750000003 0.6201171875 0.46006875 0.6591796875 0.48015625 0.646484375 0.48015625 0.6015625 0.4835859375 0.5546875 0.48995625 0.509765625 0.49289531249999996 0.4580078125 0.47819687499999997 0.447265625
30 0.42332187499999996 0.4814453125 0.42332187499999996 0.5244140625 0.42136250000000003 0.580078125 0.4243015625 0.671875 0.439490625 0.630859375 0.4448796875 0.576171875 0.45026875000000005 0.5205078125 0.45320937499999997 0.5029296875 0.45125000000000004 0.466796875 0.44292031249999997 0.4541015625 0.4243015625 0.447265625 0.42332187499999996 0.4814453125
29 0.389025 0.4609375 0.391475 0.4990234375 0.391475 0.5498046875 0.38265625000000003 0.6162109375 0.387065625 0.677734375 0.403234375 0.630859375 0.40715312499999995 0.5927734375 0.415971875 0.552734375 0.41695312500000004 0.5244140625 0.42332187499999996 0.484375 0.4125421875 0.4580078125 0.400784375 0.4501953125 0.389025 0.4609375
25 0.33904999999999996 0.4609375 0.3326796875 0.4345703125 0.3121015625 0.4345703125 0.30034375 0.4453125 0.2939734375 0.4814453125 0.29054375 0.51171875 0.2895640625 0.5732421875 0.29299375 0.6181640625 0.304753125 0.654296875 0.318471875 0.626953125 0.3282703125 0.599609375 0.33022968750000004 0.55859375 0.33022968750000004 0.5205078125 0.3356203125 0.4970703125 0.33904999999999996 0.4609375
4 0.3998046875 0.392578125 0.4140125 0.376953125 0.41499218750000005 0.353515625 0.412053125 0.31640625 0.41107343749999997 0.2802734375 0.402253125 0.2255859375 0.3900046875 0.234375 0.38804531249999996 0.28125 0.38804531249999996 0.33203125 0.39539375 0.3603515625 0.3998046875 0.392578125
6 0.45859843749999996 0.4267578125 0.4772171875 0.4267578125 0.47819687499999997 0.3837890625 0.47819687499999997 0.3408203125 0.47819687499999997 0.3134765625 0.48113593750000005 0.279296875 0.464478125 0.2734375 0.4566390625 0.3115234375 0.45320937499999997 0.353515625 0.4566390625 0.39453125 0.45859843749999996 0.4267578125
7 0.4737875 0.30859375 0.4737875 0.3642578125 0.48113593750000005 0.416015625 0.501715625 0.421875 0.49926562499999994 0.3359375 0.49093593750000003 0.28125 0.4737875 0.30859375
8 0.49926562499999994 0.3896484375 0.5026953125 0.423828125 0.5208234375 0.423828125 0.5188640625 0.375 0.5188640625 0.3310546875 0.515434375 0.302734375 0.5159234374999999 0.2744140625 0.496325 0.259765625 0.498284375 0.3154296875 0.498284375 0.3388671875 0.498284375 0.3642578125 0.49926562499999994 0.3896484375
9 0.5433609374999999 0.326171875 0.54238125 0.2958984375 0.5389515625 0.255859375 0.5208234375 0.240234375 0.521803125 0.2705078125 0.5198437499999999 0.30859375 0.5252328125 0.34765625 0.5335625 0.3818359375 0.5507109375 0.3857421875 0.5433609374999999 0.326171875
10 0.5688390625 0.3857421875 0.57226875 0.3515625 0.5810875 0.3349609375 0.5810875 0.283203125 0.576678125 0.2470703125 0.5639390625 0.21484375 0.5551203124999999 0.240234375 0.5551203124999999 0.2900390625 0.5551203124999999 0.33203125 0.5507109375 0.3623046875 0.5688390625 0.3857421875
5 0.44634999999999997 0.359375 0.4473296875 0.2978515625 0.44242968749999995 0.2470703125 0.4399796875 0.232421875 0.4331203125 0.23828125 0.41842187500000005 0.314453125 0.41940156249999994 0.353515625 0.42381250000000004 0.380859375 0.437040625 0.3857421875 0.44634999999999997 0.359375