31 0.2209703125 0.6953125 0.23517812500000002 0.69140625 0.22782968750000002 0.623046875 0.2209703125 0.583984375 0.2234203125 0.5419921875 0.212640625 0.5224609375 0.2028421875 0.509765625 0.1930421875 0.5244140625 0.181284375 0.5419921875 0.17834375 0.5654296875 0.1920625 0.6015625 0.20382187499999999 0.6357421875 0.2072515625 0.6591796875 0.2209703125 0.6953125
2 0.2454671875 0.6611328125 0.2552671875 0.6611328125 0.26506562499999997 0.650390625 0.26506562499999997 0.626953125 0.26506562499999997 0.5947265625 0.2660453125 0.5732421875 0.2670265625 0.5390625 0.2670265625 0.5048828125 0.2552671875 0.4921875 0.24154843750000002 0.484375 0.2209703125 0.5244140625 0.22537968749999998 0.5458984375 0.2297890625 0.583984375 0.23909843749999998 0.6337890625 0.2454671875 0.6611328125
13 0.284175 0.60546875 0.2969125 0.6484375 0.3140625 0.6337890625 0.311121875 0.6015625 0.3101421875 0.55859375 0.3194515625 0.5029296875 0.3101421875 0.4775390625 0.2983828125 0.4755859375 0.28319375 0.470703125 0.2714359375 0.4794921875 0.27045625 0.5029296875 0.2714359375 0.5263671875 0.2758453125 0.5732421875 0.284175 0.60546875
17 0.34835937499999997 0.6484375 0.3493390625 0.599609375 0.3493390625 0.556640625 0.3508078125 0.5244140625 0.347378125 0.4814453125 0.3356203125 0.4736328125 0.3219015625 0.486328125 0.3219015625 0.5224609375 0.327290625 0.5732421875 0.33121093749999997 0.6103515625 0.3375796875 0.669921875 0.34835937499999997 0.6484375
18 0.3493390625 0.650390625 0.3625671875 0.6630859375 0.3718765625 0.6123046875 0.38265625000000003 0.580078125 0.3860859375 0.5498046875 0.3900046875 0.515625 0.3900046875 0.484375 0.3718765625 0.46484375 0.35276874999999996 0.470703125 0.3508078125 0.490234375 0.3493390625 0.513671875 0.3493390625 0.5712890625 0.3493390625 0.6103515625 0.3493390625 0.650390625
19 0.3860859375 0.669921875 0.3806953125 0.7255859375 0.400784375 0.7080078125 0.40715312499999995 0.6845703125 0.4125421875 0.6396484375 0.4140125 0.6142578125 0.415971875 0.560546875 0.4179328125 0.5244140625 0.4179328125 0.490234375 0.402253125 0.462890625 0.389025 0.470703125 0.3860859375 0.515625 0.3860859375 0.55859375 0.3860859375 0.6123046875 0.3860859375 0.669921875
20 0.45026875000000005 0.466796875 0.44145 0.447265625 0.42332187499999996 0.46875 0.42332187499999996 0.5078125 0.4243015625 0.537109375 0.42675156249999996 0.5673828125 0.42773125 0.6015625 0.429690625 0.650390625 0.44292031249999997 0.623046875 0.4439 0.58203125 0.4439 0.5498046875 0.44683906249999994 0.5078125 0.45026875000000005 0.466796875
21 0.4492890625 0.607421875 0.4492890625 0.6337890625 0.45026875000000005 0.6591796875 0.46643749999999995 0.671875 0.48113593750000005 0.62890625 0.48113593750000005 0.576171875 0.485546875 0.529296875 0.48995625 0.5048828125 0.491915625 0.4775390625 0.4889765625 0.4521484375 0.469378125 0.439453125 0.45125000000000004 0.4609375 0.45320937499999997 0.4990234375 0.45565937500000003 0.537109375 0.45565937500000003 0.5693359375 0.4492890625 0.607421875
22 0.49730468749999995 0.6845703125 0.51249375 0.6884765625 0.5296421875 0.7080078125 0.5296421875 0.646484375 0.530621875 0.603515625 0.5316015625 0.552734375 0.5389515625 0.515625 0.5369921875 0.4814453125 0.5325828125000001 0.4501953125 0.5164140625 0.4521484375 0.491915625 0.4580078125 0.49730468749999995 0.513671875 0.503675 0.556640625 0.503675 0.5947265625 0.49730468749999995 0.6845703125
30 0.5316015625 0.6337890625 0.5296421875 0.6630859375 0.5271921875000001 0.693359375 0.5414015625 0.69921875 0.5541406249999999 0.7099609375 0.55855 0.67578125 0.560509375 0.6337890625 0.5688390625 0.5888671875 0.5712890625 0.5419921875 0.57226875 0.4970703125 0.5614890625 0.4794921875 0.5521796875 0.4580078125 0.5369921875 0.4775390625 0.5369921875 0.529296875 0.5325828125000001 0.5546875 0.5316015625 0.5947265625 0.5316015625 0.6337890625
29 0.5786374999999999 0.693359375 0.5810875 0.7421875 0.6055859375 0.73828125 0.60215625 0.67578125 0.60215625 0.6484375 0.60215625 0.5966796875 0.606565625 0.576171875 0.6075453125 0.5439453125 0.608525 0.5029296875 0.60460625 0.46875 0.5957859375 0.4521484375 0.5820671875000001 0.470703125 0.5712890625 0.5029296875 0.5756984375 0.560546875 0.576678125 0.599609375 0.5776578125 0.6376953125 0.5786374999999999 0.693359375
23 0.62714375 0.6162109375 0.6354734375 0.6220703125 0.6482109375 0.6591796875 0.642821875 0.603515625 0.6418421875 0.5498046875 0.6418421875 0.513671875 0.6418421875 0.4775390625 0.6173437500000001 0.4736328125 0.6075453125 0.484375 0.6075453125 0.5263671875 0.6055859375 0.5625 0.6031359375 0.599609375 0.604115625 0.6259765625 0.6173437500000001 0.6318359375 0.62714375 0.6162109375
24 0.6580109375000001 0.69140625 0.6643796875 0.6416015625 0.665359375 0.603515625 0.6697703125000001 0.5693359375 0.67711875 0.5263671875 0.67711875 0.4970703125 0.6580109375000001 0.486328125 0.6418421875 0.505859375 0.6438015625 0.5498046875 0.64723125 0.5908203125 0.6482109375 0.630859375 0.6452718749999999 0.71875 0.6580109375000001 0.69140625
25 0.6834890625 0.6484375 0.68691875 0.6806640625 0.7060265625000001 0.6865234375 0.70700625 0.6416015625 0.7138656250000001 0.5712890625 0.7177859375 0.5498046875 0.7241546875 0.53515625 0.7104359375 0.5029296875 0.6986765625 0.5048828125 0.6854484375000001 0.509765625 0.67711875 0.5419921875 0.6741796875 0.580078125 0.6805484374999999 0.6103515625 0.6834890625 0.6484375
26 0.7520828125000001 0.720703125 0.7564921874999999 0.64453125 0.764821875 0.5927734375 0.764821875 0.5390625 0.751103125 0.533203125 0.7329734375 0.529296875 0.7202359375 0.5625 0.725625 0.6103515625 0.7266046875 0.6484375 0.7266046875 0.6845703125 0.737384375 0.7255859375 0.7520828125000001 0.720703125
27 0.8005875 0.630859375 0.8152859375 0.5869140625 0.79421875 0.5634765625 0.7765796875000001 0.5498046875 0.7726609375 0.599609375 0.7628609375 0.646484375 0.7609015625 0.697265625 0.7790296875 0.716796875 0.7873593750000001 0.67578125 0.8005875 0.630859375
28 0.809896875 0.4267578125 0.7902984375 0.43359375 0.7951984375000001 0.400390625 0.8069578125 0.3427734375 0.789809375 0.3837890625 0.7756000000000001 0.419921875 0.7628609375 0.46484375 0.7584515625 0.5009765625 0.780009375 0.5224609375 0.7951984375000001 0.5546875 0.8079375000000001 0.5078125 0.8089171875 0.4775390625 0.823265625 0.4259203125 0.8250859374999999 0.4150390625 0.8162671874999999 0.3984375 0.809896875 0.4267578125
0 0.7030875 0.44140625 0.6923078125 0.4609375 0.6996578125 0.4921875 0.718765625 0.4970703125 0.734934375 0.5048828125 0.751103125 0.490234375 0.7545328125 0.4541015625 0.7609015625 0.416015625 0.773640625 0.3857421875 0.780009375 0.349609375 0.780009375 0.3134765625 0.7545328125 0.302734375 0.73934375 0.345703125 0.7285640625 0.37109375 0.7148453124999999 0.392578125 0.7030875 0.44140625
1 0.688878125 0.236328125 0.67711875 0.27734375 0.6697703125000001 0.330078125 0.6506609375 0.4033203125 0.636453125 0.4453125 0.6643796875 0.46875 0.688878125 0.462890625 0.7006375 0.4345703125 0.7016171875 0.3876953125 0.70945625 0.3583984375 0.7148453124999999 0.328125 0.7221953125 0.2900390625 0.7050468750000001 0.328125 0.6825078125 0.3642578125 0.6859375 0.3408203125 0.7006375 0.2685546875 0.688878125 0.236328125
3 0.6300828125 0.447265625 0.64723125 0.439453125 0.6482109375 0.373046875 0.6482109375 0.3369140625 0.6482109375 0.2919921875 0.6452718749999999 0.25390625 0.6398828125 0.28125 0.63204375 0.3134765625 0.6193046875 0.375 0.6099953124999999 0.4267578125 0.6300828125 0.447265625
4 0.59235625 0.443359375 0.6055859375 0.4345703125 0.612934375 0.4033203125 0.6163640625 0.37109375 0.6148953125000001 0.3349609375 0.6099953124999999 0.3095703125 0.609015625 0.26171875 0.599215625 0.306640625 0.59480625 0.3388671875 0.5874578125000001 0.375 0.5810875 0.419921875 0.59235625 0.443359375
5 0.56491875 0.4306640625 0.5756984375 0.4033203125 0.5796171875 0.3798828125 0.5820671875000001 0.345703125 0.5810875 0.3115234375 0.5810875 0.2529296875 0.5614890625 0.287109375 0.5551203124999999 0.3447265625 0.54973125 0.375 0.5467906250000001 0.4267578125 0.56491875 0.4306640625
6 0.5164140625 0.3876953125 0.5164140625 0.423828125 0.530621875 0.4287109375 0.5453203125 0.4287109375 0.544340625 0.3896484375 0.53993125 0.345703125 0.5369921875 0.30078125 0.5325828125000001 0.259765625 0.5227828125 0.2578125 0.5227828125 0.2900390625 0.5208234375 0.328125 0.5188640625 0.35546875 0.5164140625 0.3876953125
7 0.498284375 0.4287109375 0.51249375 0.4345703125 0.5178828125 0.4130859375 0.5178828125 0.3798828125 0.5134734375 0.349609375 0.5134734375 0.3134765625 0.503675 0.279296875 0.49730468749999995 0.2958984375 0.49926562499999994 0.326171875 0.4953453125 0.37109375 0.4889765625 0.421875 0.498284375 0.4287109375
8 0.48946562499999996 0.423828125 0.48995625 0.3876953125 0.48848593749999997 0.3583984375 0.4889765625 0.302734375 0.4747671875 0.2919921875 0.47182812500000004 0.3388671875 0.4674171875 0.3837890625 0.46545781249999996 0.423828125 0.48946562499999996 0.423828125
9 0.4674171875 0.353515625 0.4683984375 0.322265625 0.4639875 0.28515625 0.44782031250000004 0.28125 0.4453703125 0.337890625 0.4439 0.3564453125 0.4404703125 0.3857421875 0.4448796875 0.4287109375 0.45859843749999996 0.419921875 0.4674171875 0.392578125 0.4674171875 0.353515625
10 0.4130328125 0.4189453125 0.42773125 0.421875 0.441940625 0.3916015625 0.4287109375 0.30859375 0.4243015625 0.259765625 0.4179328125 0.208984375 0.4061734375 0.2197265625 0.4061734375 0.28125 0.40519375 0.3369140625 0.40715312499999995 0.3818359375 0.4130328125 0.4189453125
11 0.3762859375 0.423828125 0.39294531250000003 0.4267578125 0.3998046875 0.4130859375 0.40519375 0.408203125 0.40029375 0.3515625 0.3949046875 0.3095703125 0.391475 0.283203125 0.3860859375 0.2255859375 0.373346875 0.2060546875 0.36795625 0.2470703125 0.36795625 0.2744140625 0.36795625 0.326171875 0.3762859375 0.423828125
12 0.3463984375 0.3583984375 0.3463984375 0.400390625 0.354728125 0.4326171875 0.37530625 0.4287109375 0.3718765625 0.396484375 0.370896875 0.349609375 0.36550781250000003 0.32421875 0.3645265625 0.2958984375 0.36648749999999997 0.2666015625 0.3674671875 0.232421875 0.36550781250000003 0.208984375 0.3493390625 0.2197265625 0.3463984375 0.2578125 0.3463984375 0.306640625 0.3463984375 0.3583984375
14 0.304753125 0.345703125 0.2876046875 0.2919921875 0.2660453125 0.259765625 0.27045625 0.2900390625 0.28123437500000004 0.33203125 0.2876046875 0.376953125 0.288584375 0.416015625 0.2871140625 0.4384765625 0.3091625 0.4453125 0.3238609375 0.4287109375 0.34835937499999997 0.4384765625 0.34394843750000004 0.396484375 0.33022968750000004 0.3623046875 0.3219015625 0.3349609375 0.3219015625 0.2919921875 0.3140625 0.259765625 0.3042625 0.2177734375 0.29299375 0.216796875 0.2983828125 0.2431640625 0.3032828125 0.283203125 0.30867187500000004 0.3115234375 0.304753125 0.345703125
16 0.258696875 0.4541015625 0.2758453125 0.4150390625 0.258696875 0.3818359375 0.24252812499999998 0.345703125 0.2234203125 0.328125 0.1705046875 0.35546875 0.1822640625 0.3896484375 0.20088124999999998 0.423828125 0.21459999999999999 0.4501953125 0.226359375 0.4755859375 0.24448750000000002 0.470703125 0.258696875 0.4541015625