31 0.5244140625 0.226359375 0.5078125 0.23909843749999998 0.5205078125 0.2479171875 0.5478515625 0.2572265625 0.5888671875 0.26065625 0.623046875 0.2640859375 0.669921875 0.2552671875 0.6865234375 0.236159375 0.623046875 0.226359375 0.5712890625 0.21558125 0.5478515625 0.21558125 0.5244140625 0.226359375
2 0.6181640625 0.2939734375 0.6357421875 0.27339531250000004 0.6162109375 0.26800625 0.5908203125 0.2670265625 0.5185546875 0.2508578125 0.484375 0.26310625 0.470703125 0.2797640625 0.4814453125 0.2939734375 0.51171875 0.2983828125 0.5693359375 0.2983828125 0.6181640625 0.2939734375
13 0.4521484375 0.3032828125 0.44140625 0.332190625 0.466796875 0.3375796875 0.490234375 0.3419890625 0.529296875 0.347378125 0.5478515625 0.3517890625 0.603515625 0.354728125 0.623046875 0.3400296875 0.6201171875 0.33022968750000004 0.583984375 0.3150421875 0.556640625 0.3057328125 0.5224609375 0.30034375 0.4736328125 0.29299375 0.4521484375 0.3032828125
17 0.439453125 0.34394843750000004 0.4306640625 0.357178125 0.4521484375 0.36550781250000003 0.48828125 0.36648749999999997 0.513671875 0.370896875 0.53515625 0.370896875 0.5673828125 0.370896875 0.6376953125 0.3625671875 0.5908203125 0.3537484375 0.53515625 0.3493390625 0.5048828125 0.34296875 0.46484375 0.3375796875 0.439453125 0.34394843750000004
18 0.443359375 0.36550781250000003 0.423828125 0.377265625 0.423828125 0.389025 0.4453125 0.393434375 0.484375 0.39882343750000004 0.5458984375 0.4061734375 0.5869140625 0.4086234375 0.64453125 0.403234375 0.6630859375 0.3904953125 0.654296875 0.370896875 0.5966796875 0.370896875 0.5673828125 0.3718765625 0.509765625 0.36648749999999997 0.4736328125 0.363546875 0.443359375 0.36550781250000003
19 0.48828125 0.39784375 0.4541015625 0.393434375 0.4287109375 0.4061734375 0.4267578125 0.415971875 0.44140625 0.42773125 0.466796875 0.43116093749999995 0.4970703125 0.43116093749999995 0.53515625 0.43116093749999995 0.580078125 0.4331203125 0.625 0.43508125 0.65234375 0.415971875 0.623046875 0.40715312499999995 0.5927734375 0.40715312499999995 0.55859375 0.4042140625 0.5263671875 0.402253125 0.48828125 0.39784375
20 0.5205078125 0.46496875 0.5927734375 0.46496875 0.5908203125 0.44782031250000004 0.533203125 0.44683906249999994 0.470703125 0.439490625 0.4287109375 0.4360609375 0.4111328125 0.4610484375 0.44140625 0.46496875 0.470703125 0.46496875 0.5205078125 0.46496875
21 0.4375 0.5071046875 0.46484375 0.5090640625 0.5205078125 0.5026953125 0.560546875 0.5026953125 0.6162109375 0.49387499999999995 0.607421875 0.4747671875 0.5546875 0.4728078125 0.515625 0.47182812500000004 0.486328125 0.469378125 0.4306640625 0.469378125 0.4111328125 0.4791765625 0.4091796875 0.498284375 0.4375 0.5071046875
22 0.41796875 0.5369921875 0.439453125 0.5414015625 0.4736328125 0.53993125 0.5263671875 0.54238125 0.5732421875 0.54238125 0.603515625 0.5296421875 0.5654296875 0.5198437499999999 0.537109375 0.5110234375 0.4921875 0.51004375 0.4541015625 0.503675 0.41796875 0.506125 0.4091796875 0.5252328125 0.41796875 0.5369921875
30 0.421875 0.5707984374999999 0.443359375 0.5732484375 0.46875 0.574228125 0.5263671875 0.576678125 0.560546875 0.576678125 0.626953125 0.576678125 0.6103515625 0.5551203124999999 0.583984375 0.5507109375 0.53125 0.5507109375 0.5009765625 0.54875 0.470703125 0.54238125 0.44140625 0.5414015625 0.41796875 0.5531609375000001 0.421875 0.5707984374999999
29 0.400390625 0.5957859375 0.41796875 0.610975 0.4521484375 0.60215625 0.484375 0.606565625 0.529296875 0.606565625 0.5947265625 0.6099953124999999 0.6376953125 0.5938265625 0.626953125 0.5820671875000001 0.5732421875 0.5820671875000001 0.537109375 0.5796171875 0.4814453125 0.5796171875 0.4228515625 0.5761875 0.400390625 0.5957859375
23 0.4130859375 0.6418421875 0.462890625 0.6398828125 0.513671875 0.6354734375 0.5478515625 0.6354734375 0.6103515625 0.636453125 0.6416015625 0.63204375 0.6357421875 0.612934375 0.5869140625 0.610975 0.5390625 0.6099953124999999 0.48828125 0.6075453125 0.4521484375 0.60460625 0.41796875 0.6246937499999999 0.4130859375 0.6418421875
24 0.626953125 0.6560515625 0.6669921875 0.6344921875 0.513671875 0.638903125 0.4501953125 0.642821875 0.423828125 0.658990625 0.4287109375 0.6697703125000001 0.4580078125 0.667809375 0.5009765625 0.6609499999999999 0.552734375 0.6609499999999999 0.626953125 0.6560515625
25 0.462890625 0.667809375 0.439453125 0.6795687499999999 0.439453125 0.6947578125 0.4453125 0.70945625 0.470703125 0.7123953125 0.4990234375 0.70700625 0.5263671875 0.7030875 0.5693359375 0.7006375 0.6181640625 0.6967171875 0.677734375 0.6967171875 0.6826171875 0.6687890624999999 0.626953125 0.6687890624999999 0.5888671875 0.6687890624999999 0.53515625 0.6697703125000001 0.5009765625 0.666340625 0.462890625 0.667809375
26 0.4677734375 0.7221953125 0.4775390625 0.7383640625 0.490234375 0.7491421875000001 0.515625 0.7530625 0.5625 0.743753125 0.626953125 0.7339546875 0.7060546875 0.73199375 0.677734375 0.718765625 0.654296875 0.7030875 0.603515625 0.7016171875 0.5712890625 0.7060265625000001 0.53515625 0.70700625 0.5009765625 0.70945625 0.4677734375 0.7221953125
27 0.60546875 0.764821875 0.6630859375 0.764821875 0.69921875 0.7584515625 0.6884765625 0.7403234375000001 0.6630859375 0.734934375 0.6162109375 0.7383640625 0.576171875 0.73934375 0.529296875 0.7501218749999999 0.4970703125 0.7609015625 0.529296875 0.77168125 0.5478515625 0.78441875 0.60546875 0.764821875
28 0.4814453125 0.7682515624999999 0.4794921875 0.7530625 0.4609375 0.7413031250000001 0.4345703125 0.7403234375000001 0.3876953125 0.7530625 0.35546875 0.7682515624999999 0.349609375 0.7863796875 0.3837890625 0.7863796875 0.419921875 0.780009375 0.4580078125 0.7790296875 0.4814453125 0.7682515624999999
0 0.3134765625 0.73934375 0.3603515625 0.7285640625 0.3408203125 0.7413031250000001 0.306640625 0.7501218749999999 0.2880859375 0.7609015625 0.326171875 0.757471875 0.3623046875 0.7501218749999999 0.3857421875 0.7427734375 0.4130859375 0.743753125 0.4326171875 0.7403234375000001 0.439453125 0.72954375 0.4326171875 0.7148453124999999 0.4287109375 0.6996578125 0.41796875 0.6898578125 0.3798828125 0.697696875 0.3388671875 0.70945625 0.28515625 0.7285640625 0.28515625 0.743753125 0.3134765625 0.73934375
1 0.3154296875 0.6741796875 0.32421875 0.6834890625 0.3046875 0.691328125 0.27734375 0.6986765625 0.26171875 0.70700625 0.26171875 0.7158249999999999 0.2978515625 0.7060265625000001 0.330078125 0.697696875 0.3642578125 0.6932875000000001 0.400390625 0.6932875000000001 0.41796875 0.6805484374999999 0.4091796875 0.6634 0.4033203125 0.64723125 0.376953125 0.642821875 0.3515625 0.6536015625 0.3154296875 0.658990625 0.279296875 0.6687890624999999 0.2470703125 0.67711875 0.2724609375 0.6849578125 0.3154296875 0.6741796875
3 0.2021484375 0.6452718749999999 0.2041015625 0.6452718749999999 0.236328125 0.6462515625 0.2666015625 0.642821875 0.2958984375 0.6408625 0.3427734375 0.6408625 0.376953125 0.6408625 0.4091796875 0.6374328125 0.4033203125 0.6173437500000001 0.392578125 0.60460625 0.3515625 0.6139140624999999 0.3154296875 0.6193046875 0.279296875 0.6256734374999999 0.232421875 0.63204375 0.2021484375 0.6452718749999999
4 0.3408203125 0.6075453125 0.375 0.6075453125 0.4033203125 0.5938265625 0.3876953125 0.5820671875000001 0.353515625 0.584028125 0.2958984375 0.5894171874999999 0.263671875 0.59480625 0.236328125 0.596765625 0.2216796875 0.6099953124999999 0.2685546875 0.606565625 0.30859375 0.6075453125 0.3408203125 0.6075453125
5 0.3193359375 0.5796171875 0.3603515625 0.583046875 0.396484375 0.5820671875000001 0.4033203125 0.5668796875 0.396484375 0.5551203124999999 0.373046875 0.5551203124999999 0.3369140625 0.5551203124999999 0.30078125 0.560509375 0.2705078125 0.5658984375 0.23828125 0.5688390625 0.212890625 0.5786374999999999 0.2744140625 0.5796171875 0.3193359375 0.5796171875
6 0.3515625 0.54973125 0.3837890625 0.5521796875 0.3896484375 0.54238125 0.3896484375 0.5262125 0.353515625 0.5262125 0.3193359375 0.5316015625 0.2919921875 0.5335625 0.2666015625 0.5350312500000001 0.25390625 0.544340625 0.2880859375 0.544340625 0.322265625 0.544340625 0.3515625 0.54973125
7 0.3896484375 0.5090640625 0.353515625 0.506125 0.3193359375 0.51004375 0.2939453125 0.5134734375 0.263671875 0.5134734375 0.240234375 0.5164140625 0.2470703125 0.5271921875000001 0.2939453125 0.5271921875000001 0.330078125 0.5271921875000001 0.375 0.5271921875000001 0.3896484375 0.5090640625
8 0.392578125 0.4791765625 0.353515625 0.47819687499999997 0.3173828125 0.48113593750000005 0.28125 0.4835859375 0.2724609375 0.496325 0.3115234375 0.498284375 0.3408203125 0.501715625 0.3818359375 0.5071046875 0.392578125 0.491915625 0.392578125 0.4791765625
9 0.392578125 0.4821171875 0.396484375 0.46496875 0.4033203125 0.44782031250000004 0.3642578125 0.4546796875 0.33203125 0.45565937500000003 0.306640625 0.45565937500000003 0.2490234375 0.4546796875 0.240234375 0.4674171875 0.259765625 0.4728078125 0.3046875 0.4728078125 0.349609375 0.4728078125 0.392578125 0.4821171875
10 0.2880859375 0.4546796875 0.326171875 0.4546796875 0.3623046875 0.4546796875 0.400390625 0.44683906249999994 0.4052734375 0.432140625 0.373046875 0.42234218749999997 0.328125 0.42234218749999997 0.2744140625 0.4243015625 0.2451171875 0.425771875 0.208984375 0.425771875 0.2275390625 0.43753125 0.259765625 0.44683906249999994 0.2880859375 0.4546796875
11 0.28515625 0.4140125 0.3193359375 0.41891249999999997 0.3408203125 0.41891249999999997 0.376953125 0.42038281250000004 0.400390625 0.41891249999999997 0.4052734375 0.403234375 0.3876953125 0.3900046875 0.35546875 0.391475 0.322265625 0.3924546875 0.28515625 0.3944140625 0.234375 0.4017640625 0.255859375 0.41058281250000006 0.28515625 0.4140125
12 0.2490234375 0.3699171875 0.28515625 0.3806953125 0.330078125 0.3900046875 0.3583984375 0.3924546875 0.3876953125 0.39539375 0.416015625 0.3968640625 0.4130859375 0.379715625 0.4091796875 0.36648749999999997 0.34765625 0.36648749999999997 0.298828125 0.3645265625 0.2724609375 0.3581578125 0.240234375 0.3517890625 0.2197265625 0.3591375 0.2490234375 0.3699171875
14 0.2724609375 0.28123437500000004 0.2919921875 0.29495312500000004 0.3134765625 0.3057328125 0.3564453125 0.3356203125 0.3388671875 0.3356203125 0.306640625 0.33464062499999997 0.27734375 0.3258203125 0.2470703125 0.3282703125 0.2705078125 0.33464062499999997 0.30078125 0.34541875 0.330078125 0.3517890625 0.3642578125 0.361096875 0.4033203125 0.36893750000000003 0.4130859375 0.3581578125 0.416015625 0.34296875 0.419921875 0.333659375 0.4267578125 0.318471875 0.39453125 0.3067125 0.3583984375 0.3013234375 0.322265625 0.29299375 0.2919921875 0.278784375 0.2724609375 0.28123437500000004
15 0.375 0.2616359375 0.3671875 0.2778046875 0.32421875 0.2660453125 0.2958984375 0.26506562499999997 0.3349609375 0.2822140625 0.373046875 0.29054375 0.4033203125 0.304753125 0.4345703125 0.3140625 0.44140625 0.302303125 0.447265625 0.284175 0.462890625 0.2714359375 0.4541015625 0.2552671875 0.4072265625 0.2523265625 0.3798828125 0.24252812499999998 0.328125 0.2371390625 0.3115234375 0.24154843750000002 0.345703125 0.2508578125 0.375 0.2616359375
16 0.4814453125 0.26065625 0.48828125 0.2479171875 0.4951171875 0.22733906250000002 0.466796875 0.2165609375 0.419921875 0.210190625 0.3818359375 0.1994125 0.37109375 0.20823125 0.3837890625 0.2297890625 0.416015625 0.2508578125 0.4560546875 0.2616359375 0.4814453125 0.26065625