31 0.2640859375 0.376953125 0.2552671875 0.330078125 0.236159375 0.3134765625 0.226359375 0.376953125 0.21558125 0.4287109375 0.21558125 0.4521484375 0.226359375 0.4755859375 0.23909843749999998 0.4921875 0.2479171875 0.4794921875 0.2572265625 0.4521484375 0.26065625 0.4111328125 0.2640859375 0.376953125
2 0.2508578125 0.4814453125 0.26310625 0.515625 0.2797640625 0.529296875 0.2939734375 0.5185546875 0.2983828125 0.48828125 0.2983828125 0.4306640625 0.2939734375 0.3818359375 0.27339531250000004 0.3642578125 0.26800625 0.3837890625 0.2670265625 0.4091796875 0.2508578125 0.4814453125
13 0.3400296875 0.376953125 0.33022968750000004 0.3798828125 0.3150421875 0.416015625 0.3057328125 0.443359375 0.30034375 0.4775390625 0.29299375 0.5263671875 0.3032828125 0.5478515625 0.332190625 0.55859375 0.3375796875 0.533203125 0.3419890625 0.509765625 0.347378125 0.470703125 0.3517890625 0.4521484375 0.354728125 0.396484375 0.3400296875 0.376953125
17 0.370896875 0.4326171875 0.3625671875 0.3623046875 0.3537484375 0.4091796875 0.3493390625 0.46484375 0.34296875 0.4951171875 0.3375796875 0.53515625 0.34394843750000004 0.560546875 0.357178125 0.5693359375 0.36550781250000003 0.5478515625 0.36648749999999997 0.51171875 0.370896875 0.486328125 0.370896875 0.46484375 0.370896875 0.4326171875
18 0.3904953125 0.3369140625 0.370896875 0.345703125 0.370896875 0.4033203125 0.3718765625 0.4326171875 0.36648749999999997 0.490234375 0.363546875 0.5263671875 0.36550781250000003 0.556640625 0.377265625 0.576171875 0.389025 0.576171875 0.393434375 0.5546875 0.39882343750000004 0.515625 0.4061734375 0.4541015625 0.4086234375 0.4130859375 0.403234375 0.35546875 0.3904953125 0.3369140625
19 0.43508125 0.375 0.415971875 0.34765625 0.40715312499999995 0.376953125 0.40715312499999995 0.4072265625 0.4042140625 0.44140625 0.402253125 0.4736328125 0.39784375 0.51171875 0.393434375 0.5458984375 0.4061734375 0.5712890625 0.415971875 0.5732421875 0.42773125 0.55859375 0.43116093749999995 0.533203125 0.43116093749999995 0.5029296875 0.43116093749999995 0.46484375 0.4331203125 0.419921875 0.43508125 0.375
20 0.44683906249999994 0.466796875 0.439490625 0.529296875 0.4360609375 0.5712890625 0.4610484375 0.5888671875 0.46496875 0.55859375 0.46496875 0.529296875 0.46496875 0.4794921875 0.46496875 0.4072265625 0.44782031250000004 0.4091796875 0.44683906249999994 0.466796875
21 0.4728078125 0.4453125 0.47182812500000004 0.484375 0.469378125 0.513671875 0.469378125 0.5693359375 0.4791765625 0.5888671875 0.498284375 0.5908203125 0.5071046875 0.5625 0.5090640625 0.53515625 0.5026953125 0.4794921875 0.5026953125 0.439453125 0.49387499999999995 0.3837890625 0.4747671875 0.392578125 0.4728078125 0.4453125
22 0.5198437499999999 0.4345703125 0.5110234375 0.462890625 0.51004375 0.5078125 0.503675 0.5458984375 0.506125 0.58203125 0.5252328125 0.5908203125 0.5369921875 0.58203125 0.5414015625 0.560546875 0.53993125 0.5263671875 0.54238125 0.4736328125 0.54238125 0.4267578125 0.5296421875 0.396484375 0.5198437499999999 0.4345703125
30 0.5507109375 0.416015625 0.5507109375 0.46875 0.54875 0.4990234375 0.54238125 0.529296875 0.5414015625 0.55859375 0.5531609375000001 0.58203125 0.5707984374999999 0.578125 0.5732484375 0.556640625 0.574228125 0.53125 0.576678125 0.4736328125 0.576678125 0.439453125 0.576678125 0.373046875 0.5551203124999999 0.3896484375 0.5507109375 0.416015625
29 0.5938265625 0.3623046875 0.5820671875000001 0.373046875 0.5820671875000001 0.4267578125 0.5796171875 0.462890625 0.5796171875 0.5185546875 0.5761875 0.5771484375 0.5957859375 0.599609375 0.610975 0.58203125 0.60215625 0.5478515625 0.606565625 0.515625 0.606565625 0.470703125 0.6099953124999999 0.4052734375 0.5938265625 0.3623046875
23 0.612934375 0.3642578125 0.610975 0.4130859375 0.6099953124999999 0.4609375 0.6075453125 0.51171875 0.60460625 0.5478515625 0.6246937499999999 0.58203125 0.6418421875 0.5869140625 0.6398828125 0.537109375 0.6354734375 0.486328125 0.6354734375 0.4521484375 0.636453125 0.3896484375 0.63204375 0.3583984375 0.612934375 0.3642578125
24 0.642821875 0.5498046875 0.658990625 0.576171875 0.6697703125000001 0.5712890625 0.667809375 0.5419921875 0.6609499999999999 0.4990234375 0.6609499999999999 0.447265625 0.6560515625 0.373046875 0.6344921875 0.3330078125 0.638903125 0.486328125 0.642821875 0.5498046875
25 0.6967171875 0.322265625 0.6687890624999999 0.3173828125 0.6687890624999999 0.373046875 0.6687890624999999 0.4111328125 0.6697703125000001 0.46484375 0.666340625 0.4990234375 0.667809375 0.537109375 0.6795687499999999 0.560546875 0.6947578125 0.560546875 0.70945625 0.5546875 0.7123953125 0.529296875 0.70700625 0.5009765625 0.7030875 0.4736328125 0.7006375 0.4306640625 0.6967171875 0.3818359375 0.6967171875 0.322265625
26 0.718765625 0.322265625 0.7030875 0.345703125 0.7016171875 0.396484375 0.7060265625000001 0.4287109375 0.70700625 0.46484375 0.70945625 0.4990234375 0.7221953125 0.5322265625 0.7383640625 0.5224609375 0.7491421875000001 0.509765625 0.7530625 0.484375 0.743753125 0.4375 0.7339546875 0.373046875 0.73199375 0.2939453125 0.718765625 0.322265625
27 0.7383640625 0.3837890625 0.73934375 0.423828125 0.7501218749999999 0.470703125 0.7609015625 0.5029296875 0.77168125 0.470703125 0.78441875 0.4521484375 0.764821875 0.39453125 0.764821875 0.3369140625 0.7584515625 0.30078125 0.7403234375000001 0.3115234375 0.734934375 0.3369140625 0.7383640625 0.3837890625
28 0.7530625 0.6123046875 0.7682515624999999 0.64453125 0.7863796875 0.650390625 0.7863796875 0.6162109375 0.780009375 0.580078125 0.7790296875 0.5419921875 0.7682515624999999 0.5185546875 0.7530625 0.5205078125 0.7413031250000001 0.5390625 0.7403234375000001 0.5654296875 0.7530625 0.6123046875
0 0.6996578125 0.5712890625 0.6898578125 0.58203125 0.697696875 0.6201171875 0.70945625 0.6611328125 0.7285640625 0.71484375 0.743753125 0.71484375 0.73934375 0.6865234375 0.7285640625 0.6396484375 0.7413031250000001 0.6591796875 0.7501218749999999 0.693359375 0.7609015625 0.7119140625 0.757471875 0.673828125 0.7501218749999999 0.6376953125 0.7427734375 0.6142578125 0.743753125 0.5869140625 0.7403234375000001 0.5673828125 0.72954375 0.560546875 0.7148453124999999 0.5673828125 0.6996578125 0.5712890625
1 0.642821875 0.623046875 0.6536015625 0.6484375 0.658990625 0.6845703125 0.6687890624999999 0.720703125 0.67711875 0.7529296875 0.6849578125 0.7275390625 0.6741796875 0.6845703125 0.6834890625 0.67578125 0.691328125 0.6953125 0.6986765625 0.72265625 0.70700625 0.73828125 0.7158249999999999 0.73828125 0.7060265625000001 0.7021484375 0.697696875 0.669921875 0.6932875000000001 0.6357421875 0.6932875000000001 0.599609375 0.6805484374999999 0.58203125 0.6634 0.5908203125 0.64723125 0.5966796875 0.642821875 0.623046875
3 0.6173437500000001 0.5966796875 0.60460625 0.607421875 0.6139140624999999 0.6484375 0.6193046875 0.6845703125 0.6256734374999999 0.720703125 0.63204375 0.767578125 0.6452718749999999 0.7978515625 0.6452718749999999 0.7958984375 0.6462515625 0.763671875 0.642821875 0.7333984375 0.6408625 0.7041015625 0.6408625 0.6572265625 0.6408625 0.623046875 0.6374328125 0.5908203125 0.6173437500000001 0.5966796875
4 0.5894171874999999 0.7041015625 0.59480625 0.736328125 0.596765625 0.763671875 0.6099953124999999 0.7783203125 0.606565625 0.7314453125 0.6075453125 0.69140625 0.6075453125 0.6591796875 0.6075453125 0.625 0.5938265625 0.5966796875 0.5820671875000001 0.6123046875 0.584028125 0.646484375 0.5894171874999999 0.7041015625
5 0.5551203124999999 0.6630859375 0.560509375 0.69921875 0.5658984375 0.7294921875 0.5688390625 0.76171875 0.5786374999999999 0.787109375 0.5796171875 0.7255859375 0.5796171875 0.6806640625 0.583046875 0.6396484375 0.5820671875000001 0.603515625 0.5668796875 0.5966796875 0.5551203124999999 0.603515625 0.5551203124999999 0.626953125 0.5551203124999999 0.6630859375
6 0.5316015625 0.6806640625 0.5335625 0.7080078125 0.5350312500000001 0.7333984375 0.544340625 0.74609375 0.544340625 0.7119140625 0.544340625 0.677734375 0.54973125 0.6484375 0.5521796875 0.6162109375 0.54238125 0.6103515625 0.5262125 0.6103515625 0.5262125 0.646484375 0.5316015625 0.6806640625
7 0.5134734375 0.736328125 0.5164140625 0.759765625 0.5271921875000001 0.7529296875 0.5271921875000001 0.7060546875 0.5271921875000001 0.669921875 0.5271921875000001 0.625 0.5090640625 0.6103515625 0.506125 0.646484375 0.51004375 0.6806640625 0.5134734375 0.7060546875 0.5134734375 0.736328125
8 0.4835859375 0.71875 0.496325 0.7275390625 0.498284375 0.6884765625 0.501715625 0.6591796875 0.5071046875 0.6181640625 0.491915625 0.607421875 0.4791765625 0.607421875 0.47819687499999997 0.646484375 0.48113593750000005 0.6826171875 0.4835859375 0.71875
9 0.45565937500000003 0.693359375 0.4546796875 0.7509765625 0.4674171875 0.759765625 0.4728078125 0.740234375 0.4728078125 0.6953125 0.4728078125 0.650390625 0.4821171875 0.607421875 0.46496875 0.603515625 0.44782031250000004 0.5966796875 0.4546796875 0.6357421875 0.45565937500000003 0.66796875 0.45565937500000003 0.693359375
10 0.42234218749999997 0.671875 0.4243015625 0.7255859375 0.425771875 0.7548828125 0.425771875 0.791015625 0.43753125 0.7724609375 0.44683906249999994 0.740234375 0.4546796875 0.7119140625 0.4546796875 0.673828125 0.4546796875 0.6376953125 0.44683906249999994 0.599609375 0.432140625 0.5947265625 0.42234218749999997 0.626953125 0.42234218749999997 0.671875
11 0.3900046875 0.6123046875 0.391475 0.64453125 0.3924546875 0.677734375 0.3944140625 0.71484375 0.4017640625 0.765625 0.41058281250000006 0.744140625 0.4140125 0.71484375 0.41891249999999997 0.6806640625 0.41891249999999997 0.6591796875 0.42038281250000004 0.623046875 0.41891249999999997 0.599609375 0.403234375 0.5947265625 0.3900046875 0.6123046875
12 0.36648749999999997 0.5908203125 0.36648749999999997 0.65234375 0.3645265625 0.701171875 0.3581578125 0.7275390625 0.3517890625 0.759765625 0.3591375 0.7802734375 0.3699171875 0.7509765625 0.3806953125 0.71484375 0.3900046875 0.669921875 0.3924546875 0.6416015625 0.39539375 0.6123046875 0.3968640625 0.583984375 0.379715625 0.5869140625 0.36648749999999997 0.5908203125
14 0.333659375 0.580078125 0.318471875 0.5732421875 0.3067125 0.60546875 0.3013234375 0.6416015625 0.29299375 0.677734375 0.278784375 0.7080078125 0.28123437500000004 0.7275390625 0.29495312500000004 0.7080078125 0.3057328125 0.6865234375 0.3356203125 0.6435546875 0.3356203125 0.6611328125 0.33464062499999997 0.693359375 0.3258203125 0.72265625 0.3282703125 0.7529296875 0.33464062499999997 0.7294921875 0.34541875 0.69921875 0.3517890625 0.669921875 0.361096875 0.6357421875 0.36893750000000003 0.5966796875 0.3581578125 0.5869140625 0.34296875 0.583984375 0.333659375 0.580078125
15 0.2552671875 0.5458984375 0.2523265625 0.5927734375 0.24252812499999998 0.6201171875 0.2371390625 0.671875 0.24154843750000002 0.6884765625 0.2508578125 0.654296875 0.2616359375 0.625 0.2778046875 0.6328125 0.2660453125 0.67578125 0.26506562499999997 0.7041015625 0.2822140625 0.6650390625 0.29054375 0.626953125 0.304753125 0.5966796875 0.3140625 0.5654296875 0.302303125 0.55859375 0.284175 0.552734375 0.2714359375 0.537109375 0.2552671875 0.5458984375
16 0.210190625 0.580078125 0.1994125 0.6181640625 0.20823125 0.62890625 0.2297890625 0.6162109375 0.2508578125 0.583984375 0.2616359375 0.5439453125 0.26065625 0.5185546875 0.2479171875 0.51171875 0.22733906250000002 0.5048828125 0.2165609375 0.533203125 0.210190625 0.580078125