31 0.646484375 0.7202359375 0.630859375 0.7050468750000001 0.5888671875 0.71680625 0.552734375 0.73199375 0.513671875 0.7413031250000001 0.48828125 0.7520828125000001 0.4580078125 0.763840625 0.4755859375 0.780009375 0.509765625 0.789809375 0.5478515625 0.78441875 0.583984375 0.7599218750000001 0.6103515625 0.73934375 0.646484375 0.7202359375
2 0.583984375 0.718765625 0.6142578125 0.7084765625 0.6396484375 0.6996578125 0.650390625 0.6834890625 0.6181640625 0.6859375 0.576171875 0.6942671875 0.5419921875 0.6967171875 0.5009765625 0.7006375 0.46875 0.7060265625000001 0.439453125 0.7123953125 0.4267578125 0.7212156249999999 0.4267578125 0.734934375 0.447265625 0.7466921875 0.4794921875 0.751103125 0.515625 0.7403234375000001 0.5478515625 0.730525 0.583984375 0.718765625
13 0.5390625 0.6932875000000001 0.578125 0.68691875 0.60546875 0.681528125 0.599609375 0.67075 0.556640625 0.6643796875 0.5224609375 0.6643796875 0.490234375 0.6624203125 0.462890625 0.6609499999999999 0.4287109375 0.658990625 0.4091796875 0.6643796875 0.4033203125 0.681528125 0.4091796875 0.695246875 0.4267578125 0.70700625 0.462890625 0.7060265625000001 0.4951171875 0.6986765625 0.5390625 0.6932875000000001
17 0.5546875 0.6418421875 0.529296875 0.636453125 0.4970703125 0.6344921875 0.46875 0.6310625 0.4345703125 0.6300828125 0.3984375 0.6354734375 0.400390625 0.6491921875 0.41796875 0.6624203125 0.46484375 0.6580109375000001 0.4951171875 0.6536015625 0.53125 0.652621875 0.5546875 0.6418421875
18 0.580078125 0.6163640625 0.5546875 0.606565625 0.513671875 0.6055859375 0.4755859375 0.60215625 0.4453125 0.596765625 0.41796875 0.5957859375 0.400390625 0.6011765625 0.4033203125 0.6173437500000001 0.4052734375 0.6335124999999999 0.443359375 0.6256734374999999 0.484375 0.6237140625 0.529296875 0.620284375 0.580078125 0.6163640625
19 0.560546875 0.5913765625 0.5927734375 0.59480625 0.630859375 0.6001953125 0.630859375 0.5884375000000001 0.5947265625 0.5786374999999999 0.5478515625 0.570309375 0.513671875 0.56491875 0.484375 0.5614890625 0.4521484375 0.5614890625 0.416015625 0.56491875 0.3857421875 0.574228125 0.39453125 0.592846875 0.44140625 0.5957859375 0.4755859375 0.5957859375 0.5185546875 0.59480625 0.560546875 0.5913765625
20 0.5419921875 0.5595296875 0.5458984375 0.5453203125 0.5029296875 0.5433609374999999 0.466796875 0.53993125 0.44140625 0.53993125 0.4072265625 0.5389515625 0.3818359375 0.54238125 0.3857421875 0.560509375 0.41796875 0.5658984375 0.4521484375 0.560509375 0.4794921875 0.560509375 0.5078125 0.560509375 0.5419921875 0.5595296875
21 0.533203125 0.5360125 0.5625 0.5350312500000001 0.5712890625 0.5208234375 0.5390625 0.5110234375 0.4951171875 0.5090640625 0.46484375 0.5080843749999999 0.4306640625 0.5080843749999999 0.400390625 0.5071046875 0.3818359375 0.5071046875 0.376953125 0.524253125 0.3876953125 0.537971875 0.416015625 0.5389515625 0.4560546875 0.5369921875 0.4951171875 0.5360125 0.533203125 0.5360125
22 0.578125 0.501715625 0.5693359375 0.4772171875 0.515625 0.4772171875 0.4775390625 0.475746875 0.439453125 0.4728078125 0.4111328125 0.4728078125 0.3818359375 0.4747671875 0.3837890625 0.491915625 0.3857421875 0.503675 0.4326171875 0.5046546875 0.4775390625 0.503675 0.53515625 0.501715625 0.578125 0.501715625
30 0.5673828125 0.4772171875 0.5908203125 0.4747671875 0.5869140625 0.4610484375 0.537109375 0.45320937499999997 0.5078125 0.45222968750000003 0.4755859375 0.4448796875 0.4345703125 0.44683906249999994 0.4111328125 0.44782031250000004 0.392578125 0.45026875000000005 0.3798828125 0.46496875 0.4033203125 0.4737875 0.443359375 0.4737875 0.4794921875 0.4737875 0.513671875 0.4737875 0.5673828125 0.4772171875
29 0.5869140625 0.43508125 0.6357421875 0.4341015625 0.623046875 0.42038281250000004 0.5693359375 0.42038281250000004 0.53125 0.42038281250000004 0.5078125 0.4125421875 0.466796875 0.42038281250000004 0.416015625 0.409603125 0.39453125 0.4179328125 0.369140625 0.42773125 0.3876953125 0.4385109375 0.4130859375 0.44585937500000006 0.4521484375 0.4439 0.4970703125 0.4404703125 0.5390625 0.43753125 0.5869140625 0.43508125
23 0.5654296875 0.4042140625 0.5693359375 0.3944140625 0.5048828125 0.38804531249999996 0.46484375 0.38804531249999996 0.447265625 0.38510468750000004 0.423828125 0.381675 0.4052734375 0.3860859375 0.392578125 0.3998046875 0.4072265625 0.41891249999999997 0.439453125 0.4179328125 0.4814453125 0.4140125 0.5224609375 0.4086234375 0.5654296875 0.4042140625
24 0.583984375 0.381675 0.576171875 0.36795625 0.53125 0.363546875 0.5029296875 0.357178125 0.4736328125 0.357178125 0.4345703125 0.357178125 0.4091796875 0.3591375 0.392578125 0.361096875 0.396484375 0.3718765625 0.4111328125 0.387065625 0.4501953125 0.3860859375 0.513671875 0.381675 0.5458984375 0.381675 0.583984375 0.381675
25 0.5263671875 0.35276874999999996 0.5673828125 0.35276874999999996 0.625 0.3561984375 0.607421875 0.34296875 0.5625 0.333659375 0.533203125 0.32043125 0.5048828125 0.3121015625 0.4794921875 0.304753125 0.443359375 0.3057328125 0.423828125 0.318471875 0.4130859375 0.3400296875 0.4130859375 0.3537484375 0.4521484375 0.3591375 0.490234375 0.3537484375 0.5263671875 0.35276874999999996
26 0.650390625 0.28123437500000004 0.625 0.2758453125 0.5673828125 0.2758453125 0.5439453125 0.274375 0.515625 0.27045625 0.490234375 0.2670265625 0.466796875 0.27045625 0.44140625 0.286134375 0.44140625 0.302303125 0.484375 0.3057328125 0.5224609375 0.3057328125 0.560546875 0.3057328125 0.607421875 0.29495312500000004 0.650390625 0.28123437500000004
0 0.3369140625 0.2915234375 0.369140625 0.302303125 0.396484375 0.3076921875 0.4208984375 0.318471875 0.443359375 0.3018125 0.4541015625 0.2640859375 0.4111328125 0.25967656250000004 0.375 0.2616359375 0.330078125 0.2523265625 0.2958984375 0.2479171875 0.3603515625 0.272415625 0.322265625 0.269475 0.28515625 0.27045625 0.306640625 0.2822140625 0.3369140625 0.2915234375
1 0.2490234375 0.3219015625 0.2236328125 0.3282703125 0.2470703125 0.3366 0.2958984375 0.34394843750000004 0.33203125 0.3508078125 0.353515625 0.3581578125 0.3876953125 0.370896875 0.396484375 0.3601171875 0.4111328125 0.3463984375 0.419921875 0.333659375 0.419921875 0.31749218749999997 0.3876953125 0.311121875 0.345703125 0.311121875 0.3193359375 0.3057328125 0.2880859375 0.2969125 0.25390625 0.29495312500000004 0.2685546875 0.30867187500000004 0.2958984375 0.3150421875 0.32421875 0.32925 0.28125 0.3238609375 0.2490234375 0.3219015625
3 0.33203125 0.38804531249999996 0.3818359375 0.400784375 0.39453125 0.389025 0.392578125 0.3718765625 0.3515625 0.3625671875 0.30859375 0.3625671875 0.26171875 0.3581578125 0.2255859375 0.3581578125 0.21484375 0.370896875 0.2431640625 0.37530625 0.2724609375 0.379715625 0.302734375 0.381675 0.33203125 0.38804531249999996
4 0.375 0.42234218749999997 0.392578125 0.41499218750000005 0.3876953125 0.400784375 0.349609375 0.393434375 0.302734375 0.393434375 0.2578125 0.391475 0.2236328125 0.391475 0.2216796875 0.403234375 0.2470703125 0.4061734375 0.28515625 0.41058281250000006 0.330078125 0.4179328125 0.375 0.42234218749999997
5 0.2578125 0.44585937500000006 0.283203125 0.45026875000000005 0.3134765625 0.45026875000000005 0.3583984375 0.4439 0.375 0.4360609375 0.3515625 0.42773125 0.326171875 0.41891249999999997 0.2919921875 0.41156249999999994 0.2705078125 0.41156249999999994 0.236328125 0.41156249999999994 0.2041015625 0.41695312500000004 0.1806640625 0.42038281250000004 0.16796875 0.429690625 0.19140625 0.43753125 0.2216796875 0.4439 0.2578125 0.44585937500000006
6 0.373046875 0.47819687499999997 0.3798828125 0.46643749999999995 0.3623046875 0.45125000000000004 0.33203125 0.45320937499999997 0.2919921875 0.45859843749999996 0.2490234375 0.46202812499999996 0.208984375 0.47182812500000004 0.23046875 0.4791765625 0.255859375 0.475746875 0.2900390625 0.4772171875 0.328125 0.475746875 0.373046875 0.47819687499999997
7 0.349609375 0.5007343750000001 0.376953125 0.5007343750000001 0.3662109375 0.4821171875 0.330078125 0.48015625 0.2880859375 0.48015625 0.2431640625 0.475746875 0.212890625 0.4889765625 0.2216796875 0.49730468749999995 0.2451171875 0.49730468749999995 0.2724609375 0.49730468749999995 0.3134765625 0.49730468749999995 0.349609375 0.5007343750000001
8 0.373046875 0.5178828125 0.376953125 0.5007343750000001 0.345703125 0.498284375 0.3134765625 0.5026953125 0.28125 0.5026953125 0.2451171875 0.5026953125 0.2060546875 0.5071046875 0.2236328125 0.5134734375 0.26171875 0.5188640625 0.302734375 0.5208234375 0.349609375 0.524253125 0.373046875 0.5178828125
9 0.3408203125 0.5467906250000001 0.3798828125 0.5531609375000001 0.3818359375 0.5369921875 0.3818359375 0.521803125 0.345703125 0.521803125 0.3134765625 0.5252328125 0.2880859375 0.5262125 0.2490234375 0.5262125 0.208984375 0.528171875 0.2060546875 0.537971875 0.232421875 0.5369921875 0.2626953125 0.54238125 0.2880859375 0.54483125 0.3408203125 0.5467906250000001
10 0.326171875 0.5810875 0.3623046875 0.5776578125 0.373046875 0.5639390625 0.3349609375 0.5551203124999999 0.30078125 0.5507109375 0.275390625 0.5561 0.232421875 0.561 0.212890625 0.570309375 0.216796875 0.5810875 0.23828125 0.5884375000000001 0.27734375 0.5850078125 0.326171875 0.5810875
11 0.35546875 0.606565625 0.3876953125 0.60215625 0.39453125 0.5894171874999999 0.3662109375 0.5820671875000001 0.326171875 0.5850078125 0.2919921875 0.5874578125000001 0.25390625 0.5938265625 0.21484375 0.599215625 0.232421875 0.60460625 0.2685546875 0.6055859375 0.30078125 0.6055859375 0.328125 0.606565625 0.35546875 0.606565625
12 0.3583984375 0.6418421875 0.392578125 0.63204375 0.39453125 0.6148953125000001 0.3857421875 0.6031359375 0.353515625 0.6099953124999999 0.32421875 0.6148953125000001 0.2880859375 0.618325 0.240234375 0.6193046875 0.2060546875 0.6281234375 0.2236328125 0.6300828125 0.2490234375 0.63204375 0.279296875 0.63204375 0.322265625 0.636453125 0.3583984375 0.6418421875
14 0.263671875 0.6849578125 0.2431640625 0.7016171875 0.2666015625 0.70700625 0.306640625 0.6942671875 0.33203125 0.6878984375 0.369140625 0.6923078125 0.400390625 0.6923078125 0.3984375 0.675159375 0.39453125 0.6580109375000001 0.392578125 0.6374328125 0.3642578125 0.6418421875 0.330078125 0.651640625 0.302734375 0.6560515625 0.255859375 0.6536015625 0.2255859375 0.6643796875 0.2275390625 0.6741796875 0.2578125 0.6697703125000001 0.28515625 0.667809375 0.3046875 0.675159375 0.263671875 0.6849578125
15 0.3798828125 0.763840625 0.41796875 0.7564921874999999 0.439453125 0.7466921875 0.423828125 0.7285640625 0.4091796875 0.7123953125 0.3798828125 0.7084765625 0.3515625 0.7221953125 0.33203125 0.7466921875 0.302734375 0.76923125 0.2958984375 0.7790296875 0.3154296875 0.7863796875 0.3388671875 0.7765796875000001 0.3603515625 0.7702109375 0.3798828125 0.763840625