17 0.341009375 0.4501953125 0.341009375 0.490234375 0.33904999999999996 0.533203125 0.341009375 0.5654296875 0.361096875 0.5712890625 0.36795625 0.552734375 0.36550781250000003 0.5078125 0.3645265625 0.4755859375 0.3591375 0.439453125 0.35276874999999996 0.39453125 0.341009375 0.4091796875 0.341009375 0.4501953125
18 0.36893750000000003 0.529296875 0.3718765625 0.5546875 0.38510468750000004 0.5498046875 0.391475 0.51171875 0.391475 0.4794921875 0.387065625 0.4345703125 0.3806953125 0.3984375 0.37530625 0.4287109375 0.3718765625 0.462890625 0.3645265625 0.4990234375 0.36893750000000003 0.529296875
19 0.40715312499999995 0.37109375 0.3968640625 0.373046875 0.391475 0.4033203125 0.391475 0.4501953125 0.39539375 0.4970703125 0.39539375 0.529296875 0.3924546875 0.5654296875 0.4086234375 0.578125 0.41891249999999997 0.576171875 0.42332187499999996 0.537109375 0.42675156249999996 0.515625 0.42136250000000003 0.4775390625 0.41695312500000004 0.4306640625 0.40715312499999995 0.37109375
20 0.45026875000000005 0.509765625 0.44683906249999994 0.4736328125 0.44585937500000006 0.4560546875 0.4448796875 0.4287109375 0.4448796875 0.396484375 0.4404703125 0.3662109375 0.432140625 0.353515625 0.42234218749999997 0.3603515625 0.42234218749999997 0.3837890625 0.42332187499999996 0.4326171875 0.42332187499999996 0.466796875 0.425771875 0.4990234375 0.42283125000000005 0.52734375 0.4218515625 0.578125 0.43459062499999995 0.583984375 0.44880000000000003 0.578125 0.45026875000000005 0.509765625
21 0.4605578125 0.482421875 0.45369843750000005 0.4931640625 0.45125000000000004 0.509765625 0.45125000000000004 0.5419921875 0.45320937499999997 0.578125 0.47182812500000004 0.578125 0.47182812500000004 0.5498046875 0.4737875 0.5263671875 0.475746875 0.4921875 0.47525781250000004 0.4873046875 0.46986718749999995 0.486328125 0.464478125 0.4873046875 0.4605578125 0.482421875
22 0.48113593750000005 0.4951171875 0.47819687499999997 0.5263671875 0.4683984375 0.5693359375 0.48113593750000005 0.5869140625 0.49730468749999995 0.5927734375 0.5090640625 0.5732421875 0.51249375 0.5439453125 0.5090640625 0.51171875 0.506125 0.486328125 0.501715625 0.416015625 0.48995625 0.3896484375 0.4835859375 0.4111328125 0.48113593750000005 0.4521484375 0.48113593750000005 0.4951171875
30 0.5208234375 0.3662109375 0.5026953125 0.376953125 0.5071046875 0.419921875 0.51004375 0.484375 0.5110234375 0.5185546875 0.5110234375 0.55859375 0.5227828125 0.576171875 0.54238125 0.5712890625 0.5551203124999999 0.5498046875 0.5561 0.513671875 0.5521796875 0.46875 0.5433609374999999 0.4345703125 0.530621875 0.37109375 0.5208234375 0.3662109375
29 0.5551203124999999 0.3623046875 0.5570796875 0.416015625 0.5595296875 0.4609375 0.5595296875 0.4921875 0.5614890625 0.5224609375 0.5614890625 0.5498046875 0.576678125 0.5546875 0.5913765625 0.5419921875 0.5820671875000001 0.5048828125 0.576678125 0.46875 0.5712890625 0.4345703125 0.567859375 0.400390625 0.5551203124999999 0.3623046875
23 0.5884375000000001 0.3369140625 0.5850078125 0.373046875 0.5850078125 0.4033203125 0.5850078125 0.44140625 0.5850078125 0.48828125 0.5859875 0.529296875 0.599215625 0.556640625 0.612934375 0.55859375 0.6173437500000001 0.53515625 0.6075453125 0.5048828125 0.606565625 0.4580078125 0.60460625 0.4091796875 0.6031359375 0.3515625 0.5884375000000001 0.3369140625
24 0.606565625 0.375 0.606565625 0.416015625 0.606565625 0.443359375 0.6075453125 0.486328125 0.618325 0.533203125 0.638903125 0.533203125 0.6462515625 0.5078125 0.6408625 0.470703125 0.6256734374999999 0.41796875 0.6227343750000001 0.392578125 0.6163640625 0.345703125 0.606565625 0.375
27 0.7447328125 0.328125 0.727584375 0.33203125 0.7241546875 0.37109375 0.7221953125 0.4130859375 0.7212156249999999 0.4580078125 0.73199375 0.48828125 0.7501218749999999 0.484375 0.7564921874999999 0.4580078125 0.7564921874999999 0.4326171875 0.7609015625 0.392578125 0.766290625 0.345703125 0.7545328125 0.326171875 0.7447328125 0.328125
3 0.63204375 0.6591796875 0.6482109375 0.7021484375 0.6643796875 0.7119140625 0.666340625 0.693359375 0.6599703124999999 0.6611328125 0.6536015625 0.630859375 0.6462515625 0.583984375 0.6344921875 0.5546875 0.6173437500000001 0.556640625 0.608525 0.5693359375 0.620284375 0.6162109375 0.63204375 0.6591796875
5 0.5526703125 0.58984375 0.5561 0.626953125 0.56491875 0.6591796875 0.5727578125 0.68359375 0.579128125 0.7080078125 0.5869671875 0.7255859375 0.5957859375 0.7490234375 0.6055859375 0.755859375 0.6055859375 0.736328125 0.60215625 0.7099609375 0.5938265625 0.677734375 0.5889265625 0.6513671875 0.5869671875 0.6357421875 0.5825578124999999 0.609375 0.57716875 0.5849609375 0.5619796874999999 0.5849609375 0.5526703125 0.58984375
6 0.5345421875 0.6318359375 0.541890625 0.66015625 0.5453203125 0.6923828125 0.5551203124999999 0.7138671875 0.5629593749999999 0.7314453125 0.5737390625 0.734375 0.5707984374999999 0.7099609375 0.5663890625 0.681640625 0.560509375 0.6513671875 0.5561 0.62890625 0.5526703125 0.59375 0.5384609375 0.5947265625 0.5276828124999999 0.6005859375 0.5345421875 0.6318359375
7 0.5208234375 0.6953125 0.5252328125 0.7138671875 0.5296421875 0.7314453125 0.53748125 0.720703125 0.53748125 0.6884765625 0.5355218749999999 0.66015625 0.5311125 0.630859375 0.5276828124999999 0.6005859375 0.5090640625 0.609375 0.514453125 0.6484375 0.5178828125 0.6748046875 0.5208234375 0.6953125
8 0.4958359375 0.767578125 0.5066140625 0.7626953125 0.505634375 0.7490234375 0.503675 0.6904296875 0.4977953125 0.640625 0.4879953125 0.60546875 0.4737875 0.6162109375 0.480646875 0.6640625 0.48505624999999997 0.701171875 0.4879953125 0.73828125 0.4958359375 0.767578125
9 0.45320937499999997 0.623046875 0.45320937499999997 0.6533203125 0.45320937499999997 0.681640625 0.45320937499999997 0.7041015625 0.45075937499999996 0.7275390625 0.4566390625 0.7470703125 0.4674171875 0.7080078125 0.469378125 0.6767578125 0.47182812500000004 0.6396484375 0.4747671875 0.623046875 0.47966718750000004 0.5947265625 0.46496875 0.58984375 0.45222968750000003 0.58984375 0.45320937499999997 0.623046875
10 0.42675156249999996 0.625 0.42479218750000003 0.6689453125 0.4198921875 0.71875 0.41891249999999997 0.7470703125 0.42479218750000003 0.767578125 0.4331203125 0.7626953125 0.43655 0.7275390625 0.4453703125 0.685546875 0.44634999999999997 0.6494140625 0.45320937499999997 0.6201171875 0.45516875 0.5849609375 0.4355703125 0.5859375 0.42479218750000003 0.591796875 0.42675156249999996 0.625
11 0.39392499999999997 0.5849609375 0.39294531250000003 0.626953125 0.39294531250000003 0.6591796875 0.388534375 0.6923828125 0.38804531249999996 0.7236328125 0.3860859375 0.755859375 0.3968640625 0.7451171875 0.40715312499999995 0.71875 0.41009375 0.6865234375 0.414503125 0.66015625 0.4198921875 0.6357421875 0.42675156249999996 0.611328125 0.42234218749999997 0.591796875 0.4066640625 0.5771484375 0.39392499999999997 0.5849609375
4 0.604115625 0.6572265625 0.612934375 0.697265625 0.6188140625 0.697265625 0.620284375 0.654296875 0.61979375 0.6103515625 0.59970625 0.6142578125 0.604115625 0.6572265625