17 0.60546875 0.64723125 0.560546875 0.6408625 0.5244140625 0.6354734375 0.4921875 0.6344921875 0.447265625 0.63204375 0.4287109375 0.638903125 0.4345703125 0.658990625 0.466796875 0.6609499999999999 0.509765625 0.658990625 0.5498046875 0.658990625 0.5908203125 0.658990625 0.60546875 0.64723125
18 0.5712890625 0.6246937499999999 0.6015625 0.6193046875 0.5654296875 0.612934375 0.5205078125 0.608525 0.48828125 0.608525 0.4501953125 0.6148953125000001 0.4453125 0.6281234375 0.470703125 0.6310625 0.5009765625 0.6354734375 0.537109375 0.6281234375 0.5712890625 0.6246937499999999
19 0.62890625 0.592846875 0.5693359375 0.583046875 0.5224609375 0.5786374999999999 0.484375 0.5732484375 0.462890625 0.576678125 0.423828125 0.5810875 0.421875 0.5913765625 0.4345703125 0.6075453125 0.470703125 0.60460625 0.5029296875 0.60460625 0.5498046875 0.608525 0.5966796875 0.608525 0.626953125 0.6031359375 0.62890625 0.592846875
20 0.5712890625 0.5551203124999999 0.5439453125 0.5541406249999999 0.5263671875 0.5531609375000001 0.490234375 0.54973125 0.421875 0.5511999999999999 0.416015625 0.565409375 0.421875 0.5781484375 0.47265625 0.57716875 0.5009765625 0.574228125 0.533203125 0.576678125 0.5673828125 0.576678125 0.6162109375 0.5776578125 0.6396484375 0.5776578125 0.646484375 0.567859375 0.6337890625 0.5595296875 0.603515625 0.5551203124999999 0.5712890625 0.5551203124999999
21 0.5126953125 0.5355218749999999 0.513671875 0.5301328125 0.5126953125 0.5247421875 0.5078125 0.524253125 0.4736328125 0.5262125 0.4501953125 0.528171875 0.421875 0.528171875 0.421875 0.5467906250000001 0.4580078125 0.54875 0.490234375 0.54875 0.5068359375 0.5463015625 0.517578125 0.5394421875 0.5126953125 0.5355218749999999
22 0.5048828125 0.5188640625 0.5478515625 0.5188640625 0.5888671875 0.5164140625 0.6103515625 0.51004375 0.583984375 0.498284375 0.513671875 0.49387499999999995 0.48828125 0.49093593750000003 0.4560546875 0.48750625000000003 0.4267578125 0.49093593750000003 0.4072265625 0.5026953125 0.4130859375 0.5188640625 0.4306640625 0.5316015625 0.4736328125 0.521803125 0.5048828125 0.5188640625
30 0.6337890625 0.4791765625 0.62890625 0.469378125 0.5654296875 0.4566390625 0.53125 0.44782031250000004 0.486328125 0.4439 0.4501953125 0.4448796875 0.4287109375 0.45761874999999996 0.423828125 0.4772171875 0.44140625 0.4889765625 0.4814453125 0.4889765625 0.515625 0.48995625 0.580078125 0.49289531249999996 0.623046875 0.49730468749999995 0.6337890625 0.4791765625
29 0.599609375 0.432140625 0.5654296875 0.4287109375 0.53125 0.42332187499999996 0.4951171875 0.4179328125 0.4580078125 0.4086234375 0.4453125 0.42332187499999996 0.4501953125 0.4385109375 0.4775390625 0.4385109375 0.5078125 0.4404703125 0.5390625 0.4404703125 0.583984375 0.44292031249999997 0.6376953125 0.4448796875 0.599609375 0.432140625
23 0.6630859375 0.41156249999999994 0.6484375 0.3968640625 0.5908203125 0.39539375 0.5419921875 0.393434375 0.4951171875 0.3924546875 0.46484375 0.38265625000000003 0.44140625 0.387065625 0.443359375 0.400784375 0.470703125 0.4140125 0.51171875 0.41499218750000005 0.55859375 0.41499218750000005 0.5966796875 0.41499218750000005 0.626953125 0.41499218750000005 0.6630859375 0.41156249999999994
24 0.607421875 0.377265625 0.58203125 0.37432656249999996 0.529296875 0.3591375 0.4921875 0.3537484375 0.466796875 0.361096875 0.466796875 0.381675 0.513671875 0.3924546875 0.556640625 0.393434375 0.583984375 0.393434375 0.625 0.393434375 0.654296875 0.38363593749999997 0.607421875 0.377265625
27 0.673828125 0.2454671875 0.654296875 0.23370937500000002 0.607421875 0.23909843749999998 0.5673828125 0.2435078125 0.5419921875 0.2435078125 0.515625 0.249878125 0.51171875 0.26800625 0.5419921875 0.278784375 0.5869140625 0.2778046875 0.62890625 0.2758453125 0.66796875 0.272415625 0.671875 0.2552671875 0.673828125 0.2454671875
3 0.4306640625 0.391475 0.443359375 0.38265625000000003 0.4453125 0.36550781250000003 0.416015625 0.3537484375 0.369140625 0.3463984375 0.3388671875 0.3400296875 0.306640625 0.333659375 0.2880859375 0.3356203125 0.2978515625 0.3517890625 0.3408203125 0.36795625 0.3837890625 0.379715625 0.4306640625 0.391475
5 0.31640625 0.4272421875 0.3408203125 0.43508125 0.373046875 0.4439 0.41015625 0.4473296875 0.4150390625 0.43802031250000006 0.4150390625 0.42283125000000005 0.390625 0.4174421875 0.3642578125 0.4130328125 0.3486328125 0.41107343749999997 0.322265625 0.4061734375 0.2900390625 0.39784375 0.263671875 0.3944140625 0.244140625 0.3944140625 0.2509765625 0.4042140625 0.2744140625 0.4130328125 0.2919921875 0.420871875 0.31640625 0.4272421875
6 0.3681640625 0.46545781249999996 0.3994140625 0.4723171875 0.4052734375 0.4615390625 0.40625 0.4473296875 0.37109375 0.4439 0.3486328125 0.439490625 0.318359375 0.4336109375 0.2900390625 0.4292015625 0.265625 0.42626093750000005 0.2685546875 0.437040625 0.2861328125 0.4448796875 0.3076171875 0.4546796875 0.33984375 0.458109375 0.3681640625 0.46545781249999996
7 0.3515625 0.485546875 0.390625 0.49093593750000003 0.3994140625 0.4723171875 0.369140625 0.4688875 0.33984375 0.464478125 0.3115234375 0.46251875 0.279296875 0.46251875 0.2685546875 0.47035781249999997 0.2861328125 0.4747671875 0.3046875 0.4791765625 0.3251953125 0.4821171875 0.3515625 0.485546875
8 0.3359375 0.5193531250000001 0.3837890625 0.5262125 0.39453125 0.5120046874999999 0.359375 0.5022046875 0.3095703125 0.496325 0.2509765625 0.49436562500000003 0.2373046875 0.4933859375 0.232421875 0.5041640625 0.26171875 0.5120046874999999 0.298828125 0.51494375 0.3359375 0.5193531250000001
9 0.376953125 0.5467906250000001 0.41015625 0.5477703125 0.41015625 0.5350312500000001 0.4052734375 0.5203328125 0.376953125 0.5252328125 0.3603515625 0.528171875 0.3232421875 0.530621875 0.2919921875 0.5325828125000001 0.2529296875 0.5433609374999999 0.2724609375 0.549240625 0.2958984375 0.5467906250000001 0.318359375 0.5467906250000001 0.3466796875 0.5467906250000001 0.376953125 0.5467906250000001
10 0.375 0.5732484375 0.408203125 0.5752078125 0.4140625 0.5644296875 0.4150390625 0.54483125 0.3798828125 0.5467906250000001 0.3505859375 0.55365 0.314453125 0.5546296875000001 0.2724609375 0.56345 0.2373046875 0.5668796875 0.232421875 0.5752078125 0.2529296875 0.5810875 0.28125 0.5801078125 0.3310546875 0.5752078125 0.375 0.5732484375
11 0.373046875 0.6070546875 0.4150390625 0.6060749999999999 0.4228515625 0.5933359375 0.408203125 0.5776578125 0.388671875 0.5732484375 0.3642578125 0.5801078125 0.33984375 0.585496875 0.3134765625 0.5899062500000001 0.28125 0.592846875 0.2548828125 0.6031359375 0.244140625 0.6139140624999999 0.2763671875 0.6119546875 0.3076171875 0.611465625 0.3408203125 0.6070546875 0.373046875 0.6070546875
4 0.3857421875 0.40029375 0.3896484375 0.38020624999999997 0.345703125 0.379715625 0.302734375 0.3811859375 0.302734375 0.387065625 0.3427734375 0.395884375 0.3857421875 0.40029375