17 0.4287109375 0.361096875 0.447265625 0.36795625 0.4921875 0.36550781250000003 0.5244140625 0.3645265625 0.560546875 0.3591375 0.60546875 0.35276874999999996 0.5908203125 0.341009375 0.5498046875 0.341009375 0.509765625 0.341009375 0.466796875 0.33904999999999996 0.4345703125 0.341009375 0.4287109375 0.361096875
18 0.5205078125 0.391475 0.5654296875 0.387065625 0.6015625 0.3806953125 0.5712890625 0.37530625 0.537109375 0.3718765625 0.5009765625 0.3645265625 0.470703125 0.36893750000000003 0.4453125 0.3718765625 0.4501953125 0.38510468750000004 0.48828125 0.391475 0.5205078125 0.391475
19 0.5029296875 0.39539375 0.470703125 0.39539375 0.4345703125 0.3924546875 0.421875 0.4086234375 0.423828125 0.41891249999999997 0.462890625 0.42332187499999996 0.484375 0.42675156249999996 0.5224609375 0.42136250000000003 0.5693359375 0.41695312500000004 0.62890625 0.40715312499999995 0.626953125 0.3968640625 0.5966796875 0.391475 0.5498046875 0.391475 0.5029296875 0.39539375
20 0.603515625 0.4448796875 0.6337890625 0.4404703125 0.646484375 0.432140625 0.6396484375 0.42234218749999997 0.6162109375 0.42234218749999997 0.5673828125 0.42332187499999996 0.533203125 0.42332187499999996 0.5009765625 0.425771875 0.47265625 0.42283125000000005 0.421875 0.4218515625 0.416015625 0.43459062499999995 0.421875 0.44880000000000003 0.490234375 0.45026875000000005 0.5263671875 0.44683906249999994 0.5439453125 0.44585937500000006 0.5712890625 0.4448796875 0.603515625 0.4448796875
21 0.421875 0.45320937499999997 0.421875 0.47182812500000004 0.4501953125 0.47182812500000004 0.4736328125 0.4737875 0.5078125 0.475746875 0.5126953125 0.47525781250000004 0.513671875 0.46986718749999995 0.5126953125 0.464478125 0.517578125 0.4605578125 0.5068359375 0.45369843750000005 0.490234375 0.45125000000000004 0.4580078125 0.45125000000000004 0.421875 0.45320937499999997
22 0.4072265625 0.49730468749999995 0.4267578125 0.5090640625 0.4560546875 0.51249375 0.48828125 0.5090640625 0.513671875 0.506125 0.583984375 0.501715625 0.6103515625 0.48995625 0.5888671875 0.4835859375 0.5478515625 0.48113593750000005 0.5048828125 0.48113593750000005 0.4736328125 0.47819687499999997 0.4306640625 0.4683984375 0.4130859375 0.48113593750000005 0.4072265625 0.49730468749999995
30 0.4814453125 0.5110234375 0.44140625 0.5110234375 0.423828125 0.5227828125 0.4287109375 0.54238125 0.4501953125 0.5551203124999999 0.486328125 0.5561 0.53125 0.5521796875 0.5654296875 0.5433609374999999 0.62890625 0.530621875 0.6337890625 0.5208234375 0.623046875 0.5026953125 0.580078125 0.5071046875 0.515625 0.51004375 0.4814453125 0.5110234375
29 0.4775390625 0.5614890625 0.4501953125 0.5614890625 0.4453125 0.576678125 0.4580078125 0.5913765625 0.4951171875 0.5820671875000001 0.53125 0.576678125 0.5654296875 0.5712890625 0.599609375 0.567859375 0.6376953125 0.5551203124999999 0.583984375 0.5570796875 0.5390625 0.5595296875 0.5078125 0.5595296875 0.4775390625 0.5614890625
23 0.51171875 0.5850078125 0.470703125 0.5859875 0.443359375 0.599215625 0.44140625 0.612934375 0.46484375 0.6173437500000001 0.4951171875 0.6075453125 0.5419921875 0.606565625 0.5908203125 0.60460625 0.6484375 0.6031359375 0.6630859375 0.5884375000000001 0.626953125 0.5850078125 0.5966796875 0.5850078125 0.55859375 0.5850078125 0.51171875 0.5850078125
24 0.466796875 0.618325 0.466796875 0.638903125 0.4921875 0.6462515625 0.529296875 0.6408625 0.58203125 0.6256734374999999 0.607421875 0.6227343750000001 0.654296875 0.6163640625 0.625 0.606565625 0.583984375 0.606565625 0.556640625 0.606565625 0.513671875 0.6075453125 0.466796875 0.618325
27 0.5419921875 0.7212156249999999 0.51171875 0.73199375 0.515625 0.7501218749999999 0.5419921875 0.7564921874999999 0.5673828125 0.7564921874999999 0.607421875 0.7609015625 0.654296875 0.766290625 0.673828125 0.7545328125 0.671875 0.7447328125 0.66796875 0.727584375 0.62890625 0.7241546875 0.5869140625 0.7221953125 0.5419921875 0.7212156249999999
3 0.3388671875 0.6599703124999999 0.369140625 0.6536015625 0.416015625 0.6462515625 0.4453125 0.6344921875 0.443359375 0.6173437500000001 0.4306640625 0.608525 0.3837890625 0.620284375 0.3408203125 0.63204375 0.2978515625 0.6482109375 0.2880859375 0.6643796875 0.306640625 0.666340625 0.3388671875 0.6599703124999999
5 0.2919921875 0.579128125 0.2744140625 0.5869671875 0.2509765625 0.5957859375 0.244140625 0.6055859375 0.263671875 0.6055859375 0.2900390625 0.60215625 0.322265625 0.5938265625 0.3486328125 0.5889265625 0.3642578125 0.5869671875 0.390625 0.5825578124999999 0.4150390625 0.57716875 0.4150390625 0.5619796874999999 0.41015625 0.5526703125 0.373046875 0.5561 0.3408203125 0.56491875 0.31640625 0.5727578125 0.2919921875 0.579128125
6 0.2685546875 0.5629593749999999 0.265625 0.5737390625 0.2900390625 0.5707984374999999 0.318359375 0.5663890625 0.3486328125 0.560509375 0.37109375 0.5561 0.40625 0.5526703125 0.4052734375 0.5384609375 0.3994140625 0.5276828124999999 0.3681640625 0.5345421875 0.33984375 0.541890625 0.3076171875 0.5453203125 0.2861328125 0.5551203124999999 0.2685546875 0.5629593749999999
7 0.3115234375 0.53748125 0.33984375 0.5355218749999999 0.369140625 0.5311125 0.3994140625 0.5276828124999999 0.390625 0.5090640625 0.3515625 0.514453125 0.3251953125 0.5178828125 0.3046875 0.5208234375 0.2861328125 0.5252328125 0.2685546875 0.5296421875 0.279296875 0.53748125 0.3115234375 0.53748125
8 0.359375 0.4977953125 0.39453125 0.4879953125 0.3837890625 0.4737875 0.3359375 0.480646875 0.298828125 0.48505624999999997 0.26171875 0.4879953125 0.232421875 0.4958359375 0.2373046875 0.5066140625 0.2509765625 0.505634375 0.3095703125 0.503675 0.359375 0.4977953125
9 0.2724609375 0.45075937499999996 0.2529296875 0.4566390625 0.2919921875 0.4674171875 0.3232421875 0.469378125 0.3603515625 0.47182812500000004 0.376953125 0.4747671875 0.4052734375 0.47966718750000004 0.41015625 0.46496875 0.41015625 0.45222968750000003 0.376953125 0.45320937499999997 0.3466796875 0.45320937499999997 0.318359375 0.45320937499999997 0.2958984375 0.45320937499999997 0.2724609375 0.45075937499999996
10 0.232421875 0.42479218750000003 0.2373046875 0.4331203125 0.2724609375 0.43655 0.314453125 0.4453703125 0.3505859375 0.44634999999999997 0.3798828125 0.45320937499999997 0.4150390625 0.45516875 0.4140625 0.4355703125 0.408203125 0.42479218750000003 0.375 0.42675156249999996 0.3310546875 0.42479218750000003 0.28125 0.4198921875 0.2529296875 0.41891249999999997 0.232421875 0.42479218750000003
11 0.2763671875 0.38804531249999996 0.244140625 0.3860859375 0.2548828125 0.3968640625 0.28125 0.40715312499999995 0.3134765625 0.41009375 0.33984375 0.414503125 0.3642578125 0.4198921875 0.388671875 0.42675156249999996 0.408203125 0.42234218749999997 0.4228515625 0.4066640625 0.4150390625 0.39392499999999997 0.373046875 0.39294531250000003 0.3408203125 0.39294531250000003 0.3076171875 0.388534375 0.2763671875 0.38804531249999996
4 0.3896484375 0.61979375 0.3857421875 0.59970625 0.3427734375 0.604115625 0.302734375 0.612934375 0.302734375 0.6188140625 0.345703125 0.620284375 0.3896484375 0.61979375