2 0.274375 0.529296875 0.2616359375 0.5546875 0.24693749999999998 0.583984375 0.24693749999999998 0.6142578125 0.2640859375 0.6201171875 0.269475 0.6630859375 0.274375 0.6884765625 0.28319375 0.7080078125 0.3067125 0.7099609375 0.311121875 0.673828125 0.30034375 0.6103515625 0.2959328125 0.58203125 0.29495312500000004 0.53515625 0.274375 0.529296875
13 0.35276874999999996 0.5263671875 0.347378125 0.4921875 0.3317 0.5009765625 0.30867187500000004 0.4951171875 0.29495312500000004 0.5244140625 0.304753125 0.5673828125 0.30867187500000004 0.599609375 0.3150421875 0.6572265625 0.3194515625 0.6884765625 0.3517890625 0.671875 0.354728125 0.64453125 0.354728125 0.6123046875 0.35276874999999996 0.5869140625 0.35276874999999996 0.556640625 0.35276874999999996 0.5263671875
18 0.4091125 0.6142578125 0.39784375 0.560546875 0.3900046875 0.5048828125 0.3806953125 0.4501953125 0.36648749999999997 0.447265625 0.34541875 0.470703125 0.354728125 0.5205078125 0.36550781250000003 0.576171875 0.37530625 0.623046875 0.3831453125 0.6357421875 0.39539375 0.6357421875 0.4042140625 0.626953125 0.4086234375 0.626953125 0.41156249999999994 0.6259765625 0.4091125 0.6142578125
19 0.4404703125 0.603515625 0.4341015625 0.53515625 0.429690625 0.5009765625 0.425771875 0.46484375 0.41695312500000004 0.4375 0.3968640625 0.423828125 0.387065625 0.439453125 0.3860859375 0.46875 0.393434375 0.4912109375 0.3978796875 0.5140296875 0.39784375 0.513671875 0.42136250000000003 0.607421875 0.4404703125 0.603515625
20 0.46202812499999996 0.4326171875 0.45761874999999996 0.400390625 0.4341015625 0.39453125 0.42773125 0.421875 0.42773125 0.4501953125 0.4341015625 0.4990234375 0.43753125 0.5458984375 0.4385109375 0.5673828125 0.4404703125 0.5966796875 0.4630078125 0.630859375 0.469378125 0.5888671875 0.4683984375 0.5458984375 0.4674171875 0.5048828125 0.46496875 0.4736328125 0.46202812499999996 0.4326171875
21 0.503675 0.556640625 0.503675 0.513671875 0.503675 0.4736328125 0.503675 0.439453125 0.503675 0.4091796875 0.49730468749999995 0.3798828125 0.48113593750000005 0.376953125 0.46643749999999995 0.3857421875 0.46202812499999996 0.416015625 0.46496875 0.447265625 0.4674171875 0.4755859375 0.4683984375 0.5078125 0.4683984375 0.552734375 0.47182812500000004 0.576171875 0.4747671875 0.6162109375 0.498284375 0.6162109375 0.503675 0.556640625
22 0.515434375 0.3662109375 0.5026953125 0.3876953125 0.503675 0.4375 0.506125 0.5029296875 0.5071046875 0.552734375 0.51004375 0.583984375 0.5198437499999999 0.6103515625 0.5350312500000001 0.60546875 0.5350312500000001 0.556640625 0.537971875 0.466796875 0.5414015625 0.4130859375 0.5360125 0.376953125 0.515434375 0.3662109375
30 0.5712890625 0.4755859375 0.583046875 0.419921875 0.560509375 0.4033203125 0.5414015625 0.3857421875 0.537971875 0.4609375 0.537971875 0.490234375 0.5369921875 0.5390625 0.5335625 0.6123046875 0.544340625 0.611328125 0.542871875 0.6123046875 0.5483390625 0.6152109375 0.5561 0.6015625 0.5624687500000001 0.5244140625 0.5712890625 0.4755859375
29 0.608525 0.552734375 0.612934375 0.5048828125 0.6193046875 0.4501953125 0.6099953124999999 0.41796875 0.5894171874999999 0.416015625 0.5796171875 0.46875 0.5820671875000001 0.5205078125 0.5796171875 0.5625 0.5786374999999999 0.6181640625 0.5913765625 0.626953125 0.6011765625 0.62890625 0.60181875 0.6026374999999999 0.608525 0.552734375
23 0.638903125 0.5439453125 0.652621875 0.5048828125 0.6536015625 0.462890625 0.6482109375 0.4326171875 0.626653125 0.439453125 0.6163640625 0.46875 0.6173437500000001 0.529296875 0.6075453125 0.576171875 0.6075453125 0.6123046875 0.6217546875 0.6337890625 0.638903125 0.5439453125
25 0.6878984375 0.580078125 0.695246875 0.5419921875 0.7016171875 0.5078125 0.6996578125 0.46484375 0.6825078125 0.4501953125 0.65703125 0.44140625 0.651640625 0.4794921875 0.651640625 0.509765625 0.6438015625 0.583984375 0.6438015625 0.6103515625 0.6447812500000001 0.642578125 0.6624203125 0.63671875 0.6727093749999999 0.634765625 0.6834890625 0.6357421875 0.6878984375 0.580078125
26 0.7339546875 0.5048828125 0.7221953125 0.4814453125 0.7060265625000001 0.484375 0.697696875 0.509765625 0.6942671875 0.552734375 0.6878984375 0.5947265625 0.68691875 0.6357421875 0.68691875 0.673828125 0.7084765625 0.677734375 0.7212156249999999 0.623046875 0.7339546875 0.5908203125 0.7457125 0.5263671875 0.7339546875 0.5048828125
27 0.7158249999999999 0.71484375 0.7359140625 0.69921875 0.751103125 0.6591796875 0.7682515624999999 0.623046875 0.7790296875 0.599609375 0.7790296875 0.5654296875 0.76923125 0.556640625 0.7599218750000001 0.5458984375 0.7476734375 0.5244140625 0.7383640625 0.5498046875 0.7339546875 0.583984375 0.723175 0.6142578125 0.7138656250000001 0.64453125 0.70945625 0.673828125 0.7158249999999999 0.71484375
28 0.7530625 0.376953125 0.7491421875000001 0.4033203125 0.7383640625 0.4521484375 0.7476734375 0.48828125 0.763840625 0.5029296875 0.7854 0.5029296875 0.7971578125 0.486328125 0.7981374999999999 0.4326171875 0.8025484374999999 0.375 0.8005875 0.328125 0.7971578125 0.3115234375 0.7863796875 0.3134765625 0.773640625 0.3193359375 0.76188125 0.353515625 0.7530625 0.376953125
0 0.7466921875 0.2978515625 0.7628609375 0.2470703125 0.7530625 0.234375 0.7285640625 0.279296875 0.7016171875 0.34765625 0.6942671875 0.3798828125 0.7006375 0.4111328125 0.71680625 0.423828125 0.73199375 0.4560546875 0.7447328125 0.4267578125 0.7530625 0.392578125 0.7609015625 0.3642578125 0.7726609375 0.33203125 0.780009375 0.30078125 0.7819703125 0.27734375 0.7672703125 0.28125 0.7584515625 0.3115234375 0.7383640625 0.345703125 0.7466921875 0.2978515625
1 0.6878984375 0.30078125 0.68691875 0.2685546875 0.7040671875 0.2236328125 0.7006375 0.1826171875 0.6795687499999999 0.2060546875 0.665359375 0.2509765625 0.6580109375000001 0.2958984375 0.6452718749999999 0.33203125 0.638903125 0.3603515625 0.6599703124999999 0.39453125 0.6849578125 0.4091796875 0.697696875 0.3662109375 0.718765625 0.306640625 0.7403234375000001 0.23828125 0.7285640625 0.212890625 0.7123953125 0.232421875 0.70945625 0.2490234375 0.7040671875 0.279296875 0.6878984375 0.30078125
3 0.629103125 0.3896484375 0.6408625 0.35546875 0.6418421875 0.30859375 0.64723125 0.2578125 0.6560515625 0.2216796875 0.65703125 0.185546875 0.652621875 0.162109375 0.6310625 0.1787109375 0.620284375 0.23828125 0.612934375 0.283203125 0.596765625 0.3388671875 0.608525 0.373046875 0.629103125 0.3896484375
4 0.5658984375 0.302734375 0.55855 0.3408203125 0.5658984375 0.375 0.5859875 0.3662109375 0.59480625 0.34765625 0.597746875 0.306640625 0.6055859375 0.26171875 0.6119546875 0.2060546875 0.6099953124999999 0.169921875 0.59480625 0.1533203125 0.5874578125000001 0.1767578125 0.5796171875 0.208984375 0.5658984375 0.2744140625 0.5658984375 0.302734375
6 0.5316015625 0.3515625 0.5409109375 0.3583984375 0.5570796875 0.375 0.560509375 0.3388671875 0.560509375 0.30078125 0.5595296875 0.25390625 0.55855 0.212890625 0.54973125 0.1806640625 0.53993125 0.208984375 0.5350312500000001 0.2431640625 0.5296421875 0.283203125 0.5247421875 0.3388671875 0.5316015625 0.3515625
7 0.503675 0.2919921875 0.503675 0.3369140625 0.501715625 0.3603515625 0.51249375 0.3642578125 0.5271921875000001 0.3642578125 0.5271921875000001 0.3173828125 0.5271921875000001 0.2900390625 0.5262125 0.2490234375 0.5208234375 0.2216796875 0.5183734375 0.169921875 0.5026953125 0.162109375 0.5007343750000001 0.189453125 0.5026953125 0.2255859375 0.503675 0.259765625 0.503675 0.2919921875
8 0.501715625 0.3662109375 0.503675 0.326171875 0.503675 0.283203125 0.503675 0.2431640625 0.503675 0.2060546875 0.5007343750000001 0.185546875 0.484565625 0.1982421875 0.4791765625 0.2216796875 0.475746875 0.28125 0.475746875 0.3173828125 0.475746875 0.3662109375 0.501715625 0.3662109375
9 0.4737875 0.2978515625 0.4791765625 0.2431640625 0.4772171875 0.2021484375 0.4674171875 0.1982421875 0.45761874999999996 0.1982421875 0.4492890625 0.2509765625 0.44292031249999997 0.3046875 0.44292031249999997 0.3623046875 0.47035781249999997 0.3662109375 0.475746875 0.328125 0.4737875 0.2978515625
11 0.4439 0.35546875 0.437040625 0.265625 0.42773125 0.21484375 0.425771875 0.1748046875 0.409603125 0.1591796875 0.39735468749999997 0.173828125 0.39784375 0.23828125 0.400784375 0.2744140625 0.40519375 0.3115234375 0.4125421875 0.349609375 0.42332187499999996 0.3798828125 0.4439 0.35546875
12 0.402253125 0.328125 0.39539375 0.2685546875 0.3944140625 0.240234375 0.387065625 0.1787109375 0.37530625 0.166015625 0.363546875 0.1767578125 0.361096875 0.2275390625 0.36648749999999997 0.279296875 0.3699171875 0.3681640625 0.381675 0.3798828125 0.400784375 0.376953125 0.41499218750000005 0.3642578125 0.402253125 0.328125
14 0.38510468750000004 0.39453125 0.36795625 0.369140625 0.373346875 0.3388671875 0.3601171875 0.3115234375 0.354728125 0.2685546875 0.3463984375 0.2451171875 0.33022968750000004 0.212890625 0.3219015625 0.2109375 0.3057328125 0.2216796875 0.3219015625 0.2470703125 0.33121093749999997 0.30078125 0.31308125000000003 0.302734375 0.3076921875 0.27734375 0.2915234375 0.2490234375 0.2778046875 0.263671875 0.2758453125 0.283203125 0.304753125 0.3349609375 0.31651093750000003 0.3837890625 0.33121093749999997 0.423828125 0.3537484375 0.4111328125 0.36795625 0.396484375 0.38510468750000004 0.39453125
15 0.32043125 0.421875 0.3282703125 0.4033203125 0.311121875 0.3798828125 0.29299375 0.349609375 0.2714359375 0.30078125 0.2542875 0.2900390625 0.249878125 0.310546875 0.26506562499999997 0.345703125 0.2758453125 0.373046875 0.262615625 0.3857421875 0.2508578125 0.353515625 0.23811875 0.322265625 0.21999062500000002 0.326171875 0.2327296875 0.376953125 0.2454671875 0.400390625 0.26506562499999997 0.4560546875 0.2822140625 0.486328125 0.311121875 0.4375 0.32043125 0.421875
16 0.2670265625 0.46875 0.258696875 0.4306640625 0.24448750000000002 0.39453125 0.2327296875 0.37109375 0.21999062500000002 0.3408203125 0.20627187500000002 0.328125 0.19010312499999998 0.3408203125 0.1920625 0.376953125 0.2028421875 0.44140625 0.20627187500000002 0.4755859375 0.2072515625 0.5263671875 0.22440000000000002 0.5390625 0.2714359375 0.4970703125 0.2670265625 0.46875