17 0.4091796875 0.38804531249999996 0.4501953125 0.3860859375 0.48828125 0.38265625000000003 0.5205078125 0.37530625 0.529296875 0.3645265625 0.5205078125 0.3517890625 0.484375 0.3419890625 0.4306640625 0.3517890625 0.375 0.3625671875 0.322265625 0.3762859375 0.3408203125 0.38804531249999996 0.376953125 0.38804531249999996 0.4091796875 0.38804531249999996
18 0.5439453125 0.389025 0.5224609375 0.37432656249999996 0.4580078125 0.38510468750000004 0.4287109375 0.387065625 0.400390625 0.38804531249999996 0.373046875 0.3900046875 0.349609375 0.391475 0.373046875 0.4042140625 0.4130859375 0.409603125 0.4580078125 0.415971875 0.5048828125 0.415971875 0.5390625 0.40715312499999995 0.5439453125 0.389025
19 0.529296875 0.44145 0.556640625 0.4331203125 0.5458984375 0.41891249999999997 0.529296875 0.4125421875 0.4130859375 0.41695312500000004 0.3603515625 0.425771875 0.3583984375 0.4448796875 0.392578125 0.45026875000000005 0.4609375 0.44585937500000006 0.4990234375 0.4439 0.529296875 0.44145
20 0.421875 0.45222968750000003 0.369140625 0.4546796875 0.369140625 0.47035781249999997 0.4091796875 0.47035781249999997 0.4453125 0.47035781249999997 0.4970703125 0.4683984375 0.53125 0.4683984375 0.5732421875 0.46202812499999996 0.5673828125 0.44683906249999994 0.5458984375 0.4404703125 0.5078125 0.44683906249999994 0.470703125 0.45026875000000005 0.421875 0.45222968750000003
21 0.5654296875 0.469378125 0.515625 0.469378125 0.46484375 0.4728078125 0.4267578125 0.4737875 0.3876953125 0.4772171875 0.3857421875 0.49093593750000003 0.4326171875 0.4953453125 0.509765625 0.5007343750000001 0.5673828125 0.501715625 0.578125 0.48995625 0.5654296875 0.469378125
22 0.421875 0.5296421875 0.470703125 0.5316015625 0.5224609375 0.5360125 0.560546875 0.537971875 0.58203125 0.528171875 0.587890625 0.512984375 0.5947265625 0.5007343750000001 0.578125 0.501715625 0.51953125 0.503675 0.4921875 0.5080843749999999 0.4375 0.5080843749999999 0.3984375 0.51004375 0.375 0.5262125 0.421875 0.5296421875
29 0.345703125 0.592846875 0.376953125 0.5957859375 0.4326171875 0.599215625 0.4775390625 0.60215625 0.4951171875 0.60215625 0.5390625 0.6031359375 0.5546875 0.59480625 0.5498046875 0.5820671875000001 0.5498046875 0.56491875 0.470703125 0.5712890625 0.4287109375 0.567859375 0.3515625 0.567859375 0.3154296875 0.570309375 0.306640625 0.5850078125 0.345703125 0.592846875
23 0.5078125 0.6310625 0.5224609375 0.6408625 0.5458984375 0.6300828125 0.5419921875 0.6148953125000001 0.53515625 0.6011765625 0.486328125 0.599215625 0.4560546875 0.597746875 0.4111328125 0.597746875 0.3857421875 0.596765625 0.345703125 0.592846875 0.326171875 0.5913765625 0.2939453125 0.60215625 0.3115234375 0.6119546875 0.3642578125 0.6173437500000001 0.3896484375 0.6217546875 0.466796875 0.6281234375 0.5078125 0.6310625
24 0.53515625 0.658990625 0.53125 0.6452718749999999 0.5205078125 0.63204375 0.486328125 0.63204375 0.447265625 0.6256734374999999 0.4267578125 0.6237140625 0.3896484375 0.6217546875 0.35546875 0.6193046875 0.326171875 0.618325 0.3193359375 0.636453125 0.3623046875 0.642821875 0.4091796875 0.6506609375 0.46484375 0.65703125 0.4990234375 0.6634 0.53515625 0.658990625
25 0.30078125 0.6805484374999999 0.3349609375 0.6834890625 0.369140625 0.688878125 0.4033203125 0.6967171875 0.439453125 0.7050468750000001 0.466796875 0.6942671875 0.48828125 0.6878984375 0.4951171875 0.6722187500000001 0.4755859375 0.658990625 0.4033203125 0.651640625 0.3583984375 0.642821875 0.322265625 0.642821875 0.30078125 0.6560515625 0.30078125 0.6805484374999999
27 0.3408203125 0.7476734375 0.376953125 0.7476734375 0.41796875 0.7457125 0.423828125 0.723175 0.421875 0.7138656250000001 0.400390625 0.70700625 0.369140625 0.70700625 0.328125 0.7084765625 0.279296875 0.7084765625 0.263671875 0.7329734375 0.2666015625 0.7413031250000001 0.3134765625 0.7427734375 0.3408203125 0.7476734375
0 0.578125 0.7285640625 0.6162109375 0.73934375 0.6396484375 0.7266046875 0.60546875 0.7148453124999999 0.580078125 0.7084765625 0.5546875 0.6986765625 0.513671875 0.6825078125 0.490234375 0.6878984375 0.4521484375 0.6986765625 0.4326171875 0.7158249999999999 0.4560546875 0.72954375 0.4736328125 0.7339546875 0.51171875 0.7476734375 0.560546875 0.763840625 0.603515625 0.764821875 0.5947265625 0.7501218749999999 0.5712890625 0.7403234375000001 0.5478515625 0.730525 0.5478515625 0.71680625 0.578125 0.7285640625
1 0.5830078125 0.6780984375 0.5908203125 0.6717296875 0.59765625 0.666340625 0.6298828125 0.6776093750000001 0.6650390625 0.67075 0.66796875 0.658990625 0.62890625 0.6491921875 0.5888671875 0.6482109375 0.560546875 0.642821875 0.529296875 0.642821875 0.537109375 0.6634 0.5263671875 0.6727093749999999 0.51171875 0.6849578125 0.556640625 0.6932875000000001 0.576171875 0.7030875 0.625 0.7030875 0.6650390625 0.7006375 0.6865234375 0.7006375 0.671875 0.6878984375 0.65234375 0.6878984375 0.6142578125 0.6878984375 0.5830078125 0.6780984375
3 0.66796875 0.624203125 0.650390625 0.6173437500000001 0.6123046875 0.6119546875 0.583984375 0.606565625 0.5732421875 0.6193046875 0.5693359375 0.6374328125 0.599609375 0.6462515625 0.658203125 0.6491921875 0.6806640625 0.6438015625 0.6787109375 0.638903125 0.68359375 0.6335124999999999 0.6865234375 0.62959375 0.66796875 0.624203125
4 0.6181640625 0.5786374999999999 0.580078125 0.5688390625 0.552734375 0.584028125 0.556640625 0.599215625 0.583984375 0.608525 0.6376953125 0.606565625 0.677734375 0.6163640625 0.734375 0.6227343750000001 0.7548828125 0.6256734374999999 0.76171875 0.6075453125 0.7333984375 0.59480625 0.6484375 0.5859875 0.6181640625 0.5786374999999999
5 0.6396484375 0.5414015625 0.5947265625 0.53993125 0.5732421875 0.5507109375 0.5693359375 0.5658984375 0.607421875 0.5756984375 0.6416015625 0.5810875 0.67578125 0.583046875 0.724609375 0.5869671875 0.765625 0.592846875 0.7958984375 0.5913765625 0.76953125 0.5756984375 0.7275390625 0.5614890625 0.673828125 0.5477703125 0.6396484375 0.5414015625
6 0.69921875 0.5227828125 0.654296875 0.5208234375 0.599609375 0.514453125 0.5927734375 0.5262125 0.583984375 0.5414015625 0.6201171875 0.5389515625 0.6650390625 0.544340625 0.7314453125 0.5477703125 0.7490234375 0.54973125 0.7724609375 0.5467906250000001 0.7724609375 0.5335625 0.73828125 0.528171875 0.69921875 0.5227828125
7 0.6201171875 0.498284375 0.583984375 0.49926562499999994 0.5869140625 0.5178828125 0.6572265625 0.5198437499999999 0.69140625 0.515434375 0.7509765625 0.5178828125 0.7763671875 0.51249375 0.7724609375 0.5007343750000001 0.73828125 0.49093593750000003 0.66796875 0.49730468749999995 0.6201171875 0.498284375
8 0.65234375 0.496325 0.671875 0.49387499999999995 0.7119140625 0.49387499999999995 0.744140625 0.49387499999999995 0.78515625 0.48652656250000004 0.7939453125 0.475746875 0.7802734375 0.46202812499999996 0.7333984375 0.45859843749999996 0.697265625 0.4639875 0.646484375 0.47182812500000004 0.60546875 0.4747671875 0.5966796875 0.49730468749999995 0.65234375 0.496325
9 0.599609375 0.475746875 0.6484375 0.47182812500000004 0.6865234375 0.4639875 0.7314453125 0.45761874999999996 0.7578125 0.43655 0.74609375 0.4243015625 0.7099609375 0.4341015625 0.669921875 0.44242968749999995 0.583984375 0.45320937499999997 0.599609375 0.475746875
10 0.576171875 0.4492890625 0.6181640625 0.44683906249999994 0.654296875 0.4404703125 0.6865234375 0.4341015625 0.72265625 0.42675156249999996 0.759765625 0.4179328125 0.791015625 0.40715312499999995 0.7890625 0.38265625000000003 0.7607421875 0.389025 0.697265625 0.3968640625 0.630859375 0.41156249999999994 0.5908203125 0.4179328125 0.5625 0.42136250000000003 0.5693359375 0.43508125 0.576171875 0.4492890625
11 0.5927734375 0.42038281250000004 0.630859375 0.41156249999999994 0.6806640625 0.402253125 0.716796875 0.389025 0.7568359375 0.37432656249999996 0.759765625 0.3645265625 0.740234375 0.3561984375 0.69140625 0.36893750000000003 0.6201171875 0.38363593749999997 0.58203125 0.391475 0.5458984375 0.400784375 0.560546875 0.4179328125 0.5927734375 0.42038281250000004
12 0.5458984375 0.393434375 0.580078125 0.3944140625 0.6201171875 0.387065625 0.650390625 0.379715625 0.69921875 0.36795625 0.7255859375 0.3625671875 0.74609375 0.3508078125 0.7421875 0.3356203125 0.712890625 0.3282703125 0.6630859375 0.3366 0.6103515625 0.347378125 0.5888671875 0.354728125 0.537109375 0.3625671875 0.533203125 0.3762859375 0.5458984375 0.393434375
15 0.46484375 0.32288125 0.4951171875 0.3375796875 0.5205078125 0.33022968750000004 0.5419921875 0.31651093750000003 0.5732421875 0.3057328125 0.6103515625 0.2895640625 0.630859375 0.27045625 0.62890625 0.2552671875 0.5947265625 0.2640859375 0.560546875 0.2822140625 0.5390625 0.2758453125 0.5625 0.258696875 0.5908203125 0.24693749999999998 0.607421875 0.22831875 0.587890625 0.226359375 0.5205078125 0.2518375 0.4951171875 0.26800625 0.46484375 0.278784375 0.435546875 0.29495312500000004 0.443359375 0.30867187500000004 0.46484375 0.32288125
16 0.4111328125 0.286134375 0.4501953125 0.29054375 0.466796875 0.2714359375 0.4970703125 0.256246875 0.53125 0.23370937500000002 0.53515625 0.21999062500000002 0.5244140625 0.20921093750000003 0.4921875 0.1994125 0.4501953125 0.212640625 0.4130859375 0.23517812500000002 0.376953125 0.24693749999999998 0.3583984375 0.25967656250000004 0.3837890625 0.2778046875 0.4111328125 0.286134375