31 0.7457125 0.2744140625 0.7599218750000001 0.306640625 0.76923125 0.34765625 0.7873593750000001 0.3642578125 0.7951984375000001 0.3388671875 0.812346875 0.326171875 0.812346875 0.2939453125 0.793728125 0.255859375 0.780009375 0.2255859375 0.7599218750000001 0.185546875 0.7427734375 0.1982421875 0.7413031250000001 0.240234375 0.7457125 0.2744140625
2 0.730525 0.1962890625 0.7148453124999999 0.193359375 0.7050468750000001 0.2431640625 0.7050468750000001 0.279296875 0.7138656250000001 0.3193359375 0.71680625 0.3603515625 0.7261140625 0.408203125 0.7466921875 0.416015625 0.764821875 0.3984375 0.77168125 0.37109375 0.766290625 0.33203125 0.7545328125 0.302734375 0.7457125 0.26171875 0.73934375 0.23046875 0.730525 0.1962890625
13 0.6697703125000001 0.3662109375 0.667809375 0.4052734375 0.6727093749999999 0.4501953125 0.6898578125 0.447265625 0.7084765625 0.439453125 0.727584375 0.41796875 0.7212156249999999 0.373046875 0.7148453124999999 0.33203125 0.7084765625 0.2900390625 0.6996578125 0.2578125 0.68691875 0.240234375 0.6727093749999999 0.21484375 0.665359375 0.26171875 0.665359375 0.3115234375 0.666340625 0.3349609375 0.6697703125000001 0.3662109375
17 0.6354734375 0.26171875 0.629103125 0.3349609375 0.6256734374999999 0.3837890625 0.6256734374999999 0.416015625 0.6256734374999999 0.4501953125 0.6310625 0.466796875 0.6438015625 0.46484375 0.6624203125 0.4521484375 0.665359375 0.400390625 0.6599703124999999 0.353515625 0.65458125 0.2958984375 0.6506609375 0.234375 0.6354734375 0.26171875
18 0.606565625 0.283203125 0.6055859375 0.326171875 0.5957859375 0.373046875 0.592846875 0.400390625 0.592846875 0.44140625 0.6001953125 0.4755859375 0.6227343750000001 0.4580078125 0.6237140625 0.421875 0.6237140625 0.3876953125 0.6227343750000001 0.349609375 0.6193046875 0.30859375 0.618325 0.26171875 0.606565625 0.283203125
19 0.5894171874999999 0.2216796875 0.5810875 0.2470703125 0.570309375 0.2939453125 0.555609375 0.4111328125 0.5541406249999999 0.4453125 0.5624687500000001 0.46484375 0.576678125 0.46875 0.5874578125000001 0.4501953125 0.5874578125000001 0.4052734375 0.5913765625 0.3623046875 0.5957859375 0.30078125 0.6001953125 0.23828125 0.5894171874999999 0.2216796875
21 0.514453125 0.2705078125 0.51249375 0.3115234375 0.5110234375 0.35546875 0.5110234375 0.4033203125 0.5110234375 0.4326171875 0.5110234375 0.46484375 0.5198437499999999 0.490234375 0.54875 0.4736328125 0.5541406249999999 0.4375 0.5521796875 0.3837890625 0.54875 0.330078125 0.5433609374999999 0.28125 0.5325828125000001 0.2451171875 0.514453125 0.2705078125
22 0.4835859375 0.23046875 0.4772171875 0.283203125 0.4747671875 0.3349609375 0.47035781249999997 0.3662109375 0.4683984375 0.400390625 0.46643749999999995 0.423828125 0.46643749999999995 0.466796875 0.4835859375 0.4951171875 0.5134734375 0.462890625 0.5080843749999999 0.4072265625 0.5080843749999999 0.35546875 0.5090640625 0.3046875 0.5026953125 0.240234375 0.4835859375 0.23046875
30 0.46643749999999995 0.2685546875 0.45565937500000003 0.2958984375 0.4492890625 0.3427734375 0.4404703125 0.3818359375 0.432140625 0.4267578125 0.439490625 0.466796875 0.45222968750000003 0.4814453125 0.46643749999999995 0.466796875 0.4639875 0.416015625 0.4674171875 0.3984375 0.47182812500000004 0.3369140625 0.46643749999999995 0.2958984375 0.46643749999999995 0.2685546875
23 0.3900046875 0.3369140625 0.393434375 0.375 0.3968640625 0.4111328125 0.3998046875 0.4501953125 0.409603125 0.4736328125 0.42136250000000003 0.462890625 0.42773125 0.4326171875 0.4331203125 0.3984375 0.42136250000000003 0.345703125 0.41695312500000004 0.3046875 0.4042140625 0.2490234375 0.391475 0.2900390625 0.3900046875 0.3369140625
24 0.357178125 0.2900390625 0.3601171875 0.3427734375 0.3601171875 0.3857421875 0.3591375 0.4267578125 0.3591375 0.4541015625 0.37530625 0.466796875 0.3968640625 0.447265625 0.3968640625 0.416015625 0.393434375 0.3623046875 0.38804531249999996 0.32421875 0.3806953125 0.2578125 0.3645265625 0.2451171875 0.357178125 0.2900390625
25 0.3493390625 0.30078125 0.3463984375 0.255859375 0.33464062499999997 0.2216796875 0.3057328125 0.2294921875 0.302303125 0.283203125 0.30034375 0.3388671875 0.2983828125 0.3876953125 0.2983828125 0.4287109375 0.3076921875 0.4580078125 0.3268 0.44921875 0.3419890625 0.466796875 0.3601171875 0.4521484375 0.354728125 0.4130859375 0.3493390625 0.373046875 0.3493390625 0.349609375 0.3493390625 0.30078125
26 0.2670265625 0.21484375 0.2640859375 0.2958984375 0.256246875 0.35546875 0.24889687500000002 0.39453125 0.2454671875 0.4287109375 0.2714359375 0.44140625 0.2876046875 0.44140625 0.2969125 0.4111328125 0.2969125 0.376953125 0.29936250000000003 0.3193359375 0.29936250000000003 0.2578125 0.29936250000000003 0.216796875 0.2670265625 0.21484375
27 0.258696875 0.2724609375 0.256246875 0.2255859375 0.24154843750000002 0.236328125 0.22440000000000002 0.28515625 0.1984328125 0.357421875 0.21802968749999999 0.3662109375 0.22195 0.3984375 0.2297890625 0.416015625 0.24889687500000002 0.3837890625 0.2508578125 0.34765625 0.2523265625 0.3193359375 0.258696875 0.2724609375
28 0.2454671875 0.60546875 0.25967656250000004 0.5546875 0.262615625 0.490234375 0.24154843750000002 0.4609375 0.22195 0.4501953125 0.20382187499999999 0.4697265625 0.20382187499999999 0.505859375 0.2072515625 0.5419921875 0.20921093750000003 0.5732421875 0.21558125 0.6142578125 0.2297890625 0.6396484375 0.2454671875 0.60546875
0 0.2778046875 0.677734375 0.29299375 0.630859375 0.2983828125 0.5947265625 0.3101421875 0.55859375 0.318471875 0.5185546875 0.2939734375 0.4951171875 0.26800625 0.4814453125 0.258696875 0.5390625 0.258696875 0.5654296875 0.24889687500000002 0.6015625 0.24252812499999998 0.6630859375 0.256246875 0.6337890625 0.262615625 0.607421875 0.2822140625 0.576171875 0.276825 0.65234375 0.2778046875 0.677734375
1 0.34394843750000004 0.6572265625 0.33464062499999997 0.7119140625 0.3400296875 0.73828125 0.34835937499999997 0.7255859375 0.363546875 0.626953125 0.3762859375 0.556640625 0.3718765625 0.5205078125 0.3561984375 0.5185546875 0.33464062499999997 0.509765625 0.31749218749999997 0.5390625 0.318471875 0.5869140625 0.3140625 0.6376953125 0.304753125 0.7041015625 0.3101421875 0.740234375 0.31651093750000003 0.7060546875 0.32288125 0.6826171875 0.33022968750000004 0.6357421875 0.34394843750000004 0.5966796875 0.34394843750000004 0.6572265625
3 0.40519375 0.60546875 0.4125421875 0.576171875 0.42234218749999997 0.533203125 0.400784375 0.5244140625 0.38363593749999997 0.5224609375 0.377265625 0.5439453125 0.3782453125 0.5869140625 0.373346875 0.623046875 0.3718765625 0.64453125 0.370896875 0.6884765625 0.37432656249999996 0.7255859375 0.38265625000000003 0.7275390625 0.38510468750000004 0.7060546875 0.389025 0.669921875 0.39784375 0.6337890625 0.40519375 0.60546875
4 0.44782031250000004 0.5546875 0.4404703125 0.529296875 0.415971875 0.5244140625 0.4140125 0.552734375 0.4140125 0.5908203125 0.41499218750000005 0.630859375 0.409603125 0.677734375 0.4086234375 0.7275390625 0.41499218750000005 0.7490234375 0.4287109375 0.7255859375 0.4341015625 0.67578125 0.4439 0.6162109375 0.44782031250000004 0.5546875
5 0.4728078125 0.5419921875 0.46006875 0.513671875 0.4448796875 0.5478515625 0.4448796875 0.5966796875 0.4448796875 0.6376953125 0.43116093749999995 0.6865234375 0.4341015625 0.7294921875 0.44683906249999994 0.71875 0.46006875 0.69140625 0.46496875 0.650390625 0.4747671875 0.5869140625 0.4728078125 0.5419921875
6 0.49387499999999995 0.5732421875 0.5007343750000001 0.51171875 0.4889765625 0.5078125 0.4728078125 0.5263671875 0.4747671875 0.5673828125 0.4772171875 0.5966796875 0.48015625 0.650390625 0.48015625 0.693359375 0.49289531249999996 0.7080078125 0.49289531249999996 0.669921875 0.49289531249999996 0.64453125 0.49289531249999996 0.607421875 0.49387499999999995 0.5732421875
7 0.524253125 0.556640625 0.5316015625 0.5185546875 0.5198437499999999 0.51171875 0.5007343750000001 0.513671875 0.49926562499999994 0.5673828125 0.498284375 0.5947265625 0.498284375 0.62890625 0.498284375 0.6806640625 0.51004375 0.6845703125 0.5134734375 0.654296875 0.5134734375 0.630859375 0.5198437499999999 0.5927734375 0.524253125 0.556640625
8 0.54875 0.583984375 0.5541406249999999 0.529296875 0.53993125 0.5185546875 0.530621875 0.53515625 0.5262125 0.5673828125 0.521803125 0.60546875 0.5178828125 0.6376953125 0.51004375 0.6572265625 0.5164140625 0.6884765625 0.530621875 0.6611328125 0.5389515625 0.625 0.54875 0.583984375
10 0.5810875 0.6572265625 0.5776578125 0.60546875 0.5727578125 0.5400390625 0.549240625 0.5458984375 0.54875 0.626953125 0.5531609375000001 0.6650390625 0.5531609375000001 0.720703125 0.5531609375000001 0.7568359375 0.5561 0.7763671875 0.5668796875 0.78515625 0.574228125 0.74609375 0.5786374999999999 0.7119140625 0.5810875 0.6572265625
11 0.6011765625 0.599609375 0.599215625 0.5693359375 0.592846875 0.537109375 0.5776578125 0.529296875 0.5658984375 0.5546875 0.5712890625 0.583984375 0.5786374999999999 0.6201171875 0.584028125 0.6591796875 0.584028125 0.7041015625 0.5903968749999999 0.7421875 0.6011765625 0.716796875 0.60460625 0.677734375 0.60460625 0.654296875 0.60460625 0.625 0.6011765625 0.599609375
12 0.6418421875 0.580078125 0.64723125 0.537109375 0.6148953125000001 0.5244140625 0.6001953125 0.529296875 0.6055859375 0.5732421875 0.6099953124999999 0.630859375 0.6119546875 0.6953125 0.6119546875 0.736328125 0.6237140625 0.736328125 0.629103125 0.7119140625 0.6335124999999999 0.6845703125 0.6354734375 0.6416015625 0.6418421875 0.580078125
14 0.7177859375 0.560546875 0.711415625 0.515625 0.7016171875 0.490234375 0.6727093749999999 0.513671875 0.6506609375 0.537109375 0.6727093749999999 0.58203125 0.6898578125 0.62890625 0.7040671875 0.65234375 0.7221953125 0.66796875 0.73199375 0.673828125 0.7413031250000001 0.654296875 0.737384375 0.6201171875 0.7266046875 0.5888671875 0.7177859375 0.560546875
15 0.7584515625 0.4345703125 0.72954375 0.4580078125 0.711415625 0.4814453125 0.718765625 0.51171875 0.7329734375 0.5498046875 0.7476734375 0.578125 0.76923125 0.6142578125 0.79176875 0.607421875 0.7981374999999999 0.5888671875 0.7951984375000001 0.5546875 0.780009375 0.5029296875 0.7682515624999999 0.4609375 0.7584515625 0.4345703125