31 0.2542875 0.7255859375 0.240078125 0.693359375 0.23076875000000002 0.65234375 0.212640625 0.6357421875 0.2048015625 0.6611328125 0.187653125 0.673828125 0.187653125 0.7060546875 0.20627187500000002 0.744140625 0.21999062500000002 0.7744140625 0.240078125 0.814453125 0.2572265625 0.8017578125 0.258696875 0.759765625 0.2542875 0.7255859375
2 0.269475 0.8037109375 0.2851546875 0.806640625 0.29495312500000004 0.7568359375 0.29495312500000004 0.720703125 0.286134375 0.6806640625 0.28319375 0.6396484375 0.2738859375 0.591796875 0.2533078125 0.583984375 0.23517812500000002 0.6015625 0.22831875 0.62890625 0.23370937500000002 0.66796875 0.2454671875 0.697265625 0.2542875 0.73828125 0.26065625 0.76953125 0.269475 0.8037109375
13 0.33022968750000004 0.6337890625 0.332190625 0.5947265625 0.327290625 0.5498046875 0.3101421875 0.552734375 0.2915234375 0.560546875 0.272415625 0.58203125 0.278784375 0.626953125 0.2851546875 0.66796875 0.2915234375 0.7099609375 0.30034375 0.7421875 0.31308125000000003 0.759765625 0.327290625 0.78515625 0.33464062499999997 0.73828125 0.33464062499999997 0.6884765625 0.333659375 0.6650390625 0.33022968750000004 0.6337890625
17 0.3645265625 0.73828125 0.370896875 0.6650390625 0.37432656249999996 0.6162109375 0.37432656249999996 0.583984375 0.37432656249999996 0.5498046875 0.36893750000000003 0.533203125 0.3561984375 0.53515625 0.3375796875 0.5478515625 0.33464062499999997 0.599609375 0.3400296875 0.646484375 0.34541875 0.7041015625 0.3493390625 0.765625 0.3645265625 0.73828125
18 0.393434375 0.716796875 0.3944140625 0.673828125 0.4042140625 0.626953125 0.40715312499999995 0.599609375 0.40715312499999995 0.55859375 0.3998046875 0.5244140625 0.377265625 0.5419921875 0.3762859375 0.578125 0.3762859375 0.6123046875 0.377265625 0.650390625 0.3806953125 0.69140625 0.381675 0.73828125 0.393434375 0.716796875
19 0.41058281250000006 0.7783203125 0.41891249999999997 0.7529296875 0.429690625 0.7060546875 0.44439062500000004 0.5888671875 0.44585937500000006 0.5546875 0.43753125 0.53515625 0.42332187499999996 0.53125 0.4125421875 0.5498046875 0.4125421875 0.5947265625 0.4086234375 0.6376953125 0.4042140625 0.69921875 0.3998046875 0.76171875 0.41058281250000006 0.7783203125
21 0.485546875 0.7294921875 0.48750625000000003 0.6884765625 0.4889765625 0.64453125 0.4889765625 0.5966796875 0.4889765625 0.5673828125 0.4889765625 0.53515625 0.48015625 0.509765625 0.45125000000000004 0.5263671875 0.44585937500000006 0.5625 0.44782031250000004 0.6162109375 0.45125000000000004 0.669921875 0.4566390625 0.71875 0.4674171875 0.7548828125 0.485546875 0.7294921875
22 0.5164140625 0.76953125 0.5227828125 0.716796875 0.5252328125 0.6650390625 0.5296421875 0.6337890625 0.5316015625 0.599609375 0.5335625 0.576171875 0.5335625 0.533203125 0.5164140625 0.5048828125 0.48652656250000004 0.537109375 0.491915625 0.5927734375 0.491915625 0.64453125 0.49093593750000003 0.6953125 0.49730468749999995 0.759765625 0.5164140625 0.76953125
30 0.5335625 0.7314453125 0.544340625 0.7041015625 0.5507109375 0.6572265625 0.5595296875 0.6181640625 0.567859375 0.5732421875 0.560509375 0.533203125 0.5477703125 0.5185546875 0.5335625 0.533203125 0.5360125 0.583984375 0.5325828125000001 0.6015625 0.528171875 0.6630859375 0.5335625 0.7041015625 0.5335625 0.7314453125
23 0.6099953124999999 0.6630859375 0.606565625 0.625 0.6031359375 0.5888671875 0.6001953125 0.5498046875 0.5903968749999999 0.5263671875 0.5786374999999999 0.537109375 0.57226875 0.5673828125 0.5668796875 0.6015625 0.5786374999999999 0.654296875 0.583046875 0.6953125 0.5957859375 0.7509765625 0.608525 0.7099609375 0.6099953124999999 0.6630859375
24 0.642821875 0.7099609375 0.6398828125 0.6572265625 0.6398828125 0.6142578125 0.6408625 0.5732421875 0.6408625 0.5458984375 0.6246937499999999 0.533203125 0.6031359375 0.552734375 0.6031359375 0.583984375 0.606565625 0.6376953125 0.6119546875 0.67578125 0.6193046875 0.7421875 0.6354734375 0.7548828125 0.642821875 0.7099609375
25 0.6506609375 0.69921875 0.6536015625 0.744140625 0.665359375 0.7783203125 0.6942671875 0.7705078125 0.697696875 0.716796875 0.6996578125 0.6611328125 0.7016171875 0.6123046875 0.7016171875 0.5712890625 0.6923078125 0.5419921875 0.6732 0.55078125 0.6580109375000001 0.533203125 0.6398828125 0.5478515625 0.6452718749999999 0.5869140625 0.6506609375 0.626953125 0.6506609375 0.650390625 0.6506609375 0.69921875
26 0.7329734375 0.78515625 0.7359140625 0.7041015625 0.743753125 0.64453125 0.751103125 0.60546875 0.7545328125 0.5712890625 0.7285640625 0.55859375 0.7123953125 0.55859375 0.7030875 0.5888671875 0.7030875 0.623046875 0.7006375 0.6806640625 0.7006375 0.7421875 0.7006375 0.783203125 0.7329734375 0.78515625
27 0.7413031250000001 0.7275390625 0.743753125 0.7744140625 0.7584515625 0.763671875 0.7756000000000001 0.71484375 0.8015671875000001 0.642578125 0.7819703125 0.6337890625 0.77805 0.6015625 0.7702109375 0.583984375 0.751103125 0.6162109375 0.7491421875000001 0.65234375 0.7476734375 0.6806640625 0.7413031250000001 0.7275390625
28 0.7545328125 0.39453125 0.7403234375000001 0.4453125 0.737384375 0.509765625 0.7584515625 0.5390625 0.77805 0.5498046875 0.796178125 0.5302734375 0.796178125 0.494140625 0.7927484375 0.4580078125 0.7907890625 0.4267578125 0.78441875 0.3857421875 0.7702109375 0.3603515625 0.7545328125 0.39453125
0 0.7221953125 0.322265625 0.70700625 0.369140625 0.7016171875 0.4052734375 0.6898578125 0.44140625 0.681528125 0.4814453125 0.7060265625000001 0.5048828125 0.73199375 0.5185546875 0.7413031250000001 0.4609375 0.7413031250000001 0.4345703125 0.751103125 0.3984375 0.757471875 0.3369140625 0.743753125 0.3662109375 0.737384375 0.392578125 0.7177859375 0.423828125 0.723175 0.34765625 0.7221953125 0.322265625
1 0.6560515625 0.3427734375 0.665359375 0.2880859375 0.6599703124999999 0.26171875 0.651640625 0.2744140625 0.636453125 0.373046875 0.6237140625 0.443359375 0.6281234375 0.4794921875 0.6438015625 0.4814453125 0.665359375 0.490234375 0.6825078125 0.4609375 0.681528125 0.4130859375 0.6859375 0.3623046875 0.695246875 0.2958984375 0.6898578125 0.259765625 0.6834890625 0.2939453125 0.67711875 0.3173828125 0.6697703125000001 0.3642578125 0.6560515625 0.4033203125 0.6560515625 0.3427734375
3 0.59480625 0.39453125 0.5874578125000001 0.423828125 0.5776578125 0.466796875 0.599215625 0.4755859375 0.6163640625 0.4775390625 0.6227343750000001 0.4560546875 0.6217546875 0.4130859375 0.626653125 0.376953125 0.6281234375 0.35546875 0.629103125 0.3115234375 0.6256734374999999 0.2744140625 0.6173437500000001 0.2724609375 0.6148953125000001 0.2939453125 0.610975 0.330078125 0.60215625 0.3662109375 0.59480625 0.39453125
4 0.5521796875 0.4453125 0.5595296875 0.470703125 0.584028125 0.4755859375 0.5859875 0.447265625 0.5859875 0.4091796875 0.5850078125 0.369140625 0.5903968749999999 0.322265625 0.5913765625 0.2724609375 0.5850078125 0.2509765625 0.5712890625 0.2744140625 0.5658984375 0.32421875 0.5561 0.3837890625 0.5521796875 0.4453125
5 0.5271921875000001 0.4580078125 0.53993125 0.486328125 0.5551203124999999 0.4521484375 0.5551203124999999 0.4033203125 0.5551203124999999 0.3623046875 0.5688390625 0.3134765625 0.5658984375 0.2705078125 0.5531609375000001 0.28125 0.53993125 0.30859375 0.5350312500000001 0.349609375 0.5252328125 0.4130859375 0.5271921875000001 0.4580078125
6 0.506125 0.4267578125 0.49926562499999994 0.48828125 0.5110234375 0.4921875 0.5271921875000001 0.4736328125 0.5252328125 0.4326171875 0.5227828125 0.4033203125 0.5198437499999999 0.349609375 0.5198437499999999 0.306640625 0.5071046875 0.2919921875 0.5071046875 0.330078125 0.5071046875 0.35546875 0.5071046875 0.392578125 0.506125 0.4267578125
7 0.475746875 0.443359375 0.4683984375 0.4814453125 0.48015625 0.48828125 0.49926562499999994 0.486328125 0.5007343750000001 0.4326171875 0.501715625 0.4052734375 0.501715625 0.37109375 0.501715625 0.3193359375 0.48995625 0.3154296875 0.48652656250000004 0.345703125 0.48652656250000004 0.369140625 0.48015625 0.4072265625 0.475746875 0.443359375
8 0.45125000000000004 0.416015625 0.44585937500000006 0.470703125 0.46006875 0.4814453125 0.469378125 0.46484375 0.4737875 0.4326171875 0.47819687499999997 0.39453125 0.4821171875 0.3623046875 0.48995625 0.3427734375 0.4835859375 0.3115234375 0.469378125 0.3388671875 0.4610484375 0.375 0.45125000000000004 0.416015625
10 0.41891249999999997 0.3427734375 0.42234218749999997 0.39453125 0.4272421875 0.4599609375 0.45075937499999996 0.4541015625 0.45125000000000004 0.373046875 0.44683906249999994 0.3349609375 0.44683906249999994 0.279296875 0.44683906249999994 0.2431640625 0.4439 0.2236328125 0.4331203125 0.21484375 0.425771875 0.25390625 0.42136250000000003 0.2880859375 0.41891249999999997 0.3427734375
11 0.39882343750000004 0.400390625 0.400784375 0.4306640625 0.40715312499999995 0.462890625 0.42234218749999997 0.470703125 0.4341015625 0.4453125 0.4287109375 0.416015625 0.42136250000000003 0.3798828125 0.415971875 0.3408203125 0.415971875 0.2958984375 0.409603125 0.2578125 0.39882343750000004 0.283203125 0.39539375 0.322265625 0.39539375 0.345703125 0.39539375 0.375 0.39882343750000004 0.400390625
12 0.3581578125 0.419921875 0.35276874999999996 0.462890625 0.38510468750000004 0.4755859375 0.3998046875 0.470703125 0.3944140625 0.4267578125 0.3900046875 0.369140625 0.38804531249999996 0.3046875 0.38804531249999996 0.263671875 0.3762859375 0.263671875 0.370896875 0.2880859375 0.36648749999999997 0.3154296875 0.3645265625 0.3583984375 0.3581578125 0.419921875
14 0.2822140625 0.439453125 0.288584375 0.484375 0.2983828125 0.509765625 0.327290625 0.486328125 0.3493390625 0.462890625 0.327290625 0.41796875 0.3101421875 0.37109375 0.2959328125 0.34765625 0.2778046875 0.33203125 0.26800625 0.326171875 0.258696875 0.345703125 0.262615625 0.3798828125 0.27339531250000004 0.4111328125 0.2822140625 0.439453125
15 0.24154843750000002 0.5654296875 0.27045625 0.5419921875 0.288584375 0.5185546875 0.28123437500000004 0.48828125 0.2670265625 0.4501953125 0.2523265625 0.421875 0.23076875000000002 0.3857421875 0.20823125 0.392578125 0.2018625 0.4111328125 0.2048015625 0.4453125 0.21999062500000002 0.4970703125 0.2317484375 0.5390625 0.24154843750000002 0.5654296875