13 0.3194515625 0.4375 0.32288125 0.3837890625 0.31308125000000003 0.353515625 0.2895640625 0.3876953125 0.288584375 0.4326171875 0.28319375 0.48046875 0.274375 0.5224609375 0.288584375 0.5546875 0.3057328125 0.5654296875 0.32043125 0.5625 0.3219015625 0.5263671875 0.32043125 0.48828125 0.3194515625 0.4541015625 0.3194515625 0.4375
17 0.332190625 0.46484375 0.32925 0.5048828125 0.3238609375 0.53515625 0.3194515625 0.5712890625 0.3326796875 0.5927734375 0.3591375 0.5673828125 0.3561984375 0.515625 0.354728125 0.4755859375 0.354728125 0.4306640625 0.3493390625 0.39453125 0.332190625 0.400390625 0.332190625 0.46484375
19 0.38510468750000004 0.484375 0.3806953125 0.5498046875 0.3900046875 0.580078125 0.3998046875 0.6142578125 0.41499218750000005 0.5869140625 0.41891249999999997 0.5439453125 0.41058281250000006 0.5048828125 0.40519375 0.421875 0.39784375 0.392578125 0.3860859375 0.3388671875 0.379715625 0.3876953125 0.38510468750000004 0.484375
22 0.5046546875 0.3623046875 0.4821171875 0.3642578125 0.48750625000000003 0.421875 0.485546875 0.4609375 0.485546875 0.5048828125 0.4889765625 0.5498046875 0.48505624999999997 0.599609375 0.49730468749999995 0.6181640625 0.510534375 0.6181640625 0.5252328125 0.6044921875 0.5198437499999999 0.5458984375 0.5198437499999999 0.4951171875 0.514453125 0.4453125 0.5046546875 0.3623046875
29 0.5820671875000001 0.4033203125 0.57226875 0.3583984375 0.5595296875 0.35546875 0.5624687500000001 0.4052734375 0.5624687500000001 0.470703125 0.5624687500000001 0.529296875 0.560509375 0.587890625 0.5776578125 0.603515625 0.5957859375 0.5947265625 0.5957859375 0.552734375 0.5957859375 0.5185546875 0.592846875 0.4755859375 0.5894171874999999 0.44140625 0.5820671875000001 0.4033203125
23 0.599215625 0.3623046875 0.6031359375 0.400390625 0.6031359375 0.443359375 0.6001953125 0.484375 0.597746875 0.53515625 0.597746875 0.576171875 0.6163640625 0.5908203125 0.6344921875 0.580078125 0.6344921875 0.560546875 0.63204375 0.5009765625 0.6300828125 0.466796875 0.6227343750000001 0.421875 0.6163640625 0.373046875 0.599215625 0.3623046875
24 0.642821875 0.3603515625 0.6310625 0.3837890625 0.6310625 0.447265625 0.6310625 0.560546875 0.636453125 0.494140625 0.63204375 0.5517578125 0.658990625 0.5732421875 0.667809375 0.5439453125 0.658990625 0.48828125 0.65703125 0.4541015625 0.652621875 0.4033203125 0.642821875 0.3603515625
0 0.6878984375 0.537109375 0.681528125 0.5712890625 0.6780984375 0.603515625 0.6932875000000001 0.630859375 0.7084765625 0.6357421875 0.7285640625 0.6416015625 0.7530625 0.6630859375 0.77168125 0.669921875 0.7790296875 0.646484375 0.763840625 0.6201171875 0.7491421875000001 0.5908203125 0.730525 0.5625 0.7212156249999999 0.53515625 0.7040671875 0.5244140625 0.6878984375 0.537109375
3 0.610975 0.62890625 0.6217546875 0.6630859375 0.6300828125 0.697265625 0.636453125 0.7275390625 0.642821875 0.759765625 0.651640625 0.791015625 0.658990625 0.8125 0.6717296875 0.8125 0.675159375 0.783203125 0.666340625 0.7421875 0.6560515625 0.7041015625 0.64723125 0.65234375 0.6491921875 0.6162109375 0.6335124999999999 0.5908203125 0.6193046875 0.603515625 0.610975 0.62890625
4 0.57226875 0.6484375 0.5820671875000001 0.6865234375 0.5894171874999999 0.71484375 0.5957859375 0.7421875 0.60460625 0.7744140625 0.6099953124999999 0.8017578125 0.6119546875 0.8232421875 0.6227343750000001 0.8271484375 0.6246937499999999 0.791015625 0.620284375 0.759765625 0.6139140624999999 0.7080078125 0.6139140624999999 0.671875 0.6139140624999999 0.630859375 0.6011765625 0.6181640625 0.5801078125 0.625 0.57226875 0.6484375
5 0.5477703125 0.6845703125 0.54875 0.7294921875 0.560509375 0.767578125 0.5732484375 0.806640625 0.5850078125 0.8271484375 0.59480625 0.8271484375 0.5884375000000001 0.791015625 0.5786374999999999 0.7421875 0.5796171875 0.6884765625 0.5756984375 0.646484375 0.5712890625 0.6142578125 0.5521796875 0.625 0.53993125 0.6337890625 0.5477703125 0.6845703125
6 0.5164140625 0.759765625 0.5164140625 0.8017578125 0.5296421875 0.8193359375 0.5325828125000001 0.7939453125 0.5389515625 0.7490234375 0.5414015625 0.7021484375 0.5433609374999999 0.6591796875 0.5350312500000001 0.626953125 0.5134734375 0.6376953125 0.5164140625 0.6806640625 0.5164140625 0.716796875 0.5164140625 0.759765625
7 0.485546875 0.677734375 0.48652656250000004 0.7060546875 0.4835859375 0.73828125 0.4791765625 0.767578125 0.4737875 0.7978515625 0.485546875 0.7978515625 0.49387499999999995 0.7890625 0.503675 0.7568359375 0.51249375 0.7119140625 0.51249375 0.6806640625 0.51249375 0.6484375 0.5080843749999999 0.62890625 0.491915625 0.6181640625 0.4835859375 0.6337890625 0.485546875 0.677734375
8 0.45222968750000003 0.7119140625 0.45222968750000003 0.7421875 0.4492890625 0.7763671875 0.4448796875 0.8037109375 0.46202812499999996 0.814453125 0.46643749999999995 0.791015625 0.4737875 0.7568359375 0.484565625 0.7099609375 0.485546875 0.669921875 0.48113593750000005 0.6357421875 0.46643749999999995 0.626953125 0.4610484375 0.650390625 0.4566390625 0.6884765625 0.45222968750000003 0.7119140625
9 0.425771875 0.6884765625 0.42773125 0.7314453125 0.42675156249999996 0.763671875 0.42136250000000003 0.7978515625 0.4360609375 0.810546875 0.4360609375 0.7890625 0.44145 0.759765625 0.44683906249999994 0.7294921875 0.4492890625 0.697265625 0.45320937499999997 0.6611328125 0.45320937499999997 0.630859375 0.4385109375 0.623046875 0.4243015625 0.623046875 0.425771875 0.6884765625
10 0.39882343750000004 0.6201171875 0.3968640625 0.65234375 0.3968640625 0.693359375 0.395884375 0.7421875 0.3944140625 0.7763671875 0.3944140625 0.7998046875 0.3924546875 0.8212890625 0.403234375 0.8193359375 0.4125421875 0.791015625 0.41891249999999997 0.759765625 0.42234218749999997 0.7294921875 0.42234218749999997 0.7060546875 0.42234218749999997 0.67578125 0.425771875 0.646484375 0.42234218749999997 0.6162109375 0.39882343750000004 0.6201171875
12 0.33121093749999997 0.654296875 0.3238609375 0.69921875 0.31749218749999997 0.7333984375 0.311121875 0.767578125 0.3121015625 0.7939453125 0.32288125 0.7802734375 0.332190625 0.7529296875 0.34394843750000004 0.716796875 0.3508078125 0.6806640625 0.3561984375 0.6484375 0.361096875 0.6142578125 0.34835937499999997 0.6015625 0.33904999999999996 0.5966796875 0.33121093749999997 0.654296875
15 0.1994125 0.6591796875 0.2018625 0.69140625 0.22195 0.6865234375 0.2479171875 0.669921875 0.2822140625 0.640625 0.302303125 0.599609375 0.286134375 0.552734375 0.26800625 0.53125 0.2479171875 0.578125 0.21802968749999999 0.6181640625 0.1994125 0.6591796875
30 0.5262125 0.3994140625 0.521803125 0.474609375 0.5276828124999999 0.5888671875 0.540421875 0.603515625 0.5575703125 0.5888671875 0.5521796875 0.4853515625 0.54483125 0.3828125 0.533071875 0.369140625 0.5262125 0.3994140625