13 0.25967656250000004 0.400390625 0.2616359375 0.4267578125 0.2714359375 0.4580078125 0.269475 0.48828125 0.269475 0.53125 0.2876046875 0.5390625 0.3057328125 0.5478515625 0.318471875 0.5244140625 0.31749218749999997 0.4951171875 0.3067125 0.462890625 0.3013234375 0.4130859375 0.2915234375 0.3896484375 0.2758453125 0.392578125 0.25967656250000004 0.400390625
17 0.32925 0.4072265625 0.3282703125 0.439453125 0.327290625 0.48828125 0.3238609375 0.5263671875 0.32925 0.5625 0.347378125 0.55859375 0.354728125 0.53515625 0.35276874999999996 0.5048828125 0.3537484375 0.46875 0.3537484375 0.4287109375 0.34835937499999997 0.3896484375 0.32925 0.4072265625
18 0.36893750000000003 0.400390625 0.363546875 0.4345703125 0.363546875 0.4775390625 0.363546875 0.5244140625 0.36795625 0.5693359375 0.3860859375 0.5732421875 0.3924546875 0.5390625 0.391475 0.4990234375 0.391475 0.4521484375 0.391475 0.400390625 0.38363593749999997 0.3798828125 0.36893750000000003 0.400390625
19 0.432140625 0.462890625 0.4287109375 0.421875 0.41891249999999997 0.375 0.39784375 0.3876953125 0.39784375 0.421875 0.402253125 0.46875 0.39784375 0.5009765625 0.393434375 0.5439453125 0.39539375 0.5908203125 0.4125421875 0.5966796875 0.42332187499999996 0.5966796875 0.4341015625 0.58203125 0.439490625 0.560546875 0.4385109375 0.533203125 0.4341015625 0.5009765625 0.432140625 0.462890625
20 0.4546796875 0.419921875 0.44145 0.439453125 0.4404703125 0.4775390625 0.4404703125 0.5205078125 0.4404703125 0.560546875 0.439490625 0.5966796875 0.45761874999999996 0.60546875 0.4683984375 0.58203125 0.4683984375 0.5498046875 0.4683984375 0.4990234375 0.4683984375 0.4580078125 0.46643749999999995 0.439453125 0.4546796875 0.419921875
21 0.47182812500000004 0.4755859375 0.46643749999999995 0.533203125 0.47182812500000004 0.5908203125 0.4889765625 0.6103515625 0.506125 0.6181640625 0.5134734375 0.5908203125 0.5134734375 0.552734375 0.5134734375 0.4755859375 0.496325 0.462890625 0.47182812500000004 0.4755859375
22 0.521803125 0.447265625 0.5198437499999999 0.486328125 0.5164140625 0.533203125 0.5134734375 0.583984375 0.5296421875 0.6015625 0.55855 0.599609375 0.55855 0.5693359375 0.5551203124999999 0.513671875 0.54973125 0.46484375 0.5433609374999999 0.421875 0.521803125 0.447265625
30 0.584028125 0.4267578125 0.5624687500000001 0.4287109375 0.560509375 0.484375 0.5595296875 0.5185546875 0.5614890625 0.5693359375 0.5614890625 0.60546875 0.5756984375 0.607421875 0.592846875 0.6142578125 0.59480625 0.578125 0.5938265625 0.5458984375 0.5938265625 0.5078125 0.5938265625 0.466796875 0.584028125 0.4267578125
29 0.5957859375 0.4453125 0.5957859375 0.484375 0.59480625 0.5244140625 0.59480625 0.5712890625 0.6001953125 0.5966796875 0.618325 0.5908203125 0.6300828125 0.572265625 0.6237140625 0.5390625 0.6193046875 0.4970703125 0.6173437500000001 0.443359375 0.6075453125 0.423828125 0.5957859375 0.4453125
23 0.6256734374999999 0.48828125 0.6281234375 0.53125 0.6300828125 0.580078125 0.6418421875 0.580078125 0.6536015625 0.580078125 0.64723125 0.5439453125 0.6462515625 0.4970703125 0.6418421875 0.4306640625 0.6256734374999999 0.4453125 0.6256734374999999 0.48828125
24 0.6482109375 0.44140625 0.6491921875 0.470703125 0.651640625 0.5048828125 0.651640625 0.5390625 0.6560515625 0.5888671875 0.6805484374999999 0.5869140625 0.68691875 0.5673828125 0.6859375 0.537109375 0.6780984375 0.5048828125 0.675159375 0.470703125 0.6697703125000001 0.4287109375 0.6482109375 0.44140625
25 0.6898578125 0.443359375 0.6898578125 0.4814453125 0.6825078125 0.5205078125 0.681528125 0.5546875 0.695246875 0.5966796875 0.711415625 0.5888671875 0.725625 0.5673828125 0.725625 0.5419921875 0.7158249999999999 0.4794921875 0.7148453124999999 0.3896484375 0.6923078125 0.4111328125 0.6898578125 0.443359375
26 0.7628609375 0.4033203125 0.7359140625 0.4091796875 0.7339546875 0.439453125 0.7339546875 0.46484375 0.73199375 0.4951171875 0.7285640625 0.53125 0.7285640625 0.556640625 0.7457125 0.5712890625 0.7530625 0.537109375 0.7628609375 0.515625 0.764821875 0.4814453125 0.764821875 0.4375 0.7628609375 0.4033203125
0 0.7413031250000001 0.673828125 0.763840625 0.697265625 0.773640625 0.6806640625 0.77805 0.654296875 0.7746203125 0.6162109375 0.7530625 0.576171875 0.7339546875 0.603515625 0.723175 0.64453125 0.7413031250000001 0.673828125
3 0.6849578125 0.7978515625 0.6878984375 0.76953125 0.6805484374999999 0.72265625 0.667809375 0.67578125 0.6506609375 0.6484375 0.6462515625 0.677734375 0.6506609375 0.7060546875 0.6580109375000001 0.744140625 0.665359375 0.783203125 0.6849578125 0.7978515625
4 0.6217546875 0.740234375 0.6300828125 0.7724609375 0.6462515625 0.806640625 0.6438015625 0.7724609375 0.638903125 0.740234375 0.636453125 0.7060546875 0.63204375 0.6484375 0.6139140624999999 0.6337890625 0.606565625 0.65234375 0.618325 0.7119140625 0.6217546875 0.740234375
5 0.5756984375 0.7294921875 0.5859875 0.763671875 0.6011765625 0.7998046875 0.610975 0.8212890625 0.6256734374999999 0.8017578125 0.620284375 0.7783203125 0.608525 0.736328125 0.6031359375 0.7060546875 0.60215625 0.6806640625 0.60215625 0.646484375 0.5894171874999999 0.6201171875 0.5712890625 0.6357421875 0.57226875 0.67578125 0.5756984375 0.7294921875
6 0.5507109375 0.7529296875 0.55855 0.7763671875 0.5732484375 0.7724609375 0.5688390625 0.7333984375 0.5658984375 0.7041015625 0.5658984375 0.6630859375 0.5551203124999999 0.625 0.5350312500000001 0.62890625 0.5414015625 0.6865234375 0.54875 0.71875 0.5507109375 0.7529296875
7 0.5227828125 0.759765625 0.5296421875 0.78515625 0.5433609374999999 0.78515625 0.54238125 0.765625 0.5433609374999999 0.72265625 0.5389515625 0.677734375 0.5335625 0.654296875 0.515434375 0.6396484375 0.5110234375 0.6533203125 0.5198437499999999 0.6904296875 0.5198437499999999 0.7314453125 0.5227828125 0.759765625
8 0.4889765625 0.72265625 0.4889765625 0.7568359375 0.48995625 0.7978515625 0.49093593750000003 0.830078125 0.5071046875 0.833984375 0.51004375 0.810546875 0.5095546875 0.787109375 0.5164140625 0.7509765625 0.5134734375 0.72265625 0.5090640625 0.6884765625 0.506125 0.669921875 0.501715625 0.64453125 0.48995625 0.6416015625 0.4889765625 0.6845703125 0.4889765625 0.72265625
9 0.45320937499999997 0.6826171875 0.45222968750000003 0.7255859375 0.45222968750000003 0.7724609375 0.45369843750000005 0.8466796875 0.475746875 0.853515625 0.48113593750000005 0.814453125 0.48113593750000005 0.783203125 0.48113593750000005 0.7509765625 0.48113593750000005 0.720703125 0.48015625 0.6826171875 0.47819687499999997 0.6484375 0.46496875 0.6337890625 0.45320937499999997 0.6416015625 0.45320937499999997 0.6826171875
10 0.41058281250000006 0.72265625 0.41058281250000006 0.76171875 0.409603125 0.810546875 0.42136250000000003 0.8408203125 0.4439 0.830078125 0.4439 0.8017578125 0.4448796875 0.7568359375 0.4492890625 0.7080078125 0.4448796875 0.65234375 0.4341015625 0.6337890625 0.41891249999999997 0.626953125 0.4061734375 0.6591796875 0.409603125 0.693359375 0.41058281250000006 0.72265625
11 0.3782453125 0.6806640625 0.3782453125 0.716796875 0.3762859375 0.7509765625 0.37432656249999996 0.7783203125 0.38510468750000004 0.7802734375 0.391475 0.7548828125 0.393434375 0.72265625 0.3998046875 0.6884765625 0.403234375 0.6630859375 0.403234375 0.6357421875 0.3900046875 0.625 0.3782453125 0.646484375 0.3782453125 0.6806640625
12 0.333659375 0.7490234375 0.33904999999999996 0.7724609375 0.3463984375 0.7509765625 0.354728125 0.720703125 0.363546875 0.6845703125 0.3699171875 0.6484375 0.3508078125 0.625 0.341009375 0.6396484375 0.341009375 0.6845703125 0.333659375 0.7490234375
14 0.284175 0.6357421875 0.27045625 0.6826171875 0.24693749999999998 0.7294921875 0.2542875 0.7509765625 0.272415625 0.73828125 0.2851546875 0.7119140625 0.2959328125 0.6826171875 0.278784375 0.7568359375 0.27339531250000004 0.7802734375 0.2969125 0.767578125 0.3067125 0.744140625 0.32043125 0.6884765625 0.333659375 0.6484375 0.3366 0.6162109375 0.31651093750000003 0.60546875 0.2920140625 0.60546875 0.284175 0.6357421875
15 0.2190109375 0.603515625 0.2018625 0.62890625 0.1866734375 0.6611328125 0.19010312499999998 0.6953125 0.21802968749999999 0.6650390625 0.20823125 0.7041015625 0.236159375 0.6845703125 0.258696875 0.6484375 0.274375 0.6181640625 0.284175 0.5947265625 0.26506562499999997 0.578125 0.249878125 0.556640625 0.236159375 0.5458984375 0.2190109375 0.603515625