31 0.20823125 0.470703125 0.2028421875 0.4453125 0.19010312499999998 0.423828125 0.17834375 0.4580078125 0.1773640625 0.4921875 0.1729546875 0.537109375 0.1705046875 0.578125 0.181284375 0.603515625 0.1920625 0.6181640625 0.20921093750000003 0.6181640625 0.21558125 0.578125 0.21362031250000002 0.5390625 0.2111703125 0.5009765625 0.20823125 0.470703125
2 0.2533078125 0.4453125 0.2327296875 0.423828125 0.22195 0.447265625 0.21999062500000002 0.4921875 0.2165609375 0.5224609375 0.2165609375 0.578125 0.22733906250000002 0.603515625 0.24154843750000002 0.6123046875 0.258696875 0.6103515625 0.2616359375 0.583984375 0.2616359375 0.5498046875 0.25967656250000004 0.490234375 0.2533078125 0.4453125
13 0.3013234375 0.4775390625 0.29936250000000003 0.443359375 0.27045625 0.4287109375 0.2670265625 0.484375 0.2660453125 0.5244140625 0.2640859375 0.560546875 0.2640859375 0.5927734375 0.262615625 0.6181640625 0.276825 0.623046875 0.29054375 0.62890625 0.3076921875 0.626953125 0.311121875 0.6015625 0.3076921875 0.5625 0.3057328125 0.529296875 0.3013234375 0.4775390625
17 0.327290625 0.447265625 0.3219015625 0.4814453125 0.31651093750000003 0.515625 0.31651093750000003 0.5439453125 0.31651093750000003 0.5693359375 0.3101421875 0.6123046875 0.32288125 0.6357421875 0.33904999999999996 0.6396484375 0.3463984375 0.6103515625 0.34541875 0.5673828125 0.3400296875 0.5263671875 0.33904999999999996 0.490234375 0.327290625 0.447265625
18 0.36550781250000003 0.4921875 0.361096875 0.4501953125 0.3493390625 0.484375 0.34541875 0.5205078125 0.34541875 0.5693359375 0.34541875 0.60546875 0.3419890625 0.6416015625 0.3517890625 0.650390625 0.3645265625 0.6484375 0.3762859375 0.630859375 0.377265625 0.603515625 0.370896875 0.5625 0.36795625 0.529296875 0.36550781250000003 0.4921875
19 0.4125421875 0.5205078125 0.4086234375 0.4736328125 0.3968640625 0.4521484375 0.38363593749999997 0.470703125 0.38363593749999997 0.5048828125 0.3806953125 0.55859375 0.3762859375 0.6015625 0.3762859375 0.6396484375 0.38363593749999997 0.6611328125 0.3968640625 0.66796875 0.415971875 0.6396484375 0.4179328125 0.6123046875 0.4140125 0.58203125 0.4140125 0.556640625 0.4125421875 0.5205078125
20 0.43116093749999995 0.4453125 0.42234218749999997 0.46875 0.42234218749999997 0.5224609375 0.41891249999999997 0.5693359375 0.4179328125 0.6181640625 0.42136250000000003 0.6572265625 0.43753125 0.673828125 0.45026875000000005 0.6484375 0.4492890625 0.6201171875 0.4492890625 0.5908203125 0.45320937499999997 0.53125 0.4448796875 0.4775390625 0.43116093749999995 0.4453125
21 0.4835859375 0.470703125 0.48015625 0.419921875 0.45859843749999996 0.439453125 0.4566390625 0.4921875 0.4546796875 0.53125 0.4546796875 0.5869140625 0.44782031250000004 0.6337890625 0.4546796875 0.6826171875 0.475746875 0.693359375 0.49730468749999995 0.67578125 0.49730468749999995 0.6416015625 0.496325 0.60546875 0.49289531249999996 0.5712890625 0.4889765625 0.5263671875 0.4835859375 0.470703125
22 0.5227828125 0.46875 0.496325 0.439453125 0.498284375 0.486328125 0.4953453125 0.5869140625 0.49387499999999995 0.626953125 0.496325 0.6806640625 0.5178828125 0.6865234375 0.5325828125000001 0.6806640625 0.5467906250000001 0.6591796875 0.53993125 0.6162109375 0.53993125 0.578125 0.528171875 0.5244140625 0.5227828125 0.46875
30 0.5389515625 0.4501953125 0.524253125 0.46484375 0.5271921875000001 0.509765625 0.5325828125000001 0.5458984375 0.5369921875 0.576171875 0.5414015625 0.6201171875 0.5453203125 0.6650390625 0.5639390625 0.6611328125 0.5810875 0.646484375 0.5776578125 0.607421875 0.57226875 0.5654296875 0.5624687500000001 0.5078125 0.5551203124999999 0.4501953125 0.5389515625 0.4501953125
29 0.60215625 0.4130859375 0.5776578125 0.4111328125 0.576678125 0.4521484375 0.576678125 0.5078125 0.5796171875 0.560546875 0.5786374999999999 0.6015625 0.5874578125000001 0.6357421875 0.6031359375 0.66796875 0.6119546875 0.65234375 0.618325 0.6337890625 0.6173437500000001 0.6123046875 0.6163640625 0.576171875 0.612934375 0.5263671875 0.6099953124999999 0.466796875 0.60215625 0.4130859375
23 0.6438015625 0.486328125 0.6418421875 0.4130859375 0.6139140624999999 0.4306640625 0.612934375 0.4794921875 0.6148953125000001 0.5048828125 0.6173437500000001 0.533203125 0.6173437500000001 0.55859375 0.618325 0.599609375 0.6237140625 0.6357421875 0.6354734375 0.65234375 0.6482109375 0.64453125 0.651640625 0.6142578125 0.6452718749999999 0.5908203125 0.6452718749999999 0.556640625 0.6452718749999999 0.5263671875 0.6438015625 0.486328125
24 0.6506609375 0.470703125 0.6438015625 0.5244140625 0.642821875 0.560546875 0.6491921875 0.60546875 0.666340625 0.62890625 0.6825078125 0.623046875 0.68691875 0.5927734375 0.6825078125 0.5498046875 0.6761390625 0.4951171875 0.667809375 0.4521484375 0.65458125 0.4306640625 0.6506609375 0.470703125
25 0.691328125 0.4072265625 0.691328125 0.4560546875 0.68691875 0.5029296875 0.6834890625 0.5498046875 0.6834890625 0.5869140625 0.6986765625 0.6142578125 0.7138656250000001 0.6123046875 0.727584375 0.599609375 0.7403234375000001 0.576171875 0.730525 0.5263671875 0.7221953125 0.4814453125 0.7138656250000001 0.4345703125 0.691328125 0.4072265625
26 0.7672703125 0.375 0.7520828125000001 0.3896484375 0.7413031250000001 0.423828125 0.73934375 0.462890625 0.737384375 0.5078125 0.7329734375 0.5498046875 0.7520828125000001 0.58203125 0.7756000000000001 0.5732421875 0.789809375 0.556640625 0.7888296875 0.537109375 0.7854 0.509765625 0.77805 0.470703125 0.7726609375 0.4130859375 0.7672703125 0.375
27 0.812346875 0.44140625 0.8015671875000001 0.4072265625 0.7854 0.41796875 0.7854 0.4453125 0.7854 0.4775390625 0.7888296875 0.5185546875 0.7907890625 0.5625 0.809896875 0.583984375 0.818715625 0.5625 0.8324343750000001 0.552734375 0.8388046875 0.53515625 0.833415625 0.5048828125 0.82410625 0.4736328125 0.812346875 0.44140625
28 0.809896875 0.6484375 0.8045078125 0.6865234375 0.82410625 0.7060546875 0.839784375 0.7509765625 0.8539937500000001 0.71484375 0.8657515625000001 0.673828125 0.87408125 0.623046875 0.8686921875 0.583984375 0.8505640624999999 0.5498046875 0.8358640625 0.5693359375 0.82165625 0.6181640625 0.809896875 0.6484375
0 0.72954375 0.6201171875 0.7427734375 0.650390625 0.7545328125 0.6826171875 0.7702109375 0.7275390625 0.7756000000000001 0.7490234375 0.7863796875 0.76953125 0.7951984375000001 0.791015625 0.79911875 0.7744140625 0.79911875 0.7099609375 0.7971578125 0.66796875 0.7971578125 0.626953125 0.793728125 0.5869140625 0.773640625 0.5732421875 0.757471875 0.5869140625 0.737384375 0.5947265625 0.72954375 0.6201171875
1 0.688878125 0.623046875 0.666340625 0.6337890625 0.6761390625 0.6572265625 0.6859375 0.6884765625 0.6932875000000001 0.72265625 0.6986765625 0.7529296875 0.7084765625 0.7939453125 0.7241546875 0.814453125 0.71680625 0.76953125 0.711415625 0.7275390625 0.7241546875 0.7119140625 0.73199375 0.73828125 0.7403234375000001 0.76953125 0.7545328125 0.8046875 0.7564921874999999 0.767578125 0.7501218749999999 0.744140625 0.743753125 0.7080078125 0.7383640625 0.673828125 0.7359140625 0.64453125 0.730525 0.6142578125 0.7104359375 0.6162109375 0.688878125 0.623046875
3 0.64723125 0.744140625 0.65703125 0.7744140625 0.666340625 0.791015625 0.6761390625 0.8125 0.68691875 0.8193359375 0.68691875 0.7744140625 0.6859375 0.7255859375 0.6795687499999999 0.6953125 0.6697703125000001 0.6591796875 0.6452718749999999 0.654296875 0.638903125 0.6806640625 0.6418421875 0.7080078125 0.64723125 0.744140625
4 0.610975 0.716796875 0.6148953125000001 0.76171875 0.620284375 0.791015625 0.6310625 0.8193359375 0.6452718749999999 0.833984375 0.6438015625 0.7958984375 0.6408625 0.7509765625 0.638903125 0.716796875 0.6344921875 0.673828125 0.620284375 0.6611328125 0.6031359375 0.6591796875 0.6011765625 0.6806640625 0.610975 0.716796875
5 0.5786374999999999 0.7802734375 0.5859875 0.8193359375 0.59480625 0.8447265625 0.6055859375 0.8271484375 0.6055859375 0.783203125 0.60215625 0.7421875 0.60215625 0.7080078125 0.6001953125 0.671875 0.5810875 0.6484375 0.5668796875 0.6845703125 0.570309375 0.7275390625 0.5786374999999999 0.7802734375
6 0.5252328125 0.861328125 0.551690625 0.8681640625 0.5531609375000001 0.8232421875 0.5521796875 0.763671875 0.55365 0.6826171875 0.5360125 0.6865234375 0.5227828125 0.71875 0.5262125 0.7763671875 0.5262125 0.8173828125 0.5252328125 0.861328125
10 0.4086234375 0.8251953125 0.41891249999999997 0.767578125 0.42773125 0.6953125 0.409603125 0.669921875 0.391475 0.6806640625 0.37432656249999996 0.8662109375 0.388534375 0.8857421875 0.4086234375 0.8251953125
11 0.3561984375 0.73828125 0.3537484375 0.7783203125 0.35276874999999996 0.8037109375 0.3537484375 0.833984375 0.36648749999999997 0.8408203125 0.377265625 0.7958984375 0.38265625000000003 0.7568359375 0.387065625 0.7041015625 0.3944140625 0.6630859375 0.37432656249999996 0.6611328125 0.361096875 0.6484375 0.3561984375 0.69140625 0.3561984375 0.73828125
12 0.31749218749999997 0.7490234375 0.31651093750000003 0.7724609375 0.3121015625 0.7998046875 0.3238609375 0.810546875 0.3356203125 0.7890625 0.34541875 0.76171875 0.3508078125 0.7275390625 0.354728125 0.66796875 0.34296875 0.646484375 0.327290625 0.646484375 0.3194515625 0.7080078125 0.31749218749999997 0.7490234375
14 0.2822140625 0.626953125 0.262615625 0.625 0.2640859375 0.6611328125 0.2640859375 0.7021484375 0.26065625 0.7490234375 0.25036718750000003 0.8046875 0.2665359375 0.814453125 0.2758453125 0.759765625 0.286134375 0.736328125 0.2851546875 0.767578125 0.2778046875 0.810546875 0.2851546875 0.8359375 0.2988734375 0.7890625 0.302303125 0.7578125 0.3101421875 0.7236328125 0.311121875 0.693359375 0.32043125 0.6650390625 0.31651093750000003 0.630859375 0.29936250000000003 0.6357421875 0.2822140625 0.626953125
15 0.2048015625 0.6884765625 0.1984328125 0.744140625 0.19647187500000002 0.767578125 0.19647187500000002 0.791015625 0.20823125 0.8017578125 0.22733906250000002 0.765625 0.24252812499999998 0.7099609375 0.2572265625 0.654296875 0.258696875 0.626953125 0.23909843749999998 0.6181640625 0.21802968749999999 0.6123046875 0.20088124999999998 0.6591796875 0.2048015625 0.6884765625
16 0.1974515625 0.740234375 0.20088124999999998 0.7060546875 0.20088124999999998 0.677734375 0.1994125 0.6484375 0.181284375 0.6416015625 0.1656046875 0.6357421875 0.1430671875 0.6201171875 0.13424843749999998 0.65234375 0.1298390625 0.693359375 0.15335625 0.7275390625 0.18275312500000002 0.7529296875 0.1974515625 0.740234375
7 0.5188640625 0.63671875 0.4977953125 0.64453125 0.49436562500000003 0.6806640625 0.49289531249999996 0.7060546875 0.4958359375 0.7314453125 0.496815625 0.7626953125 0.49926562499999994 0.7998046875 0.5002453124999999 0.8408203125 0.5232734375 0.853515625 0.5247421875 0.8134765625 0.5252328125 0.7802734375 0.5262125 0.7314453125 0.5296421875 0.69921875 0.5296421875 0.6533203125 0.5188640625 0.63671875
8 0.498284375 0.619140625 0.48162656249999997 0.6123046875 0.46643749999999995 0.634765625 0.46251875 0.669921875 0.4634984375 0.7060546875 0.4639875 0.7373046875 0.4639875 0.7724609375 0.4634984375 0.8076171875 0.46251875 0.8388671875 0.4879953125 0.845703125 0.5002453124999999 0.826171875 0.5007343750000001 0.79296875 0.5007343750000001 0.7548828125 0.5007343750000001 0.716796875 0.5002453124999999 0.669921875 0.498284375 0.619140625
9 0.4634984375 0.669921875 0.4659484375 0.6240234375 0.4546796875 0.6220703125 0.437040625 0.6279296875 0.430671875 0.66015625 0.430671875 0.6982421875 0.43165156250000003 0.7314453125 0.43263125 0.7646484375 0.43018124999999996 0.802734375 0.4292015625 0.8310546875 0.443409375 0.861328125 0.46202812499999996 0.845703125 0.4639875 0.8134765625 0.46643749999999995 0.779296875 0.4639875 0.736328125 0.46496875 0.703125 0.4634984375 0.669921875