31 0.8226359375 0.5078125 0.8270453124999999 0.462890625 0.8294953125 0.421875 0.818715625 0.396484375 0.8079375000000001 0.3818359375 0.7907890625 0.3818359375 0.78441875 0.421875 0.7863796875 0.4609375 0.7888296875 0.4990234375 0.79176875 0.529296875 0.7971578125 0.5546875 0.809896875 0.576171875 0.82165625 0.5419921875 0.8226359375 0.5078125
2 0.7834390625000001 0.4775390625 0.7834390625000001 0.421875 0.7726609375 0.396484375 0.7584515625 0.3876953125 0.7413031250000001 0.3896484375 0.7383640625 0.416015625 0.7383640625 0.4501953125 0.7403234375000001 0.509765625 0.7466921875 0.5546875 0.7672703125 0.576171875 0.77805 0.552734375 0.780009375 0.5078125 0.7834390625000001 0.4775390625
13 0.7339546875 0.4755859375 0.7359140625 0.439453125 0.7359140625 0.4072265625 0.737384375 0.3818359375 0.723175 0.376953125 0.70945625 0.37109375 0.6923078125 0.373046875 0.688878125 0.3984375 0.6923078125 0.4375 0.6942671875 0.470703125 0.6986765625 0.5224609375 0.7006375 0.556640625 0.72954375 0.5712890625 0.7329734375 0.515625 0.7339546875 0.4755859375
17 0.6834890625 0.4306640625 0.6898578125 0.3876953125 0.67711875 0.3642578125 0.6609499999999999 0.3603515625 0.6536015625 0.3896484375 0.65458125 0.4326171875 0.6599703124999999 0.4736328125 0.6609499999999999 0.509765625 0.6727093749999999 0.552734375 0.6780984375 0.5185546875 0.6834890625 0.484375 0.6834890625 0.4560546875 0.6834890625 0.4306640625
18 0.65458125 0.4306640625 0.65458125 0.39453125 0.6580109375000001 0.3583984375 0.6482109375 0.349609375 0.6354734375 0.3515625 0.6237140625 0.369140625 0.6227343750000001 0.396484375 0.629103125 0.4375 0.63204375 0.470703125 0.6344921875 0.5078125 0.638903125 0.5498046875 0.6506609375 0.515625 0.65458125 0.4794921875 0.65458125 0.4306640625
19 0.6163640625 0.4951171875 0.6193046875 0.44140625 0.6237140625 0.3984375 0.6237140625 0.3603515625 0.6163640625 0.3388671875 0.6031359375 0.33203125 0.584028125 0.3603515625 0.5820671875000001 0.3876953125 0.5859875 0.41796875 0.5859875 0.443359375 0.5874578125000001 0.4794921875 0.5913765625 0.5263671875 0.6031359375 0.5478515625 0.6163640625 0.529296875 0.6163640625 0.4951171875
20 0.5820671875000001 0.3818359375 0.5786374999999999 0.3427734375 0.5624687500000001 0.326171875 0.54973125 0.3515625 0.5507109375 0.3798828125 0.5507109375 0.4091796875 0.5467906250000001 0.46875 0.5551203124999999 0.5224609375 0.5688390625 0.5546875 0.5776578125 0.53125 0.5776578125 0.4775390625 0.5810875 0.4306640625 0.5820671875000001 0.3818359375
21 0.5453203125 0.46875 0.5453203125 0.4130859375 0.5521796875 0.3662109375 0.5453203125 0.3173828125 0.524253125 0.306640625 0.5026953125 0.32421875 0.5026953125 0.3583984375 0.503675 0.39453125 0.5071046875 0.4287109375 0.5110234375 0.4736328125 0.5164140625 0.529296875 0.5198437499999999 0.580078125 0.5414015625 0.560546875 0.5433609374999999 0.5078125 0.5453203125 0.46875
22 0.506125 0.373046875 0.503675 0.3193359375 0.4821171875 0.3134765625 0.4674171875 0.3193359375 0.45320937499999997 0.3408203125 0.46006875 0.3837890625 0.46006875 0.421875 0.47182812500000004 0.4755859375 0.4772171875 0.53125 0.503675 0.560546875 0.501715625 0.513671875 0.5046546875 0.4130859375 0.506125 0.373046875
30 0.4630078125 0.423828125 0.45859843749999996 0.3798828125 0.4546796875 0.3349609375 0.4360609375 0.3388671875 0.41891249999999997 0.353515625 0.42234218749999997 0.392578125 0.42773125 0.4345703125 0.43753125 0.4921875 0.4448796875 0.5498046875 0.4610484375 0.5498046875 0.475746875 0.53515625 0.4728078125 0.490234375 0.4674171875 0.4541015625 0.4630078125 0.423828125
29 0.42038281250000004 0.439453125 0.42136250000000003 0.3984375 0.4125421875 0.3642578125 0.3968640625 0.33203125 0.38804531249999996 0.34765625 0.381675 0.3662109375 0.38265625000000003 0.3876953125 0.38363593749999997 0.423828125 0.387065625 0.4736328125 0.3900046875 0.533203125 0.39784375 0.5869140625 0.42234218749999997 0.5888671875 0.42332187499999996 0.5478515625 0.42332187499999996 0.4921875 0.42038281250000004 0.439453125
23 0.38510468750000004 0.4951171875 0.38265625000000003 0.466796875 0.38265625000000003 0.44140625 0.381675 0.400390625 0.3762859375 0.3642578125 0.3645265625 0.34765625 0.3517890625 0.35546875 0.34835937499999997 0.3857421875 0.354728125 0.4091796875 0.354728125 0.443359375 0.354728125 0.4736328125 0.3561984375 0.513671875 0.3581578125 0.5869140625 0.3860859375 0.5693359375 0.387065625 0.5205078125 0.38510468750000004 0.4951171875
24 0.333659375 0.37109375 0.31749218749999997 0.376953125 0.31308125000000003 0.4072265625 0.31749218749999997 0.4501953125 0.3238609375 0.5048828125 0.332190625 0.5478515625 0.34541875 0.5693359375 0.3493390625 0.529296875 0.3561984375 0.4755859375 0.357178125 0.439453125 0.3508078125 0.39453125 0.333659375 0.37109375
25 0.31651093750000003 0.4130859375 0.3013234375 0.3857421875 0.286134375 0.3876953125 0.272415625 0.400390625 0.25967656250000004 0.423828125 0.269475 0.4736328125 0.2778046875 0.5185546875 0.286134375 0.5654296875 0.30867187500000004 0.5927734375 0.30867187500000004 0.5439453125 0.31308125000000003 0.4970703125 0.31651093750000003 0.4501953125 0.31651093750000003 0.4130859375
26 0.262615625 0.4921875 0.2670265625 0.4501953125 0.2479171875 0.41796875 0.22440000000000002 0.4267578125 0.210190625 0.443359375 0.2111703125 0.462890625 0.21459999999999999 0.490234375 0.22195 0.529296875 0.22733906250000002 0.5869140625 0.2327296875 0.625 0.2479171875 0.6103515625 0.258696875 0.576171875 0.26065625 0.537109375 0.262615625 0.4921875
27 0.21459999999999999 0.5224609375 0.2111703125 0.4814453125 0.20921093750000003 0.4375 0.19010312499999998 0.416015625 0.181284375 0.4375 0.167565625 0.447265625 0.16119531250000002 0.46484375 0.166584375 0.4951171875 0.17589375000000002 0.5263671875 0.187653125 0.55859375 0.1984328125 0.5927734375 0.21459999999999999 0.58203125 0.21459999999999999 0.5546875 0.21459999999999999 0.5224609375
28 0.14600625 0.28515625 0.13424843749999998 0.326171875 0.12591875 0.376953125 0.1313078125 0.416015625 0.1494359375 0.4501953125 0.1641359375 0.4306640625 0.17834375 0.3818359375 0.19010312499999998 0.3515625 0.1954921875 0.3134765625 0.17589375000000002 0.2939453125 0.160215625 0.2490234375 0.14600625 0.28515625
0 0.22440000000000002 0.2509765625 0.21362031250000002 0.23046875 0.2048015625 0.208984375 0.20088124999999998 0.2255859375 0.20088124999999998 0.2900390625 0.2028421875 0.33203125 0.2028421875 0.373046875 0.20627187500000002 0.4130859375 0.226359375 0.4267578125 0.24252812499999998 0.4130859375 0.262615625 0.4052734375 0.27045625 0.3798828125 0.2572265625 0.349609375 0.2454671875 0.3173828125 0.2297890625 0.2724609375 0.22440000000000002 0.2509765625
1 0.3067125 0.27734375 0.3013234375 0.2470703125 0.2915234375 0.2060546875 0.2758453125 0.185546875 0.28319375 0.23046875 0.288584375 0.2724609375 0.2758453125 0.2880859375 0.26800625 0.26171875 0.25967656250000004 0.23046875 0.2454671875 0.1953125 0.2435078125 0.232421875 0.249878125 0.255859375 0.256246875 0.2919921875 0.2616359375 0.326171875 0.2640859375 0.35546875 0.269475 0.3857421875 0.2895640625 0.3837890625 0.311121875 0.376953125 0.333659375 0.3662109375 0.3238609375 0.3427734375 0.3140625 0.3115234375 0.3067125 0.27734375
3 0.31308125000000003 0.1806640625 0.31308125000000003 0.2255859375 0.3140625 0.2744140625 0.32043125 0.3046875 0.33022968750000004 0.3408203125 0.354728125 0.345703125 0.361096875 0.3193359375 0.3581578125 0.2919921875 0.35276874999999996 0.255859375 0.34296875 0.2255859375 0.333659375 0.208984375 0.3238609375 0.1875 0.31308125000000003 0.1806640625
4 0.354728125 0.166015625 0.3561984375 0.2041015625 0.3591375 0.2490234375 0.361096875 0.283203125 0.36550781250000003 0.326171875 0.379715625 0.3388671875 0.3968640625 0.3408203125 0.39882343750000004 0.3193359375 0.389025 0.283203125 0.38510468750000004 0.23828125 0.379715625 0.208984375 0.36893750000000003 0.1806640625 0.354728125 0.166015625
5 0.3944140625 0.216796875 0.39784375 0.2578125 0.39784375 0.2919921875 0.3998046875 0.328125 0.41891249999999997 0.3515625 0.4331203125 0.3154296875 0.429690625 0.2724609375 0.42136250000000003 0.2197265625 0.4140125 0.1806640625 0.40519375 0.1552734375 0.3944140625 0.1728515625 0.3944140625 0.216796875
6 0.44634999999999997 0.3173828125 0.4639875 0.3134765625 0.4772171875 0.28125 0.4737875 0.2236328125 0.4737875 0.1826171875 0.4747671875 0.138671875 0.448309375 0.1318359375 0.44683906249999994 0.1767578125 0.44782031250000004 0.236328125 0.44634999999999997 0.3173828125
10 0.608525 0.3193359375 0.6256734374999999 0.1337890625 0.611465625 0.1142578125 0.5913765625 0.1748046875 0.5810875 0.232421875 0.57226875 0.3046875 0.5903968749999999 0.330078125 0.608525 0.3193359375
11 0.6335124999999999 0.1591796875 0.6227343750000001 0.2041015625 0.6173437500000001 0.2431640625 0.612934375 0.2958984375 0.6055859375 0.3369140625 0.6256734374999999 0.3388671875 0.638903125 0.3515625 0.6438015625 0.30859375 0.6438015625 0.26171875 0.6462515625 0.2216796875 0.64723125 0.1962890625 0.6462515625 0.166015625 0.6335124999999999 0.1591796875
12 0.6643796875 0.2109375 0.65458125 0.23828125 0.6491921875 0.2724609375 0.6452718749999999 0.33203125 0.65703125 0.353515625 0.6727093749999999 0.353515625 0.6805484374999999 0.2919921875 0.6825078125 0.2509765625 0.6834890625 0.2275390625 0.6878984375 0.2001953125 0.6761390625 0.189453125 0.6643796875 0.2109375
14 0.73934375 0.2509765625 0.7496328125 0.1953125 0.7334640625 0.185546875 0.7241546875 0.240234375 0.7138656250000001 0.263671875 0.7148453124999999 0.232421875 0.7221953125 0.189453125 0.7148453124999999 0.1640625 0.7011265625 0.2109375 0.697696875 0.2421875 0.6898578125 0.2763671875 0.688878125 0.306640625 0.6795687499999999 0.3349609375 0.6834890625 0.369140625 0.7006375 0.3642578125 0.7177859375 0.373046875 0.737384375 0.375 0.7359140625 0.3388671875 0.7359140625 0.2978515625 0.73934375 0.2509765625
15 0.79176875 0.1982421875 0.7726609375 0.234375 0.757471875 0.2900390625 0.7427734375 0.345703125 0.7413031250000001 0.373046875 0.7609015625 0.3818359375 0.7819703125 0.3876953125 0.79911875 0.3408203125 0.7951984375000001 0.3115234375 0.8015671875000001 0.255859375 0.803528125 0.232421875 0.803528125 0.208984375 0.79176875 0.1982421875
16 0.818715625 0.3583984375 0.8343953125000001 0.3642578125 0.8569328125 0.3798828125 0.8657515625000001 0.34765625 0.8701609375 0.306640625 0.8466437499999999 0.2724609375 0.817246875 0.2470703125 0.8025484374999999 0.259765625 0.79911875 0.2939453125 0.79911875 0.322265625 0.8005875 0.3515625 0.818715625 0.3583984375
7 0.5041640625 0.2685546875 0.503184375 0.2373046875 0.5007343750000001 0.2001953125 0.4997546875 0.1591796875 0.4767265625 0.146484375 0.47525781250000004 0.1865234375 0.4747671875 0.2197265625 0.4737875 0.2685546875 0.47035781249999997 0.30078125 0.47035781249999997 0.3466796875 0.48113593750000005 0.36328125 0.5022046875 0.35546875 0.505634375 0.3193359375 0.5071046875 0.2939453125 0.5041640625 0.2685546875
8 0.5365015625 0.2939453125 0.5360125 0.2626953125 0.5360125 0.2275390625 0.5365015625 0.1923828125 0.53748125 0.1611328125 0.5120046874999999 0.154296875 0.4997546875 0.173828125 0.49926562499999994 0.20703125 0.49926562499999994 0.2451171875 0.49926562499999994 0.283203125 0.4997546875 0.330078125 0.501715625 0.380859375 0.5183734375 0.3876953125 0.5335625 0.365234375 0.53748125 0.330078125 0.5365015625 0.2939453125
9 0.569328125 0.33984375 0.569328125 0.3017578125 0.5683484375 0.2685546875 0.56736875 0.2353515625 0.56981875 0.197265625 0.5707984374999999 0.1689453125 0.556590625 0.138671875 0.537971875 0.154296875 0.5360125 0.1865234375 0.5335625 0.220703125 0.5360125 0.263671875 0.5350312500000001 0.296875 0.5365015625 0.330078125 0.5340515625 0.3759765625 0.5453203125 0.3779296875 0.5629593749999999 0.3720703125 0.569328125 0.33984375