31 0.7607984375 0.4677734375 0.747840625 0.4912109375 0.7435203125000001 0.5283203125 0.7435203125000001 0.560546875 0.7586390625 0.572265625 0.7856375 0.578125 0.8002156250000001 0.5419921875 0.80345625 0.5068359375 0.7926562500000001 0.4853515625 0.7759171874999999 0.4736328125 0.7607984375 0.4677734375
2 0.7008640625 0.41796875 0.7019437500000001 0.4580078125 0.7084234375 0.4794921875 0.7084234375 0.5029296875 0.7051828125 0.5361328125 0.719221875 0.5537109375 0.742440625 0.5341796875 0.7489203125 0.5048828125 0.7532390625 0.4619140625 0.7554000000000001 0.435546875 0.7546234375 0.4060796875 0.7251624999999999 0.384765625 0.7105828125 0.39453125 0.7008640625 0.41796875
13 0.672246875 0.42578125 0.6673859375 0.43359375 0.6592875 0.4453125 0.6598265624999999 0.4658203125 0.6598265624999999 0.4990234375 0.6641468749999999 0.5419921875 0.69654375 0.5244140625 0.69654375 0.4892578125 0.7030234375 0.453125 0.691684375 0.4287109375 0.6846656249999999 0.4208984375 0.672246875 0.42578125
17 0.62365 0.373046875 0.60853125 0.396484375 0.613390625 0.4228515625 0.62095 0.447265625 0.62365 0.4990234375 0.6274296875 0.537109375 0.64416875 0.52734375 0.6484875 0.5048828125 0.6484875 0.4697265625 0.6571281250000001 0.4140625 0.654428125 0.37890625 0.6409281250000001 0.36328125 0.62365 0.373046875
19 0.5815328125 0.3935546875 0.5928718749999999 0.5068359375 0.6025921875 0.509765625 0.6074515625 0.44140625 0.6106906249999999 0.40625 0.6128515625000001 0.3603515625 0.5977328125 0.349609375 0.5842328125 0.34765625 0.5772140625 0.37109375 0.5815328125 0.3935546875
19 0.595571875 0.611328125 0.6322890625 0.6123046875 0.6193296875 0.5283203125 0.6204109375 0.4853515625 0.5998921875 0.4619140625 0.5745140625 0.4658203125 0.568034375 0.4951171875 0.568034375 0.5263671875 0.595571875 0.611328125
20 0.5701937499999999 0.4287109375 0.576134375 0.3798828125 0.5723546875000001 0.349609375 0.5539953125 0.3369140625 0.5345578125 0.376953125 0.540496875 0.408203125 0.53995625 0.4619140625 0.543196875 0.4990234375 0.5464359375 0.5341796875 0.5604750000000001 0.5341796875 0.563715625 0.5185546875 0.568034375 0.4716796875 0.5701937499999999 0.4287109375
21 0.5221375 0.4794921875 0.5242984374999999 0.44140625 0.530778125 0.41796875 0.530778125 0.38671875 0.530778125 0.35546875 0.510259375 0.3349609375 0.4881203125 0.33984375 0.4886609375 0.408203125 0.4886609375 0.4541015625 0.4886609375 0.4970703125 0.4908203125 0.5322265625 0.5081 0.5400390625 0.5221375 0.5205078125 0.5221375 0.4794921875
22 0.4632828125 0.328125 0.44924375000000005 0.328125 0.42980625000000006 0.337890625 0.42980625000000006 0.365234375 0.428725 0.404296875 0.4330453125 0.4296875 0.43628437499999995 0.4775390625 0.4352046875 0.5322265625 0.4578828125 0.5380859375 0.4643625 0.4853515625 0.4751625 0.3828125 0.4762421875 0.341796875 0.4632828125 0.328125
30 0.4200859375 0.4599609375 0.421165625 0.43359375 0.42332656249999995 0.3984375 0.428725 0.34765625 0.41252656249999997 0.3251953125 0.40010781250000005 0.3251953125 0.3871484375 0.33984375 0.3871484375 0.369140625 0.3871484375 0.3984375 0.3957890625 0.4375 0.3947078125 0.4833984375 0.40010781250000005 0.5166015625 0.404428125 0.5361328125 0.41792656250000004 0.5361328125 0.4200859375 0.5185546875 0.4200859375 0.4912109375 0.4200859375 0.4599609375
29 0.3547515625 0.4853515625 0.3515125 0.5087890625 0.3326140625 0.6064453125 0.3552921875 0.61328125 0.3925484375 0.5302734375 0.39902812499999996 0.5126953125 0.39686875 0.4853515625 0.3871484375 0.4619140625 0.36555 0.4619140625 0.3547515625 0.4853515625
23 0.357990625 0.4140625 0.3623109375 0.4375 0.36663125 0.4619140625 0.3806703125 0.4462890625 0.3849890625 0.40625 0.383909375 0.345703125 0.36663125 0.345703125 0.3569109375 0.36328125 0.3547515625 0.3828125 0.357990625 0.4140625
24 0.3488125 0.3994140625 0.3444921875 0.3994140625 0.33747343750000003 0.396484375 0.326134375 0.3984375 0.3218140625 0.4296875 0.320734375 0.4560546875 0.320734375 0.4833984375 0.32397343749999996 0.5205078125 0.3450328125 0.5126953125 0.3525921875 0.4873046875 0.36123125 0.4541015625 0.3569109375 0.412109375 0.35205156249999997 0.40625 0.3488125 0.3994140625
25 0.320734375 0.4580078125 0.31965468750000003 0.42578125 0.3147953125 0.4189453125 0.3088546875 0.4150390625 0.3012953125 0.4140625 0.2915765625 0.4150390625 0.28725625 0.431640625 0.2818578125 0.4521484375 0.2894171875 0.5205078125 0.3066953125 0.5380859375 0.3164140625 0.5166015625 0.318575 0.4853515625 0.320734375 0.4580078125
26 0.2305609375 0.380859375 0.2305609375 0.408203125 0.23272187500000002 0.4375 0.2392015625 0.4755859375 0.2392015625 0.5244140625 0.257559375 0.5283203125 0.27483749999999996 0.5107421875 0.27483749999999996 0.4716796875 0.2786171875 0.40625 0.2786171875 0.3671875 0.252159375 0.37109375 0.2305609375 0.380859375
27 0.1911453125 0.4912109375 0.194384375 0.5224609375 0.1976234375 0.5458984375 0.2197625 0.5576171875 0.2413609375 0.5400390625 0.2413609375 0.5146484375 0.2413609375 0.4794921875 0.2305609375 0.4599609375 0.20950312499999998 0.4599609375 0.1911453125 0.4677734375 0.1911453125 0.4912109375
0 0.18034531250000002 0.2412109375 0.1927640625 0.298828125 0.2143625 0.3037109375 0.2284015625 0.2802734375 0.23596093749999997 0.2509765625 0.23488125 0.2333984375 0.2186828125 0.2109375 0.2051828125 0.189453125 0.197084375 0.2060546875 0.189525 0.2099609375 0.184665625 0.2197265625 0.17710625 0.2197265625 0.176565625 0.2275390625 0.18034531250000002 0.2412109375
1 0.265659375 0.3271484375 0.2910359375 0.3134765625 0.2991359375 0.2958984375 0.2991359375 0.2705078125 0.280778125 0.2392578125 0.272678125 0.1875 0.2607984375 0.1484375 0.257559375 0.173828125 0.26403906250000003 0.201171875 0.262959375 0.2294921875 0.2435203125 0.2119140625 0.23488125 0.18359375 0.21760312499999998 0.173828125 0.2240828125 0.201171875 0.23272187500000002 0.2177734375 0.2435203125 0.2568359375 0.24567968750000002 0.2841796875 0.2446 0.30859375 0.2510796875 0.326171875 0.265659375 0.3271484375
3 0.305075 0.111328125 0.2888765625 0.1171875 0.28671718749999997 0.130859375 0.28509687499999997 0.16015625 0.28671718749999997 0.1787109375 0.29265625 0.2041015625 0.297515625 0.21484375 0.30183593750000004 0.2138671875 0.3072359375 0.21875 0.312634375 0.2177734375 0.3245140625 0.220703125 0.3342328125 0.2001953125 0.335853125 0.193359375 0.326134375 0.15625 0.315334375 0.12109375 0.305075 0.111328125
4 0.37310937499999997 0.13671875 0.36879062500000004 0.0908203125 0.3547515625 0.0908203125 0.3477328125 0.1103515625 0.3461125 0.1318359375 0.3461125 0.177734375 0.3450328125 0.212890625 0.3515125 0.224609375 0.357990625 0.228515625 0.3650109375 0.2333984375 0.3725703125 0.220703125 0.3801296875 0.2041015625 0.3795890625 0.1845703125 0.3774296875 0.16796875 0.37310937499999997 0.13671875
5 0.42710625 0.193359375 0.42440625 0.15625 0.4146875 0.1171875 0.41144687500000005 0.0869140625 0.40496718749999994 0.0537109375 0.3947078125 0.0439453125 0.383909375 0.0478515625 0.3795890625 0.0791015625 0.3806703125 0.103515625 0.383909375 0.158203125 0.38606875 0.18359375 0.38822968750000003 0.1953125 0.3930890625 0.1982421875 0.3974078125 0.2001953125 0.401728125 0.2158203125 0.408746875 0.2197265625 0.419546875 0.208984375 0.42710625 0.193359375
6 0.4330453125 0.1015625 0.4308859375 0.138671875 0.431965625 0.169921875 0.42980625000000006 0.203125 0.4260265625 0.2421875 0.4184671875 0.302734375 0.43574531250000004 0.322265625 0.451403125 0.3154296875 0.45248437499999994 0.2783203125 0.4487046875 0.24609375 0.44708437500000003 0.203125 0.44708437500000003 0.171875 0.44708437500000003 0.12890625 0.44384375 0.103515625 0.4330453125 0.1015625
7 0.45734375 0.2421875 0.45356406250000003 0.2802734375 0.4557234375 0.3115234375 0.47678125 0.3134765625 0.4865015625 0.3037109375 0.48218125 0.2724609375 0.47786249999999997 0.2353515625 0.47246249999999995 0.203125 0.47246249999999995 0.173828125 0.47678125 0.150390625 0.4654421875 0.15234375 0.456803125 0.197265625 0.45734375 0.2421875
8 0.495140625 0.171875 0.495140625 0.2333984375 0.48758125 0.2646484375 0.48758125 0.2919921875 0.4940609375 0.3173828125 0.5113390625 0.3212890625 0.5210578124999999 0.2998046875 0.514578125 0.2646484375 0.5124187499999999 0.2275390625 0.5081 0.197265625 0.5081 0.16796875 0.5070187500000001 0.13671875 0.49729999999999996 0.13671875 0.495140625 0.171875
9 0.5221375 0.2880859375 0.529696875 0.3095703125 0.5518359375 0.3115234375 0.5518359375 0.2626953125 0.548596875 0.2138671875 0.5475156250000001 0.181640625 0.543196875 0.14453125 0.525378125 0.12890625 0.5275375 0.15625 0.529696875 0.1953125 0.5242984374999999 0.2587890625 0.5221375 0.2880859375
10 0.5907125 0.0634765625 0.577753125 0.0888671875 0.562634375 0.1572265625 0.5572359375 0.1904296875 0.5604750000000001 0.2158203125 0.5653343750000001 0.23046875 0.57559375 0.220703125 0.5826140625 0.2119140625 0.5917921875000001 0.201171875 0.5988125 0.169921875 0.6074515625 0.099609375 0.6074515625 0.0498046875 0.5907125 0.0634765625
11 0.6279703125 0.10546875 0.6150109375 0.123046875 0.606371875 0.162109375 0.60313125 0.19921875 0.5971921874999999 0.22265625 0.6047515625 0.2451171875 0.613390625 0.25390625 0.6247296875 0.2607421875 0.6349890625 0.25390625 0.64416875 0.2294921875 0.6425484375 0.17578125 0.6484875 0.115234375 0.6279703125 0.10546875
12 0.7030234375 0.1943359375 0.7019437500000001 0.130859375 0.6814250000000001 0.123046875 0.66630625 0.125 0.6673859375 0.1630859375 0.6582078124999999 0.197265625 0.6582078124999999 0.220703125 0.66630625 0.2265625 0.6776453124999999 0.2275390625 0.6798062500000001 0.228515625 0.686825 0.2255859375 0.6900640625000001 0.228515625 0.6954640624999999 0.224609375 0.699784375 0.21875 0.7030234375 0.1943359375
14 0.7445999999999999 0.349609375 0.747840625 0.2939453125 0.76511875 0.2509765625 0.7948171875 0.18359375 0.72948125 0.2392578125 0.742440625 0.2255859375 0.735421875 0.193359375 0.7365015625 0.15625 0.732721875 0.166015625 0.7230015625 0.19140625 0.7138234375 0.2294921875 0.7073437499999999 0.2548828125 0.6900640625000001 0.2958984375 0.6954640624999999 0.3173828125 0.7062640625000001 0.333984375 0.720303125 0.345703125 0.7445999999999999 0.349609375
15 0.807775 0.2333984375 0.7915765625 0.2294921875 0.78725625 0.2109375 0.767278125 0.2509765625 0.7661984375 0.2861328125 0.7856375 0.3115234375 0.8110156249999999 0.3076171875 0.8218140625 0.2724609375 0.826134375 0.2412109375 0.826134375 0.2138671875 0.813175 0.2177734375 0.807775 0.2333984375
13 0.7024843749999999 0.4052734375 0.701403125 0.376953125 0.69384375 0.3681640625 0.686825 0.3681640625 0.6808859375 0.3681640625 0.66900625 0.3681640625 0.6592875 0.369140625 0.6592875 0.3798828125 0.6538875 0.3857421875 0.6549671874999999 0.416015625 0.6571281250000001 0.4326171875 0.6609078125 0.4384765625 0.6960046875 0.43359375 0.7024843749999999 0.4052734375
24 0.356371875 0.3671875 0.356371875 0.35546875 0.3444921875 0.3466796875 0.33099375000000003 0.34765625 0.323434375 0.3583984375 0.32289375 0.3828125 0.3342328125 0.4248046875 0.3525921875 0.4189453125 0.35583125 0.3896484375 0.356371875 0.3671875
25 0.32235468749999996 0.384765625 0.3218140625 0.3603515625 0.307775 0.3525390625 0.28995625 0.35546875 0.279696875 0.369140625 0.2791578125 0.4013671875 0.287796875 0.4296875 0.310475 0.435546875 0.32235468749999996 0.4140625 0.32235468749999996 0.384765625
12 0.686284375 0.267578125 0.6954640624999999 0.2392578125 0.69654375 0.228515625 0.643628125 0.2099609375 0.6430890625 0.259765625 0.6306703125 0.2802734375 0.6279703125 0.302734375 0.633909375 0.3115234375 0.6447078125 0.3154296875 0.6522671875 0.30859375 0.6587468750000001 0.32421875 0.6630671875 0.3232421875 0.67440625 0.3115234375 0.6803453125 0.3212890625 0.687365625 0.31640625 0.692225 0.3017578125 0.6895249999999999 0.291015625 0.686284375 0.267578125
11 0.5950328125000001 0.302734375 0.60043125 0.3076171875 0.6069109375 0.3134765625 0.613390625 0.3046875 0.62095 0.3056640625 0.63175 0.3056640625 0.63606875 0.291015625 0.6252703125 0.26171875 0.5966515625000001 0.255859375 0.5896328125 0.2939453125 0.5912531249999999 0.3017578125 0.5950328125000001 0.302734375
10 0.5653343750000001 0.2412109375 0.563175 0.275390625 0.5572359375 0.291015625 0.5566953125 0.3056640625 0.5615546874999999 0.3173828125 0.5718140625 0.314453125 0.5842328125 0.318359375 0.588553125 0.31640625 0.5896328125 0.2734375 0.5847734375 0.23046875 0.5826140625 0.1962890625 0.576134375 0.1806640625 0.5691140625 0.189453125 0.5653343750000001 0.2412109375
5 0.3952484375 0.2314453125 0.3898484375 0.263671875 0.3876890625 0.2890625 0.39146875 0.3017578125 0.39632812500000003 0.302734375 0.40496718749999994 0.2958984375 0.41414687499999997 0.298828125 0.41900624999999997 0.279296875 0.4146875 0.255859375 0.41414687499999997 0.228515625 0.41414687499999997 0.1923828125 0.4146875 0.166015625 0.4011875 0.181640625 0.3952484375 0.2314453125
6 0.3488125 0.29296875 0.3525921875 0.2939453125 0.36339062499999997 0.2900390625 0.3698703125 0.2978515625 0.38120937499999996 0.291015625 0.3871484375 0.2958984375 0.38930937499999996 0.2822265625 0.38822968750000003 0.26953125 0.3855296875 0.248046875 0.38930937499999996 0.2080078125 0.38175 0.19921875 0.3801296875 0.20703125 0.37689062500000003 0.224609375 0.3720296875 0.240234375 0.3601515625 0.2314453125 0.357990625 0.216796875 0.35583125 0.201171875 0.3477328125 0.19921875 0.3477328125 0.2109375 0.35097187500000004 0.2265625 0.3498921875 0.251953125 0.3471921875 0.271484375 0.3488125 0.29296875
3 0.31155468750000004 0.3017578125 0.32127500000000003 0.3076171875 0.3250546875 0.294921875 0.3315328125 0.291015625 0.3396328125 0.2978515625 0.3471921875 0.291015625 0.3498921875 0.2744140625 0.3380125 0.2451171875 0.335853125 0.1923828125 0.32829375 0.21484375 0.32397343749999996 0.2275390625 0.3174953125 0.232421875 0.30993593750000004 0.228515625 0.302915625 0.2177734375 0.28995625 0.1982421875 0.2910359375 0.20703125 0.29481718749999997 0.234375 0.29643593749999997 0.263671875 0.298596875 0.28125 0.30075625 0.30078125 0.305615625 0.2978515625 0.31155468750000004 0.3017578125