31 0.729809375 0.310546875 0.7371515625 0.353515625 0.7542828125 0.353515625 0.76309375 0.330078125 0.7748406250000001 0.30859375 0.767009375 0.265625 0.7513453125 0.2421875 0.7327453125 0.2294921875 0.7180609375 0.2490234375 0.7254031249999999 0.28515625 0.729809375 0.310546875
2 0.701909375 0.35546875 0.701909375 0.4091796875 0.708271875 0.4501953125 0.7200203125 0.4775390625 0.7307875 0.4560546875 0.7479203125 0.443359375 0.7533046875 0.4111328125 0.7435140625 0.375 0.7327453125 0.333984375 0.7307875 0.2919921875 0.7102296875 0.2939453125 0.701909375 0.310546875 0.701909375 0.35546875
13 0.660303125 0.40234375 0.660303125 0.4609375 0.6642187500000001 0.4921875 0.6720515625 0.51171875 0.6857562500000001 0.5009765625 0.6999515625 0.4970703125 0.7102296875 0.4736328125 0.70729375 0.44140625 0.6955453125 0.39453125 0.6867359375000001 0.3662109375 0.677434375 0.3388671875 0.6656875 0.3642578125 0.660303125 0.40234375
17 0.626040625 0.375 0.626040625 0.41796875 0.6289765625 0.462890625 0.6387671874999999 0.5078125 0.6514921874999999 0.53125 0.6642187500000001 0.513671875 0.6612828125 0.4794921875 0.6534515625 0.4521484375 0.646109375 0.3984375 0.641703125 0.3642578125 0.640725 0.3388671875 0.626040625 0.375
18 0.598140625 0.3642578125 0.5991187499999999 0.421875 0.60205625 0.470703125 0.59765 0.521484375 0.6128250000000001 0.5419921875 0.626040625 0.5498046875 0.6377875000000001 0.5068359375 0.6235921875 0.4521484375 0.621634375 0.40234375 0.6191875 0.3623046875 0.603525 0.333984375 0.598140625 0.3642578125
19 0.57121875 0.35546875 0.5677921875 0.40234375 0.5677921875 0.4541015625 0.5692609375 0.490234375 0.5731765625 0.5263671875 0.5849234375 0.556640625 0.5991187499999999 0.5673828125 0.6098874999999999 0.5244140625 0.604503125 0.4736328125 0.5991187499999999 0.416015625 0.5956921875 0.373046875 0.5810078125 0.3173828125 0.57121875 0.35546875
20 0.54331875 0.4580078125 0.54331875 0.4990234375 0.54331875 0.53515625 0.5467453124999999 0.5693359375 0.5531078125 0.5947265625 0.5638765625 0.5869140625 0.5756234375 0.5654296875 0.5677921875 0.5244140625 0.56485625 0.484375 0.56045 0.4287109375 0.5540875 0.3837890625 0.54038125 0.416015625 0.54331875 0.4580078125
21 0.51248125 0.4453125 0.51248125 0.490234375 0.5036703124999999 0.537109375 0.5036703124999999 0.5732421875 0.51248125 0.599609375 0.5335296875 0.5927734375 0.54038125 0.55859375 0.5379343750000001 0.515625 0.5335296875 0.44140625 0.5335296875 0.3984375 0.5110125 0.3662109375 0.51248125 0.4453125
22 0.4889875 0.37109375 0.47821875 0.375 0.4757703125 0.421875 0.472834375 0.46484375 0.472834375 0.5048828125 0.46940781249999997 0.5439453125 0.46940781249999997 0.578125 0.4747921875 0.6015625 0.49094531249999995 0.59765625 0.50611875 0.5869140625 0.5036703124999999 0.5478515625 0.49926562499999994 0.4990234375 0.4973078125 0.4560546875 0.4973078125 0.4287109375 0.4973078125 0.396484375 0.4889875 0.37109375
30 0.455703125 0.4052734375 0.451296875 0.4501953125 0.44395468749999994 0.484375 0.429759375 0.53125 0.4307390625 0.5654296875 0.43955 0.5869140625 0.45863906249999997 0.5869140625 0.4640234375 0.53515625 0.46745000000000003 0.4814453125 0.46940781249999997 0.443359375 0.46940781249999997 0.4052734375 0.46940781249999997 0.373046875 0.455703125 0.4052734375
29 0.42682343749999996 0.3642578125 0.42045937499999997 0.3388671875 0.40724375 0.35546875 0.40430781250000003 0.4072265625 0.40430781250000003 0.4580078125 0.401859375 0.5029296875 0.39892343750000003 0.533203125 0.40430781250000003 0.556640625 0.42045937499999997 0.5654296875 0.4278015625 0.5458984375 0.4322078125 0.509765625 0.4322078125 0.466796875 0.4307390625 0.421875 0.429759375 0.39453125 0.42682343749999996 0.3642578125
23 0.39549687499999997 0.3623046875 0.386196875 0.41796875 0.38375 0.4365234375 0.3773859375 0.470703125 0.37298125 0.5048828125 0.37004375 0.5244140625 0.37934375 0.537109375 0.39990156250000003 0.51171875 0.403328125 0.470703125 0.403328125 0.4306640625 0.403328125 0.400390625 0.40724375 0.353515625 0.39549687499999997 0.3623046875
24 0.3764078125 0.32421875 0.364659375 0.3681640625 0.358296875 0.4130859375 0.350465625 0.4453125 0.339696875 0.4775390625 0.35193281249999997 0.5185546875 0.3705328125 0.51171875 0.38277031250000004 0.470703125 0.38815468750000004 0.4130859375 0.3901125 0.373046875 0.3910921875 0.34765625 0.39353906250000004 0.3193359375 0.3764078125 0.32421875
25 0.3069015625 0.4091796875 0.298090625 0.439453125 0.2951546875 0.466796875 0.2936859375 0.5009765625 0.308859375 0.4921875 0.32697031249999997 0.509765625 0.339696875 0.4794921875 0.339696875 0.4130859375 0.339696875 0.3623046875 0.33039687500000003 0.3427734375 0.3108171875 0.37890625 0.3069015625 0.4091796875
26 0.2657859375 0.349609375 0.25648593750000004 0.3876953125 0.25110156250000004 0.4267578125 0.25550625 0.443359375 0.270190625 0.4453125 0.2765546875 0.46484375 0.2907484375 0.4609375 0.2961328125 0.3984375 0.2951546875 0.35546875 0.2951546875 0.32421875 0.2765546875 0.2998046875 0.2711703125 0.328125 0.2657859375 0.349609375
27 0.22858593749999997 0.32421875 0.242290625 0.3427734375 0.25110156250000004 0.3515625 0.26480625 0.353515625 0.2765546875 0.287109375 0.278021875 0.23828125 0.259421875 0.2314453125 0.24669531249999999 0.2724609375 0.23397031250000003 0.2998046875 0.22858593749999997 0.32421875
28 0.23005312500000002 0.48828125 0.21145312500000002 0.51171875 0.197259375 0.533203125 0.1962796875 0.583984375 0.219775 0.5888671875 0.24327031250000003 0.578125 0.2457171875 0.5185546875 0.23005312500000002 0.48828125
0 0.247675 0.64453125 0.259421875 0.6630859375 0.2736171875 0.625 0.291728125 0.6015625 0.3108171875 0.552734375 0.3098390625 0.53515625 0.3000484375 0.5224609375 0.2853640625 0.5048828125 0.2765546875 0.4921875 0.26187031250000004 0.5078125 0.2520796875 0.556640625 0.238375 0.5947265625 0.22858593749999997 0.6142578125 0.2187953125 0.6396484375 0.21585937500000002 0.6591796875 0.22858593749999997 0.6376953125 0.243759375 0.6142578125 0.259421875 0.5927734375 0.247675 0.64453125
1 0.3015171875 0.716796875 0.2971125 0.7578125 0.32060625 0.7041015625 0.33578125000000003 0.6552734375 0.353890625 0.6123046875 0.3671078125 0.580078125 0.359275 0.556640625 0.336759375 0.5458984375 0.3132640625 0.537109375 0.3044546875 0.583984375 0.2990703125 0.626953125 0.2819390625 0.6591796875 0.270190625 0.6826171875 0.275575 0.7099609375 0.291728125 0.6806640625 0.3015171875 0.65234375 0.3122859375 0.666015625 0.3015171875 0.716796875
3 0.396475 0.6181640625 0.38815468750000004 0.583984375 0.3666171875 0.587890625 0.356828125 0.62109375 0.34312343749999996 0.673828125 0.3333328125 0.720703125 0.32697031249999997 0.7470703125 0.34312343749999996 0.7529296875 0.353890625 0.720703125 0.3622125 0.7001953125 0.37298125 0.669921875 0.396475 0.6181640625
4 0.42241875 0.626953125 0.41703437499999996 0.603515625 0.39451718750000003 0.6181640625 0.3901125 0.650390625 0.384728125 0.697265625 0.3817921875 0.7255859375 0.375428125 0.783203125 0.384728125 0.802734375 0.3901125 0.7763671875 0.40626562499999996 0.7314453125 0.4136078125 0.671875 0.42241875 0.626953125
5 0.4508078125 0.7109375 0.4522765625 0.66796875 0.4478703125 0.6376953125 0.44591250000000004 0.62109375 0.434165625 0.6123046875 0.42241875 0.6416015625 0.42241875 0.6630859375 0.423396875 0.697265625 0.423396875 0.720703125 0.42045937499999997 0.759765625 0.41605468749999996 0.7939453125 0.4214390625 0.8154296875 0.43514375000000005 0.7958984375 0.44395468749999994 0.7724609375 0.44689218750000004 0.75 0.4508078125 0.7109375
6 0.47919687499999997 0.6865234375 0.47821875 0.6484375 0.47821875 0.623046875 0.468428125 0.6103515625 0.455703125 0.6337890625 0.455703125 0.673828125 0.4630453125 0.7080078125 0.4640234375 0.740234375 0.468428125 0.7685546875 0.4738125 0.7939453125 0.49094531249999995 0.7939453125 0.4865390625 0.7685546875 0.48360312499999997 0.736328125 0.47919687499999997 0.6865234375
7 0.50611875 0.6337890625 0.5026921875 0.625 0.4811546875 0.6318359375 0.48458125 0.6826171875 0.48458125 0.71484375 0.49535 0.7578125 0.49535 0.7919921875 0.51248125 0.7958984375 0.5080765625 0.7529296875 0.5036703124999999 0.6953125 0.50611875 0.6337890625
8 0.507096875 0.6337890625 0.507096875 0.66796875 0.507096875 0.7041015625 0.5090546875 0.73828125 0.5188453125 0.78125 0.5379343750000001 0.7724609375 0.5335296875 0.7314453125 0.5281453125 0.6826171875 0.5252078124999999 0.626953125 0.507096875 0.6337890625
9 0.5521296875 0.6484375 0.5521296875 0.62109375 0.5359765624999999 0.6162109375 0.5271656250000001 0.6552734375 0.5335296875 0.6953125 0.5335296875 0.7275390625 0.544296875 0.76171875 0.56045 0.765625 0.5531078125 0.734375 0.5531078125 0.7099609375 0.5521296875 0.6787109375 0.5521296875 0.6484375
10 0.5903078125000001 0.6845703125 0.5903078125000001 0.6416015625 0.5756234375 0.6162109375 0.555065625 0.6416015625 0.5560453125 0.689453125 0.5638765625 0.7490234375 0.5731765625 0.7705078125 0.587371875 0.78515625 0.5991187499999999 0.787109375 0.6098874999999999 0.78515625 0.598140625 0.7490234375 0.5917765625 0.716796875 0.5903078125000001 0.6845703125
11 0.6172296875 0.6396484375 0.6172296875 0.6162109375 0.6093984375 0.6123046875 0.595203125 0.6005859375 0.5839453125 0.625 0.5917765625 0.6806640625 0.5917765625 0.7099609375 0.596671875 0.7490234375 0.6098874999999999 0.7685546875 0.621634375 0.7978515625 0.6387671874999999 0.7900390625 0.6289765625 0.7578125 0.62065625 0.7236328125 0.6172296875 0.69140625 0.6172296875 0.673828125 0.6172296875 0.6396484375
12 0.6470875 0.62890625 0.64415 0.583984375 0.6265296874999999 0.5751953125 0.6064609375 0.5849609375 0.6147828125 0.6279296875 0.626040625 0.650390625 0.6333828125000001 0.66796875 0.6470875 0.7275390625 0.6622609374999999 0.7578125 0.6749875000000001 0.7548828125 0.668625 0.7255859375 0.6612828125 0.7021484375 0.6534515625 0.6591796875 0.6470875 0.62890625
14 0.7288296875 0.693359375 0.7273625 0.671875 0.7092515625 0.6123046875 0.701909375 0.5908203125 0.6984828125 0.5693359375 0.6984828125 0.5439453125 0.6877140625 0.53515625 0.6715609375 0.529296875 0.6377875000000001 0.5576171875 0.64415 0.59375 0.6568765625 0.6123046875 0.6676453125 0.6396484375 0.6730296874999999 0.673828125 0.68281875 0.697265625 0.6965250000000001 0.7275390625 0.6999515625 0.6953125 0.69211875 0.66796875 0.6930984375 0.6318359375 0.708271875 0.6591796875 0.7288296875 0.693359375
15 0.7812046875 0.669921875 0.7821828125 0.6484375 0.7714140625 0.6123046875 0.7533046875 0.552734375 0.7435140625 0.490234375 0.7214875000000001 0.4970703125 0.6955453125 0.5224609375 0.7063140625 0.580078125 0.7126781249999999 0.6142578125 0.7371515625 0.6630859375 0.7650515625 0.6787109375 0.7606468750000001 0.650390625 0.7459625 0.6318359375 0.7435140625 0.6015625 0.757709375 0.62109375 0.7812046875 0.669921875
16 0.7929515625 0.6015625 0.8164468749999999 0.59765625 0.82183125 0.556640625 0.7958890625 0.5205078125 0.76945625 0.5029296875 0.761625 0.53125 0.764071875 0.55859375 0.7660296875 0.5908203125 0.7929515625 0.6015625