31 0.26725468750000003 0.2294921875 0.24865468750000003 0.2421875 0.232990625 0.265625 0.225159375 0.30859375 0.23690625 0.330078125 0.2457171875 0.353515625 0.26284843750000003 0.353515625 0.270190625 0.310546875 0.27459687499999996 0.28515625 0.2819390625 0.2490234375 0.26725468750000003 0.2294921875
2 0.298090625 0.310546875 0.2897703125 0.2939453125 0.26921249999999997 0.2919921875 0.26725468750000003 0.333984375 0.25648593750000004 0.375 0.24669531249999999 0.4111328125 0.2520796875 0.443359375 0.26921249999999997 0.4560546875 0.2799796875 0.4775390625 0.291728125 0.4501953125 0.298090625 0.4091796875 0.298090625 0.35546875 0.298090625 0.310546875
13 0.3343125 0.3642578125 0.322565625 0.3388671875 0.3132640625 0.3662109375 0.3044546875 0.39453125 0.29270625 0.44140625 0.2897703125 0.4736328125 0.3000484375 0.4970703125 0.31424375000000004 0.5009765625 0.3279484375 0.51171875 0.33578125000000003 0.4921875 0.339696875 0.4609375 0.339696875 0.40234375 0.3343125 0.3642578125
17 0.358296875 0.3642578125 0.353890625 0.3984375 0.3465484375 0.4521484375 0.3387171875 0.4794921875 0.33578125000000003 0.513671875 0.34850781249999996 0.53125 0.3612328125 0.5078125 0.3710234375 0.462890625 0.373959375 0.41796875 0.373959375 0.375 0.359275 0.3388671875 0.358296875 0.3642578125
18 0.3808125 0.3623046875 0.378365625 0.40234375 0.3764078125 0.4521484375 0.3622125 0.5068359375 0.373959375 0.5498046875 0.387175 0.5419921875 0.40235000000000004 0.521484375 0.39794375 0.470703125 0.40088125 0.421875 0.401859375 0.3642578125 0.396475 0.333984375 0.3808125 0.3623046875
19 0.41899218749999995 0.3173828125 0.40430781250000003 0.373046875 0.40088125 0.416015625 0.39549687499999997 0.4736328125 0.3901125 0.5244140625 0.40088125 0.5673828125 0.4150765625 0.556640625 0.42682343749999996 0.5263671875 0.4307390625 0.490234375 0.4322078125 0.4541015625 0.4322078125 0.40234375 0.42878125 0.35546875 0.41899218749999995 0.3173828125
20 0.45961875 0.416015625 0.44591250000000004 0.3837890625 0.43955 0.4287109375 0.43514375000000005 0.484375 0.4322078125 0.5244140625 0.4243765625 0.5654296875 0.43612343750000004 0.5869140625 0.44689218750000004 0.5947265625 0.45325468750000003 0.5693359375 0.45668125000000004 0.53515625 0.45668125000000004 0.4990234375 0.45668125000000004 0.4580078125 0.45961875 0.416015625
21 0.4664703125 0.3984375 0.4664703125 0.44140625 0.462065625 0.515625 0.45961875 0.55859375 0.4664703125 0.5927734375 0.48751875 0.599609375 0.4963296875 0.5732421875 0.4963296875 0.537109375 0.48751875 0.490234375 0.48751875 0.4453125 0.4889875 0.3662109375 0.4664703125 0.3984375
22 0.5242296875 0.421875 0.52178125 0.375 0.5110125 0.37109375 0.5026921875 0.396484375 0.5026921875 0.4287109375 0.5026921875 0.4560546875 0.5007343750000001 0.4990234375 0.4963296875 0.5478515625 0.49388125 0.5869140625 0.5090546875 0.59765625 0.5252078124999999 0.6015625 0.5305921875 0.578125 0.5305921875 0.5439453125 0.5271656250000001 0.5048828125 0.5271656250000001 0.46484375 0.5242296875 0.421875
30 0.5305921875 0.373046875 0.5305921875 0.4052734375 0.5305921875 0.443359375 0.53255 0.4814453125 0.5359765624999999 0.53515625 0.5413609375 0.5869140625 0.56045 0.5869140625 0.5692609375 0.5654296875 0.5702406250000001 0.53125 0.5560453125 0.484375 0.5487031250000001 0.4501953125 0.544296875 0.4052734375 0.5305921875 0.373046875
29 0.579540625 0.3388671875 0.5731765625 0.3642578125 0.5702406250000001 0.39453125 0.5692609375 0.421875 0.5677921875 0.466796875 0.5677921875 0.509765625 0.5721984375 0.5458984375 0.579540625 0.5654296875 0.5956921875 0.556640625 0.6010765625000001 0.533203125 0.598140625 0.5029296875 0.5956921875 0.4580078125 0.5956921875 0.4072265625 0.59275625 0.35546875 0.579540625 0.3388671875
23 0.59275625 0.353515625 0.596671875 0.400390625 0.596671875 0.4306640625 0.596671875 0.470703125 0.6000984375 0.51171875 0.62065625 0.537109375 0.62995625 0.5244140625 0.62701875 0.5048828125 0.6226140625000001 0.470703125 0.61625 0.4365234375 0.613803125 0.41796875 0.604503125 0.3623046875 0.59275625 0.353515625
24 0.6064609375 0.3193359375 0.6089078125 0.34765625 0.6098874999999999 0.373046875 0.6118453125000001 0.4130859375 0.6172296875 0.470703125 0.6294671875 0.51171875 0.6480671874999999 0.5185546875 0.660303125 0.4775390625 0.649534375 0.4453125 0.641703125 0.4130859375 0.635340625 0.3681640625 0.6235921875 0.32421875 0.6064609375 0.3193359375
25 0.669603125 0.3427734375 0.660303125 0.3623046875 0.660303125 0.4130859375 0.660303125 0.4794921875 0.6730296874999999 0.509765625 0.691140625 0.4921875 0.7063140625 0.5009765625 0.7048453125 0.466796875 0.701909375 0.439453125 0.6930984375 0.4091796875 0.6891828125 0.37890625 0.669603125 0.3427734375
26 0.7288296875 0.328125 0.7234453125 0.2998046875 0.7048453125 0.32421875 0.7048453125 0.35546875 0.7038671875 0.3984375 0.7092515625 0.4609375 0.7234453125 0.46484375 0.729809375 0.4453125 0.74449375 0.443359375 0.7488984375000001 0.4267578125 0.7435140625 0.3876953125 0.7342140625 0.349609375 0.7288296875 0.328125
27 0.7219781249999999 0.23828125 0.7234453125 0.287109375 0.73519375 0.353515625 0.7488984375000001 0.3515625 0.757709375 0.3427734375 0.7714140625 0.32421875 0.7660296875 0.2998046875 0.7533046875 0.2724609375 0.7405781250000001 0.2314453125 0.7219781249999999 0.23828125
28 0.788546875 0.51171875 0.769946875 0.48828125 0.7542828125 0.5185546875 0.7567296875 0.578125 0.780225 0.5888671875 0.8037203125 0.583984375 0.802740625 0.533203125 0.788546875 0.51171875
0 0.6901609375 0.53515625 0.6891828125 0.552734375 0.708271875 0.6015625 0.7263828125 0.625 0.7405781250000001 0.6630859375 0.752325 0.64453125 0.7405781250000001 0.5927734375 0.756240625 0.6142578125 0.7714140625 0.6376953125 0.784140625 0.6591796875 0.7812046875 0.6396484375 0.7714140625 0.6142578125 0.761625 0.5947265625 0.7479203125 0.556640625 0.7381296875000001 0.5078125 0.7234453125 0.4921875 0.7146359375 0.5048828125 0.6999515625 0.5224609375 0.6901609375 0.53515625
1 0.646109375 0.6123046875 0.6642187500000001 0.6552734375 0.67939375 0.7041015625 0.7028875 0.7578125 0.6984828125 0.716796875 0.6877140625 0.666015625 0.6984828125 0.65234375 0.708271875 0.6806640625 0.724425 0.7099609375 0.729809375 0.6826171875 0.7180609375 0.6591796875 0.7009296875000001 0.626953125 0.6955453125 0.583984375 0.6867359375000001 0.537109375 0.663240625 0.5458984375 0.640725 0.556640625 0.6328921875 0.580078125 0.646109375 0.6123046875
3 0.6377875000000001 0.7001953125 0.646109375 0.720703125 0.6568765625 0.7529296875 0.6730296874999999 0.7470703125 0.6666671875 0.720703125 0.6568765625 0.673828125 0.643171875 0.62109375 0.6333828125000001 0.587890625 0.6118453125000001 0.583984375 0.603525 0.6181640625 0.62701875 0.669921875 0.6377875000000001 0.7001953125
4 0.593734375 0.7314453125 0.6098874999999999 0.7763671875 0.615271875 0.802734375 0.624571875 0.783203125 0.6182078125 0.7255859375 0.615271875 0.697265625 0.6098874999999999 0.650390625 0.6054828125 0.6181640625 0.582965625 0.603515625 0.5775812499999999 0.626953125 0.5863921875 0.671875 0.593734375 0.7314453125
5 0.5521296875 0.6376953125 0.5477234375 0.66796875 0.5491921875 0.7109375 0.5531078125 0.75 0.5560453125 0.7724609375 0.56485625 0.7958984375 0.5785609375 0.8154296875 0.5839453125 0.7939453125 0.579540625 0.759765625 0.576603125 0.720703125 0.576603125 0.697265625 0.5775812499999999 0.6630859375 0.5775812499999999 0.6416015625 0.565834375 0.6123046875 0.5540875 0.62109375 0.5521296875 0.6376953125
6 0.520803125 0.6865234375 0.5163968750000001 0.736328125 0.5134609375 0.7685546875 0.5090546875 0.7939453125 0.5261875 0.7939453125 0.531571875 0.7685546875 0.5359765624999999 0.740234375 0.5369546875 0.7080078125 0.544296875 0.673828125 0.544296875 0.6337890625 0.531571875 0.6103515625 0.52178125 0.623046875 0.52178125 0.6484375 0.520803125 0.6865234375
7 0.48751875 0.7958984375 0.50465 0.7919921875 0.50465 0.7578125 0.51541875 0.71484375 0.51541875 0.6826171875 0.5188453125 0.6318359375 0.4973078125 0.625 0.49388125 0.6337890625 0.4963296875 0.6953125 0.4919234375 0.7529296875 0.48751875 0.7958984375
8 0.462065625 0.7724609375 0.4811546875 0.78125 0.49094531249999995 0.73828125 0.49290312500000005 0.7041015625 0.49290312500000005 0.66796875 0.49290312500000005 0.6337890625 0.4747921875 0.626953125 0.47185468750000004 0.6826171875 0.4664703125 0.7314453125 0.462065625 0.7724609375
9 0.44689218750000004 0.7099609375 0.44689218750000004 0.734375 0.43955 0.765625 0.455703125 0.76171875 0.4664703125 0.7275390625 0.4664703125 0.6953125 0.472834375 0.6552734375 0.4640234375 0.6162109375 0.4478703125 0.62109375 0.4478703125 0.6484375 0.4478703125 0.6787109375 0.44689218750000004 0.7099609375
10 0.40822343749999995 0.716796875 0.401859375 0.7490234375 0.3901125 0.78515625 0.40088125 0.787109375 0.412628125 0.78515625 0.42682343749999996 0.7705078125 0.43612343750000004 0.7490234375 0.44395468749999994 0.689453125 0.444934375 0.6416015625 0.4243765625 0.6162109375 0.40969218749999997 0.6416015625 0.40969218749999997 0.6845703125 0.40822343749999995 0.716796875
11 0.3906015625 0.6123046875 0.38277031250000004 0.6162109375 0.38277031250000004 0.6396484375 0.38277031250000004 0.673828125 0.38277031250000004 0.69140625 0.37934375 0.7236328125 0.3710234375 0.7578125 0.3612328125 0.7900390625 0.378365625 0.7978515625 0.3901125 0.7685546875 0.403328125 0.7490234375 0.40822343749999995 0.7099609375 0.40822343749999995 0.6806640625 0.41605468749999996 0.625 0.404796875 0.6005859375 0.3906015625 0.6123046875
12 0.3529125 0.62890625 0.3465484375 0.6591796875 0.3387171875 0.7021484375 0.33137500000000003 0.7255859375 0.32501250000000004 0.7548828125 0.33773906249999996 0.7578125 0.3529125 0.7275390625 0.3666171875 0.66796875 0.373959375 0.650390625 0.3852171875 0.6279296875 0.39353906250000004 0.5849609375 0.37347031249999996 0.5751953125 0.35585 0.583984375 0.3529125 0.62890625
14 0.3122859375 0.53515625 0.3015171875 0.5439453125 0.3015171875 0.5693359375 0.298090625 0.5908203125 0.2907484375 0.6123046875 0.2726375 0.671875 0.2711703125 0.693359375 0.291728125 0.6591796875 0.3069015625 0.6318359375 0.30788125 0.66796875 0.3000484375 0.6953125 0.303475 0.7275390625 0.31718125 0.697265625 0.32697031249999997 0.673828125 0.33235468749999997 0.6396484375 0.34312343749999996 0.6123046875 0.35585 0.59375 0.3622125 0.5576171875 0.3284390625 0.529296875 0.3122859375 0.53515625
15 0.22858593749999997 0.6123046875 0.21781718749999998 0.6484375 0.2187953125 0.669921875 0.242290625 0.62109375 0.25648593750000004 0.6015625 0.2540375 0.6318359375 0.239353125 0.650390625 0.2349484375 0.6787109375 0.26284843750000003 0.6630859375 0.287321875 0.6142578125 0.2936859375 0.580078125 0.3044546875 0.5224609375 0.2785125 0.4970703125 0.25648593750000004 0.490234375 0.24669531249999999 0.552734375 0.22858593749999997 0.6123046875
16 0.2041109375 0.5205078125 0.17816875000000001 0.556640625 0.183553125 0.59765625 0.2070484375 0.6015625 0.23397031250000003 0.5908203125 0.235928125 0.55859375 0.238375 0.53125 0.23054375 0.5029296875 0.2041109375 0.5205078125