2 0.29299375 0.46484375 0.2851546875 0.4345703125 0.263596875 0.3916015625 0.2435078125 0.419921875 0.2542875 0.490234375 0.25918593749999996 0.5107421875 0.26065625 0.5439453125 0.2689859375 0.5654296875 0.29054375 0.57421875 0.30867187500000004 0.5498046875 0.313571875 0.52734375 0.3013234375 0.4951171875 0.29299375 0.46484375
18 0.38265625000000003 0.4111328125 0.37530625 0.4501953125 0.373346875 0.4736328125 0.373346875 0.5078125 0.361096875 0.55078125 0.3738359375 0.5712890625 0.38804531249999996 0.580078125 0.39882343750000004 0.5478515625 0.39882343750000004 0.5185546875 0.39882343750000004 0.490234375 0.393434375 0.4267578125 0.38265625000000003 0.4111328125
19 0.4341015625 0.466796875 0.4341015625 0.44140625 0.432140625 0.416015625 0.42234218749999997 0.4130859375 0.400784375 0.4267578125 0.4042140625 0.4521484375 0.4042140625 0.486328125 0.4042140625 0.5185546875 0.3993140625 0.5556640625 0.40274374999999996 0.578125 0.415971875 0.580078125 0.4287109375 0.5712890625 0.4331203125 0.5478515625 0.43508125 0.5263671875 0.4341015625 0.4951171875 0.4341015625 0.466796875
20 0.4674171875 0.44140625 0.4674171875 0.4052734375 0.45125000000000004 0.416015625 0.44683906249999994 0.4501953125 0.44292031249999997 0.4814453125 0.43508125 0.53125 0.4341015625 0.5546875 0.429690625 0.578125 0.4404703125 0.5908203125 0.45026875000000005 0.5908203125 0.4674171875 0.58203125 0.46496875 0.5458984375 0.46496875 0.5205078125 0.46643749999999995 0.4794921875 0.4674171875 0.44140625
21 0.4737875 0.419921875 0.4683984375 0.490234375 0.4683984375 0.53515625 0.4683984375 0.5654296875 0.475746875 0.58203125 0.4879953125 0.587890625 0.4997546875 0.576171875 0.5007343750000001 0.529296875 0.5080843749999999 0.4541015625 0.49730468749999995 0.423828125 0.4737875 0.419921875
22 0.5350312500000001 0.421875 0.5164140625 0.421875 0.514453125 0.447265625 0.51249375 0.486328125 0.5071046875 0.5244140625 0.501715625 0.5712890625 0.521803125 0.583984375 0.5369921875 0.5908203125 0.54238125 0.5673828125 0.5467906250000001 0.5185546875 0.5453203125 0.4921875 0.5414015625 0.4580078125 0.5350312500000001 0.421875
30 0.5732484375 0.41796875 0.5595296875 0.41796875 0.5521796875 0.462890625 0.5507109375 0.4970703125 0.5467906250000001 0.533203125 0.5433609374999999 0.5673828125 0.5551203124999999 0.58203125 0.5756984375 0.578125 0.5756984375 0.5546875 0.574228125 0.5263671875 0.574228125 0.490234375 0.574228125 0.4609375 0.5732484375 0.41796875
29 0.59480625 0.41796875 0.5786374999999999 0.4375 0.576678125 0.462890625 0.5756984375 0.4990234375 0.574228125 0.533203125 0.576678125 0.5693359375 0.5776578125 0.5947265625 0.5894171874999999 0.599609375 0.6031359375 0.599609375 0.6055859375 0.5625 0.6001953125 0.5205078125 0.6001953125 0.4951171875 0.6001953125 0.4541015625 0.59480625 0.41796875
26 0.734934375 0.416015625 0.7040671875 0.4306640625 0.6967171875 0.46875 0.688878125 0.5078125 0.6795687499999999 0.5458984375 0.6898578125 0.576171875 0.7060265625000001 0.5927734375 0.7212156249999999 0.5869140625 0.72954375 0.5478515625 0.7427734375 0.5029296875 0.7501218749999999 0.4375 0.734934375 0.416015625
3 0.6119546875 0.6181640625 0.6119546875 0.669921875 0.6139140624999999 0.7021484375 0.618325 0.736328125 0.6227343750000001 0.765625 0.626653125 0.791015625 0.636453125 0.8017578125 0.642821875 0.76171875 0.6418421875 0.7333984375 0.6418421875 0.7021484375 0.6418421875 0.6572265625 0.6482109375 0.6142578125 0.6408625 0.5908203125 0.6173437500000001 0.583984375 0.6119546875 0.6181640625
4 0.592846875 0.576171875 0.583046875 0.5791015625 0.576678125 0.5908203125 0.5850078125 0.646484375 0.5820671875000001 0.697265625 0.5820671875000001 0.7314453125 0.5874578125000001 0.76171875 0.592846875 0.7939453125 0.60460625 0.7998046875 0.6055859375 0.763671875 0.606565625 0.720703125 0.606565625 0.6826171875 0.606565625 0.646484375 0.6139140624999999 0.6083984375 0.6080359375 0.583984375 0.6011765625 0.5751953125 0.592846875 0.576171875
5 0.5521796875 0.6181640625 0.5467906250000001 0.6611328125 0.5467906250000001 0.71484375 0.5467906250000001 0.7490234375 0.5570796875 0.7802734375 0.5712890625 0.7568359375 0.574228125 0.7099609375 0.574228125 0.6650390625 0.5756984375 0.630859375 0.5786374999999999 0.5908203125 0.5658984375 0.58203125 0.54875 0.5869140625 0.5521796875 0.6181640625
6 0.524253125 0.673828125 0.524253125 0.7060546875 0.5188640625 0.7333984375 0.515434375 0.7783203125 0.5296421875 0.7763671875 0.5350312500000001 0.7548828125 0.5369921875 0.71484375 0.5414015625 0.669921875 0.5414015625 0.62890625 0.5467906250000001 0.583984375 0.5316015625 0.5888671875 0.5198437499999999 0.599609375 0.5227828125 0.6376953125 0.524253125 0.673828125
7 0.496325 0.71484375 0.4933859375 0.7470703125 0.501715625 0.767578125 0.506125 0.7509765625 0.5134734375 0.7099609375 0.5198437499999999 0.677734375 0.5198437499999999 0.6357421875 0.5164140625 0.609375 0.49289531249999996 0.599609375 0.498284375 0.6376953125 0.496325 0.67578125 0.496325 0.71484375
8 0.4889765625 0.677734375 0.491915625 0.626953125 0.48750625000000003 0.60546875 0.46643749999999995 0.603515625 0.4737875 0.677734375 0.47035781249999997 0.736328125 0.48652656250000004 0.744140625 0.4889765625 0.677734375
9 0.44439062500000004 0.640625 0.4439 0.6484375 0.4439 0.6953125 0.44242968749999995 0.736328125 0.4409609375 0.78125 0.45908906250000003 0.7802734375 0.4634984375 0.7421875 0.4634984375 0.705078125 0.46545781249999996 0.6611328125 0.4713375 0.6083984375 0.46986718749999995 0.578125 0.46006875 0.568359375 0.44439062500000004 0.5693359375 0.44145 0.6015625 0.44439062500000004 0.640625
10 0.42675156249999996 0.5771484375 0.41499218750000005 0.5771484375 0.41156249999999994 0.58984375 0.41156249999999994 0.6015625 0.41058281250000006 0.619140625 0.41009375 0.6416015625 0.41058281250000006 0.666015625 0.41009375 0.69140625 0.4091125 0.7138671875 0.4066640625 0.7431640625 0.4061734375 0.7607421875 0.4086234375 0.7958984375 0.42136250000000003 0.7890625 0.4292015625 0.7587890625 0.43263125 0.7158203125 0.43655 0.67578125 0.4399796875 0.63671875 0.443409375 0.6142578125 0.44242968749999995 0.5927734375 0.4355703125 0.580078125 0.42675156249999996 0.5771484375
11 0.381675 0.5869140625 0.3738359375 0.5888671875 0.3782453125 0.623046875 0.37922656250000003 0.66015625 0.38265625000000003 0.7021484375 0.377265625 0.736328125 0.3699171875 0.7744140625 0.36648749999999997 0.8125 0.38265625000000003 0.8173828125 0.3904953125 0.78515625 0.39882343750000004 0.744140625 0.404703125 0.685546875 0.40519375 0.6494140625 0.41107343749999997 0.6103515625 0.40715312499999995 0.5927734375 0.3919640625 0.580078125 0.381675 0.5869140625
12 0.34394843750000004 0.578125 0.34541875 0.625 0.34541875 0.646484375 0.347378125 0.67578125 0.34394843750000004 0.69921875 0.34296875 0.72265625 0.34051875 0.7353515625 0.33464062499999997 0.767578125 0.347378125 0.76953125 0.3586484375 0.7451171875 0.36550781250000003 0.69921875 0.36795625 0.650390625 0.37432656249999996 0.6181640625 0.3806953125 0.578125 0.365996875 0.5615234375 0.3542375 0.5634765625 0.34394843750000004 0.578125
14 0.3258203125 0.5556640625 0.311121875 0.5625 0.304753125 0.578125 0.2920140625 0.583984375 0.2969125 0.625 0.29299375 0.6650390625 0.2876046875 0.71484375 0.2758453125 0.7509765625 0.297403125 0.74609375 0.3096515625 0.71484375 0.318471875 0.6591796875 0.3194515625 0.69140625 0.3194515625 0.720703125 0.3057328125 0.7548828125 0.31651093750000003 0.765625 0.3282703125 0.73828125 0.3356203125 0.7021484375 0.3400296875 0.6650390625 0.34541875 0.62890625 0.349828125 0.59375 0.3517890625 0.568359375 0.3395390625 0.556640625 0.3258203125 0.5556640625