31 0.2190109375 0.3115234375 0.20382187499999999 0.283203125 0.1930421875 0.302734375 0.18569375 0.34765625 0.181284375 0.3876953125 0.1749140625 0.421875 0.17834375 0.4521484375 0.19010312499999998 0.466796875 0.20382187499999999 0.4775390625 0.21999062500000002 0.466796875 0.21999062500000002 0.423828125 0.21558125 0.396484375 0.21558125 0.35546875 0.2190109375 0.3115234375
2 0.27339531250000004 0.4091796875 0.27339531250000004 0.37109375 0.276825 0.3388671875 0.26800625 0.2880859375 0.2533078125 0.259765625 0.2327296875 0.28125 0.2297890625 0.32421875 0.2297890625 0.3583984375 0.2297890625 0.39453125 0.2190109375 0.4501953125 0.2234203125 0.4775390625 0.2371390625 0.4951171875 0.25134687499999997 0.505859375 0.2714359375 0.484375 0.27339531250000004 0.4560546875 0.27339531250000004 0.4091796875
13 0.33022968750000004 0.513671875 0.341009375 0.4951171875 0.3366 0.4580078125 0.333659375 0.421875 0.332190625 0.3837890625 0.332190625 0.3369140625 0.324840625 0.3046875 0.3101421875 0.283203125 0.2959328125 0.28515625 0.2851546875 0.27734375 0.28123437500000004 0.32421875 0.28123437500000004 0.369140625 0.276825 0.4267578125 0.2758453125 0.462890625 0.274375 0.4921875 0.2822140625 0.5185546875 0.3076921875 0.5205078125 0.33022968750000004 0.513671875
17 0.3699171875 0.353515625 0.370896875 0.2939453125 0.3645265625 0.26171875 0.341009375 0.2666015625 0.34394843750000004 0.3134765625 0.34394843750000004 0.34765625 0.3419890625 0.4052734375 0.3380703125 0.4521484375 0.34296875 0.509765625 0.3561984375 0.5283203125 0.363546875 0.5234375 0.3674671875 0.513671875 0.3860859375 0.5029296875 0.379715625 0.4560546875 0.3718765625 0.4130859375 0.3699171875 0.3896484375 0.3699171875 0.353515625
18 0.3924546875 0.279296875 0.387065625 0.302734375 0.387065625 0.3193359375 0.3860859375 0.349609375 0.38510468750000004 0.4033203125 0.379715625 0.4541015625 0.3860859375 0.4970703125 0.38804531249999996 0.5263671875 0.400784375 0.5419921875 0.41499218750000005 0.5185546875 0.4243015625 0.466796875 0.42136250000000003 0.421875 0.42136250000000003 0.3984375 0.42136250000000003 0.349609375 0.42136250000000003 0.32421875 0.4140125 0.28515625 0.3924546875 0.279296875
20 0.48015625 0.3046875 0.4492890625 0.3046875 0.4439 0.3388671875 0.4404703125 0.3603515625 0.4360609375 0.3984375 0.432140625 0.4287109375 0.42675156249999996 0.4755859375 0.4287109375 0.5185546875 0.45026875000000005 0.53125 0.46006875 0.5078125 0.4683984375 0.4736328125 0.46006875 0.4306640625 0.47182812500000004 0.3876953125 0.48015625 0.3046875
21 0.5164140625 0.345703125 0.5080843749999999 0.306640625 0.48995625 0.2958984375 0.48113593750000005 0.328125 0.4747671875 0.369140625 0.4737875 0.4033203125 0.4737875 0.44140625 0.46643749999999995 0.4775390625 0.4630078125 0.5244140625 0.4772171875 0.53515625 0.4953453125 0.533203125 0.5115140625000001 0.515625 0.5164140625 0.484375 0.5178828125 0.4453125 0.5188640625 0.3876953125 0.5164140625 0.345703125
22 0.5208234375 0.3642578125 0.5208234375 0.4111328125 0.5188640625 0.4375 0.514453125 0.4814453125 0.5134734375 0.537109375 0.5369921875 0.5478515625 0.560509375 0.5390625 0.5658984375 0.5009765625 0.5639390625 0.466796875 0.5541406249999999 0.2978515625 0.5271921875000001 0.302734375 0.5208234375 0.3642578125
30 0.5521796875 0.30078125 0.5551203124999999 0.3408203125 0.5614890625 0.4130859375 0.56491875 0.4560546875 0.5624687500000001 0.51171875 0.5859875 0.55859375 0.60215625 0.537109375 0.60460625 0.5009765625 0.59480625 0.4501953125 0.59480625 0.396484375 0.5874578125000001 0.33203125 0.5712890625 0.2744140625 0.5521796875 0.30078125
23 0.6148953125000001 0.328125 0.6139140624999999 0.376953125 0.608525 0.421875 0.6075453125 0.4755859375 0.6055859375 0.509765625 0.6281234375 0.5458984375 0.6398828125 0.5263671875 0.6462515625 0.4951171875 0.6438015625 0.4501953125 0.6418421875 0.4072265625 0.636453125 0.30859375 0.6237140625 0.2919921875 0.6148953125000001 0.328125
24 0.6849578125 0.35546875 0.6932875000000001 0.3115234375 0.6741796875 0.326171875 0.6580109375000001 0.373046875 0.65458125 0.419921875 0.64723125 0.46484375 0.6438015625 0.5078125 0.6438015625 0.5439453125 0.6643796875 0.5458984375 0.67711875 0.53515625 0.67711875 0.5009765625 0.6780984375 0.4638671875 0.6805484374999999 0.4130859375 0.681528125 0.3857421875 0.6849578125 0.35546875
25 0.70945625 0.28515625 0.7006375 0.330078125 0.6923078125 0.3876953125 0.6849578125 0.41796875 0.6825078125 0.4580078125 0.6825078125 0.486328125 0.688878125 0.51171875 0.7016171875 0.515625 0.7177859375 0.513671875 0.737384375 0.4921875 0.7339546875 0.4580078125 0.73199375 0.416015625 0.72954375 0.375 0.73199375 0.3388671875 0.7329734375 0.3115234375 0.7221953125 0.2685546875 0.70945625 0.28515625
26 0.751103125 0.3154296875 0.7447328125 0.373046875 0.7413031250000001 0.4287109375 0.7403234375000001 0.4814453125 0.7564921874999999 0.5029296875 0.7726609375 0.4951171875 0.796178125 0.46484375 0.79176875 0.4111328125 0.7819703125 0.376953125 0.7809890625 0.3427734375 0.7809890625 0.2744140625 0.7564921874999999 0.2744140625 0.751103125 0.3154296875
27 0.8304750000000001 0.3173828125 0.809896875 0.30859375 0.8045078125 0.3515625 0.8025484374999999 0.396484375 0.79911875 0.4375 0.7981374999999999 0.4775390625 0.8162671874999999 0.490234375 0.8388046875 0.4736328125 0.8476234375 0.4541015625 0.842234375 0.423828125 0.8378249999999999 0.396484375 0.8304750000000001 0.3623046875 0.8304750000000001 0.3173828125
28 0.8378249999999999 0.4970703125 0.8245953125 0.4990234375 0.8079375000000001 0.51953125 0.8015671875000001 0.5400390625 0.8030375 0.57421875 0.805978125 0.5986328125 0.8157765625 0.6171875 0.8270453124999999 0.6171875 0.8446843749999999 0.62890625 0.8662421874999999 0.63671875 0.8711421874999999 0.6123046875 0.874571875 0.5888671875 0.8691812499999999 0.5625 0.8603624999999999 0.537109375 0.8530125 0.517578125 0.8446843749999999 0.5068359375 0.8378249999999999 0.4970703125
0 0.7476734375 0.517578125 0.7378734375 0.5322265625 0.7354234374999999 0.5546875 0.7427734375 0.580078125 0.7515921875 0.6025390625 0.7633515625 0.634765625 0.7756000000000001 0.671875 0.79176875 0.7021484375 0.79421875 0.68359375 0.7883390625 0.65234375 0.77805 0.6240234375 0.77168125 0.599609375 0.7819703125 0.5966796875 0.79666875 0.62109375 0.8005875 0.6416015625 0.8054874999999999 0.6591796875 0.8143062499999999 0.6669921875 0.8152859375 0.6337890625 0.8040171875000001 0.6015625 0.8005875 0.56640625 0.8020578125 0.5322265625 0.79176875 0.5068359375 0.7741296875 0.5048828125 0.76188125 0.51171875 0.7476734375 0.517578125
1 0.7079859374999999 0.53515625 0.695246875 0.5537109375 0.679078125 0.5517578125 0.667809375 0.564453125 0.665359375 0.58984375 0.6780984375 0.6123046875 0.6854484375000001 0.63671875 0.6942671875 0.6689453125 0.7065171875 0.70703125 0.7177859375 0.7392578125 0.730525 0.7548828125 0.72954375 0.7236328125 0.7226843749999999 0.6962890625 0.7138656250000001 0.6767578125 0.716315625 0.6572265625 0.7315046875 0.662109375 0.7378734375 0.6865234375 0.7452234375 0.7041015625 0.7506125 0.7236328125 0.7589421875 0.7265625 0.7589421875 0.6943359375 0.7515921875 0.6689453125 0.73934375 0.646484375 0.738853125 0.6123046875 0.736403125 0.5869140625 0.73444375 0.5546875 0.723175 0.5400390625 0.7079859374999999 0.53515625
6 0.5590390625 0.5419921875 0.5511999999999999 0.548828125 0.5477703125 0.5888671875 0.5472812499999999 0.6171875 0.54483125 0.6494140625 0.54238125 0.6865234375 0.5414015625 0.7138671875 0.5414015625 0.734375 0.5551203124999999 0.728515625 0.561 0.71484375 0.5658984375 0.6923828125 0.56736875 0.6689453125 0.570309375 0.638671875 0.5727578125 0.6123046875 0.5761875 0.5888671875 0.5825578124999999 0.5546875 0.5727578125 0.5390625 0.5590390625 0.5419921875
7 0.5286625 0.5517578125 0.51494375 0.544921875 0.5164140625 0.5791015625 0.5188640625 0.6162109375 0.5198437499999999 0.6416015625 0.5188640625 0.6669921875 0.5164140625 0.6923828125 0.5134734375 0.716796875 0.5262125 0.7216796875 0.5350312500000001 0.69921875 0.53993125 0.6796875 0.54238125 0.64453125 0.5438515625 0.6142578125 0.5472812499999999 0.591796875 0.5472812499999999 0.5615234375 0.53993125 0.5498046875 0.5286625 0.5517578125
8 0.487015625 0.62109375 0.48603593749999996 0.65234375 0.48505624999999997 0.6875 0.5022046875 0.6787109375 0.5095546875 0.6474609375 0.5095546875 0.619140625 0.5095546875 0.5888671875 0.5095546875 0.564453125 0.5051453125 0.546875 0.48995625 0.544921875 0.48750625000000003 0.58203125 0.487015625 0.62109375
9 0.4409609375 0.552734375 0.44585937500000006 0.580078125 0.44683906249999994 0.609375 0.45075937499999996 0.634765625 0.45369843750000005 0.6572265625 0.459578125 0.6904296875 0.4615390625 0.7109375 0.4674171875 0.7236328125 0.47770625000000005 0.728515625 0.48407656250000003 0.7236328125 0.4821171875 0.6943359375 0.48113593750000005 0.6728515625 0.48162656249999997 0.6357421875 0.47819687499999997 0.5859375 0.47770625000000005 0.5625 0.475746875 0.5400390625 0.4674171875 0.5244140625 0.45516875 0.5283203125 0.44585937500000006 0.5341796875 0.4409609375 0.552734375
10 0.4130328125 0.5673828125 0.409603125 0.60546875 0.4042140625 0.630859375 0.40372343749999995 0.646484375 0.39784375 0.69140625 0.39392499999999997 0.7275390625 0.39392499999999997 0.7578125 0.3904953125 0.783203125 0.40372343749999995 0.7880859375 0.40715312499999995 0.77734375 0.409603125 0.765625 0.4179328125 0.7314453125 0.429690625 0.6884765625 0.43753125 0.654296875 0.44683906249999994 0.6162109375 0.44683906249999994 0.5908203125 0.4404703125 0.5615234375 0.420871875 0.556640625 0.4130328125 0.5673828125
11 0.40519375 0.5732421875 0.39294531250000003 0.568359375 0.38510468750000004 0.55859375 0.3738359375 0.5615234375 0.365996875 0.5751953125 0.3630578125 0.6015625 0.361096875 0.642578125 0.3640375 0.6728515625 0.3669765625 0.69921875 0.368446875 0.7197265625 0.3699171875 0.736328125 0.3718765625 0.75390625 0.37775625 0.7578125 0.381675 0.7314453125 0.387065625 0.708984375 0.3919640625 0.6826171875 0.3949046875 0.662109375 0.39784375 0.634765625 0.4012734375 0.6064453125 0.409603125 0.5908203125 0.40519375 0.5732421875
12 0.35276874999999996 0.552734375 0.3419890625 0.5439453125 0.324840625 0.548828125 0.319940625 0.580078125 0.318471875 0.6064453125 0.31651093750000003 0.638671875 0.3145515625 0.66796875 0.31553125 0.69921875 0.31553125 0.7197265625 0.316021875 0.736328125 0.31553125 0.7626953125 0.32533124999999996 0.734375 0.3326796875 0.6982421875 0.343459375 0.6611328125 0.354728125 0.6240234375 0.3630578125 0.609375 0.3640375 0.583984375 0.35766718750000004 0.5751953125 0.35276874999999996 0.552734375
14 0.316021875 0.556640625 0.3052421875 0.5419921875 0.29005312499999997 0.5390625 0.2709453125 0.53125 0.25967656250000004 0.53125 0.25134687499999997 0.548828125 0.25036718750000003 0.5693359375 0.2493875 0.59765625 0.2454671875 0.634765625 0.23958906249999998 0.6611328125 0.2341984375 0.6904296875 0.2293 0.7080078125 0.2297890625 0.7255859375 0.236159375 0.732421875 0.24301875 0.7099609375 0.2493875 0.69140625 0.2542875 0.673828125 0.2577171875 0.6552734375 0.263596875 0.638671875 0.26751562500000003 0.6240234375 0.2802546875 0.6162109375 0.2822140625 0.634765625 0.276825 0.67578125 0.27192500000000003 0.7060546875 0.26800625 0.732421875 0.26800625 0.7509765625 0.277315625 0.732421875 0.28564375000000003 0.708984375 0.2915234375 0.6787109375 0.2920140625 0.6552734375 0.29936250000000003 0.626953125 0.3106328125 0.6044921875 0.3194515625 0.5810546875 0.316021875 0.556640625
15 0.1773640625 0.650390625 0.185203125 0.689453125 0.18814375 0.712890625 0.2165609375 0.65625 0.23076875000000002 0.6044921875 0.2552671875 0.544921875 0.23958906249999998 0.5087890625 0.21509062499999998 0.48046875 0.1905921875 0.498046875 0.180303125 0.572265625 0.1773640625 0.650390625
3 0.6413515624999999 0.57421875 0.62714375 0.5634765625 0.6119546875 0.560546875 0.59480625 0.5869140625 0.5889265625 0.6201171875 0.611465625 0.642578125 0.6344921875 0.6611328125 0.6447812500000001 0.68359375 0.652621875 0.7080078125 0.6643796875 0.7373046875 0.6732 0.7744140625 0.6898578125 0.78515625 0.6932875000000001 0.7333984375 0.68446875 0.6953125 0.67711875 0.66015625 0.670259375 0.626953125 0.658990625 0.5986328125 0.6413515624999999 0.57421875
4 0.6668296875 0.583984375 0.65458125 0.548828125 0.6398828125 0.5439453125 0.6256734374999999 0.5712890625 0.626653125 0.599609375 0.626653125 0.6298828125 0.6246937499999999 0.662109375 0.624203125 0.6982421875 0.6256734374999999 0.7216796875 0.6232234375 0.759765625 0.6349828125 0.7900390625 0.6462515625 0.7568359375 0.6511515625000001 0.7265625 0.6536015625 0.69921875 0.6575203125 0.6650390625 0.6629109375 0.626953125 0.6668296875 0.583984375
5 0.626653125 0.599609375 0.626653125 0.5693359375 0.6158750000000001 0.55078125 0.6001953125 0.5439453125 0.5874578125000001 0.5712890625 0.5825578124999999 0.6044921875 0.5820671875000001 0.6298828125 0.5825578124999999 0.6650390625 0.5850078125 0.693359375 0.5889265625 0.7265625 0.5913765625 0.7666015625 0.5952968750000001 0.802734375 0.611465625 0.8076171875 0.6168546874999999 0.78515625 0.6232234375 0.75390625 0.6246937499999999 0.71875 0.6246937499999999 0.6884765625 0.62714375 0.6396484375 0.626653125 0.599609375