31 0.2552671875 0.3388671875 0.24889687500000002 0.2939453125 0.23076875000000002 0.30078125 0.22195 0.330078125 0.2190109375 0.3603515625 0.2190109375 0.400390625 0.21558125 0.447265625 0.20823125 0.46875 0.23076875000000002 0.48828125 0.249878125 0.4951171875 0.258696875 0.447265625 0.2533078125 0.396484375 0.2552671875 0.3388671875
2 0.29299375 0.4052734375 0.2895640625 0.3662109375 0.2876046875 0.3193359375 0.2714359375 0.3115234375 0.26506562499999997 0.3623046875 0.25967656250000004 0.4033203125 0.25967656250000004 0.4560546875 0.2533078125 0.5048828125 0.256246875 0.5244140625 0.269475 0.53125 0.2895640625 0.53125 0.2959328125 0.5048828125 0.2959328125 0.4755859375 0.29299375 0.4375 0.29299375 0.4052734375
13 0.3366 0.4033203125 0.32288125 0.353515625 0.3067125 0.37109375 0.3067125 0.39453125 0.3067125 0.416015625 0.3057328125 0.4453125 0.302303125 0.486328125 0.2983828125 0.529296875 0.2969125 0.5546875 0.304753125 0.5712890625 0.31749218749999997 0.5732421875 0.33464062499999997 0.5712890625 0.3356203125 0.53515625 0.3366 0.5009765625 0.3375796875 0.462890625 0.3366 0.4033203125
17 0.3699171875 0.4580078125 0.3699171875 0.4052734375 0.36550781250000003 0.369140625 0.35276874999999996 0.369140625 0.3356203125 0.3896484375 0.3366 0.423828125 0.33904999999999996 0.46484375 0.3400296875 0.4970703125 0.3400296875 0.5263671875 0.34394843750000004 0.5498046875 0.3723671875 0.541015625 0.3699171875 0.4990234375 0.3699171875 0.4580078125
18 0.37530625 0.349609375 0.37432656249999996 0.4453125 0.37432656249999996 0.4794921875 0.368446875 0.5390625 0.389025 0.5390625 0.39882343750000004 0.5224609375 0.39784375 0.486328125 0.39784375 0.447265625 0.3968640625 0.400390625 0.38265625000000003 0.345703125 0.37530625 0.349609375
19 0.39784375 0.3896484375 0.400784375 0.4375 0.402253125 0.486328125 0.3998046875 0.533203125 0.415971875 0.5439453125 0.43116093749999995 0.5244140625 0.43116093749999995 0.486328125 0.43116093749999995 0.4453125 0.4091125 0.2880859375 0.3904953125 0.30078125 0.39784375 0.3896484375
20 0.4610484375 0.515625 0.4610484375 0.4775390625 0.46006875 0.419921875 0.46202812499999996 0.3583984375 0.45026875000000005 0.3583984375 0.439490625 0.3603515625 0.43753125 0.4072265625 0.43753125 0.4267578125 0.43508125 0.4580078125 0.4341015625 0.490234375 0.432140625 0.515625 0.43753125 0.5478515625 0.4546796875 0.5458984375 0.4610484375 0.515625
21 0.4791765625 0.552734375 0.49730468749999995 0.5439453125 0.49387499999999995 0.5029296875 0.49093593750000003 0.4521484375 0.48750625000000003 0.416015625 0.48750625000000003 0.373046875 0.48652656250000004 0.345703125 0.4728078125 0.3427734375 0.45859843749999996 0.353515625 0.4610484375 0.39453125 0.46202812499999996 0.4375 0.46202812499999996 0.46875 0.46202812499999996 0.5078125 0.46202812499999996 0.5478515625 0.4791765625 0.552734375
22 0.49730468749999995 0.3369140625 0.49926562499999994 0.3798828125 0.5007343750000001 0.4326171875 0.498284375 0.5029296875 0.498284375 0.5419921875 0.5134734375 0.5546875 0.5296421875 0.5546875 0.540421875 0.5224609375 0.528171875 0.4755859375 0.5208234375 0.4072265625 0.51249375 0.345703125 0.49730468749999995 0.3369140625
30 0.5389515625 0.3232421875 0.529153125 0.3369140625 0.528171875 0.46484375 0.5335625 0.544921875 0.54238125 0.548828125 0.5639390625 0.5458984375 0.560509375 0.4970703125 0.55855 0.4541015625 0.5570796875 0.41796875 0.5389515625 0.3232421875
29 0.596765625 0.5205078125 0.599215625 0.48828125 0.597746875 0.46484375 0.597746875 0.4267578125 0.585496875 0.2998046875 0.5629593749999999 0.310546875 0.55855 0.4111328125 0.5595296875 0.4580078125 0.5619796874999999 0.4892578125 0.565409375 0.529296875 0.571778125 0.5400390625 0.5810875 0.54296875 0.5889265625 0.5419921875 0.596765625 0.537109375 0.596765625 0.5205078125
23 0.613425 0.5419921875 0.6207734375 0.5380859375 0.6246937499999999 0.5283203125 0.625184375 0.5107421875 0.6212640625 0.482421875 0.6207734375 0.4638671875 0.6246937499999999 0.4072265625 0.5943171875 0.3994140625 0.5938265625 0.4228515625 0.5952968750000001 0.45703125 0.5962765625 0.5087890625 0.5938265625 0.52734375 0.5987265625 0.5380859375 0.60460625 0.5419921875 0.613425 0.5419921875
24 0.6550703125 0.5 0.6506609375 0.46484375 0.647721875 0.4013671875 0.6227343750000001 0.4111328125 0.61979375 0.458984375 0.613425 0.4970703125 0.6158750000000001 0.5205078125 0.6227343750000001 0.5341796875 0.6482109375 0.53515625 0.656540625 0.5234375 0.6550703125 0.5
25 0.6795687499999999 0.3349609375 0.651640625 0.3349609375 0.652621875 0.37109375 0.65703125 0.41796875 0.6550703125 0.4775390625 0.6575203125 0.505859375 0.667809375 0.5205078125 0.6864281250000001 0.5224609375 0.6942671875 0.517578125 0.6942671875 0.4873046875 0.691328125 0.470703125 0.68691875 0.4345703125 0.6834890625 0.3662109375 0.6795687499999999 0.3349609375
26 0.7221953125 0.3427734375 0.7030875 0.34765625 0.688878125 0.3583984375 0.688878125 0.396484375 0.6932875000000001 0.4560546875 0.697696875 0.5244140625 0.7104359375 0.5390625 0.727584375 0.529296875 0.7329734375 0.5048828125 0.7413031250000001 0.4892578125 0.7329734375 0.4267578125 0.734934375 0.3623046875 0.7221953125 0.3427734375
27 0.77168125 0.39453125 0.76923125 0.3193359375 0.7584515625 0.2880859375 0.7466921875 0.3115234375 0.743753125 0.3623046875 0.7383640625 0.4033203125 0.7359140625 0.4453125 0.734934375 0.484375 0.7476734375 0.4990234375 0.77168125 0.4775390625 0.77805 0.44140625 0.77168125 0.39453125
28 0.77805 0.630859375 0.8025484374999999 0.630859375 0.8079375000000001 0.5947265625 0.7981374999999999 0.580078125 0.78441875 0.552734375 0.7702109375 0.5390625 0.757471875 0.5185546875 0.7447328125 0.509765625 0.727584375 0.560546875 0.7212156249999999 0.603515625 0.7466921875 0.626953125 0.77805 0.630859375
1 0.6374328125 0.5625 0.642821875 0.5966796875 0.6506609375 0.6337890625 0.65458125 0.65234375 0.6634 0.697265625 0.6687890624999999 0.720703125 0.675159375 0.7490234375 0.688878125 0.7529296875 0.6834890625 0.7255859375 0.6805484374999999 0.6865234375 0.6795687499999999 0.6484375 0.6898578125 0.6806640625 0.695246875 0.7060546875 0.7050468750000001 0.7255859375 0.7138656250000001 0.7294921875 0.7050468750000001 0.6884765625 0.6986765625 0.65234375 0.695246875 0.6123046875 0.6932875000000001 0.5732421875 0.6825078125 0.5419921875 0.6643796875 0.5458984375 0.651640625 0.5498046875 0.6374328125 0.5625
3 0.6031359375 0.603515625 0.6207734375 0.6376953125 0.6300828125 0.67578125 0.6398828125 0.7119140625 0.65703125 0.744140625 0.666340625 0.767578125 0.6643796875 0.716796875 0.65458125 0.67578125 0.6491921875 0.6484375 0.6438015625 0.625 0.6418421875 0.5869140625 0.6227343750000001 0.560546875 0.608525 0.5712890625 0.6031359375 0.603515625
4 0.6075453125 0.72265625 0.612934375 0.740234375 0.6217546875 0.7802734375 0.6344921875 0.7724609375 0.6344921875 0.7509765625 0.629103125 0.693359375 0.6193046875 0.650390625 0.6060749999999999 0.576171875 0.592846875 0.568359375 0.574228125 0.5927734375 0.59480625 0.6591796875 0.6011765625 0.6884765625 0.6075453125 0.72265625
5 0.5531609375000001 0.6416015625 0.5531609375000001 0.697265625 0.5639390625 0.7509765625 0.5732484375 0.787109375 0.576678125 0.8125 0.5874578125000001 0.8359375 0.6011765625 0.8515625 0.608525 0.8193359375 0.6011765625 0.783203125 0.5957859375 0.73828125 0.5913765625 0.7041015625 0.5884375000000001 0.6611328125 0.5884375000000001 0.626953125 0.5786374999999999 0.6015625 0.5614890625 0.5966796875 0.5531609375000001 0.6416015625
6 0.524253125 0.69140625 0.524253125 0.71875 0.5227828125 0.7568359375 0.5296421875 0.7802734375 0.54238125 0.76953125 0.5467906250000001 0.7490234375 0.54875 0.7119140625 0.54875 0.66796875 0.5477703125 0.623046875 0.5414015625 0.5888671875 0.524253125 0.578125 0.524253125 0.625 0.524253125 0.6572265625 0.524253125 0.69140625
7 0.503675 0.6826171875 0.503675 0.7294921875 0.506125 0.791015625 0.5296421875 0.8037109375 0.5262125 0.7802734375 0.5262125 0.759765625 0.521803125 0.7119140625 0.5208234375 0.65234375 0.5208234375 0.6142578125 0.521803125 0.5732421875 0.506125 0.58203125 0.49730468749999995 0.5869140625 0.5007343750000001 0.626953125 0.503675 0.6826171875
8 0.48015625 0.6650390625 0.4835859375 0.6953125 0.4835859375 0.7314453125 0.48652656250000004 0.787109375 0.49387499999999995 0.83203125 0.5090640625 0.8193359375 0.5071046875 0.7939453125 0.501715625 0.7314453125 0.5007343750000001 0.7021484375 0.49730468749999995 0.6630859375 0.49730468749999995 0.626953125 0.496325 0.5869140625 0.4772171875 0.5869140625 0.47182812500000004 0.6162109375 0.48015625 0.6650390625
9 0.4492890625 0.6396484375 0.45320937499999997 0.67578125 0.4546796875 0.7119140625 0.4566390625 0.7490234375 0.45761874999999996 0.7890625 0.47035781249999997 0.8173828125 0.4747671875 0.7958984375 0.48015625 0.7314453125 0.4772171875 0.6884765625 0.4747671875 0.6591796875 0.4737875 0.6123046875 0.46496875 0.5673828125 0.4439 0.578125 0.4492890625 0.6396484375
10 0.41156249999999994 0.6611328125 0.40715312499999995 0.7255859375 0.3998046875 0.7568359375 0.393434375 0.7958984375 0.389025 0.8212890625 0.4042140625 0.8251953125 0.41499218750000005 0.8125 0.4243015625 0.7783203125 0.4341015625 0.736328125 0.4404703125 0.693359375 0.44585937500000006 0.646484375 0.44292031249999997 0.583984375 0.42038281250000004 0.580078125 0.41156249999999994 0.6181640625 0.41156249999999994 0.6611328125
11 0.377265625 0.7119140625 0.36795625 0.7548828125 0.3625671875 0.7890625 0.3782453125 0.78515625 0.39539375 0.7421875 0.4042140625 0.669921875 0.415971875 0.5849609375 0.39784375 0.5732421875 0.3860859375 0.5830078125 0.381675 0.6396484375 0.379715625 0.677734375 0.377265625 0.7119140625
12 0.3463984375 0.6064453125 0.354728125 0.6591796875 0.3537484375 0.72265625 0.34835937499999997 0.7509765625 0.3400296875 0.7763671875 0.35276874999999996 0.7890625 0.3601171875 0.763671875 0.36795625 0.72265625 0.3718765625 0.6845703125 0.3762859375 0.6337890625 0.387065625 0.591796875 0.3650171875 0.5703125 0.3493390625 0.58203125 0.3463984375 0.6064453125
15 0.262615625 0.603515625 0.2508578125 0.626953125 0.23811875 0.654296875 0.2317484375 0.6865234375 0.22831875 0.7080078125 0.2454671875 0.7294921875 0.262615625 0.7080078125 0.274375 0.6884765625 0.2939734375 0.654296875 0.316021875 0.6474609375 0.32288125 0.6044921875 0.3081828125 0.5673828125 0.28123437500000004 0.556640625 0.262615625 0.603515625
16 0.2297890625 0.5048828125 0.21558125 0.5458984375 0.2028421875 0.580078125 0.1866734375 0.626953125 0.1974515625 0.6376953125 0.2209703125 0.626953125 0.24252812499999998 0.6123046875 0.2660453125 0.5947265625 0.274375 0.5615234375 0.2523265625 0.5146484375 0.2297890625 0.5048828125