21 0.4546796875 0.55859375 0.45565937500000003 0.59375 0.4634984375 0.65234375 0.4737875 0.615234375 0.4791765625 0.568359375 0.48505624999999997 0.53125 0.4904453125 0.498046875 0.49289531249999996 0.4716796875 0.491915625 0.451171875 0.49289531249999996 0.431640625 0.49093593750000003 0.4072265625 0.4713375 0.3935546875 0.46202812499999996 0.392578125 0.4517390625 0.408203125 0.45075937499999996 0.447265625 0.45369843750000005 0.482421875 0.45369843750000005 0.5185546875 0.4546796875 0.55859375
22 0.496815625 0.5078125 0.4977953125 0.5439453125 0.5022046875 0.576171875 0.5080843749999999 0.6171875 0.5183734375 0.6494140625 0.5247421875 0.615234375 0.5262125 0.5634765625 0.5296421875 0.5224609375 0.5316015625 0.4873046875 0.5335625 0.4599609375 0.5360125 0.4345703125 0.5271921875000001 0.4013671875 0.5159234374999999 0.3974609375 0.5046546875 0.40234375 0.4953453125 0.41015625 0.491425 0.43359375 0.49387499999999995 0.47265625 0.496815625 0.5078125
7 0.5208234375 0.3759765625 0.5188640625 0.341796875 0.5188640625 0.3115234375 0.5159234374999999 0.283203125 0.51739375 0.2587890625 0.516903125 0.2353515625 0.505634375 0.2294921875 0.501715625 0.2578125 0.49926562499999994 0.2890625 0.496815625 0.322265625 0.4958359375 0.3681640625 0.506125 0.3798828125 0.5208234375 0.3759765625
8 0.4889765625 0.3779296875 0.4977953125 0.373046875 0.49436562500000003 0.341796875 0.49436562500000003 0.31640625 0.491915625 0.2890625 0.491425 0.2646484375 0.491425 0.240234375 0.4879953125 0.2119140625 0.4762375 0.2197265625 0.4728078125 0.2529296875 0.4713375 0.2861328125 0.4723171875 0.3134765625 0.4728078125 0.33984375 0.47525781250000004 0.373046875 0.4889765625 0.3779296875
20 0.41548281249999997 0.5712890625 0.41891249999999997 0.599609375 0.42283125000000005 0.6279296875 0.4331203125 0.6015625 0.437040625 0.5732421875 0.441940625 0.5380859375 0.4453703125 0.509765625 0.44585937500000006 0.482421875 0.443409375 0.458984375 0.4341015625 0.4189453125 0.42381250000000004 0.4267578125 0.4164625 0.451171875 0.41499218750000005 0.484375 0.4140125 0.515625 0.41499218750000005 0.5439453125 0.41548281249999997 0.5712890625
19 0.37775625 0.4873046875 0.37775625 0.5185546875 0.3806953125 0.5556640625 0.384125 0.58203125 0.384615625 0.6123046875 0.387065625 0.6328125 0.3944140625 0.66796875 0.403234375 0.63671875 0.404703125 0.5888671875 0.40715312499999995 0.556640625 0.4086234375 0.525390625 0.4086234375 0.4951171875 0.409603125 0.4697265625 0.41009375 0.4306640625 0.4061734375 0.40625 0.3944140625 0.392578125 0.3831453125 0.41015625 0.37922656250000003 0.4345703125 0.381675 0.458984375 0.37775625 0.4873046875
18 0.3375796875 0.5966796875 0.349828125 0.625 0.3566875 0.58984375 0.3625671875 0.5458984375 0.37138593750000004 0.5146484375 0.3762859375 0.4853515625 0.384615625 0.4599609375 0.382165625 0.4345703125 0.3782453125 0.4140625 0.36893750000000003 0.4033203125 0.34835937499999997 0.431640625 0.343459375 0.458984375 0.347378125 0.4814453125 0.34394843750000004 0.509765625 0.3419890625 0.5380859375 0.3395390625 0.5654296875 0.3375796875 0.5966796875
2 0.2185203125 0.6630859375 0.23517812500000002 0.6748046875 0.2479171875 0.65234375 0.2528171875 0.615234375 0.2577171875 0.576171875 0.26065625 0.54296875 0.2616359375 0.5146484375 0.25918593749999996 0.490234375 0.2479171875 0.484375 0.231259375 0.490234375 0.21949999999999997 0.4765625 0.2048015625 0.4892578125 0.19696249999999998 0.5078125 0.1930421875 0.5439453125 0.1979421875 0.576171875 0.1994125 0.6064453125 0.20823125 0.6328125 0.2185203125 0.6630859375
30 0.5340515625 0.5400390625 0.5365015625 0.5712890625 0.5389515625 0.599609375 0.5453203125 0.6318359375 0.551690625 0.6025390625 0.5590390625 0.578125 0.5644296875 0.5478515625 0.5658984375 0.515625 0.565409375 0.490234375 0.5658984375 0.4716796875 0.56981875 0.451171875 0.5707984374999999 0.4287109375 0.555609375 0.4111328125 0.54483125 0.4033203125 0.5365015625 0.421875 0.5340515625 0.4462890625 0.5340515625 0.4765625 0.5335625 0.5078125 0.5340515625 0.5400390625
29 0.569328125 0.55078125 0.56981875 0.5859375 0.571778125 0.611328125 0.5756984375 0.63671875 0.5835375 0.6728515625 0.59235625 0.650390625 0.5962765625 0.611328125 0.599215625 0.578125 0.599215625 0.5439453125 0.601665625 0.5107421875 0.6031359375 0.4873046875 0.604115625 0.4619140625 0.6031359375 0.4345703125 0.5913765625 0.421875 0.5801078125 0.4111328125 0.5707984374999999 0.4287109375 0.5668796875 0.4541015625 0.5668796875 0.4794921875 0.5683484375 0.5146484375 0.569328125 0.55078125
24 0.6398828125 0.57421875 0.6433125000000001 0.611328125 0.6438015625 0.6455078125 0.64723125 0.6953125 0.6560515625 0.66015625 0.6575203125 0.619140625 0.6604609375 0.5791015625 0.663890625 0.548828125 0.666340625 0.5185546875 0.6668296875 0.4951171875 0.6692796875 0.46875 0.6736890625 0.439453125 0.6560515625 0.421875 0.6447812500000001 0.4345703125 0.6344921875 0.4560546875 0.62959375 0.484375 0.6310625 0.5146484375 0.6349828125 0.5458984375 0.6398828125 0.57421875
25 0.6805484374999999 0.578125 0.68691875 0.609375 0.6962265624999999 0.609375 0.7084765625 0.611328125 0.7241546875 0.599609375 0.725625 0.5712890625 0.7192546875 0.5478515625 0.716315625 0.52734375 0.7226843749999999 0.505859375 0.7266046875 0.482421875 0.730525 0.4638671875 0.7241546875 0.44140625 0.7153359375 0.41796875 0.700146875 0.42578125 0.6829984375 0.4208984375 0.6732 0.431640625 0.666340625 0.458984375 0.6668296875 0.4892578125 0.6717296875 0.5146484375 0.6780984375 0.5458984375 0.6805484374999999 0.578125
26 0.7432624999999999 0.734375 0.7609015625 0.7158203125 0.7751109375 0.685546875 0.782459375 0.64453125 0.7927484375 0.6142578125 0.7981374999999999 0.5859375 0.8020578125 0.5556640625 0.8045078125 0.52734375 0.7971578125 0.5029296875 0.7854 0.5126953125 0.7775593749999999 0.4921875 0.763840625 0.5 0.7466921875 0.5 0.73199375 0.5146484375 0.730525 0.552734375 0.7329734375 0.59375 0.7383640625 0.642578125 0.7383640625 0.6884765625 0.7432624999999999 0.734375
28 0.7354234374999999 0.3466796875 0.7217046875 0.349609375 0.7128859375000001 0.3720703125 0.7153359375 0.3974609375 0.7202359375 0.4326171875 0.730034375 0.4599609375 0.7422828124999999 0.474609375 0.7560015625000001 0.4716796875 0.7687406250000001 0.453125 0.78295 0.423828125 0.7951984375000001 0.41796875 0.8054874999999999 0.41015625 0.8157765625 0.3935546875 0.8221453125 0.3720703125 0.8030375 0.3798828125 0.7907890625 0.388671875 0.773640625 0.380859375 0.7834390625000001 0.365234375 0.7971578125 0.3603515625 0.8084265625 0.359375 0.8054874999999999 0.3330078125 0.78931875 0.333984375 0.7765796875000001 0.3369140625 0.762371875 0.3427734375 0.7486531249999999 0.3505859375 0.7354234374999999 0.3466796875
3 0.6080359375 0.3935546875 0.6193046875 0.40625 0.6310625 0.3984375 0.651640625 0.408203125 0.652621875 0.3779296875 0.651640625 0.337890625 0.652621875 0.30859375 0.652621875 0.2841796875 0.6536015625 0.2626953125 0.6560515625 0.232421875 0.654090625 0.2001953125 0.6433125000000001 0.2080078125 0.6344921875 0.240234375 0.6281234375 0.275390625 0.6217546875 0.3115234375 0.6168546874999999 0.3447265625 0.610484375 0.3701171875 0.6080359375 0.3935546875
4 0.5796171875 0.3544921875 0.57471875 0.375 0.5820671875000001 0.400390625 0.59480625 0.40625 0.6075453125 0.4033203125 0.6139140624999999 0.3779296875 0.6119546875 0.3466796875 0.611465625 0.3173828125 0.610484375 0.2919921875 0.611465625 0.2666015625 0.612934375 0.24609375 0.615384375 0.216796875 0.6139140624999999 0.1875 0.604115625 0.2041015625 0.6001953125 0.2255859375 0.592846875 0.2509765625 0.5899062500000001 0.283203125 0.5859875 0.3095703125 0.5845171875 0.333984375 0.5796171875 0.3544921875
5 0.544340625 0.3701171875 0.549240625 0.388671875 0.560509375 0.3857421875 0.5756984375 0.3798828125 0.5786374999999999 0.3505859375 0.5801078125 0.326171875 0.5810875 0.2919921875 0.5845171875 0.263671875 0.5835375 0.23828125 0.5810875 0.212890625 0.57226875 0.189453125 0.5619796874999999 0.2041015625 0.5570796875 0.23046875 0.556590625 0.2685546875 0.5541406249999999 0.2958984375 0.5477703125 0.32421875 0.5453203125 0.34765625 0.544340625 0.3701171875
6 0.5232734375 0.373046875 0.5350312500000001 0.380859375 0.549240625 0.3759765625 0.5482609375 0.341796875 0.5482609375 0.31640625 0.5467906250000001 0.2919921875 0.5467906250000001 0.2685546875 0.5453203125 0.2451171875 0.5438515625 0.220703125 0.5389515625 0.197265625 0.5271921875000001 0.21484375 0.5232734375 0.248046875 0.52229375 0.2763671875 0.52229375 0.3046875 0.5213125 0.3271484375 0.5208234375 0.349609375 0.5232734375 0.373046875
9 0.44585937500000006 0.3828125 0.46251875 0.3876953125 0.47525781250000004 0.3759765625 0.4728078125 0.341796875 0.46986718749999995 0.30859375 0.4683984375 0.279296875 0.46643749999999995 0.25 0.46643749999999995 0.2255859375 0.46496875 0.19921875 0.45320937499999997 0.20703125 0.4492890625 0.23828125 0.44585937500000006 0.271484375 0.44585937500000006 0.3037109375 0.44292031249999997 0.330078125 0.4453703125 0.357421875 0.44585937500000006 0.3828125
10 0.41548281249999997 0.3525390625 0.4164625 0.380859375 0.4341015625 0.388671875 0.443409375 0.3798828125 0.443409375 0.33984375 0.4409609375 0.3037109375 0.4404703125 0.2705078125 0.43899999999999995 0.23828125 0.43655 0.2099609375 0.43459062499999995 0.181640625 0.43018124999999996 0.15625 0.4179328125 0.173828125 0.41499218750000005 0.2080078125 0.4125421875 0.2421875 0.4135234375 0.275390625 0.4135234375 0.298828125 0.41499218750000005 0.330078125 0.41548281249999997 0.3525390625
11 0.375796875 0.3369140625 0.3762859375 0.357421875 0.3860859375 0.3779296875 0.398334375 0.3876953125 0.41009375 0.384765625 0.41548281249999997 0.36328125 0.4164625 0.333984375 0.4140125 0.306640625 0.41009375 0.2783203125 0.4061734375 0.24609375 0.40715312499999995 0.220703125 0.39882343750000004 0.1787109375 0.387065625 0.1923828125 0.381675 0.212890625 0.3767765625 0.23828125 0.373346875 0.263671875 0.37432656249999996 0.2880859375 0.3767765625 0.3134765625 0.375796875 0.3369140625
16 0.222440625 0.4140625 0.22880937499999998 0.44140625 0.23860781250000002 0.466796875 0.25134687499999997 0.46484375 0.261146875 0.4462890625 0.2714359375 0.423828125 0.2871140625 0.3994140625 0.283684375 0.3779296875 0.27192500000000003 0.357421875 0.2577171875 0.3525390625 0.2464484375 0.337890625 0.2346890625 0.3193359375 0.22195 0.3017578125 0.20431093749999998 0.2919921875 0.1930421875 0.3046875 0.20578124999999997 0.3193359375 0.21999062500000002 0.330078125 0.22831875 0.3525390625 0.223909375 0.3701171875 0.2097015625 0.349609375 0.1954921875 0.3349609375 0.178834375 0.33203125 0.18814375 0.357421875 0.20088124999999998 0.3828125 0.21215156249999997 0.3984375 0.222440625 0.4140625