16 0.2914625 0.5732421875 0.293915625 0.55078125 0.28557343749999997 0.53125 0.2728171875 0.52734375 0.26055 0.509765625 0.2497546875 0.4921875 0.23994062500000002 0.5107421875 0.235034375 0.5361328125 0.23454375 0.556640625 0.2266921875 0.5791015625 0.21786093750000002 0.59765625 0.22325781249999999 0.6279296875 0.23307187499999998 0.6533203125 0.24484843750000002 0.6357421875 0.2566234375 0.625 0.2703625 0.6103515625 0.2836109375 0.591796875 0.2914625 0.5732421875
15 0.32335625 0.6357421875 0.3356234375 0.6298828125 0.3449453125 0.607421875 0.3356234375 0.5791015625 0.322865625 0.5634765625 0.3105984375 0.5439453125 0.29784062499999997 0.5380859375 0.290971875 0.5634765625 0.2860640625 0.583984375 0.27576093749999997 0.607421875 0.263984375 0.619140625 0.2473015625 0.640625 0.236996875 0.66796875 0.235034375 0.69921875 0.2512265625 0.69140625 0.266928125 0.68359375 0.2811578125 0.673828125 0.295878125 0.6630859375 0.31010781249999997 0.65234375 0.32335625 0.6357421875
12 0.3949953125 0.6103515625 0.389596875 0.5791015625 0.37929375 0.5615234375 0.3670265625 0.56640625 0.35672187499999997 0.5732421875 0.35672187499999997 0.607421875 0.35623125 0.634765625 0.353778125 0.6611328125 0.34740000000000004 0.6884765625 0.34347343750000003 0.71875 0.3385671875 0.7470703125 0.3400390625 0.78515625 0.352796875 0.751953125 0.36015625 0.72265625 0.36555468750000003 0.69921875 0.37536875 0.66796875 0.383709375 0.6357421875 0.3949953125 0.6103515625
11 0.42934218749999997 0.5888671875 0.4205109375 0.56640625 0.409225 0.5634765625 0.3945046875 0.5771484375 0.39254218750000003 0.6025390625 0.3920515625 0.6328125 0.39254218750000003 0.6630859375 0.39352343749999996 0.6962890625 0.3945046875 0.734375 0.3949953125 0.765625 0.40039218749999994 0.7880859375 0.40628125 0.75 0.41020625 0.7138671875 0.41315 0.685546875 0.41903750000000006 0.6533203125 0.4229640625 0.6171875 0.42934218749999997 0.5888671875
10 0.45387656249999997 0.5693359375 0.44210000000000005 0.5634765625 0.42983281250000005 0.5634765625 0.4244359375 0.5869140625 0.4244359375 0.6083984375 0.4244359375 0.6328125 0.4214921875 0.658203125 0.4214921875 0.6865234375 0.4219828125 0.724609375 0.4254171875 0.7607421875 0.4362125 0.755859375 0.44357187500000006 0.724609375 0.447496875 0.6943359375 0.4514234375 0.6611328125 0.45240468749999996 0.630859375 0.45632968749999997 0.59375 0.45387656249999997 0.5693359375
9 0.4862609375 0.57421875 0.475465625 0.5693359375 0.46565312499999995 0.564453125 0.4553484375 0.580078125 0.4578015625 0.6064453125 0.4592734375 0.630859375 0.46123593749999997 0.65625 0.4617265625 0.68359375 0.4592734375 0.7197265625 0.45632968749999997 0.748046875 0.467615625 0.7626953125 0.471540625 0.7373046875 0.47203125 0.708984375 0.4769375 0.6787109375 0.47841093749999997 0.6435546875 0.48331718749999997 0.607421875 0.4862609375 0.57421875
8 0.5078515625 0.5791015625 0.49509375 0.5791015625 0.4847890625 0.576171875 0.48577031249999997 0.6064453125 0.48577031249999997 0.6279296875 0.4872421875 0.6552734375 0.4872421875 0.6787109375 0.4872421875 0.7060546875 0.4872421875 0.7294921875 0.4896953125 0.759765625 0.5 0.732421875 0.502453125 0.7060546875 0.50294375 0.6767578125 0.505396875 0.6474609375 0.5078515625 0.6103515625 0.5078515625 0.5791015625
7 0.534346875 0.5791015625 0.5240437499999999 0.5791015625 0.5137390625 0.5732421875 0.5093234375 0.5947265625 0.5093234375 0.6171875 0.5117765624999999 0.6474609375 0.5157015625 0.6728515625 0.5157015625 0.69921875 0.5181546875 0.7265625 0.5191359375 0.75 0.528459375 0.7685546875 0.533365625 0.7353515625 0.530421875 0.708984375 0.5318937499999999 0.67578125 0.532384375 0.6474609375 0.5309125 0.6142578125 0.534346875 0.5791015625
6 0.5318937499999999 0.58984375 0.534346875 0.6201171875 0.5372921875000001 0.6435546875 0.5372921875000001 0.6787109375 0.5387640625000001 0.70703125 0.5426890625 0.7392578125 0.5446515625 0.767578125 0.553975 0.7392578125 0.5564281249999999 0.69921875 0.555446875 0.666015625 0.557409375 0.623046875 0.560353125 0.5849609375 0.5451421875 0.58203125 0.5318937499999999 0.58984375
5 0.590775 0.59765625 0.588321875 0.5771484375 0.5765453125 0.5732421875 0.564278125 0.5771484375 0.561334375 0.6015625 0.560353125 0.623046875 0.5637875 0.6455078125 0.565259375 0.67578125 0.56575 0.70703125 0.5706578125 0.7314453125 0.5765453125 0.75 0.583415625 0.7734375 0.5947 0.759765625 0.5951906250000001 0.7294921875 0.5937187500000001 0.701171875 0.5947 0.666015625 0.591265625 0.6357421875 0.590775 0.59765625
4 0.624140625 0.5888671875 0.61285625 0.5615234375 0.5961734375 0.57421875 0.5888125 0.59765625 0.593228125 0.623046875 0.5986265625 0.6455078125 0.6015703125 0.6689453125 0.5996078125000001 0.6962890625 0.5986265625 0.7216796875 0.6025515625 0.7470703125 0.6079484374999999 0.771484375 0.62070625 0.775390625 0.623159375 0.7451171875 0.62463125 0.7197265625 0.623159375 0.689453125 0.62463125 0.6552734375 0.62463125 0.619140625 0.624140625 0.5888671875
28 0.771834375 0.59765625 0.7639843749999999 0.576171875 0.760059375 0.55078125 0.7566234374999999 0.5146484375 0.7463203125 0.53125 0.736996875 0.541015625 0.7271828124999999 0.556640625 0.7144265625 0.5634765625 0.706084375 0.583984375 0.7105 0.6142578125 0.7232578125 0.6298828125 0.73454375 0.640625 0.7473015625 0.650390625 0.7585875 0.6689453125 0.7791953125 0.6806640625 0.79440625 0.6767578125 0.8091265625 0.6689453125 0.8076546875 0.6435546875 0.79440625 0.623046875 0.7816484375 0.6171875 0.771834375 0.59765625
27 0.733071875 0.4482421875 0.7335625 0.4208984375 0.739940625 0.384765625 0.741903125 0.349609375 0.7296375 0.373046875 0.7163890625 0.3935546875 0.7114812500000001 0.4228515625 0.7065750000000001 0.4521484375 0.70265 0.484375 0.702159375 0.5126953125 0.70363125 0.5400390625 0.709028125 0.568359375 0.7217859375 0.56640625 0.73846875 0.5517578125 0.7502453124999999 0.5380859375 0.7482828125000001 0.517578125 0.740921875 0.48828125 0.736996875 0.474609375 0.733071875 0.4482421875
31 0.3061828125 0.42578125 0.29735 0.392578125 0.2860640625 0.365234375 0.2733078125 0.3642578125 0.27428906249999996 0.4150390625 0.2703625 0.435546875 0.26938125 0.4599609375 0.26153125 0.4853515625 0.2703625 0.51171875 0.28704687500000003 0.5302734375 0.29636874999999996 0.54296875 0.3066734375 0.5361328125 0.3140328125 0.517578125 0.3105984375 0.4853515625 0.3066734375 0.4560546875 0.3061828125 0.42578125