16 0.2111703125 0.4033203125 0.1954921875 0.416015625 0.19010312499999998 0.4501953125 0.19010312499999998 0.4794921875 0.1974515625 0.5029296875 0.210190625 0.53125 0.22831875 0.5185546875 0.22831875 0.4736328125 0.22831875 0.4326171875 0.22195 0.4111328125 0.2111703125 0.4033203125
15 0.2797640625 0.4091796875 0.26506562499999997 0.3876953125 0.26065625 0.3583984375 0.2508578125 0.3349609375 0.2371390625 0.3173828125 0.23517812500000002 0.3349609375 0.249878125 0.37109375 0.249878125 0.396484375 0.24154843750000002 0.3818359375 0.2317484375 0.35546875 0.22195 0.3369140625 0.20921093750000003 0.3427734375 0.21999062500000002 0.375 0.2297890625 0.4033203125 0.2317484375 0.4267578125 0.2327296875 0.4501953125 0.236159375 0.4736328125 0.24448750000000002 0.490234375 0.26065625 0.4970703125 0.2660453125 0.470703125 0.276825 0.4755859375 0.2876046875 0.443359375 0.2797640625 0.4091796875
14 0.3258203125 0.3427734375 0.3150421875 0.3115234375 0.3101421875 0.28125 0.30034375 0.263671875 0.29054375 0.2431640625 0.276825 0.23046875 0.27339531250000004 0.2490234375 0.284175 0.2705078125 0.29299375 0.2900390625 0.3013234375 0.32421875 0.2969125 0.34765625 0.2822140625 0.328125 0.2714359375 0.306640625 0.2523265625 0.28125 0.2508578125 0.306640625 0.2640859375 0.3349609375 0.278784375 0.35546875 0.284175 0.4052734375 0.2876046875 0.4326171875 0.29495312500000004 0.4541015625 0.3101421875 0.44140625 0.3219015625 0.4287109375 0.341009375 0.41796875 0.34835937499999997 0.396484375 0.33904999999999996 0.375 0.3258203125 0.3427734375
12 0.347378125 0.27734375 0.33904999999999996 0.2578125 0.33121093749999997 0.2255859375 0.3194515625 0.21484375 0.324840625 0.2509765625 0.33464062499999997 0.3046875 0.33904999999999996 0.3603515625 0.34835937499999997 0.392578125 0.361096875 0.3984375 0.3718765625 0.3818359375 0.377265625 0.35546875 0.36648749999999997 0.326171875 0.3561984375 0.30078125 0.347378125 0.27734375
11 0.393434375 0.2724609375 0.3860859375 0.23828125 0.3782453125 0.21484375 0.36795625 0.216796875 0.37432656249999996 0.2939453125 0.37530625 0.3388671875 0.3762859375 0.3642578125 0.381675 0.3837890625 0.3944140625 0.3896484375 0.403234375 0.373046875 0.41156249999999994 0.345703125 0.4042140625 0.3193359375 0.39784375 0.2939453125 0.393434375 0.2724609375
10 0.42626093750000005 0.2294921875 0.41548281249999997 0.197265625 0.40519375 0.171875 0.3968640625 0.158203125 0.3875546875 0.1513671875 0.389025 0.1962890625 0.39637500000000003 0.2607421875 0.40274374999999996 0.30859375 0.41156249999999994 0.3505859375 0.41842187500000005 0.3583984375 0.42773125 0.3623046875 0.430671875 0.3447265625 0.43802031250000006 0.326171875 0.43802031250000006 0.2822265625 0.4341015625 0.2587890625 0.42626093750000005 0.2294921875
9 0.46202812499999996 0.24609375 0.46202812499999996 0.2236328125 0.46202812499999996 0.2021484375 0.4517390625 0.2001953125 0.44585937500000006 0.2490234375 0.439490625 0.30859375 0.437040625 0.3388671875 0.44242968749999995 0.3583984375 0.45125000000000004 0.3642578125 0.46643749999999995 0.3642578125 0.46643749999999995 0.3359375 0.464478125 0.302734375 0.464478125 0.275390625 0.46202812499999996 0.24609375
8 0.484565625 0.2265625 0.48015625 0.2080078125 0.47329687500000006 0.2236328125 0.47182812500000004 0.26171875 0.47035781249999997 0.3095703125 0.4688875 0.3349609375 0.469378125 0.359375 0.48015625 0.359375 0.4933859375 0.359375 0.4933859375 0.3330078125 0.4904453125 0.296875 0.48848593749999997 0.2666015625 0.484565625 0.2265625
7 0.5095546875 0.23828125 0.5075937500000001 0.205078125 0.5002453124999999 0.21484375 0.4958359375 0.2734375 0.4958359375 0.302734375 0.49436562500000003 0.3349609375 0.5002453124999999 0.3564453125 0.510534375 0.3583984375 0.5208234375 0.3564453125 0.5183734375 0.3212890625 0.5183734375 0.2978515625 0.5134734375 0.2646484375 0.5095546875 0.23828125
6 0.540421875 0.2607421875 0.5360125 0.2265625 0.529153125 0.2021484375 0.516903125 0.216796875 0.5183734375 0.24609375 0.5237625 0.2998046875 0.5208234375 0.32421875 0.5271921875000001 0.3583984375 0.540421875 0.3583984375 0.54973125 0.349609375 0.5521796875 0.3291015625 0.5482609375 0.306640625 0.54483125 0.28125 0.540421875 0.2607421875
5 0.5845171875 0.26953125 0.5894171874999999 0.236328125 0.5918671875 0.19140625 0.5894171874999999 0.16796875 0.5825578124999999 0.16015625 0.57226875 0.15625 0.56345 0.1572265625 0.5541406249999999 0.1826171875 0.5502203125 0.203125 0.5433609374999999 0.232421875 0.5394421875 0.2568359375 0.5472812499999999 0.2919921875 0.54973125 0.310546875 0.5541406249999999 0.3251953125 0.556590625 0.33984375 0.5590390625 0.35546875 0.567859375 0.3369140625 0.57471875 0.322265625 0.579128125 0.294921875 0.5845171875 0.26953125
4 0.612934375 0.3330078125 0.612934375 0.318359375 0.612934375 0.30078125 0.6124453125 0.2822265625 0.612934375 0.2626953125 0.6148953125000001 0.240234375 0.6212640625 0.2255859375 0.625184375 0.2041015625 0.63204375 0.1845703125 0.63204375 0.169921875 0.6227343750000001 0.1826171875 0.6148953125000001 0.1826171875 0.6070546875 0.1943359375 0.59725625 0.232421875 0.5908875 0.267578125 0.583046875 0.2978515625 0.57716875 0.31640625 0.57226875 0.333984375 0.5756984375 0.349609375 0.5810875 0.3525390625 0.5874578125000001 0.3623046875 0.5943171875 0.3623046875 0.6006859375 0.3623046875 0.609015625 0.3505859375 0.612934375 0.3330078125
3 0.6482109375 0.3564453125 0.6521312499999999 0.3408203125 0.654090625 0.330078125 0.656540625 0.318359375 0.6599703124999999 0.3046875 0.666340625 0.283203125 0.6732 0.25390625 0.6756484375 0.2294921875 0.67711875 0.2197265625 0.6810390625 0.203125 0.6825078125 0.189453125 0.6780984375 0.1796875 0.6697703125000001 0.1826171875 0.6599703124999999 0.2138671875 0.6482109375 0.2431640625 0.6344921875 0.279296875 0.625184375 0.2939453125 0.612934375 0.3076171875 0.612934375 0.3408203125 0.61979375 0.3447265625 0.61979375 0.359375 0.625184375 0.3681640625 0.6344921875 0.3681640625 0.6418421875 0.3662109375 0.6482109375 0.3564453125
1 0.709946875 0.4326171875 0.7153359375 0.416015625 0.7153359375 0.3603515625 0.7212156249999999 0.330078125 0.7266046875 0.306640625 0.7354234374999999 0.283203125 0.7466921875 0.2626953125 0.7481625000000001 0.2451171875 0.7378734375 0.25 0.7217046875 0.279296875 0.711415625 0.306640625 0.697696875 0.314453125 0.6918171875 0.30859375 0.6918171875 0.2880859375 0.697696875 0.2568359375 0.7079859374999999 0.236328125 0.7153359375 0.22265625 0.7040671875 0.2177734375 0.695246875 0.2333984375 0.6874078124999999 0.2451171875 0.6776093750000001 0.2822265625 0.6712390625 0.3232421875 0.666340625 0.3427734375 0.656540625 0.359375 0.6491921875 0.388671875 0.6506609375 0.41015625 0.6609499999999999 0.41796875 0.67075 0.412109375 0.6829984375 0.4208984375 0.6903484375 0.4326171875 0.7006375 0.421875 0.709946875 0.4326171875
0 0.7746203125 0.421875 0.7770703125 0.388671875 0.7814796875 0.369140625 0.79176875 0.3515625 0.8000984375 0.32421875 0.7932390625 0.314453125 0.78441875 0.33203125 0.7751109375 0.345703125 0.76433125 0.3544921875 0.7584515625 0.353515625 0.7613921875 0.3330078125 0.7677609375000001 0.30859375 0.77168125 0.291015625 0.764821875 0.296875 0.75698125 0.3115234375 0.7466921875 0.3349609375 0.736403125 0.3603515625 0.727584375 0.369140625 0.718275 0.4033203125 0.7172953125 0.4248046875 0.7226843749999999 0.439453125 0.7334640625 0.4423828125 0.743753125 0.4609375 0.7555125 0.466796875 0.7687406250000001 0.4541015625 0.7746203125 0.421875
28 0.7746203125 0.3896484375 0.7770703125 0.435546875 0.7770703125 0.462890625 0.7795203125 0.4931640625 0.7971578125 0.486328125 0.8152859375 0.4599609375 0.8177359375 0.435546875 0.8177359375 0.4033203125 0.796178125 0.3740234375 0.7746203125 0.3896484375
26 0.743753125 0.595703125 0.73199375 0.576171875 0.7197453125 0.58203125 0.7065171875 0.619140625 0.7011265625 0.6611328125 0.6967171875 0.716796875 0.7123953125 0.7177734375 0.7217046875 0.7001953125 0.73689375 0.6826171875 0.7515921875 0.6640625 0.7584515625 0.62890625 0.7530625 0.611328125 0.743753125 0.595703125
25 0.730034375 0.548828125 0.734934375 0.51953125 0.7310140625 0.490234375 0.7226843749999999 0.48046875 0.7123953125 0.484375 0.7035765625 0.4638671875 0.6893671875 0.46875 0.6805484374999999 0.4892578125 0.679078125 0.509765625 0.679078125 0.5361328125 0.67711875 0.5546875 0.6736890625 0.58203125 0.67075 0.630859375 0.67075 0.669921875 0.68446875 0.673828125 0.6967171875 0.650390625 0.7040671875 0.623046875 0.7123953125 0.58984375 0.730034375 0.548828125
24 0.6776093750000001 0.5068359375 0.679078125 0.48046875 0.6776093750000001 0.4599609375 0.6697703125000001 0.4462890625 0.658990625 0.4599609375 0.6501718750000001 0.470703125 0.6418421875 0.4697265625 0.6384125 0.4990234375 0.6374328125 0.5341796875 0.640371875 0.5986328125 0.6442921875 0.6337890625 0.6550703125 0.6337890625 0.6624203125 0.619140625 0.665359375 0.5908203125 0.6692796875 0.546875 0.6722187500000001 0.5283203125 0.6776093750000001 0.5068359375
23 0.6506609375 0.4521484375 0.6344921875 0.4228515625 0.62714375 0.4345703125 0.6173437500000001 0.4482421875 0.609015625 0.44921875 0.6060749999999999 0.4755859375 0.6031359375 0.50390625 0.6099953124999999 0.525390625 0.612934375 0.5498046875 0.609015625 0.5791015625 0.6119546875 0.61328125 0.6178343749999999 0.638671875 0.62714375 0.6171875 0.634003125 0.58203125 0.634003125 0.5400390625 0.6506609375 0.4521484375
29 0.5938265625 0.4990234375 0.576678125 0.4951171875 0.5668796875 0.5224609375 0.5639390625 0.5546875 0.5850078125 0.630859375 0.596765625 0.6884765625 0.606565625 0.71875 0.6099953124999999 0.646484375 0.606565625 0.5654296875 0.6075453125 0.5205078125 0.5938265625 0.4990234375
29 0.583046875 0.4072265625 0.5810875 0.4541015625 0.5810875 0.484375 0.599215625 0.4990234375 0.610975 0.44921875 0.612934375 0.4287109375 0.596765625 0.4091796875 0.583046875 0.4072265625
30 0.583046875 0.419921875 0.5732484375 0.3896484375 0.5551203124999999 0.3896484375 0.54973125 0.4287109375 0.5453203125 0.470703125 0.5453203125 0.5009765625 0.5414015625 0.5390625 0.5369921875 0.58203125 0.5477703125 0.6015625 0.5595296875 0.5673828125 0.5688390625 0.5205078125 0.5786374999999999 0.470703125 0.583046875 0.419921875
22 0.544340625 0.400390625 0.5325828125000001 0.3798828125 0.5164140625 0.3857421875 0.5071046875 0.41796875 0.51004375 0.470703125 0.5134734375 0.5244140625 0.5198437499999999 0.5888671875 0.5296421875 0.607421875 0.5389515625 0.5673828125 0.5414015625 0.490234375 0.54875 0.44140625 0.544340625 0.400390625
21 0.5071046875 0.396484375 0.48995625 0.3837890625 0.4683984375 0.39453125 0.4630078125 0.421875 0.4674171875 0.4541015625 0.47182812500000004 0.4970703125 0.4772171875 0.5390625 0.48113593750000005 0.5927734375 0.49289531249999996 0.603515625 0.49926562499999994 0.55859375 0.503675 0.5078125 0.5026953125 0.4501953125 0.5071046875 0.396484375
20 0.45026875000000005 0.396484375 0.4341015625 0.4091796875 0.4287109375 0.439453125 0.43753125 0.490234375 0.44292031249999997 0.529296875 0.45026875000000005 0.5673828125 0.45761874999999996 0.603515625 0.47182812500000004 0.583984375 0.47182812500000004 0.53125 0.4674171875 0.4755859375 0.4639875 0.4091796875 0.45026875000000005 0.396484375
19 0.4360609375 0.5078125 0.42234218749999997 0.486328125 0.409603125 0.4970703125 0.3998046875 0.529296875 0.3998046875 0.576171875 0.3998046875 0.6201171875 0.3998046875 0.6650390625 0.40715312499999995 0.7060546875 0.42234218749999997 0.6484375 0.42675156249999996 0.603515625 0.43753125 0.556640625 0.4360609375 0.5078125
19 0.4042140625 0.4306640625 0.39784375 0.4541015625 0.4061734375 0.484375 0.4179328125 0.486328125 0.4287109375 0.4755859375 0.4287109375 0.4521484375 0.42038281250000004 0.421875 0.4042140625 0.4306640625
18 0.402253125 0.470703125 0.389025 0.4560546875 0.377265625 0.4306640625 0.36550781250000003 0.443359375 0.3601171875 0.4794921875 0.36893750000000003 0.5185546875 0.3718765625 0.560546875 0.3762859375 0.6103515625 0.387065625 0.6337890625 0.3944140625 0.5966796875 0.39539375 0.5498046875 0.39539375 0.513671875 0.402253125 0.470703125
17 0.3625671875 0.4990234375 0.35276874999999996 0.4814453125 0.33904999999999996 0.470703125 0.33121093749999997 0.490234375 0.3282703125 0.5224609375 0.33904999999999996 0.5654296875 0.3419890625 0.5947265625 0.347378125 0.6376953125 0.354728125 0.6591796875 0.3645265625 0.630859375 0.3645265625 0.5947265625 0.3699171875 0.5458984375 0.3625671875 0.4990234375
13 0.33022968750000004 0.5712890625 0.324840625 0.5244140625 0.318471875 0.4794921875 0.302303125 0.4794921875 0.288584375 0.4990234375 0.2758453125 0.515625 0.2714359375 0.5458984375 0.284175 0.583984375 0.29495312500000004 0.607421875 0.2983828125 0.6357421875 0.3032828125 0.677734375 0.318471875 0.716796875 0.3356203125 0.7021484375 0.347378125 0.673828125 0.3419890625 0.625 0.33022968750000004 0.5712890625
2 0.2851546875 0.599609375 0.274375 0.576171875 0.2640859375 0.599609375 0.2533078125 0.603515625 0.2508578125 0.6376953125 0.2552671875 0.671875 0.26800625 0.693359375 0.27339531250000004 0.720703125 0.2895640625 0.7568359375 0.302303125 0.716796875 0.3013234375 0.67578125 0.29495312500000004 0.625 0.2851546875 0.599609375