31 0.2601671875 0.3046875 0.2567375 0.279296875 0.2371390625 0.2744140625 0.223909375 0.3095703125 0.1945125 0.3798828125 0.20333125000000002 0.4169921875 0.22195 0.4326171875 0.236159375 0.4326171875 0.2484078125 0.408203125 0.2567375 0.3603515625 0.2601671875 0.3046875
2 0.2645765625 0.5322265625 0.2714359375 0.50390625 0.274375 0.462890625 0.28319375 0.40625 0.284175 0.3466796875 0.2670265625 0.3330078125 0.2616359375 0.375 0.2523265625 0.41015625 0.24154843750000002 0.4345703125 0.2297890625 0.4609375 0.22831875 0.505859375 0.236159375 0.5146484375 0.2493875 0.5322265625 0.2645765625 0.5322265625
13 0.3106328125 0.572265625 0.31161249999999996 0.537109375 0.3121015625 0.5107421875 0.31749218749999997 0.4541015625 0.32288125 0.388671875 0.3140625 0.3681640625 0.3018125 0.375 0.29299375 0.4345703125 0.28123437500000004 0.478515625 0.272415625 0.505859375 0.2689859375 0.5419921875 0.2689859375 0.5634765625 0.278784375 0.5634765625 0.2964234375 0.572265625 0.3106328125 0.572265625
17 0.3380703125 0.5673828125 0.34688906249999996 0.5419921875 0.35031875 0.5107421875 0.35031875 0.4609375 0.35031875 0.40625 0.35031875 0.3662109375 0.3424796875 0.3515625 0.329740625 0.369140625 0.3307203125 0.4189453125 0.3282703125 0.4580078125 0.32043125 0.4951171875 0.3150421875 0.5244140625 0.31161249999999996 0.5419921875 0.31749218749999997 0.55859375 0.3263109375 0.572265625 0.3380703125 0.5673828125
18 0.3767765625 0.5830078125 0.384615625 0.5517578125 0.379715625 0.4951171875 0.379715625 0.443359375 0.379715625 0.3974609375 0.3699171875 0.359375 0.3601171875 0.37890625 0.357178125 0.4150390625 0.357178125 0.4521484375 0.3557078125 0.4892578125 0.352278125 0.5302734375 0.34688906249999996 0.5546875 0.35031875 0.57421875 0.363546875 0.5830078125 0.3767765625 0.5830078125
19 0.41940156249999994 0.53515625 0.4174421875 0.46484375 0.41058281250000006 0.412109375 0.403234375 0.373046875 0.384125 0.369140625 0.384125 0.4189453125 0.3875546875 0.4931640625 0.384125 0.5302734375 0.384125 0.5634765625 0.3900046875 0.587890625 0.4086234375 0.5986328125 0.41695312500000004 0.576171875 0.41940156249999994 0.53515625
20 0.45125000000000004 0.578125 0.45565937500000003 0.5546875 0.45026875000000005 0.5087890625 0.45026875000000005 0.4697265625 0.45026875000000005 0.431640625 0.4448796875 0.4033203125 0.4336109375 0.4052734375 0.425771875 0.4521484375 0.42381250000000004 0.4970703125 0.425771875 0.5322265625 0.41940156249999994 0.5546875 0.41940156249999994 0.5830078125 0.43018124999999996 0.595703125 0.4439 0.6025390625 0.45125000000000004 0.578125
21 0.49387499999999995 0.611328125 0.4953453125 0.578125 0.49387499999999995 0.537109375 0.48995625 0.50390625 0.48652656250000004 0.46484375 0.48309687500000004 0.4228515625 0.4767265625 0.3857421875 0.466928125 0.4140625 0.4634984375 0.462890625 0.46251875 0.5107421875 0.45908906250000003 0.537109375 0.45565937500000003 0.572265625 0.45761874999999996 0.5986328125 0.466928125 0.6162109375 0.480646875 0.6181640625 0.49387499999999995 0.611328125
22 0.5316015625 0.537109375 0.5316015625 0.50390625 0.5316015625 0.4599609375 0.5271921875000001 0.423828125 0.5193531250000001 0.3994140625 0.506125 0.408203125 0.5041640625 0.4599609375 0.5007343750000001 0.5322265625 0.498284375 0.572265625 0.496325 0.5986328125 0.508575 0.611328125 0.528171875 0.609375 0.5389515625 0.5791015625 0.5316015625 0.537109375
30 0.571778125 0.5322265625 0.567859375 0.4892578125 0.5629593749999999 0.4423828125 0.555609375 0.40625 0.54238125 0.4208984375 0.54483125 0.482421875 0.54483125 0.517578125 0.537971875 0.5673828125 0.53993125 0.58984375 0.549240625 0.6025390625 0.565409375 0.6025390625 0.574228125 0.5791015625 0.571778125 0.5322265625
29 0.604115625 0.5283203125 0.604115625 0.4912109375 0.604115625 0.44921875 0.604115625 0.4052734375 0.5903968749999999 0.3974609375 0.5796171875 0.4296875 0.5796171875 0.4892578125 0.576678125 0.5390625 0.5761875 0.5703125 0.5820671875000001 0.6025390625 0.59480625 0.6044921875 0.6050953125 0.587890625 0.604115625 0.5283203125
23 0.6452718749999999 0.5439453125 0.6354734375 0.521484375 0.631553125 0.482421875 0.631553125 0.451171875 0.6256734374999999 0.4150390625 0.6158750000000001 0.4345703125 0.6124453125 0.4697265625 0.6060749999999999 0.521484375 0.6050953125 0.5615234375 0.6124453125 0.5830078125 0.62224375 0.58984375 0.6335124999999999 0.58984375 0.6452718749999999 0.5810546875 0.6452718749999999 0.5439453125
25 0.7060265625000001 0.552734375 0.7079859374999999 0.5283203125 0.7035765625 0.4892578125 0.6981875 0.4580078125 0.6991671875 0.4140625 0.6673203125 0.4140625 0.667809375 0.451171875 0.6643796875 0.4931640625 0.6609499999999999 0.51953125 0.6609499999999999 0.5517578125 0.6717296875 0.5673828125 0.6829984375 0.5693359375 0.700146875 0.5791015625 0.7060265625000001 0.552734375
26 0.7545328125 0.5068359375 0.7486531249999999 0.4697265625 0.74424375 0.44921875 0.7378734375 0.40625 0.728075 0.3798828125 0.7060265625000001 0.39453125 0.70945625 0.447265625 0.7079859374999999 0.482421875 0.7079859374999999 0.5146484375 0.7158249999999999 0.5390625 0.7290546875 0.541015625 0.7378734375 0.5283203125 0.7466921875 0.5283203125 0.7545328125 0.5068359375
27 0.78295 0.373046875 0.7760906249999999 0.341796875 0.7697203125 0.318359375 0.7496328125 0.3115234375 0.7378734375 0.3359375 0.7398328125 0.3857421875 0.7378734375 0.4140625 0.7476734375 0.4423828125 0.76188125 0.44921875 0.7726609375 0.4326171875 0.7883390625 0.423828125 0.793728125 0.396484375 0.78295 0.373046875
28 0.763840625 0.572265625 0.7751109375 0.5966796875 0.7819703125 0.6201171875 0.7902984375 0.6484375 0.805978125 0.685546875 0.818715625 0.685546875 0.8211656250000001 0.666015625 0.8133265625 0.64453125 0.805978125 0.6240234375 0.79911875 0.607421875 0.803528125 0.591796875 0.8143062499999999 0.587890625 0.8211656250000001 0.61328125 0.8319453125 0.6357421875 0.8432140625000001 0.64453125 0.8461531250000001 0.6240234375 0.8319453125 0.58984375 0.8201859375 0.5498046875 0.8143062499999999 0.5146484375 0.803528125 0.4970703125 0.7883390625 0.5126953125 0.7775593749999999 0.517578125 0.76433125 0.537109375 0.763840625 0.572265625
0 0.7241546875 0.654296875 0.7359140625 0.67578125 0.7452234375 0.6943359375 0.7560015625000001 0.703125 0.7706999999999999 0.7138671875 0.77805 0.7099609375 0.766290625 0.6904296875 0.7535515625 0.671875 0.746203125 0.6513671875 0.7422828124999999 0.630859375 0.7486531249999999 0.634765625 0.75698125 0.6552734375 0.763840625 0.67578125 0.7765796875000001 0.6884765625 0.7834390625000001 0.7021484375 0.79176875 0.6982421875 0.7873593750000001 0.6728515625 0.7795203125 0.638671875 0.7687406250000001 0.61328125 0.7555125 0.5947265625 0.7481625000000001 0.576171875 0.7413031250000001 0.548828125 0.7310140625 0.548828125 0.7172953125 0.560546875 0.7055359375 0.5732421875 0.6996578125 0.58984375 0.7011265625 0.6171875 0.7133765624999999 0.630859375 0.7241546875 0.654296875
3 0.6384125 0.587890625 0.62714375 0.59375 0.624203125 0.6044921875 0.6193046875 0.6171875 0.6237140625 0.6328125 0.6330234375 0.66015625 0.6423328125000001 0.7060546875 0.6531109374999999 0.7509765625 0.6624203125 0.7919921875 0.6741796875 0.8134765625 0.6864281250000001 0.798828125 0.681528125 0.77734375 0.675159375 0.7529296875 0.666340625 0.708984375 0.6609499999999999 0.66015625 0.658990625 0.626953125 0.6585 0.595703125 0.6482109375 0.587890625 0.6384125 0.587890625
4 0.6006859375 0.6015625 0.5933359375 0.6123046875 0.5850078125 0.6279296875 0.5903968749999999 0.646484375 0.5962765625 0.6943359375 0.6050953125 0.7529296875 0.6139140624999999 0.7900390625 0.624203125 0.787109375 0.62224375 0.7421875 0.61979375 0.6904296875 0.61979375 0.6533203125 0.620284375 0.6201171875 0.610975 0.6044921875 0.6006859375 0.6015625
5 0.56736875 0.6123046875 0.5600203125000001 0.6201171875 0.5526703125 0.638671875 0.5551203124999999 0.6640625 0.560509375 0.7236328125 0.567859375 0.7568359375 0.5737390625 0.7900390625 0.5786374999999999 0.810546875 0.5894171874999999 0.8134765625 0.5894171874999999 0.78515625 0.587946875 0.7509765625 0.587946875 0.6943359375 0.5869671875 0.6552734375 0.5820671875000001 0.6240234375 0.56736875 0.6123046875
6 0.5365015625 0.626953125 0.5247421875 0.62890625 0.5271921875000001 0.658203125 0.530621875 0.6982421875 0.530621875 0.740234375 0.5325828125000001 0.765625 0.5340515625 0.7900390625 0.5477703125 0.787109375 0.549240625 0.76171875 0.5521796875 0.716796875 0.5521796875 0.6826171875 0.5531609375000001 0.6396484375 0.5472812499999999 0.6240234375 0.5365015625 0.626953125
7 0.5208234375 0.7568359375 0.5208234375 0.728515625 0.5188640625 0.703125 0.521803125 0.673828125 0.5252328125 0.6572265625 0.5213125 0.63671875 0.5139640625 0.6357421875 0.5007343750000001 0.634765625 0.498284375 0.6494140625 0.5002453124999999 0.6728515625 0.503184375 0.69140625 0.503184375 0.7138671875 0.51004375 0.7841796875 0.5208234375 0.783203125 0.5208234375 0.7568359375
8 0.491425 0.7470703125 0.491425 0.697265625 0.496325 0.669921875 0.496325 0.642578125 0.487015625 0.638671875 0.4747671875 0.63671875 0.469378125 0.6455078125 0.4713375 0.673828125 0.47329687500000006 0.712890625 0.4767265625 0.7509765625 0.48015625 0.779296875 0.491425 0.77734375 0.491425 0.7470703125
9 0.46545781249999996 0.68359375 0.47035781249999997 0.6533203125 0.46545781249999996 0.6357421875 0.4566390625 0.62890625 0.44782031250000004 0.62890625 0.4409609375 0.634765625 0.443409375 0.6796875 0.4409609375 0.7587890625 0.45026875000000005 0.791015625 0.46202812499999996 0.7734375 0.4615390625 0.7275390625 0.46545781249999996 0.68359375
10 0.425771875 0.7734375 0.4331203125 0.728515625 0.43508125 0.7021484375 0.43508125 0.6796875 0.4404703125 0.6513671875 0.43899999999999995 0.630859375 0.429690625 0.6181640625 0.42038281250000004 0.6181640625 0.41156249999999994 0.62890625 0.40764374999999997 0.6572265625 0.41156249999999994 0.6787109375 0.40715312499999995 0.701171875 0.403234375 0.73828125 0.403234375 0.783203125 0.41548281249999997 0.791015625 0.425771875 0.7734375
11 0.3615875 0.7978515625 0.3723671875 0.791015625 0.3811859375 0.76171875 0.387065625 0.7392578125 0.39392499999999997 0.7158203125 0.39784375 0.69140625 0.4012734375 0.6689453125 0.40715312499999995 0.6513671875 0.41156249999999994 0.6328125 0.4061734375 0.626953125 0.402253125 0.6103515625 0.39637500000000003 0.5947265625 0.389515625 0.595703125 0.377265625 0.6025390625 0.370896875 0.6025390625 0.3699171875 0.6201171875 0.3699171875 0.6474609375 0.373346875 0.68359375 0.37040625 0.7216796875 0.3650171875 0.7685546875 0.3615875 0.7978515625
12 0.3537484375 0.6865234375 0.361096875 0.6552734375 0.368446875 0.6318359375 0.368446875 0.6103515625 0.3650171875 0.59765625 0.35766718750000004 0.583984375 0.3463984375 0.5908203125 0.338559375 0.583984375 0.3326796875 0.6044921875 0.3287609375 0.642578125 0.3091625 0.77734375 0.3150421875 0.794921875 0.3258203125 0.775390625 0.3370890625 0.740234375 0.34394843750000004 0.7158203125 0.3537484375 0.6865234375
15 0.236159375 0.63671875 0.2302796875 0.66015625 0.2204796875 0.68359375 0.2052921875 0.7001953125 0.20431093749999998 0.7255859375 0.21558125 0.7255859375 0.22733906250000002 0.7060546875 0.24301875 0.68359375 0.26065625 0.654296875 0.27535468750000003 0.62890625 0.286134375 0.603515625 0.288584375 0.58203125 0.27045625 0.55859375 0.258696875 0.5439453125 0.2420375 0.5380859375 0.2204796875 0.591796875 0.2052921875 0.638671875 0.187653125 0.673828125 0.1915734375 0.69140625 0.2023515625 0.67578125 0.2165609375 0.65234375 0.236159375 0.63671875
16 0.1636453125 0.5986328125 0.17638437499999998 0.5966796875 0.1842234375 0.603515625 0.178834375 0.6181640625 0.1729546875 0.6357421875 0.16511562500000002 0.6572265625 0.152865625 0.6767578125 0.157765625 0.6796875 0.1641359375 0.6796875 0.173934375 0.673828125 0.18324374999999998 0.6640625 0.1915734375 0.6513671875 0.1994125 0.625 0.21068125000000001 0.5966796875 0.21705000000000002 0.5771484375 0.2209703125 0.5546875 0.21166093749999998 0.5390625 0.2018625 0.5302734375 0.1935328125 0.5234375 0.1798140625 0.509765625 0.1636453125 0.51171875 0.15825625000000001 0.5341796875 0.15433593750000002 0.57421875 0.14110781249999998 0.607421875 0.1249390625 0.66015625 0.1313078125 0.666015625 0.1425765625 0.646484375 0.15188593749999998 0.6298828125 0.1572765625 0.61328125 0.1636453125 0.5986328125