31 0.8054874999999999 0.6201171875 0.79666875 0.5830078125 0.77805 0.5673828125 0.763840625 0.5673828125 0.7515921875 0.591796875 0.7432624999999999 0.6396484375 0.7398328125 0.6953125 0.7432624999999999 0.720703125 0.7628609375 0.7255859375 0.7760906249999999 0.6904296875 0.8054874999999999 0.6201171875
2 0.7158249999999999 0.6533203125 0.7329734375 0.6669921875 0.7383640625 0.625 0.7476734375 0.58984375 0.7584515625 0.5654296875 0.7702109375 0.5390625 0.77168125 0.494140625 0.763840625 0.4853515625 0.7506125 0.4677734375 0.7354234374999999 0.4677734375 0.7285640625 0.49609375 0.725625 0.537109375 0.71680625 0.59375 0.7158249999999999 0.6533203125
13 0.67711875 0.611328125 0.6859375 0.6318359375 0.6981875 0.625 0.70700625 0.5654296875 0.718765625 0.521484375 0.727584375 0.494140625 0.7310140625 0.4580078125 0.7310140625 0.4365234375 0.7212156249999999 0.4365234375 0.7035765625 0.427734375 0.6893671875 0.427734375 0.6883874999999999 0.462890625 0.6878984375 0.4892578125 0.6825078125 0.5458984375 0.67711875 0.611328125
17 0.64968125 0.59375 0.64968125 0.6337890625 0.6575203125 0.6484375 0.670259375 0.630859375 0.6692796875 0.5810546875 0.6717296875 0.5419921875 0.6795687499999999 0.5048828125 0.6849578125 0.4755859375 0.6883874999999999 0.4580078125 0.6825078125 0.44140625 0.6736890625 0.427734375 0.6619296875 0.4326171875 0.6531109374999999 0.4580078125 0.64968125 0.4892578125 0.64968125 0.5390625 0.64968125 0.59375
18 0.620284375 0.6025390625 0.6300828125 0.640625 0.6398828125 0.62109375 0.642821875 0.5849609375 0.642821875 0.5478515625 0.6442921875 0.5107421875 0.647721875 0.4697265625 0.6531109374999999 0.4453125 0.64968125 0.42578125 0.636453125 0.4169921875 0.6232234375 0.4169921875 0.615384375 0.4482421875 0.620284375 0.5048828125 0.620284375 0.556640625 0.620284375 0.6025390625
19 0.6158750000000001 0.630859375 0.6158750000000001 0.5810546875 0.6124453125 0.5068359375 0.6158750000000001 0.4697265625 0.6158750000000001 0.4365234375 0.6099953124999999 0.412109375 0.5913765625 0.4013671875 0.583046875 0.423828125 0.5805984375000001 0.46484375 0.5825578124999999 0.53515625 0.5894171874999999 0.587890625 0.596765625 0.626953125 0.6158750000000001 0.630859375
20 0.54973125 0.568359375 0.5551203124999999 0.5966796875 0.5663890625 0.5947265625 0.574228125 0.5478515625 0.5761875 0.5029296875 0.574228125 0.4677734375 0.5805984375000001 0.4453125 0.5805984375000001 0.4169921875 0.56981875 0.404296875 0.5561 0.3974609375 0.54875 0.421875 0.544340625 0.4453125 0.54973125 0.4912109375 0.54973125 0.5302734375 0.54973125 0.568359375
21 0.5134734375 0.53515625 0.516903125 0.5771484375 0.5232734375 0.6142578125 0.533071875 0.5859375 0.5365015625 0.537109375 0.53748125 0.4892578125 0.5409109375 0.462890625 0.544340625 0.427734375 0.54238125 0.4013671875 0.533071875 0.3837890625 0.5193531250000001 0.3818359375 0.506125 0.388671875 0.5046546875 0.421875 0.506125 0.462890625 0.51004375 0.49609375 0.5134734375 0.53515625
22 0.480646875 0.6005859375 0.49387499999999995 0.591796875 0.4958359375 0.5400390625 0.49926562499999994 0.4677734375 0.501715625 0.427734375 0.503675 0.4013671875 0.491425 0.388671875 0.47182812500000004 0.390625 0.4610484375 0.4208984375 0.4683984375 0.462890625 0.4683984375 0.49609375 0.4683984375 0.5400390625 0.4728078125 0.576171875 0.480646875 0.6005859375
30 0.45761874999999996 0.5791015625 0.45516875 0.517578125 0.45516875 0.482421875 0.46202812499999996 0.4326171875 0.46006875 0.41015625 0.45075937499999996 0.3974609375 0.43459062499999995 0.3974609375 0.425771875 0.4208984375 0.42822187500000003 0.4677734375 0.432140625 0.5107421875 0.437040625 0.5576171875 0.44439062500000004 0.59375 0.45761874999999996 0.5791015625
29 0.409603125 0.6025390625 0.42038281250000004 0.5703125 0.42038281250000004 0.5107421875 0.42332187499999996 0.4609375 0.42381250000000004 0.4296875 0.4179328125 0.3974609375 0.40519375 0.3955078125 0.3949046875 0.412109375 0.395884375 0.4716796875 0.395884375 0.5087890625 0.395884375 0.55078125 0.395884375 0.5947265625 0.409603125 0.6025390625
23 0.37432656249999996 0.5849609375 0.384125 0.5654296875 0.3875546875 0.5302734375 0.39392499999999997 0.478515625 0.3949046875 0.4384765625 0.3875546875 0.4169921875 0.37775625 0.41015625 0.36648749999999997 0.41015625 0.354728125 0.4189453125 0.354728125 0.4560546875 0.3645265625 0.478515625 0.368446875 0.517578125 0.368446875 0.548828125 0.37432656249999996 0.5849609375
25 0.3008328125 0.5859375 0.3326796875 0.5859375 0.332190625 0.548828125 0.3356203125 0.5068359375 0.33904999999999996 0.48046875 0.33904999999999996 0.4482421875 0.3282703125 0.4326171875 0.3170015625 0.4306640625 0.299853125 0.4208984375 0.2939734375 0.447265625 0.2920140625 0.4716796875 0.2964234375 0.5107421875 0.3018125 0.5419921875 0.3008328125 0.5859375
26 0.27192500000000003 0.6201171875 0.2939734375 0.60546875 0.29054375 0.552734375 0.2920140625 0.517578125 0.2920140625 0.4853515625 0.284175 0.4609375 0.2709453125 0.458984375 0.2621265625 0.4716796875 0.2533078125 0.4716796875 0.2454671875 0.4931640625 0.25134687499999997 0.5302734375 0.25575625 0.55078125 0.2621265625 0.59375 0.27192500000000003 0.6201171875
27 0.2621265625 0.6640625 0.2601671875 0.6142578125 0.2621265625 0.5859375 0.2523265625 0.5576171875 0.23811875 0.55078125 0.22733906250000002 0.5673828125 0.21166093749999998 0.576171875 0.20627187500000002 0.603515625 0.21705000000000002 0.626953125 0.223909375 0.658203125 0.2302796875 0.681640625 0.25036718750000003 0.6884765625 0.2621265625 0.6640625
28 0.194021875 0.314453125 0.181284375 0.314453125 0.178834375 0.333984375 0.1866734375 0.35546875 0.194021875 0.3759765625 0.20088124999999998 0.392578125 0.19647187500000002 0.408203125 0.18569375 0.412109375 0.178834375 0.38671875 0.16805468750000002 0.3642578125 0.1567859375 0.35546875 0.153846875 0.3759765625 0.16805468750000002 0.41015625 0.1798140625 0.4501953125 0.18569375 0.4853515625 0.19647187500000002 0.5029296875 0.21166093749999998 0.4873046875 0.222440625 0.482421875 0.23566875 0.462890625 0.236159375 0.427734375 0.22488906250000001 0.4033203125 0.21802968749999999 0.3798828125 0.2097015625 0.3515625 0.194021875 0.314453125
0 0.2293 0.2861328125 0.22195 0.2900390625 0.23370937500000002 0.3095703125 0.2464484375 0.328125 0.25379687500000003 0.3486328125 0.2577171875 0.369140625 0.25134687499999997 0.365234375 0.24301875 0.3447265625 0.236159375 0.32421875 0.2234203125 0.3115234375 0.2165609375 0.2978515625 0.20823125 0.3017578125 0.212640625 0.3271484375 0.2204796875 0.361328125 0.231259375 0.38671875 0.24448750000000002 0.4052734375 0.2518375 0.423828125 0.258696875 0.451171875 0.2689859375 0.451171875 0.2827046875 0.439453125 0.2944640625 0.4267578125 0.30034375 0.41015625 0.2988734375 0.3828125 0.28662343749999997 0.369140625 0.2758453125 0.345703125 0.2640859375 0.32421875 0.25477656249999997 0.3056640625 0.2439984375 0.296875 0.2293 0.2861328125
3 0.3762859375 0.3671875 0.3669765625 0.33984375 0.35766718750000004 0.2939453125 0.34688906249999996 0.2490234375 0.3375796875 0.2080078125 0.3258203125 0.1865234375 0.313571875 0.201171875 0.318471875 0.22265625 0.324840625 0.2470703125 0.333659375 0.291015625 0.33904999999999996 0.33984375 0.341009375 0.373046875 0.3415 0.404296875 0.3517890625 0.412109375 0.3615875 0.412109375 0.37285625 0.40625 0.375796875 0.3955078125 0.3806953125 0.3828125 0.3762859375 0.3671875
4 0.40372343749999995 0.3056640625 0.3949046875 0.2470703125 0.3860859375 0.2099609375 0.375796875 0.212890625 0.37775625 0.2578125 0.38020624999999997 0.3095703125 0.38020624999999997 0.3466796875 0.379715625 0.3798828125 0.389025 0.3955078125 0.3993140625 0.3984375 0.4066640625 0.3876953125 0.41499218750000005 0.3720703125 0.409603125 0.353515625 0.40372343749999995 0.3056640625
5 0.439490625 0.2763671875 0.432140625 0.2431640625 0.42626093750000005 0.2099609375 0.42136250000000003 0.189453125 0.41058281250000006 0.1865234375 0.41058281250000006 0.21484375 0.412053125 0.2490234375 0.412053125 0.3056640625 0.4130328125 0.3447265625 0.4179328125 0.3759765625 0.43263125 0.3876953125 0.4399796875 0.3798828125 0.4473296875 0.361328125 0.4448796875 0.3359375 0.439490625 0.2763671875
6 0.469378125 0.259765625 0.4674171875 0.234375 0.4659484375 0.2099609375 0.45222968750000003 0.212890625 0.45075937499999996 0.23828125 0.44782031250000004 0.283203125 0.44782031250000004 0.3173828125 0.44683906249999994 0.3603515625 0.45271875 0.3759765625 0.4634984375 0.373046875 0.47525781250000004 0.37109375 0.4728078125 0.341796875 0.469378125 0.3017578125 0.469378125 0.259765625
7 0.4747671875 0.3427734375 0.47868750000000004 0.36328125 0.48603593749999996 0.3642578125 0.49926562499999994 0.365234375 0.501715625 0.3505859375 0.4997546875 0.3271484375 0.496815625 0.30859375 0.496815625 0.2861328125 0.48995625 0.2158203125 0.4791765625 0.216796875 0.4791765625 0.2431640625 0.4791765625 0.271484375 0.48113593750000005 0.296875 0.47819687499999997 0.326171875 0.4747671875 0.3427734375
8 0.512984375 0.361328125 0.5252328125 0.36328125 0.530621875 0.3544921875 0.5286625 0.326171875 0.5267031249999999 0.287109375 0.5232734375 0.2490234375 0.5198437499999999 0.220703125 0.508575 0.22265625 0.508575 0.2529296875 0.508575 0.302734375 0.503675 0.330078125 0.503675 0.357421875 0.512984375 0.361328125
9 0.5521796875 0.37109375 0.5590390625 0.365234375 0.556590625 0.3203125 0.5590390625 0.2412109375 0.54973125 0.208984375 0.537971875 0.2265625 0.5384609375 0.2724609375 0.5345421875 0.31640625 0.5296421875 0.3466796875 0.5345421875 0.3642578125 0.5433609374999999 0.37109375 0.5521796875 0.37109375
10 0.5595296875 0.3486328125 0.561 0.369140625 0.570309375 0.3818359375 0.5796171875 0.3818359375 0.5884375000000001 0.37109375 0.59235625 0.3427734375 0.5884375000000001 0.3212890625 0.592846875 0.298828125 0.596765625 0.26171875 0.596765625 0.216796875 0.5845171875 0.208984375 0.574228125 0.2265625 0.5668796875 0.271484375 0.56491875 0.2978515625 0.56491875 0.3203125 0.5595296875 0.3486328125
11 0.6060749999999999 0.2841796875 0.60215625 0.30859375 0.5987265625 0.3310546875 0.592846875 0.3486328125 0.5884375000000001 0.3671875 0.5938265625 0.373046875 0.597746875 0.3896484375 0.603625 0.4052734375 0.610484375 0.404296875 0.6227343750000001 0.3974609375 0.629103125 0.3974609375 0.6300828125 0.3798828125 0.6300828125 0.3525390625 0.626653125 0.31640625 0.62959375 0.2783203125 0.6349828125 0.2314453125 0.6384125 0.2021484375 0.6276328125 0.208984375 0.6188140625 0.23828125 0.612934375 0.2607421875 0.6060749999999999 0.2841796875
12 0.6349828125 0.40234375 0.6423328125000001 0.416015625 0.6536015625 0.4091796875 0.661440625 0.416015625 0.6673203125 0.3955078125 0.6712390625 0.357421875 0.6908375 0.22265625 0.6849578125 0.205078125 0.6741796875 0.224609375 0.6629109375 0.259765625 0.6560515625 0.2841796875 0.6462515625 0.3134765625 0.638903125 0.3447265625 0.631553125 0.3681640625 0.631553125 0.3896484375 0.6349828125 0.40234375
15 0.7956890624999999 0.2744140625 0.78441875 0.2744140625 0.7726609375 0.2939453125 0.75698125 0.31640625 0.73934375 0.345703125 0.7246453125000001 0.37109375 0.7138656250000001 0.396484375 0.711415625 0.41796875 0.72954375 0.44140625 0.7413031250000001 0.4560546875 0.7579625 0.4619140625 0.7795203125 0.408203125 0.7947078125 0.361328125 0.812346875 0.326171875 0.8084265625 0.30859375 0.7976484375 0.32421875 0.7834390625000001 0.34765625 0.763840625 0.36328125 0.7697203125 0.33984375 0.7795203125 0.31640625 0.7947078125 0.2998046875 0.7956890624999999 0.2744140625
16 0.8270453124999999 0.3642578125 0.834884375 0.3427734375 0.8471343750000001 0.3232421875 0.842234375 0.3203125 0.8358640625 0.3203125 0.826065625 0.326171875 0.8167562500000001 0.3359375 0.8084265625 0.3486328125 0.8005875 0.375 0.78931875 0.4033203125 0.78295 0.4228515625 0.7790296875 0.4453125 0.7883390625 0.4609375 0.7981374999999999 0.4697265625 0.8064671875 0.4765625 0.8201859375 0.490234375 0.8363546875000001 0.48828125 0.84174375 0.4658203125 0.8456640625 0.42578125 0.8588921875000001 0.392578125 0.8750609375 0.33984375 0.8686921875 0.333984375 0.8574234374999999 0.353515625 0.8481140625 0.3701171875 0.8427234374999999 0.38671875 0.8363546875000001 0.4013671875 0.8236156250000001 0.4033203125 0.8157765625 0.396484375 0.8211656250000001 0.3818359375 0.8270453124999999 0.3642578125