2 0.3013234375 0.4482421875 0.2939734375 0.3974609375 0.2939734375 0.3671875 0.2939734375 0.3232421875 0.2851546875 0.2900390625 0.26849531249999997 0.298828125 0.2709453125 0.3408203125 0.2709453125 0.3818359375 0.2645765625 0.408203125 0.2601671875 0.4365234375 0.27192500000000003 0.4482421875 0.2807453125 0.462890625 0.29299375 0.462890625 0.3013234375 0.4482421875
17 0.3674671875 0.513671875 0.362078125 0.4765625 0.362078125 0.4326171875 0.362078125 0.3759765625 0.3586484375 0.3359375 0.34688906249999996 0.30859375 0.333659375 0.3388671875 0.332190625 0.388671875 0.33121093749999997 0.427734375 0.3214109375 0.458984375 0.3189609375 0.4892578125 0.3243515625 0.517578125 0.341009375 0.5244140625 0.3586484375 0.533203125 0.3674671875 0.513671875
18 0.3718765625 0.548828125 0.3806953125 0.5458984375 0.38804531249999996 0.529296875 0.39294531250000003 0.509765625 0.3904953125 0.4638671875 0.3904953125 0.3994140625 0.388534375 0.3544921875 0.381675 0.33203125 0.3738359375 0.3447265625 0.3738359375 0.3798828125 0.3738359375 0.4130859375 0.3699171875 0.44140625 0.370896875 0.4677734375 0.36648749999999997 0.4921875 0.36550781250000003 0.5205078125 0.36060781249999996 0.53515625 0.3718765625 0.548828125
19 0.41009375 0.5419921875 0.4198921875 0.53515625 0.42479218750000003 0.51171875 0.4179328125 0.4833984375 0.41107343749999997 0.4453125 0.40715312499999995 0.4111328125 0.4061734375 0.3798828125 0.4017640625 0.34765625 0.39294531250000003 0.3583984375 0.395884375 0.3994140625 0.395884375 0.4306640625 0.395884375 0.4609375 0.395884375 0.4833984375 0.395884375 0.5087890625 0.39294531250000003 0.5244140625 0.4012734375 0.533203125 0.41009375 0.5419921875
20 0.44292031249999997 0.546875 0.4517390625 0.533203125 0.45516875 0.5029296875 0.45516875 0.4541015625 0.45516875 0.404296875 0.45516875 0.3515625 0.4409609375 0.353515625 0.43753125 0.3916015625 0.4331203125 0.4365234375 0.432140625 0.474609375 0.42332187499999996 0.4873046875 0.42332187499999996 0.51171875 0.42234218749999997 0.533203125 0.43116093749999995 0.546875 0.44292031249999997 0.546875
21 0.48603593749999996 0.4306640625 0.48260625 0.3935546875 0.47966718750000004 0.353515625 0.4737875 0.3359375 0.46202812499999996 0.3583984375 0.45859843749999996 0.421875 0.4566390625 0.4501953125 0.45859843749999996 0.4853515625 0.4639875 0.5068359375 0.4772171875 0.5185546875 0.48505624999999997 0.5009765625 0.48505624999999997 0.4638671875 0.48603593749999996 0.4306640625
22 0.516903125 0.4345703125 0.516903125 0.404296875 0.515434375 0.37109375 0.5090640625 0.3447265625 0.4958359375 0.353515625 0.4933859375 0.3916015625 0.4904453125 0.427734375 0.487015625 0.458984375 0.487015625 0.5009765625 0.4977953125 0.5 0.5075937500000001 0.501953125 0.5134734375 0.5087890625 0.516903125 0.4345703125
30 0.5433609374999999 0.45703125 0.5384609375 0.4130859375 0.5296421875 0.34375 0.5227828125 0.33203125 0.5183734375 0.3564453125 0.5198437499999999 0.400390625 0.5178828125 0.455078125 0.5178828125 0.49609375 0.5227828125 0.5380859375 0.5345421875 0.53125 0.5502203125 0.5322265625 0.5482609375 0.5068359375 0.5433609374999999 0.45703125
29 0.53993125 0.5087890625 0.5561 0.51953125 0.5683484375 0.5107421875 0.581578125 0.5185546875 0.5835375 0.49609375 0.5801078125 0.4501953125 0.57716875 0.388671875 0.5752078125 0.3564453125 0.5619796874999999 0.349609375 0.54973125 0.3671875 0.5433609374999999 0.3974609375 0.544340625 0.42578125 0.5389515625 0.462890625 0.53993125 0.5087890625
23 0.6095046875000001 0.384765625 0.604115625 0.3623046875 0.592846875 0.359375 0.581578125 0.44140625 0.5756984375 0.4951171875 0.5894171874999999 0.513671875 0.609015625 0.51171875 0.6212640625 0.50390625 0.615384375 0.458984375 0.6144046875 0.419921875 0.6095046875000001 0.384765625
24 0.65703125 0.423828125 0.6550703125 0.3935546875 0.6487015625 0.3525390625 0.61979375 0.3564453125 0.6178343749999999 0.404296875 0.606565625 0.4814453125 0.62224375 0.5009765625 0.6359625 0.505859375 0.64968125 0.4951171875 0.663890625 0.4951171875 0.6673203125 0.462890625 0.65703125 0.423828125
25 0.71190625 0.474609375 0.7123953125 0.4453125 0.7030875 0.4091796875 0.6991671875 0.3740234375 0.6947578125 0.3359375 0.688878125 0.296875 0.66585 0.314453125 0.6624203125 0.3447265625 0.66585 0.388671875 0.66585 0.42578125 0.66585 0.4541015625 0.66585 0.4814453125 0.67466875 0.5 0.6878984375 0.494140625 0.700146875 0.4853515625 0.71190625 0.474609375
26 0.7452234375 0.439453125 0.7579625 0.4306640625 0.7496328125 0.40625 0.7339546875 0.373046875 0.7221953125 0.3388671875 0.716315625 0.3076171875 0.7079859374999999 0.29296875 0.6967171875 0.3037109375 0.7011265625 0.3427734375 0.7035765625 0.384765625 0.7109265625 0.423828125 0.71190625 0.45703125 0.71680625 0.47265625 0.730525 0.462890625 0.7427734375 0.4541015625 0.7452234375 0.439453125
1 0.65703125 0.7001953125 0.6683 0.7275390625 0.681528125 0.71875 0.670259375 0.6904296875 0.6604609375 0.6728515625 0.6560515625 0.638671875 0.6560515625 0.6103515625 0.6668296875 0.6103515625 0.6736890625 0.6455078125 0.6834890625 0.673828125 0.6903484375 0.69921875 0.700146875 0.6953125 0.708965625 0.6845703125 0.6967171875 0.66015625 0.688878125 0.63671875 0.6825078125 0.609375 0.6756484375 0.5908203125 0.6727093749999999 0.568359375 0.6736890625 0.5419921875 0.6629109375 0.5263671875 0.6462515625 0.51171875 0.634003125 0.5244140625 0.6119546875 0.5283203125 0.610975 0.5458984375 0.6144046875 0.5771484375 0.6212640625 0.5947265625 0.63204375 0.5986328125 0.63204375 0.6357421875 0.6408625 0.673828125 0.65703125 0.7001953125
3 0.634003125 0.7451171875 0.6487015625 0.75 0.65948125 0.7392578125 0.652621875 0.712890625 0.6408625 0.693359375 0.63204375 0.662109375 0.626653125 0.6318359375 0.624203125 0.603515625 0.6163640625 0.58203125 0.610975 0.55078125 0.59480625 0.5546875 0.579128125 0.5439453125 0.5707984374999999 0.5546875 0.5737390625 0.5732421875 0.5845171875 0.603515625 0.6001953125 0.634765625 0.6099953124999999 0.6708984375 0.6232234375 0.7080078125 0.634003125 0.7451171875
5 0.5825578124999999 0.748046875 0.5825578124999999 0.71875 0.5805984375000001 0.681640625 0.5781484375 0.6318359375 0.5781484375 0.5908203125 0.56736875 0.5791015625 0.5507109375 0.58203125 0.5463015625 0.60546875 0.54875 0.6650390625 0.5561 0.7197265625 0.5639390625 0.7763671875 0.5727578125 0.8154296875 0.5781484375 0.7939453125 0.5825578124999999 0.748046875
6 0.533071875 0.751953125 0.5355218749999999 0.7275390625 0.53748125 0.697265625 0.5389515625 0.6640625 0.5433609374999999 0.626953125 0.54875 0.5908203125 0.533071875 0.58203125 0.5198437499999999 0.58203125 0.5110234375 0.58203125 0.5134734375 0.6015625 0.515434375 0.6474609375 0.515434375 0.6904296875 0.5198437499999999 0.7236328125 0.5213125 0.7412109375 0.533071875 0.751953125
7 0.514453125 0.6005859375 0.5071046875 0.58984375 0.49926562499999994 0.5859375 0.491425 0.5947265625 0.4904453125 0.625 0.48505624999999997 0.6650390625 0.480646875 0.716796875 0.47819687499999997 0.767578125 0.49240625 0.7646484375 0.5066140625 0.681640625 0.5090640625 0.6474609375 0.514453125 0.6005859375
8 0.4879953125 0.6318359375 0.491425 0.587890625 0.4683984375 0.587890625 0.4659484375 0.626953125 0.4639875 0.6689453125 0.4630078125 0.7822265625 0.4747671875 0.7568359375 0.4772171875 0.712890625 0.4835859375 0.6728515625 0.4879953125 0.6318359375
9 0.43116093749999995 0.7978515625 0.4409609375 0.771484375 0.44634999999999997 0.748046875 0.45516875 0.7099609375 0.46202812499999996 0.6689453125 0.46496875 0.6318359375 0.466928125 0.587890625 0.4399796875 0.5986328125 0.4399796875 0.6181640625 0.4399796875 0.640625 0.43899999999999995 0.681640625 0.4336109375 0.716796875 0.4292015625 0.7568359375 0.4198921875 0.80859375 0.43116093749999995 0.7978515625
10 0.38804531249999996 0.8046875 0.3949046875 0.8046875 0.40715312499999995 0.78515625 0.41695312500000004 0.7587890625 0.4243015625 0.734375 0.43116093749999995 0.7109375 0.43459062499999995 0.6796875 0.43899999999999995 0.6455078125 0.4409609375 0.6103515625 0.42234218749999997 0.607421875 0.41695312500000004 0.623046875 0.4125421875 0.6455078125 0.4081328125 0.6884765625 0.4056828125 0.71875 0.395884375 0.74609375 0.38804531249999996 0.7783203125 0.38804531249999996 0.8046875
11 0.3694265625 0.7744140625 0.377265625 0.7744140625 0.38510468750000004 0.7578125 0.390984375 0.7451171875 0.39784375 0.720703125 0.403234375 0.7001953125 0.40715312499999995 0.6640625 0.4130328125 0.6376953125 0.4198921875 0.607421875 0.40715312499999995 0.5947265625 0.3993140625 0.5849609375 0.3900046875 0.5849609375 0.38363593749999997 0.5908203125 0.38363593749999997 0.630859375 0.38363593749999997 0.6640625 0.38363593749999997 0.7001953125 0.3811859375 0.7294921875 0.3738359375 0.7529296875 0.3694265625 0.7744140625
12 0.34835937499999997 0.7783203125 0.36060781249999996 0.748046875 0.36648749999999997 0.724609375 0.37432656249999996 0.685546875 0.3811859375 0.6591796875 0.38363593749999997 0.6337890625 0.38363593749999997 0.611328125 0.386575 0.5888671875 0.39392499999999997 0.5751953125 0.3831453125 0.5703125 0.3699171875 0.5703125 0.3645265625 0.5830078125 0.3601171875 0.607421875 0.35766718750000004 0.63671875 0.345909375 0.6923828125 0.33464062499999997 0.7568359375 0.343459375 0.78515625 0.34835937499999997 0.7783203125
15 0.240078125 0.6787109375 0.2459578125 0.685546875 0.2670265625 0.6279296875 0.26555625 0.646484375 0.2621265625 0.67578125 0.2552671875 0.701171875 0.26751562500000003 0.681640625 0.28319375 0.66015625 0.304753125 0.60546875 0.3125921875 0.5908203125 0.31651093750000003 0.57421875 0.31798125 0.5517578125 0.32043125 0.53515625 0.3121015625 0.5224609375 0.3008328125 0.5107421875 0.2915234375 0.5 0.28564375000000003 0.5048828125 0.2822140625 0.5205078125 0.2782953125 0.5556640625 0.2714359375 0.5849609375 0.269475 0.6044921875 0.261146875 0.6162109375 0.240078125 0.6787109375
14 0.29789374999999996 0.6591796875 0.292503125 0.6943359375 0.29005312499999997 0.71484375 0.2959328125 0.71484375 0.306221875 0.7021484375 0.3101421875 0.68359375 0.316021875 0.66796875 0.3233703125 0.646484375 0.332190625 0.6455078125 0.332190625 0.6640625 0.32533124999999996 0.681640625 0.319940625 0.7021484375 0.3101421875 0.7236328125 0.3121015625 0.7373046875 0.3233703125 0.7294921875 0.3307203125 0.712890625 0.33904999999999996 0.6904296875 0.345909375 0.66796875 0.3493390625 0.6376953125 0.3557078125 0.6162109375 0.362078125 0.59765625 0.3669765625 0.57421875 0.365996875 0.556640625 0.3566875 0.548828125 0.347378125 0.5458984375 0.3380703125 0.541015625 0.3268 0.537109375 0.319940625 0.544921875 0.31651093750000003 0.560546875 0.31651093750000003 0.58203125 0.3145515625 0.6015625 0.3101421875 0.623046875 0.304753125 0.6376953125 0.29789374999999996 0.6591796875
16 0.226359375 0.6494140625 0.25477656249999997 0.5888671875 0.26555625 0.556640625 0.277315625 0.5380859375 0.28319375 0.5107421875 0.27290468749999997 0.486328125 0.258696875 0.466796875 0.2459578125 0.462890625 0.240078125 0.482421875 0.23811875 0.5126953125 0.23370937500000002 0.5439453125 0.22292968750000003 0.5869140625 0.2160703125 0.6181640625 0.207740625 0.66796875 0.226359375 0.6494140625