2 0.6986765625 0.4482421875 0.70700625 0.462890625 0.7192546875 0.462890625 0.728075 0.4482421875 0.7398328125 0.4365234375 0.7354234374999999 0.408203125 0.7290546875 0.3818359375 0.7290546875 0.3408203125 0.7315046875 0.298828125 0.7148453124999999 0.2900390625 0.7060265625000001 0.3232421875 0.7060265625000001 0.3671875 0.7060265625000001 0.3974609375 0.6986765625 0.4482421875
17 0.637921875 0.4765625 0.6325328125 0.513671875 0.6413515624999999 0.533203125 0.658990625 0.5244140625 0.6756484375 0.517578125 0.6810390625 0.4892578125 0.6785890625000001 0.458984375 0.6687890624999999 0.427734375 0.667809375 0.388671875 0.666340625 0.3388671875 0.6531109374999999 0.30859375 0.6413515624999999 0.3359375 0.637921875 0.3759765625 0.637921875 0.4326171875 0.637921875 0.4765625
18 0.6070546875 0.509765625 0.6119546875 0.529296875 0.6193046875 0.5458984375 0.6281234375 0.548828125 0.6393921875 0.53515625 0.6344921875 0.5205078125 0.6335124999999999 0.4921875 0.629103125 0.4677734375 0.6300828125 0.44140625 0.6261640625 0.4130859375 0.6261640625 0.3798828125 0.6261640625 0.3447265625 0.618325 0.33203125 0.611465625 0.3544921875 0.6095046875000001 0.3994140625 0.6095046875000001 0.4638671875 0.6070546875 0.509765625
19 0.5820671875000001 0.4833984375 0.5752078125 0.51171875 0.5801078125 0.53515625 0.5899062500000001 0.5419921875 0.5987265625 0.533203125 0.6070546875 0.5244140625 0.604115625 0.5087890625 0.604115625 0.4833984375 0.604115625 0.4609375 0.604115625 0.4306640625 0.604115625 0.3994140625 0.6070546875 0.3583984375 0.5982359374999999 0.34765625 0.5938265625 0.3798828125 0.592846875 0.4111328125 0.5889265625 0.4453125 0.5820671875000001 0.4833984375
20 0.5482609375 0.533203125 0.5570796875 0.546875 0.5688390625 0.546875 0.5776578125 0.533203125 0.576678125 0.51171875 0.576678125 0.4873046875 0.567859375 0.474609375 0.5668796875 0.4365234375 0.5624687500000001 0.3916015625 0.5590390625 0.353515625 0.54483125 0.3515625 0.54483125 0.404296875 0.54483125 0.4541015625 0.54483125 0.5029296875 0.5482609375 0.533203125
21 0.51494375 0.4638671875 0.51494375 0.5009765625 0.5227828125 0.5185546875 0.5360125 0.5068359375 0.5414015625 0.4853515625 0.5433609374999999 0.4501953125 0.5414015625 0.421875 0.537971875 0.3583984375 0.5262125 0.3359375 0.5203328125 0.353515625 0.51739375 0.3935546875 0.5139640625 0.4306640625 0.51494375 0.4638671875
22 0.48652656250000004 0.5087890625 0.49240625 0.501953125 0.5022046875 0.5 0.512984375 0.5009765625 0.512984375 0.458984375 0.5095546875 0.427734375 0.5066140625 0.3916015625 0.5041640625 0.353515625 0.49093593750000003 0.3447265625 0.484565625 0.37109375 0.48309687500000004 0.404296875 0.48309687500000004 0.4345703125 0.48652656250000004 0.5087890625
30 0.4517390625 0.5068359375 0.44977968749999997 0.5322265625 0.46545781249999996 0.53125 0.4772171875 0.5380859375 0.4821171875 0.49609375 0.4821171875 0.455078125 0.48015625 0.400390625 0.48162656249999997 0.3564453125 0.4772171875 0.33203125 0.47035781249999997 0.34375 0.4615390625 0.4130859375 0.4566390625 0.45703125 0.4517390625 0.5068359375
29 0.46006875 0.5087890625 0.4610484375 0.462890625 0.45565937500000003 0.42578125 0.4566390625 0.3974609375 0.45026875000000005 0.3671875 0.43802031250000006 0.349609375 0.42479218750000003 0.3564453125 0.42283125000000005 0.388671875 0.4198921875 0.4501953125 0.4164625 0.49609375 0.41842187500000005 0.5185546875 0.43165156250000003 0.5107421875 0.4439 0.51953125 0.46006875 0.5087890625
23 0.3787359375 0.50390625 0.390984375 0.51171875 0.41058281250000006 0.513671875 0.4243015625 0.4951171875 0.41842187500000005 0.44140625 0.40715312499999995 0.359375 0.395884375 0.3623046875 0.3904953125 0.384765625 0.3855953125 0.419921875 0.384615625 0.458984375 0.3787359375 0.50390625
24 0.33610937500000004 0.4951171875 0.35031875 0.4951171875 0.3640375 0.505859375 0.37775625 0.5009765625 0.393434375 0.4814453125 0.382165625 0.404296875 0.38020624999999997 0.3564453125 0.3512984375 0.3525390625 0.34492968749999997 0.3935546875 0.34296875 0.423828125 0.3326796875 0.462890625 0.33610937500000004 0.4951171875
25 0.2969125 0.4091796875 0.2876046875 0.4453125 0.28809375 0.474609375 0.299853125 0.4853515625 0.3121015625 0.494140625 0.32533124999999996 0.5 0.33415 0.4814453125 0.33415 0.4541015625 0.33415 0.42578125 0.33415 0.388671875 0.3375796875 0.3447265625 0.33415 0.314453125 0.311121875 0.296875 0.3052421875 0.3359375 0.3008328125 0.3740234375 0.2969125 0.4091796875
26 0.25036718750000003 0.40625 0.2420375 0.4306640625 0.25477656249999997 0.439453125 0.2572265625 0.4541015625 0.269475 0.462890625 0.28319375 0.47265625 0.28809375 0.45703125 0.28907343750000003 0.423828125 0.2964234375 0.384765625 0.2988734375 0.3427734375 0.3032828125 0.3037109375 0.2920140625 0.29296875 0.283684375 0.3076171875 0.2778046875 0.3388671875 0.2660453125 0.373046875 0.25036718750000003 0.40625
1 0.3243515625 0.5908203125 0.31749218749999997 0.609375 0.311121875 0.63671875 0.3032828125 0.66015625 0.291034375 0.6845703125 0.299853125 0.6953125 0.3096515625 0.69921875 0.31651093750000003 0.673828125 0.3263109375 0.6455078125 0.3331703125 0.6103515625 0.34394843750000004 0.6103515625 0.34394843750000004 0.638671875 0.3395390625 0.6728515625 0.329740625 0.6904296875 0.318471875 0.71875 0.3317 0.7275390625 0.34296875 0.7001953125 0.3591375 0.673828125 0.36795625 0.6357421875 0.36795625 0.5986328125 0.3787359375 0.5947265625 0.3855953125 0.5771484375 0.389025 0.5458984375 0.38804531249999996 0.5283203125 0.365996875 0.5244140625 0.3537484375 0.51171875 0.3370890625 0.5263671875 0.3263109375 0.5419921875 0.327290625 0.568359375 0.3243515625 0.5908203125
3 0.36795625 0.662109375 0.3591375 0.693359375 0.347378125 0.712890625 0.34051875 0.7392578125 0.3512984375 0.75 0.365996875 0.7451171875 0.3767765625 0.7080078125 0.3900046875 0.6708984375 0.3998046875 0.634765625 0.41548281249999997 0.603515625 0.42626093750000005 0.5732421875 0.4292015625 0.5546875 0.420871875 0.5439453125 0.40519375 0.5546875 0.389025 0.55078125 0.38363593749999997 0.58203125 0.375796875 0.603515625 0.373346875 0.6318359375 0.36795625 0.662109375
5 0.4174421875 0.748046875 0.4218515625 0.7939453125 0.4272421875 0.8154296875 0.4360609375 0.7763671875 0.4439 0.7197265625 0.45125000000000004 0.6650390625 0.45369843750000005 0.60546875 0.4492890625 0.58203125 0.43263125 0.5791015625 0.4218515625 0.5908203125 0.4218515625 0.6318359375 0.41940156249999994 0.681640625 0.4174421875 0.71875 0.4174421875 0.748046875
6 0.464478125 0.7275390625 0.466928125 0.751953125 0.47868750000000004 0.7412109375 0.48015625 0.7236328125 0.484565625 0.6904296875 0.484565625 0.6474609375 0.48652656250000004 0.6015625 0.4889765625 0.58203125 0.48015625 0.58203125 0.466928125 0.58203125 0.45125000000000004 0.5908203125 0.4566390625 0.626953125 0.4610484375 0.6640625 0.46251875 0.697265625 0.464478125 0.7275390625
7 0.4933859375 0.681640625 0.5075937500000001 0.7646484375 0.521803125 0.767578125 0.5193531250000001 0.716796875 0.51494375 0.6650390625 0.5095546875 0.625 0.508575 0.5947265625 0.5007343750000001 0.5859375 0.49289531249999996 0.58984375 0.485546875 0.6005859375 0.49093593750000003 0.6474609375 0.4933859375 0.681640625
8 0.5369921875 0.7822265625 0.5360125 0.6689453125 0.5340515625 0.626953125 0.5316015625 0.587890625 0.508575 0.587890625 0.5120046874999999 0.6318359375 0.5164140625 0.6728515625 0.5227828125 0.712890625 0.5252328125 0.7568359375 0.5369921875 0.7822265625
9 0.5590390625 0.771484375 0.5688390625 0.7978515625 0.5801078125 0.80859375 0.5707984374999999 0.7568359375 0.5663890625 0.716796875 0.561 0.681640625 0.5600203125000001 0.640625 0.5600203125000001 0.6181640625 0.5600203125000001 0.5986328125 0.533071875 0.587890625 0.5350312500000001 0.6318359375 0.537971875 0.6689453125 0.54483125 0.7099609375 0.55365 0.748046875 0.5590390625 0.771484375
10 0.583046875 0.7587890625 0.592846875 0.78515625 0.6050953125 0.8046875 0.6119546875 0.8046875 0.6119546875 0.7783203125 0.604115625 0.74609375 0.5943171875 0.71875 0.5918671875 0.6884765625 0.5874578125000001 0.6455078125 0.583046875 0.623046875 0.5776578125 0.607421875 0.5590390625 0.6103515625 0.561 0.6455078125 0.565409375 0.6796875 0.5688390625 0.7109375 0.5756984375 0.734375 0.583046875 0.7587890625
11 0.596765625 0.7001953125 0.60215625 0.720703125 0.609015625 0.7451171875 0.6148953125000001 0.7578125 0.6227343750000001 0.7744140625 0.6305734375000001 0.7744140625 0.6261640625 0.7529296875 0.6188140625 0.7294921875 0.6163640625 0.7001953125 0.6163640625 0.6640625 0.6163640625 0.630859375 0.6163640625 0.5908203125 0.6099953124999999 0.5849609375 0.6006859375 0.5849609375 0.592846875 0.5947265625 0.5801078125 0.607421875 0.5869671875 0.6376953125 0.592846875 0.6640625 0.596765625 0.7001953125
12 0.6188140625 0.6591796875 0.6256734374999999 0.685546875 0.6335124999999999 0.724609375 0.6393921875 0.748046875 0.651640625 0.7783203125 0.656540625 0.78515625 0.665359375 0.7568359375 0.654090625 0.6923828125 0.6423328125000001 0.63671875 0.6398828125 0.607421875 0.6354734375 0.5830078125 0.6300828125 0.5703125 0.6168546874999999 0.5703125 0.6060749999999999 0.5751953125 0.613425 0.5888671875 0.6163640625 0.611328125 0.6163640625 0.6337890625 0.6188140625 0.6591796875
15 0.6874078124999999 0.5908203125 0.695246875 0.60546875 0.71680625 0.66015625 0.7324843750000001 0.681640625 0.7447328125 0.701171875 0.7378734375 0.67578125 0.73444375 0.646484375 0.7329734375 0.6279296875 0.7540421875 0.685546875 0.7599218750000001 0.6787109375 0.738853125 0.6162109375 0.730525 0.6044921875 0.7285640625 0.5849609375 0.7217046875 0.5556640625 0.7177859375 0.5205078125 0.71435625 0.5048828125 0.7084765625 0.5 0.6991671875 0.5107421875 0.6878984375 0.5224609375 0.6795687499999999 0.53515625 0.68201875 0.5517578125 0.6834890625 0.57421875 0.6874078124999999 0.5908203125
14 0.637921875 0.59765625 0.6442921875 0.6162109375 0.6506609375 0.6376953125 0.654090625 0.66796875 0.6609499999999999 0.6904296875 0.6692796875 0.712890625 0.6766296875 0.7294921875 0.6878984375 0.7373046875 0.6898578125 0.7236328125 0.680059375 0.7021484375 0.67466875 0.681640625 0.667809375 0.6640625 0.667809375 0.6455078125 0.6766296875 0.646484375 0.683978125 0.66796875 0.6898578125 0.68359375 0.6937781249999999 0.7021484375 0.7040671875 0.71484375 0.709946875 0.71484375 0.707496875 0.6943359375 0.70210625 0.6591796875 0.695246875 0.6376953125 0.6898578125 0.623046875 0.6854484375000001 0.6015625 0.6834890625 0.58203125 0.6834890625 0.560546875 0.680059375 0.544921875 0.6732 0.537109375 0.6619296875 0.541015625 0.652621875 0.5458984375 0.6433125000000001 0.548828125 0.634003125 0.556640625 0.6330234375 0.57421875 0.637921875 0.59765625
16 0.7452234375 0.5888671875 0.773640625 0.6494140625 0.792259375 0.66796875 0.7839296874999999 0.6181640625 0.7770703125 0.5869140625 0.766290625 0.5439453125 0.76188125 0.5126953125 0.7599218750000001 0.482421875 0.7540421875 0.462890625 0.7413031250000001 0.466796875 0.7270953125 0.486328125 0.71680625 0.5107421875 0.7226843749999999 0.5380859375 0.73444375 0.556640625 0.7452234375 0.5888671875