31 0.1994125 0.2724609375 0.1945125 0.306640625 0.1847140625 0.345703125 0.1822640625 0.37109375 0.1994125 0.3876953125 0.21362031250000002 0.4033203125 0.22537968749999998 0.4052734375 0.2327296875 0.3798828125 0.23370937500000002 0.3369140625 0.23370937500000002 0.2880859375 0.23370937500000002 0.240234375 0.226359375 0.2109375 0.20823125 0.2197265625 0.1994125 0.2724609375
2 0.2479171875 0.3427734375 0.23370937500000002 0.3798828125 0.2297890625 0.4052734375 0.23811875 0.423828125 0.2523265625 0.4453125 0.269475 0.4453125 0.2778046875 0.4306640625 0.278784375 0.3818359375 0.286134375 0.3154296875 0.2797640625 0.236328125 0.2572265625 0.23828125 0.2533078125 0.30078125 0.2479171875 0.3427734375
13 0.2876046875 0.373046875 0.284175 0.4072265625 0.274375 0.4287109375 0.278784375 0.46484375 0.29054375 0.484375 0.304753125 0.484375 0.3219015625 0.4755859375 0.327290625 0.419921875 0.327290625 0.3603515625 0.327290625 0.2978515625 0.29495312500000004 0.3046875 0.29054375 0.3349609375 0.2876046875 0.373046875
17 0.3238609375 0.44140625 0.3194515625 0.4775390625 0.33121093749999997 0.4990234375 0.3419890625 0.4814453125 0.357178125 0.4794921875 0.3537484375 0.4052734375 0.3537484375 0.3388671875 0.3444390625 0.255859375 0.33464062499999997 0.2705078125 0.33022968750000004 0.3388671875 0.327290625 0.419921875 0.3238609375 0.44140625
18 0.3591375 0.4501953125 0.3537484375 0.4814453125 0.3508078125 0.5029296875 0.363546875 0.5185546875 0.373346875 0.4990234375 0.389025 0.4951171875 0.389025 0.462890625 0.389025 0.396484375 0.38510468750000004 0.349609375 0.3782453125 0.306640625 0.36893750000000003 0.3154296875 0.361096875 0.3837890625 0.3591375 0.4501953125
19 0.3924546875 0.4130859375 0.3924546875 0.462890625 0.389025 0.4921875 0.389025 0.5205078125 0.403234375 0.529296875 0.41695312500000004 0.515625 0.42234218749999997 0.4794921875 0.42038281250000004 0.4267578125 0.409603125 0.345703125 0.40519375 0.302734375 0.3968640625 0.2900390625 0.39539375 0.3515625 0.3924546875 0.4130859375
20 0.429690625 0.470703125 0.42675156249999996 0.5205078125 0.44292031249999997 0.5419921875 0.46006875 0.533203125 0.4566390625 0.4921875 0.45125000000000004 0.4072265625 0.4448796875 0.35546875 0.439490625 0.30859375 0.43116093749999995 0.3349609375 0.43116093749999995 0.3798828125 0.43116093749999995 0.423828125 0.429690625 0.470703125
21 0.4610484375 0.48828125 0.46006875 0.5205078125 0.4630078125 0.5439453125 0.48015625 0.552734375 0.498284375 0.5419921875 0.498284375 0.5078125 0.485546875 0.400390625 0.4791765625 0.3388671875 0.4639875 0.3427734375 0.4639875 0.4130859375 0.4639875 0.4501953125 0.4610484375 0.48828125
22 0.5007343750000001 0.5078125 0.49926562499999994 0.5498046875 0.5178828125 0.5498046875 0.530621875 0.5390625 0.5389515625 0.513671875 0.5350312500000001 0.4580078125 0.5350312500000001 0.4052734375 0.5350312500000001 0.353515625 0.51004375 0.3623046875 0.5071046875 0.421875 0.503675 0.4521484375 0.5007343750000001 0.5078125
30 0.5389515625 0.4970703125 0.54238125 0.533203125 0.5561 0.533203125 0.5688390625 0.5185546875 0.574228125 0.484375 0.5688390625 0.4501953125 0.5639390625 0.3984375 0.5551203124999999 0.35546875 0.53993125 0.3662109375 0.54238125 0.4091796875 0.54238125 0.443359375 0.5389515625 0.4970703125
29 0.576678125 0.4794921875 0.574228125 0.5078125 0.5850078125 0.529296875 0.596765625 0.5439453125 0.606565625 0.5078125 0.6031359375 0.4521484375 0.6080359375 0.29296875 0.6080359375 0.2548828125 0.5918671875 0.2841796875 0.5737390625 0.41796875 0.57226875 0.4541015625 0.576678125 0.4794921875
23 0.6286140625 0.5205078125 0.6408625 0.4990234375 0.636453125 0.46484375 0.636453125 0.4130859375 0.62959375 0.3330078125 0.6217546875 0.2998046875 0.6075453125 0.3369140625 0.60460625 0.4130859375 0.60460625 0.46484375 0.6075453125 0.5048828125 0.6286140625 0.5205078125
24 0.658990625 0.5048828125 0.67075 0.490234375 0.6717296875 0.4560546875 0.663890625 0.314453125 0.6531109374999999 0.3203125 0.6418421875 0.3896484375 0.6418421875 0.421875 0.638903125 0.4580078125 0.6354734375 0.4892578125 0.658990625 0.5048828125
25 0.6727093749999999 0.44140625 0.6717296875 0.484375 0.6741796875 0.509765625 0.6967171875 0.5185546875 0.7060265625000001 0.5029296875 0.7212156249999999 0.51171875 0.7241546875 0.4736328125 0.7212156249999999 0.4287109375 0.7177859375 0.375 0.7123953125 0.353515625 0.6795687499999999 0.34765625 0.6727093749999999 0.39453125 0.6727093749999999 0.44140625
26 0.71680625 0.322265625 0.7177859375 0.3603515625 0.7212156249999999 0.4091796875 0.723175 0.4501953125 0.723175 0.4794921875 0.734934375 0.490234375 0.7491421875000001 0.4755859375 0.76188125 0.470703125 0.77168125 0.4580078125 0.766290625 0.4306640625 0.7599218750000001 0.4033203125 0.7555125 0.3662109375 0.7457125 0.3388671875 0.7329734375 0.30859375 0.71680625 0.322265625
27 0.7609015625 0.373046875 0.7599218750000001 0.4091796875 0.7726609375 0.4345703125 0.7888296875 0.419921875 0.8005875 0.4091796875 0.8152859375 0.3984375 0.8025484374999999 0.3603515625 0.7951984375000001 0.322265625 0.7907890625 0.2958984375 0.7809890625 0.259765625 0.757471875 0.27734375 0.757471875 0.3408203125 0.7609015625 0.373046875
28 0.8378249999999999 0.537109375 0.8206765624999999 0.513671875 0.803528125 0.486328125 0.7927484375 0.46875 0.77168125 0.4501953125 0.763840625 0.4990234375 0.7476734375 0.4990234375 0.7447328125 0.5244140625 0.7466921875 0.5419921875 0.7564921874999999 0.5654296875 0.773640625 0.5693359375 0.79176875 0.5869140625 0.8133265625 0.603515625 0.8304750000000001 0.603515625 0.826065625 0.578125 0.8108765625000001 0.5693359375 0.8054874999999999 0.5419921875 0.8162671874999999 0.5390625 0.8294953125 0.5478515625 0.8476234375 0.5546875 0.8378249999999999 0.537109375
3 0.6217546875 0.5546875 0.6281234375 0.578125 0.6374328125 0.6162109375 0.6452718749999999 0.654296875 0.6536015625 0.7119140625 0.667809375 0.716796875 0.667809375 0.66796875 0.6609499999999999 0.6142578125 0.6599703124999999 0.5654296875 0.6560515625 0.529296875 0.638903125 0.5390625 0.6237140625 0.53515625 0.6217546875 0.5546875
4 0.626653125 0.69921875 0.6246937499999999 0.625 0.6246937499999999 0.576171875 0.6173437500000001 0.5478515625 0.6055859375 0.5390625 0.5884375000000001 0.55859375 0.5903968749999999 0.5908203125 0.612934375 0.7236328125 0.6256734374999999 0.7490234375 0.626653125 0.69921875
5 0.5820671875000001 0.5693359375 0.57226875 0.552734375 0.560509375 0.560546875 0.5521796875 0.58203125 0.5531609375000001 0.607421875 0.5570796875 0.6416015625 0.56491875 0.6845703125 0.5776578125 0.7275390625 0.5894171874999999 0.763671875 0.6001953125 0.791015625 0.60460625 0.7744140625 0.60460625 0.740234375 0.6001953125 0.697265625 0.59480625 0.671875 0.5903968749999999 0.630859375 0.5874578125000001 0.5966796875 0.5820671875000001 0.5693359375
6 0.5296421875 0.669921875 0.5325828125000001 0.7255859375 0.53993125 0.7744140625 0.5531609375000001 0.76171875 0.5521796875 0.7294921875 0.54973125 0.671875 0.54973125 0.6181640625 0.54973125 0.58203125 0.5414015625 0.5654296875 0.5271921875000001 0.5673828125 0.521803125 0.599609375 0.5296421875 0.669921875
7 0.5178828125 0.7548828125 0.528171875 0.7509765625 0.5208234375 0.693359375 0.5198437499999999 0.6181640625 0.5198437499999999 0.5712890625 0.5007343750000001 0.5712890625 0.49730468749999995 0.60546875 0.501715625 0.669921875 0.5090640625 0.716796875 0.5178828125 0.7548828125
8 0.47182812500000004 0.7529296875 0.49093593750000003 0.7490234375 0.491915625 0.6953125 0.49387499999999995 0.6416015625 0.498284375 0.578125 0.47427656249999994 0.5732421875 0.47329687500000006 0.5966796875 0.4713375 0.62890625 0.475746875 0.673828125 0.47182812500000004 0.7529296875
9 0.45075937499999996 0.673828125 0.459578125 0.720703125 0.46643749999999995 0.748046875 0.46643749999999995 0.693359375 0.4683984375 0.640625 0.47329687500000006 0.6064453125 0.47427656249999994 0.5673828125 0.45075937499999996 0.5673828125 0.441940625 0.5693359375 0.44683906249999994 0.6181640625 0.45075937499999996 0.673828125
10 0.41058281250000006 0.5908203125 0.4066640625 0.64453125 0.402253125 0.712890625 0.395884375 0.771484375 0.41842187500000005 0.74609375 0.43018124999999996 0.71484375 0.43899999999999995 0.677734375 0.4448796875 0.640625 0.4448796875 0.6044921875 0.43899999999999995 0.5673828125 0.43018124999999996 0.5498046875 0.4135234375 0.5615234375 0.41058281250000006 0.5908203125
11 0.398334375 0.5439453125 0.386575 0.5419921875 0.375796875 0.5419921875 0.37285625 0.5732421875 0.3718765625 0.6162109375 0.370896875 0.650390625 0.3699171875 0.68359375 0.3581578125 0.75390625 0.36893750000000003 0.744140625 0.3855953125 0.71875 0.3944140625 0.671875 0.40029375 0.619140625 0.4066640625 0.5908203125 0.4066640625 0.5634765625 0.398334375 0.5439453125
12 0.3375796875 0.5458984375 0.3424796875 0.5712890625 0.3317 0.697265625 0.3307203125 0.740234375 0.347378125 0.71875 0.3591375 0.673828125 0.3640375 0.626953125 0.3699171875 0.5927734375 0.375796875 0.5595703125 0.3787359375 0.5244140625 0.362078125 0.5263671875 0.34541875 0.5283203125 0.3375796875 0.5458984375
15 0.237628125 0.619140625 0.223909375 0.64453125 0.23566875 0.640625 0.25134687499999997 0.6181640625 0.2665359375 0.6005859375 0.2782953125 0.5830078125 0.28809375 0.5712890625 0.299853125 0.5517578125 0.2988734375 0.5244140625 0.28809375 0.5048828125 0.279275 0.4970703125 0.274375 0.4794921875 0.2616359375 0.4716796875 0.2533078125 0.4931640625 0.2454671875 0.5185546875 0.23958906249999998 0.5498046875 0.2327296875 0.5771484375 0.2190109375 0.5966796875 0.21509062499999998 0.62109375 0.22782968750000002 0.6103515625 0.24056875 0.5947265625 0.2454671875 0.5712890625 0.25967656250000004 0.5537109375 0.258696875 0.5791015625 0.2523265625 0.5986328125 0.237628125 0.619140625
16 0.20823125 0.5927734375 0.21802968749999999 0.5673828125 0.22782968750000002 0.5419921875 0.24252812499999998 0.5126953125 0.2523265625 0.4931640625 0.2523265625 0.466796875 0.24448750000000002 0.451171875 0.2317484375 0.447265625 0.22195 0.4375 0.2111703125 0.42578125 0.2023515625 0.435546875 0.1994125 0.466796875 0.1945125 0.4990234375 0.180303125 0.5478515625 0.1837328125 0.5673828125 0.1886328125 0.5517578125 0.1954921875 0.5302734375 0.20431093749999998 0.5126953125 0.2111703125 0.5361328125 0.20333125000000002 0.5537109375 0.19647187500000002 0.5751953125 0.192553125 0.5947265625 0.20823125 0.5927734375