2 0.484375 0.7217046875 0.4404296875 0.725134375 0.41796875 0.730525 0.3974609375 0.73444375 0.392578125 0.7506125 0.435546875 0.7481625000000001 0.4697265625 0.7515921875 0.4970703125 0.7555125 0.5224609375 0.7633515625 0.546875 0.7633515625 0.564453125 0.7555125 0.572265625 0.7452234375 0.57421875 0.7339546875 0.56640625 0.723175 0.5498046875 0.716315625 0.5166015625 0.7192546875 0.484375 0.7217046875
13 0.5673828125 0.6687890624999999 0.537109375 0.6741796875 0.5048828125 0.6756484375 0.474609375 0.6756484375 0.4541015625 0.679078125 0.4345703125 0.688878125 0.4404296875 0.700146875 0.462890625 0.7006375 0.509765625 0.7055359375 0.5322265625 0.71190625 0.5615234375 0.718275 0.587890625 0.718275 0.6025390625 0.70945625 0.599609375 0.7006375 0.6064453125 0.6937781249999999 0.6123046875 0.6829984375 0.6044921875 0.6727093749999999 0.58984375 0.6687890624999999 0.5673828125 0.6687890624999999
17 0.501953125 0.638903125 0.4677734375 0.6418421875 0.4443359375 0.647721875 0.4501953125 0.6555609375 0.482421875 0.6555609375 0.5146484375 0.6580109375000001 0.546875 0.6629109375 0.58203125 0.6687890624999999 0.6064453125 0.6687890624999999 0.615234375 0.661440625 0.6240234375 0.652621875 0.6220703125 0.6418421875 0.6123046875 0.634003125 0.580078125 0.638903125 0.53515625 0.638903125 0.501953125 0.638903125
18 0.490234375 0.6124453125 0.4619140625 0.6124453125 0.462890625 0.6237140625 0.5048828125 0.6276328125 0.5771484375 0.6349828125 0.6044921875 0.634003125 0.6220703125 0.6398828125 0.63671875 0.6398828125 0.65234375 0.631553125 0.6474609375 0.6188140625 0.6298828125 0.612934375 0.619140625 0.6026453125 0.58203125 0.6011765625 0.53515625 0.6099953124999999 0.490234375 0.6124453125
19 0.4716796875 0.5825578124999999 0.4580078125 0.5874578125000001 0.4677734375 0.596765625 0.5244140625 0.601665625 0.5595703125 0.601665625 0.5966796875 0.6001953125 0.625 0.6050953125 0.6474609375 0.6011765625 0.654296875 0.5903968749999999 0.6416015625 0.576678125 0.6220703125 0.5688390625 0.5869140625 0.5712890625 0.5400390625 0.5727578125 0.4990234375 0.5786374999999999 0.4716796875 0.5825578124999999
20 0.4765625 0.556590625 0.5244140625 0.5614890625 0.57421875 0.56491875 0.5947265625 0.56981875 0.6171875 0.56981875 0.6416015625 0.57226875 0.6494140625 0.55855 0.646484375 0.54483125 0.619140625 0.5384609375 0.5673828125 0.5384609375 0.52734375 0.5384609375 0.4775390625 0.5389515625 0.4765625 0.556590625
21 0.4970703125 0.5159234374999999 0.4775390625 0.5203328125 0.482421875 0.5316015625 0.5244140625 0.5316015625 0.5546875 0.5316015625 0.583984375 0.5365015625 0.6123046875 0.5365015625 0.634765625 0.5389515625 0.6494140625 0.5350312500000001 0.6494140625 0.5227828125 0.6474609375 0.5026953125 0.5927734375 0.5002453124999999 0.5576171875 0.5046546875 0.5244140625 0.51004375 0.4970703125 0.5159234374999999
22 0.5166015625 0.46986718749999995 0.484375 0.4723171875 0.4580078125 0.4762375 0.4765625 0.48505624999999997 0.5126953125 0.4933859375 0.5478515625 0.4958359375 0.5673828125 0.498284375 0.5947265625 0.4997546875 0.634765625 0.501225 0.6474609375 0.48995625 0.6474609375 0.4762375 0.6474609375 0.464478125 0.6240234375 0.4634984375 0.587890625 0.4634984375 0.552734375 0.46986718749999995 0.5166015625 0.46986718749999995
30 0.552734375 0.46006875 0.591796875 0.46251875 0.646484375 0.46251875 0.65234375 0.44880000000000003 0.6513671875 0.4360609375 0.63671875 0.43116093749999995 0.5869140625 0.4360609375 0.5419921875 0.43753125 0.501953125 0.443409375 0.466796875 0.44977968749999997 0.4794921875 0.45761874999999996 0.552734375 0.46006875
29 0.5146484375 0.402253125 0.4765625 0.40715312499999995 0.439453125 0.4125421875 0.4541015625 0.42381250000000004 0.4970703125 0.4272421875 0.5546875 0.4272421875 0.580078125 0.4331203125 0.6103515625 0.43116093749999995 0.6298828125 0.4272421875 0.6416015625 0.4198921875 0.654296875 0.4081328125 0.6416015625 0.402253125 0.6220703125 0.3968640625 0.5927734375 0.398334375 0.552734375 0.3993140625 0.5146484375 0.402253125
23 0.44921875 0.387065625 0.4619140625 0.395884375 0.525390625 0.3924546875 0.572265625 0.3924546875 0.5947265625 0.398334375 0.626953125 0.393434375 0.63671875 0.3806953125 0.642578125 0.3718765625 0.6298828125 0.3645265625 0.6044921875 0.3630578125 0.5703125 0.370896875 0.517578125 0.373346875 0.4775390625 0.3806953125 0.44921875 0.387065625
24 0.494140625 0.345909375 0.455078125 0.3508078125 0.4599609375 0.362078125 0.5029296875 0.3581578125 0.5478515625 0.359628125 0.5693359375 0.362078125 0.583984375 0.365996875 0.599609375 0.36550781250000003 0.619140625 0.361096875 0.619140625 0.3517890625 0.6171875 0.3419890625 0.6025390625 0.3331703125 0.5751953125 0.33610937500000004 0.525390625 0.3444390625 0.494140625 0.345909375
25 0.494140625 0.3008328125 0.4619140625 0.3042625 0.4326171875 0.3042625 0.4541015625 0.3258203125 0.4853515625 0.3258203125 0.52734375 0.3258203125 0.5517578125 0.329740625 0.572265625 0.3331703125 0.6015625 0.3331703125 0.6142578125 0.32288125 0.609375 0.3081828125 0.609375 0.29789374999999996 0.59765625 0.28809375 0.5693359375 0.2871140625 0.52734375 0.2944640625 0.494140625 0.3008328125
26 0.4716796875 0.26065625 0.431640625 0.2616359375 0.4296875 0.2822140625 0.4716796875 0.2822140625 0.51171875 0.28319375 0.5390625 0.28809375 0.5673828125 0.28809375 0.587890625 0.281725 0.58984375 0.2640859375 0.5693359375 0.26065625 0.5625 0.2533078125 0.5478515625 0.2464484375 0.5224609375 0.2518375 0.4990234375 0.25575625 0.4716796875 0.26065625
28 0.671875 0.21705000000000002 0.66015625 0.22782968750000002 0.6494140625 0.23664843750000003 0.6328125 0.23909843749999998 0.6328125 0.22831875 0.6474609375 0.221459375 0.6669921875 0.2067609375 0.654296875 0.20137187499999998 0.6318359375 0.21068125000000001 0.6103515625 0.2204796875 0.5849609375 0.23321874999999997 0.5625 0.2508578125 0.56640625 0.26065625 0.5849609375 0.2616359375 0.6064453125 0.274375 0.6298828125 0.281725 0.6494140625 0.27535468750000003 0.6669921875 0.2645765625 0.6689453125 0.2518375 0.673828125 0.23958906249999998 0.6826171875 0.223909375 0.6826171875 0.207740625 0.671875 0.21705000000000002
1 0.716796875 0.3356203125 0.7490234375 0.3282703125 0.771484375 0.3233703125 0.7890625 0.3145515625 0.794921875 0.3042625 0.7724609375 0.3081828125 0.75 0.316021875 0.7275390625 0.316021875 0.732421875 0.3057328125 0.751953125 0.3018125 0.767578125 0.29544375 0.7822265625 0.2920140625 0.76953125 0.2846640625 0.7294921875 0.2915234375 0.6796875 0.29936250000000003 0.642578125 0.2920140625 0.6201171875 0.3018125 0.6171875 0.31308125000000003 0.625 0.3258203125 0.615234375 0.343459375 0.6318359375 0.3508078125 0.654296875 0.3532578125 0.673828125 0.349828125 0.6865234375 0.343459375 0.716796875 0.3356203125
3 0.70703125 0.349828125 0.6767578125 0.349828125 0.6552734375 0.354728125 0.6396484375 0.354728125 0.6396484375 0.3630578125 0.63671875 0.37432656249999996 0.64453125 0.384615625 0.681640625 0.387065625 0.7001953125 0.377265625 0.7275390625 0.3669765625 0.7548828125 0.359628125 0.7939453125 0.3493390625 0.822265625 0.3444390625 0.8291015625 0.3370890625 0.8115234375 0.3370890625 0.7724609375 0.341009375 0.7373046875 0.34688906249999996 0.70703125 0.349828125
4 0.677734375 0.38804531249999996 0.654296875 0.389515625 0.6474609375 0.402253125 0.6640625 0.412053125 0.6865234375 0.41940156249999994 0.716796875 0.4061734375 0.767578125 0.400784375 0.806640625 0.390984375 0.8369140625 0.379715625 0.830078125 0.370896875 0.7900390625 0.377265625 0.7451171875 0.382165625 0.7001953125 0.382165625 0.677734375 0.38804531249999996
5 0.7646484375 0.4086234375 0.7421875 0.4135234375 0.71484375 0.415971875 0.6923828125 0.41842187500000005 0.669921875 0.41842187500000005 0.6650390625 0.4272421875 0.654296875 0.43459062499999995 0.662109375 0.443409375 0.6796875 0.45075937499999996 0.70703125 0.44880000000000003 0.7275390625 0.443409375 0.7490234375 0.4336109375 0.787109375 0.42479218750000003 0.826171875 0.415971875 0.8515625 0.4061734375 0.8095703125 0.4061734375 0.787109375 0.4081328125 0.7646484375 0.4086234375
6 0.6640625 0.464478125 0.66015625 0.4747671875 0.677734375 0.47770625000000005 0.7275390625 0.4762375 0.767578125 0.4674171875 0.814453125 0.4610484375 0.83984375 0.45075937499999996 0.8076171875 0.45075937499999996 0.767578125 0.45125000000000004 0.7294921875 0.45125000000000004 0.7021484375 0.44977968749999997 0.6748046875 0.45369843750000005 0.6640625 0.464478125
7 0.6669921875 0.4997546875 0.681640625 0.5046546875 0.7314453125 0.5002453124999999 0.771484375 0.4948546875 0.8095703125 0.48995625 0.8125 0.47966718750000004 0.78125 0.48015625 0.7373046875 0.48015625 0.7041015625 0.48015625 0.6669921875 0.47770625000000005 0.662109375 0.48848593749999997 0.6669921875 0.4997546875
8 0.6640625 0.5134734375 0.6640625 0.52229375 0.6767578125 0.5237625 0.69140625 0.5252328125 0.7138671875 0.5247421875 0.7490234375 0.5227828125 0.798828125 0.52229375 0.8193359375 0.5110234375 0.779296875 0.508575 0.7392578125 0.5071046875 0.7021484375 0.503675 0.671875 0.503675 0.6640625 0.5134734375
9 0.6865234375 0.5541406249999999 0.708984375 0.5551203124999999 0.7919921875 0.54875 0.833984375 0.5453203125 0.8115234375 0.5384609375 0.7587890625 0.5340515625 0.7001953125 0.5286625 0.6640625 0.5252328125 0.66015625 0.53748125 0.6689453125 0.55365 0.6865234375 0.5541406249999999
10 0.6640625 0.56491875 0.6640625 0.5727578125 0.6640625 0.5835375 0.6845703125 0.5874578125000001 0.7822265625 0.5899062500000001 0.8115234375 0.5899062500000001 0.83203125 0.5825578124999999 0.8125 0.576678125 0.7919921875 0.5727578125 0.76953125 0.56736875 0.736328125 0.5639390625 0.71484375 0.5590390625 0.697265625 0.5541406249999999 0.6767578125 0.5600203125000001 0.6640625 0.56491875
11 0.6552734375 0.6060749999999999 0.6552734375 0.6139140624999999 0.673828125 0.6178343749999999 0.6875 0.6227343750000001 0.734375 0.6227343750000001 0.7822265625 0.626653125 0.8076171875 0.6276328125 0.826171875 0.6237140625 0.76953125 0.6080359375 0.724609375 0.597746875 0.7021484375 0.5889265625 0.681640625 0.5913765625 0.6650390625 0.597746875 0.6552734375 0.6060749999999999
12 0.677734375 0.6193046875 0.662109375 0.612934375 0.6494140625 0.6217546875 0.64453125 0.6330234375 0.6396484375 0.647721875 0.654296875 0.651640625 0.6669921875 0.652621875 0.69921875 0.652621875 0.740234375 0.6575203125 0.794921875 0.6619296875 0.8271484375 0.658990625 0.7998046875 0.6511515625000001 0.7451171875 0.6374328125 0.7041015625 0.631553125 0.6923828125 0.624203125 0.677734375 0.6193046875
14 0.7724609375 0.6967171875 0.8037109375 0.697696875 0.794921875 0.6903484375 0.767578125 0.6805484374999999 0.7392578125 0.675159375 0.7001953125 0.6687890624999999 0.6748046875 0.6555609375 0.646484375 0.6511515625000001 0.6220703125 0.654090625 0.6240234375 0.6776093750000001 0.6123046875 0.6878984375 0.6123046875 0.7016171875 0.6494140625 0.7065171875 0.671875 0.7040671875 0.7001953125 0.70700625 0.7275390625 0.71190625 0.759765625 0.718275 0.7822265625 0.718275 0.7646484375 0.70700625 0.732421875 0.6981875 0.724609375 0.6878984375 0.7548828125 0.6903484375 0.7724609375 0.6967171875
15 0.6064453125 0.711415625 0.591796875 0.7177859375 0.58984375 0.7315046875 0.5771484375 0.74179375 0.5771484375 0.7564921874999999 0.607421875 0.75943125 0.6572265625 0.7628609375 0.69140625 0.76678125 0.7265625 0.7702109375 0.744140625 0.7658015625 0.7421875 0.75698125 0.72265625 0.7452234375 0.7041015625 0.7339546875 0.669921875 0.723175 0.65234375 0.711415625 0.6240234375 0.702596875 0.6064453125 0.711415625
16 0.5693359375 0.7604109375 0.5625 0.7682515624999999 0.5673828125 0.7795203125 0.552734375 0.78686875 0.5478515625 0.7981374999999999 0.56640625 0.8054874999999999 0.58203125 0.8069578125 0.6025390625 0.8133265625 0.62890625 0.8157765625 0.66015625 0.81920625 0.6923828125 0.81920625 0.6962890625 0.81185625 0.689453125 0.7996078125 0.6640625 0.78686875 0.63671875 0.7721703125 0.6123046875 0.76433125 0.58984375 0.7589421875 0.5693359375 0.7604109375