2 0.58203125 0.269475 0.6025390625 0.26555625 0.607421875 0.2493875 0.564453125 0.2518375 0.5302734375 0.2484078125 0.5029296875 0.24448750000000002 0.4775390625 0.23664843750000003 0.453125 0.23664843750000003 0.435546875 0.24448750000000002 0.427734375 0.25477656249999997 0.42578125 0.2660453125 0.43359375 0.276825 0.4501953125 0.283684375 0.4833984375 0.2807453125 0.515625 0.2782953125 0.5595703125 0.274865625 0.58203125 0.269475
13 0.4951171875 0.3243515625 0.525390625 0.3243515625 0.5458984375 0.32092187499999997 0.5654296875 0.311121875 0.5595703125 0.299853125 0.537109375 0.29936250000000003 0.490234375 0.2944640625 0.4677734375 0.28809375 0.4384765625 0.281725 0.412109375 0.281725 0.3974609375 0.29054375 0.400390625 0.29936250000000003 0.3935546875 0.306221875 0.3876953125 0.3170015625 0.3955078125 0.327290625 0.41015625 0.33121093749999997 0.4326171875 0.33121093749999997 0.462890625 0.3258203125 0.4951171875 0.3243515625
17 0.5556640625 0.352278125 0.5498046875 0.3444390625 0.517578125 0.3444390625 0.4853515625 0.3419890625 0.453125 0.3370890625 0.41796875 0.33121093749999997 0.3935546875 0.33121093749999997 0.384765625 0.338559375 0.3759765625 0.347378125 0.3779296875 0.3581578125 0.3876953125 0.365996875 0.419921875 0.361096875 0.46484375 0.361096875 0.498046875 0.361096875 0.5322265625 0.3581578125 0.5556640625 0.352278125
18 0.537109375 0.3762859375 0.4951171875 0.3723671875 0.4228515625 0.3650171875 0.3955078125 0.365996875 0.3779296875 0.3601171875 0.36328125 0.3601171875 0.34765625 0.368446875 0.3525390625 0.3811859375 0.3701171875 0.387065625 0.380859375 0.39735468749999997 0.41796875 0.39882343750000004 0.46484375 0.3900046875 0.509765625 0.3875546875 0.5380859375 0.3875546875 0.537109375 0.3762859375
19 0.5322265625 0.403234375 0.4755859375 0.398334375 0.4404296875 0.398334375 0.4033203125 0.3998046875 0.375 0.3949046875 0.3525390625 0.39882343750000004 0.345703125 0.409603125 0.3583984375 0.42332187499999996 0.3779296875 0.43116093749999995 0.4130859375 0.4287109375 0.4599609375 0.4272421875 0.5009765625 0.42136250000000003 0.5283203125 0.4174421875 0.5419921875 0.4125421875 0.5322265625 0.403234375
20 0.42578125 0.43508125 0.4052734375 0.43018124999999996 0.3828125 0.43018124999999996 0.3583984375 0.42773125 0.3505859375 0.44145 0.353515625 0.45516875 0.380859375 0.4615390625 0.4326171875 0.4615390625 0.47265625 0.4615390625 0.5224609375 0.4610484375 0.5234375 0.443409375 0.4755859375 0.4385109375 0.42578125 0.43508125
21 0.517578125 0.4683984375 0.4755859375 0.4683984375 0.4453125 0.4683984375 0.416015625 0.4634984375 0.3876953125 0.4634984375 0.365234375 0.4610484375 0.3505859375 0.46496875 0.3505859375 0.4772171875 0.3525390625 0.49730468749999995 0.4072265625 0.4997546875 0.4423828125 0.4953453125 0.4755859375 0.48995625 0.5029296875 0.48407656250000003 0.5224609375 0.47966718750000004 0.517578125 0.4683984375
22 0.5419921875 0.5237625 0.5234375 0.51494375 0.4873046875 0.5066140625 0.4521484375 0.5041640625 0.4326171875 0.501715625 0.4052734375 0.5002453124999999 0.365234375 0.498775 0.3525390625 0.51004375 0.3525390625 0.5237625 0.3525390625 0.5355218749999999 0.3759765625 0.5365015625 0.412109375 0.5365015625 0.447265625 0.5301328125 0.4833984375 0.5301328125 0.515625 0.5276828124999999 0.5419921875 0.5237625
30 0.353515625 0.53748125 0.34765625 0.5511999999999999 0.3486328125 0.5639390625 0.36328125 0.5688390625 0.4130859375 0.5639390625 0.4580078125 0.5624687500000001 0.498046875 0.556590625 0.533203125 0.5502203125 0.5205078125 0.54238125 0.447265625 0.53993125 0.408203125 0.53748125 0.353515625 0.53748125
29 0.560546875 0.5874578125000001 0.5458984375 0.5761875 0.5029296875 0.5727578125 0.4453125 0.5727578125 0.419921875 0.5668796875 0.3896484375 0.5688390625 0.3701171875 0.5727578125 0.3583984375 0.5801078125 0.345703125 0.5918671875 0.3583984375 0.597746875 0.3779296875 0.6031359375 0.4072265625 0.601665625 0.447265625 0.6006859375 0.4853515625 0.597746875 0.5234375 0.592846875 0.560546875 0.5874578125000001
23 0.474609375 0.6075453125 0.427734375 0.6075453125 0.4052734375 0.601665625 0.373046875 0.606565625 0.36328125 0.6193046875 0.357421875 0.6281234375 0.3701171875 0.6354734375 0.3955078125 0.6369421875 0.4296875 0.629103125 0.482421875 0.626653125 0.5224609375 0.6193046875 0.55078125 0.612934375 0.5380859375 0.604115625 0.474609375 0.6075453125
24 0.5400390625 0.637921875 0.4970703125 0.6418421875 0.4521484375 0.640371875 0.4306640625 0.637921875 0.416015625 0.634003125 0.400390625 0.6344921875 0.380859375 0.638903125 0.380859375 0.6482109375 0.3828125 0.6580109375000001 0.3974609375 0.6668296875 0.4248046875 0.663890625 0.474609375 0.6555609375 0.505859375 0.654090625 0.544921875 0.6491921875 0.5400390625 0.637921875
25 0.5673828125 0.6957375 0.5458984375 0.6741796875 0.5146484375 0.6741796875 0.47265625 0.6741796875 0.4482421875 0.670259375 0.427734375 0.6668296875 0.3984375 0.6668296875 0.3857421875 0.67711875 0.390625 0.6918171875 0.390625 0.70210625 0.40234375 0.71190625 0.4306640625 0.7128859375000001 0.47265625 0.7055359375 0.505859375 0.6991671875 0.5380859375 0.6957375 0.5673828125 0.6957375
26 0.5703125 0.7177859375 0.5283203125 0.7177859375 0.48828125 0.71680625 0.4609375 0.71190625 0.4326171875 0.71190625 0.412109375 0.718275 0.41015625 0.7359140625 0.4306640625 0.73934375 0.4375 0.7466921875 0.4521484375 0.7535515625 0.4775390625 0.7481625000000001 0.5009765625 0.74424375 0.5283203125 0.73934375 0.568359375 0.7383640625 0.5703125 0.7177859375
28 0.3505859375 0.7633515625 0.3671875 0.7609015625 0.3671875 0.77168125 0.3525390625 0.778540625 0.3330078125 0.7932390625 0.345703125 0.798628125 0.3681640625 0.78931875 0.3896484375 0.7795203125 0.4150390625 0.76678125 0.4375 0.7491421875000001 0.43359375 0.73934375 0.4150390625 0.7383640625 0.3935546875 0.725625 0.3701171875 0.718275 0.3505859375 0.7246453125000001 0.3330078125 0.7354234374999999 0.3310546875 0.7481625000000001 0.326171875 0.7604109375 0.3173828125 0.7760906249999999 0.3173828125 0.792259375 0.328125 0.78295 0.33984375 0.7721703125 0.3505859375 0.7633515625
1 0.228515625 0.6766296875 0.2109375 0.6854484375000001 0.205078125 0.6957375 0.2275390625 0.6918171875 0.25 0.683978125 0.2724609375 0.683978125 0.267578125 0.6942671875 0.248046875 0.6981875 0.232421875 0.70455625 0.2177734375 0.7079859374999999 0.23046875 0.7153359375 0.2705078125 0.7084765625 0.3203125 0.7006375 0.357421875 0.7079859374999999 0.3798828125 0.6981875 0.3828125 0.68691875 0.375 0.6741796875 0.384765625 0.656540625 0.3681640625 0.6491921875 0.345703125 0.6467421875 0.326171875 0.6501718750000001 0.3134765625 0.656540625 0.283203125 0.6643796875 0.2509765625 0.6717296875 0.228515625 0.6766296875
3 0.3447265625 0.6452718749999999 0.3603515625 0.6452718749999999 0.3603515625 0.6369421875 0.36328125 0.6256734374999999 0.35546875 0.615384375 0.318359375 0.612934375 0.2998046875 0.6227343750000001 0.2724609375 0.6330234375 0.2451171875 0.640371875 0.2060546875 0.6506609375 0.177734375 0.6555609375 0.1708984375 0.6629109375 0.1884765625 0.6629109375 0.2275390625 0.658990625 0.2626953125 0.6531109374999999 0.29296875 0.6501718750000001 0.3232421875 0.6501718750000001 0.3447265625 0.6452718749999999
4 0.3525390625 0.597746875 0.3359375 0.587946875 0.3134765625 0.5805984375000001 0.283203125 0.5938265625 0.232421875 0.599215625 0.193359375 0.609015625 0.1630859375 0.620284375 0.169921875 0.629103125 0.2099609375 0.6227343750000001 0.2548828125 0.6178343749999999 0.2998046875 0.6178343749999999 0.322265625 0.6119546875 0.345703125 0.610484375 0.3525390625 0.597746875
5 0.28515625 0.584028125 0.3076171875 0.581578125 0.330078125 0.581578125 0.3349609375 0.5727578125 0.345703125 0.565409375 0.337890625 0.556590625 0.3203125 0.549240625 0.29296875 0.5511999999999999 0.2724609375 0.556590625 0.2509765625 0.5663890625 0.212890625 0.5752078125 0.173828125 0.584028125 0.1484375 0.5938265625 0.1904296875 0.5938265625 0.212890625 0.5918671875 0.2353515625 0.5913765625 0.2578125 0.5864765625 0.28515625 0.584028125
6 0.322265625 0.52229375 0.2724609375 0.5237625 0.232421875 0.5325828125000001 0.185546875 0.5389515625 0.16015625 0.549240625 0.1923828125 0.549240625 0.232421875 0.54875 0.2705078125 0.54875 0.2978515625 0.5502203125 0.3251953125 0.5463015625 0.3359375 0.5355218749999999 0.33984375 0.5252328125 0.322265625 0.52229375
7 0.2685546875 0.4997546875 0.228515625 0.5051453125 0.1904296875 0.51004375 0.1875 0.5203328125 0.21875 0.5198437499999999 0.2626953125 0.5198437499999999 0.2958984375 0.5198437499999999 0.3330078125 0.52229375 0.337890625 0.5115140625000001 0.3330078125 0.5002453124999999 0.318359375 0.4953453125 0.2685546875 0.4997546875
8 0.3232421875 0.4762375 0.30859375 0.4747671875 0.2861328125 0.47525781250000004 0.2509765625 0.4772171875 0.201171875 0.47770625000000005 0.1806640625 0.4889765625 0.220703125 0.491425 0.2607421875 0.49289531249999996 0.2978515625 0.496325 0.328125 0.496325 0.3359375 0.48652656250000004 0.3359375 0.47770625000000005 0.3232421875 0.4762375
9 0.2080078125 0.45125000000000004 0.166015625 0.4546796875 0.1884765625 0.4615390625 0.2412109375 0.4659484375 0.2998046875 0.4713375 0.3359375 0.4747671875 0.33984375 0.46251875 0.3310546875 0.44634999999999997 0.3134765625 0.44585937500000006 0.291015625 0.4448796875 0.2080078125 0.45125000000000004
10 0.3359375 0.4164625 0.3154296875 0.4125421875 0.2177734375 0.41009375 0.1884765625 0.41009375 0.16796875 0.4174421875 0.1875 0.42332187499999996 0.2080078125 0.4272421875 0.23046875 0.43263125 0.263671875 0.4360609375 0.28515625 0.4409609375 0.302734375 0.44585937500000006 0.3232421875 0.4399796875 0.3359375 0.43508125 0.3359375 0.4272421875 0.3359375 0.4164625
11 0.326171875 0.382165625 0.3125 0.377265625 0.265625 0.377265625 0.2177734375 0.373346875 0.1923828125 0.3723671875 0.173828125 0.3762859375 0.23046875 0.3919640625 0.275390625 0.402253125 0.2978515625 0.41107343749999997 0.318359375 0.4086234375 0.3349609375 0.402253125 0.3447265625 0.39392499999999997 0.3447265625 0.3860859375 0.326171875 0.382165625
12 0.3505859375 0.3782453125 0.35546875 0.3669765625 0.3603515625 0.352278125 0.345703125 0.34835937499999997 0.3330078125 0.347378125 0.30078125 0.347378125 0.259765625 0.3424796875 0.205078125 0.3380703125 0.1728515625 0.341009375 0.2001953125 0.3488484375 0.2548828125 0.3625671875 0.2958984375 0.368446875 0.3076171875 0.375796875 0.322265625 0.3806953125 0.337890625 0.387065625 0.3505859375 0.3782453125
14 0.205078125 0.3096515625 0.232421875 0.3194515625 0.2607421875 0.324840625 0.2998046875 0.33121093749999997 0.3251953125 0.3444390625 0.353515625 0.3488484375 0.3779296875 0.345909375 0.3759765625 0.32239062500000004 0.3876953125 0.3121015625 0.3876953125 0.2983828125 0.3505859375 0.2934828125 0.328125 0.2959328125 0.2998046875 0.29299375 0.2724609375 0.28809375 0.240234375 0.281725 0.2177734375 0.281725 0.2353515625 0.29299375 0.267578125 0.3018125 0.275390625 0.3121015625 0.2451171875 0.3096515625 0.2275390625 0.3032828125 0.1962890625 0.302303125 0.205078125 0.3096515625
15 0.41015625 0.26849531249999997 0.4228515625 0.25820625 0.4228515625 0.2435078125 0.392578125 0.24056875 0.3427734375 0.2371390625 0.30859375 0.23321874999999997 0.2734375 0.2297890625 0.255859375 0.2341984375 0.2578125 0.24301875 0.27734375 0.25477656249999997 0.2958984375 0.2660453125 0.330078125 0.276825 0.34765625 0.288584375 0.3759765625 0.297403125 0.3935546875 0.288584375 0.408203125 0.2822140625 0.41015625 0.26849531249999997
16 0.4326171875 0.2204796875 0.447265625 0.21313125 0.4521484375 0.2018625 0.43359375 0.1945125 0.41796875 0.1930421875 0.3974609375 0.1866734375 0.37109375 0.1842234375 0.33984375 0.18079375 0.3076171875 0.18079375 0.3037109375 0.18814375 0.310546875 0.2003921875 0.3359375 0.21313125 0.36328125 0.22782968750000002 0.3876953125 0.23566875 0.41015625 0.24105781249999997 0.4306640625 0.23958906249999998 0.4375 0.2317484375 0.4326171875 0.2204796875