31 0.6484375 0.7873593750000001 0.6416015625 0.8030375 0.6591796875 0.81185625 0.6689453125 0.8250859374999999 0.69140625 0.8319453125 0.72265625 0.8221453125 0.75390625 0.8128375 0.7861328125 0.8045078125 0.7900390625 0.7775593749999999 0.7548828125 0.7775593749999999 0.7021484375 0.7775593749999999 0.6630859375 0.7805 0.6484375 0.7873593750000001
2 0.6240234375 0.7491421875000001 0.5712890625 0.7506125 0.544921875 0.7555125 0.5361328125 0.76433125 0.5380859375 0.7741296875 0.552734375 0.780009375 0.552734375 0.7873593750000001 0.5625 0.7971578125 0.5888671875 0.7971578125 0.6162109375 0.79176875 0.6416015625 0.7834390625000001 0.6767578125 0.7775593749999999 0.7158203125 0.7726609375 0.751953125 0.7702109375 0.74609375 0.7579625 0.7158203125 0.752571875 0.6806640625 0.752571875 0.6240234375 0.7491421875000001
13 0.5244140625 0.6962265624999999 0.515625 0.7079859374999999 0.5087890625 0.7192546875 0.5205078125 0.730034375 0.5126953125 0.7427734375 0.5263671875 0.7481625000000001 0.55078125 0.7520828125000001 0.580078125 0.7491421875000001 0.6240234375 0.7398328125 0.662109375 0.73689375 0.7021484375 0.7329734375 0.7138671875 0.7109265625 0.6884765625 0.707496875 0.6298828125 0.7030875 0.556640625 0.6972078125000001 0.5244140625 0.6962265624999999
17 0.5263671875 0.661440625 0.5087890625 0.6687890624999999 0.5068359375 0.6795687499999999 0.5009765625 0.68691875 0.509765625 0.6962265624999999 0.5244140625 0.697696875 0.5498046875 0.697696875 0.5732421875 0.6937781249999999 0.59375 0.6937781249999999 0.625 0.691328125 0.6572265625 0.6849578125 0.6865234375 0.683978125 0.705078125 0.675159375 0.6796875 0.67075 0.6396484375 0.667809375 0.5849609375 0.6629109375 0.5263671875 0.661440625
18 0.5126953125 0.624203125 0.5009765625 0.6344921875 0.5009765625 0.6457625 0.484375 0.65458125 0.5 0.66585 0.521484375 0.6643796875 0.5615234375 0.658990625 0.6162109375 0.65703125 0.6689453125 0.6511515625000001 0.6982421875 0.6344921875 0.650390625 0.629103125 0.61328125 0.6256734374999999 0.568359375 0.624203125 0.5126953125 0.624203125
19 0.529296875 0.5899062500000001 0.4931640625 0.59970625 0.4697265625 0.6124453125 0.4873046875 0.620284375 0.5068359375 0.6261640625 0.544921875 0.624203125 0.6015625 0.624203125 0.6708984375 0.6232234375 0.70703125 0.6124453125 0.6796875 0.5982359374999999 0.6396484375 0.5952968750000001 0.580078125 0.5899062500000001 0.529296875 0.5899062500000001
20 0.482421875 0.55365 0.47265625 0.5639390625 0.478515625 0.5781484375 0.5009765625 0.5845171875 0.529296875 0.5845171875 0.5908203125 0.5801078125 0.6328125 0.5712890625 0.6806640625 0.569328125 0.6865234375 0.5546296875000001 0.650390625 0.55365 0.5859375 0.55365 0.521484375 0.55365 0.482421875 0.55365
21 0.5244140625 0.5046546875 0.48828125 0.5046546875 0.4609375 0.5071046875 0.4560546875 0.5232734375 0.4560546875 0.5350312500000001 0.47265625 0.541890625 0.49609375 0.5472812499999999 0.5234375 0.5472812499999999 0.5732421875 0.5458109375 0.6748046875 0.541890625 0.677734375 0.528171875 0.6572265625 0.5247421875 0.6103515625 0.51494375 0.5703125 0.5075937500000001 0.5244140625 0.5046546875
22 0.546875 0.45565937500000003 0.4970703125 0.45565937500000003 0.4677734375 0.4630078125 0.458984375 0.47035781249999997 0.458984375 0.48162656249999997 0.4580078125 0.49436562500000003 0.4794921875 0.4997546875 0.5126953125 0.501715625 0.546875 0.498775 0.5859375 0.496815625 0.619140625 0.49093593750000003 0.6708984375 0.4889765625 0.685546875 0.4713375 0.66796875 0.466928125 0.6298828125 0.4610484375 0.5947265625 0.45565937500000003 0.546875 0.45565937500000003
30 0.48828125 0.420871875 0.4755859375 0.42675156249999996 0.46484375 0.4409609375 0.484375 0.45125000000000004 0.50390625 0.45418906249999996 0.5302734375 0.45271875 0.564453125 0.44977968749999997 0.607421875 0.4492890625 0.6513671875 0.4448796875 0.66796875 0.4341015625 0.638671875 0.42822187500000003 0.5947265625 0.42675156249999996 0.5361328125 0.420871875 0.48828125 0.420871875
29 0.4736328125 0.38510468750000004 0.4619140625 0.395884375 0.4912109375 0.404703125 0.505859375 0.41058281250000006 0.5419921875 0.41499218750000005 0.607421875 0.4081328125 0.6923828125 0.39882343750000004 0.701171875 0.37922656250000003 0.6513671875 0.37775625 0.5830078125 0.374815625 0.5087890625 0.3762859375 0.4736328125 0.38510468750000004
23 0.5126953125 0.33610937500000004 0.4912109375 0.3380703125 0.4755859375 0.34296875 0.4853515625 0.3561984375 0.4853515625 0.3650171875 0.4853515625 0.374815625 0.5263671875 0.373346875 0.5947265625 0.373346875 0.6767578125 0.3615875 0.6865234375 0.35031875 0.6484375 0.34394843750000004 0.609375 0.3380703125 0.556640625 0.3366 0.5126953125 0.33610937500000004
24 0.49609375 0.3008328125 0.4853515625 0.3125921875 0.494140625 0.3243515625 0.509765625 0.3351296875 0.5615234375 0.3351296875 0.619140625 0.332190625 0.666015625 0.32778125 0.662109375 0.3189609375 0.6162109375 0.31308125000000003 0.5556640625 0.3052421875 0.515625 0.30279218750000003 0.49609375 0.3008328125
25 0.5244140625 0.24889687500000002 0.5205078125 0.2552671875 0.5068359375 0.261146875 0.50390625 0.274375 0.505859375 0.286134375 0.509765625 0.3008328125 0.533203125 0.30377343749999997 0.552734375 0.3013234375 0.59765625 0.29789374999999996 0.6337890625 0.29495312500000004 0.671875 0.292503125 0.6748046875 0.281725 0.6513671875 0.272415625 0.607421875 0.25820625 0.5615234375 0.2479171875 0.5244140625 0.24889687500000002
26 0.64453125 0.2185203125 0.6259765625 0.21509062499999998 0.609375 0.212640625 0.58984375 0.20382187499999999 0.572265625 0.20382187499999999 0.560546875 0.20627187500000002 0.5419921875 0.20823125 0.5390625 0.21558125 0.544921875 0.223909375 0.5302734375 0.22880937499999998 0.525390625 0.2341984375 0.533203125 0.24154843750000002 0.541015625 0.24693749999999998 0.5595703125 0.2484078125 0.583984375 0.249878125 0.6142578125 0.249878125 0.6376953125 0.2484078125 0.69140625 0.24742812500000003 0.701171875 0.22733906250000002 0.685546875 0.22587031249999998 0.6708984375 0.22488906250000001 0.6572265625 0.222440625 0.64453125 0.2185203125
27 0.7373046875 0.1886328125 0.7197265625 0.181284375 0.6953125 0.1773640625 0.681640625 0.17638437499999998 0.666015625 0.1773640625 0.6572265625 0.1822640625 0.6494140625 0.1920625 0.640625 0.1954921875 0.640625 0.2023515625 0.650390625 0.21215156249999997 0.654296875 0.21802968749999999 0.6669921875 0.22195 0.681640625 0.223909375 0.7109375 0.2234203125 0.7490234375 0.22195 0.767578125 0.2234203125 0.76953125 0.21705000000000002 0.7744140625 0.1999015625 0.7626953125 0.1935328125 0.7373046875 0.1886328125
28 0.421875 0.159725 0.421875 0.1660953125 0.4169921875 0.171975 0.404296875 0.1656046875 0.3837890625 0.159725 0.369140625 0.15825625000000001 0.365234375 0.1705046875 0.3828125 0.1778546875 0.388671875 0.18961250000000002 0.404296875 0.1984328125 0.4248046875 0.210190625 0.4453125 0.21215156249999997 0.4609375 0.20627187500000002 0.4775390625 0.1974515625 0.4951171875 0.192553125 0.498046875 0.185203125 0.4892578125 0.1700140625 0.4697265625 0.1616859375 0.44921875 0.15433593750000002 0.431640625 0.1469875 0.4091796875 0.1469875 0.421875 0.159725
0 0.3564453125 0.20578124999999997 0.3720703125 0.217540625 0.38671875 0.22831875 0.3662109375 0.231259375 0.341796875 0.22537968749999998 0.322265625 0.2165609375 0.3076171875 0.22195 0.32421875 0.23321874999999997 0.3544921875 0.24301875 0.376953125 0.2464484375 0.39453125 0.256246875 0.41015625 0.263596875 0.43359375 0.2714359375 0.4580078125 0.27535468750000003 0.4775390625 0.26849531249999997 0.4755859375 0.256246875 0.4755859375 0.2479171875 0.5009765625 0.24056875 0.5009765625 0.22782968750000002 0.48046875 0.223909375 0.4609375 0.21802968749999999 0.4462890625 0.21802968749999999 0.4287109375 0.2165609375 0.4091796875 0.207740625 0.3837890625 0.2018625 0.3515625 0.194021875 0.3271484375 0.192553125 0.3330078125 0.198921875 0.3564453125 0.20578124999999997
1 0.3310546875 0.25967656250000004 0.306640625 0.25379687500000003 0.2822265625 0.2493875 0.2822265625 0.2577171875 0.296875 0.26555625 0.3212890625 0.27290468749999997 0.3486328125 0.286134375 0.341796875 0.2939734375 0.322265625 0.2939734375 0.294921875 0.2876046875 0.2646484375 0.2802546875 0.2451171875 0.2802546875 0.2587890625 0.29054375 0.294921875 0.3013234375 0.3359375 0.3096515625 0.3662109375 0.31749218749999997 0.3896484375 0.3258203125 0.4091796875 0.33022968750000004 0.4287109375 0.333659375 0.439453125 0.3233703125 0.439453125 0.31308125000000003 0.44921875 0.30279218750000003 0.462890625 0.2920140625 0.46875 0.28123437500000004 0.44921875 0.2758453125 0.4169921875 0.274375 0.400390625 0.2738859375 0.3779296875 0.269965625 0.3544921875 0.263596875 0.3310546875 0.25967656250000004
3 0.388671875 0.3307203125 0.3515625 0.3287609375 0.318359375 0.327290625 0.2890625 0.3243515625 0.2646484375 0.319940625 0.2451171875 0.319940625 0.2509765625 0.33022968750000004 0.2880859375 0.3395390625 0.3193359375 0.349828125 0.3681640625 0.35766718750000004 0.400390625 0.3694265625 0.4169921875 0.36893750000000003 0.431640625 0.3601171875 0.4453125 0.3512984375 0.4306640625 0.341009375 0.4228515625 0.33415 0.4033203125 0.3287609375 0.388671875 0.3307203125
4 0.359375 0.365996875 0.3212890625 0.365996875 0.2861328125 0.3645265625 0.2509765625 0.3645265625 0.267578125 0.3762859375 0.2919921875 0.379715625 0.3212890625 0.388534375 0.3720703125 0.400784375 0.39453125 0.40372343749999995 0.4091796875 0.40372343749999995 0.4248046875 0.39735468749999997 0.439453125 0.388534375 0.43359375 0.3782453125 0.4169921875 0.3694265625 0.39453125 0.365996875 0.359375 0.365996875
5 0.3251953125 0.400784375 0.296875 0.39735468749999997 0.2646484375 0.39294531250000003 0.2333984375 0.388534375 0.2021484375 0.384125 0.181640625 0.39637500000000003 0.203125 0.4061734375 0.2294921875 0.41695312500000004 0.271484375 0.43018124999999996 0.328125 0.4409609375 0.357421875 0.4448796875 0.3837890625 0.443409375 0.4072265625 0.443409375 0.42578125 0.44242968749999995 0.4365234375 0.43116093749999995 0.4306640625 0.42283125000000005 0.4091796875 0.412053125 0.3896484375 0.4061734375 0.3564453125 0.40372343749999995 0.3251953125 0.400784375
6 0.2734375 0.45222968750000003 0.2412109375 0.45516875 0.2529296875 0.464478125 0.2822265625 0.47035781249999997 0.333984375 0.4728078125 0.3681640625 0.4747671875 0.4072265625 0.4772171875 0.4306640625 0.47329687500000006 0.4306640625 0.45859843749999996 0.427734375 0.44683906249999994 0.4033203125 0.441940625 0.3564453125 0.44683906249999994 0.3212890625 0.4492890625 0.2734375 0.45222968750000003
7 0.2705078125 0.4835859375 0.2392578125 0.48407656250000003 0.267578125 0.496815625 0.302734375 0.4997546875 0.3486328125 0.501715625 0.3974609375 0.506125 0.4248046875 0.505634375 0.4287109375 0.491425 0.4287109375 0.4791765625 0.404296875 0.4762375 0.369140625 0.4772171875 0.31640625 0.4821171875 0.2705078125 0.4835859375
8 0.2646484375 0.52229375 0.23828125 0.53748125 0.27734375 0.53748125 0.345703125 0.5360125 0.39453125 0.5355218749999999 0.416015625 0.5355218749999999 0.4306640625 0.5325828125000001 0.4306640625 0.5208234375 0.419921875 0.505634375 0.3798828125 0.5090640625 0.33984375 0.5134734375 0.30078125 0.5164140625 0.2646484375 0.52229375
9 0.2890625 0.54875 0.248046875 0.5521796875 0.224609375 0.5590390625 0.2646484375 0.56345 0.3916015625 0.5668796875 0.42578125 0.56345 0.4306640625 0.54875 0.42578125 0.5384609375 0.400390625 0.5345421875 0.3662109375 0.53748125 0.330078125 0.5433609374999999 0.2890625 0.54875
10 0.365234375 0.56981875 0.3369140625 0.5712890625 0.294921875 0.5786374999999999 0.2470703125 0.5903968749999999 0.193359375 0.608525 0.21875 0.6144046875 0.296875 0.608525 0.3388671875 0.608525 0.3896484375 0.604115625 0.4091796875 0.604115625 0.42578125 0.5982359374999999 0.439453125 0.5874578125000001 0.4462890625 0.5801078125 0.431640625 0.5752078125 0.416015625 0.56981875 0.392578125 0.5683484375 0.365234375 0.56981875
11 0.3740234375 0.615384375 0.3447265625 0.615384375 0.3154296875 0.6173437500000001 0.2919921875 0.6232234375 0.2509765625 0.63204375 0.2265625 0.6442921875 0.3486328125 0.6442921875 0.392578125 0.6442921875 0.4130859375 0.6438015625 0.4306640625 0.6398828125 0.443359375 0.6300828125 0.4365234375 0.6217546875 0.4228515625 0.615384375 0.3984375 0.6099953124999999 0.3740234375 0.615384375
12 0.3310546875 0.6555609375 0.2451171875 0.6732 0.265625 0.6805484374999999 0.328125 0.6810390625 0.3916015625 0.6805484374999999 0.42578125 0.6776093750000001 0.443359375 0.67075 0.44921875 0.658990625 0.4404296875 0.6511515625000001 0.431640625 0.6423328125000001 0.404296875 0.6442921875 0.369140625 0.64968125 0.3310546875 0.6555609375
14 0.4248046875 0.6776093750000001 0.39453125 0.68201875 0.357421875 0.68691875 0.3251953125 0.691328125 0.2998046875 0.697696875 0.2685546875 0.7060265625000001 0.25 0.7192546875 0.2646484375 0.7207250000000001 0.291015625 0.7109265625 0.3193359375 0.7016171875 0.3427734375 0.7016171875 0.357421875 0.7104359375 0.34765625 0.7207250000000001 0.310546875 0.7359140625 0.2822265625 0.74179375 0.2744140625 0.7506125 0.306640625 0.7496328125 0.333984375 0.7432624999999999 0.3681640625 0.7359140625 0.4091796875 0.7329734375 0.4345703125 0.7329734375 0.462890625 0.730034375 0.4697265625 0.723665625 0.474609375 0.7109265625 0.466796875 0.7030875 0.4580078125 0.692796875 0.4658203125 0.679078125 0.4453125 0.6687890624999999 0.4248046875 0.6776093750000001
15 0.4775390625 0.7359140625 0.4541015625 0.730034375 0.4365234375 0.7339546875 0.4169921875 0.74179375 0.3955078125 0.7476734375 0.3681640625 0.7579625 0.3388671875 0.7697203125 0.306640625 0.7819703125 0.294921875 0.789809375 0.3212890625 0.7878484375 0.341796875 0.7814796875 0.3779296875 0.7726609375 0.392578125 0.7805 0.3837890625 0.78931875 0.359375 0.79666875 0.34765625 0.8025484374999999 0.3193359375 0.8089171875 0.3369140625 0.8133265625 0.3681640625 0.8069578125 0.4013671875 0.7996078125 0.4248046875 0.7951984375000001 0.4462890625 0.791278125 0.4921875 0.7858890625 0.5107421875 0.77168125 0.498046875 0.7613921875 0.484375 0.7564921874999999 0.4892578125 0.7452234375 0.4775390625 0.7359140625
16 0.46875 0.8069578125 0.4580078125 0.79666875 0.439453125 0.792259375 0.4111328125 0.79666875 0.3955078125 0.805978125 0.3916015625 0.8147968750000001 0.3798828125 0.826065625 0.3720703125 0.8363546875000001 0.39453125 0.8309656249999999 0.4111328125 0.82655625 0.419921875 0.833415625 0.3974609375 0.8525234375 0.412109375 0.859871875 0.4345703125 0.858403125 0.451171875 0.8520328125000001 0.4775390625 0.8427234374999999 0.4990234375 0.8324343750000001 0.5068359375 0.8236156250000001 0.498046875 0.8143062499999999 0.484375 0.8074468749999999 0.46875 0.8069578125