16 0.24252812499999998 0.4736328125 0.2341984375 0.435546875 0.231259375 0.400390625 0.21362031250000002 0.34765625 0.20382187499999999 0.3330078125 0.1861828125 0.330078125 0.1754046875 0.3603515625 0.1754046875 0.392578125 0.180303125 0.427734375 0.18275312500000002 0.46484375 0.18275312500000002 0.49609375 0.1915734375 0.5234375 0.20921093750000003 0.5078125 0.22537968749999998 0.505859375 0.24252812499999998 0.5009765625 0.24252812499999998 0.4736328125
31 0.23664843750000003 0.55078125 0.22537968749999998 0.5361328125 0.21411093750000001 0.5361328125 0.2052921875 0.5546875 0.1974515625 0.578125 0.19647187500000002 0.6220703125 0.21999062500000002 0.6650390625 0.24742812500000003 0.71484375 0.27290468749999997 0.6826171875 0.2665359375 0.6572265625 0.25379687500000003 0.61328125 0.24252812499999998 0.5732421875 0.23664843750000003 0.55078125
27 0.78686875 0.59765625 0.7951984375000001 0.5751953125 0.7888296875 0.5556640625 0.782459375 0.5283203125 0.7751109375 0.5146484375 0.76188125 0.5234375 0.7555125 0.541015625 0.752571875 0.5654296875 0.746203125 0.5927734375 0.7413031250000001 0.6171875 0.7398328125 0.6552734375 0.7579625 0.6884765625 0.76433125 0.67578125 0.7726609375 0.650390625 0.7756000000000001 0.625 0.78686875 0.59765625
26 0.766290625 0.515625 0.7579625 0.4951171875 0.7491421875000001 0.4853515625 0.7378734375 0.4736328125 0.7261140625 0.46484375 0.7226843749999999 0.4853515625 0.7192546875 0.509765625 0.7177859375 0.5380859375 0.7128859375000001 0.5732421875 0.7128859375000001 0.625 0.727584375 0.64453125 0.738853125 0.6103515625 0.743753125 0.5771484375 0.7501218749999999 0.55078125 0.766290625 0.515625
25 0.7212156249999999 0.4697265625 0.7172953125 0.443359375 0.7035765625 0.443359375 0.691328125 0.43359375 0.6785890625000001 0.4375 0.675159375 0.46484375 0.6785890625000001 0.4951171875 0.6761390625 0.541015625 0.6712390625 0.59765625 0.6898578125 0.625 0.697696875 0.603515625 0.707496875 0.5673828125 0.7153359375 0.5205078125 0.7212156249999999 0.4697265625
24 0.6776093750000001 0.4501953125 0.6741796875 0.4248046875 0.663890625 0.41796875 0.6487015625 0.419921875 0.6447812500000001 0.4375 0.6462515625 0.4609375 0.6462515625 0.49609375 0.6462515625 0.5400390625 0.6462515625 0.5810546875 0.6575203125 0.59765625 0.6648703125 0.5751953125 0.6673203125 0.5361328125 0.667809375 0.4931640625 0.6776093750000001 0.4501953125
23 0.6462515625 0.4384765625 0.6438015625 0.4150390625 0.6359625 0.408203125 0.62714375 0.408203125 0.6158750000000001 0.41796875 0.611465625 0.435546875 0.6158750000000001 0.451171875 0.61979375 0.4736328125 0.620284375 0.49609375 0.625184375 0.5283203125 0.6286140625 0.5654296875 0.6398828125 0.578125 0.6423328125000001 0.5458984375 0.642821875 0.515625 0.6413515624999999 0.48046875 0.6462515625 0.4384765625
29 0.613425 0.427734375 0.608525 0.3984375 0.5987265625 0.388671875 0.5889265625 0.3935546875 0.5801078125 0.4111328125 0.5786374999999999 0.435546875 0.5845171875 0.462890625 0.5859875 0.48828125 0.5889265625 0.5283203125 0.59235625 0.5673828125 0.59970625 0.59765625 0.610975 0.5830078125 0.609015625 0.53515625 0.611465625 0.4755859375 0.613425 0.427734375
30 0.56491875 0.3876953125 0.5561 0.392578125 0.5507109375 0.40625 0.5482609375 0.42578125 0.5511999999999999 0.4658203125 0.5511999999999999 0.5 0.5511999999999999 0.52734375 0.5521796875 0.5556640625 0.5551203124999999 0.5849609375 0.5663890625 0.5732421875 0.5707984374999999 0.5234375 0.56981875 0.490234375 0.5732484375 0.4599609375 0.5776578125 0.4306640625 0.5761875 0.3974609375 0.56491875 0.3876953125
22 0.5384609375 0.447265625 0.5472812499999999 0.41015625 0.5409109375 0.388671875 0.5286625 0.3798828125 0.51739375 0.3798828125 0.505634375 0.390625 0.505634375 0.41796875 0.5080843749999999 0.447265625 0.5110234375 0.47265625 0.5110234375 0.5224609375 0.5134734375 0.5546875 0.5345421875 0.560546875 0.5345421875 0.5380859375 0.5360125 0.5126953125 0.5384609375 0.4755859375 0.5384609375 0.447265625
21 0.49730468749999995 0.4404296875 0.49730468749999995 0.4111328125 0.496815625 0.380859375 0.4835859375 0.380859375 0.4674171875 0.380859375 0.45859843749999996 0.3955078125 0.458109375 0.419921875 0.4630078125 0.4404296875 0.466928125 0.4677734375 0.469378125 0.5029296875 0.470846875 0.5380859375 0.47427656249999994 0.578125 0.485546875 0.587890625 0.4933859375 0.5634765625 0.4933859375 0.5322265625 0.4933859375 0.4873046875 0.49730468749999995 0.4404296875
20 0.458109375 0.427734375 0.458109375 0.400390625 0.44585937500000006 0.3876953125 0.43165156250000003 0.3935546875 0.425771875 0.4130859375 0.42675156249999996 0.435546875 0.429690625 0.46484375 0.43459062499999995 0.5 0.439490625 0.53515625 0.441940625 0.5732421875 0.45075937499999996 0.580078125 0.45418906249999996 0.560546875 0.45418906249999996 0.5234375 0.4546796875 0.47265625 0.458109375 0.427734375
19 0.420871875 0.4931640625 0.4243015625 0.4482421875 0.4243015625 0.416015625 0.414503125 0.4033203125 0.40715312499999995 0.392578125 0.39784375 0.3935546875 0.389025 0.408203125 0.38804531249999996 0.4326171875 0.393434375 0.470703125 0.393434375 0.5107421875 0.39539375 0.5625 0.398334375 0.599609375 0.41156249999999994 0.587890625 0.4179328125 0.5654296875 0.42038281250000004 0.5302734375 0.420871875 0.4931640625
18 0.389025 0.4248046875 0.3782453125 0.408203125 0.36795625 0.40234375 0.3557078125 0.408203125 0.3542375 0.42578125 0.359628125 0.4560546875 0.3615875 0.482421875 0.3640375 0.515625 0.36795625 0.5546875 0.36893750000000003 0.587890625 0.38020624999999997 0.603515625 0.386575 0.572265625 0.3831453125 0.509765625 0.389025 0.462890625 0.389025 0.4248046875
17 0.35766718750000004 0.4560546875 0.35031875 0.4306640625 0.3395390625 0.4306640625 0.3307203125 0.435546875 0.32288125 0.4501953125 0.33022968750000004 0.4775390625 0.3326796875 0.5009765625 0.3370890625 0.5283203125 0.34394843750000004 0.560546875 0.34688906249999996 0.58984375 0.3508078125 0.603515625 0.362078125 0.5927734375 0.3591375 0.54296875 0.3581578125 0.5 0.35766718750000004 0.4560546875
13 0.32778125 0.47265625 0.3214109375 0.455078125 0.3091625 0.443359375 0.30034375 0.447265625 0.2969125 0.462890625 0.28809375 0.451171875 0.276334375 0.4599609375 0.276334375 0.48828125 0.2827046875 0.515625 0.29299375 0.5380859375 0.2944640625 0.568359375 0.30279218750000003 0.615234375 0.3258203125 0.6201171875 0.3258203125 0.5830078125 0.3258203125 0.5478515625 0.32778125 0.5126953125 0.32778125 0.47265625
2 0.279275 0.5126953125 0.2738859375 0.4833984375 0.26310625 0.4833984375 0.25379687500000003 0.490234375 0.2464484375 0.5048828125 0.23909843749999998 0.5048828125 0.231259375 0.515625 0.23370937500000002 0.5478515625 0.2479171875 0.578125 0.2601671875 0.6259765625 0.27045625 0.6630859375 0.29005312499999997 0.640625 0.28662343749999997 0.60546875 0.28564375000000003 0.5703125 0.281725 0.5380859375 0.279275 0.5126953125
28 0.81920625 0.3779296875 0.8113671874999999 0.3984375 0.8015671875000001 0.419921875 0.79911875 0.3984375 0.8054874999999999 0.3779296875 0.8162671874999999 0.3583984375 0.8162671874999999 0.34375 0.804996875 0.35546875 0.793728125 0.37109375 0.782459375 0.3828125 0.76923125 0.392578125 0.7579625 0.4130859375 0.7564921874999999 0.4375 0.7604109375 0.4580078125 0.7677609375000001 0.4658203125 0.7751109375 0.4658203125 0.7741296875 0.48828125 0.78441875 0.5029296875 0.8054874999999999 0.470703125 0.8128375 0.443359375 0.8206765624999999 0.4150390625 0.8290046875 0.388671875 0.8290046875 0.36328125 0.81920625 0.3779296875
0 0.757471875 0.3955078125 0.76433125 0.365234375 0.771190625 0.3310546875 0.7726609375 0.302734375 0.763840625 0.3251953125 0.757471875 0.345703125 0.7501218749999999 0.3681640625 0.74179375 0.3623046875 0.7491421875000001 0.3427734375 0.757471875 0.3134765625 0.7677609375000001 0.2900390625 0.7579625 0.2900390625 0.746203125 0.30859375 0.736403125 0.330078125 0.7290546875 0.3486328125 0.7202359375 0.373046875 0.708965625 0.400390625 0.7050468750000001 0.427734375 0.7177859375 0.4453125 0.7290546875 0.4453125 0.7413031250000001 0.4658203125 0.755021875 0.455078125 0.755021875 0.4228515625 0.757471875 0.3955078125
1 0.7427734375 0.255859375 0.7329734375 0.267578125 0.723665625 0.2900390625 0.709946875 0.3173828125 0.700146875 0.318359375 0.6991671875 0.2958984375 0.7065171875 0.2724609375 0.7123953125 0.2529296875 0.718765625 0.228515625 0.707496875 0.23828125 0.6962265624999999 0.2509765625 0.6864281250000001 0.28515625 0.6785890625000001 0.3173828125 0.6687890624999999 0.34375 0.661440625 0.3623046875 0.6585 0.3857421875 0.6585 0.41015625 0.667809375 0.4150390625 0.681528125 0.4130859375 0.688878125 0.42578125 0.6986765625 0.4228515625 0.7060265625000001 0.4052734375 0.707496875 0.37109375 0.7148453124999999 0.3427734375 0.7266046875 0.3212890625 0.734934375 0.30078125 0.7427734375 0.2734375 0.7427734375 0.255859375
3 0.6741796875 0.28125 0.6761390625 0.2578125 0.6761390625 0.23046875 0.661440625 0.2353515625 0.652621875 0.255859375 0.6452718749999999 0.2763671875 0.6349828125 0.3251953125 0.6227343750000001 0.357421875 0.6173437500000001 0.375 0.6237140625 0.3828125 0.636453125 0.3955078125 0.6511515625000001 0.3955078125 0.6575203125 0.3798828125 0.6624203125 0.34765625 0.666340625 0.310546875 0.6741796875 0.28125
4 0.62959375 0.2001953125 0.62959375 0.17578125 0.620284375 0.2001953125 0.613425 0.240234375 0.60460625 0.2724609375 0.59970625 0.3203125 0.5874578125000001 0.3603515625 0.5938265625 0.3681640625 0.6011765625 0.375 0.6139140624999999 0.375 0.6237140625 0.35546875 0.6237140625 0.3203125 0.6227343750000001 0.2578125 0.62959375 0.2001953125
5 0.59235625 0.2080078125 0.59235625 0.16796875 0.5761875 0.1953125 0.56736875 0.2236328125 0.56491875 0.267578125 0.5624687500000001 0.3173828125 0.5531609375000001 0.3486328125 0.55365 0.3662109375 0.5624687500000001 0.3701171875 0.57716875 0.3701171875 0.5859875 0.3583984375 0.5874578125000001 0.318359375 0.5908875 0.283203125 0.5908875 0.2509765625 0.59235625 0.2080078125
6 0.5531609375000001 0.2099609375 0.54238125 0.2333984375 0.5345421875 0.275390625 0.5286625 0.3232421875 0.5262125 0.3623046875 0.5561 0.3603515625 0.5561 0.3232421875 0.5551203124999999 0.2802734375 0.561 0.228515625 0.5619796874999999 0.203125 0.5531609375000001 0.2099609375
7 0.5286625 0.2060546875 0.5193531250000001 0.2333984375 0.5134734375 0.265625 0.5095546875 0.3125 0.503675 0.3349609375 0.501225 0.36328125 0.5286625 0.357421875 0.530621875 0.3154296875 0.5345421875 0.267578125 0.5394421875 0.2353515625 0.5394421875 0.2080078125 0.5286625 0.2060546875
8 0.4997546875 0.1904296875 0.49093593750000003 0.2177734375 0.47966718750000004 0.263671875 0.47819687499999997 0.3037109375 0.4767265625 0.345703125 0.4772171875 0.365234375 0.5007343750000001 0.357421875 0.5007343750000001 0.3212890625 0.5007343750000001 0.294921875 0.5007343750000001 0.2626953125 0.5046546875 0.21875 0.4997546875 0.1904296875
9 0.4747671875 0.2177734375 0.4674171875 0.1875 0.4566390625 0.2138671875 0.45320937499999997 0.263671875 0.4473296875 0.318359375 0.4473296875 0.3662109375 0.459578125 0.3662109375 0.47182812500000004 0.35546875 0.47427656249999994 0.326171875 0.47427656249999994 0.29296875 0.4747671875 0.2578125 0.4747671875 0.2177734375
10 0.44439062500000004 0.2509765625 0.44439062500000004 0.21875 0.44439062500000004 0.1982421875 0.439490625 0.1826171875 0.430671875 0.1904296875 0.4243015625 0.22265625 0.41695312500000004 0.25390625 0.41548281249999997 0.28515625 0.414503125 0.3203125 0.415971875 0.3603515625 0.420871875 0.375 0.4331203125 0.375 0.441940625 0.365234375 0.44585937500000006 0.34765625 0.4473296875 0.318359375 0.44439062500000004 0.28515625 0.44439062500000004 0.2509765625
11 0.40715312499999995 0.3056640625 0.4042140625 0.2783203125 0.39784375 0.2607421875 0.390984375 0.232421875 0.384125 0.2138671875 0.37775625 0.220703125 0.38020624999999997 0.275390625 0.38020624999999997 0.3203125 0.38020624999999997 0.3583984375 0.3767765625 0.384765625 0.3904953125 0.380859375 0.400784375 0.3857421875 0.409603125 0.3798828125 0.415971875 0.365234375 0.409603125 0.337890625 0.40715312499999995 0.3056640625
12 0.3782453125 0.353515625 0.37432656249999996 0.3349609375 0.3640375 0.2978515625 0.35276874999999996 0.2578125 0.3419890625 0.240234375 0.3317 0.240234375 0.3282703125 0.255859375 0.34688906249999996 0.40234375 0.35766718750000004 0.400390625 0.36893750000000003 0.40234375 0.38020624999999997 0.40234375 0.386575 0.3876953125 0.37775625 0.384765625 0.3782453125 0.353515625
14 0.33904999999999996 0.37109375 0.3331703125 0.34765625 0.3258203125 0.3203125 0.3189609375 0.2880859375 0.3042625 0.255859375 0.292503125 0.240234375 0.29299375 0.2587890625 0.30377343749999997 0.28515625 0.3140625 0.3173828125 0.3091625 0.3408203125 0.30034375 0.3349609375 0.2876046875 0.3212890625 0.27045625 0.283203125 0.2567375 0.2685546875 0.26800625 0.3125 0.276334375 0.3427734375 0.284175 0.390625 0.29054375 0.4111328125 0.2944640625 0.4306640625 0.3081828125 0.427734375 0.3189609375 0.4150390625 0.3317 0.408203125 0.3444390625 0.408203125 0.34394843750000004 0.388671875 0.33904999999999996 0.37109375
15 0.28564375000000003 0.408203125 0.274375 0.3857421875 0.2640859375 0.3603515625 0.2493875 0.328125 0.23370937500000002 0.3173828125 0.222440625 0.326171875 0.2160703125 0.34375 0.236159375 0.4287109375 0.24252812499999998 0.4736328125 0.25379687500000003 0.4775390625 0.27045625 0.4609375 0.284175 0.4501953125 0.29054375 0.4287109375 0.28564375000000003 0.408203125