31 0.7486531249999999 0.625 0.7604109375 0.6123046875 0.7687406250000001 0.5869140625 0.7888296875 0.54296875 0.8000984375 0.4931640625 0.789809375 0.4833984375 0.7814796875 0.45703125 0.7726609375 0.4501953125 0.7628609375 0.453125 0.755021875 0.48046875 0.7486531249999999 0.51953125 0.743753125 0.5654296875 0.743753125 0.599609375 0.7486531249999999 0.625
2 0.7153359375 0.5224609375 0.7192546875 0.5595703125 0.730034375 0.58203125 0.74179375 0.5595703125 0.7476734375 0.5068359375 0.7540421875 0.46484375 0.7628609375 0.4423828125 0.7677609375000001 0.4150390625 0.7589421875 0.3994140625 0.751103125 0.392578125 0.7354234374999999 0.375 0.7212156249999999 0.376953125 0.7138656250000001 0.3994140625 0.718765625 0.4443359375 0.716315625 0.4853515625 0.7153359375 0.5224609375
13 0.711415625 0.41796875 0.6962265624999999 0.41796875 0.683978125 0.4267578125 0.6736890625 0.41796875 0.6766296875 0.447265625 0.680059375 0.4775390625 0.6903484375 0.5078125 0.6991671875 0.5322265625 0.7104359375 0.5302734375 0.711415625 0.4677734375 0.711415625 0.41796875
17 0.6531109374999999 0.5703125 0.661440625 0.5546875 0.663890625 0.5078125 0.661440625 0.4677734375 0.6648703125 0.4345703125 0.6712390625 0.3994140625 0.6673203125 0.3720703125 0.6521312499999999 0.365234375 0.6413515624999999 0.3779296875 0.6349828125 0.3974609375 0.6423328125000001 0.455078125 0.647721875 0.4931640625 0.6501718750000001 0.5205078125 0.6531109374999999 0.5703125
18 0.6207734375 0.5625 0.63204375 0.537109375 0.63204375 0.4794921875 0.63204375 0.4453125 0.636453125 0.419921875 0.6349828125 0.384765625 0.62959375 0.365234375 0.61979375 0.375 0.6050953125 0.3955078125 0.6026453125 0.421875 0.6099953124999999 0.45703125 0.6158750000000001 0.4951171875 0.6158750000000001 0.525390625 0.6207734375 0.5625
19 0.5820671875000001 0.5205078125 0.5820671875000001 0.5576171875 0.5884375000000001 0.6005859375 0.5962765625 0.5908203125 0.60215625 0.51171875 0.6050953125 0.466796875 0.6026453125 0.4345703125 0.6026453125 0.400390625 0.6095046875000001 0.392578125 0.60215625 0.3681640625 0.5908875 0.35546875 0.5820671875000001 0.3720703125 0.5732484375 0.3818359375 0.5712890625 0.4072265625 0.5810875 0.4755859375 0.5820671875000001 0.5205078125
20 0.5482609375 0.5380859375 0.5600203125000001 0.5400390625 0.5600203125000001 0.4970703125 0.56345 0.4482421875 0.5663890625 0.4150390625 0.5683484375 0.3876953125 0.5683484375 0.35546875 0.5546296875000001 0.349609375 0.53993125 0.349609375 0.5369921875 0.3798828125 0.5384609375 0.41796875 0.5433609374999999 0.4677734375 0.5458109375 0.5068359375 0.5482609375 0.5380859375
21 0.521803125 0.5419921875 0.5257234375000001 0.525390625 0.528171875 0.470703125 0.530621875 0.4306640625 0.5345421875 0.404296875 0.5369921875 0.3681640625 0.5311125 0.3427734375 0.5183734375 0.3369140625 0.5080843749999999 0.3427734375 0.496815625 0.3427734375 0.498284375 0.390625 0.508575 0.455078125 0.514453125 0.5 0.521803125 0.5419921875
22 0.475746875 0.5302734375 0.484565625 0.537109375 0.49240625 0.5146484375 0.49240625 0.47265625 0.491915625 0.4296875 0.4948546875 0.3955078125 0.4948546875 0.357421875 0.49093593750000003 0.33984375 0.4791765625 0.33984375 0.4683984375 0.3408203125 0.459578125 0.357421875 0.4610484375 0.392578125 0.46986718749999995 0.4482421875 0.47329687500000006 0.4931640625 0.475746875 0.5302734375
29 0.393434375 0.4970703125 0.393434375 0.5341796875 0.40715312499999995 0.529296875 0.41548281249999997 0.498046875 0.4179328125 0.466796875 0.4218515625 0.4404296875 0.4272421875 0.4267578125 0.4272421875 0.41015625 0.42283125000000005 0.3896484375 0.41156249999999994 0.375 0.400784375 0.3896484375 0.4056828125 0.4150390625 0.400784375 0.4375 0.3944140625 0.462890625 0.393434375 0.4970703125
23 0.37530625 0.5029296875 0.37285625 0.580078125 0.3811859375 0.58984375 0.391475 0.52734375 0.391475 0.4931640625 0.3944140625 0.455078125 0.40274374999999996 0.4248046875 0.403234375 0.4052734375 0.395884375 0.390625 0.386575 0.3720703125 0.37432656249999996 0.3720703125 0.36648749999999997 0.384765625 0.3645265625 0.412109375 0.37285625 0.4345703125 0.37530625 0.470703125 0.37530625 0.5029296875
24 0.3419890625 0.51953125 0.3444390625 0.568359375 0.3537484375 0.59765625 0.3625671875 0.5810546875 0.362078125 0.5224609375 0.3645265625 0.4892578125 0.3669765625 0.45703125 0.36893750000000003 0.4375 0.36550781250000003 0.4228515625 0.3566875 0.41015625 0.34541875 0.3955078125 0.3395390625 0.41015625 0.3317 0.421875 0.3351296875 0.4453125 0.33904999999999996 0.4873046875 0.3419890625 0.51953125
26 0.258696875 0.5322265625 0.262615625 0.5771484375 0.27045625 0.609375 0.284175 0.59765625 0.2876046875 0.552734375 0.29005312499999997 0.515625 0.29299375 0.4873046875 0.2964234375 0.462890625 0.2915234375 0.4404296875 0.28123437500000004 0.4296875 0.272415625 0.4375 0.26555625 0.453125 0.258696875 0.4443359375 0.2464484375 0.4619140625 0.25036718750000003 0.4970703125 0.258696875 0.5322265625
27 0.23517812500000002 0.6220703125 0.2479171875 0.6396484375 0.25379687500000003 0.60546875 0.25134687499999997 0.5693359375 0.24889687500000002 0.5322265625 0.2479171875 0.5078125 0.2464484375 0.482421875 0.23860781250000002 0.470703125 0.22537968749999998 0.4697265625 0.223909375 0.4931640625 0.21166093749999998 0.4951171875 0.210190625 0.51953125 0.21999062500000002 0.5625 0.22733906250000002 0.5927734375 0.23517812500000002 0.6220703125
0 0.2293 0.3095703125 0.217540625 0.2998046875 0.1959828125 0.345703125 0.2023515625 0.3681640625 0.20921093750000003 0.3955078125 0.21999062500000002 0.4248046875 0.23370937500000002 0.421875 0.2439984375 0.412109375 0.2479171875 0.3955078125 0.25918593749999996 0.39453125 0.262615625 0.375 0.261146875 0.349609375 0.2518375 0.337890625 0.240078125 0.3203125 0.2293 0.3095703125
1 0.2827046875 0.259765625 0.27290468749999997 0.2470703125 0.26506562499999997 0.2373046875 0.256246875 0.2333984375 0.2518375 0.251953125 0.2616359375 0.2607421875 0.26800625 0.27734375 0.269965625 0.2998046875 0.258696875 0.2900390625 0.25036718750000003 0.2783203125 0.23909843749999998 0.265625 0.2317484375 0.2666015625 0.237628125 0.29296875 0.2528171875 0.318359375 0.262615625 0.3544921875 0.276825 0.3818359375 0.284175 0.3623046875 0.28564375000000003 0.345703125 0.2969125 0.3505859375 0.30279218750000003 0.337890625 0.3067125 0.3173828125 0.30377343749999997 0.296875 0.292503125 0.2705078125 0.2827046875 0.259765625
3 0.35031875 0.3251953125 0.35031875 0.3046875 0.3268 0.177734375 0.31651093750000003 0.169921875 0.3076921875 0.1875 0.3076921875 0.2177734375 0.3091625 0.2578125 0.3125921875 0.2900390625 0.3125921875 0.318359375 0.3219015625 0.3330078125 0.3356203125 0.3427734375 0.35031875 0.3251953125
4 0.3831453125 0.2900390625 0.373346875 0.20703125 0.3718765625 0.1845703125 0.3645265625 0.1474609375 0.35276874999999996 0.1396484375 0.35276874999999996 0.1845703125 0.3557078125 0.224609375 0.35521875 0.255859375 0.35031875 0.283203125 0.3493390625 0.3076171875 0.3581578125 0.318359375 0.370896875 0.3271484375 0.384125 0.310546875 0.3831453125 0.2900390625
5 0.404703125 0.130859375 0.3919640625 0.1279296875 0.3968640625 0.1796875 0.3968640625 0.2197265625 0.403234375 0.287109375 0.40715312499999995 0.3056640625 0.41695312500000004 0.3203125 0.42675156249999996 0.3251953125 0.43165156250000003 0.3076171875 0.43802031250000006 0.28515625 0.42675156249999996 0.23046875 0.415971875 0.17578125 0.404703125 0.130859375
6 0.464478125 0.2900390625 0.45859843749999996 0.251953125 0.45418906249999996 0.1884765625 0.44292031249999997 0.162109375 0.4404703125 0.2099609375 0.43802031250000006 0.251953125 0.4360609375 0.283203125 0.439490625 0.3046875 0.4566390625 0.3056640625 0.464478125 0.2900390625
7 0.46496875 0.2255859375 0.46496875 0.2529296875 0.46496875 0.271484375 0.4674171875 0.2890625 0.4679078125 0.3076171875 0.4772171875 0.3125 0.48309687500000004 0.3125 0.4889765625 0.29296875 0.48750625000000003 0.2822265625 0.48260625 0.24609375 0.47868750000000004 0.2158203125 0.47427656249999994 0.1982421875 0.47035781249999997 0.1787109375 0.4630078125 0.1826171875 0.46496875 0.20703125 0.46496875 0.2255859375
8 0.496815625 0.314453125 0.51004375 0.30859375 0.5139640625 0.2939453125 0.5110234375 0.2607421875 0.505634375 0.22265625 0.5022046875 0.1728515625 0.4948546875 0.1728515625 0.49289531249999996 0.1953125 0.49093593750000003 0.21875 0.49093593750000003 0.2509765625 0.48946562499999996 0.2802734375 0.4879953125 0.3056640625 0.496815625 0.314453125
9 0.51494375 0.302734375 0.5203328125 0.31640625 0.533071875 0.314453125 0.5433609374999999 0.3017578125 0.54483125 0.2900390625 0.5409109375 0.2744140625 0.5262125 0.1806640625 0.5188640625 0.17578125 0.5115140625000001 0.1728515625 0.5120046874999999 0.1884765625 0.5120046874999999 0.2119140625 0.514453125 0.2353515625 0.514453125 0.2626953125 0.5134734375 0.2861328125 0.51494375 0.302734375
10 0.54483125 0.287109375 0.5521796875 0.2978515625 0.5595296875 0.3056640625 0.57226875 0.298828125 0.5752078125 0.2724609375 0.57471875 0.1806640625 0.571778125 0.1513671875 0.5629593749999999 0.1416015625 0.551690625 0.14453125 0.54973125 0.1708984375 0.5472812499999999 0.1904296875 0.54483125 0.2158203125 0.5433609374999999 0.2412109375 0.5414015625 0.265625 0.54483125 0.287109375
11 0.613425 0.2744140625 0.604115625 0.154296875 0.603625 0.126953125 0.59480625 0.13671875 0.587946875 0.1640625 0.5859875 0.19140625 0.5835375 0.2265625 0.5796171875 0.25 0.5776578125 0.2763671875 0.581578125 0.2880859375 0.5889265625 0.2978515625 0.5987265625 0.2998046875 0.606565625 0.29296875 0.613425 0.2744140625
12 0.6442921875 0.296875 0.6511515625000001 0.296875 0.6609499999999999 0.291015625 0.6673203125 0.2763671875 0.6560515625 0.1376953125 0.6506609375 0.1357421875 0.640371875 0.14453125 0.6335124999999999 0.16015625 0.6330234375 0.185546875 0.6325328125 0.2138671875 0.6305734375000001 0.2392578125 0.6281234375 0.26171875 0.6281234375 0.2822265625 0.6369421875 0.291015625 0.6442921875 0.296875
15 0.7383640625 0.32421875 0.74424375 0.333984375 0.7496328125 0.349609375 0.7682515624999999 0.2880859375 0.762371875 0.2734375 0.757471875 0.251953125 0.7486531249999999 0.25 0.7339546875 0.2548828125 0.7207250000000001 0.2548828125 0.7104359375 0.2646484375 0.7030875 0.2734375 0.6967171875 0.2880859375 0.7104359375 0.291015625 0.725134375 0.296875 0.73199375 0.30859375 0.7383640625 0.32421875
16 0.7496328125 0.3701171875 0.7535515625 0.3828125 0.7613921875 0.39453125 0.771190625 0.4091796875 0.7756000000000001 0.4248046875 0.7873593750000001 0.4140625 0.8054874999999999 0.3818359375 0.8147968750000001 0.3486328125 0.8084265625 0.3193359375 0.7976484375 0.3076171875 0.7819703125 0.3154296875 0.7765796875000001 0.322265625 0.76678125 0.3251953125 0.7560015625000001 0.3408203125 0.7506125 0.3525390625 0.7496328125 0.3701171875
30 0.46496875 0.546875 0.4674171875 0.5400390625 0.4683984375 0.521484375 0.4630078125 0.451171875 0.4561484375 0.337890625 0.4409609375 0.341796875 0.4292015625 0.3544921875 0.43018124999999996 0.3701171875 0.4336109375 0.4072265625 0.441940625 0.4677734375 0.44782031250000004 0.5107421875 0.46496875 0.546875
29 0.400784375 0.5556640625 0.3944140625 0.576171875 0.39882343750000004 0.5947265625 0.4056828125 0.6044921875 0.414503125 0.59375 0.43753125 0.5380859375 0.45026875000000005 0.4990234375 0.45565937500000003 0.48046875 0.47035781249999997 0.4560546875 0.475746875 0.435546875 0.4723171875 0.4189453125 0.457128125 0.400390625 0.4453703125 0.3916015625 0.43165156250000003 0.408203125 0.425771875 0.4482421875 0.4174421875 0.48046875 0.400784375 0.5556640625