31 0.244978125 0.51953125 0.25134687499999997 0.48046875 0.256246875 0.4345703125 0.256246875 0.400390625 0.25134687499999997 0.375 0.23958906249999998 0.3876953125 0.231259375 0.4130859375 0.2111703125 0.45703125 0.1999015625 0.5068359375 0.210190625 0.5166015625 0.2185203125 0.54296875 0.22733906250000002 0.5498046875 0.2371390625 0.546875 0.244978125 0.51953125
2 0.278784375 0.623046875 0.286134375 0.6005859375 0.28123437500000004 0.5556640625 0.283684375 0.5146484375 0.2846640625 0.4775390625 0.2807453125 0.4404296875 0.269965625 0.41796875 0.25820625 0.4404296875 0.2523265625 0.4931640625 0.2459578125 0.53515625 0.2371390625 0.5576171875 0.2322390625 0.5849609375 0.24105781249999997 0.6005859375 0.24889687500000002 0.607421875 0.2645765625 0.625 0.278784375 0.623046875
13 0.3096515625 0.4921875 0.3008328125 0.4677734375 0.2895640625 0.4697265625 0.288584375 0.5322265625 0.288584375 0.58203125 0.30377343749999997 0.58203125 0.316021875 0.5732421875 0.3263109375 0.58203125 0.3233703125 0.552734375 0.319940625 0.5224609375 0.3096515625 0.4921875
17 0.3650171875 0.6025390625 0.35766718750000004 0.544921875 0.352278125 0.5068359375 0.349828125 0.4794921875 0.34688906249999996 0.4296875 0.338559375 0.4453125 0.33610937500000004 0.4921875 0.338559375 0.5322265625 0.3351296875 0.5654296875 0.3287609375 0.6005859375 0.3326796875 0.6279296875 0.34786875 0.634765625 0.3586484375 0.6220703125 0.3650171875 0.6025390625
18 0.39735468749999997 0.578125 0.3900046875 0.54296875 0.384125 0.5048828125 0.384125 0.474609375 0.37922656250000003 0.4375 0.36795625 0.462890625 0.36795625 0.5205078125 0.36795625 0.5546875 0.363546875 0.580078125 0.3650171875 0.615234375 0.37040625 0.634765625 0.38020624999999997 0.625 0.3949046875 0.6044921875 0.39735468749999997 0.578125
19 0.4179328125 0.6279296875 0.42675156249999996 0.6181640625 0.4287109375 0.5927734375 0.41891249999999997 0.5244140625 0.4179328125 0.4794921875 0.4179328125 0.4423828125 0.41156249999999994 0.3994140625 0.40372343749999995 0.4091796875 0.39784375 0.48828125 0.3949046875 0.533203125 0.39735468749999997 0.5654296875 0.39735468749999997 0.599609375 0.3904953125 0.607421875 0.39784375 0.6318359375 0.4091125 0.64453125 0.4179328125 0.6279296875
20 0.4630078125 0.6201171875 0.4615390625 0.58203125 0.4566390625 0.5322265625 0.45418906249999996 0.4931640625 0.4517390625 0.4619140625 0.4399796875 0.4599609375 0.4399796875 0.5029296875 0.43655 0.5517578125 0.4336109375 0.5849609375 0.43165156250000003 0.6123046875 0.43165156250000003 0.64453125 0.4453703125 0.650390625 0.46006875 0.650390625 0.4630078125 0.6201171875
21 0.503184375 0.6572265625 0.501715625 0.609375 0.491425 0.544921875 0.485546875 0.5 0.47819687499999997 0.4580078125 0.47427656249999994 0.474609375 0.47182812500000004 0.529296875 0.469378125 0.5693359375 0.46545781249999996 0.595703125 0.4630078125 0.6318359375 0.4688875 0.6572265625 0.48162656249999997 0.6630859375 0.491915625 0.6572265625 0.503184375 0.6572265625
22 0.540421875 0.642578125 0.5389515625 0.607421875 0.5301328125 0.5517578125 0.5267031249999999 0.5068359375 0.524253125 0.4697265625 0.515434375 0.462890625 0.5075937500000001 0.4853515625 0.5075937500000001 0.52734375 0.5080843749999999 0.5703125 0.5051453125 0.6044921875 0.5051453125 0.642578125 0.5090640625 0.66015625 0.5208234375 0.66015625 0.5316015625 0.6591796875 0.540421875 0.642578125
29 0.599215625 0.6103515625 0.5943171875 0.5849609375 0.599215625 0.5625 0.6055859375 0.537109375 0.606565625 0.5029296875 0.606565625 0.4658203125 0.592846875 0.470703125 0.5845171875 0.501953125 0.5820671875000001 0.533203125 0.5781484375 0.5595703125 0.5727578125 0.5732421875 0.5727578125 0.58984375 0.57716875 0.6103515625 0.5884375000000001 0.625 0.599215625 0.6103515625
23 0.6335124999999999 0.615234375 0.6354734375 0.587890625 0.62714375 0.5654296875 0.6246937499999999 0.529296875 0.6246937499999999 0.4970703125 0.62714375 0.419921875 0.6188140625 0.41015625 0.608525 0.47265625 0.608525 0.5068359375 0.6055859375 0.544921875 0.59725625 0.5751953125 0.596765625 0.5947265625 0.604115625 0.609375 0.613425 0.6279296875 0.6256734374999999 0.6279296875 0.6335124999999999 0.615234375
24 0.6604609375 0.58984375 0.6683 0.578125 0.6648703125 0.5546875 0.6609499999999999 0.5126953125 0.6580109375000001 0.48046875 0.6555609375 0.431640625 0.6462515625 0.40234375 0.6374328125 0.4189453125 0.637921875 0.4775390625 0.6354734375 0.5107421875 0.6330234375 0.54296875 0.6310625 0.5625 0.6344921875 0.5771484375 0.6433125000000001 0.58984375 0.65458125 0.6044921875 0.6604609375 0.58984375
26 0.73444375 0.546875 0.7413031250000001 0.5556640625 0.7535515625 0.5380859375 0.7496328125 0.5029296875 0.7413031250000001 0.4677734375 0.737384375 0.4228515625 0.72954375 0.390625 0.7158249999999999 0.40234375 0.7123953125 0.447265625 0.709946875 0.484375 0.70700625 0.5126953125 0.7035765625 0.537109375 0.7084765625 0.5595703125 0.718765625 0.5703125 0.727584375 0.5625 0.73444375 0.546875
27 0.7883390625 0.5048828125 0.789809375 0.48046875 0.780009375 0.4375 0.7726609375 0.4072265625 0.764821875 0.3779296875 0.7520828125000001 0.3603515625 0.746203125 0.39453125 0.7486531249999999 0.4306640625 0.751103125 0.4677734375 0.7520828125000001 0.4921875 0.7535515625 0.517578125 0.7613921875 0.529296875 0.7746203125 0.5302734375 0.7760906249999999 0.5068359375 0.7883390625 0.5048828125
0 0.737384375 0.625 0.738853125 0.650390625 0.7481625000000001 0.662109375 0.7599218750000001 0.6796875 0.7706999999999999 0.6904296875 0.782459375 0.7001953125 0.8040171875000001 0.654296875 0.7976484375 0.6318359375 0.7907890625 0.6044921875 0.780009375 0.5751953125 0.766290625 0.578125 0.7560015625000001 0.587890625 0.7520828125000001 0.6044921875 0.7408140624999999 0.60546875 0.737384375 0.625
1 0.6972078125000001 0.662109375 0.6932875000000001 0.6826171875 0.6962265624999999 0.703125 0.707496875 0.7294921875 0.7172953125 0.740234375 0.7270953125 0.7529296875 0.734934375 0.7626953125 0.743753125 0.7666015625 0.7481625000000001 0.748046875 0.7383640625 0.7392578125 0.73199375 0.72265625 0.730034375 0.7001953125 0.7413031250000001 0.7099609375 0.7496328125 0.7216796875 0.7609015625 0.734375 0.7682515624999999 0.7333984375 0.762371875 0.70703125 0.7471828125 0.681640625 0.737384375 0.6455078125 0.723175 0.6181640625 0.7158249999999999 0.6376953125 0.71435625 0.654296875 0.7030875 0.6494140625 0.6972078125000001 0.662109375
3 0.6874078124999999 0.7099609375 0.6874078124999999 0.681640625 0.6780984375 0.6669921875 0.6643796875 0.6572265625 0.64968125 0.6748046875 0.64968125 0.6953125 0.6732 0.822265625 0.6834890625 0.830078125 0.6923078125 0.8125 0.6923078125 0.7822265625 0.6908375 0.7421875 0.6874078124999999 0.7099609375
4 0.6506609375 0.6923828125 0.6418421875 0.681640625 0.629103125 0.6728515625 0.6158750000000001 0.689453125 0.6168546874999999 0.7099609375 0.626653125 0.79296875 0.6281234375 0.8154296875 0.6354734375 0.8525390625 0.64723125 0.8603515625 0.64723125 0.8154296875 0.6442921875 0.775390625 0.6447812500000001 0.744140625 0.64968125 0.716796875 0.6506609375 0.6923828125
5 0.5683484375 0.6923828125 0.5619796874999999 0.71484375 0.5732484375 0.76953125 0.584028125 0.82421875 0.5952968750000001 0.869140625 0.6080359375 0.8720703125 0.6031359375 0.8203125 0.6031359375 0.7802734375 0.596765625 0.712890625 0.592846875 0.6943359375 0.583046875 0.6796875 0.5732484375 0.6748046875 0.5683484375 0.6923828125
6 0.5619796874999999 0.748046875 0.5639390625 0.716796875 0.560509375 0.6953125 0.5433609374999999 0.6943359375 0.5355218749999999 0.7099609375 0.5414015625 0.748046875 0.5458109375 0.8115234375 0.5570796875 0.837890625 0.5595296875 0.7900390625 0.5619796874999999 0.748046875
7 0.5257234375000001 0.8017578125 0.5296421875 0.8212890625 0.5369921875 0.8173828125 0.5350312500000001 0.79296875 0.5350312500000001 0.7744140625 0.5350312500000001 0.7470703125 0.5350312500000001 0.728515625 0.5325828125000001 0.7109375 0.5320921875 0.6923828125 0.5227828125 0.6875 0.516903125 0.6875 0.5110234375 0.70703125 0.51249375 0.7177734375 0.51739375 0.75390625 0.5213125 0.7841796875 0.5257234375000001 0.8017578125
8 0.5090640625 0.78125 0.5090640625 0.7490234375 0.510534375 0.7197265625 0.5120046874999999 0.6943359375 0.503184375 0.685546875 0.48995625 0.69140625 0.48603593749999996 0.7060546875 0.4889765625 0.7392578125 0.49436562500000003 0.77734375 0.4977953125 0.8271484375 0.5051453125 0.8271484375 0.5071046875 0.8046875 0.5090640625 0.78125
9 0.4879953125 0.7880859375 0.485546875 0.7646484375 0.485546875 0.7373046875 0.48652656250000004 0.7138671875 0.48505624999999997 0.697265625 0.47966718750000004 0.68359375 0.466928125 0.685546875 0.4566390625 0.6982421875 0.45516875 0.7099609375 0.45908906250000003 0.7255859375 0.4737875 0.8193359375 0.48113593750000005 0.82421875 0.48848593749999997 0.8271484375 0.4879953125 0.8115234375 0.4879953125 0.7880859375
10 0.45271875 0.8095703125 0.45516875 0.7841796875 0.4566390625 0.7587890625 0.45859843749999996 0.734375 0.45516875 0.712890625 0.44782031250000004 0.7021484375 0.4404703125 0.6943359375 0.42773125 0.701171875 0.42479218750000003 0.7275390625 0.42528125 0.8193359375 0.42822187500000003 0.8486328125 0.437040625 0.8583984375 0.448309375 0.85546875 0.45026875000000005 0.8291015625 0.45271875 0.8095703125
11 0.41842187500000005 0.7119140625 0.41107343749999997 0.7021484375 0.4012734375 0.7001953125 0.393434375 0.70703125 0.386575 0.7255859375 0.395884375 0.845703125 0.39637500000000003 0.873046875 0.40519375 0.86328125 0.412053125 0.8359375 0.4140125 0.80859375 0.4164625 0.7734375 0.42038281250000004 0.75 0.42234218749999997 0.7236328125 0.41842187500000005 0.7119140625
12 0.3694265625 0.7607421875 0.3718765625 0.73828125 0.3718765625 0.7177734375 0.3630578125 0.708984375 0.3557078125 0.703125 0.3488484375 0.703125 0.33904999999999996 0.708984375 0.3326796875 0.7236328125 0.34394843750000004 0.8623046875 0.3493390625 0.8642578125 0.359628125 0.85546875 0.36648749999999997 0.83984375 0.3669765625 0.814453125 0.3674671875 0.7861328125 0.3694265625 0.7607421875
15 0.3032828125 0.7119140625 0.2895640625 0.708984375 0.274865625 0.703125 0.26800625 0.69140625 0.2616359375 0.67578125 0.25575625 0.666015625 0.25036718750000003 0.650390625 0.2317484375 0.7119140625 0.237628125 0.7265625 0.24252812499999998 0.748046875 0.25134687499999997 0.75 0.2660453125 0.7451171875 0.279275 0.7451171875 0.2895640625 0.7353515625 0.2969125 0.7265625 0.3032828125 0.7119140625
16 0.2234203125 0.677734375 0.23321874999999997 0.6748046875 0.2439984375 0.6591796875 0.2493875 0.6474609375 0.25036718750000003 0.6298828125 0.2464484375 0.6171875 0.23860781250000002 0.60546875 0.22880937499999998 0.5908203125 0.22440000000000002 0.5751953125 0.212640625 0.5859375 0.1945125 0.6181640625 0.185203125 0.6513671875 0.1915734375 0.6806640625 0.2023515625 0.6923828125 0.21802968749999999 0.6845703125 0.2234203125 0.677734375
30 0.56981875 0.6298828125 0.5663890625 0.5927734375 0.558059375 0.5322265625 0.5521796875 0.4892578125 0.5350312500000001 0.453125 0.5325828125000001 0.4599609375 0.5316015625 0.478515625 0.5369921875 0.548828125 0.5438515625 0.662109375 0.5590390625 0.658203125 0.5707984374999999 0.6455078125 0.56981875 0.6298828125
29 0.5546296875000001 0.6083984375 0.5683484375 0.591796875 0.574228125 0.5517578125 0.5825578124999999 0.51953125 0.599215625 0.4443359375 0.6055859375 0.423828125 0.6011765625 0.4052734375 0.5943171875 0.3955078125 0.585496875 0.40625 0.5624687500000001 0.4619140625 0.54973125 0.5009765625 0.544340625 0.51953125 0.5296421875 0.5439453125 0.524253125 0.564453125 0.5276828124999999 0.5810546875 0.542871875 0.599609375 0.5546296875000001 0.6083984375