31 0.1366984375 0.4482421875 0.14845625 0.4619140625 0.1562953125 0.46484375 0.1700140625 0.4619140625 0.17834375 0.44921875 0.1773640625 0.4150390625 0.178834375 0.39453125 0.1842234375 0.369140625 0.1861828125 0.3408203125 0.1871625 0.3046875 0.15335625 0.306640625 0.1494359375 0.3359375 0.14502656249999998 0.373046875 0.1357171875 0.3857421875 0.125428125 0.400390625 0.1249390625 0.4169921875 0.13081875 0.4326171875 0.1366984375 0.4482421875
2 0.1945125 0.462890625 0.20333125000000002 0.4697265625 0.21313125 0.47265625 0.22292968750000003 0.46484375 0.23370937500000002 0.4443359375 0.2302796875 0.41796875 0.22733906250000002 0.380859375 0.222440625 0.3310546875 0.21459999999999999 0.2919921875 0.1871625 0.310546875 0.187653125 0.3369140625 0.185203125 0.3642578125 0.1798140625 0.384765625 0.17638437499999998 0.4072265625 0.1778546875 0.4296875 0.1793234375 0.4482421875 0.185203125 0.45703125 0.1945125 0.462890625
13 0.23909843749999998 0.4921875 0.2479171875 0.48828125 0.2523265625 0.4765625 0.2616359375 0.4912109375 0.2714359375 0.4912109375 0.2802546875 0.484375 0.28564375000000003 0.4619140625 0.286134375 0.4326171875 0.276825 0.388671875 0.2714359375 0.3544921875 0.2689859375 0.3037109375 0.24889687500000002 0.3037109375 0.24252812499999998 0.3408203125 0.24252812499999998 0.376953125 0.2371390625 0.40234375 0.2317484375 0.4169921875 0.2341984375 0.4384765625 0.2293 0.455078125 0.231259375 0.4794921875 0.23909843749999998 0.4921875
17 0.306221875 0.5 0.316021875 0.494140625 0.3243515625 0.46875 0.32239062500000004 0.4404296875 0.31749218749999997 0.3837890625 0.316021875 0.3251953125 0.304753125 0.3203125 0.292503125 0.3349609375 0.2895640625 0.373046875 0.2876046875 0.41015625 0.28564375000000003 0.43359375 0.28564375000000003 0.4580078125 0.28319375 0.4833984375 0.2895640625 0.50390625 0.30034375 0.5126953125 0.306221875 0.5
18 0.3542375 0.5029296875 0.3625671875 0.4814453125 0.362078125 0.45703125 0.3542375 0.4150390625 0.34541875 0.373046875 0.34296875 0.32421875 0.32288125 0.3291015625 0.32239062500000004 0.376953125 0.3233703125 0.4130859375 0.3268 0.4384765625 0.3243515625 0.4658203125 0.32239062500000004 0.4853515625 0.33022968750000004 0.505859375 0.34394843750000004 0.5146484375 0.3542375 0.5029296875
19 0.39735468749999997 0.517578125 0.4061734375 0.501953125 0.412053125 0.470703125 0.403234375 0.4287109375 0.39882343750000004 0.373046875 0.3919640625 0.3359375 0.3831453125 0.2900390625 0.363546875 0.2919921875 0.3625671875 0.3251953125 0.362078125 0.376953125 0.36550781250000003 0.423828125 0.362078125 0.458984375 0.3615875 0.484375 0.3645265625 0.505859375 0.3738359375 0.5185546875 0.386575 0.5283203125 0.39735468749999997 0.517578125
20 0.4439 0.5107421875 0.45320937499999997 0.4892578125 0.45026875000000005 0.4541015625 0.44977968749999997 0.41796875 0.4453703125 0.376953125 0.4385109375 0.283203125 0.40715312499999995 0.298828125 0.40715312499999995 0.33203125 0.41107343749999997 0.3837890625 0.4086234375 0.4296875 0.41107343749999997 0.45703125 0.41058281250000006 0.4873046875 0.41548281249999997 0.505859375 0.42773125 0.5107421875 0.4439 0.5107421875
21 0.498775 0.4462890625 0.5007343750000001 0.3720703125 0.49240625 0.3310546875 0.4835859375 0.29296875 0.457128125 0.3154296875 0.45369843750000005 0.365234375 0.45369843750000005 0.4091796875 0.4517390625 0.4423828125 0.4517390625 0.4775390625 0.458109375 0.4970703125 0.47819687499999997 0.5009765625 0.496815625 0.4775390625 0.498775 0.4462890625
22 0.5482609375 0.416015625 0.5526703125 0.361328125 0.5546296875000001 0.3193359375 0.5458109375 0.2958984375 0.5296421875 0.2958984375 0.521803125 0.3193359375 0.5139640625 0.3564453125 0.5075937500000001 0.3935546875 0.501225 0.4267578125 0.496815625 0.486328125 0.515434375 0.490234375 0.5340515625 0.490234375 0.5458109375 0.46875 0.5482609375 0.416015625
30 0.5820671875000001 0.4951171875 0.5864765625 0.4765625 0.5874578125000001 0.4482421875 0.5874578125000001 0.404296875 0.5952968750000001 0.3671875 0.59970625 0.3349609375 0.6011765625 0.306640625 0.57471875 0.3037109375 0.56345 0.345703125 0.558059375 0.400390625 0.551690625 0.4228515625 0.5458109375 0.4599609375 0.5472812499999999 0.4814453125 0.5551203124999999 0.4970703125 0.570309375 0.4970703125 0.5820671875000001 0.4951171875
29 0.6099953124999999 0.5166015625 0.62714375 0.5078125 0.631553125 0.4814453125 0.6305734375000001 0.4306640625 0.6349828125 0.376953125 0.6374328125 0.3310546875 0.6384125 0.3017578125 0.6227343750000001 0.28515625 0.615384375 0.3310546875 0.6095046875000001 0.36328125 0.6050953125 0.400390625 0.59970625 0.416015625 0.5908875 0.4443359375 0.5864765625 0.4853515625 0.5962765625 0.5029296875 0.6099953124999999 0.5166015625
23 0.667809375 0.5009765625 0.6741796875 0.474609375 0.6712390625 0.421875 0.6712390625 0.359375 0.6732 0.310546875 0.6536015625 0.3125 0.6511515625000001 0.361328125 0.6482109375 0.4052734375 0.640371875 0.4287109375 0.631553125 0.455078125 0.62959375 0.48828125 0.6384125 0.5009765625 0.65458125 0.5146484375 0.667809375 0.5009765625
24 0.7060265625000001 0.453125 0.7016171875 0.396484375 0.7016171875 0.33984375 0.6986765625 0.3212890625 0.6854484375000001 0.330078125 0.6834890625 0.376953125 0.679078125 0.419921875 0.6732 0.4462890625 0.6722187500000001 0.474609375 0.6776093750000001 0.4990234375 0.688878125 0.51171875 0.7030875 0.5029296875 0.7060265625000001 0.453125
25 0.7501218749999999 0.5078125 0.7589421875 0.490234375 0.7564921874999999 0.44921875 0.7555125 0.4140625 0.7555125 0.3544921875 0.7491421875000001 0.322265625 0.7192546875 0.328125 0.7192546875 0.365234375 0.7192546875 0.40234375 0.7153359375 0.431640625 0.707496875 0.458984375 0.707496875 0.490234375 0.723665625 0.513671875 0.7339546875 0.4990234375 0.7501218749999999 0.5078125
26 0.8084265625 0.4404296875 0.8005875 0.3984375 0.7971578125 0.3701171875 0.7888296875 0.328125 0.7790296875 0.3173828125 0.7633515625 0.3193359375 0.7564921874999999 0.33984375 0.7564921874999999 0.419921875 0.7613921875 0.4755859375 0.77315 0.4794921875 0.7888296875 0.4765625 0.8020578125 0.4677734375 0.8084265625 0.4404296875
27 0.8530125 0.3955078125 0.8451734375 0.3564453125 0.828515625 0.33203125 0.81185625 0.3056640625 0.796178125 0.2978515625 0.7971578125 0.3330078125 0.8000984375 0.359375 0.804996875 0.392578125 0.8074468749999999 0.423828125 0.8157765625 0.4501953125 0.8314546875 0.4541015625 0.8378249999999999 0.435546875 0.84909375 0.419921875 0.8530125 0.3955078125
28 0.8074468749999999 0.638671875 0.8162671874999999 0.62109375 0.8113671874999999 0.6015625 0.8030375 0.5732421875 0.8005875 0.5478515625 0.79911875 0.521484375 0.791278125 0.5009765625 0.778540625 0.501953125 0.7702109375 0.515625 0.7584515625 0.5126953125 0.7481625000000001 0.5234375 0.7447328125 0.5361328125 0.746203125 0.556640625 0.7584515625 0.5849609375 0.766290625 0.611328125 0.7834390625000001 0.66796875 0.79911875 0.6611328125 0.8074468749999999 0.638671875
0 0.7285640625 0.6767578125 0.746203125 0.70703125 0.7613921875 0.732421875 0.7697203125 0.7265625 0.7653109375 0.701171875 0.7491421875000001 0.6689453125 0.74179375 0.646484375 0.746203125 0.6396484375 0.7589421875 0.6572265625 0.76923125 0.66796875 0.77805 0.69140625 0.7834390625000001 0.671875 0.7751109375 0.6416015625 0.764821875 0.60546875 0.757471875 0.59375 0.752571875 0.5673828125 0.7466921875 0.5517578125 0.738853125 0.537109375 0.725134375 0.5380859375 0.7172953125 0.5537109375 0.7079859374999999 0.564453125 0.6981875 0.57421875 0.6923078125 0.5966796875 0.6967171875 0.61328125 0.71435625 0.642578125 0.7285640625 0.6767578125
3 0.6825078125 0.740234375 0.6766296875 0.69921875 0.6761390625 0.6572265625 0.6761390625 0.6298828125 0.6776093750000001 0.609375 0.6834890625 0.5830078125 0.6795687499999999 0.5634765625 0.6741796875 0.556640625 0.6648703125 0.548828125 0.6555609375 0.5439453125 0.6433125000000001 0.5537109375 0.6408625 0.5625 0.6408625 0.58203125 0.6462515625 0.609375 0.6536015625 0.6572265625 0.65948125 0.712890625 0.675159375 0.7470703125 0.6825078125 0.740234375
4 0.636453125 0.7470703125 0.6467421875 0.7470703125 0.6442921875 0.7216796875 0.6408625 0.6865234375 0.6413515624999999 0.65625 0.6433125000000001 0.623046875 0.6442921875 0.5986328125 0.6423328125000001 0.5830078125 0.6413515624999999 0.5654296875 0.636453125 0.5537109375 0.6281234375 0.54296875 0.61979375 0.546875 0.6080359375 0.564453125 0.604115625 0.5791015625 0.6070546875 0.599609375 0.613425 0.6162109375 0.618325 0.662109375 0.6227343750000001 0.708984375 0.6276328125 0.7392578125 0.636453125 0.7470703125
5 0.5903968749999999 0.72265625 0.60460625 0.736328125 0.6124453125 0.7197265625 0.6119546875 0.6845703125 0.611465625 0.63671875 0.6099953124999999 0.615234375 0.6055859375 0.599609375 0.6031359375 0.5849609375 0.60460625 0.572265625 0.5987265625 0.556640625 0.592846875 0.54296875 0.5869671875 0.5439453125 0.5820671875000001 0.5546875 0.5820671875000001 0.5654296875 0.579128125 0.587890625 0.5756984375 0.6142578125 0.57716875 0.6494140625 0.5820671875000001 0.6962890625 0.5903968749999999 0.72265625
6 0.5526703125 0.7470703125 0.5570796875 0.7216796875 0.5600203125000001 0.6962890625 0.5644296875 0.67578125 0.56736875 0.6513671875 0.570309375 0.6279296875 0.574228125 0.599609375 0.579128125 0.576171875 0.5820671875000001 0.5556640625 0.5810875 0.5380859375 0.5737390625 0.5380859375 0.5639390625 0.52734375 0.5546296875000001 0.517578125 0.549240625 0.529296875 0.5467906250000001 0.5546875 0.5463015625 0.583984375 0.5472812499999999 0.6357421875 0.5414015625 0.705078125 0.541890625 0.740234375 0.5526703125 0.7470703125
7 0.53993125 0.6796875 0.5467906250000001 0.62890625 0.544340625 0.59765625 0.5458109375 0.568359375 0.5482609375 0.5322265625 0.5433609374999999 0.521484375 0.533071875 0.5166015625 0.5203328125 0.513671875 0.5188640625 0.5341796875 0.5183734375 0.564453125 0.5203328125 0.62109375 0.5247421875 0.716796875 0.5311125 0.7373046875 0.5360125 0.708984375 0.53993125 0.6796875
8 0.5227828125 0.724609375 0.52229375 0.6865234375 0.5178828125 0.5810546875 0.5183734375 0.515625 0.5022046875 0.51171875 0.4889765625 0.515625 0.485546875 0.5390625 0.4904453125 0.576171875 0.4958359375 0.638671875 0.503184375 0.701171875 0.5120046874999999 0.7421875 0.5227828125 0.7568359375 0.5227828125 0.724609375
9 0.4977953125 0.7216796875 0.496325 0.7021484375 0.4948546875 0.6630859375 0.48995625 0.619140625 0.48750625000000003 0.568359375 0.484565625 0.517578125 0.4630078125 0.52734375 0.4517390625 0.5390625 0.45320937499999997 0.5595703125 0.46202812499999996 0.5986328125 0.4659484375 0.6328125 0.47182812500000004 0.677734375 0.485546875 0.7431640625 0.4958359375 0.7470703125 0.4977953125 0.7216796875
10 0.45125000000000004 0.7958984375 0.4566390625 0.77734375 0.46202812499999996 0.75 0.4659484375 0.7109375 0.46496875 0.68359375 0.4674171875 0.638671875 0.4615390625 0.59765625 0.45271875 0.5712890625 0.448309375 0.5478515625 0.43508125 0.546875 0.429690625 0.5625 0.42381250000000004 0.5859375 0.42528125 0.6142578125 0.42283125000000005 0.6572265625 0.42626093750000005 0.7431640625 0.43263125 0.76953125 0.4399796875 0.7939453125 0.45125000000000004 0.7958984375
11 0.414503125 0.8037109375 0.415971875 0.7197265625 0.4179328125 0.66015625 0.42234218749999997 0.5908203125 0.41940156249999994 0.5595703125 0.39735468749999997 0.5439453125 0.387065625 0.5478515625 0.384615625 0.576171875 0.38804531249999996 0.609375 0.38363593749999997 0.7314453125 0.391475 0.775390625 0.40372343749999995 0.7998046875 0.414503125 0.8037109375
12 0.37040625 0.71875 0.374815625 0.6767578125 0.38265625000000003 0.6259765625 0.387065625 0.591796875 0.381675 0.5517578125 0.3718765625 0.5458984375 0.357178125 0.5517578125 0.349828125 0.560546875 0.3463984375 0.591796875 0.3508078125 0.630859375 0.349828125 0.7158203125 0.349828125 0.7724609375 0.3615875 0.7578125 0.37040625 0.71875
14 0.28907343750000003 0.7177734375 0.2959328125 0.6982421875 0.3013234375 0.6728515625 0.3057328125 0.6455078125 0.31798125 0.634765625 0.3145515625 0.6640625 0.3125921875 0.69921875 0.3032828125 0.72265625 0.3091625 0.7490234375 0.31553125 0.72265625 0.32778125 0.701171875 0.33121093749999997 0.66796875 0.3395390625 0.626953125 0.34835937499999997 0.595703125 0.349828125 0.5537109375 0.3463984375 0.53515625 0.33415 0.5361328125 0.32239062500000004 0.541015625 0.31553125 0.5283203125 0.2959328125 0.5390625 0.29054375 0.560546875 0.2915234375 0.5830078125 0.2934828125 0.611328125 0.2871140625 0.65234375 0.283684375 0.6787109375 0.2782953125 0.70703125 0.28907343750000003 0.7177734375
15 0.21411093750000001 0.7158203125 0.22880937499999998 0.703125 0.2302796875 0.66796875 0.240078125 0.6298828125 0.2459578125 0.615234375 0.261146875 0.623046875 0.25477656249999997 0.6494140625 0.2459578125 0.6806640625 0.23909843749999998 0.7275390625 0.2508578125 0.71875 0.25967656250000004 0.7060546875 0.2660453125 0.6748046875 0.27290468749999997 0.638671875 0.2802546875 0.60546875 0.2895640625 0.5791015625 0.2895640625 0.548828125 0.2876046875 0.5283203125 0.2714359375 0.5234375 0.261146875 0.5263671875 0.2493875 0.51953125 0.23860781250000002 0.513671875 0.2327296875 0.51953125 0.22733906250000002 0.53515625 0.22880937499999998 0.568359375 0.2317484375 0.6005859375 0.22537968749999998 0.6416015625 0.21999062500000002 0.673828125 0.21411093750000001 0.7158203125
16 0.21362031250000002 0.689453125 0.21999062500000002 0.650390625 0.223909375 0.6181640625 0.2297890625 0.5888671875 0.2297890625 0.5517578125 0.2185203125 0.5283203125 0.20578124999999997 0.5078125 0.19010312499999998 0.525390625 0.1793234375 0.529296875 0.1724640625 0.5380859375 0.16903437500000001 0.5703125 0.17834375 0.599609375 0.181284375 0.66796875 0.18961250000000002 0.7001953125 0.2072515625 0.70703125 0.21362031250000002 0.689453125