2 0.7084765625 0.7890625 0.7226843749999999 0.763671875 0.7359140625 0.7392578125 0.7447328125 0.712890625 0.7457125 0.6884765625 0.73689375 0.6826171875 0.7290546875 0.6728515625 0.725134375 0.6513671875 0.71190625 0.6533203125 0.7016171875 0.673828125 0.6908375 0.7021484375 0.683978125 0.748046875 0.702596875 0.826171875 0.7084765625 0.7890625
13 0.6521312499999999 0.7431640625 0.6810390625 0.748046875 0.6898578125 0.7109375 0.6962265624999999 0.6796875 0.70945625 0.6494140625 0.718275 0.62109375 0.716315625 0.5859375 0.7060265625000001 0.583984375 0.697696875 0.572265625 0.6864281250000001 0.5595703125 0.6756484375 0.5595703125 0.665359375 0.58203125 0.658990625 0.6123046875 0.6536015625 0.65625 0.6521312499999999 0.7197265625 0.6521312499999999 0.7431640625
17 0.6438015625 0.7080078125 0.6491921875 0.66015625 0.65458125 0.6123046875 0.6668296875 0.5732421875 0.658990625 0.5595703125 0.6555609375 0.5400390625 0.6413515624999999 0.5556640625 0.6335124999999999 0.5810546875 0.6286140625 0.615234375 0.626653125 0.6455078125 0.624203125 0.673828125 0.6207734375 0.701171875 0.620284375 0.736328125 0.6305734375000001 0.7236328125 0.6438015625 0.7080078125
19 0.597746875 0.7236328125 0.601665625 0.6826171875 0.6075453125 0.625 0.6119546875 0.5810546875 0.618325 0.5419921875 0.6119546875 0.5263671875 0.60215625 0.51171875 0.5933359375 0.5185546875 0.583046875 0.5244140625 0.5756984375 0.5400390625 0.574228125 0.58984375 0.57471875 0.6357421875 0.5756984375 0.6884765625 0.574228125 0.73046875 0.597746875 0.7236328125
20 0.542871875 0.703125 0.5546296875000001 0.7109375 0.5624687500000001 0.7021484375 0.5663890625 0.6806640625 0.5688390625 0.6611328125 0.574228125 0.5908203125 0.576678125 0.533203125 0.5600203125000001 0.4814453125 0.542871875 0.5048828125 0.540421875 0.564453125 0.5340515625 0.619140625 0.53748125 0.6728515625 0.542871875 0.703125
21 0.5262125 0.677734375 0.5316015625 0.6533203125 0.5325828125000001 0.60546875 0.5384609375 0.5703125 0.542871875 0.513671875 0.5369921875 0.490234375 0.524253125 0.478515625 0.5095546875 0.4833984375 0.510534375 0.517578125 0.506125 0.5556640625 0.506125 0.5986328125 0.503184375 0.6298828125 0.503184375 0.677734375 0.510534375 0.6923828125 0.5262125 0.677734375
22 0.469378125 0.640625 0.4713375 0.6865234375 0.48162656249999997 0.71484375 0.491915625 0.7041015625 0.496815625 0.6787109375 0.498775 0.6318359375 0.5022046875 0.5771484375 0.5075937500000001 0.5263671875 0.5080843749999999 0.478515625 0.4835859375 0.4658203125 0.47035781249999997 0.4677734375 0.4659484375 0.4921875 0.466928125 0.529296875 0.4713375 0.568359375 0.4723171875 0.5986328125 0.469378125 0.640625
30 0.45418906249999996 0.6943359375 0.46006875 0.662109375 0.46006875 0.626953125 0.4634984375 0.5927734375 0.4679078125 0.5595703125 0.466928125 0.5263671875 0.466928125 0.474609375 0.45125000000000004 0.4716796875 0.4404703125 0.4814453125 0.430671875 0.5029296875 0.43165156250000003 0.5546875 0.429690625 0.5927734375 0.43165156250000003 0.6474609375 0.43655 0.6943359375 0.45418906249999996 0.6943359375
29 0.4086234375 0.6845703125 0.4174421875 0.7041015625 0.4272421875 0.6953125 0.42822187500000003 0.6318359375 0.429690625 0.5751953125 0.429690625 0.5380859375 0.4287109375 0.5048828125 0.4198921875 0.4921875 0.4042140625 0.494140625 0.4012734375 0.517578125 0.4042140625 0.552734375 0.409603125 0.58203125 0.41107343749999997 0.623046875 0.4086234375 0.6845703125
23 0.3723671875 0.70703125 0.38020624999999997 0.7216796875 0.38804531249999996 0.712890625 0.3919640625 0.6982421875 0.39784375 0.67578125 0.3968640625 0.6416015625 0.3998046875 0.609375 0.402253125 0.5791015625 0.402253125 0.5556640625 0.3998046875 0.517578125 0.3924546875 0.5009765625 0.38020624999999997 0.49609375 0.374815625 0.5205078125 0.3738359375 0.564453125 0.3738359375 0.623046875 0.37138593750000004 0.6669921875 0.3723671875 0.70703125
24 0.363546875 0.53125 0.34492968749999997 0.5615234375 0.347378125 0.638671875 0.347378125 0.6953125 0.3694265625 0.7080078125 0.37040625 0.63671875 0.3723671875 0.5966796875 0.373346875 0.5439453125 0.363546875 0.53125
25 0.3052421875 0.5810546875 0.3140625 0.6298828125 0.32288125 0.6796875 0.3287609375 0.7080078125 0.345909375 0.7021484375 0.34492968749999997 0.548828125 0.3331703125 0.5380859375 0.3243515625 0.5556640625 0.3121015625 0.5419921875 0.3052421875 0.5810546875
26 0.3076921875 0.6279296875 0.3057328125 0.5908203125 0.2988734375 0.5703125 0.2827046875 0.5576171875 0.276825 0.5810546875 0.2660453125 0.609375 0.27290468749999997 0.63671875 0.28123437500000004 0.677734375 0.28809375 0.7275390625 0.292503125 0.7431640625 0.3076921875 0.7275390625 0.3101421875 0.6796875 0.3076921875 0.6279296875
27 0.272415625 0.640625 0.25820625 0.6318359375 0.25036718750000003 0.654296875 0.23860781250000002 0.67578125 0.24301875 0.7080078125 0.25036718750000003 0.7412109375 0.2508578125 0.767578125 0.25918593749999996 0.787109375 0.2827046875 0.75 0.28123437500000004 0.712890625 0.2782953125 0.6708984375 0.272415625 0.640625
0 0.2895640625 0.384765625 0.29054375 0.4033203125 0.28564375000000003 0.4052734375 0.278784375 0.375 0.27045625 0.3505859375 0.261146875 0.337890625 0.2577171875 0.34765625 0.261146875 0.3701171875 0.2645765625 0.39453125 0.2670265625 0.419921875 0.2714359375 0.4482421875 0.27290468749999997 0.5 0.2871140625 0.515625 0.299853125 0.494140625 0.3057328125 0.5087890625 0.31749218749999997 0.5009765625 0.3243515625 0.490234375 0.3243515625 0.4677734375 0.3194515625 0.453125 0.3140625 0.4306640625 0.3067125 0.3974609375 0.3008328125 0.3603515625 0.29054375 0.326171875 0.279275 0.314453125 0.27192500000000003 0.3212890625 0.2758453125 0.333984375 0.2807453125 0.3486328125 0.28662343749999997 0.3681640625 0.2895640625 0.384765625
1 0.3380703125 0.33203125 0.3415 0.35546875 0.34051875 0.3701171875 0.33610937500000004 0.3759765625 0.32533124999999996 0.349609375 0.31651093750000003 0.3232421875 0.3091625 0.3017578125 0.30279218750000003 0.29296875 0.3042625 0.3154296875 0.31161249999999996 0.3525390625 0.31798125 0.384765625 0.3233703125 0.408203125 0.3233703125 0.4384765625 0.32239062500000004 0.4560546875 0.324840625 0.466796875 0.3258203125 0.478515625 0.332190625 0.4794921875 0.3351296875 0.486328125 0.3419890625 0.4853515625 0.34835937499999997 0.4716796875 0.3561984375 0.4736328125 0.3630578125 0.4775390625 0.373346875 0.4765625 0.3738359375 0.462890625 0.374815625 0.44921875 0.3723671875 0.4306640625 0.3650171875 0.41796875 0.3591375 0.3984375 0.354728125 0.3740234375 0.35031875 0.3408203125 0.34296875 0.3134765625 0.3356203125 0.2919921875 0.32778125 0.27734375 0.32239062500000004 0.287109375 0.33022968750000004 0.3056640625 0.3380703125 0.33203125
3 0.365996875 0.359375 0.36795625 0.384765625 0.36893750000000003 0.41015625 0.3699171875 0.4267578125 0.37432656249999996 0.4375 0.37432656249999996 0.44921875 0.374815625 0.4609375 0.38020624999999997 0.4580078125 0.3855953125 0.4638671875 0.39294531250000003 0.462890625 0.39784375 0.453125 0.40372343749999995 0.4453125 0.4061734375 0.431640625 0.4012734375 0.416015625 0.39294531250000003 0.392578125 0.38510468750000004 0.3525390625 0.373346875 0.30078125 0.3630578125 0.26953125 0.3537484375 0.263671875 0.34835937499999997 0.263671875 0.34835937499999997 0.275390625 0.3532578125 0.2919921875 0.3586484375 0.3115234375 0.3625671875 0.3349609375 0.365996875 0.359375
4 0.38510468750000004 0.31640625 0.390984375 0.34375 0.39735468749999997 0.3779296875 0.400784375 0.400390625 0.40372343749999995 0.4208984375 0.4066640625 0.431640625 0.4056828125 0.44140625 0.409603125 0.4482421875 0.41499218750000005 0.4560546875 0.42038281250000004 0.4619140625 0.42626093750000005 0.4521484375 0.4331203125 0.4443359375 0.4360609375 0.4287109375 0.43165156250000003 0.4052734375 0.42773125 0.384765625 0.42381250000000004 0.37109375 0.4135234375 0.326171875 0.404703125 0.2900390625 0.3998046875 0.2587890625 0.39294531250000003 0.2275390625 0.38804531249999996 0.2255859375 0.38265625000000003 0.244140625 0.3787359375 0.26953125 0.38265625000000003 0.2919921875 0.38510468750000004 0.31640625
5 0.43116093749999995 0.39453125 0.43508125 0.419921875 0.43753125 0.44140625 0.443409375 0.44921875 0.45369843750000005 0.4482421875 0.4639875 0.4501953125 0.46643749999999995 0.435546875 0.46251875 0.4130859375 0.4566390625 0.37890625 0.45026875000000005 0.3427734375 0.4404703125 0.30078125 0.4341015625 0.265625 0.4272421875 0.25 0.42038281250000004 0.251953125 0.41891249999999997 0.2744140625 0.4218515625 0.3046875 0.42479218750000003 0.3369140625 0.42773125 0.373046875 0.43116093749999995 0.39453125
6 0.4630078125 0.40625 0.46643749999999995 0.4326171875 0.469378125 0.4423828125 0.475746875 0.4404296875 0.48407656250000003 0.439453125 0.48603593749999996 0.4267578125 0.48407656250000003 0.412109375 0.48309687500000004 0.3876953125 0.47966718750000004 0.3515625 0.475746875 0.3271484375 0.469378125 0.3017578125 0.4615390625 0.27734375 0.4561484375 0.291015625 0.45516875 0.3076171875 0.45565937500000003 0.3349609375 0.45761874999999996 0.361328125 0.45859843749999996 0.384765625 0.4630078125 0.40625
7 0.48260625 0.3798828125 0.48407656250000003 0.39453125 0.484565625 0.4072265625 0.487015625 0.4228515625 0.485546875 0.435546875 0.48309687500000004 0.4443359375 0.498284375 0.4443359375 0.5075937500000001 0.4453125 0.508575 0.435546875 0.5075937500000001 0.42578125 0.5066140625 0.404296875 0.5046546875 0.376953125 0.503184375 0.34765625 0.498284375 0.3037109375 0.4933859375 0.291015625 0.485546875 0.2919921875 0.4835859375 0.302734375 0.4821171875 0.322265625 0.4821171875 0.3447265625 0.484565625 0.3603515625 0.48260625 0.3798828125
8 0.5095546875 0.3876953125 0.5080843749999999 0.4072265625 0.5080843749999999 0.4384765625 0.5134734375 0.439453125 0.5203328125 0.4384765625 0.5286625 0.44140625 0.5365015625 0.4384765625 0.537971875 0.431640625 0.5360125 0.4130859375 0.5360125 0.3896484375 0.5345421875 0.369140625 0.5320921875 0.3203125 0.5301328125 0.2958984375 0.5257234375000001 0.2724609375 0.516903125 0.26953125 0.508575 0.2744140625 0.5080843749999999 0.3115234375 0.510534375 0.3369140625 0.5120046874999999 0.365234375 0.5095546875 0.3876953125
9 0.5477703125 0.3369140625 0.5453203125 0.353515625 0.53993125 0.375 0.537971875 0.3916015625 0.5369921875 0.4052734375 0.53748125 0.4287109375 0.5369921875 0.439453125 0.541890625 0.4453125 0.5467906250000001 0.453125 0.5526703125 0.4580078125 0.5639390625 0.4453125 0.56736875 0.4345703125 0.5712890625 0.4189453125 0.57226875 0.4013671875 0.57471875 0.3779296875 0.5801078125 0.345703125 0.585496875 0.2890625 0.5820671875000001 0.2763671875 0.5737390625 0.267578125 0.5624687500000001 0.263671875 0.5546296875000001 0.275390625 0.5521796875 0.2890625 0.5477703125 0.3154296875 0.5477703125 0.3369140625
10 0.5825578124999999 0.3525390625 0.5761875 0.3916015625 0.571778125 0.4130859375 0.5668796875 0.443359375 0.579128125 0.4423828125 0.585496875 0.453125 0.592846875 0.4580078125 0.599215625 0.4658203125 0.604115625 0.4521484375 0.608525 0.4267578125 0.6124453125 0.3984375 0.6178343749999999 0.3603515625 0.618325 0.322265625 0.62224375 0.2724609375 0.6276328125 0.2392578125 0.6168546874999999 0.24609375 0.603625 0.2685546875 0.5957859375 0.2900390625 0.5903968749999999 0.3134765625 0.5825578124999999 0.3525390625
14 0.6624203125 0.3447265625 0.6555609375 0.361328125 0.6462515625 0.3681640625 0.6442921875 0.349609375 0.647721875 0.3271484375 0.6575203125 0.30078125 0.6687890624999999 0.279296875 0.6722187500000001 0.25390625 0.6599703124999999 0.2744140625 0.6457625 0.296875 0.6335124999999999 0.3115234375 0.6281234375 0.33203125 0.6217546875 0.3505859375 0.6188140625 0.3828125 0.611465625 0.4169921875 0.6070546875 0.435546875 0.60215625 0.46484375 0.611465625 0.4658203125 0.6178343749999999 0.4619140625 0.6276328125 0.4716796875 0.6344921875 0.484375 0.6442921875 0.484375 0.6536015625 0.4765625 0.6624203125 0.48046875 0.6692796875 0.4619140625 0.666340625 0.4423828125 0.6687890624999999 0.412109375 0.670259375 0.3896484375 0.6761390625 0.3642578125 0.6834890625 0.341796875 0.6893671875 0.32421875 0.6932875000000001 0.294921875 0.6854484375000001 0.2890625 0.681528125 0.30859375 0.6717296875 0.32421875 0.6624203125 0.3447265625
15 0.7006375 0.4169921875 0.7016171875 0.3984375 0.7035765625 0.3779296875 0.708965625 0.3603515625 0.71680625 0.345703125 0.7246453125000001 0.326171875 0.7128859375000001 0.32421875 0.7040671875 0.3359375 0.6967171875 0.357421875 0.6923078125 0.369140625 0.6834890625 0.40234375 0.6785890625000001 0.4248046875 0.6683 0.439453125 0.6683 0.45703125 0.6687890624999999 0.4716796875 0.65703125 0.4873046875 0.6575203125 0.501953125 0.6673203125 0.5078125 0.68201875 0.5029296875 0.695246875 0.51953125 0.7060265625000001 0.5166015625 0.7138656250000001 0.5302734375 0.718275 0.5166015625 0.7226843749999999 0.5048828125 0.7246453125000001 0.4931640625 0.728075 0.4619140625 0.728075 0.4384765625 0.73199375 0.40625 0.7378734375 0.373046875 0.738853125 0.341796875 0.730034375 0.3505859375 0.7212156249999999 0.365234375 0.7192546875 0.3818359375 0.7148453124999999 0.3984375 0.708965625 0.4228515625 0.7006375 0.4169921875
18 0.604115625 0.7470703125 0.618325 0.7119140625 0.624203125 0.6650390625 0.626653125 0.6220703125 0.6310625 0.5947265625 0.6374328125 0.56640625 0.6369421875 0.54296875 0.6207734375 0.5283203125 0.6075453125 0.533203125 0.6001953125 0.5693359375 0.5987265625 0.5966796875 0.5962765625 0.6240234375 0.596765625 0.6630859375 0.59480625 0.693359375 0.592846875 0.7236328125 0.604115625 0.7470703125