2 0.274865625 0.6513671875 0.2709453125 0.6728515625 0.26310625 0.6826171875 0.2542875 0.6884765625 0.2552671875 0.712890625 0.2640859375 0.7392578125 0.277315625 0.763671875 0.2915234375 0.7890625 0.297403125 0.826171875 0.316021875 0.748046875 0.3091625 0.7021484375 0.2983828125 0.673828125 0.28809375 0.6533203125 0.274865625 0.6513671875
13 0.33464062499999997 0.58203125 0.3243515625 0.5595703125 0.313571875 0.5595703125 0.302303125 0.572265625 0.2939734375 0.583984375 0.283684375 0.5859375 0.281725 0.62109375 0.29054375 0.6494140625 0.30377343749999997 0.6796875 0.3101421875 0.7109375 0.3189609375 0.748046875 0.34786875 0.7431640625 0.34786875 0.7197265625 0.3463984375 0.65625 0.341009375 0.6123046875 0.33464062499999997 0.58203125
17 0.373346875 0.6455078125 0.37138593750000004 0.615234375 0.36648749999999997 0.5810546875 0.3586484375 0.5556640625 0.3444390625 0.5400390625 0.341009375 0.5595703125 0.3331703125 0.5732421875 0.34541875 0.6123046875 0.3508078125 0.66015625 0.3561984375 0.7080078125 0.3694265625 0.7236328125 0.379715625 0.736328125 0.37922656250000003 0.701171875 0.375796875 0.673828125 0.373346875 0.6455078125
19 0.4243015625 0.5400390625 0.41695312500000004 0.5244140625 0.4066640625 0.5185546875 0.39784375 0.51171875 0.38804531249999996 0.5263671875 0.381675 0.5419921875 0.38804531249999996 0.5810546875 0.3924546875 0.625 0.398334375 0.6826171875 0.402253125 0.7236328125 0.425771875 0.73046875 0.4243015625 0.6884765625 0.42528125 0.6357421875 0.425771875 0.58984375 0.4243015625 0.5400390625
20 0.425771875 0.5908203125 0.43116093749999995 0.6611328125 0.4336109375 0.6806640625 0.43753125 0.7021484375 0.4453703125 0.7109375 0.457128125 0.703125 0.46251875 0.6728515625 0.4659484375 0.619140625 0.459578125 0.564453125 0.457128125 0.5048828125 0.4399796875 0.4814453125 0.42332187499999996 0.533203125 0.425771875 0.5908203125
21 0.49387499999999995 0.5556640625 0.48946562499999996 0.517578125 0.4904453125 0.4833984375 0.475746875 0.478515625 0.4630078125 0.490234375 0.457128125 0.513671875 0.4615390625 0.5703125 0.4674171875 0.60546875 0.4683984375 0.6533203125 0.4737875 0.677734375 0.48946562499999996 0.6923828125 0.496815625 0.677734375 0.496815625 0.6298828125 0.49387499999999995 0.5986328125 0.49387499999999995 0.5556640625
22 0.5340515625 0.4921875 0.5296421875 0.4677734375 0.5164140625 0.4658203125 0.491915625 0.478515625 0.49240625 0.5263671875 0.4977953125 0.5771484375 0.501225 0.6318359375 0.503184375 0.6787109375 0.5080843749999999 0.7041015625 0.5183734375 0.71484375 0.5286625 0.6865234375 0.530621875 0.640625 0.5276828124999999 0.5986328125 0.5286625 0.568359375 0.533071875 0.529296875 0.5340515625 0.4921875
30 0.569328125 0.5029296875 0.5595296875 0.4814453125 0.54875 0.4716796875 0.533071875 0.474609375 0.533071875 0.5263671875 0.5320921875 0.5595703125 0.5365015625 0.5927734375 0.53993125 0.626953125 0.53993125 0.662109375 0.5458109375 0.6943359375 0.56345 0.6943359375 0.5683484375 0.6474609375 0.570309375 0.5927734375 0.5683484375 0.5546875 0.569328125 0.5029296875
29 0.5801078125 0.4921875 0.5712890625 0.5048828125 0.570309375 0.5380859375 0.570309375 0.5751953125 0.571778125 0.6318359375 0.5727578125 0.6953125 0.5825578124999999 0.7041015625 0.5913765625 0.6845703125 0.5889265625 0.623046875 0.5903968749999999 0.58203125 0.5957859375 0.552734375 0.5987265625 0.517578125 0.5957859375 0.494140625 0.5801078125 0.4921875
23 0.6261640625 0.564453125 0.625184375 0.5205078125 0.61979375 0.49609375 0.6075453125 0.5009765625 0.6001953125 0.517578125 0.597746875 0.5556640625 0.597746875 0.5791015625 0.6001953125 0.609375 0.6031359375 0.6416015625 0.60215625 0.67578125 0.6080359375 0.6982421875 0.6119546875 0.712890625 0.61979375 0.7216796875 0.6276328125 0.70703125 0.6286140625 0.6669921875 0.6261640625 0.623046875 0.6261640625 0.564453125
24 0.62959375 0.63671875 0.6305734375000001 0.7080078125 0.652621875 0.6953125 0.652621875 0.638671875 0.6550703125 0.5615234375 0.636453125 0.53125 0.626653125 0.5439453125 0.6276328125 0.5966796875 0.62959375 0.63671875
25 0.6878984375 0.5419921875 0.6756484375 0.5556640625 0.6668296875 0.5380859375 0.6550703125 0.548828125 0.654090625 0.7021484375 0.6712390625 0.7080078125 0.67711875 0.6796875 0.6859375 0.6298828125 0.6947578125 0.5810546875 0.6878984375 0.5419921875
26 0.7339546875 0.609375 0.723175 0.5810546875 0.7172953125 0.5576171875 0.7011265625 0.5703125 0.6942671875 0.5908203125 0.6923078125 0.6279296875 0.6898578125 0.6796875 0.6923078125 0.7275390625 0.707496875 0.7431640625 0.71190625 0.7275390625 0.718765625 0.677734375 0.7270953125 0.63671875 0.7339546875 0.609375
27 0.7613921875 0.67578125 0.7496328125 0.654296875 0.74179375 0.6318359375 0.727584375 0.640625 0.7217046875 0.6708984375 0.718765625 0.712890625 0.7172953125 0.75 0.7408140624999999 0.787109375 0.7491421875000001 0.767578125 0.7496328125 0.7412109375 0.75698125 0.7080078125 0.7613921875 0.67578125
0 0.7329734375 0.419921875 0.7354234374999999 0.39453125 0.738853125 0.3701171875 0.7422828124999999 0.34765625 0.738853125 0.337890625 0.72954375 0.3505859375 0.7212156249999999 0.375 0.71435625 0.4052734375 0.70945625 0.4033203125 0.7104359375 0.384765625 0.7133765624999999 0.3681640625 0.7192546875 0.3486328125 0.7241546875 0.333984375 0.728075 0.3212890625 0.7207250000000001 0.314453125 0.70945625 0.326171875 0.6991671875 0.3603515625 0.6932875000000001 0.3974609375 0.6859375 0.4306640625 0.6805484374999999 0.453125 0.6756484375 0.4677734375 0.6756484375 0.490234375 0.6825078125 0.5009765625 0.6942671875 0.5087890625 0.700146875 0.494140625 0.7128859375000001 0.515625 0.7270953125 0.5 0.7285640625 0.4482421875 0.7329734375 0.419921875
1 0.667809375 0.4794921875 0.6741796875 0.478515625 0.675159375 0.466796875 0.6776093750000001 0.4560546875 0.6766296875 0.4384765625 0.6766296875 0.408203125 0.68201875 0.384765625 0.6883874999999999 0.3525390625 0.6957375 0.3154296875 0.6972078125000001 0.29296875 0.6908375 0.3017578125 0.6834890625 0.3232421875 0.67466875 0.349609375 0.663890625 0.3759765625 0.65948125 0.3701171875 0.6585 0.35546875 0.6619296875 0.33203125 0.6697703125000001 0.3056640625 0.6776093750000001 0.287109375 0.6722187500000001 0.27734375 0.6643796875 0.2919921875 0.65703125 0.3134765625 0.64968125 0.3408203125 0.6452718749999999 0.3740234375 0.6408625 0.3984375 0.6349828125 0.41796875 0.6276328125 0.4306640625 0.625184375 0.44921875 0.6261640625 0.462890625 0.626653125 0.4765625 0.6369421875 0.4775390625 0.6438015625 0.4736328125 0.651640625 0.4716796875 0.6580109375000001 0.4853515625 0.6648703125 0.486328125 0.667809375 0.4794921875
3 0.6256734374999999 0.44921875 0.6256734374999999 0.4375 0.6300828125 0.4267578125 0.6310625 0.41015625 0.63204375 0.384765625 0.634003125 0.359375 0.6374328125 0.3349609375 0.6413515624999999 0.3115234375 0.6467421875 0.2919921875 0.651640625 0.275390625 0.651640625 0.263671875 0.6462515625 0.263671875 0.6369421875 0.26953125 0.626653125 0.30078125 0.6148953125000001 0.3525390625 0.6070546875 0.392578125 0.5987265625 0.416015625 0.5938265625 0.431640625 0.5962765625 0.4453125 0.60215625 0.453125 0.6070546875 0.462890625 0.6144046875 0.4638671875 0.61979375 0.4580078125 0.625184375 0.4609375 0.6256734374999999 0.44921875
4 0.5933359375 0.431640625 0.5962765625 0.4208984375 0.599215625 0.400390625 0.6026453125 0.3779296875 0.609015625 0.34375 0.6148953125000001 0.31640625 0.6173437500000001 0.2919921875 0.6212640625 0.26953125 0.6173437500000001 0.244140625 0.6119546875 0.2255859375 0.6070546875 0.2275390625 0.6001953125 0.2587890625 0.5952968750000001 0.2900390625 0.5864765625 0.326171875 0.5761875 0.37109375 0.57226875 0.384765625 0.5683484375 0.4052734375 0.5639390625 0.4287109375 0.5668796875 0.4443359375 0.5737390625 0.4521484375 0.5796171875 0.4619140625 0.5850078125 0.4560546875 0.5903968749999999 0.4482421875 0.5943171875 0.44140625 0.5933359375 0.431640625
5 0.57226875 0.373046875 0.5752078125 0.3369140625 0.5781484375 0.3046875 0.5810875 0.2744140625 0.5796171875 0.251953125 0.5727578125 0.25 0.5658984375 0.265625 0.5595296875 0.30078125 0.54973125 0.3427734375 0.5433609374999999 0.37890625 0.53748125 0.4130859375 0.5335625 0.435546875 0.5360125 0.4501953125 0.5463015625 0.4482421875 0.556590625 0.44921875 0.5624687500000001 0.44140625 0.56491875 0.419921875 0.5688390625 0.39453125 0.57226875 0.373046875
6 0.54238125 0.361328125 0.544340625 0.3349609375 0.54483125 0.3076171875 0.5438515625 0.291015625 0.5384609375 0.27734375 0.530621875 0.3017578125 0.524253125 0.3271484375 0.5203328125 0.3515625 0.516903125 0.3876953125 0.5159234374999999 0.412109375 0.5139640625 0.4267578125 0.5159234374999999 0.439453125 0.524253125 0.4404296875 0.530621875 0.4423828125 0.5335625 0.4326171875 0.5369921875 0.40625 0.5414015625 0.384765625 0.54238125 0.361328125
7 0.5159234374999999 0.39453125 0.51739375 0.3798828125 0.515434375 0.3603515625 0.5178828125 0.3447265625 0.5178828125 0.322265625 0.5164140625 0.302734375 0.514453125 0.2919921875 0.5066140625 0.291015625 0.501715625 0.3037109375 0.496815625 0.34765625 0.4953453125 0.376953125 0.4933859375 0.404296875 0.49240625 0.42578125 0.491425 0.435546875 0.49240625 0.4453125 0.501715625 0.4443359375 0.516903125 0.4443359375 0.514453125 0.435546875 0.512984375 0.4228515625 0.515434375 0.4072265625 0.5159234374999999 0.39453125
8 0.4904453125 0.3876953125 0.4879953125 0.365234375 0.48946562499999996 0.3369140625 0.491915625 0.3115234375 0.491425 0.2744140625 0.48309687500000004 0.26953125 0.47427656249999994 0.2724609375 0.46986718749999995 0.2958984375 0.4679078125 0.3203125 0.46545781249999996 0.369140625 0.4639875 0.3896484375 0.4639875 0.4130859375 0.46202812499999996 0.431640625 0.4634984375 0.4384765625 0.4713375 0.44140625 0.47966718750000004 0.4384765625 0.48652656250000004 0.439453125 0.491915625 0.4384765625 0.491915625 0.4072265625 0.4904453125 0.3876953125
9 0.4630078125 0.4052734375 0.46202812499999996 0.3916015625 0.46006875 0.375 0.4546796875 0.353515625 0.45222968750000003 0.3369140625 0.45222968750000003 0.3154296875 0.44782031250000004 0.2890625 0.4453703125 0.275390625 0.43753125 0.263671875 0.42626093750000005 0.267578125 0.4179328125 0.2763671875 0.414503125 0.2890625 0.4198921875 0.345703125 0.42528125 0.3779296875 0.42773125 0.4013671875 0.4287109375 0.4189453125 0.43263125 0.4345703125 0.4360609375 0.4453125 0.4473296875 0.4580078125 0.45320937499999997 0.453125 0.458109375 0.4453125 0.4630078125 0.439453125 0.46251875 0.4287109375 0.4630078125 0.4052734375
10 0.4174421875 0.3525390625 0.409603125 0.3134765625 0.4042140625 0.2900390625 0.39637500000000003 0.2685546875 0.3831453125 0.24609375 0.3723671875 0.2392578125 0.37775625 0.2724609375 0.381675 0.322265625 0.382165625 0.3603515625 0.3875546875 0.3984375 0.391475 0.4267578125 0.395884375 0.4521484375 0.400784375 0.4658203125 0.40715312499999995 0.4580078125 0.414503125 0.453125 0.420871875 0.4423828125 0.4331203125 0.443359375 0.42822187500000003 0.4130859375 0.42381250000000004 0.3916015625 0.4174421875 0.3525390625
14 0.39784375 0.46484375 0.39294531250000003 0.435546875 0.388534375 0.4169921875 0.3811859375 0.3828125 0.3782453125 0.3505859375 0.3718765625 0.33203125 0.36648749999999997 0.3115234375 0.3542375 0.296875 0.3400296875 0.2744140625 0.32778125 0.25390625 0.33121093749999997 0.279296875 0.3424796875 0.30078125 0.352278125 0.3271484375 0.3557078125 0.349609375 0.3537484375 0.3681640625 0.3444390625 0.361328125 0.3375796875 0.3447265625 0.3282703125 0.32421875 0.318471875 0.30859375 0.3145515625 0.2890625 0.3067125 0.294921875 0.3106328125 0.32421875 0.31651093750000003 0.341796875 0.3238609375 0.3642578125 0.329740625 0.3896484375 0.33121093749999997 0.412109375 0.333659375 0.4423828125 0.3307203125 0.4619140625 0.3375796875 0.48046875 0.3463984375 0.4765625 0.3557078125 0.484375 0.36550781250000003 0.484375 0.3723671875 0.4716796875 0.382165625 0.4619140625 0.388534375 0.4658203125 0.39784375 0.46484375
15 0.3424796875 0.501953125 0.34296875 0.4873046875 0.33121093749999997 0.4716796875 0.3317 0.45703125 0.3317 0.439453125 0.3214109375 0.4248046875 0.31651093750000003 0.40234375 0.3076921875 0.369140625 0.3032828125 0.357421875 0.2959328125 0.3359375 0.2871140625 0.32421875 0.27535468750000003 0.326171875 0.28319375 0.345703125 0.291034375 0.3603515625 0.2964234375 0.3779296875 0.2983828125 0.3984375 0.29936250000000003 0.4169921875 0.291034375 0.4228515625 0.2851546875 0.3984375 0.2807453125 0.3818359375 0.278784375 0.365234375 0.269965625 0.3505859375 0.261146875 0.341796875 0.2621265625 0.373046875 0.26800625 0.40625 0.27192500000000003 0.4384765625 0.27192500000000003 0.4619140625 0.27535468750000003 0.4931640625 0.277315625 0.5048828125 0.281725 0.5166015625 0.286134375 0.5302734375 0.2939734375 0.5166015625 0.304753125 0.51953125 0.31798125 0.5029296875 0.3326796875 0.5078125 0.3424796875 0.501953125
18 0.40372343749999995 0.6240234375 0.4012734375 0.5966796875 0.3998046875 0.5693359375 0.3924546875 0.533203125 0.37922656250000003 0.5283203125 0.3630578125 0.54296875 0.3625671875 0.56640625 0.36893750000000003 0.5947265625 0.373346875 0.6220703125 0.375796875 0.6650390625 0.381675 0.7119140625 0.395884375 0.7470703125 0.40715312499999995 0.7236328125 0.40519375 0.693359375 0.403234375 0.6630859375 0.40372343749999995 0.6240234375