31 0.1749140625 0.373046875 0.18324374999999998 0.390625 0.1935328125 0.4033203125 0.2072515625 0.396484375 0.21166093749999998 0.3642578125 0.2165609375 0.3291015625 0.22195 0.298828125 0.2297890625 0.2666015625 0.2327296875 0.2470703125 0.2003921875 0.177734375 0.194021875 0.23046875 0.1905921875 0.263671875 0.1837328125 0.2822265625 0.1749140625 0.3046875 0.16119531250000002 0.3291015625 0.1572765625 0.349609375 0.16266562499999998 0.3681640625 0.1749140625 0.373046875
2 0.21459999999999999 0.4140625 0.22782968750000002 0.4208984375 0.24448750000000002 0.4384765625 0.25379687500000003 0.435546875 0.25918593749999996 0.412109375 0.2621265625 0.3701171875 0.26555625 0.3408203125 0.276825 0.3017578125 0.28123437500000004 0.2646484375 0.240078125 0.2548828125 0.23664843750000003 0.2822265625 0.2322390625 0.30859375 0.22831875 0.33203125 0.22488906250000001 0.34375 0.217540625 0.359375 0.21068125000000001 0.376953125 0.20921093750000003 0.396484375 0.21459999999999999 0.4140625
13 0.26849531249999997 0.4658203125 0.277315625 0.470703125 0.28564375000000003 0.458984375 0.2915234375 0.4736328125 0.30377343749999997 0.4794921875 0.3125921875 0.46484375 0.3145515625 0.44140625 0.3125921875 0.40234375 0.31553125 0.3740234375 0.3189609375 0.34375 0.32288125 0.322265625 0.3214109375 0.291015625 0.319940625 0.2666015625 0.286134375 0.2763671875 0.278784375 0.31640625 0.278784375 0.3505859375 0.2709453125 0.3681640625 0.26506562499999997 0.3876953125 0.261146875 0.412109375 0.2577171875 0.431640625 0.261146875 0.447265625 0.26849531249999997 0.4658203125
17 0.3145515625 0.474609375 0.32043125 0.4892578125 0.3307203125 0.494140625 0.3424796875 0.4794921875 0.3512984375 0.4501953125 0.349828125 0.373046875 0.35031875 0.310546875 0.34835937499999997 0.275390625 0.3380703125 0.26953125 0.33464062499999997 0.2939453125 0.333659375 0.328125 0.3307203125 0.3583984375 0.3263109375 0.390625 0.3214109375 0.4150390625 0.316021875 0.4287109375 0.31308125000000003 0.458984375 0.3145515625 0.474609375
18 0.3718765625 0.5087890625 0.37922656250000003 0.4794921875 0.38265625000000003 0.4423828125 0.3811859375 0.3916015625 0.3767765625 0.3447265625 0.37530625 0.314453125 0.3694265625 0.29296875 0.36060781249999996 0.298828125 0.357178125 0.310546875 0.357178125 0.3564453125 0.357178125 0.3916015625 0.3557078125 0.4208984375 0.3557078125 0.4443359375 0.34835937499999997 0.4736328125 0.347378125 0.5009765625 0.3586484375 0.5146484375 0.3718765625 0.5087890625
19 0.4017640625 0.53515625 0.41548281249999997 0.521484375 0.42136250000000003 0.4951171875 0.4198921875 0.4482421875 0.4140125 0.3974609375 0.4125421875 0.34375 0.409603125 0.2900390625 0.40519375 0.2607421875 0.3944140625 0.2666015625 0.39392499999999997 0.3291015625 0.3855953125 0.388671875 0.3855953125 0.4345703125 0.382165625 0.4541015625 0.3782453125 0.482421875 0.3767765625 0.5087890625 0.38804531249999996 0.529296875 0.4017640625 0.53515625
20 0.41842187500000005 0.5126953125 0.4243015625 0.533203125 0.43753125 0.53515625 0.448309375 0.5380859375 0.45418906249999996 0.5244140625 0.457128125 0.4951171875 0.44977968749999997 0.4501953125 0.45125000000000004 0.4033203125 0.4492890625 0.3505859375 0.44585937500000006 0.2900390625 0.44585937500000006 0.25 0.425771875 0.2607421875 0.42822187500000003 0.296875 0.42822187500000003 0.33984375 0.43018124999999996 0.3818359375 0.4287109375 0.412109375 0.4272421875 0.4375 0.42234218749999997 0.46484375 0.420871875 0.482421875 0.41842187500000005 0.5126953125
21 0.45859843749999996 0.5517578125 0.4772171875 0.5537109375 0.4889765625 0.5537109375 0.4997546875 0.5537109375 0.501715625 0.521484375 0.49240625 0.4482421875 0.48946562499999996 0.4111328125 0.48946562499999996 0.376953125 0.48652656250000004 0.33203125 0.484565625 0.28125 0.47329687500000006 0.2841796875 0.464478125 0.3447265625 0.46251875 0.39453125 0.4630078125 0.4267578125 0.46251875 0.4599609375 0.4566390625 0.4921875 0.45516875 0.5185546875 0.45125000000000004 0.5361328125 0.45859843749999996 0.5517578125
22 0.53993125 0.5546875 0.5482609375 0.5546875 0.5507109375 0.533203125 0.549240625 0.4921875 0.5472812499999999 0.4541015625 0.5453203125 0.40625 0.5365015625 0.3525390625 0.5369921875 0.3193359375 0.5311125 0.279296875 0.5193531250000001 0.291015625 0.5159234374999999 0.365234375 0.510534375 0.42578125 0.5090640625 0.4560546875 0.5041640625 0.5 0.503184375 0.533203125 0.508575 0.5546875 0.5237625 0.5546875 0.53993125 0.5546875
30 0.5776578125 0.5458984375 0.5850078125 0.513671875 0.5756984375 0.447265625 0.574228125 0.3896484375 0.574228125 0.326171875 0.574228125 0.26171875 0.5531609375000001 0.27734375 0.5521796875 0.3369140625 0.54973125 0.3857421875 0.54973125 0.4306640625 0.5541406249999999 0.462890625 0.5521796875 0.5009765625 0.54973125 0.5439453125 0.560509375 0.5478515625 0.5776578125 0.5458984375
29 0.5933359375 0.537109375 0.603625 0.5458984375 0.612934375 0.5341796875 0.6188140625 0.51953125 0.6217546875 0.5009765625 0.6168546874999999 0.4716796875 0.615384375 0.4267578125 0.618325 0.392578125 0.615384375 0.3388671875 0.615384375 0.3115234375 0.6095046875000001 0.2763671875 0.597746875 0.2724609375 0.5943171875 0.3388671875 0.5913765625 0.3828125 0.5884375000000001 0.4248046875 0.5884375000000001 0.4541015625 0.5845171875 0.4775390625 0.584028125 0.4921875 0.5869671875 0.51953125 0.5933359375 0.537109375
24 0.6766296875 0.490234375 0.6825078125 0.4697265625 0.6766296875 0.4306640625 0.6717296875 0.3837890625 0.6727093749999999 0.34765625 0.6692796875 0.3154296875 0.6687890624999999 0.2919921875 0.6555609375 0.2998046875 0.65458125 0.341796875 0.6531109374999999 0.3857421875 0.6511515625000001 0.4208984375 0.64968125 0.44921875 0.6447812500000001 0.484375 0.651640625 0.5009765625 0.66585 0.509765625 0.6766296875 0.490234375
26 0.7741296875 0.4296875 0.76678125 0.4013671875 0.75943125 0.365234375 0.7555125 0.3271484375 0.7496328125 0.291015625 0.7413031250000001 0.2763671875 0.7266046875 0.2744140625 0.71680625 0.2998046875 0.7221953125 0.3408203125 0.7285640625 0.38671875 0.725625 0.44921875 0.73444375 0.46875 0.7471828125 0.474609375 0.7535515625 0.4638671875 0.763840625 0.451171875 0.7741296875 0.4296875
27 0.8005875 0.423828125 0.805978125 0.4033203125 0.8128375 0.38671875 0.8113671874999999 0.369140625 0.7996078125 0.3388671875 0.79176875 0.3095703125 0.7888296875 0.2744140625 0.7814796875 0.2412109375 0.7697203125 0.2353515625 0.7506125 0.2509765625 0.7540421875 0.27734375 0.752571875 0.3037109375 0.75943125 0.3359375 0.7653109375 0.3603515625 0.7702109375 0.3857421875 0.7726609375 0.4189453125 0.78441875 0.4267578125 0.7907890625 0.4208984375 0.8005875 0.423828125
0 0.7741296875 0.6064453125 0.78441875 0.623046875 0.79911875 0.625 0.8064671875 0.6201171875 0.8010781250000001 0.61328125 0.7956890624999999 0.6044921875 0.789809375 0.58984375 0.784909375 0.576171875 0.782459375 0.560546875 0.7854 0.548828125 0.796178125 0.560546875 0.8030375 0.5703125 0.809896875 0.5859375 0.817246875 0.595703125 0.8250859374999999 0.595703125 0.828025 0.5859375 0.8250859374999999 0.5771484375 0.819696875 0.568359375 0.8162671874999999 0.556640625 0.8079375000000001 0.541015625 0.8005875 0.53125 0.7951984375000001 0.517578125 0.791278125 0.5078125 0.7858890625 0.49609375 0.7819703125 0.48046875 0.7765796875000001 0.470703125 0.7687406250000001 0.4658203125 0.7609015625 0.4638671875 0.7540421875 0.4755859375 0.7506125 0.4892578125 0.7476734375 0.4970703125 0.7422828124999999 0.4970703125 0.73444375 0.501953125 0.730525 0.51953125 0.7324843750000001 0.5341796875 0.737384375 0.55078125 0.746203125 0.5615234375 0.7555125 0.5712890625 0.764821875 0.5859375 0.7741296875 0.6064453125
1 0.6903484375 0.6005859375 0.6981875 0.6220703125 0.7050468750000001 0.6435546875 0.7138656250000001 0.666015625 0.7217046875 0.6796875 0.7310140625 0.6904296875 0.7403234375000001 0.6953125 0.7506125 0.701171875 0.757471875 0.6962890625 0.7491421875000001 0.689453125 0.7383640625 0.6748046875 0.72954375 0.6611328125 0.723665625 0.6435546875 0.7207250000000001 0.6318359375 0.7261140625 0.6328125 0.73444375 0.6474609375 0.7432624999999999 0.6591796875 0.7540421875 0.6767578125 0.7628609375 0.6875 0.7687406250000001 0.6884765625 0.7741296875 0.6796875 0.7687406250000001 0.6611328125 0.764821875 0.6416015625 0.7599218750000001 0.6240234375 0.7501218749999999 0.6005859375 0.7452234375 0.58203125 0.738853125 0.5625 0.73444375 0.54296875 0.73199375 0.5263671875 0.7270953125 0.5146484375 0.7241546875 0.5078125 0.7192546875 0.501953125 0.71190625 0.501953125 0.7079859374999999 0.51171875 0.7011265625 0.5234375 0.692796875 0.5205078125 0.6849578125 0.5234375 0.680059375 0.5322265625 0.67711875 0.55078125 0.6776093750000001 0.5703125 0.6834890625 0.580078125 0.6903484375 0.6005859375
3 0.6624203125 0.6845703125 0.6692796875 0.701171875 0.675159375 0.7216796875 0.6849578125 0.7265625 0.688878125 0.716796875 0.68446875 0.6953125 0.681528125 0.669921875 0.6785890625000001 0.6513671875 0.67711875 0.6298828125 0.67711875 0.611328125 0.67466875 0.58984375 0.6776093750000001 0.572265625 0.67711875 0.548828125 0.6741796875 0.5380859375 0.66585 0.53125 0.658990625 0.5283203125 0.6501718750000001 0.53515625 0.640371875 0.5517578125 0.6398828125 0.5595703125 0.6408625 0.57421875 0.6447812500000001 0.5869140625 0.6491921875 0.595703125 0.6506609375 0.6201171875 0.6536015625 0.6494140625 0.6624203125 0.6845703125
4 0.6237140625 0.6943359375 0.62959375 0.7216796875 0.6349828125 0.7265625 0.6423328125000001 0.7265625 0.647721875 0.7265625 0.6447812500000001 0.7109375 0.640371875 0.6904296875 0.637921875 0.6650390625 0.6374328125 0.6484375 0.6369421875 0.625 0.6374328125 0.591796875 0.640371875 0.5732421875 0.6374328125 0.560546875 0.62959375 0.552734375 0.6227343750000001 0.55078125 0.6158750000000001 0.5498046875 0.609015625 0.5546875 0.603625 0.5625 0.601665625 0.5732421875 0.604115625 0.5869140625 0.610484375 0.599609375 0.612934375 0.6162109375 0.6168546874999999 0.64453125 0.6188140625 0.66796875 0.6237140625 0.6943359375
5 0.5850078125 0.7021484375 0.5884375000000001 0.720703125 0.592846875 0.7470703125 0.59725625 0.7734375 0.6075453125 0.783203125 0.612934375 0.765625 0.612934375 0.7265625 0.6139140624999999 0.716796875 0.6119546875 0.697265625 0.608525 0.66015625 0.6060749999999999 0.6279296875 0.603625 0.59765625 0.60215625 0.5810546875 0.60215625 0.5703125 0.5982359374999999 0.5595703125 0.5933359375 0.5546875 0.587946875 0.5546875 0.5810875 0.5576171875 0.5756984375 0.564453125 0.569328125 0.572265625 0.5668796875 0.5810546875 0.5683484375 0.5927734375 0.5712890625 0.615234375 0.57471875 0.63671875 0.5786374999999999 0.662109375 0.5805984375000001 0.673828125 0.5850078125 0.7021484375
6 0.5472812499999999 0.6943359375 0.5541406249999999 0.7265625 0.5600203125000001 0.744140625 0.5668796875 0.748046875 0.570309375 0.740234375 0.570309375 0.71875 0.5668796875 0.6923828125 0.5658984375 0.6748046875 0.5658984375 0.654296875 0.5658984375 0.634765625 0.5658984375 0.61328125 0.56736875 0.6064453125 0.569328125 0.5966796875 0.567859375 0.580078125 0.56491875 0.5732421875 0.5595296875 0.568359375 0.5531609375000001 0.564453125 0.5472812499999999 0.5703125 0.54238125 0.5712890625 0.5365015625 0.5712890625 0.5350312500000001 0.58203125 0.5355218749999999 0.5966796875 0.5389515625 0.6103515625 0.541890625 0.6220703125 0.5438515625 0.6376953125 0.5458109375 0.666015625 0.5472812499999999 0.6943359375
7 0.5262125 0.7392578125 0.5360125 0.7353515625 0.53748125 0.7236328125 0.53748125 0.708984375 0.5365015625 0.6904296875 0.5350312500000001 0.6748046875 0.5320921875 0.654296875 0.5320921875 0.638671875 0.5316015625 0.626953125 0.5335625 0.6083984375 0.5340515625 0.5927734375 0.5340515625 0.580078125 0.530621875 0.576171875 0.5237625 0.5771484375 0.5183734375 0.580078125 0.512984375 0.580078125 0.5051453125 0.5791015625 0.5046546875 0.5947265625 0.506125 0.60546875 0.5090640625 0.6142578125 0.51004375 0.6318359375 0.5134734375 0.6796875 0.5203328125 0.728515625 0.5262125 0.7392578125
8 0.484565625 0.697265625 0.49093593750000003 0.728515625 0.4958359375 0.73828125 0.5002453124999999 0.728515625 0.501225 0.69921875 0.501225 0.6708984375 0.501225 0.65625 0.5002453124999999 0.6328125 0.501715625 0.623046875 0.5026953125 0.6083984375 0.5026953125 0.5947265625 0.501715625 0.5810546875 0.49093593750000003 0.58203125 0.4835859375 0.58203125 0.4767265625 0.5771484375 0.47182812500000004 0.5732421875 0.4713375 0.587890625 0.4723171875 0.5966796875 0.47329687500000006 0.6083984375 0.4762375 0.6171875 0.47770625000000005 0.6337890625 0.48113593750000005 0.66015625 0.484565625 0.697265625
9 0.443409375 0.6982421875 0.4492890625 0.751953125 0.45859843749999996 0.7607421875 0.4634984375 0.740234375 0.46545781249999996 0.7216796875 0.464478125 0.701171875 0.464478125 0.6796875 0.46545781249999996 0.654296875 0.46545781249999996 0.6357421875 0.46545781249999996 0.619140625 0.47035781249999997 0.607421875 0.47035781249999997 0.5966796875 0.46986718749999995 0.580078125 0.46643749999999995 0.5712890625 0.459578125 0.57421875 0.45369843750000005 0.572265625 0.44782031250000004 0.5654296875 0.441940625 0.56640625 0.43753125 0.5732421875 0.43753125 0.5830078125 0.43753125 0.5947265625 0.4385109375 0.603515625 0.4409609375 0.6201171875 0.441940625 0.6494140625 0.443409375 0.6982421875
10 0.3944140625 0.712890625 0.3919640625 0.7373046875 0.3900046875 0.7626953125 0.39882343750000004 0.7666015625 0.40372343749999995 0.755859375 0.40715312499999995 0.7392578125 0.4140125 0.712890625 0.420871875 0.6865234375 0.42675156249999996 0.658203125 0.4331203125 0.619140625 0.43655 0.60546875 0.43655 0.59375 0.43508125 0.578125 0.43165156250000003 0.568359375 0.4292015625 0.5654296875 0.42626093750000005 0.5556640625 0.4198921875 0.5478515625 0.412053125 0.556640625 0.40519375 0.560546875 0.404703125 0.572265625 0.404703125 0.5849609375 0.4042140625 0.5966796875 0.40372343749999995 0.619140625 0.4017640625 0.650390625 0.40029375 0.693359375 0.3944140625 0.712890625
11 0.36893750000000003 0.6748046875 0.3674671875 0.6982421875 0.36893750000000003 0.7177734375 0.37285625 0.71875 0.377265625 0.71484375 0.38363593749999997 0.7001953125 0.389515625 0.673828125 0.3949046875 0.6396484375 0.393434375 0.625 0.39637500000000003 0.609375 0.39784375 0.5927734375 0.40029375 0.5771484375 0.4017640625 0.5703125 0.40372343749999995 0.5615234375 0.4017640625 0.5517578125 0.40029375 0.54296875 0.39539375 0.5380859375 0.389515625 0.5390625 0.384125 0.5341796875 0.3767765625 0.5390625 0.3718765625 0.541015625 0.368446875 0.5517578125 0.36550781250000003 0.564453125 0.36648749999999997 0.57421875 0.36893750000000003 0.5927734375 0.3694265625 0.6162109375 0.3694265625 0.6455078125 0.36893750000000003 0.6748046875
12 0.33022968750000004 0.583984375 0.33022968750000004 0.5986328125 0.33022968750000004 0.6201171875 0.33022968750000004 0.6494140625 0.3263109375 0.67578125 0.3233703125 0.705078125 0.3233703125 0.7275390625 0.3317 0.7255859375 0.3370890625 0.7109375 0.34541875 0.6806640625 0.349828125 0.666015625 0.354728125 0.6337890625 0.3566875 0.6103515625 0.3591375 0.591796875 0.36060781249999996 0.5791015625 0.3630578125 0.5654296875 0.36648749999999997 0.560546875 0.36893750000000003 0.548828125 0.3699171875 0.541015625 0.3674671875 0.5341796875 0.36648749999999997 0.525390625 0.3650171875 0.5185546875 0.359628125 0.51953125 0.3557078125 0.521484375 0.3419890625 0.521484375 0.33415 0.5244140625 0.329740625 0.5283203125 0.327290625 0.5390625 0.3282703125 0.5537109375 0.33022968750000004 0.568359375 0.33022968750000004 0.583984375
15 0.20627187500000002 0.61328125 0.20333125000000002 0.6376953125 0.21459999999999999 0.630859375 0.223909375 0.6181640625 0.22831875 0.6015625 0.240078125 0.5888671875 0.2484078125 0.5751953125 0.25918593749999996 0.56640625 0.26849531249999997 0.56640625 0.263596875 0.5888671875 0.2523265625 0.607421875 0.2371390625 0.62890625 0.22488906250000001 0.646484375 0.2160703125 0.6552734375 0.2165609375 0.671875 0.23860781250000002 0.6552734375 0.25820625 0.623046875 0.269475 0.603515625 0.2797640625 0.5888671875 0.2934828125 0.5751953125 0.3042625 0.5625 0.31161249999999996 0.5341796875 0.30377343749999997 0.5146484375 0.29299375 0.5087890625 0.2876046875 0.4921875 0.276825 0.474609375 0.25967656250000004 0.4833984375 0.25379687500000003 0.498046875 0.25134687499999997 0.5185546875 0.23958906249999998 0.544921875 0.22685 0.5634765625 0.2160703125 0.5859375 0.20627187500000002 0.61328125
16 0.1567859375 0.5283203125 0.146496875 0.544921875 0.152865625 0.5546875 0.1641359375 0.5458984375 0.17589375000000002 0.53125 0.187653125 0.515625 0.1979421875 0.521484375 0.20627187500000002 0.5283203125 0.195003125 0.5546875 0.1822640625 0.560546875 0.171484375 0.5693359375 0.17589375000000002 0.5869140625 0.1905921875 0.583984375 0.1999015625 0.5751953125 0.21068125000000001 0.5546875 0.2209703125 0.544921875 0.23076875000000002 0.54296875 0.24105781249999997 0.5283203125 0.2484078125 0.5224609375 0.2523265625 0.509765625 0.25379687500000003 0.4912109375 0.24693749999999998 0.4716796875 0.23664843750000003 0.4658203125 0.2327296875 0.4501953125 0.226359375 0.4384765625 0.21509062499999998 0.4306640625 0.20578124999999997 0.4365234375 0.2018625 0.4560546875 0.194021875 0.474609375 0.1837328125 0.4892578125 0.1778546875 0.505859375 0.1656046875 0.51953125 0.1567859375 0.5283203125