16 0.3955078125 0.181284375 0.3681640625 0.198921875 0.376953125 0.21362031250000002 0.3916015625 0.2322390625 0.4248046875 0.24105781249999997 0.4453125 0.2322390625 0.46484375 0.21999062500000002 0.46875 0.2072515625 0.4599609375 0.192553125 0.4326171875 0.18079375 0.3955078125 0.181284375
31 0.6767578125 0.2660453125 0.69140625 0.261146875 0.6865234375 0.2523265625 0.673828125 0.23664843750000003 0.6484375 0.24301875 0.6357421875 0.25036718750000003 0.61328125 0.2533078125 0.5947265625 0.2616359375 0.611328125 0.2714359375 0.6318359375 0.281725 0.642578125 0.2782953125 0.6611328125 0.2709453125 0.6767578125 0.2660453125
2 0.4814453125 0.2851546875 0.50390625 0.2944640625 0.52734375 0.2988734375 0.5673828125 0.307203125 0.6005859375 0.31749218749999997 0.642578125 0.32043125 0.677734375 0.30279218750000003 0.6630859375 0.2934828125 0.6376953125 0.2827046875 0.609375 0.274375 0.59375 0.26310625 0.5693359375 0.24742812500000003 0.5419921875 0.240078125 0.525390625 0.2493875 0.5185546875 0.26065625 0.4873046875 0.269475 0.4814453125 0.2851546875
13 0.4501953125 0.34296875 0.4873046875 0.34786875 0.5166015625 0.34492968749999997 0.5478515625 0.34492968749999997 0.6044921875 0.34786875 0.6337890625 0.3258203125 0.6083984375 0.3194515625 0.5751953125 0.3091625 0.5439453125 0.30279218750000003 0.5146484375 0.297403125 0.4775390625 0.28907343750000003 0.4521484375 0.297403125 0.4560546875 0.3057328125 0.4501953125 0.31749218749999997 0.44140625 0.33121093749999997 0.4501953125 0.34296875
17 0.46484375 0.3762859375 0.5205078125 0.37432656249999996 0.5751953125 0.373346875 0.5986328125 0.352278125 0.5673828125 0.3488484375 0.5380859375 0.34688906249999996 0.505859375 0.34688906249999996 0.47265625 0.34688906249999996 0.4560546875 0.34394843750000004 0.44140625 0.33415 0.4189453125 0.34394843750000004 0.4228515625 0.3561984375 0.4326171875 0.3669765625 0.46484375 0.3762859375
18 0.529296875 0.4042140625 0.5693359375 0.3998046875 0.57421875 0.382165625 0.533203125 0.3723671875 0.4853515625 0.37432656249999996 0.4609375 0.3718765625 0.4375 0.365996875 0.4140625 0.365996875 0.3935546875 0.3718765625 0.3896484375 0.38265625000000003 0.404296875 0.39539375 0.412109375 0.404703125 0.439453125 0.40764374999999997 0.4873046875 0.4056828125 0.529296875 0.4042140625
19 0.3896484375 0.437040625 0.4248046875 0.43802031250000006 0.46484375 0.4341015625 0.5107421875 0.429690625 0.556640625 0.42675156249999996 0.5732421875 0.4091125 0.5498046875 0.4091125 0.505859375 0.40764374999999997 0.4765625 0.40764374999999997 0.439453125 0.40764374999999997 0.4208984375 0.4056828125 0.40625 0.39735468749999997 0.384765625 0.4066640625 0.3662109375 0.4164625 0.376953125 0.4287109375 0.3896484375 0.437040625
20 0.4482421875 0.44439062500000004 0.40625 0.4385109375 0.375 0.43508125 0.35546875 0.44977968749999997 0.34765625 0.46251875 0.38671875 0.470846875 0.4775390625 0.4679078125 0.5498046875 0.4679078125 0.5546875 0.44782031250000004 0.501953125 0.44585937500000006 0.4482421875 0.44439062500000004
21 0.5419921875 0.4747671875 0.5107421875 0.470846875 0.470703125 0.470846875 0.3701171875 0.46986718749999995 0.3427734375 0.4728078125 0.345703125 0.48848593749999997 0.3486328125 0.501225 0.359375 0.512984375 0.408203125 0.5066140625 0.5068359375 0.498284375 0.5478515625 0.49289531249999996 0.5419921875 0.4747671875
22 0.3525390625 0.544340625 0.380859375 0.5477703125 0.4443359375 0.544340625 0.48046875 0.540421875 0.5048828125 0.537971875 0.521484375 0.528171875 0.5224609375 0.5188640625 0.505859375 0.5139640625 0.478515625 0.51249375 0.43359375 0.5134734375 0.3955078125 0.5134734375 0.376953125 0.5080843749999999 0.3486328125 0.5115140625000001 0.3427734375 0.5232734375 0.34375 0.5360125 0.3525390625 0.544340625
30 0.5439453125 0.567859375 0.52734375 0.5467906250000001 0.4873046875 0.5467906250000001 0.4521484375 0.5526703125 0.4189453125 0.5526703125 0.392578125 0.549240625 0.3671875 0.5507109375 0.35546875 0.5600203125000001 0.3642578125 0.5707984374999999 0.380859375 0.5786374999999999 0.41015625 0.5786374999999999 0.47265625 0.5683484375 0.513671875 0.5683484375 0.5439453125 0.567859375
29 0.505859375 0.6026453125 0.595703125 0.5987265625 0.5888671875 0.576678125 0.5390625 0.5776578125 0.4921875 0.5761875 0.466796875 0.579128125 0.4384765625 0.579128125 0.412109375 0.5776578125 0.3876953125 0.579128125 0.3759765625 0.5894171874999999 0.3642578125 0.5987265625 0.3828125 0.610484375 0.4140625 0.6099953124999999 0.4638671875 0.6026453125 0.505859375 0.6026453125
23 0.45703125 0.6369421875 0.5 0.62959375 0.55078125 0.6286140625 0.6005859375 0.6227343750000001 0.595703125 0.6026453125 0.5751953125 0.6026453125 0.5322265625 0.6060749999999999 0.4853515625 0.6060749999999999 0.44921875 0.608525 0.416015625 0.6119546875 0.400390625 0.6212640625 0.400390625 0.6310625 0.404296875 0.6393921875 0.42578125 0.642821875 0.45703125 0.6369421875
24 0.517578125 0.6560515625 0.603515625 0.647721875 0.591796875 0.6276328125 0.560546875 0.6300828125 0.5224609375 0.6310625 0.4833984375 0.6359625 0.4384765625 0.6413515624999999 0.423828125 0.6501718750000001 0.4189453125 0.6643796875 0.435546875 0.6692796875 0.45703125 0.6692796875 0.4873046875 0.6609499999999999 0.517578125 0.6560515625
25 0.568359375 0.692796875 0.5908203125 0.6903484375 0.6201171875 0.6864281250000001 0.6015625 0.6585 0.572265625 0.6585 0.5341796875 0.6619296875 0.501953125 0.6629109375 0.478515625 0.6643796875 0.45703125 0.6687890624999999 0.4541015625 0.6805484374999999 0.455078125 0.691328125 0.4619140625 0.70210625 0.48046875 0.70945625 0.505859375 0.70700625 0.5400390625 0.697696875 0.568359375 0.692796875
26 0.6337890625 0.716315625 0.650390625 0.7011265625 0.6181640625 0.6947578125 0.5849609375 0.695246875 0.55078125 0.6996578125 0.5205078125 0.7055359375 0.501953125 0.708965625 0.4970703125 0.7212156249999999 0.501953125 0.7285640625 0.5205078125 0.73444375 0.5283203125 0.7457125 0.5556640625 0.7496328125 0.583984375 0.743753125 0.615234375 0.730525 0.6337890625 0.716315625
27 0.6318359375 0.7221953125 0.6083984375 0.7339546875 0.61328125 0.7413031250000001 0.6337890625 0.7422828124999999 0.66015625 0.746203125 0.68359375 0.7540421875 0.705078125 0.7422828124999999 0.6982421875 0.7285640625 0.6484375 0.7207250000000001 0.6318359375 0.7221953125
28 0.4755859375 0.7721703125 0.474609375 0.7628609375 0.458984375 0.7604109375 0.4423828125 0.7540421875 0.42578125 0.746203125 0.3994140625 0.7540421875 0.380859375 0.763840625 0.40234375 0.7746203125 0.419921875 0.782459375 0.4345703125 0.7883390625 0.4609375 0.7863796875 0.4755859375 0.7721703125
0 0.345703125 0.7506125 0.361328125 0.7545328125 0.375 0.7560015625000001 0.3955078125 0.7520828125000001 0.4208984375 0.746203125 0.4404296875 0.738853125 0.4658203125 0.7329734375 0.47265625 0.7197453125 0.4638671875 0.7128859375000001 0.4443359375 0.71190625 0.4404296875 0.7011265625 0.4287109375 0.6903484375 0.41015625 0.692796875 0.390625 0.70210625 0.3740234375 0.7172953125 0.3427734375 0.7270953125 0.3349609375 0.734934375 0.3447265625 0.7422828124999999 0.345703125 0.7506125
1 0.2861328125 0.6785890625000001 0.263671875 0.6903484375 0.2490234375 0.7006375 0.2392578125 0.71190625 0.265625 0.70945625 0.2822265625 0.6986765625 0.3076171875 0.691328125 0.326171875 0.6947578125 0.310546875 0.70210625 0.2939453125 0.7138656250000001 0.275390625 0.7246453125000001 0.2705078125 0.736403125 0.2958984375 0.7315046875 0.3193359375 0.7221953125 0.3388671875 0.7153359375 0.357421875 0.7060265625000001 0.3740234375 0.6972078125000001 0.3974609375 0.6947578125 0.4169921875 0.6878984375 0.4169921875 0.6780984375 0.416015625 0.6687890624999999 0.3974609375 0.666340625 0.3974609375 0.6550703125 0.3876953125 0.6442921875 0.3564453125 0.6462515625 0.3408203125 0.6585 0.3173828125 0.6712390625 0.2861328125 0.6785890625000001
3 0.2958984375 0.6585 0.33203125 0.6536015625 0.359375 0.647721875 0.376953125 0.640371875 0.3720703125 0.6276328125 0.3642578125 0.6158750000000001 0.345703125 0.6158750000000001 0.3291015625 0.620284375 0.310546875 0.6276328125 0.287109375 0.637921875 0.2626953125 0.6452718749999999 0.234375 0.6550703125 0.2021484375 0.663890625 0.212890625 0.6727093749999999 0.2421875 0.6727093749999999 0.26953125 0.666340625 0.2958984375 0.6585
4 0.2841796875 0.6178343749999999 0.3203125 0.6178343749999999 0.3486328125 0.6158750000000001 0.353515625 0.6070546875 0.3603515625 0.596765625 0.3525390625 0.5874578125000001 0.3291015625 0.5835375 0.2958984375 0.5903968749999999 0.26953125 0.5952968750000001 0.212890625 0.6060749999999999 0.1845703125 0.6168546874999999 0.16796875 0.625184375 0.185546875 0.62959375 0.22265625 0.6261640625 0.2529296875 0.6217546875 0.2841796875 0.6178343749999999
5 0.2802734375 0.5835375 0.310546875 0.5825578124999999 0.3369140625 0.571778125 0.3486328125 0.561 0.3388671875 0.5526703125 0.30859375 0.5526703125 0.27734375 0.55855 0.2509765625 0.5644296875 0.1962890625 0.5752078125 0.15625 0.581578125 0.130859375 0.5903968749999999 0.14453125 0.6050953125 0.1826171875 0.599215625 0.212890625 0.5943171875 0.24609375 0.5894171874999999 0.2802734375 0.5835375
6 0.232421875 0.556590625 0.2626953125 0.5507109375 0.2919921875 0.5507109375 0.32421875 0.5502203125 0.32421875 0.5350312500000001 0.3193359375 0.5232734375 0.3056640625 0.5252328125 0.2861328125 0.5276828124999999 0.255859375 0.5311125 0.23046875 0.5384609375 0.1943359375 0.5467906250000001 0.16796875 0.5507109375 0.140625 0.5600203125000001 0.1357421875 0.571778125 0.1640625 0.5707984374999999 0.1943359375 0.561 0.232421875 0.556590625
7 0.275390625 0.5257234375000001 0.314453125 0.5257234375000001 0.314453125 0.5115140625000001 0.314453125 0.501715625 0.2978515625 0.49926562499999994 0.279296875 0.49926562499999994 0.24609375 0.501715625 0.201171875 0.505634375 0.1572265625 0.51249375 0.1494140625 0.5232734375 0.1494140625 0.53748125 0.1689453125 0.541890625 0.212890625 0.5365015625 0.2490234375 0.529153125 0.275390625 0.5257234375000001
8 0.310546875 0.5007343750000001 0.3154296875 0.4889765625 0.30859375 0.4772171875 0.2744140625 0.4747671875 0.2392578125 0.47819687499999997 0.201171875 0.48260625 0.166015625 0.4889765625 0.154296875 0.49730468749999995 0.166015625 0.5080843749999999 0.1904296875 0.5080843749999999 0.2177734375 0.5051453125 0.25 0.5007343750000001 0.2822265625 0.49926562499999994 0.310546875 0.5007343750000001
9 0.2919921875 0.475746875 0.314453125 0.475746875 0.3203125 0.46496875 0.3203125 0.4517390625 0.298828125 0.44880000000000003 0.2744140625 0.44880000000000003 0.2275390625 0.44977968749999997 0.1904296875 0.4517390625 0.1591796875 0.4546796875 0.1591796875 0.46643749999999995 0.166015625 0.46986718749999995 0.1875 0.4747671875 0.2138671875 0.47329687500000006 0.2607421875 0.475746875 0.2919921875 0.475746875
10 0.3271484375 0.44585937500000006 0.3369140625 0.43899999999999995 0.3359375 0.4292015625 0.32421875 0.42136250000000003 0.2939453125 0.4164625 0.267578125 0.4130328125 0.2353515625 0.409603125 0.17578125 0.409603125 0.1455078125 0.420871875 0.1826171875 0.43802031250000006 0.2392578125 0.4439 0.2724609375 0.4448796875 0.3056640625 0.448309375 0.3271484375 0.44585937500000006
11 0.30859375 0.4174421875 0.333984375 0.4174421875 0.3525390625 0.409603125 0.357421875 0.402253125 0.357421875 0.39294531250000003 0.34375 0.3855953125 0.32421875 0.382165625 0.2958984375 0.3831453125 0.265625 0.3831453125 0.2294921875 0.3811859375 0.1591796875 0.3723671875 0.1904296875 0.389025 0.21875 0.400784375 0.2529296875 0.40372343749999995 0.2919921875 0.41156249999999994 0.30859375 0.4174421875
12 0.322265625 0.3787359375 0.345703125 0.38804531249999996 0.37109375 0.386575 0.376953125 0.374815625 0.3759765625 0.3630578125 0.380859375 0.3512984375 0.3603515625 0.3488484375 0.3271484375 0.347378125 0.2958984375 0.338559375 0.267578125 0.33464062499999997 0.22265625 0.32778125 0.197265625 0.332190625 0.2177734375 0.3463984375 0.24609375 0.359628125 0.2724609375 0.36648749999999997 0.2919921875 0.374815625 0.322265625 0.3787359375
14 0.2802734375 0.30377343749999997 0.2626953125 0.2934828125 0.2373046875 0.2895640625 0.2373046875 0.2969125 0.2529296875 0.3076921875 0.2802734375 0.3194515625 0.3076171875 0.3287609375 0.3291015625 0.33464062499999997 0.34765625 0.34786875 0.37890625 0.3488484375 0.380859375 0.3581578125 0.3994140625 0.3561984375 0.4052734375 0.34394843750000004 0.40234375 0.333659375 0.4091796875 0.3189609375 0.4091796875 0.306221875 0.3955078125 0.2964234375 0.369140625 0.2934828125 0.35546875 0.291034375 0.3369140625 0.2802546875 0.3154296875 0.27192500000000003 0.2822265625 0.261146875 0.2861328125 0.27290468749999997 0.30859375 0.288584375 0.322265625 0.30377343749999997 0.30859375 0.311121875 0.2802734375 0.30377343749999997
15 0.33203125 0.240078125 0.3125 0.24252812499999998 0.3310546875 0.2552671875 0.34375 0.269475 0.353515625 0.2778046875 0.357421875 0.288584375 0.3740234375 0.29544375 0.3955078125 0.2964234375 0.404296875 0.30377343749999997 0.4189453125 0.30279218750000003 0.435546875 0.2944640625 0.4453125 0.2851546875 0.4619140625 0.276334375 0.4755859375 0.26800625 0.4658203125 0.2542875 0.43359375 0.24693749999999998 0.4189453125 0.240078125 0.3974609375 0.240078125 0.3759765625 0.231259375 0.359375 0.22537968749999998 0.34375 0.21705000000000002 0.333984375 0.22440000000000002 0.3486328125 0.2371390625 0.3671875 0.2435078125 0.3642578125 0.2552671875 0.34765625 0.2459578125 0.33203125 0.240078125