15 0.2105 0.625 0.2158984375 0.5966796875 0.2271828125 0.57421875 0.2271828125 0.5498046875 0.235034375 0.5185546875 0.23061875 0.48828125 0.20804687500000002 0.48828125 0.1884203125 0.478515625 0.178115625 0.4970703125 0.178115625 0.541015625 0.1683015625 0.5849609375 0.170265625 0.6025390625 0.18596718750000002 0.6005859375 0.1982328125 0.5849609375 0.1982328125 0.6201171875 0.2105 0.625
31 0.2247296875 0.4326171875 0.229146875 0.390625 0.23258125000000002 0.357421875 0.236015625 0.326171875 0.23356249999999998 0.294921875 0.2237484375 0.27734375 0.2124625 0.27734375 0.20706562499999998 0.3193359375 0.200196875 0.359375 0.1947984375 0.3798828125 0.1849859375 0.40625 0.18056875 0.439453125 0.1913640625 0.45703125 0.20265 0.474609375 0.2158984375 0.4677734375 0.2247296875 0.4326171875
2 0.24386718749999997 0.4853515625 0.2546609375 0.5009765625 0.26938125 0.4990234375 0.2728171875 0.4697265625 0.2806671875 0.4130859375 0.2806671875 0.373046875 0.2473015625 0.3134765625 0.24582968749999998 0.3525390625 0.24141249999999997 0.3857421875 0.235034375 0.408203125 0.2262015625 0.4306640625 0.22031406250000002 0.455078125 0.22031406250000002 0.4765625 0.23356249999999998 0.490234375 0.24386718749999997 0.4853515625
13 0.2801765625 0.5283203125 0.2860640625 0.5283203125 0.290971875 0.5263671875 0.29636874999999996 0.5283203125 0.3042203125 0.5341796875 0.3096171875 0.5341796875 0.31746875 0.53125 0.32139375000000003 0.5185546875 0.32139375000000003 0.5 0.31943125 0.4697265625 0.321884375 0.431640625 0.321884375 0.4033203125 0.31746875 0.3759765625 0.3120703125 0.3916015625 0.3071640625 0.4130859375 0.3042203125 0.4287109375 0.29833125 0.44140625 0.2953875 0.4267578125 0.2953875 0.4091796875 0.2953875 0.3935546875 0.28557343749999997 0.38671875 0.2821390625 0.408203125 0.2801765625 0.4267578125 0.27576093749999997 0.4453125 0.27183437499999996 0.4658203125 0.26741875 0.4912109375 0.26741875 0.515625 0.2728171875 0.5224609375 0.2801765625 0.5283203125
17 0.33366093750000003 0.54296875 0.3410203125 0.546875 0.35034375 0.546875 0.354759375 0.5361328125 0.358684375 0.517578125 0.35819375 0.49609375 0.35672187499999997 0.466796875 0.35672187499999997 0.4365234375 0.36015625 0.4140625 0.34740000000000004 0.365234375 0.3361140625 0.3916015625 0.33120781250000003 0.4306640625 0.328753125 0.458984375 0.3263 0.4814453125 0.32237499999999997 0.5 0.31845 0.52734375 0.321884375 0.5380859375 0.3282625 0.54296875 0.33366093750000003 0.54296875
18 0.3621203125 0.5615234375 0.3699703125 0.564453125 0.375859375 0.560546875 0.38714375 0.5595703125 0.39008906250000003 0.5498046875 0.38714375 0.52734375 0.3930328125 0.501953125 0.39352343749999996 0.4755859375 0.3905796875 0.4404296875 0.38518125 0.39453125 0.37733125 0.365234375 0.3631015625 0.4052734375 0.35819375 0.439453125 0.35819375 0.466796875 0.359665625 0.484375 0.359665625 0.5087890625 0.35672187499999997 0.5244140625 0.354759375 0.5419921875 0.357703125 0.5546875 0.3621203125 0.5615234375
19 0.3920515625 0.50390625 0.3861625 0.53125 0.39352343749999996 0.5556640625 0.40039218749999994 0.56640625 0.406771875 0.57421875 0.41560312499999996 0.5732421875 0.4308140625 0.548828125 0.43130468750000006 0.52734375 0.42885156249999995 0.5087890625 0.42639843749999995 0.4814453125 0.42492656249999994 0.4453125 0.41413124999999995 0.3310546875 0.40333593749999996 0.3291015625 0.3964671875 0.3876953125 0.3930328125 0.4052734375 0.39254218750000003 0.4248046875 0.39254218750000003 0.4541015625 0.3920515625 0.48046875 0.3920515625 0.50390625
20 0.46712499999999996 0.4873046875 0.46614374999999997 0.4384765625 0.47006875 0.392578125 0.47006875 0.3642578125 0.44111874999999995 0.384765625 0.43866562499999995 0.4208984375 0.43277656249999996 0.46484375 0.43277656249999996 0.4990234375 0.4308140625 0.52734375 0.434740625 0.5615234375 0.45093281249999995 0.5654296875 0.4631984375 0.5498046875 0.46712499999999996 0.4873046875
21 0.4892046875 0.5712890625 0.504415625 0.5654296875 0.505396875 0.5009765625 0.499509375 0.46875 0.501471875 0.4189453125 0.499509375 0.3642578125 0.47006875 0.3623046875 0.46810625000000006 0.4248046875 0.46712499999999996 0.458984375 0.46712499999999996 0.4990234375 0.46712499999999996 0.54296875 0.47399375 0.5732421875 0.4892046875 0.5712890625
22 0.5471046875 0.5712890625 0.5490671875 0.546875 0.5461234375 0.4951171875 0.5451421875 0.4404296875 0.5397453125 0.3984375 0.5387640625000001 0.3603515625 0.5098140625 0.3720703125 0.5098140625 0.41015625 0.5098140625 0.4462890625 0.5107953125 0.48046875 0.506378125 0.51953125 0.506378125 0.5556640625 0.5157015625 0.5732421875 0.5318937499999999 0.5732421875 0.5471046875 0.5712890625
30 0.5682046875 0.5673828125 0.581453125 0.5595703125 0.5760546875 0.529296875 0.5804703124999999 0.5068359375 0.5731109375 0.462890625 0.5721296875 0.4326171875 0.5711484375 0.3720703125 0.5480859375 0.3740234375 0.5480859375 0.40625 0.5500484375 0.4404296875 0.5500484375 0.462890625 0.5500484375 0.4912109375 0.5480859375 0.51953125 0.5480859375 0.544921875 0.5579 0.5654296875 0.5682046875 0.5673828125
29 0.6005890625 0.5791015625 0.6118750000000001 0.5693359375 0.61481875 0.537109375 0.61481875 0.5068359375 0.6167812500000001 0.47265625 0.6167812500000001 0.4365234375 0.6167812500000001 0.41015625 0.6167812500000001 0.380859375 0.591265625 0.38671875 0.591265625 0.4287109375 0.5873406250000001 0.46875 0.583415625 0.4931640625 0.5785078125 0.5087890625 0.5785078125 0.537109375 0.582434375 0.5595703125 0.591265625 0.5791015625 0.6005890625 0.5791015625
23 0.6319921875000001 0.5634765625 0.6427875000000001 0.5634765625 0.653090625 0.5498046875 0.651128125 0.515625 0.651128125 0.4931640625 0.651128125 0.4404296875 0.651128125 0.38671875 0.62365 0.384765625 0.62070625 0.404296875 0.6197250000000001 0.4404296875 0.6158 0.474609375 0.6138375 0.525390625 0.6187437499999999 0.5556640625 0.6319921875000001 0.5634765625
24 0.676153125 0.5390625 0.6884203125 0.525390625 0.68253125 0.4931640625 0.6805687500000001 0.462890625 0.676153125 0.4248046875 0.672228125 0.384765625 0.6589796875 0.3779296875 0.653090625 0.400390625 0.653090625 0.45703125 0.652109375 0.5009765625 0.653090625 0.54296875 0.6643765625 0.5517578125 0.676153125 0.5390625
25 0.730128125 0.53125 0.736996875 0.5126953125 0.736996875 0.48046875 0.730128125 0.44921875 0.7266921875000001 0.4169921875 0.7257109374999999 0.38671875 0.7158984375 0.3681640625 0.6835125 0.38671875 0.6874390625 0.4208984375 0.6884203125 0.453125 0.6884203125 0.4853515625 0.6884203125 0.517578125 0.6943078125000001 0.537109375 0.70755625 0.537109375 0.7178609375 0.52734375 0.730128125 0.53125
26 0.7801765625 0.4462890625 0.76741875 0.4150390625 0.7620218750000001 0.3740234375 0.760059375 0.3525390625 0.730128125 0.380859375 0.730128125 0.4189453125 0.7360156250000001 0.4609375 0.739940625 0.5126953125 0.7541703125 0.515625 0.763003125 0.5009765625 0.7762515624999999 0.4990234375 0.7836109375 0.48046875 0.7801765625 0.4462890625
28 0.741903125 0.521484375 0.7316 0.5556640625 0.73454375 0.58203125 0.7531890625 0.6015625 0.76545625 0.6220703125 0.7998031250000001 0.6494140625 0.79833125 0.6171875 0.7762515624999999 0.59375 0.7855734375 0.59765625 0.8007843749999999 0.603515625 0.8125609375 0.603515625 0.8238468749999999 0.59765625 0.816978125 0.5771484375 0.798821875 0.5517578125 0.7885187499999999 0.537109375 0.7826296875 0.51953125 0.7742890625000001 0.5009765625 0.759078125 0.5029296875 0.7522078125 0.5234375 0.741903125 0.521484375
1 0.7001968749999999 0.7236328125 0.7158984375 0.728515625 0.710009375 0.6962890625 0.7046125 0.666015625 0.7046125 0.6298828125 0.7149171875 0.65234375 0.7232578125 0.69140625 0.7360156250000001 0.712890625 0.7482828125000001 0.7060546875 0.7389593750000001 0.67578125 0.732090625 0.6220703125 0.7247296875 0.591796875 0.7257109374999999 0.5576171875 0.7188421875000001 0.53515625 0.70559375 0.537109375 0.6923453125 0.5498046875 0.677134375 0.541015625 0.6673203125 0.5576171875 0.6673203125 0.583984375 0.676153125 0.60546875 0.6805687500000001 0.6279296875 0.6840046875 0.658203125 0.6894015625 0.689453125 0.7001968749999999 0.7236328125
3 0.672228125 0.6796875 0.6692843749999999 0.6318359375 0.6683015625000001 0.603515625 0.6702656250000001 0.5712890625 0.6609421875 0.5576171875 0.648184375 0.5634765625 0.6329734375 0.5693359375 0.6300296875 0.5888671875 0.647203125 0.6416015625 0.650146875 0.6796875 0.6589796875 0.73046875 0.6692843749999999 0.748046875 0.675171875 0.71875 0.672228125 0.6796875
4 0.6378796875 0.728515625 0.6349359375 0.7021484375 0.6349359375 0.669921875 0.6319921875000001 0.6298828125 0.6319921875000001 0.6015625 0.62463125 0.5732421875 0.6118750000000001 0.5771484375 0.5966640625 0.587890625 0.6005890625 0.6279296875 0.6094203125 0.6376953125 0.6138375 0.7001953125 0.62070625 0.7529296875 0.6329734375 0.7705078125 0.6418062499999999 0.7529296875 0.6378796875 0.728515625
6 0.55691875 0.69921875 0.55691875 0.6689453125 0.560353125 0.642578125 0.5628062500000001 0.62109375 0.5628062500000001 0.6005859375 0.5559375 0.5908203125 0.5436703125 0.58984375 0.533365625 0.58984375 0.53581875 0.6484375 0.53581875 0.689453125 0.5368015625 0.736328125 0.5417078125 0.763671875 0.5471046875 0.763671875 0.552503125 0.7353515625 0.55691875 0.69921875
5 0.561334375 0.6083984375 0.56575 0.6357421875 0.5691859375 0.6650390625 0.5726203125 0.69921875 0.5745828125 0.7314453125 0.5775265625 0.7568359375 0.5789984375 0.7822265625 0.588321875 0.7890625 0.5947 0.783203125 0.5947 0.7646484375 0.5951906250000001 0.7060546875 0.5971546875 0.662109375 0.5986265625 0.6201171875 0.5966640625 0.59375 0.586359375 0.5810546875 0.5775265625 0.5810546875 0.56476875 0.59375 0.561334375 0.6083984375
7 0.5318937499999999 0.7333984375 0.5309125 0.685546875 0.52993125 0.654296875 0.5309125 0.6318359375 0.5318937499999999 0.603515625 0.5255156249999999 0.587890625 0.5161921875 0.587890625 0.503434375 0.587890625 0.50490625 0.611328125 0.505396875 0.62890625 0.505396875 0.650390625 0.5132484374999999 0.71875 0.5196265624999999 0.7568359375 0.528459375 0.7607421875 0.5318937499999999 0.7333984375
8 0.496565625 0.732421875 0.499509375 0.71484375 0.498528125 0.6875 0.501471875 0.6552734375 0.504415625 0.6318359375 0.504415625 0.6044921875 0.498528125 0.5947265625 0.4901859375 0.591796875 0.4813546875 0.591796875 0.477428125 0.6044921875 0.477428125 0.62109375 0.4798828125 0.6484375 0.4823359375 0.6826171875 0.4847890625 0.7060546875 0.4896953125 0.72265625 0.496565625 0.732421875
9 0.471540625 0.689453125 0.472521875 0.6552734375 0.475465625 0.638671875 0.477428125 0.6103515625 0.474484375 0.591796875 0.4622171875 0.58984375 0.45044218750000004 0.59765625 0.448478125 0.6171875 0.448478125 0.638671875 0.45093281249999995 0.671875 0.4553484375 0.7099609375 0.46467187499999996 0.7392578125 0.471540625 0.7216796875 0.471540625 0.689453125
10 0.41364062500000004 0.7802734375 0.4219828125 0.779296875 0.42836093750000004 0.74609375 0.4317953125 0.7197265625 0.43523125 0.6962890625 0.44013749999999996 0.6728515625 0.44259062499999996 0.650390625 0.44700625 0.6220703125 0.44406249999999997 0.6044921875 0.436703125 0.5947265625 0.42836093750000004 0.5869140625 0.4219828125 0.58984375 0.41364062500000004 0.6015625 0.41118750000000004 0.61328125 0.41118750000000004 0.638671875 0.408734375 0.6591796875 0.40628125 0.685546875 0.40431718749999995 0.7255859375 0.40480937499999997 0.759765625 0.41364062500000004 0.7802734375
11 0.3861625 0.7470703125 0.39254218750000003 0.716796875 0.3959765625 0.6962890625 0.3994109375 0.6650390625 0.40431718749999995 0.638671875 0.41118750000000004 0.62109375 0.41020625 0.5986328125 0.40431718749999995 0.58984375 0.3984296875 0.576171875 0.388125 0.578125 0.37733125 0.5810546875 0.37536875 0.603515625 0.37635 0.634765625 0.3743859375 0.6591796875 0.3724234375 0.6884765625 0.3709515625 0.7255859375 0.375859375 0.75 0.3861625 0.7470703125
12 0.321884375 0.74609375 0.3263 0.7587890625 0.33464218749999997 0.7490234375 0.3420015625 0.728515625 0.349853125 0.7060546875 0.35574062500000003 0.681640625 0.3611390625 0.65234375 0.3670265625 0.6337890625 0.3743859375 0.6142578125 0.37635 0.58984375 0.3704609375 0.57421875 0.3640828125 0.5634765625 0.35328750000000003 0.5576171875 0.3424921875 0.5576171875 0.3380765625 0.5712890625 0.3366046875 0.5869140625 0.33366093750000003 0.625 0.33120781250000003 0.6484375 0.32531875 0.6796875 0.32335625 0.7119140625 0.321884375 0.74609375
14 0.2566234375 0.6943359375 0.26349374999999997 0.7060546875 0.27085312500000003 0.6943359375 0.2811578125 0.67578125 0.29048124999999997 0.6591796875 0.29636874999999996 0.64453125 0.3017671875 0.6513671875 0.30274843749999997 0.6689453125 0.295878125 0.69140625 0.29048124999999997 0.712890625 0.29735 0.7236328125 0.3145234375 0.6943359375 0.32139375000000003 0.6689453125 0.323846875 0.6416015625 0.329734375 0.62109375 0.3370953125 0.6005859375 0.3370953125 0.578125 0.3405296875 0.552734375 0.3331703125 0.546875 0.32139375000000003 0.55078125 0.3135421875 0.5390625 0.301275 0.5390625 0.290971875 0.5361328125 0.2831203125 0.5341796875 0.2826296875 0.560546875 0.2791953125 0.5869140625 0.2762515625 0.61328125 0.2703625 0.640625 0.26545625 0.6640625 0.2566234375 0.6943359375
15 0.22129531249999998 0.6572265625 0.2296375 0.6416015625 0.237978125 0.62109375 0.2468109375 0.6064453125 0.24141249999999997 0.6376953125 0.23307187499999998 0.6552734375 0.23209062500000002 0.67578125 0.2428859375 0.6708984375 0.2517171875 0.654296875 0.26055 0.640625 0.26938125 0.6240234375 0.2752703125 0.6064453125 0.2791953125 0.578125 0.28459218750000004 0.55078125 0.2811578125 0.5302734375 0.2723265625 0.5224609375 0.26251250000000004 0.5107421875 0.25024531250000004 0.505859375 0.23846875 0.5068359375 0.23159999999999997 0.529296875 0.22767343750000002 0.5546875 0.2247296875 0.576171875 0.2144265625 0.603515625 0.212953125 0.6240234375 0.2149171875 0.640625 0.22129531249999998 0.6572265625