15 0.7728171875000001 0.57421875 0.7841015625 0.5966796875 0.7895 0.625 0.8017671875 0.6201171875 0.8017671875 0.5849609375 0.8140328125 0.6005859375 0.8297343749999999 0.6025390625 0.8316984375 0.5849609375 0.821884375 0.541015625 0.821884375 0.4970703125 0.8115796874999999 0.478515625 0.791953125 0.48828125 0.76938125 0.48828125 0.764965625 0.5185546875 0.7728171875000001 0.5498046875 0.7728171875000001 0.57421875
31 0.76741875 0.357421875 0.770853125 0.390625 0.7752703125 0.4326171875 0.7841015625 0.4677734375 0.79735 0.474609375 0.8086359375000001 0.45703125 0.81943125 0.439453125 0.8150140625000001 0.40625 0.8052015625 0.3798828125 0.7998031250000001 0.359375 0.792934375 0.3193359375 0.7875375 0.27734375 0.7762515624999999 0.27734375 0.7664375 0.294921875 0.7639843749999999 0.326171875 0.76741875 0.357421875
2 0.7453390625 0.5009765625 0.7561328125 0.4853515625 0.7664375 0.490234375 0.7796859375 0.4765625 0.7796859375 0.455078125 0.7737984375 0.4306640625 0.764965625 0.408203125 0.7585875 0.3857421875 0.7541703125 0.3525390625 0.7526984375 0.3134765625 0.7193328125 0.373046875 0.7193328125 0.4130859375 0.7271828124999999 0.4697265625 0.73061875 0.4990234375 0.7453390625 0.5009765625
13 0.6957796875 0.4287109375 0.6928359375 0.4130859375 0.6879296874999999 0.3916015625 0.68253125 0.3759765625 0.678115625 0.4033203125 0.678115625 0.431640625 0.6805687500000001 0.4697265625 0.67860625 0.5 0.67860625 0.5185546875 0.68253125 0.53125 0.6903828125 0.5341796875 0.6957796875 0.5341796875 0.70363125 0.5283203125 0.709028125 0.5263671875 0.7139359375 0.5283203125 0.7198234375 0.5283203125 0.7271828124999999 0.5224609375 0.73258125 0.515625 0.73258125 0.4912109375 0.728165625 0.4658203125 0.7242390624999999 0.4453125 0.7198234375 0.4267578125 0.7178609375 0.408203125 0.7144265625 0.38671875 0.7046125 0.3935546875 0.7046125 0.4091796875 0.7046125 0.4267578125 0.70166875 0.44140625 0.6957796875 0.4287109375
17 0.6418062499999999 0.49609375 0.6413156250000001 0.517578125 0.645240625 0.5361328125 0.6496562499999999 0.546875 0.6589796875 0.546875 0.6663390625 0.54296875 0.6717375 0.54296875 0.678115625 0.5380859375 0.68155 0.52734375 0.677625 0.5 0.6737 0.4814453125 0.671246875 0.458984375 0.6687921875 0.4306640625 0.6638859375 0.3916015625 0.6526 0.365234375 0.63984375 0.4140625 0.6432781249999999 0.4365234375 0.6432781249999999 0.466796875 0.6418062499999999 0.49609375
18 0.6069671875 0.501953125 0.61285625 0.52734375 0.6099109375 0.5498046875 0.61285625 0.5595703125 0.624140625 0.560546875 0.6300296875 0.564453125 0.6378796875 0.5615234375 0.642296875 0.5546875 0.645240625 0.5419921875 0.6432781249999999 0.5244140625 0.640334375 0.5087890625 0.640334375 0.484375 0.6418062499999999 0.466796875 0.6418062499999999 0.439453125 0.6368984375 0.4052734375 0.62266875 0.365234375 0.61481875 0.39453125 0.6094203125 0.4404296875 0.6064765624999999 0.4755859375 0.6069671875 0.501953125
19 0.584396875 0.5732421875 0.593228125 0.57421875 0.5996078125000001 0.56640625 0.6064765624999999 0.5556640625 0.6138375 0.53125 0.6079484374999999 0.50390625 0.6079484374999999 0.48046875 0.6074578125000001 0.4541015625 0.6074578125000001 0.4248046875 0.6069671875 0.4052734375 0.6035328125 0.3876953125 0.5966640625 0.3291015625 0.58586875 0.3310546875 0.5750734375000001 0.4453125 0.5736015625 0.4814453125 0.5711484375 0.5087890625 0.5686953124999999 0.52734375 0.5691859375 0.548828125 0.584396875 0.5732421875
20 0.5368015625 0.5498046875 0.5490671875 0.5654296875 0.565259375 0.5615234375 0.5691859375 0.52734375 0.5672234375 0.4990234375 0.5672234375 0.46484375 0.561334375 0.4208984375 0.55888125 0.384765625 0.52993125 0.3642578125 0.52993125 0.392578125 0.53385625 0.4384765625 0.532875 0.4873046875 0.5368015625 0.5498046875
21 0.52600625 0.5732421875 0.532875 0.54296875 0.532875 0.4990234375 0.532875 0.458984375 0.5318937499999999 0.4248046875 0.52993125 0.3623046875 0.5004906250000001 0.3642578125 0.498528125 0.4189453125 0.5004906250000001 0.46875 0.494603125 0.5009765625 0.49558437499999997 0.5654296875 0.5107953125 0.5712890625 0.52600625 0.5732421875
22 0.45093281249999995 0.546875 0.45289531250000004 0.5712890625 0.46810625000000006 0.5732421875 0.4842984375 0.5732421875 0.493621875 0.5556640625 0.493621875 0.51953125 0.4892046875 0.48046875 0.4901859375 0.4462890625 0.4901859375 0.41015625 0.4901859375 0.3720703125 0.46123593749999997 0.3603515625 0.4602546875 0.3984375 0.45485781249999996 0.4404296875 0.45387656249999997 0.4951171875 0.45093281249999995 0.546875
30 0.4239453125 0.529296875 0.418546875 0.5595703125 0.4317953125 0.5673828125 0.44210000000000005 0.5654296875 0.45191406250000005 0.544921875 0.45191406250000005 0.51953125 0.4499515625 0.4912109375 0.4499515625 0.462890625 0.4499515625 0.4404296875 0.45191406250000005 0.40625 0.45191406250000005 0.3740234375 0.42885156249999995 0.3720703125 0.42787031249999996 0.4326171875 0.4268890625 0.462890625 0.4195296875 0.5068359375 0.4239453125 0.529296875
29 0.38518125 0.5068359375 0.38518125 0.537109375 0.388125 0.5693359375 0.3994109375 0.5791015625 0.408734375 0.5791015625 0.41756562500000005 0.5595703125 0.4214921875 0.537109375 0.4214921875 0.5087890625 0.41658437499999995 0.4931640625 0.41265937499999994 0.46875 0.408734375 0.4287109375 0.408734375 0.38671875 0.38321875 0.380859375 0.38321875 0.41015625 0.38321875 0.4365234375 0.38321875 0.47265625 0.38518125 0.5068359375
23 0.36800781250000003 0.5634765625 0.38125624999999996 0.5556640625 0.3861625 0.525390625 0.3842 0.474609375 0.38027500000000003 0.4404296875 0.37929375 0.404296875 0.37635 0.384765625 0.348871875 0.38671875 0.348871875 0.4404296875 0.348871875 0.4931640625 0.348871875 0.515625 0.34690937499999996 0.5498046875 0.35721250000000004 0.5634765625 0.36800781250000003 0.5634765625
24 0.3356234375 0.5517578125 0.34690937499999996 0.54296875 0.347890625 0.5009765625 0.34690937499999996 0.45703125 0.34690937499999996 0.400390625 0.3410203125 0.3779296875 0.327771875 0.384765625 0.323846875 0.4248046875 0.31943125 0.462890625 0.31746875 0.4931640625 0.3115796875 0.525390625 0.323846875 0.5390625 0.3356234375 0.5517578125
25 0.263003125 0.48046875 0.263003125 0.5126953125 0.269871875 0.53125 0.2821390625 0.52734375 0.29244375 0.537109375 0.3056921875 0.537109375 0.3115796875 0.517578125 0.3115796875 0.4853515625 0.3115796875 0.453125 0.31256093749999997 0.4208984375 0.3164875 0.38671875 0.28410156249999996 0.3681640625 0.27428906249999996 0.38671875 0.2733078125 0.4169921875 0.269871875 0.44921875 0.263003125 0.48046875
26 0.2163890625 0.48046875 0.2237484375 0.4990234375 0.236996875 0.5009765625 0.24582968749999998 0.515625 0.260059375 0.5126953125 0.263984375 0.4609375 0.269871875 0.4189453125 0.269871875 0.380859375 0.23994062500000002 0.3525390625 0.237978125 0.3740234375 0.23258125000000002 0.4150390625 0.21982343750000002 0.4462890625 0.2163890625 0.48046875
28 0.20166875 0.6171875 0.200196875 0.6494140625 0.23454375 0.6220703125 0.2468109375 0.6015625 0.26545625 0.58203125 0.2684 0.5556640625 0.258096875 0.521484375 0.24779218749999998 0.5234375 0.240921875 0.5029296875 0.22571093750000001 0.5009765625 0.2173703125 0.51953125 0.21148125 0.537109375 0.20117812499999999 0.5517578125 0.183021875 0.5771484375 0.176153125 0.59765625 0.1874390625 0.603515625 0.199215625 0.603515625 0.2144265625 0.59765625 0.2237484375 0.59375 0.20166875 0.6171875
1 0.267909375 0.6220703125 0.261040625 0.67578125 0.2517171875 0.7060546875 0.263984375 0.712890625 0.2767421875 0.69140625 0.2850828125 0.65234375 0.2953875 0.6298828125 0.2953875 0.666015625 0.289990625 0.6962890625 0.28410156249999996 0.728515625 0.299803125 0.7236328125 0.3105984375 0.689453125 0.3159953125 0.658203125 0.31943125 0.6279296875 0.323846875 0.60546875 0.3326796875 0.583984375 0.3326796875 0.5576171875 0.322865625 0.541015625 0.3076546875 0.5498046875 0.29440625 0.537109375 0.2811578125 0.53515625 0.27428906249999996 0.5576171875 0.2752703125 0.591796875 0.267909375 0.6220703125
3 0.327771875 0.6796875 0.32482812499999997 0.71875 0.33071562499999996 0.748046875 0.3410203125 0.73046875 0.349853125 0.6796875 0.352796875 0.6416015625 0.3699703125 0.5888671875 0.3670265625 0.5693359375 0.351815625 0.5634765625 0.3390578125 0.5576171875 0.329734375 0.5712890625 0.3316984375 0.603515625 0.33071562499999996 0.6318359375 0.327771875 0.6796875
4 0.3650640625 0.7021484375 0.3621203125 0.728515625 0.35819375 0.7529296875 0.3670265625 0.7705078125 0.37929375 0.7529296875 0.3861625 0.7001953125 0.3905796875 0.6376953125 0.3994109375 0.6279296875 0.40333593749999996 0.587890625 0.388125 0.5771484375 0.37536875 0.5732421875 0.36800781250000003 0.6015625 0.36800781250000003 0.6298828125 0.3650640625 0.669921875 0.3650640625 0.7021484375
6 0.44308125 0.6689453125 0.44308125 0.69921875 0.447496875 0.7353515625 0.45289531250000004 0.763671875 0.4582921875 0.763671875 0.4631984375 0.736328125 0.46418125000000005 0.689453125 0.46418125000000005 0.6484375 0.46663437500000005 0.58984375 0.45632968749999997 0.58984375 0.44406249999999997 0.5908203125 0.43719374999999994 0.6005859375 0.43719374999999994 0.62109375 0.43964687500000005 0.642578125 0.44308125 0.6689453125
5 0.4254171875 0.7314453125 0.42737968750000005 0.69921875 0.4308140625 0.6650390625 0.43425 0.6357421875 0.43866562499999995 0.6083984375 0.43523125 0.59375 0.4224734375 0.5810546875 0.41364062500000004 0.5810546875 0.40333593749999996 0.59375 0.40137343750000004 0.6201171875 0.40284531250000005 0.662109375 0.40480937499999997 0.7060546875 0.4053 0.7646484375 0.4053 0.783203125 0.411678125 0.7890625 0.4210015625 0.7822265625 0.4224734375 0.7568359375 0.4254171875 0.7314453125
7 0.4690875 0.685546875 0.46810625000000006 0.7333984375 0.471540625 0.7607421875 0.48037343750000006 0.7568359375 0.4867515625 0.71875 0.494603125 0.650390625 0.494603125 0.62890625 0.49509375 0.611328125 0.496565625 0.587890625 0.4838078125 0.587890625 0.474484375 0.587890625 0.46810625000000006 0.603515625 0.4690875 0.6318359375 0.47006875 0.654296875 0.4690875 0.685546875
8 0.501471875 0.6875 0.5004906250000001 0.71484375 0.503434375 0.732421875 0.5103046875 0.72265625 0.5152109375 0.7060546875 0.5176640625 0.6826171875 0.5201171875 0.6484375 0.522571875 0.62109375 0.522571875 0.6044921875 0.5186453125 0.591796875 0.5098140625 0.591796875 0.501471875 0.5947265625 0.49558437499999997 0.6044921875 0.49558437499999997 0.6318359375 0.498528125 0.6552734375 0.501471875 0.6875
9 0.528459375 0.689453125 0.528459375 0.7216796875 0.535328125 0.7392578125 0.5446515625 0.7099609375 0.5490671875 0.671875 0.5515218749999999 0.638671875 0.5515218749999999 0.6171875 0.5495578125 0.59765625 0.5377828124999999 0.58984375 0.5255156249999999 0.591796875 0.522571875 0.6103515625 0.524534375 0.638671875 0.527478125 0.6552734375 0.528459375 0.689453125
10 0.557409375 0.650390625 0.5598625 0.6728515625 0.56476875 0.6962890625 0.5682046875 0.7197265625 0.5716390625 0.74609375 0.5780171875 0.779296875 0.586359375 0.7802734375 0.5951906250000001 0.759765625 0.5956828125 0.7255859375 0.5937187500000001 0.685546875 0.591265625 0.6591796875 0.5888125 0.638671875 0.5888125 0.61328125 0.586359375 0.6015625 0.5780171875 0.58984375 0.5716390625 0.5869140625 0.563296875 0.5947265625 0.5559375 0.6044921875 0.55299375 0.6220703125 0.557409375 0.650390625
11 0.5956828125 0.638671875 0.6005890625 0.6650390625 0.6040234375 0.6962890625 0.6074578125000001 0.716796875 0.6138375 0.7470703125 0.624140625 0.75 0.6290484375000001 0.7255859375 0.6275765625 0.6884765625 0.6256140625 0.6591796875 0.62365 0.634765625 0.62463125 0.603515625 0.62266875 0.5810546875 0.6118750000000001 0.578125 0.6015703125 0.576171875 0.5956828125 0.58984375 0.58979375 0.5986328125 0.5888125 0.62109375 0.5956828125 0.638671875
12 0.6329734375 0.6337890625 0.6388609375 0.65234375 0.6442593750000001 0.681640625 0.650146875 0.7060546875 0.6579984375000001 0.728515625 0.6653578125 0.7490234375 0.6737 0.7587890625 0.678115625 0.74609375 0.67664375 0.7119140625 0.67468125 0.6796875 0.6687921875 0.6484375 0.6663390625 0.625 0.6633953125 0.5869140625 0.6619234374999999 0.5712890625 0.6575078125 0.5576171875 0.6467125 0.5576171875 0.6359171875 0.5634765625 0.6295390624999999 0.57421875 0.62365 0.58984375 0.6256140625 0.6142578125 0.6329734375 0.6337890625
14 0.6629046875 0.578125 0.6629046875 0.6005859375 0.6702656250000001 0.62109375 0.676153125 0.6416015625 0.67860625 0.6689453125 0.6854765625 0.6943359375 0.70265 0.7236328125 0.70951875 0.712890625 0.704121875 0.69140625 0.6972515625 0.6689453125 0.6982328125 0.6513671875 0.70363125 0.64453125 0.70951875 0.6591796875 0.7188421875000001 0.67578125 0.729146875 0.6943359375 0.7365062499999999 0.7060546875 0.7433765625000001 0.6943359375 0.73454375 0.6640625 0.7296375 0.640625 0.7237484375000001 0.61328125 0.7208046875 0.5869140625 0.7173703125 0.560546875 0.7168796875 0.5341796875 0.709028125 0.5361328125 0.698725 0.5390625 0.6864578125 0.5390625 0.67860625 0.55078125 0.6668296875 0.546875 0.6594703125 0.552734375 0.6629046875 0.578125
15 0.7208046875 0.578125 0.7247296875 0.6064453125 0.73061875 0.6240234375 0.7394499999999999 0.640625 0.7482828125000001 0.654296875 0.7571140625 0.6708984375 0.767909375 0.67578125 0.766928125 0.6552734375 0.7585875 0.6376953125 0.7531890625 0.6064453125 0.7620218750000001 0.62109375 0.7703625 0.6416015625 0.7787046875 0.6572265625 0.7850828125 0.640625 0.7870468749999999 0.6240234375 0.7855734375 0.603515625 0.7752703125 0.576171875 0.7723265625 0.5546875 0.7684 0.529296875 0.76153125 0.5068359375 0.7497546875000001 0.505859375 0.7374875000000001 0.5107421875 0.7276734375 0.5224609375 0.7188421875000001 0.5302734375 0.7154078125 0.55078125 0.7208046875 0.578125