2 0.7255859375 0.2738859375 0.71875 0.25820625 0.697265625 0.24693749999999998 0.6640625 0.24105781249999997 0.626953125 0.2435078125 0.603515625 0.2371390625 0.5732421875 0.22733906250000002 0.5439453125 0.22440000000000002 0.5244140625 0.23321874999999997 0.5283203125 0.244978125 0.5068359375 0.25967656250000004 0.51953125 0.272415625 0.5458984375 0.2738859375 0.591796875 0.2738859375 0.6533203125 0.2782953125 0.693359375 0.276334375 0.7255859375 0.2738859375
13 0.65625 0.288584375 0.603515625 0.283684375 0.5537109375 0.2758453125 0.5185546875 0.2709453125 0.4892578125 0.276334375 0.4970703125 0.29005312499999997 0.484375 0.30377343749999997 0.4912109375 0.316021875 0.5166015625 0.3233703125 0.55078125 0.32239062500000004 0.5908203125 0.318471875 0.626953125 0.318471875 0.65625 0.3189609375 0.6806640625 0.304753125 0.65625 0.288584375
17 0.6064453125 0.329740625 0.57421875 0.3233703125 0.5234375 0.324840625 0.4892578125 0.32092187499999997 0.46875 0.3263109375 0.458984375 0.3370890625 0.4765625 0.34492968749999997 0.48828125 0.357178125 0.5537109375 0.35521875 0.611328125 0.354728125 0.646484375 0.3537484375 0.6669921875 0.3415 0.654296875 0.33022968750000004 0.6064453125 0.329740625
18 0.6494140625 0.35521875 0.6162109375 0.35521875 0.55078125 0.35521875 0.4912109375 0.3561984375 0.470703125 0.349828125 0.4462890625 0.354728125 0.44140625 0.36648749999999997 0.458984375 0.3762859375 0.474609375 0.386575 0.541015625 0.386575 0.576171875 0.38510468750000004 0.6240234375 0.38510468750000004 0.646484375 0.37530625 0.6689453125 0.37138593750000004 0.6494140625 0.35521875
19 0.5869140625 0.38510468750000004 0.5341796875 0.386575 0.5009765625 0.3875546875 0.466796875 0.38265625000000003 0.44140625 0.384125 0.4189453125 0.391475 0.42578125 0.40764374999999997 0.4462890625 0.4174421875 0.4912109375 0.42479218750000003 0.5361328125 0.42038281250000004 0.6259765625 0.40764374999999997 0.6416015625 0.39882343750000004 0.630859375 0.3875546875 0.5869140625 0.38510468750000004
20 0.6181640625 0.4355703125 0.5537109375 0.42773125 0.5087890625 0.42381250000000004 0.4638671875 0.4198921875 0.421875 0.4179328125 0.404296875 0.4292015625 0.40625 0.44634999999999997 0.431640625 0.4566390625 0.51171875 0.4561484375 0.568359375 0.46006875 0.619140625 0.4566390625 0.6611328125 0.4561484375 0.6611328125 0.4399796875 0.6181640625 0.4355703125
21 0.501953125 0.48995625 0.5341796875 0.48848593749999997 0.5849609375 0.480646875 0.6103515625 0.480646875 0.640625 0.4835859375 0.6474609375 0.4737875 0.62890625 0.46202812499999996 0.5830078125 0.4639875 0.533203125 0.46006875 0.4990234375 0.4605578125 0.47265625 0.457128125 0.4375 0.45761874999999996 0.4169921875 0.4546796875 0.400390625 0.45908906250000003 0.3974609375 0.4688875 0.400390625 0.48113593750000005 0.400390625 0.491425 0.4111328125 0.4958359375 0.439453125 0.4953453125 0.4716796875 0.49289531249999996 0.501953125 0.48995625
22 0.5234375 0.5325828125000001 0.5556640625 0.5316015625 0.591796875 0.5311125 0.626953125 0.529153125 0.6181640625 0.5110234375 0.5205078125 0.5026953125 0.48046875 0.5002453124999999 0.4619140625 0.4977953125 0.439453125 0.4953453125 0.421875 0.4953453125 0.40625 0.4977953125 0.400390625 0.5075937500000001 0.4013671875 0.5183734375 0.40625 0.5271921875000001 0.4130859375 0.5350312500000001 0.43359375 0.5389515625 0.4580078125 0.53748125 0.4912109375 0.5316015625 0.5234375 0.5325828125000001
30 0.4931640625 0.5683484375 0.53515625 0.5639390625 0.5712890625 0.560509375 0.5966796875 0.556590625 0.6123046875 0.5526703125 0.6181640625 0.542871875 0.6142578125 0.5360125 0.5791015625 0.5369921875 0.537109375 0.5384609375 0.5048828125 0.5414015625 0.478515625 0.5409109375 0.451171875 0.5384609375 0.4326171875 0.537971875 0.416015625 0.537971875 0.4150390625 0.5458109375 0.4140625 0.555609375 0.41796875 0.5663890625 0.4306640625 0.5712890625 0.4482421875 0.5727578125 0.4716796875 0.5727578125 0.4931640625 0.5683484375
29 0.61328125 0.5933359375 0.65625 0.5918671875 0.6455078125 0.581578125 0.6064453125 0.5781484375 0.556640625 0.5761875 0.5185546875 0.5727578125 0.484375 0.5712890625 0.4638671875 0.5732484375 0.4423828125 0.5756984375 0.4287109375 0.5835375 0.423828125 0.59480625 0.43359375 0.60460625 0.447265625 0.6095046875000001 0.4755859375 0.60460625 0.515625 0.603625 0.5703125 0.5987265625 0.61328125 0.5933359375
23 0.6318359375 0.626653125 0.650390625 0.625184375 0.638671875 0.6026453125 0.607421875 0.6026453125 0.56640625 0.604115625 0.5234375 0.6060749999999999 0.4853515625 0.6050953125 0.4619140625 0.6075453125 0.4541015625 0.6163640625 0.4423828125 0.62959375 0.453125 0.6384125 0.478515625 0.6433125000000001 0.515625 0.6369421875 0.5458984375 0.6369421875 0.5849609375 0.634003125 0.609375 0.6305734375000001 0.6318359375 0.626653125
24 0.6181640625 0.6560515625 0.6337890625 0.6531109374999999 0.6484375 0.6487015625 0.6396484375 0.6354734375 0.5966796875 0.6335124999999999 0.5439453125 0.6374328125 0.51953125 0.637921875 0.498046875 0.6408625 0.470703125 0.6452718749999999 0.4599609375 0.6536015625 0.455078125 0.6619296875 0.4638671875 0.6692796875 0.4775390625 0.6736890625 0.505859375 0.6732 0.5361328125 0.6687890624999999 0.5703125 0.665359375 0.59765625 0.658990625 0.6181640625 0.6560515625
25 0.6201171875 0.7055359375 0.6591796875 0.6972078125000001 0.6552734375 0.6761390625 0.6142578125 0.6756484375 0.58203125 0.6776093750000001 0.556640625 0.6766296875 0.52734375 0.6732 0.49609375 0.6722187500000001 0.4794921875 0.67711875 0.4697265625 0.6898578125 0.490234375 0.6996578125 0.4833984375 0.71190625 0.498046875 0.7177859375 0.5205078125 0.7212156249999999 0.5419921875 0.718765625 0.5751953125 0.7104359375 0.6201171875 0.7055359375
26 0.638671875 0.7432624999999999 0.658203125 0.7153359375 0.63671875 0.7128859375000001 0.6181640625 0.7148453124999999 0.5966796875 0.7158249999999999 0.576171875 0.7202359375 0.55078125 0.7202359375 0.5205078125 0.7207250000000001 0.5 0.727584375 0.50390625 0.7383640625 0.515625 0.7471828125 0.51953125 0.7604109375 0.5322265625 0.766290625 0.5673828125 0.763840625 0.6064453125 0.7471828125 0.638671875 0.7432624999999999
28 0.3359375 0.805978125 0.349609375 0.8128375 0.369140625 0.8094078124999999 0.38671875 0.8069578125 0.4130859375 0.79911875 0.4375 0.7976484375 0.4697265625 0.792259375 0.484375 0.7854 0.478515625 0.7746203125 0.4638671875 0.76678125 0.4755859375 0.7589421875 0.4638671875 0.751103125 0.4482421875 0.7466921875 0.42578125 0.7496328125 0.39453125 0.7604109375 0.33984375 0.7746203125 0.3154296875 0.782459375 0.3125 0.7907890625 0.333984375 0.78686875 0.3671875 0.7809890625 0.392578125 0.7809890625 0.3955078125 0.7883390625 0.3701171875 0.79666875 0.3359375 0.805978125
0 0.29296875 0.7520828125000001 0.3076171875 0.7476734375 0.328125 0.74179375 0.3466796875 0.737384375 0.3525390625 0.7427734375 0.3447265625 0.7471828125 0.328125 0.7545328125 0.30078125 0.7628609375 0.291015625 0.7697203125 0.291015625 0.7760906249999999 0.3310546875 0.7702109375 0.3603515625 0.762371875 0.3779296875 0.757471875 0.3994140625 0.7535515625 0.4150390625 0.7540421875 0.421875 0.7515921875 0.4326171875 0.7496328125 0.4462890625 0.7481625000000001 0.455078125 0.743753125 0.453125 0.7378734375 0.451171875 0.73199375 0.443359375 0.7285640625 0.43359375 0.725625 0.427734375 0.723175 0.4326171875 0.718765625 0.43359375 0.711415625 0.427734375 0.7050468750000001 0.416015625 0.7030875 0.3994140625 0.70210625 0.3818359375 0.707496875 0.3662109375 0.7153359375 0.34375 0.7241546875 0.3037109375 0.73444375 0.263671875 0.7501218749999999 0.25 0.7560015625000001 0.25 0.763840625 0.259765625 0.763840625 0.2705078125 0.7613921875 0.2783203125 0.7579625 0.29296875 0.7520828125000001
1 0.228515625 0.7084765625 0.2373046875 0.7050468750000001 0.2568359375 0.6967171875 0.2763671875 0.6908375 0.296875 0.6878984375 0.3134765625 0.6864281250000001 0.3251953125 0.6898578125 0.3046875 0.697696875 0.2841796875 0.70455625 0.255859375 0.7158249999999999 0.2373046875 0.7261140625 0.232421875 0.7334640625 0.2353515625 0.7403234375000001 0.2431640625 0.7457125 0.244140625 0.7383640625 0.2451171875 0.734934375 0.251953125 0.730525 0.26953125 0.7241546875 0.283203125 0.7197453125 0.3056640625 0.7153359375 0.3271484375 0.7104359375 0.341796875 0.7060265625000001 0.361328125 0.7040671875 0.3857421875 0.7030875 0.40234375 0.7016171875 0.416015625 0.7016171875 0.42578125 0.6981875 0.4228515625 0.6898578125 0.4306640625 0.6859375 0.4208984375 0.6785890625000001 0.4140625 0.675159375 0.40234375 0.6736890625 0.41015625 0.670259375 0.412109375 0.6624203125 0.4140625 0.6555609375 0.4033203125 0.6491921875 0.39453125 0.6501718750000001 0.3837890625 0.6511515625000001 0.3671875 0.6531109374999999 0.3505859375 0.6619296875 0.3359375 0.6673203125 0.310546875 0.6736890625 0.27734375 0.6761390625 0.25390625 0.6834890625 0.228515625 0.6932875000000001 0.21875 0.7011265625 0.21875 0.707496875 0.220703125 0.71190625 0.228515625 0.7084765625
3 0.26953125 0.6580109375000001 0.2939453125 0.6550703125 0.3212890625 0.652621875 0.337890625 0.6511515625000001 0.349609375 0.6511515625000001 0.3662109375 0.6506609375 0.37890625 0.651640625 0.392578125 0.6506609375 0.3994140625 0.6467421875 0.3994140625 0.6408625 0.404296875 0.6344921875 0.4033203125 0.6256734374999999 0.39453125 0.6188140625 0.3876953125 0.615384375 0.375 0.6168546874999999 0.3583984375 0.620284375 0.31640625 0.6300828125 0.279296875 0.6359625 0.2373046875 0.6423328125000001 0.2119140625 0.6491921875 0.1904296875 0.65948125 0.19140625 0.6673203125 0.2080078125 0.66585 0.2255859375 0.6643796875 0.2470703125 0.6609499999999999 0.26953125 0.6580109375000001
4 0.3369140625 0.620284375 0.3583984375 0.6193046875 0.3740234375 0.6168546874999999 0.388671875 0.615384375 0.388671875 0.608525 0.39453125 0.601665625 0.3837890625 0.5962765625 0.375 0.5889265625 0.36328125 0.5835375 0.341796875 0.5884375000000001 0.271484375 0.596765625 0.2216796875 0.6026453125 0.1943359375 0.611465625 0.18359375 0.6207734375 0.197265625 0.6232234375 0.21875 0.6237140625 0.236328125 0.6217546875 0.2587890625 0.620284375 0.2900390625 0.620284375 0.3125 0.620284375 0.3369140625 0.620284375
5 0.298828125 0.5894171874999999 0.3310546875 0.5894171874999999 0.3486328125 0.5869671875 0.359375 0.5845171875 0.369140625 0.5859875 0.3759765625 0.5859875 0.38671875 0.5820671875000001 0.384765625 0.571778125 0.3828125 0.565409375 0.3837890625 0.5575703125 0.373046875 0.5541406249999999 0.357421875 0.5521796875 0.322265625 0.5614890625 0.263671875 0.57226875 0.232421875 0.5810875 0.208984375 0.5859875 0.1904296875 0.5918671875 0.1884765625 0.5982359374999999 0.1943359375 0.601665625 0.2109375 0.59970625 0.232421875 0.596765625 0.2568359375 0.5943171875 0.2744140625 0.59235625 0.298828125 0.5894171874999999
6 0.341796875 0.5546296875000001 0.359375 0.5546296875000001 0.373046875 0.5526703125 0.3759765625 0.5482609375 0.3759765625 0.5394421875 0.3759765625 0.5267031249999999 0.365234375 0.5247421875 0.3505859375 0.5257234375000001 0.326171875 0.5296421875 0.2666015625 0.5369921875 0.2294921875 0.5433609374999999 0.2021484375 0.549240625 0.2060546875 0.5546296875000001 0.224609375 0.55855 0.2412109375 0.5575703125 0.2666015625 0.5546296875000001 0.291015625 0.5526703125 0.3193359375 0.55365 0.341796875 0.5546296875000001
7 0.35546875 0.5257234375000001 0.373046875 0.5247421875 0.375 0.503675 0.3681640625 0.501225 0.3515625 0.5002453124999999 0.3203125 0.503184375 0.271484375 0.5080843749999999 0.2421875 0.5120046874999999 0.2138671875 0.5198437499999999 0.212890625 0.529153125 0.2333984375 0.5286625 0.2685546875 0.5257234375000001 0.2919921875 0.524253125 0.3193359375 0.5252328125 0.3388671875 0.5262125 0.35546875 0.5257234375000001
8 0.3740234375 0.501715625 0.380859375 0.498284375 0.3818359375 0.491425 0.3798828125 0.4821171875 0.37890625 0.4772171875 0.3671875 0.47868750000000004 0.3427734375 0.47770625000000005 0.3115234375 0.4791765625 0.2529296875 0.480646875 0.2060546875 0.48750625000000003 0.2314453125 0.5002453124999999 0.2568359375 0.4997546875 0.294921875 0.49926562499999994 0.3125 0.4997546875 0.3388671875 0.501715625 0.3623046875 0.501225 0.3740234375 0.501715625
9 0.34765625 0.47868750000000004 0.3671875 0.47966718750000004 0.3798828125 0.4772171875 0.38671875 0.469378125 0.388671875 0.4610484375 0.3828125 0.45222968750000003 0.3681640625 0.45026875000000005 0.3603515625 0.4517390625 0.3466796875 0.45271875 0.328125 0.45222968750000003 0.2900390625 0.45125000000000004 0.248046875 0.4517390625 0.2216796875 0.45271875 0.2265625 0.46006875 0.2421875 0.4605578125 0.275390625 0.46643749999999995 0.306640625 0.4728078125 0.3310546875 0.47427656249999994 0.34765625 0.47868750000000004
10 0.349609375 0.45125000000000004 0.3642578125 0.44977968749999997 0.37890625 0.45271875 0.3896484375 0.448309375 0.400390625 0.4404703125 0.39453125 0.43459062499999995 0.38671875 0.4287109375 0.3818359375 0.420871875 0.36328125 0.414503125 0.3427734375 0.420871875 0.306640625 0.41940156249999994 0.267578125 0.41695312500000004 0.2119140625 0.4140125 0.19140625 0.420871875 0.197265625 0.4287109375 0.2119140625 0.43018124999999996 0.248046875 0.4355703125 0.28515625 0.44242968749999995 0.306640625 0.443409375 0.33203125 0.44683906249999994 0.349609375 0.45125000000000004
11 0.28515625 0.403234375 0.3125 0.40715312499999995 0.3310546875 0.412053125 0.3427734375 0.4164625 0.3525390625 0.41695312500000004 0.36328125 0.414503125 0.3740234375 0.41499218750000005 0.3818359375 0.409603125 0.392578125 0.4066640625 0.3974609375 0.398334375 0.3955078125 0.39294531250000003 0.3828125 0.3900046875 0.3681640625 0.3860859375 0.3603515625 0.3831453125 0.3427734375 0.381675 0.3125 0.3811859375 0.279296875 0.3811859375 0.2451171875 0.3767765625 0.2119140625 0.370896875 0.19921875 0.3787359375 0.2041015625 0.3860859375 0.234375 0.3949046875 0.255859375 0.39882343750000004 0.28515625 0.403234375
12 0.255859375 0.3557078125 0.2900390625 0.3650171875 0.3232421875 0.3718765625 0.3427734375 0.377265625 0.357421875 0.381675 0.3662109375 0.386575 0.3876953125 0.390984375 0.3984375 0.389515625 0.408203125 0.3855953125 0.4052734375 0.377265625 0.4072265625 0.3718765625 0.4072265625 0.362078125 0.41015625 0.3542375 0.3984375 0.3508078125 0.3798828125 0.3493390625 0.3701171875 0.3517890625 0.3447265625 0.34835937499999997 0.314453125 0.343459375 0.275390625 0.3380703125 0.2421875 0.3317 0.20703125 0.3219015625 0.1865234375 0.32043125 0.1953125 0.3287609375 0.2158203125 0.3400296875 0.236328125 0.3488484375 0.255859375 0.3557078125
14 0.298828125 0.3125921875 0.26953125 0.3057328125 0.2548828125 0.29789374999999996 0.240234375 0.29544375 0.2353515625 0.2988734375 0.244140625 0.3057328125 0.25390625 0.3140625 0.265625 0.3189609375 0.279296875 0.3233703125 0.2998046875 0.3287609375 0.3173828125 0.332190625 0.3388671875 0.33610937500000004 0.357421875 0.3380703125 0.3681640625 0.34492968749999997 0.3740234375 0.3488484375 0.3828125 0.349828125 0.4013671875 0.352278125 0.4150390625 0.357178125 0.4248046875 0.35521875 0.427734375 0.349828125 0.4208984375 0.3424796875 0.41796875 0.3356203125 0.423828125 0.32925 0.43359375 0.32533124999999996 0.4404296875 0.3219015625 0.4384765625 0.313571875 0.44140625 0.30279218750000003 0.41796875 0.29789374999999996 0.39453125 0.2964234375 0.36328125 0.292503125 0.2978515625 0.27535468750000003 0.267578125 0.272415625 0.2587890625 0.276334375 0.279296875 0.28662343749999997 0.3017578125 0.29299375 0.3134765625 0.29789374999999996 0.33203125 0.3057328125 0.3359375 0.3106328125 0.3310546875 0.3140625 0.298828125 0.3125921875
15 0.3349609375 0.25477656249999997 0.30078125 0.2464484375 0.2763671875 0.23517812500000002 0.26171875 0.2341984375 0.2705078125 0.2459578125 0.2880859375 0.25967656250000004 0.30078125 0.2665359375 0.3193359375 0.272415625 0.34765625 0.279275 0.3759765625 0.28662343749999997 0.3984375 0.2920140625 0.408203125 0.297403125 0.4208984375 0.2988734375 0.435546875 0.29936250000000003 0.4501953125 0.2944640625 0.447265625 0.28662343749999997 0.4462890625 0.2807453125 0.4404296875 0.2738859375 0.4482421875 0.2714359375 0.45703125 0.2660453125 0.4619140625 0.2616359375 0.466796875 0.25477656249999997 0.4599609375 0.2464484375 0.43359375 0.2420375 0.4140625 0.23958906249999998 0.3876953125 0.2371390625 0.369140625 0.23370937500000002 0.349609375 0.22685 0.296875 0.2160703125 0.2841796875 0.2209703125 0.294921875 0.22587031249999998 0.3134765625 0.23664843750000003 0.33203125 0.2435078125 0.337890625 0.2493875 0.3505859375 0.25036718750000003 0.35546875 0.25575625 0.3349609375 0.25477656249999997
16 0.4013671875 0.21999062500000002 0.3974609375 0.23076875000000002 0.4013671875 0.23860781250000002 0.416015625 0.240078125 0.4345703125 0.2420375 0.447265625 0.23958906249999998 0.4541015625 0.2341984375 0.4619140625 0.240078125 0.4755859375 0.24056875 0.482421875 0.236159375 0.4951171875 0.23958906249999998 0.505859375 0.23517812500000002 0.5078125 0.222440625 0.5009765625 0.2097015625 0.4912109375 0.1954921875 0.4853515625 0.174425 0.482421875 0.1616859375 0.470703125 0.16119531250000002 0.4609375 0.16511562500000002 0.4580078125 0.17834375 0.4541015625 0.1886328125 0.4423828125 0.1886328125 0.4404296875 0.1773640625 0.43359375 0.164625 0.4248046875 0.15825625000000001 0.412109375 0.162175 0.404296875 0.178834375 0.40625 0.19696249999999998 0.4052734375 0.2048015625 0.4013671875 0.21999062500000002