31 0.529296875 0.7564796874999999 0.5068359375 0.7667390625 0.5048828125 0.780778125 0.525390625 0.787796875 0.521484375 0.7964359375 0.53515625 0.8088546875 0.5654296875 0.8099359375 0.607421875 0.8088546875 0.6357421875 0.8023765624999999 0.650390625 0.7564796874999999 0.6240234375 0.747840625 0.59765625 0.747840625 0.5654296875 0.75 0.529296875 0.7564796874999999
17 0.4375 0.63175 0.4326171875 0.6371484374999999 0.431640625 0.6425484375 0.4306640625 0.6479484375 0.43359375 0.6533484374999999 0.4384765625 0.6576671875 0.462890625 0.6619875000000001 0.5009765625 0.6576671875 0.52734375 0.6538875 0.5712890625 0.64956875 0.5859375 0.6328296875 0.548828125 0.6306703125 0.5087890625 0.61825 0.4853515625 0.6144703125000001 0.4638671875 0.6214906250000001 0.44921875 0.6268906249999999 0.4375 0.63175
19 0.5634765625 0.5718140625 0.533203125 0.5739734375000001 0.517578125 0.5842328125 0.4931640625 0.5907125 0.5087890625 0.606371875 0.525390625 0.61825 0.54296875 0.6295890625 0.58984375 0.6295890625 0.6337890625 0.6349890625 0.677734375 0.6398484375 0.7041015625 0.606371875 0.658203125 0.6042109375 0.6357421875 0.5971921874999999 0.6015625 0.580453125 0.5634765625 0.5718140625
18 0.3720703125 0.593953125 0.3623046875 0.606371875 0.3759765625 0.6220296875 0.4140625 0.6198703125 0.453125 0.61825 0.482421875 0.6096109375000001 0.52734375 0.616090625 0.5107421875 0.6074515625 0.4912109375 0.5971921874999999 0.470703125 0.593953125 0.453125 0.5917921875000001 0.4267578125 0.588553125 0.38671875 0.5842328125 0.3720703125 0.593953125
20 0.4248046875 0.5437359374999999 0.3837890625 0.5437359374999999 0.3740234375 0.555075 0.3837890625 0.5685749999999999 0.39453125 0.57829375 0.4189453125 0.5874734375 0.45703125 0.5874734375 0.4931640625 0.5874734375 0.546875 0.5653343750000001 0.525390625 0.5615546874999999 0.4892578125 0.558315625 0.455078125 0.55615625 0.4248046875 0.5437359374999999
21 0.4423828125 0.504859375 0.4384765625 0.5183578125 0.4384765625 0.5286171875 0.4365234375 0.53725625 0.4482421875 0.5496765625 0.4912109375 0.5496765625 0.5283203125 0.550215625 0.5517578125 0.5512953125 0.5712890625 0.5448171875 0.587890625 0.535096875 0.6015625 0.5237578125 0.5654296875 0.5183578125 0.533203125 0.5140390625 0.5029296875 0.5107984375 0.4853515625 0.5070187500000001 0.466796875 0.49622031250000004 0.4423828125 0.504859375
22 0.458984375 0.44708437500000003 0.400390625 0.441684375 0.3701171875 0.44276406250000006 0.3583984375 0.4562640625 0.3583984375 0.4751625 0.3583984375 0.49298125 0.3759765625 0.49622031250000004 0.4189453125 0.49622031250000004 0.458984375 0.495140625 0.4853515625 0.49189999999999995 0.5390625 0.4940609375 0.58984375 0.499459375 0.59765625 0.45842343750000003 0.5673828125 0.4562640625 0.533203125 0.451403125 0.4970703125 0.44708437500000003 0.458984375 0.44708437500000003
30 0.474609375 0.4082078125 0.451171875 0.4082078125 0.4228515625 0.41252656249999997 0.404296875 0.42278593750000004 0.400390625 0.43466562499999994 0.41015625 0.44384375 0.4404296875 0.4460046875 0.470703125 0.44708437500000003 0.5234375 0.4503234375 0.5712890625 0.4503234375 0.5732421875 0.437365625 0.5556640625 0.43142500000000006 0.529296875 0.42170625 0.5048828125 0.4082078125 0.474609375 0.4082078125
29 0.5634765625 0.375809375 0.5390625 0.38606875 0.525390625 0.3947078125 0.5126953125 0.40604687500000003 0.529296875 0.41360625000000006 0.5537109375 0.42494531249999995 0.5751953125 0.4335859375 0.607421875 0.43142500000000006 0.666015625 0.41684687499999995 0.7001953125 0.4092875 0.6982421875 0.3725703125 0.671875 0.3725703125 0.6435546875 0.3747296875 0.6015625 0.375809375 0.5634765625 0.375809375
23 0.3837890625 0.4006484375 0.400390625 0.41360625000000006 0.4287109375 0.4103671875 0.46484375 0.40604687500000003 0.4970703125 0.40496718749999994 0.5146484375 0.39794843750000003 0.521484375 0.383909375 0.4853515625 0.383909375 0.455078125 0.37905 0.4189453125 0.375809375 0.3837890625 0.3779703125 0.3837890625 0.38930937499999996 0.3837890625 0.4006484375
26 0.474609375 0.23326093750000002 0.4443359375 0.230021875 0.4365234375 0.2413609375 0.4423828125 0.252159375 0.416015625 0.26241875000000003 0.4189453125 0.272678125 0.4306640625 0.2845578125 0.458984375 0.2888765625 0.5068359375 0.29373593750000004 0.5537109375 0.295896875 0.5966796875 0.29643593749999997 0.6201171875 0.29265625 0.6240234375 0.272678125 0.6162109375 0.26511874999999996 0.5908203125 0.2607984375 0.5595703125 0.2559390625 0.533203125 0.25 0.5009765625 0.24028125 0.474609375 0.23326093750000002
27 0.541015625 0.2143625 0.544921875 0.22678125 0.529296875 0.23596093749999997 0.533203125 0.24567968750000002 0.5537109375 0.2532390625 0.5791015625 0.2581 0.611328125 0.2591796875 0.6455078125 0.2591796875 0.66796875 0.23218125 0.6474609375 0.21004375 0.599609375 0.20464375 0.5654296875 0.20464375 0.541015625 0.2143625
0 0.26953125 0.201403125 0.2412109375 0.2035640625 0.2470703125 0.21922187499999998 0.2734375 0.23218125 0.3017578125 0.2413609375 0.330078125 0.2413609375 0.333984375 0.22462187500000003 0.3359375 0.21544218750000002 0.3544921875 0.212203125 0.3779296875 0.20788281249999999 0.3583984375 0.184665625 0.3154296875 0.17548593750000002 0.2900390625 0.16468750000000001 0.2978515625 0.18358593750000002 0.2861328125 0.1976234375 0.26953125 0.201403125
1 0.38671875 0.2591796875 0.392578125 0.2489203125 0.3740234375 0.24244062500000002 0.3583984375 0.24028125 0.337890625 0.24028125 0.3115234375 0.24028125 0.2919921875 0.2392015625 0.2734375 0.23326093750000002 0.24609375 0.2289421875 0.224609375 0.22516250000000002 0.2001953125 0.2213828125 0.18359375 0.2257015625 0.2060546875 0.2338015625 0.2294921875 0.24244062500000002 0.255859375 0.24622031249999998 0.2783203125 0.2581 0.2685546875 0.26403906250000003 0.2470703125 0.260259375 0.2197265625 0.25270000000000004 0.197265625 0.24406093750000002 0.17578125 0.24244062500000002 0.1669921875 0.2510796875 0.1787109375 0.2613390625 0.2109375 0.26781875 0.234375 0.275378125 0.2626953125 0.2818578125 0.2861328125 0.2861765625 0.306640625 0.29265625 0.318359375 0.300215625 0.341796875 0.305075 0.3544921875 0.30615625 0.3720703125 0.30453593749999996 0.3759765625 0.2942765625 0.373046875 0.2861765625 0.369140625 0.278078125 0.384765625 0.27483749999999996 0.3916015625 0.265659375 0.38671875 0.2591796875
6 0.28125 0.44060468750000004 0.2529296875 0.44060468750000004 0.2314453125 0.44060468750000004 0.2001953125 0.4400640625 0.173828125 0.439525 0.1494140625 0.437365625 0.126953125 0.43682499999999996 0.1015625 0.43682499999999996 0.119140625 0.44654375 0.15625 0.45248437499999994 0.1845703125 0.456803125 0.21875 0.462203125 0.2509765625 0.4697625 0.2802734375 0.4757015625 0.3076171875 0.47948124999999997 0.322265625 0.48110156249999997 0.328125 0.47678125 0.3349609375 0.4681421875 0.3349609375 0.45896406250000005 0.33203125 0.4508640625 0.3251953125 0.442225 0.3037109375 0.442225 0.28125 0.44060468750000004
7 0.26171875 0.4757015625 0.2451171875 0.47786249999999997 0.216796875 0.4735421875 0.19140625 0.4708421875 0.173828125 0.467603125 0.1494140625 0.4638234375 0.1298828125 0.46706250000000005 0.1328125 0.477321875 0.1572265625 0.482721875 0.197265625 0.49298125 0.232421875 0.5 0.25390625 0.504859375 0.2763671875 0.5091796875 0.306640625 0.5134984375 0.3251953125 0.51511875 0.3349609375 0.5124187499999999 0.3349609375 0.502159375 0.3349609375 0.4892015625 0.330078125 0.48056093750000006 0.3056640625 0.48110156249999997 0.2861328125 0.47786249999999997 0.26171875 0.4757015625
8 0.2685546875 0.5113390625 0.25 0.5091796875 0.2294921875 0.5054000000000001 0.2099609375 0.5016203124999999 0.19140625 0.49729999999999996 0.173828125 0.49298125 0.150390625 0.4892015625 0.126953125 0.4913609375 0.126953125 0.4989203125 0.1435546875 0.5081 0.169921875 0.5188984375000001 0.2138671875 0.5259171874999999 0.244140625 0.5313171875 0.2607421875 0.53995625 0.2939453125 0.5442765625 0.314453125 0.5496765625 0.3271484375 0.5480562499999999 0.3349609375 0.5394171875 0.337890625 0.5237578125 0.330078125 0.51511875 0.310546875 0.51511875 0.2890625 0.5118796875 0.2685546875 0.5113390625
9 0.2470703125 0.5388765624999999 0.2255859375 0.535096875 0.205078125 0.530778125 0.185546875 0.5259171874999999 0.1611328125 0.5215984375 0.1416015625 0.5161984375 0.1279296875 0.5161984375 0.1279296875 0.525378125 0.1328125 0.5318578125 0.16015625 0.5421171874999999 0.1982421875 0.55615625 0.232421875 0.5669546875 0.2509765625 0.57559375 0.275390625 0.580453125 0.29296875 0.5772140625 0.30859375 0.5701937499999999 0.31640625 0.5604750000000001 0.31640625 0.552915625 0.3037109375 0.5480562499999999 0.2822265625 0.5448171875 0.2666015625 0.5410359375 0.2470703125 0.5388765624999999
10 0.107421875 0.557775 0.0810546875 0.565875 0.0576171875 0.571275 0.046875 0.577753125 0.0703125 0.58369375 0.09375 0.5896328125 0.0810546875 0.600971875 0.05859375 0.6117703125 0.05078125 0.6204109375 0.0673828125 0.6171703125 0.0908203125 0.6117703125 0.1123046875 0.6090718749999999 0.126953125 0.60853125 0.1435546875 0.607990625 0.1650390625 0.5988125 0.1806640625 0.5912531249999999 0.189453125 0.57829375 0.1845703125 0.563715625 0.1669921875 0.5523765625 0.1494140625 0.548596875 0.1279296875 0.55075625 0.107421875 0.557775
10 0.2626953125 0.57829375 0.2333984375 0.580453125 0.20703125 0.580453125 0.18359375 0.5853125 0.17578125 0.5966515625000001 0.162109375 0.60853125 0.197265625 0.606371875 0.2275390625 0.606371875 0.26953125 0.6042109375 0.2900390625 0.6025921875 0.3095703125 0.6025921875 0.3212890625 0.5971921874999999 0.3271484375 0.588553125 0.3251953125 0.58099375 0.314453125 0.57289375 0.298828125 0.57559375 0.2802734375 0.57829375 0.2626953125 0.57829375
14 0.369140625 0.7413609375 0.3564453125 0.737040625 0.35546875 0.7305609375000001 0.359375 0.7230015625 0.359375 0.7105828125 0.3623046875 0.7035640625 0.34375 0.7024843749999999 0.32421875 0.7057234375 0.3076171875 0.7089640625 0.28515625 0.71274375 0.2724609375 0.720303125 0.2509765625 0.727321875 0.2294921875 0.7311015624999999 0.212890625 0.735421875 0.1923828125 0.7429812499999999 0.1767578125 0.7467609375 0.16796875 0.7543203125 0.15625 0.7618796875 0.1650390625 0.7688984375000001 0.1806640625 0.7618796875 0.208984375 0.7564796874999999 0.2294921875 0.7516203124999999 0.25 0.747840625 0.2607421875 0.75 0.259765625 0.760259375 0.23828125 0.76511875 0.22265625 0.7710578124999999 0.1962890625 0.7775375 0.1767578125 0.7813171875 0.1748046875 0.790496875 0.189453125 0.7948171875 0.216796875 0.78995625 0.2470703125 0.7845578125 0.2724609375 0.7813171875 0.294921875 0.7775375 0.310546875 0.7759171874999999 0.34375 0.7775375 0.3662109375 0.7737578125 0.3759765625 0.7640390625 0.3701171875 0.757559375 0.3759765625 0.7483796875000001 0.369140625 0.7413609375
15 0.34765625 0.8099359375 0.330078125 0.8088546875 0.3173828125 0.8039953125 0.3232421875 0.7975156250000001 0.3203125 0.78995625 0.306640625 0.7867171875000001 0.279296875 0.7867171875000001 0.2587890625 0.7942765625 0.248046875 0.8056156250000001 0.2333984375 0.8191140625 0.224609375 0.83099375 0.2451171875 0.8239734375 0.26171875 0.821275 0.279296875 0.8277531249999999 0.2861328125 0.83639375 0.287109375 0.8466515625 0.2890625 0.857990625 0.279296875 0.86555 0.2958984375 0.86555 0.318359375 0.8542109375000001 0.34375 0.843953125 0.357421875 0.8326140625 0.365234375 0.821275 0.361328125 0.8120953125 0.34765625 0.8099359375
2 0.5263671875 0.706803125 0.4775390625 0.71004375 0.4599609375 0.7084234375 0.4423828125 0.7084234375 0.4150390625 0.7084234375 0.3935546875 0.7208421875 0.3994140625 0.74028125 0.4169921875 0.752159375 0.4111328125 0.7721375 0.435546875 0.7829375 0.4599609375 0.7780781250000001 0.48828125 0.7688984375000001 0.5205078125 0.7559390625 0.552734375 0.7489203125 0.5947265625 0.74028125 0.609375 0.727321875 0.5966796875 0.71004375 0.5751953125 0.7051828125 0.552734375 0.706803125 0.5263671875 0.706803125
13 0.4853515625 0.6803453125 0.5 0.694384375 0.5 0.7051828125 0.51171875 0.7116625 0.533203125 0.7089640625 0.55078125 0.701403125 0.572265625 0.69384375 0.5732421875 0.6814250000000001 0.55859375 0.6679265625 0.5302734375 0.6652265625 0.4892578125 0.6652265625 0.4853515625 0.6803453125
13 0.4423828125 0.6603671875 0.421875 0.6565875 0.3994140625 0.6549671874999999 0.37890625 0.6598265624999999 0.3701171875 0.6700859375 0.384765625 0.6814250000000001 0.375 0.697084375 0.380859375 0.71004375 0.3994140625 0.7132828124999999 0.423828125 0.7116625 0.4423828125 0.7089640625 0.4736328125 0.7051828125 0.4912109375 0.6954640624999999 0.4736328125 0.687365625 0.4755859375 0.6733265625 0.490234375 0.6603671875 0.4658203125 0.6636062500000001 0.4423828125 0.6603671875
24 0.5087890625 0.3434125 0.4873046875 0.3450328125 0.4755859375 0.3547515625 0.4755859375 0.36879062500000004 0.5 0.37689062500000003 0.5400390625 0.3801296875 0.56640625 0.36825 0.6025390625 0.36339062499999997 0.6181640625 0.3488125 0.5908203125 0.348271875 0.5634765625 0.3466515625 0.5341796875 0.34395312499999997 0.5087890625 0.3434125
24 0.388671875 0.3434125 0.3818359375 0.35907187500000004 0.3896484375 0.374190625 0.40234375 0.37905 0.421875 0.37850937500000004 0.44140625 0.37365 0.4658203125 0.36879062500000004 0.462890625 0.3547515625 0.4814453125 0.34233281249999997 0.443359375 0.3434125 0.423828125 0.338553125 0.388671875 0.3434125
25 0.560546875 0.298596875 0.5361328125 0.29535625 0.5107421875 0.30183593750000004 0.494140625 0.32127500000000003 0.49609375 0.33369375 0.5185546875 0.3401734375 0.552734375 0.3417921875 0.5859375 0.3434125 0.61328125 0.338553125 0.6318359375 0.32127500000000003 0.61328125 0.307775 0.5966796875 0.305075 0.578125 0.30183593750000004 0.560546875 0.298596875
25 0.40625 0.30075625 0.400390625 0.318575 0.4033203125 0.3315328125 0.4208984375 0.3396328125 0.4443359375 0.33639375 0.466796875 0.333153125 0.484375 0.330453125 0.482421875 0.297515625 0.4609375 0.2910359375 0.44140625 0.2883375 0.4169921875 0.2883375 0.40625 0.30075625
3 0.248046875 0.3147953125 0.240234375 0.30345625 0.23828125 0.29319687499999997 0.216796875 0.2894171875 0.1845703125 0.2883375 0.1533203125 0.2894171875 0.171875 0.298596875 0.1923828125 0.308315625 0.1708984375 0.313175 0.138671875 0.313715625 0.1826171875 0.326134375 0.201171875 0.3299140625 0.2265625 0.330453125 0.2470703125 0.3250546875 0.248046875 0.3147953125
3 0.302734375 0.3623109375 0.3349609375 0.36879062500000004 0.3564453125 0.36393125 0.34765625 0.3488125 0.3525390625 0.33639375 0.365234375 0.3169546875 0.3662109375 0.302915625 0.3271484375 0.30615625 0.298828125 0.30453593749999996 0.2802734375 0.300215625 0.2578125 0.290496875 0.2197265625 0.2791578125 0.177734375 0.2775375 0.232421875 0.28995625 0.25390625 0.30183593750000004 0.2724609375 0.312634375 0.2626953125 0.3250546875 0.2451171875 0.32829375 0.2255859375 0.330453125 0.2021484375 0.328834375 0.1533203125 0.32829375 0.18359375 0.33639375 0.2138671875 0.341253125 0.232421875 0.34395312499999997 0.255859375 0.3450328125 0.2841796875 0.3498921875 0.302734375 0.3623109375
4 0.2353515625 0.3650109375 0.2255859375 0.3488125 0.2021484375 0.3450328125 0.177734375 0.3450328125 0.15234375 0.34395312499999997 0.12890625 0.34395312499999997 0.1552734375 0.3547515625 0.1748046875 0.36663125 0.146484375 0.3704109375 0.1220703125 0.3698703125 0.173828125 0.383909375 0.19921875 0.38876875 0.216796875 0.38876875 0.2392578125 0.37850937500000004 0.2353515625 0.3650109375
4 0.341796875 0.407128125 0.3447265625 0.3952484375 0.34375 0.375809375 0.34765625 0.36663125 0.3212890625 0.3623109375 0.296875 0.35907187500000004 0.271484375 0.3552921875 0.2529296875 0.35205156249999997 0.2265625 0.3450328125 0.2353515625 0.35853125 0.255859375 0.3704109375 0.2724609375 0.37905 0.2470703125 0.38606875 0.193359375 0.393628125 0.21875 0.3974078125 0.2529296875 0.39956875 0.2724609375 0.4011875 0.2958984375 0.407128125 0.3232421875 0.4103671875 0.341796875 0.407128125
5 0.1865234375 0.42980625000000006 0.1962890625 0.41900624999999997 0.2021484375 0.40550781249999995 0.1923828125 0.3925484375 0.1650390625 0.383909375 0.146484375 0.37905 0.107421875 0.37905 0.08984375 0.37850937500000004 0.056640625 0.37850937500000004 0.080078125 0.39092812499999996 0.0830078125 0.404428125 0.0458984375 0.41090781249999997 0.076171875 0.422246875 0.109375 0.4276453125 0.1435546875 0.4330453125 0.16796875 0.434125 0.1865234375 0.42980625000000006
5 0.30859375 0.4384453125 0.33203125 0.434125 0.3388671875 0.423865625 0.3388671875 0.41360625000000006 0.3173828125 0.407128125 0.283203125 0.4022671875 0.25390625 0.3984875 0.216796875 0.39902812499999996 0.189453125 0.39686875 0.1650390625 0.3952484375 0.12890625 0.3957890625 0.1416015625 0.41252656249999997 0.177734375 0.41630625 0.2021484375 0.423865625 0.2294921875 0.42926562500000004 0.2529296875 0.4308859375 0.27734375 0.43574531250000004 0.30859375 0.4384453125
11 0.220703125 0.6214906250000001 0.2041015625 0.6096109375000001 0.1796875 0.6090718749999999 0.158203125 0.6106906249999999 0.1337890625 0.61393125 0.1044921875 0.6214906250000001 0.123046875 0.625809375 0.1533203125 0.63175 0.1416015625 0.64416875 0.119140625 0.6501078125 0.1611328125 0.656046875 0.19921875 0.6582078124999999 0.2236328125 0.6447078125 0.22265625 0.63175 0.220703125 0.6214906250000001
11 0.33203125 0.63445 0.32421875 0.6231093750000001 0.3330078125 0.6096109375000001 0.32421875 0.5988125 0.302734375 0.5928718749999999 0.28125 0.595571875 0.2646484375 0.600971875 0.2353515625 0.6015125 0.2080078125 0.60043125 0.177734375 0.6015125 0.2236328125 0.6128515625000001 0.2412109375 0.6231093750000001 0.23828125 0.6376890625 0.1875 0.6619875000000001 0.22265625 0.6549671874999999 0.244140625 0.6501078125 0.2724609375 0.64686875 0.3017578125 0.64686875 0.3232421875 0.6463281249999999 0.33203125 0.63445
12 0.193359375 0.6749453125 0.1689453125 0.67710625 0.1416015625 0.6814250000000001 0.11328125 0.691684375 0.1376953125 0.6933046875 0.1748046875 0.6933046875 0.1591796875 0.7089640625 0.134765625 0.7154421875 0.1875 0.7186828125 0.21484375 0.714903125 0.2373046875 0.69654375 0.2138671875 0.6781859375 0.193359375 0.6749453125
12 0.345703125 0.6884453125000001 0.3408203125 0.6754859375 0.337890625 0.6630671875 0.3349609375 0.6425484375 0.31640625 0.6328296875 0.2958984375 0.63445 0.2666015625 0.64686875 0.2236328125 0.6533484374999999 0.201171875 0.6587468750000001 0.177734375 0.6652265625 0.1533203125 0.67170625 0.205078125 0.6700859375 0.234375 0.67170625 0.2509765625 0.6814250000000001 0.2587890625 0.692225 0.244140625 0.7051828125 0.173828125 0.7240828125000001 0.2255859375 0.7219218749999999 0.244140625 0.717603125 0.27734375 0.7105828125 0.310546875 0.7003234375 0.3408203125 0.706803125 0.345703125 0.6884453125000001
16 0.390625 0.838553125 0.376953125 0.8390921875 0.36328125 0.843953125 0.349609375 0.85043125 0.3671875 0.8617703125 0.369140625 0.8714906250000001 0.37890625 0.8795890625 0.390625 0.88606875 0.40625 0.88876875 0.4287109375 0.8871484374999999 0.4443359375 0.8714906250000001 0.431640625 0.86663125 0.4287109375 0.8558312499999999 0.4091796875 0.8493515625000001 0.39453125 0.8450328125000001 0.390625 0.838553125
17 0.3642578125 0.6430890625 0.37109375 0.64686875 0.375 0.6555078125 0.3798828125 0.661446875 0.40625 0.6641468749999999 0.435546875 0.661446875 0.439453125 0.6571281250000001 0.4453125 0.649028125 0.4443359375 0.63336875 0.4404296875 0.6220296875 0.4169921875 0.6214906250000001 0.4052734375 0.6177109375 0.39453125 0.616090625 0.3798828125 0.61825 0.3720703125 0.62905 0.3642578125 0.6430890625