31 0.7564796874999999 0.470703125 0.7667390625 0.4931640625 0.780778125 0.4951171875 0.787796875 0.474609375 0.7964359375 0.478515625 0.8088546875 0.46484375 0.8099359375 0.4345703125 0.8088546875 0.392578125 0.8023765624999999 0.3642578125 0.7564796874999999 0.349609375 0.747840625 0.3759765625 0.747840625 0.40234375 0.75 0.4345703125 0.7564796874999999 0.470703125
17 0.63175 0.5625 0.6371484374999999 0.5673828125 0.6425484375 0.568359375 0.6479484375 0.5693359375 0.6533484374999999 0.56640625 0.6576671875 0.5615234375 0.6619875000000001 0.537109375 0.6576671875 0.4990234375 0.6538875 0.47265625 0.64956875 0.4287109375 0.6328296875 0.4140625 0.6306703125 0.451171875 0.61825 0.4912109375 0.6144703125000001 0.5146484375 0.6214906250000001 0.5361328125 0.6268906249999999 0.55078125 0.63175 0.5625
19 0.5718140625 0.4365234375 0.5739734375000001 0.466796875 0.5842328125 0.482421875 0.5907125 0.5068359375 0.606371875 0.4912109375 0.61825 0.474609375 0.6295890625 0.45703125 0.6295890625 0.41015625 0.6349890625 0.3662109375 0.6398484375 0.322265625 0.606371875 0.2958984375 0.6042109375 0.341796875 0.5971921874999999 0.3642578125 0.580453125 0.3984375 0.5718140625 0.4365234375
18 0.593953125 0.6279296875 0.606371875 0.6376953125 0.6220296875 0.6240234375 0.6198703125 0.5859375 0.61825 0.546875 0.6096109375000001 0.517578125 0.616090625 0.47265625 0.6074515625 0.4892578125 0.5971921874999999 0.5087890625 0.593953125 0.529296875 0.5917921875000001 0.546875 0.588553125 0.5732421875 0.5842328125 0.61328125 0.593953125 0.6279296875
20 0.5437359374999999 0.5751953125 0.5437359374999999 0.6162109375 0.555075 0.6259765625 0.5685749999999999 0.6162109375 0.57829375 0.60546875 0.5874734375 0.5810546875 0.5874734375 0.54296875 0.5874734375 0.5068359375 0.5653343750000001 0.453125 0.5615546874999999 0.474609375 0.558315625 0.5107421875 0.55615625 0.544921875 0.5437359374999999 0.5751953125
21 0.504859375 0.5576171875 0.5183578125 0.5615234375 0.5286171875 0.5615234375 0.53725625 0.5634765625 0.5496765625 0.5517578125 0.5496765625 0.5087890625 0.550215625 0.4716796875 0.5512953125 0.4482421875 0.5448171875 0.4287109375 0.535096875 0.412109375 0.5237578125 0.3984375 0.5183578125 0.4345703125 0.5140390625 0.466796875 0.5107984375 0.4970703125 0.5070187500000001 0.5146484375 0.49622031250000004 0.533203125 0.504859375 0.5576171875
22 0.44708437500000003 0.541015625 0.441684375 0.599609375 0.44276406250000006 0.6298828125 0.4562640625 0.6416015625 0.4751625 0.6416015625 0.49298125 0.6416015625 0.49622031250000004 0.6240234375 0.49622031250000004 0.5810546875 0.495140625 0.541015625 0.49189999999999995 0.5146484375 0.4940609375 0.4609375 0.499459375 0.41015625 0.45842343750000003 0.40234375 0.4562640625 0.4326171875 0.451403125 0.466796875 0.44708437500000003 0.5029296875 0.44708437500000003 0.541015625
30 0.4082078125 0.525390625 0.4082078125 0.548828125 0.41252656249999997 0.5771484375 0.42278593750000004 0.595703125 0.43466562499999994 0.599609375 0.44384375 0.58984375 0.4460046875 0.5595703125 0.44708437500000003 0.529296875 0.4503234375 0.4765625 0.4503234375 0.4287109375 0.437365625 0.4267578125 0.43142500000000006 0.4443359375 0.42170625 0.470703125 0.4082078125 0.4951171875 0.4082078125 0.525390625
29 0.375809375 0.4365234375 0.38606875 0.4609375 0.3947078125 0.474609375 0.40604687500000003 0.4873046875 0.41360625000000006 0.470703125 0.42494531249999995 0.4462890625 0.4335859375 0.4248046875 0.43142500000000006 0.392578125 0.41684687499999995 0.333984375 0.4092875 0.2998046875 0.3725703125 0.3017578125 0.3725703125 0.328125 0.3747296875 0.3564453125 0.375809375 0.3984375 0.375809375 0.4365234375
23 0.4006484375 0.6162109375 0.41360625000000006 0.599609375 0.4103671875 0.5712890625 0.40604687500000003 0.53515625 0.40496718749999994 0.5029296875 0.39794843750000003 0.4853515625 0.383909375 0.478515625 0.383909375 0.5146484375 0.37905 0.544921875 0.375809375 0.5810546875 0.3779703125 0.6162109375 0.38930937499999996 0.6162109375 0.4006484375 0.6162109375
26 0.23326093750000002 0.525390625 0.230021875 0.5556640625 0.2413609375 0.5634765625 0.252159375 0.5576171875 0.26241875000000003 0.583984375 0.272678125 0.5810546875 0.2845578125 0.5693359375 0.2888765625 0.541015625 0.29373593750000004 0.4931640625 0.295896875 0.4462890625 0.29643593749999997 0.4033203125 0.29265625 0.3798828125 0.272678125 0.3759765625 0.26511874999999996 0.3837890625 0.2607984375 0.4091796875 0.2559390625 0.4404296875 0.25 0.466796875 0.24028125 0.4990234375 0.23326093750000002 0.525390625
27 0.2143625 0.458984375 0.22678125 0.455078125 0.23596093749999997 0.470703125 0.24567968750000002 0.466796875 0.2532390625 0.4462890625 0.2581 0.4208984375 0.2591796875 0.388671875 0.2591796875 0.3544921875 0.23218125 0.33203125 0.21004375 0.3525390625 0.20464375 0.400390625 0.20464375 0.4345703125 0.2143625 0.458984375
0 0.201403125 0.73046875 0.2035640625 0.7587890625 0.21922187499999998 0.7529296875 0.23218125 0.7265625 0.2413609375 0.6982421875 0.2413609375 0.669921875 0.22462187500000003 0.666015625 0.21544218750000002 0.6640625 0.212203125 0.6455078125 0.20788281249999999 0.6220703125 0.184665625 0.6416015625 0.17548593750000002 0.6845703125 0.16468750000000001 0.7099609375 0.18358593750000002 0.7021484375 0.1976234375 0.7138671875 0.201403125 0.73046875
1 0.2591796875 0.61328125 0.2489203125 0.607421875 0.24244062500000002 0.6259765625 0.24028125 0.6416015625 0.24028125 0.662109375 0.24028125 0.6884765625 0.2392015625 0.7080078125 0.23326093750000002 0.7265625 0.2289421875 0.75390625 0.22516250000000002 0.775390625 0.2213828125 0.7998046875 0.2257015625 0.81640625 0.2338015625 0.7939453125 0.24244062500000002 0.7705078125 0.24622031249999998 0.744140625 0.2581 0.7216796875 0.26403906250000003 0.7314453125 0.260259375 0.7529296875 0.25270000000000004 0.7802734375 0.24406093750000002 0.802734375 0.24244062500000002 0.82421875 0.2510796875 0.8330078125 0.2613390625 0.8212890625 0.26781875 0.7890625 0.275378125 0.765625 0.2818578125 0.7373046875 0.2861765625 0.7138671875 0.29265625 0.693359375 0.300215625 0.681640625 0.305075 0.658203125 0.30615625 0.6455078125 0.30453593749999996 0.6279296875 0.2942765625 0.6240234375 0.2861765625 0.626953125 0.278078125 0.630859375 0.27483749999999996 0.615234375 0.265659375 0.6083984375 0.2591796875 0.61328125
6 0.44060468750000004 0.71875 0.44060468750000004 0.7470703125 0.44060468750000004 0.7685546875 0.4400640625 0.7998046875 0.439525 0.826171875 0.437365625 0.8505859375 0.43682499999999996 0.873046875 0.43682499999999996 0.8984375 0.44654375 0.880859375 0.45248437499999994 0.84375 0.456803125 0.8154296875 0.462203125 0.78125 0.4697625 0.7490234375 0.4757015625 0.7197265625 0.47948124999999997 0.6923828125 0.48110156249999997 0.677734375 0.47678125 0.671875 0.4681421875 0.6650390625 0.45896406250000005 0.6650390625 0.4508640625 0.66796875 0.442225 0.6748046875 0.442225 0.6962890625 0.44060468750000004 0.71875
7 0.4757015625 0.73828125 0.47786249999999997 0.7548828125 0.4735421875 0.783203125 0.4708421875 0.80859375 0.467603125 0.826171875 0.4638234375 0.8505859375 0.46706250000000005 0.8701171875 0.477321875 0.8671875 0.482721875 0.8427734375 0.49298125 0.802734375 0.5 0.767578125 0.504859375 0.74609375 0.5091796875 0.7236328125 0.5134984375 0.693359375 0.51511875 0.6748046875 0.5124187499999999 0.6650390625 0.502159375 0.6650390625 0.4892015625 0.6650390625 0.48056093750000006 0.669921875 0.48110156249999997 0.6943359375 0.47786249999999997 0.7138671875 0.4757015625 0.73828125
8 0.5113390625 0.7314453125 0.5091796875 0.75 0.5054000000000001 0.7705078125 0.5016203124999999 0.7900390625 0.49729999999999996 0.80859375 0.49298125 0.826171875 0.4892015625 0.849609375 0.4913609375 0.873046875 0.4989203125 0.873046875 0.5081 0.8564453125 0.5188984375000001 0.830078125 0.5259171874999999 0.7861328125 0.5313171875 0.755859375 0.53995625 0.7392578125 0.5442765625 0.7060546875 0.5496765625 0.685546875 0.5480562499999999 0.6728515625 0.5394171875 0.6650390625 0.5237578125 0.662109375 0.51511875 0.669921875 0.51511875 0.689453125 0.5118796875 0.7109375 0.5113390625 0.7314453125
9 0.5388765624999999 0.7529296875 0.535096875 0.7744140625 0.530778125 0.794921875 0.5259171874999999 0.814453125 0.5215984375 0.8388671875 0.5161984375 0.8583984375 0.5161984375 0.8720703125 0.525378125 0.8720703125 0.5318578125 0.8671875 0.5421171874999999 0.83984375 0.55615625 0.8017578125 0.5669546875 0.767578125 0.57559375 0.7490234375 0.580453125 0.724609375 0.5772140625 0.70703125 0.5701937499999999 0.69140625 0.5604750000000001 0.68359375 0.552915625 0.68359375 0.5480562499999999 0.6962890625 0.5448171875 0.7177734375 0.5410359375 0.7333984375 0.5388765624999999 0.7529296875
10 0.557775 0.892578125 0.565875 0.9189453125 0.571275 0.9423828125 0.577753125 0.953125 0.58369375 0.9296875 0.5896328125 0.90625 0.600971875 0.9189453125 0.6117703125 0.94140625 0.6204109375 0.94921875 0.6171703125 0.9326171875 0.6117703125 0.9091796875 0.6090718749999999 0.8876953125 0.60853125 0.873046875 0.607990625 0.8564453125 0.5988125 0.8349609375 0.5912531249999999 0.8193359375 0.57829375 0.810546875 0.563715625 0.8154296875 0.5523765625 0.8330078125 0.548596875 0.8505859375 0.55075625 0.8720703125 0.557775 0.892578125
10 0.57829375 0.7373046875 0.580453125 0.7666015625 0.580453125 0.79296875 0.5853125 0.81640625 0.5966515625000001 0.82421875 0.60853125 0.837890625 0.606371875 0.802734375 0.606371875 0.7724609375 0.6042109375 0.73046875 0.6025921875 0.7099609375 0.6025921875 0.6904296875 0.5971921874999999 0.6787109375 0.588553125 0.6728515625 0.58099375 0.6748046875 0.57289375 0.685546875 0.57559375 0.701171875 0.57829375 0.7197265625 0.57829375 0.7373046875
14 0.7413609375 0.630859375 0.737040625 0.6435546875 0.7305609375000001 0.64453125 0.7230015625 0.640625 0.7105828125 0.640625 0.7035640625 0.6376953125 0.7024843749999999 0.65625 0.7057234375 0.67578125 0.7089640625 0.6923828125 0.71274375 0.71484375 0.720303125 0.7275390625 0.727321875 0.7490234375 0.7311015624999999 0.7705078125 0.735421875 0.787109375 0.7429812499999999 0.8076171875 0.7467609375 0.8232421875 0.7543203125 0.83203125 0.7618796875 0.84375 0.7688984375000001 0.8349609375 0.7618796875 0.8193359375 0.7564796874999999 0.791015625 0.7516203124999999 0.7705078125 0.747840625 0.75 0.75 0.7392578125 0.760259375 0.740234375 0.76511875 0.76171875 0.7710578124999999 0.77734375 0.7775375 0.8037109375 0.7813171875 0.8232421875 0.790496875 0.8251953125 0.7948171875 0.810546875 0.78995625 0.783203125 0.7845578125 0.7529296875 0.7813171875 0.7275390625 0.7775375 0.705078125 0.7759171874999999 0.689453125 0.7775375 0.65625 0.7737578125 0.6337890625 0.7640390625 0.6240234375 0.757559375 0.6298828125 0.7483796875000001 0.6240234375 0.7413609375 0.630859375
15 0.8099359375 0.65234375 0.8088546875 0.669921875 0.8039953125 0.6826171875 0.7975156250000001 0.6767578125 0.78995625 0.6796875 0.7867171875000001 0.693359375 0.7867171875000001 0.720703125 0.7942765625 0.7412109375 0.8056156250000001 0.751953125 0.8191140625 0.7666015625 0.83099375 0.775390625 0.8239734375 0.7548828125 0.821275 0.73828125 0.8277531249999999 0.720703125 0.83639375 0.7138671875 0.8466515625 0.712890625 0.857990625 0.7109375 0.86555 0.720703125 0.86555 0.7041015625 0.8542109375000001 0.681640625 0.843953125 0.65625 0.8326140625 0.642578125 0.821275 0.634765625 0.8120953125 0.638671875 0.8099359375 0.65234375
2 0.706803125 0.4736328125 0.71004375 0.5224609375 0.7084234375 0.5400390625 0.7084234375 0.5576171875 0.7084234375 0.5849609375 0.7208421875 0.6064453125 0.74028125 0.6005859375 0.752159375 0.5830078125 0.7721375 0.5888671875 0.7829375 0.564453125 0.7780781250000001 0.5400390625 0.7688984375000001 0.51171875 0.7559390625 0.4794921875 0.7489203125 0.447265625 0.74028125 0.4052734375 0.727321875 0.390625 0.71004375 0.4033203125 0.7051828125 0.4248046875 0.706803125 0.447265625 0.706803125 0.4736328125
13 0.6803453125 0.5146484375 0.694384375 0.5 0.7051828125 0.5 0.7116625 0.48828125 0.7089640625 0.466796875 0.701403125 0.44921875 0.69384375 0.427734375 0.6814250000000001 0.4267578125 0.6679265625 0.44140625 0.6652265625 0.4697265625 0.6652265625 0.5107421875 0.6803453125 0.5146484375
13 0.6603671875 0.5576171875 0.6565875 0.578125 0.6549671874999999 0.6005859375 0.6598265624999999 0.62109375 0.6700859375 0.6298828125 0.6814250000000001 0.615234375 0.697084375 0.625 0.71004375 0.619140625 0.7132828124999999 0.6005859375 0.7116625 0.576171875 0.7089640625 0.5576171875 0.7051828125 0.5263671875 0.6954640624999999 0.5087890625 0.687365625 0.5263671875 0.6733265625 0.5244140625 0.6603671875 0.509765625 0.6636062500000001 0.5341796875 0.6603671875 0.5576171875
24 0.3434125 0.4912109375 0.3450328125 0.5126953125 0.3547515625 0.5244140625 0.36879062500000004 0.5244140625 0.37689062500000003 0.5 0.3801296875 0.4599609375 0.36825 0.43359375 0.36339062499999997 0.3974609375 0.3488125 0.3818359375 0.348271875 0.4091796875 0.3466515625 0.4365234375 0.34395312499999997 0.4658203125 0.3434125 0.4912109375
24 0.3434125 0.611328125 0.35907187500000004 0.6181640625 0.374190625 0.6103515625 0.37905 0.59765625 0.37850937500000004 0.578125 0.37365 0.55859375 0.36879062500000004 0.5341796875 0.3547515625 0.537109375 0.34233281249999997 0.5185546875 0.3434125 0.556640625 0.338553125 0.576171875 0.3434125 0.611328125
25 0.298596875 0.439453125 0.29535625 0.4638671875 0.30183593750000004 0.4892578125 0.32127500000000003 0.505859375 0.33369375 0.50390625 0.3401734375 0.4814453125 0.3417921875 0.447265625 0.3434125 0.4140625 0.338553125 0.38671875 0.32127500000000003 0.3681640625 0.307775 0.38671875 0.305075 0.4033203125 0.30183593750000004 0.421875 0.298596875 0.439453125
25 0.30075625 0.59375 0.318575 0.599609375 0.3315328125 0.5966796875 0.3396328125 0.5791015625 0.33639375 0.5556640625 0.333153125 0.533203125 0.330453125 0.515625 0.297515625 0.517578125 0.2910359375 0.5390625 0.2883375 0.55859375 0.2883375 0.5830078125 0.30075625 0.59375
3 0.3147953125 0.751953125 0.30345625 0.759765625 0.29319687499999997 0.76171875 0.2894171875 0.783203125 0.2883375 0.8154296875 0.2894171875 0.8466796875 0.298596875 0.828125 0.308315625 0.8076171875 0.313175 0.8291015625 0.313715625 0.861328125 0.326134375 0.8173828125 0.3299140625 0.798828125 0.330453125 0.7734375 0.3250546875 0.7529296875 0.3147953125 0.751953125
3 0.3623109375 0.697265625 0.36879062500000004 0.6650390625 0.36393125 0.6435546875 0.3488125 0.65234375 0.33639375 0.6474609375 0.3169546875 0.634765625 0.302915625 0.6337890625 0.30615625 0.6728515625 0.30453593749999996 0.701171875 0.300215625 0.7197265625 0.290496875 0.7421875 0.2791578125 0.7802734375 0.2775375 0.822265625 0.28995625 0.767578125 0.30183593750000004 0.74609375 0.312634375 0.7275390625 0.3250546875 0.7373046875 0.32829375 0.7548828125 0.330453125 0.7744140625 0.328834375 0.7978515625 0.32829375 0.8466796875 0.33639375 0.81640625 0.341253125 0.7861328125 0.34395312499999997 0.767578125 0.3450328125 0.744140625 0.3498921875 0.7158203125 0.3623109375 0.697265625
4 0.3650109375 0.7646484375 0.3488125 0.7744140625 0.3450328125 0.7978515625 0.3450328125 0.822265625 0.34395312499999997 0.84765625 0.34395312499999997 0.87109375 0.3547515625 0.8447265625 0.36663125 0.8251953125 0.3704109375 0.853515625 0.3698703125 0.8779296875 0.383909375 0.826171875 0.38876875 0.80078125 0.38876875 0.783203125 0.37850937500000004 0.7607421875 0.3650109375 0.7646484375
4 0.407128125 0.658203125 0.3952484375 0.6552734375 0.375809375 0.65625 0.36663125 0.65234375 0.3623109375 0.6787109375 0.35907187500000004 0.703125 0.3552921875 0.728515625 0.35205156249999997 0.7470703125 0.3450328125 0.7734375 0.35853125 0.7646484375 0.3704109375 0.744140625 0.37905 0.7275390625 0.38606875 0.7529296875 0.393628125 0.806640625 0.3974078125 0.78125 0.39956875 0.7470703125 0.4011875 0.7275390625 0.407128125 0.7041015625 0.4103671875 0.6767578125 0.407128125 0.658203125
5 0.42980625000000006 0.8134765625 0.41900624999999997 0.8037109375 0.40550781249999995 0.7978515625 0.3925484375 0.8076171875 0.383909375 0.8349609375 0.37905 0.853515625 0.37905 0.892578125 0.37850937500000004 0.91015625 0.37850937500000004 0.943359375 0.39092812499999996 0.919921875 0.404428125 0.9169921875 0.41090781249999997 0.9541015625 0.422246875 0.923828125 0.4276453125 0.890625 0.4330453125 0.8564453125 0.434125 0.83203125 0.42980625000000006 0.8134765625
5 0.4384453125 0.69140625 0.434125 0.66796875 0.423865625 0.6611328125 0.41360625000000006 0.6611328125 0.407128125 0.6826171875 0.4022671875 0.716796875 0.3984875 0.74609375 0.39902812499999996 0.783203125 0.39686875 0.810546875 0.3952484375 0.8349609375 0.3957890625 0.87109375 0.41252656249999997 0.8583984375 0.41630625 0.822265625 0.423865625 0.7978515625 0.42926562500000004 0.7705078125 0.4308859375 0.7470703125 0.43574531250000004 0.72265625 0.4384453125 0.69140625
11 0.6214906250000001 0.779296875 0.6096109375000001 0.7958984375 0.6090718749999999 0.8203125 0.6106906249999999 0.841796875 0.61393125 0.8662109375 0.6214906250000001 0.8955078125 0.625809375 0.876953125 0.63175 0.8466796875 0.64416875 0.8583984375 0.6501078125 0.880859375 0.656046875 0.8388671875 0.6582078124999999 0.80078125 0.6447078125 0.7763671875 0.63175 0.77734375 0.6214906250000001 0.779296875
11 0.63445 0.66796875 0.6231093750000001 0.67578125 0.6096109375000001 0.6669921875 0.5988125 0.67578125 0.5928718749999999 0.697265625 0.595571875 0.71875 0.600971875 0.7353515625 0.6015125 0.7646484375 0.60043125 0.7919921875 0.6015125 0.822265625 0.6128515625000001 0.7763671875 0.6231093750000001 0.7587890625 0.6376890625 0.76171875 0.6619875000000001 0.8125 0.6549671874999999 0.77734375 0.6501078125 0.755859375 0.64686875 0.7275390625 0.64686875 0.6982421875 0.6463281249999999 0.6767578125 0.63445 0.66796875
12 0.6749453125 0.806640625 0.67710625 0.8310546875 0.6814250000000001 0.8583984375 0.691684375 0.88671875 0.6933046875 0.8623046875 0.6933046875 0.8251953125 0.7089640625 0.8408203125 0.7154421875 0.865234375 0.7186828125 0.8125 0.714903125 0.78515625 0.69654375 0.7626953125 0.6781859375 0.7861328125 0.6749453125 0.806640625
12 0.6884453125000001 0.654296875 0.6754859375 0.6591796875 0.6630671875 0.662109375 0.6425484375 0.6650390625 0.6328296875 0.68359375 0.63445 0.7041015625 0.64686875 0.7333984375 0.6533484374999999 0.7763671875 0.6587468750000001 0.798828125 0.6652265625 0.822265625 0.67170625 0.8466796875 0.6700859375 0.794921875 0.67170625 0.765625 0.6814250000000001 0.7490234375 0.692225 0.7412109375 0.7051828125 0.755859375 0.7240828125000001 0.826171875 0.7219218749999999 0.7744140625 0.717603125 0.755859375 0.7105828125 0.72265625 0.7003234375 0.689453125 0.706803125 0.6591796875 0.6884453125000001 0.654296875
16 0.838553125 0.609375 0.8390921875 0.623046875 0.843953125 0.63671875 0.85043125 0.650390625 0.8617703125 0.6328125 0.8714906250000001 0.630859375 0.8795890625 0.62109375 0.88606875 0.609375 0.88876875 0.59375 0.8871484374999999 0.5712890625 0.8714906250000001 0.5556640625 0.86663125 0.568359375 0.8558312499999999 0.5712890625 0.8493515625000001 0.5908203125 0.8450328125000001 0.60546875 0.838553125 0.609375
17 0.6430890625 0.6357421875 0.64686875 0.62890625 0.6555078125 0.625 0.661446875 0.6201171875 0.6641468749999999 0.59375 0.661446875 0.564453125 0.6571281250000001 0.560546875 0.649028125 0.5546875 0.63336875 0.5556640625 0.6220296875 0.5595703125 0.6214906250000001 0.5830078125 0.6177109375 0.5947265625 0.616090625 0.60546875 0.61825 0.6201171875 0.62905 0.6279296875 0.6430890625 0.6357421875