2 0.2758453125 0.3818359375 0.2782953125 0.34375 0.2782953125 0.29296875 0.277315625 0.2509765625 0.25379687500000003 0.259765625 0.25379687500000003 0.2880859375 0.24693749999999998 0.3154296875 0.236159375 0.3369140625 0.2293 0.376953125 0.24154843750000002 0.392578125 0.25134687499999997 0.412109375 0.2660453125 0.408203125 0.2758453125 0.3818359375
13 0.3214109375 0.4453125 0.32288125 0.4169921875 0.32043125 0.3701171875 0.32043125 0.32421875 0.32043125 0.2880859375 0.2959328125 0.27734375 0.2851546875 0.2998046875 0.2827046875 0.33984375 0.2782953125 0.376953125 0.269475 0.4150390625 0.269475 0.4501953125 0.2851546875 0.443359375 0.29495312500000004 0.45703125 0.3106328125 0.4677734375 0.3214109375 0.4453125
17 0.35276874999999996 0.32421875 0.34051875 0.3125 0.32925 0.3369140625 0.3282703125 0.37890625 0.32925 0.4189453125 0.3370890625 0.4453125 0.357178125 0.4521484375 0.3650171875 0.427734375 0.3650171875 0.3876953125 0.3615875 0.3486328125 0.35276874999999996 0.32421875
19 0.4448796875 0.4482421875 0.45271875 0.39453125 0.45271875 0.359375 0.45271875 0.3193359375 0.439490625 0.291015625 0.4292015625 0.326171875 0.41842187500000005 0.376953125 0.4140125 0.423828125 0.409603125 0.4697265625 0.409603125 0.5146484375 0.41842187500000005 0.5498046875 0.43263125 0.54296875 0.4448796875 0.5078125 0.4448796875 0.4482421875
20 0.45369843750000005 0.5654296875 0.4674171875 0.5654296875 0.469378125 0.509765625 0.47035781249999997 0.4658203125 0.47182812500000004 0.4033203125 0.4762375 0.3544921875 0.4561484375 0.330078125 0.4561484375 0.3681640625 0.45369843750000005 0.4033203125 0.4492890625 0.443359375 0.44634999999999997 0.4853515625 0.439490625 0.5478515625 0.45369843750000005 0.5654296875
21 0.491425 0.57421875 0.508575 0.5634765625 0.5071046875 0.5166015625 0.501715625 0.478515625 0.49926562499999994 0.4306640625 0.4948546875 0.3701171875 0.480646875 0.373046875 0.47819687499999997 0.4169921875 0.4737875 0.4521484375 0.47182812500000004 0.494140625 0.469378125 0.5478515625 0.4737875 0.572265625 0.491425 0.57421875
22 0.5325828125000001 0.33984375 0.5159234374999999 0.36328125 0.510534375 0.45703125 0.508575 0.5078125 0.512984375 0.5517578125 0.5316015625 0.55859375 0.5394421875 0.5390625 0.5360125 0.439453125 0.5350312500000001 0.373046875 0.5325828125000001 0.33984375
30 0.5639390625 0.39453125 0.5614890625 0.345703125 0.551690625 0.3349609375 0.5438515625 0.357421875 0.541890625 0.4306640625 0.5438515625 0.4970703125 0.5438515625 0.5341796875 0.5551203124999999 0.5546875 0.569328125 0.54296875 0.5752078125 0.51171875 0.56491875 0.4345703125 0.5639390625 0.39453125
29 0.608525 0.5009765625 0.59970625 0.458984375 0.5982359374999999 0.4189453125 0.59480625 0.376953125 0.5894171874999999 0.328125 0.571778125 0.34375 0.569328125 0.3857421875 0.5707984374999999 0.4306640625 0.5707984374999999 0.478515625 0.5727578125 0.509765625 0.5805984375000001 0.52734375 0.5938265625 0.5390625 0.604115625 0.5234375 0.608525 0.5009765625
23 0.6119546875 0.4990234375 0.6227343750000001 0.5166015625 0.6349828125 0.5009765625 0.6384125 0.474609375 0.6286140625 0.4501953125 0.625184375 0.42578125 0.6217546875 0.39453125 0.6193046875 0.3486328125 0.6095046875000001 0.32421875 0.59480625 0.32421875 0.59480625 0.3525390625 0.5962765625 0.39453125 0.601665625 0.4326171875 0.601665625 0.4658203125 0.6119546875 0.4990234375
24 0.64968125 0.4150390625 0.640371875 0.373046875 0.6286140625 0.3173828125 0.6148953125000001 0.30859375 0.618325 0.34375 0.6237140625 0.3974609375 0.6212640625 0.455078125 0.64723125 0.4833984375 0.6560515625 0.4501953125 0.64968125 0.4150390625
26 0.7050468750000001 0.4658203125 0.7138656250000001 0.44140625 0.7128859375000001 0.376953125 0.7138656250000001 0.330078125 0.7138656250000001 0.291015625 0.7084765625 0.259765625 0.6908375 0.2861328125 0.6795687499999999 0.3369140625 0.675159375 0.373046875 0.666340625 0.408203125 0.6629109375 0.439453125 0.6683 0.4677734375 0.6829984375 0.478515625 0.692796875 0.4609375 0.7050468750000001 0.4658203125
27 0.7486531249999999 0.4208984375 0.7506125 0.3837890625 0.746203125 0.3330078125 0.7427734375 0.263671875 0.71190625 0.2666015625 0.7128859375000001 0.3017578125 0.716315625 0.3486328125 0.716315625 0.3974609375 0.7197453125 0.42578125 0.736403125 0.4345703125 0.7486531249999999 0.4208984375
28 0.766290625 0.5966796875 0.7819703125 0.572265625 0.7741296875 0.5458984375 0.75943125 0.521484375 0.7452234375 0.4990234375 0.73199375 0.490234375 0.7197453125 0.4970703125 0.707496875 0.5146484375 0.7050468750000001 0.55859375 0.7128859375000001 0.5849609375 0.7339546875 0.6005859375 0.7496328125 0.6162109375 0.766290625 0.5966796875
3 0.64723125 0.7744140625 0.6487015625 0.7431640625 0.64723125 0.71875 0.640371875 0.6796875 0.6374328125 0.658203125 0.634003125 0.6328125 0.629103125 0.5888671875 0.624203125 0.57421875 0.615384375 0.57421875 0.606565625 0.572265625 0.5987265625 0.58203125 0.59725625 0.6025390625 0.6055859375 0.625 0.6139140624999999 0.6630859375 0.6217546875 0.6953125 0.6276328125 0.7294921875 0.640371875 0.7666015625 0.64723125 0.7744140625
4 0.5987265625 0.767578125 0.6080359375 0.7666015625 0.60215625 0.7373046875 0.5987265625 0.7119140625 0.5987265625 0.6796875 0.59970625 0.6513671875 0.6001953125 0.6181640625 0.596765625 0.6025390625 0.5903968749999999 0.5888671875 0.581578125 0.5849609375 0.5752078125 0.5947265625 0.5668796875 0.60546875 0.567859375 0.623046875 0.571778125 0.6455078125 0.5752078125 0.67578125 0.5801078125 0.712890625 0.5845171875 0.736328125 0.5918671875 0.75390625 0.5987265625 0.767578125
5 0.5737390625 0.806640625 0.5781484375 0.7744140625 0.576678125 0.7431640625 0.5727578125 0.708984375 0.56981875 0.681640625 0.5668796875 0.65234375 0.5668796875 0.62890625 0.5663890625 0.599609375 0.5600203125000001 0.5908203125 0.5511999999999999 0.5849609375 0.5389515625 0.5849609375 0.5340515625 0.6123046875 0.5365015625 0.64453125 0.5409109375 0.6767578125 0.549240625 0.7138671875 0.5561 0.7626953125 0.5629593749999999 0.80078125 0.5737390625 0.806640625
6 0.5311125 0.7724609375 0.5311125 0.7431640625 0.5311125 0.712890625 0.533071875 0.6796875 0.5355218749999999 0.6513671875 0.5355218749999999 0.6328125 0.533071875 0.6123046875 0.5365015625 0.595703125 0.5247421875 0.595703125 0.51249375 0.599609375 0.5110234375 0.623046875 0.5139640625 0.6591796875 0.5139640625 0.6923828125 0.5139640625 0.7265625 0.5188640625 0.75390625 0.524253125 0.7744140625 0.5311125 0.7724609375
7 0.51249375 0.75 0.5120046874999999 0.720703125 0.5090640625 0.6962890625 0.5095546875 0.6630859375 0.5120046874999999 0.6279296875 0.5120046874999999 0.6015625 0.503675 0.59765625 0.4904453125 0.599609375 0.4889765625 0.6279296875 0.4904453125 0.66015625 0.4904453125 0.685546875 0.4948546875 0.7333984375 0.498775 0.7578125 0.5071046875 0.7646484375 0.51249375 0.75
8 0.48652656250000004 0.642578125 0.4904453125 0.599609375 0.47966718750000004 0.5947265625 0.464478125 0.5986328125 0.46545781249999996 0.6298828125 0.4683984375 0.6748046875 0.4688875 0.7119140625 0.47035781249999997 0.7421875 0.4772171875 0.7197265625 0.48015625 0.7021484375 0.48309687500000004 0.67578125 0.48652656250000004 0.642578125
9 0.46643749999999995 0.7626953125 0.46643749999999995 0.73046875 0.46545781249999996 0.6962890625 0.46545781249999996 0.6396484375 0.46545781249999996 0.6025390625 0.459578125 0.59765625 0.44977968749999997 0.599609375 0.441940625 0.591796875 0.441940625 0.6064453125 0.44439062500000004 0.638671875 0.4448796875 0.681640625 0.4492890625 0.7373046875 0.4561484375 0.7666015625 0.46643749999999995 0.7626953125
10 0.41156249999999994 0.830078125 0.42136250000000003 0.8310546875 0.4292015625 0.7998046875 0.4331203125 0.7646484375 0.4360609375 0.7255859375 0.4399796875 0.6884765625 0.443409375 0.6591796875 0.443409375 0.6279296875 0.443409375 0.583984375 0.4360609375 0.5693359375 0.425771875 0.5751953125 0.4174421875 0.5888671875 0.414503125 0.611328125 0.4125421875 0.63671875 0.41107343749999997 0.662109375 0.4091125 0.6953125 0.4081328125 0.736328125 0.4081328125 0.791015625 0.41156249999999994 0.830078125
11 0.4042140625 0.7021484375 0.4081328125 0.66015625 0.4130328125 0.6259765625 0.4179328125 0.5986328125 0.414503125 0.58203125 0.4081328125 0.572265625 0.402253125 0.5625 0.39539375 0.5673828125 0.3875546875 0.5810546875 0.38510468750000004 0.6083984375 0.38510468750000004 0.6533203125 0.382165625 0.70703125 0.382165625 0.7607421875 0.3904953125 0.7509765625 0.39784375 0.73046875 0.4042140625 0.7021484375
12 0.3699171875 0.7197265625 0.37530625 0.68359375 0.37775625 0.65625 0.382165625 0.6181640625 0.3855953125 0.5849609375 0.3855953125 0.568359375 0.3767765625 0.560546875 0.3640375 0.5625 0.3532578125 0.5712890625 0.354728125 0.58203125 0.354728125 0.609375 0.35521875 0.65234375 0.3537484375 0.7060546875 0.34835937499999997 0.7568359375 0.3601171875 0.7568359375 0.3699171875 0.7197265625
14 0.299853125 0.65625 0.3101421875 0.646484375 0.313571875 0.666015625 0.306221875 0.689453125 0.297403125 0.708984375 0.28809375 0.73046875 0.3008328125 0.7333984375 0.311121875 0.716796875 0.319940625 0.69921875 0.32778125 0.68359375 0.3366 0.6552734375 0.349828125 0.638671875 0.3537484375 0.62109375 0.3537484375 0.5927734375 0.352278125 0.572265625 0.34688906249999996 0.5537109375 0.3380703125 0.548828125 0.3287609375 0.548828125 0.32288125 0.5419921875 0.3125921875 0.5419921875 0.306221875 0.5654296875 0.2915234375 0.623046875 0.28564375000000003 0.6416015625 0.27535468750000003 0.658203125 0.26555625 0.68359375 0.27290468749999997 0.7001953125 0.28809375 0.6767578125 0.299853125 0.65625
16 0.21509062499999998 0.5810546875 0.223909375 0.5810546875 0.2371390625 0.572265625 0.2528171875 0.568359375 0.269475 0.55859375 0.2807453125 0.5390625 0.2827046875 0.5146484375 0.2778046875 0.4931640625 0.269475 0.490234375 0.26800625 0.4716796875 0.262615625 0.462890625 0.25575625 0.4580078125 0.244978125 0.4599609375 0.22733906250000002 0.478515625 0.21509062499999998 0.4951171875 0.208721875 0.5205078125 0.21558125 0.5234375 0.226359375 0.5244140625 0.23370937500000002 0.5302734375 0.22880937499999998 0.55078125 0.21705000000000002 0.5615234375 0.21509062499999998 0.5810546875
1 0.6829984375 0.607421875 0.67711875 0.6123046875 0.6629109375 0.61328125 0.6555609375 0.609375 0.6408625 0.5947265625 0.6359625 0.5986328125 0.631553125 0.607421875 0.6300828125 0.615234375 0.6359625 0.623046875 0.640371875 0.640625 0.6511515625000001 0.6552734375 0.6648703125 0.658203125 0.6732 0.6474609375 0.67711875 0.646484375 0.6859375 0.6513671875 0.6883874999999999 0.63671875 0.6893671875 0.6171875 0.688878125 0.6005859375 0.6829984375 0.607421875