2 0.2660453125 0.591796875 0.25134687499999997 0.587890625 0.24154843750000002 0.607421875 0.2293 0.623046875 0.236159375 0.6630859375 0.24693749999999998 0.6845703125 0.25379687500000003 0.7119140625 0.25379687500000003 0.740234375 0.277315625 0.7490234375 0.2782953125 0.70703125 0.2782953125 0.65625 0.2758453125 0.6181640625 0.2660453125 0.591796875
13 0.32288125 0.5830078125 0.3214109375 0.5546875 0.3106328125 0.5322265625 0.29495312500000004 0.54296875 0.2851546875 0.556640625 0.269475 0.5498046875 0.269475 0.5849609375 0.2782953125 0.623046875 0.2827046875 0.66015625 0.2851546875 0.7001953125 0.2959328125 0.72265625 0.32043125 0.7119140625 0.32043125 0.67578125 0.32043125 0.6298828125 0.32288125 0.5830078125
17 0.3650171875 0.572265625 0.357178125 0.5478515625 0.3370890625 0.5546875 0.32925 0.5810546875 0.3282703125 0.62109375 0.32925 0.6630859375 0.34051875 0.6875 0.35276874999999996 0.67578125 0.3615875 0.6513671875 0.3650171875 0.6123046875 0.3650171875 0.572265625
19 0.4448796875 0.5517578125 0.4448796875 0.4921875 0.43263125 0.45703125 0.41842187500000005 0.4501953125 0.409603125 0.4853515625 0.409603125 0.5302734375 0.4140125 0.576171875 0.41842187500000005 0.623046875 0.4292015625 0.673828125 0.439490625 0.708984375 0.45271875 0.6806640625 0.45271875 0.640625 0.45271875 0.60546875 0.4448796875 0.5517578125
20 0.439490625 0.4521484375 0.44634999999999997 0.5146484375 0.4492890625 0.556640625 0.45369843750000005 0.5966796875 0.4561484375 0.6318359375 0.4561484375 0.669921875 0.4762375 0.6455078125 0.47182812500000004 0.5966796875 0.47035781249999997 0.5341796875 0.469378125 0.490234375 0.4674171875 0.4345703125 0.45369843750000005 0.4345703125 0.439490625 0.4521484375
21 0.4737875 0.427734375 0.469378125 0.4521484375 0.47182812500000004 0.505859375 0.4737875 0.5478515625 0.47819687499999997 0.5830078125 0.480646875 0.626953125 0.4948546875 0.6298828125 0.49926562499999994 0.5693359375 0.501715625 0.521484375 0.5071046875 0.4833984375 0.508575 0.4365234375 0.491425 0.42578125 0.4737875 0.427734375
22 0.5316015625 0.44140625 0.512984375 0.4482421875 0.508575 0.4921875 0.510534375 0.54296875 0.5159234374999999 0.63671875 0.5325828125000001 0.66015625 0.5350312500000001 0.626953125 0.5360125 0.560546875 0.5394421875 0.4609375 0.5316015625 0.44140625
30 0.5752078125 0.48828125 0.569328125 0.45703125 0.5551203124999999 0.4453125 0.5438515625 0.4658203125 0.5438515625 0.5029296875 0.541890625 0.5693359375 0.5438515625 0.642578125 0.551690625 0.6650390625 0.5614890625 0.654296875 0.5639390625 0.60546875 0.56491875 0.5654296875 0.5752078125 0.48828125
29 0.608525 0.4990234375 0.604115625 0.4765625 0.5938265625 0.4609375 0.5805984375000001 0.47265625 0.5727578125 0.490234375 0.5707984374999999 0.521484375 0.5707984374999999 0.5693359375 0.569328125 0.6142578125 0.571778125 0.65625 0.5894171874999999 0.671875 0.59480625 0.623046875 0.5982359374999999 0.5810546875 0.59970625 0.541015625 0.608525 0.4990234375
23 0.6227343750000001 0.4833984375 0.6119546875 0.5009765625 0.601665625 0.5341796875 0.601665625 0.5673828125 0.5962765625 0.60546875 0.59480625 0.6474609375 0.59480625 0.67578125 0.6095046875000001 0.67578125 0.6193046875 0.6513671875 0.6217546875 0.60546875 0.625184375 0.57421875 0.6286140625 0.5498046875 0.6384125 0.525390625 0.6349828125 0.4990234375 0.6227343750000001 0.4833984375
24 0.6237140625 0.6025390625 0.618325 0.65625 0.6148953125000001 0.69140625 0.6286140625 0.6826171875 0.640371875 0.626953125 0.64968125 0.5849609375 0.6560515625 0.5498046875 0.64723125 0.5166015625 0.6212640625 0.544921875 0.6237140625 0.6025390625
26 0.7138656250000001 0.55859375 0.7050468750000001 0.5341796875 0.692796875 0.5390625 0.6829984375 0.521484375 0.6683 0.5322265625 0.6629109375 0.560546875 0.666340625 0.591796875 0.675159375 0.626953125 0.6795687499999999 0.6630859375 0.6908375 0.7138671875 0.7084765625 0.740234375 0.7138656250000001 0.708984375 0.7138656250000001 0.669921875 0.7128859375000001 0.623046875 0.7138656250000001 0.55859375
27 0.716315625 0.6025390625 0.716315625 0.6513671875 0.7128859375000001 0.6982421875 0.71190625 0.7333984375 0.7427734375 0.736328125 0.746203125 0.6669921875 0.7506125 0.6162109375 0.7486531249999999 0.5791015625 0.736403125 0.5654296875 0.7197453125 0.57421875 0.716315625 0.6025390625
28 0.7496328125 0.3837890625 0.7339546875 0.3994140625 0.7128859375000001 0.4150390625 0.7050468750000001 0.44140625 0.707496875 0.4853515625 0.7197453125 0.5029296875 0.73199375 0.509765625 0.7452234375 0.5009765625 0.75943125 0.478515625 0.7741296875 0.4541015625 0.7819703125 0.427734375 0.766290625 0.4033203125 0.7496328125 0.3837890625
3 0.6374328125 0.341796875 0.640371875 0.3203125 0.64723125 0.28125 0.6487015625 0.2568359375 0.64723125 0.2255859375 0.640371875 0.2333984375 0.6276328125 0.2705078125 0.6217546875 0.3046875 0.6139140624999999 0.3369140625 0.6055859375 0.375 0.59725625 0.3974609375 0.5987265625 0.41796875 0.606565625 0.427734375 0.615384375 0.42578125 0.624203125 0.42578125 0.629103125 0.4111328125 0.634003125 0.3671875 0.6374328125 0.341796875
4 0.59970625 0.3486328125 0.5987265625 0.3203125 0.5987265625 0.2880859375 0.60215625 0.2626953125 0.6080359375 0.2333984375 0.5987265625 0.232421875 0.5918671875 0.24609375 0.5845171875 0.263671875 0.5801078125 0.287109375 0.5752078125 0.32421875 0.571778125 0.3544921875 0.567859375 0.376953125 0.5668796875 0.39453125 0.5752078125 0.4052734375 0.581578125 0.4150390625 0.5903968749999999 0.4111328125 0.596765625 0.3974609375 0.6001953125 0.3818359375 0.59970625 0.3486328125
5 0.56981875 0.318359375 0.5727578125 0.291015625 0.576678125 0.2568359375 0.5781484375 0.2255859375 0.5737390625 0.193359375 0.5629593749999999 0.19921875 0.5561 0.2373046875 0.549240625 0.2861328125 0.5409109375 0.3232421875 0.5365015625 0.35546875 0.5340515625 0.3876953125 0.5389515625 0.4150390625 0.5511999999999999 0.4150390625 0.5600203125000001 0.4091796875 0.5663890625 0.400390625 0.5668796875 0.37109375 0.5668796875 0.34765625 0.56981875 0.318359375
6 0.533071875 0.3203125 0.5311125 0.287109375 0.5311125 0.2568359375 0.5311125 0.2275390625 0.524253125 0.2255859375 0.5188640625 0.24609375 0.5139640625 0.2734375 0.5139640625 0.3076171875 0.5139640625 0.3408203125 0.5110234375 0.376953125 0.51249375 0.400390625 0.5247421875 0.404296875 0.5365015625 0.404296875 0.533071875 0.3876953125 0.5355218749999999 0.3671875 0.5355218749999999 0.3486328125 0.533071875 0.3203125
7 0.5120046874999999 0.279296875 0.51249375 0.25 0.5071046875 0.2353515625 0.498775 0.2421875 0.4948546875 0.2666015625 0.4904453125 0.314453125 0.4904453125 0.33984375 0.4889765625 0.3720703125 0.4904453125 0.400390625 0.503675 0.40234375 0.5120046874999999 0.3984375 0.5120046874999999 0.3720703125 0.5095546875 0.3369140625 0.5090640625 0.3037109375 0.5120046874999999 0.279296875
8 0.48015625 0.2978515625 0.4772171875 0.2802734375 0.47035781249999997 0.2578125 0.4688875 0.2880859375 0.4683984375 0.3251953125 0.46545781249999996 0.3701171875 0.464478125 0.4013671875 0.47966718750000004 0.4052734375 0.4904453125 0.400390625 0.48652656250000004 0.357421875 0.48309687500000004 0.32421875 0.48015625 0.2978515625
9 0.46643749999999995 0.2373046875 0.4561484375 0.2333984375 0.4492890625 0.2626953125 0.4448796875 0.318359375 0.44439062500000004 0.361328125 0.441940625 0.3935546875 0.441940625 0.408203125 0.44977968749999997 0.400390625 0.459578125 0.40234375 0.46545781249999996 0.3974609375 0.46545781249999996 0.3603515625 0.46545781249999996 0.3037109375 0.46643749999999995 0.26953125 0.46643749999999995 0.2373046875
10 0.4399796875 0.3115234375 0.4360609375 0.2744140625 0.4331203125 0.2353515625 0.4292015625 0.2001953125 0.42136250000000003 0.1689453125 0.41156249999999994 0.169921875 0.4081328125 0.208984375 0.4081328125 0.263671875 0.4091125 0.3046875 0.41107343749999997 0.337890625 0.4125421875 0.36328125 0.414503125 0.388671875 0.4174421875 0.4111328125 0.425771875 0.4248046875 0.4360609375 0.4306640625 0.443409375 0.416015625 0.443409375 0.3720703125 0.443409375 0.3408203125 0.4399796875 0.3115234375
11 0.4130328125 0.3740234375 0.4081328125 0.33984375 0.4042140625 0.2978515625 0.39784375 0.26953125 0.3904953125 0.2490234375 0.382165625 0.2392578125 0.382165625 0.29296875 0.38510468750000004 0.3466796875 0.38510468750000004 0.3916015625 0.3875546875 0.4189453125 0.39539375 0.4326171875 0.402253125 0.4375 0.4081328125 0.427734375 0.414503125 0.41796875 0.4179328125 0.4013671875 0.4130328125 0.3740234375
12 0.37775625 0.34375 0.37530625 0.31640625 0.3699171875 0.2802734375 0.3601171875 0.2431640625 0.34835937499999997 0.2431640625 0.3537484375 0.2939453125 0.35521875 0.34765625 0.354728125 0.390625 0.354728125 0.41796875 0.3532578125 0.4287109375 0.3640375 0.4375 0.3767765625 0.439453125 0.3855953125 0.431640625 0.3855953125 0.4150390625 0.382165625 0.3818359375 0.37775625 0.34375
14 0.352278125 0.427734375 0.3537484375 0.4072265625 0.3537484375 0.37890625 0.349828125 0.361328125 0.3366 0.3447265625 0.32778125 0.31640625 0.319940625 0.30078125 0.311121875 0.283203125 0.3008328125 0.2666015625 0.28809375 0.26953125 0.297403125 0.291015625 0.306221875 0.310546875 0.313571875 0.333984375 0.3101421875 0.353515625 0.299853125 0.34375 0.28809375 0.3232421875 0.27290468749999997 0.2998046875 0.26555625 0.31640625 0.27535468750000003 0.341796875 0.28564375000000003 0.3583984375 0.2915234375 0.376953125 0.306221875 0.4345703125 0.3125921875 0.4580078125 0.32288125 0.4580078125 0.3287609375 0.451171875 0.3380703125 0.451171875 0.34688906249999996 0.4462890625 0.352278125 0.427734375
16 0.269475 0.509765625 0.2778046875 0.5068359375 0.2827046875 0.4853515625 0.2807453125 0.4609375 0.269475 0.44140625 0.2528171875 0.431640625 0.2371390625 0.427734375 0.223909375 0.4189453125 0.21509062499999998 0.4189453125 0.21705000000000002 0.4384765625 0.22880937499999998 0.44921875 0.23370937500000002 0.4697265625 0.226359375 0.4755859375 0.21558125 0.4765625 0.208721875 0.4794921875 0.21509062499999998 0.5048828125 0.22733906250000002 0.521484375 0.244978125 0.5400390625 0.25575625 0.5419921875 0.262615625 0.537109375 0.26800625 0.5283203125 0.269475 0.509765625
1 0.6359625 0.4013671875 0.6408625 0.4052734375 0.6555609375 0.390625 0.6629109375 0.38671875 0.67711875 0.3876953125 0.6829984375 0.392578125 0.688878125 0.3994140625 0.6893671875 0.3828125 0.6883874999999999 0.36328125 0.6859375 0.3486328125 0.67711875 0.353515625 0.6732 0.3525390625 0.6648703125 0.341796875 0.6511515625000001 0.3447265625 0.640371875 0.359375 0.6359625 0.376953125 0.6300828125 0.384765625 0.631553125 0.392578125 0.6359625 0.4013671875