21 0.494140625 0.5271921875000001 0.53515625 0.53748125 0.568359375 0.5463015625 0.6064453125 0.5414015625 0.611328125 0.52229375 0.59375 0.5071046875 0.5634765625 0.506125 0.5283203125 0.5046546875 0.4970703125 0.5071046875 0.46875 0.506125 0.4599609375 0.5159234374999999 0.494140625 0.5271921875000001
22 0.6318359375 0.48407656250000003 0.583984375 0.4713375 0.552734375 0.46496875 0.5302734375 0.4683984375 0.4921875 0.47035781249999997 0.4814453125 0.48015625 0.5126953125 0.48309687500000004 0.53515625 0.4953453125 0.568359375 0.5022046875 0.5986328125 0.5066140625 0.619140625 0.498284375 0.6318359375 0.48407656250000003
19 0.59375 0.62959375 0.6171875 0.624203125 0.611328125 0.6026453125 0.58203125 0.59480625 0.552734375 0.59235625 0.4541015625 0.5781484375 0.431640625 0.5899062500000001 0.5205078125 0.609015625 0.5537109375 0.6193046875 0.59375 0.62959375
8 0.71875 0.5546296875000001 0.7451171875 0.558059375 0.77734375 0.560509375 0.7802734375 0.5350312500000001 0.75 0.5301328125 0.716796875 0.5276828124999999 0.6884765625 0.52229375 0.65234375 0.514453125 0.6298828125 0.5237625 0.6279296875 0.537971875 0.6279296875 0.5531609375000001 0.66015625 0.5541406249999999 0.685546875 0.5526703125 0.71875 0.5546296875000001
9 0.69921875 0.5899062500000001 0.7314453125 0.5903968749999999 0.7548828125 0.59235625 0.7978515625 0.596765625 0.7919921875 0.57716875 0.76953125 0.5707984374999999 0.7373046875 0.5658984375 0.7080078125 0.5629593749999999 0.6708984375 0.5590390625 0.6298828125 0.5541406249999999 0.6220703125 0.5737390625 0.6201171875 0.5850078125 0.64453125 0.59235625 0.669921875 0.5899062500000001 0.69921875 0.5899062500000001
10 0.7109375 0.6207734375 0.74609375 0.624203125 0.783203125 0.6256734374999999 0.79296875 0.606565625 0.7666015625 0.604115625 0.7373046875 0.6001953125 0.7060546875 0.59480625 0.673828125 0.59235625 0.642578125 0.5889265625 0.6240234375 0.6001953125 0.6220703125 0.6139140624999999 0.6494140625 0.618325 0.67578125 0.6207734375 0.7109375 0.6207734375
11 0.6884765625 0.6624203125 0.7138671875 0.666340625 0.744140625 0.6756484375 0.7666015625 0.654090625 0.74609375 0.6452718749999999 0.7216796875 0.6374328125 0.6904296875 0.6286140625 0.66015625 0.626653125 0.6318359375 0.6246937499999999 0.609375 0.6325328125 0.6064453125 0.6438015625 0.6318359375 0.651640625 0.662109375 0.654090625 0.6884765625 0.6624203125
5 0.7119140625 0.43899999999999995 0.75 0.4404703125 0.7861328125 0.44242968749999995 0.8046875 0.43753125 0.7958984375 0.4243015625 0.76953125 0.4174421875 0.7333984375 0.4125421875 0.69921875 0.409603125 0.66015625 0.4012734375 0.6328125 0.40519375 0.6328125 0.42136250000000003 0.646484375 0.4355703125 0.67578125 0.437040625 0.7119140625 0.43899999999999995
4 0.693359375 0.40715312499999995 0.7158203125 0.4086234375 0.7470703125 0.41009375 0.78125 0.4140125 0.8134765625 0.404703125 0.79296875 0.3944140625 0.7626953125 0.3860859375 0.7314453125 0.379715625 0.69921875 0.37432656249999996 0.658203125 0.36795625 0.640625 0.3767765625 0.62890625 0.387065625 0.6298828125 0.402253125 0.6630859375 0.40519375 0.693359375 0.40715312499999995
3 0.666015625 0.37285625 0.6904296875 0.37040625 0.7138671875 0.373346875 0.75390625 0.3762859375 0.78515625 0.3782453125 0.8056640625 0.374815625 0.8134765625 0.3630578125 0.78515625 0.3561984375 0.7587890625 0.3493390625 0.71875 0.343459375 0.6884765625 0.3375796875 0.6513671875 0.33121093749999997 0.6328125 0.3400296875 0.625 0.352278125 0.6396484375 0.37138593750000004 0.666015625 0.37285625
2 0.4150390625 0.7202359375 0.412109375 0.7270953125 0.412109375 0.73689375 0.431640625 0.74179375 0.4638671875 0.7427734375 0.5126953125 0.7457125 0.544921875 0.7501218749999999 0.55078125 0.751103125 0.560546875 0.7501218749999999 0.580078125 0.7466921875 0.576171875 0.7011265625 0.5361328125 0.688878125 0.5029296875 0.68201875 0.470703125 0.68201875 0.451171875 0.68691875 0.4375 0.6962265624999999 0.4345703125 0.7060265625000001 0.4453125 0.716315625 0.4716796875 0.7172953125 0.4736328125 0.7217046875 0.4462890625 0.7207250000000001 0.4306640625 0.7202359375 0.4150390625 0.7202359375