21 0.4953453125 0.5283203125 0.49289531249999996 0.4970703125 0.49387499999999995 0.46875 0.48407656250000003 0.4599609375 0.4728078125 0.494140625 0.46251875 0.53515625 0.45369843750000005 0.568359375 0.45859843749999996 0.6064453125 0.47770625000000005 0.611328125 0.49289531249999996 0.59375 0.49387499999999995 0.5634765625 0.4953453125 0.5283203125
22 0.5046546875 0.53515625 0.4977953125 0.568359375 0.4933859375 0.5986328125 0.501715625 0.619140625 0.5159234374999999 0.6318359375 0.5286625 0.583984375 0.5350312500000001 0.552734375 0.5316015625 0.5302734375 0.5296421875 0.4921875 0.5198437499999999 0.4814453125 0.516903125 0.5126953125 0.5046546875 0.53515625
19 0.4218515625 0.4541015625 0.41009375 0.431640625 0.390984375 0.5205078125 0.3806953125 0.5537109375 0.37040625 0.59375 0.375796875 0.6171875 0.39735468749999997 0.611328125 0.40519375 0.58203125 0.40764374999999997 0.552734375 0.4218515625 0.4541015625
8 0.46202812499999996 0.6279296875 0.44683906249999994 0.6279296875 0.44585937500000006 0.66015625 0.4473296875 0.685546875 0.4453703125 0.71875 0.441940625 0.7451171875 0.439490625 0.77734375 0.46496875 0.7802734375 0.46986718749999995 0.75 0.4723171875 0.716796875 0.47770625000000005 0.6884765625 0.485546875 0.65234375 0.4762375 0.6298828125 0.46202812499999996 0.6279296875
9 0.42626093750000005 0.6220703125 0.41499218750000005 0.6201171875 0.40764374999999997 0.64453125 0.41009375 0.669921875 0.41009375 0.69921875 0.409603125 0.7314453125 0.40764374999999997 0.7548828125 0.403234375 0.7978515625 0.42283125000000005 0.7919921875 0.4292015625 0.76953125 0.4341015625 0.7373046875 0.437040625 0.7080078125 0.4409609375 0.6708984375 0.44585937500000006 0.6298828125 0.42626093750000005 0.6220703125
10 0.3998046875 0.6240234375 0.3860859375 0.6220703125 0.381675 0.6494140625 0.37922656250000003 0.67578125 0.37922656250000003 0.7109375 0.375796875 0.74609375 0.37432656249999996 0.783203125 0.393434375 0.79296875 0.395884375 0.7666015625 0.3998046875 0.7373046875 0.40519375 0.7060546875 0.40764374999999997 0.673828125 0.41107343749999997 0.642578125 0.3998046875 0.6240234375
11 0.3674671875 0.609375 0.3561984375 0.6064453125 0.34835937499999997 0.6318359375 0.345909375 0.662109375 0.3375796875 0.6884765625 0.333659375 0.7138671875 0.3243515625 0.744140625 0.345909375 0.7666015625 0.354728125 0.74609375 0.3625671875 0.7216796875 0.37138593750000004 0.6904296875 0.373346875 0.66015625 0.37530625 0.6318359375 0.3674671875 0.609375
5 0.59480625 0.6328125 0.5786374999999999 0.6328125 0.5644296875 0.646484375 0.5629593749999999 0.67578125 0.561 0.7119140625 0.5595296875 0.75 0.5575703125 0.7861328125 0.5624687500000001 0.8046875 0.5756984375 0.7958984375 0.5825578124999999 0.76953125 0.5874578125000001 0.7333984375 0.5903968749999999 0.69921875 0.5987265625 0.66015625 0.59480625 0.6328125
4 0.6232234375 0.640625 0.612934375 0.62890625 0.597746875 0.6298828125 0.59480625 0.6630859375 0.592846875 0.693359375 0.5913765625 0.7158203125 0.5899062500000001 0.7470703125 0.5859875 0.78125 0.5952968750000001 0.8134765625 0.6055859375 0.79296875 0.6139140624999999 0.7626953125 0.620284375 0.7314453125 0.6256734374999999 0.69921875 0.63204375 0.658203125 0.6232234375 0.640625
3 0.6687890624999999 0.6513671875 0.6599703124999999 0.6328125 0.647721875 0.625 0.6286140625 0.6396484375 0.62714375 0.666015625 0.62959375 0.6904296875 0.626653125 0.7138671875 0.6237140625 0.75390625 0.6217546875 0.78515625 0.625184375 0.8056640625 0.6369421875 0.8134765625 0.6438015625 0.78515625 0.6506609375 0.7587890625 0.656540625 0.71875 0.6624203125 0.6884765625 0.6687890624999999 0.6513671875
2 0.2827046875 0.4716796875 0.2782953125 0.4736328125 0.279275 0.4462890625 0.2797640625 0.4306640625 0.2797640625 0.4150390625 0.27290468749999997 0.412109375 0.26310625 0.412109375 0.25820625 0.431640625 0.2572265625 0.4638671875 0.2542875 0.5126953125 0.249878125 0.544921875 0.24889687500000002 0.55078125 0.249878125 0.560546875 0.2533078125 0.580078125 0.2988734375 0.576171875 0.311121875 0.5361328125 0.31798125 0.5029296875 0.31798125 0.470703125 0.31308125000000003 0.451171875 0.30377343749999997 0.4375 0.2939734375 0.4345703125 0.283684375 0.4453125 0.2827046875 0.4716796875