15 0.2493875 0.533203125 0.2616359375 0.5224609375 0.27192500000000003 0.505859375 0.278784375 0.4814453125 0.278784375 0.45703125 0.269475 0.443359375 0.2567375 0.4345703125 0.244978125 0.42578125 0.231259375 0.4306640625 0.222440625 0.4521484375 0.21949999999999997 0.474609375 0.21705000000000002 0.494140625 0.2018625 0.5400390625 0.18814375 0.5732421875 0.20431093749999998 0.5625 0.21411093750000001 0.541015625 0.226359375 0.525390625 0.2209703125 0.5634765625 0.2072515625 0.5888671875 0.222440625 0.5869140625 0.2346890625 0.5810546875 0.24301875 0.556640625 0.2493875 0.533203125
14 0.32925 0.515625 0.3307203125 0.4970703125 0.3219015625 0.474609375 0.3081828125 0.4697265625 0.297403125 0.466796875 0.2797640625 0.466796875 0.27192500000000003 0.4921875 0.26849531249999997 0.5205078125 0.2616359375 0.552734375 0.2518375 0.591796875 0.24693749999999998 0.6279296875 0.24693749999999998 0.662109375 0.2660453125 0.65234375 0.2807453125 0.6220703125 0.291034375 0.599609375 0.3013234375 0.58203125 0.3170015625 0.541015625 0.32925 0.515625
13 0.286134375 0.423828125 0.30034375 0.4267578125 0.31161249999999996 0.4140625 0.3170015625 0.3876953125 0.31308125000000003 0.36328125 0.3106328125 0.326171875 0.3052421875 0.2939453125 0.30279218750000003 0.2578125 0.299853125 0.2294921875 0.2964234375 0.1943359375 0.274375 0.20703125 0.26849531249999997 0.2509765625 0.27192500000000003 0.2880859375 0.26849531249999997 0.3212890625 0.2660453125 0.3447265625 0.26065625 0.3720703125 0.2621265625 0.400390625 0.27045625 0.42578125 0.286134375 0.423828125
12 0.3674671875 0.5439453125 0.3718765625 0.5224609375 0.37040625 0.5 0.35766718750000004 0.4970703125 0.343459375 0.4853515625 0.3282703125 0.4853515625 0.32043125 0.5126953125 0.32043125 0.5361328125 0.32043125 0.5634765625 0.3189609375 0.5986328125 0.31308125000000003 0.63671875 0.3081828125 0.673828125 0.31161249999999996 0.6982421875 0.3233703125 0.69140625 0.327290625 0.669921875 0.333659375 0.6455078125 0.3400296875 0.6240234375 0.3512984375 0.5986328125 0.361096875 0.568359375 0.3674671875 0.5439453125
11 0.387065625 0.5966796875 0.39735468749999997 0.564453125 0.39882343750000004 0.5458984375 0.3919640625 0.5224609375 0.3782453125 0.5205078125 0.3630578125 0.5224609375 0.354728125 0.548828125 0.3537484375 0.57421875 0.3537484375 0.6064453125 0.349828125 0.642578125 0.34492968749999997 0.693359375 0.3463984375 0.7265625 0.352278125 0.76171875 0.3625671875 0.7314453125 0.3674671875 0.69921875 0.3694265625 0.6728515625 0.375796875 0.64453125 0.37922656250000003 0.6220703125 0.387065625 0.5966796875
10 0.43263125 0.625 0.43655 0.6044921875 0.4409609375 0.57421875 0.441940625 0.552734375 0.4341015625 0.53125 0.42038281250000004 0.533203125 0.40764374999999997 0.5361328125 0.398334375 0.5537109375 0.393434375 0.578125 0.3949046875 0.6015625 0.3924546875 0.6298828125 0.3924546875 0.66015625 0.38804531249999996 0.6884765625 0.381675 0.7158203125 0.3782453125 0.7412109375 0.384125 0.76953125 0.39882343750000004 0.7548828125 0.4061734375 0.736328125 0.4125421875 0.708984375 0.41891249999999997 0.6806640625 0.42381250000000004 0.6552734375 0.43263125 0.625
9 0.4728078125 0.578125 0.47770625000000005 0.5537109375 0.4713375 0.5322265625 0.45565937500000003 0.52734375 0.4409609375 0.541015625 0.4355703125 0.568359375 0.43655 0.5947265625 0.4355703125 0.6328125 0.43165156250000003 0.6650390625 0.4292015625 0.6982421875 0.42675156249999996 0.728515625 0.44292031249999997 0.75 0.4492890625 0.716796875 0.45075937499999996 0.6982421875 0.4561484375 0.6708984375 0.46251875 0.63671875 0.4688875 0.6044921875 0.4728078125 0.578125
8 0.4977953125 0.5693359375 0.48750625000000003 0.548828125 0.4688875 0.56640625 0.4683984375 0.6044921875 0.4683984375 0.626953125 0.4683984375 0.66015625 0.47035781249999997 0.6904296875 0.47035781249999997 0.7236328125 0.4889765625 0.74609375 0.5022046875 0.7158203125 0.5022046875 0.6865234375 0.5007343750000001 0.66015625 0.5002453124999999 0.6298828125 0.5022046875 0.6025390625 0.4977953125 0.5693359375
7 0.516903125 0.552734375 0.505634375 0.5556640625 0.49387499999999995 0.5732421875 0.49926562499999994 0.6064453125 0.503184375 0.6328125 0.5080843749999999 0.6630859375 0.5110234375 0.6884765625 0.51739375 0.716796875 0.5438515625 0.7158203125 0.5414015625 0.6865234375 0.5365015625 0.66015625 0.5316015625 0.6318359375 0.5286625 0.607421875 0.5247421875 0.5712890625 0.516903125 0.552734375
6 0.5546296875000001 0.5439453125 0.540421875 0.548828125 0.5286625 0.55078125 0.5286625 0.5986328125 0.5316015625 0.6171875 0.5360125 0.63671875 0.5389515625 0.6630859375 0.542871875 0.6884765625 0.5482609375 0.716796875 0.5810875 0.708984375 0.5796171875 0.6865234375 0.5732484375 0.658203125 0.56736875 0.6298828125 0.5629593749999999 0.5986328125 0.560509375 0.57421875 0.5546296875000001 0.5439453125
5 0.581578125 0.5341796875 0.5707984374999999 0.5380859375 0.5595296875 0.548828125 0.555609375 0.5732421875 0.561 0.5986328125 0.5658984375 0.6201171875 0.57226875 0.642578125 0.5786374999999999 0.6650390625 0.5889265625 0.693359375 0.592846875 0.7236328125 0.6139140624999999 0.716796875 0.6119546875 0.6953125 0.6095046875000001 0.658203125 0.604115625 0.619140625 0.5957859375 0.5751953125 0.59235625 0.5361328125 0.581578125 0.5341796875
4 0.6369421875 0.5634765625 0.6335124999999999 0.5361328125 0.6281234375 0.5107421875 0.6144046875 0.5107421875 0.6050953125 0.517578125 0.5952968750000001 0.5302734375 0.5938265625 0.5615234375 0.6011765625 0.5751953125 0.606565625 0.599609375 0.611465625 0.6220703125 0.6144046875 0.6494140625 0.6217546875 0.669921875 0.624203125 0.69140625 0.63204375 0.7216796875 0.651640625 0.7138671875 0.6487015625 0.685546875 0.6462515625 0.6650390625 0.6462515625 0.6396484375 0.6438015625 0.611328125 0.6384125 0.5859375 0.6369421875 0.5634765625
3 0.670259375 0.5712890625 0.667809375 0.55078125 0.665359375 0.5205078125 0.6599703124999999 0.5 0.6501718750000001 0.490234375 0.6384125 0.490234375 0.626653125 0.501953125 0.62959375 0.53125 0.6349828125 0.5556640625 0.6384125 0.578125 0.6423328125000001 0.599609375 0.6447812500000001 0.6220703125 0.651640625 0.6494140625 0.6575203125 0.6708984375 0.6692796875 0.7080078125 0.6810390625 0.7119140625 0.6795687499999999 0.6884765625 0.6766296875 0.666015625 0.67466875 0.64453125 0.6727093749999999 0.6240234375 0.6727093749999999 0.5947265625 0.670259375 0.5712890625
0 0.7354234374999999 0.4638671875 0.7241546875 0.43359375 0.7123953125 0.4345703125 0.70210625 0.44140625 0.6932875000000001 0.4619140625 0.6829984375 0.4716796875 0.6795687499999999 0.4921875 0.6883874999999999 0.5185546875 0.7011265625 0.53125 0.7109265625 0.548828125 0.728075 0.5634765625 0.74179375 0.58203125 0.757471875 0.6025390625 0.7741296875 0.609375 0.78441875 0.5947265625 0.7805 0.56640625 0.773640625 0.5478515625 0.764821875 0.5224609375 0.7496328125 0.4970703125 0.7354234374999999 0.4638671875
2 0.222440625 0.392578125 0.2327296875 0.400390625 0.2479171875 0.4111328125 0.2621265625 0.400390625 0.2645765625 0.375 0.2670265625 0.341796875 0.2660453125 0.306640625 0.26800625 0.279296875 0.26849531249999997 0.25390625 0.269475 0.2294921875 0.27045625 0.2021484375 0.2660453125 0.169921875 0.25575625 0.1875 0.2479171875 0.220703125 0.24105781249999997 0.2626953125 0.2327296875 0.296875 0.22831875 0.3076171875 0.21949999999999997 0.330078125 0.21459999999999999 0.3505859375 0.2111703125 0.3759765625 0.222440625 0.392578125
28 0.7672703125 0.380859375 0.7545328125 0.3876953125 0.7432624999999999 0.4013671875 0.7290546875 0.416015625 0.7315046875 0.4560546875 0.7466921875 0.4814453125 0.7589421875 0.4990234375 0.7741296875 0.533203125 0.79176875 0.548828125 0.8094078124999999 0.55078125 0.8084265625 0.5302734375 0.78441875 0.494140625 0.8221453125 0.5146484375 0.81185625 0.484375 0.803528125 0.46484375 0.7927484375 0.44921875 0.7863796875 0.4208984375 0.7790296875 0.3984375 0.7672703125 0.380859375
27 0.793728125 0.23046875 0.7863796875 0.2041015625 0.7814796875 0.1767578125 0.780009375 0.1494140625 0.7760906249999999 0.1083984375 0.7560015625000001 0.12109375 0.7520828125000001 0.1513671875 0.7486531249999999 0.1845703125 0.74424375 0.2197265625 0.7466921875 0.25 0.757471875 0.265625 0.7702109375 0.275390625 0.784909375 0.2568359375 0.793728125 0.23046875
26 0.78295 0.34765625 0.7907890625 0.32421875 0.78295 0.298828125 0.7702109375 0.283203125 0.7589421875 0.2685546875 0.7481625000000001 0.2529296875 0.74424375 0.2275390625 0.7408140624999999 0.2021484375 0.7177859375 0.20703125 0.725625 0.2451171875 0.730525 0.2880859375 0.7359140625 0.31640625 0.73934375 0.341796875 0.7471828125 0.3681640625 0.762371875 0.3828125 0.773640625 0.3681640625 0.78295 0.34765625
24 0.679078125 0.439453125 0.6918171875 0.4453125 0.70210625 0.421875 0.6937781249999999 0.390625 0.6898578125 0.349609375 0.6829984375 0.3173828125 0.6810390625 0.2841796875 0.679078125 0.2578125 0.6756484375 0.22265625 0.665359375 0.2138671875 0.6560515625 0.2294921875 0.6575203125 0.255859375 0.6575203125 0.3017578125 0.6575203125 0.330078125 0.6580109375000001 0.3525390625 0.6599703124999999 0.3857421875 0.6599703124999999 0.41015625 0.6668296875 0.43359375 0.679078125 0.439453125
23 0.6560515625 0.46875 0.6668296875 0.44921875 0.665359375 0.42578125 0.6599703124999999 0.400390625 0.6550703125 0.3720703125 0.6536015625 0.3447265625 0.6501718750000001 0.3193359375 0.64968125 0.2880859375 0.6438015625 0.2529296875 0.6398828125 0.220703125 0.62959375 0.2509765625 0.6286140625 0.2861328125 0.62714375 0.314453125 0.626653125 0.3603515625 0.6232234375 0.390625 0.6217546875 0.4189453125 0.62714375 0.4462890625 0.6398828125 0.4560546875 0.6560515625 0.46875
29 0.601665625 0.4814453125 0.612934375 0.498046875 0.6256734374999999 0.482421875 0.6305734375000001 0.458984375 0.6281234375 0.43359375 0.6246937499999999 0.3974609375 0.62224375 0.3681640625 0.6168546874999999 0.33984375 0.610484375 0.3095703125 0.6095046875000001 0.279296875 0.611465625 0.248046875 0.592846875 0.248046875 0.5903968749999999 0.2919921875 0.5903968749999999 0.3291015625 0.5903968749999999 0.35546875 0.5884375000000001 0.3857421875 0.5850078125 0.4140625 0.5884375000000001 0.447265625 0.5899062500000001 0.4716796875 0.601665625 0.4814453125
30 0.571778125 0.5185546875 0.5864765625 0.5029296875 0.5903968749999999 0.4765625 0.5859875 0.44140625 0.5796171875 0.4013671875 0.57226875 0.3671875 0.5707984374999999 0.33203125 0.5683484375 0.296875 0.5507109375 0.296875 0.5541406249999999 0.3271484375 0.5541406249999999 0.35546875 0.5531609375000001 0.3876953125 0.5507109375 0.4140625 0.5482609375 0.443359375 0.5507109375 0.4765625 0.558059375 0.5029296875 0.571778125 0.5185546875
18 0.34394843750000004 0.4716796875 0.361096875 0.4638671875 0.3674671875 0.43359375 0.3674671875 0.4052734375 0.36648749999999997 0.375 0.36550781250000003 0.34765625 0.36893750000000003 0.3095703125 0.3718765625 0.279296875 0.3782453125 0.24609375 0.3601171875 0.2509765625 0.3537484375 0.275390625 0.345909375 0.30859375 0.341009375 0.3466796875 0.33610937500000004 0.375 0.3258203125 0.4111328125 0.3194515625 0.4365234375 0.3282703125 0.458984375 0.34394843750000004 0.4716796875
19 0.3650171875 0.4765625 0.3767765625 0.4970703125 0.3949046875 0.4892578125 0.40372343749999995 0.4697265625 0.40764374999999997 0.44140625 0.40519375 0.4111328125 0.404703125 0.375 0.4012734375 0.33984375 0.4012734375 0.30859375 0.403234375 0.2783203125 0.400784375 0.2294921875 0.389515625 0.24609375 0.3860859375 0.2783203125 0.3782453125 0.3193359375 0.3782453125 0.3505859375 0.37432656249999996 0.3828125 0.37040625 0.416015625 0.3591375 0.4306640625 0.35766718750000004 0.45703125 0.3650171875 0.4765625
20 0.40519375 0.5048828125 0.4179328125 0.5078125 0.4341015625 0.5146484375 0.443409375 0.498046875 0.44585937500000006 0.4697265625 0.4453703125 0.447265625 0.441940625 0.41796875 0.441940625 0.388671875 0.44292031249999997 0.357421875 0.44977968749999997 0.3271484375 0.4561484375 0.2958984375 0.45565937500000003 0.275390625 0.441940625 0.2880859375 0.4341015625 0.3193359375 0.42136250000000003 0.34765625 0.41548281249999997 0.3759765625 0.41156249999999994 0.40625 0.41009375 0.4306640625 0.402253125 0.4560546875 0.3998046875 0.482421875 0.40519375 0.5048828125
21 0.4688875 0.5205078125 0.48260625 0.52734375 0.49289531249999996 0.5224609375 0.496815625 0.4921875 0.4958359375 0.46484375 0.49387499999999995 0.439453125 0.49289531249999996 0.408203125 0.49436562500000003 0.380859375 0.496815625 0.3466796875 0.4958359375 0.3095703125 0.48946562499999996 0.2666015625 0.4767265625 0.2626953125 0.46986718749999995 0.306640625 0.46202812499999996 0.34765625 0.459578125 0.3857421875 0.4561484375 0.4208984375 0.4492890625 0.4462890625 0.443409375 0.474609375 0.443409375 0.505859375 0.4561484375 0.5107421875 0.4688875 0.5205078125
22 0.5007343750000001 0.5234375 0.5183734375 0.525390625 0.5340515625 0.5224609375 0.5526703125 0.517578125 0.5526703125 0.494140625 0.549240625 0.46484375 0.54238125 0.431640625 0.540421875 0.40625 0.5389515625 0.3779296875 0.5414015625 0.3447265625 0.5389515625 0.3115234375 0.5311125 0.2783203125 0.51739375 0.30859375 0.5159234374999999 0.3349609375 0.51249375 0.3701171875 0.5095546875 0.390625 0.5071046875 0.421875 0.501715625 0.443359375 0.49926562499999994 0.4697265625 0.4958359375 0.494140625 0.5007343750000001 0.5234375
31 0.22880937499999998 0.33984375 0.231259375 0.31640625 0.23517812500000002 0.291015625 0.23860781250000002 0.2587890625 0.24252812499999998 0.224609375 0.2464484375 0.1923828125 0.2302796875 0.1826171875 0.217540625 0.212890625 0.2048015625 0.2421875 0.1954921875 0.2734375 0.187653125 0.3017578125 0.192553125 0.3369140625 0.20578124999999997 0.3427734375 0.21705000000000002 0.3544921875 0.22880937499999998 0.33984375
25 0.7241546875 0.412109375 0.734934375 0.412109375 0.7447328125 0.3974609375 0.7466921875 0.3701171875 0.7427734375 0.3388671875 0.7315046875 0.3291015625 0.7266046875 0.30859375 0.718765625 0.2666015625 0.71435625 0.2314453125 0.708965625 0.2138671875 0.700146875 0.20703125 0.6898578125 0.240234375 0.6903484375 0.291015625 0.697696875 0.3447265625 0.6981875 0.3896484375 0.700146875 0.4111328125 0.7084765625 0.4267578125 0.718765625 0.421875 0.7241546875 0.412109375