15 0.7775593749999999 0.4521484375 0.7687406250000001 0.4306640625 0.755021875 0.42578125 0.7432624999999999 0.4345703125 0.730525 0.443359375 0.7212156249999999 0.45703125 0.7212156249999999 0.4814453125 0.728075 0.505859375 0.7383640625 0.5224609375 0.7506125 0.533203125 0.75698125 0.556640625 0.7653109375 0.5810546875 0.7775593749999999 0.5869140625 0.7927484375 0.5888671875 0.7790296875 0.5634765625 0.773640625 0.525390625 0.7858890625 0.541015625 0.7956890624999999 0.5625 0.81185625 0.5732421875 0.7981374999999999 0.5400390625 0.78295 0.494140625 0.7805 0.474609375 0.7775593749999999 0.4521484375
14 0.702596875 0.466796875 0.6918171875 0.4697265625 0.6780984375 0.474609375 0.6692796875 0.4970703125 0.67075 0.515625 0.6829984375 0.541015625 0.6986765625 0.58203125 0.708965625 0.599609375 0.7192546875 0.6220703125 0.7339546875 0.65234375 0.7530625 0.662109375 0.7530625 0.6279296875 0.7481625000000001 0.591796875 0.7383640625 0.552734375 0.7315046875 0.5205078125 0.728075 0.4921875 0.7202359375 0.466796875 0.702596875 0.466796875
13 0.6893671875 0.326171875 0.68691875 0.36328125 0.6829984375 0.3876953125 0.6883874999999999 0.4140625 0.6996578125 0.4267578125 0.7138656250000001 0.423828125 0.72954375 0.42578125 0.7378734375 0.400390625 0.73934375 0.3720703125 0.7339546875 0.3447265625 0.7315046875 0.3212890625 0.728075 0.2880859375 0.7315046875 0.2509765625 0.725625 0.20703125 0.7035765625 0.1943359375 0.700146875 0.2294921875 0.6972078125000001 0.2578125 0.6947578125 0.2939453125 0.6893671875 0.326171875
12 0.6795687499999999 0.5126953125 0.6717296875 0.4853515625 0.656540625 0.4853515625 0.6423328125000001 0.4970703125 0.62959375 0.5 0.6281234375 0.5224609375 0.6325328125 0.5439453125 0.638903125 0.568359375 0.6487015625 0.5986328125 0.6599703124999999 0.6240234375 0.666340625 0.6455078125 0.6727093749999999 0.669921875 0.6766296875 0.69140625 0.6883874999999999 0.6982421875 0.6918171875 0.673828125 0.68691875 0.63671875 0.6810390625 0.5986328125 0.6795687499999999 0.5634765625 0.6795687499999999 0.5361328125 0.6795687499999999 0.5126953125
11 0.6369421875 0.5224609375 0.6217546875 0.5205078125 0.6080359375 0.5224609375 0.6011765625 0.5458984375 0.6026453125 0.564453125 0.612934375 0.5966796875 0.6207734375 0.6220703125 0.624203125 0.64453125 0.6305734375000001 0.6728515625 0.6325328125 0.69921875 0.6374328125 0.7314453125 0.647721875 0.76171875 0.6536015625 0.7265625 0.6550703125 0.693359375 0.6501718750000001 0.642578125 0.6462515625 0.6064453125 0.6462515625 0.57421875 0.6452718749999999 0.548828125 0.6369421875 0.5224609375
10 0.606565625 0.578125 0.601665625 0.5537109375 0.59235625 0.5361328125 0.5796171875 0.533203125 0.5658984375 0.53125 0.558059375 0.552734375 0.5590390625 0.57421875 0.56345 0.6044921875 0.56736875 0.625 0.5761875 0.6552734375 0.5810875 0.6806640625 0.5874578125000001 0.708984375 0.5938265625 0.736328125 0.6011765625 0.7548828125 0.6158750000000001 0.76953125 0.6217546875 0.7412109375 0.618325 0.7158203125 0.6119546875 0.6884765625 0.6075453125 0.66015625 0.6075453125 0.6298828125 0.6050953125 0.6015625 0.606565625 0.578125
9 0.5590390625 0.541015625 0.544340625 0.52734375 0.5286625 0.5322265625 0.52229375 0.5537109375 0.5271921875000001 0.578125 0.5311125 0.6044921875 0.53748125 0.63671875 0.5438515625 0.6708984375 0.549240625 0.6982421875 0.5507109375 0.716796875 0.5570796875 0.75 0.5732484375 0.728515625 0.5707984374999999 0.6982421875 0.5683484375 0.6650390625 0.5644296875 0.6328125 0.56345 0.5947265625 0.5644296875 0.568359375 0.5590390625 0.541015625
8 0.51249375 0.548828125 0.5022046875 0.5693359375 0.4977953125 0.6025390625 0.4997546875 0.6298828125 0.49926562499999994 0.66015625 0.4977953125 0.6865234375 0.4977953125 0.7158203125 0.5110234375 0.74609375 0.5296421875 0.7236328125 0.5296421875 0.6904296875 0.5316015625 0.66015625 0.5316015625 0.626953125 0.5316015625 0.6044921875 0.5311125 0.56640625 0.51249375 0.548828125
7 0.49436562500000003 0.5556640625 0.48309687500000004 0.552734375 0.47525781250000004 0.5712890625 0.4713375 0.607421875 0.4683984375 0.6318359375 0.4634984375 0.66015625 0.45859843749999996 0.6865234375 0.4561484375 0.7158203125 0.48260625 0.716796875 0.4889765625 0.6884765625 0.491915625 0.6630859375 0.496815625 0.6328125 0.5007343750000001 0.6064453125 0.506125 0.5732421875 0.49436562500000003 0.5556640625
6 0.4713375 0.55078125 0.459578125 0.548828125 0.4453703125 0.5439453125 0.439490625 0.57421875 0.437040625 0.5986328125 0.43263125 0.6298828125 0.42675156249999996 0.658203125 0.42038281250000004 0.6865234375 0.41891249999999997 0.708984375 0.4517390625 0.716796875 0.457128125 0.6884765625 0.4610484375 0.6630859375 0.4639875 0.63671875 0.4683984375 0.6171875 0.4713375 0.5986328125 0.4713375 0.55078125
5 0.44439062500000004 0.5732421875 0.4404703125 0.548828125 0.4292015625 0.5380859375 0.41842187500000005 0.5341796875 0.40764374999999997 0.5361328125 0.4042140625 0.5751953125 0.395884375 0.619140625 0.3904953125 0.658203125 0.38804531249999996 0.6953125 0.3860859375 0.716796875 0.40715312499999995 0.7236328125 0.41107343749999997 0.693359375 0.42136250000000003 0.6650390625 0.42773125 0.642578125 0.4341015625 0.6201171875 0.43899999999999995 0.5986328125 0.44439062500000004 0.5732421875
4 0.39882343750000004 0.5751953125 0.4061734375 0.5615234375 0.404703125 0.5302734375 0.3949046875 0.517578125 0.3855953125 0.5107421875 0.3718765625 0.5107421875 0.36648749999999997 0.5361328125 0.3630578125 0.5634765625 0.3615875 0.5859375 0.3561984375 0.611328125 0.3537484375 0.6396484375 0.3537484375 0.6650390625 0.3512984375 0.685546875 0.34835937499999997 0.7138671875 0.36795625 0.7216796875 0.375796875 0.69140625 0.3782453125 0.669921875 0.3855953125 0.6494140625 0.388534375 0.6220703125 0.393434375 0.599609375 0.39882343750000004 0.5751953125
3 0.3650171875 0.5556640625 0.37040625 0.53125 0.373346875 0.501953125 0.3615875 0.490234375 0.349828125 0.490234375 0.3400296875 0.5 0.33464062499999997 0.5205078125 0.332190625 0.55078125 0.329740625 0.5712890625 0.327290625 0.5947265625 0.327290625 0.6240234375 0.32533124999999996 0.64453125 0.3233703125 0.666015625 0.32043125 0.6884765625 0.3189609375 0.7119140625 0.3307203125 0.7080078125 0.3424796875 0.6708984375 0.34835937499999997 0.6494140625 0.35521875 0.6220703125 0.35766718750000004 0.599609375 0.3615875 0.578125 0.3650171875 0.5556640625
0 0.32043125 0.4921875 0.3170015625 0.4716796875 0.3067125 0.4619140625 0.29789374999999996 0.44140625 0.2876046875 0.4345703125 0.2758453125 0.43359375 0.2645765625 0.4638671875 0.25036718750000003 0.4970703125 0.23517812500000002 0.5224609375 0.226359375 0.5478515625 0.21949999999999997 0.56640625 0.21558125 0.5947265625 0.22587031249999998 0.609375 0.24252812499999998 0.6025390625 0.25820625 0.58203125 0.27192500000000003 0.5634765625 0.28907343750000003 0.548828125 0.2988734375 0.53125 0.31161249999999996 0.5185546875 0.32043125 0.4921875
2 0.73199375 0.279296875 0.7339546875 0.306640625 0.7329734375 0.341796875 0.7354234374999999 0.375 0.7378734375 0.400390625 0.7520828125000001 0.4111328125 0.7672703125 0.400390625 0.7775593749999999 0.392578125 0.7888296875 0.3759765625 0.7854 0.3505859375 0.7805 0.330078125 0.77168125 0.3076171875 0.7672703125 0.296875 0.7589421875 0.2626953125 0.7520828125000001 0.220703125 0.74424375 0.1875 0.7339546875 0.169921875 0.72954375 0.2021484375 0.730525 0.2294921875 0.7315046875 0.25390625 0.73199375 0.279296875
28 0.2533078125 0.4814453125 0.26849531249999997 0.4560546875 0.2709453125 0.416015625 0.2567375 0.4013671875 0.2454671875 0.3876953125 0.2327296875 0.380859375 0.2209703125 0.3984375 0.21362031250000002 0.4208984375 0.2072515625 0.44921875 0.19647187500000002 0.46484375 0.18814375 0.484375 0.1778546875 0.5146484375 0.21558125 0.494140625 0.1915734375 0.5302734375 0.1905921875 0.55078125 0.20823125 0.548828125 0.22587031249999998 0.533203125 0.24105781249999997 0.4990234375 0.2533078125 0.4814453125
27 0.20627187500000002 0.23046875 0.21509062499999998 0.2568359375 0.2297890625 0.275390625 0.24252812499999998 0.265625 0.2533078125 0.25 0.25575625 0.2197265625 0.25134687499999997 0.1845703125 0.2479171875 0.1513671875 0.2439984375 0.12109375 0.223909375 0.1083984375 0.21999062500000002 0.1494140625 0.2185203125 0.1767578125 0.21362031250000002 0.2041015625 0.20627187500000002 0.23046875
26 0.2297890625 0.283203125 0.21705000000000002 0.298828125 0.20921093750000003 0.32421875 0.21705000000000002 0.34765625 0.226359375 0.3681640625 0.237628125 0.3828125 0.2528171875 0.3681640625 0.26065625 0.341796875 0.2640859375 0.31640625 0.269475 0.2880859375 0.274375 0.2451171875 0.2822140625 0.20703125 0.25918593749999996 0.2021484375 0.25575625 0.2275390625 0.2518375 0.2529296875 0.24105781249999997 0.2685546875 0.2297890625 0.283203125
24 0.3170015625 0.3173828125 0.3101421875 0.349609375 0.306221875 0.390625 0.29789374999999996 0.421875 0.3081828125 0.4453125 0.32092187499999997 0.439453125 0.3331703125 0.43359375 0.3400296875 0.41015625 0.3400296875 0.3857421875 0.3419890625 0.3525390625 0.3424796875 0.330078125 0.3424796875 0.3017578125 0.3424796875 0.255859375 0.34394843750000004 0.2294921875 0.33464062499999997 0.2138671875 0.3243515625 0.22265625 0.32092187499999997 0.2578125 0.3189609375 0.2841796875 0.3170015625 0.3173828125
23 0.3463984375 0.3447265625 0.34492968749999997 0.3720703125 0.3400296875 0.400390625 0.33464062499999997 0.42578125 0.3331703125 0.44921875 0.34394843750000004 0.46875 0.3601171875 0.4560546875 0.37285625 0.4462890625 0.3782453125 0.4189453125 0.3767765625 0.390625 0.373346875 0.3603515625 0.37285625 0.314453125 0.37138593750000004 0.2861328125 0.37040625 0.2509765625 0.3601171875 0.220703125 0.3561984375 0.2529296875 0.35031875 0.2880859375 0.349828125 0.3193359375 0.3463984375 0.3447265625
29 0.37775625 0.3681640625 0.37530625 0.3974609375 0.3718765625 0.43359375 0.3694265625 0.458984375 0.37432656249999996 0.482421875 0.387065625 0.498046875 0.398334375 0.4814453125 0.41009375 0.4716796875 0.41156249999999994 0.447265625 0.41499218750000005 0.4140625 0.41156249999999994 0.3857421875 0.409603125 0.35546875 0.409603125 0.3291015625 0.409603125 0.2919921875 0.40715312499999995 0.248046875 0.388534375 0.248046875 0.3904953125 0.279296875 0.389515625 0.3095703125 0.3831453125 0.33984375 0.37775625 0.3681640625
30 0.4140125 0.44140625 0.409603125 0.4765625 0.4135234375 0.5029296875 0.42822187500000003 0.5185546875 0.441940625 0.5029296875 0.4492890625 0.4765625 0.4517390625 0.443359375 0.4492890625 0.4140625 0.44683906249999994 0.3876953125 0.44585937500000006 0.35546875 0.44585937500000006 0.3271484375 0.4492890625 0.296875 0.43165156250000003 0.296875 0.4292015625 0.33203125 0.42773125 0.3671875 0.42038281250000004 0.4013671875 0.4140125 0.44140625
18 0.6335124999999999 0.375 0.6325328125 0.4052734375 0.6325328125 0.43359375 0.638903125 0.4638671875 0.6560515625 0.4716796875 0.6717296875 0.458984375 0.6805484374999999 0.4365234375 0.6741796875 0.4111328125 0.663890625 0.375 0.658990625 0.3466796875 0.654090625 0.30859375 0.6462515625 0.275390625 0.6398828125 0.2509765625 0.6217546875 0.24609375 0.6281234375 0.279296875 0.6310625 0.3095703125 0.6344921875 0.34765625 0.6335124999999999 0.375
19 0.5952968750000001 0.375 0.59480625 0.4111328125 0.59235625 0.44140625 0.5962765625 0.4697265625 0.6050953125 0.4892578125 0.6232234375 0.4970703125 0.6349828125 0.4765625 0.6423328125000001 0.45703125 0.6408625 0.4306640625 0.62959375 0.416015625 0.6256734374999999 0.3828125 0.6217546875 0.3505859375 0.6217546875 0.3193359375 0.6139140624999999 0.2783203125 0.610484375 0.24609375 0.599215625 0.2294921875 0.596765625 0.2783203125 0.5987265625 0.30859375 0.5987265625 0.33984375 0.5952968750000001 0.375
20 0.558059375 0.388671875 0.558059375 0.41796875 0.5546296875000001 0.447265625 0.5541406249999999 0.4697265625 0.556590625 0.498046875 0.5658984375 0.5146484375 0.5820671875000001 0.5078125 0.59480625 0.5048828125 0.6001953125 0.482421875 0.597746875 0.4560546875 0.5899062500000001 0.4306640625 0.5884375000000001 0.40625 0.5845171875 0.3759765625 0.5786374999999999 0.34765625 0.5658984375 0.3193359375 0.558059375 0.2880859375 0.544340625 0.275390625 0.5438515625 0.2958984375 0.5502203125 0.3271484375 0.5570796875 0.357421875 0.558059375 0.388671875
21 0.505634375 0.380859375 0.5071046875 0.408203125 0.506125 0.439453125 0.5041640625 0.46484375 0.503184375 0.4921875 0.5071046875 0.5224609375 0.51739375 0.52734375 0.5311125 0.5205078125 0.5438515625 0.5107421875 0.556590625 0.505859375 0.556590625 0.474609375 0.5507109375 0.4462890625 0.5438515625 0.4208984375 0.540421875 0.3857421875 0.537971875 0.34765625 0.5301328125 0.306640625 0.5232734375 0.2626953125 0.510534375 0.2666015625 0.5041640625 0.3095703125 0.503184375 0.3466796875 0.505634375 0.380859375
22 0.459578125 0.40625 0.45761874999999996 0.431640625 0.45075937499999996 0.46484375 0.4473296875 0.494140625 0.4473296875 0.517578125 0.4659484375 0.5224609375 0.48162656249999997 0.525390625 0.49926562499999994 0.5234375 0.5041640625 0.494140625 0.5007343750000001 0.4697265625 0.498284375 0.443359375 0.49289531249999996 0.421875 0.4904453125 0.390625 0.48750625000000003 0.3701171875 0.48407656250000003 0.3349609375 0.48260625 0.30859375 0.4688875 0.2783203125 0.4610484375 0.3115234375 0.45859843749999996 0.3447265625 0.4610484375 0.3779296875 0.459578125 0.40625
31 0.7687406250000001 0.31640625 0.771190625 0.33984375 0.78295 0.3544921875 0.79421875 0.3427734375 0.8074468749999999 0.3369140625 0.812346875 0.3017578125 0.8045078125 0.2734375 0.7951984375000001 0.2421875 0.782459375 0.212890625 0.7697203125 0.1826171875 0.7535515625 0.1923828125 0.757471875 0.224609375 0.7613921875 0.2587890625 0.764821875 0.291015625 0.7687406250000001 0.31640625
25 0.26849531249999997 0.3291015625 0.2572265625 0.3388671875 0.2533078125 0.3701171875 0.2552671875 0.3974609375 0.26506562499999997 0.412109375 0.2758453125 0.412109375 0.28123437500000004 0.421875 0.2915234375 0.4267578125 0.299853125 0.4111328125 0.3018125 0.3896484375 0.302303125 0.3447265625 0.3096515625 0.291015625 0.3101421875 0.240234375 0.299853125 0.20703125 0.291034375 0.2138671875 0.28564375000000003 0.2314453125 0.28123437500000004 0.2666015625 0.27339531250000004 0.30859375 0.26849531249999997 0.3291015625