31 0.2435078125 0.2197265625 0.2209703125 0.21484375 0.20823125 0.2451171875 0.1920625 0.2880859375 0.17834375 0.3173828125 0.1984328125 0.3837890625 0.22440000000000002 0.3583984375 0.2234203125 0.322265625 0.23909843749999998 0.2705078125 0.2435078125 0.2197265625
2 0.2640859375 0.27734375 0.2479171875 0.259765625 0.23811875 0.2880859375 0.226359375 0.3427734375 0.212640625 0.396484375 0.23076875000000002 0.4365234375 0.2572265625 0.4306640625 0.26065625 0.3896484375 0.26065625 0.3408203125 0.2640859375 0.27734375
13 0.3076921875 0.326171875 0.30867187500000004 0.3046875 0.276825 0.28515625 0.272415625 0.330078125 0.262615625 0.3798828125 0.263596875 0.4384765625 0.274865625 0.4541015625 0.3091625 0.453125 0.3140625 0.4111328125 0.3101421875 0.3662109375 0.3076921875 0.326171875
17 0.3517890625 0.3173828125 0.3366 0.326171875 0.324840625 0.3837890625 0.311121875 0.443359375 0.313571875 0.4638671875 0.3331703125 0.48046875 0.35276874999999996 0.4609375 0.3517890625 0.39453125 0.354728125 0.345703125 0.3517890625 0.3173828125
18 0.3699171875 0.349609375 0.3581578125 0.392578125 0.3537484375 0.443359375 0.3493390625 0.486328125 0.36893750000000003 0.5048828125 0.38265625000000003 0.48828125 0.3860859375 0.4560546875 0.377265625 0.3876953125 0.3699171875 0.349609375
19 0.40519375 0.3408203125 0.3968640625 0.30078125 0.379715625 0.328125 0.379715625 0.3818359375 0.38265625000000003 0.4326171875 0.38804531249999996 0.486328125 0.40372343749999995 0.5234375 0.4174421875 0.49609375 0.4272421875 0.4501953125 0.41156249999999994 0.396484375 0.40519375 0.3408203125
20 0.45565937500000003 0.4208984375 0.4605578125 0.3623046875 0.464478125 0.322265625 0.45320937499999997 0.30859375 0.44292031249999997 0.3515625 0.43508125 0.3818359375 0.43116093749999995 0.41796875 0.42528125 0.466796875 0.4243015625 0.51171875 0.441940625 0.533203125 0.4561484375 0.51171875 0.45565937500000003 0.4208984375
21 0.49387499999999995 0.4111328125 0.4953453125 0.353515625 0.4728078125 0.3369140625 0.46496875 0.3857421875 0.4639875 0.4287109375 0.45859843749999996 0.46875 0.45320937499999997 0.5244140625 0.48015625 0.5439453125 0.5022046875 0.5400390625 0.5007343750000001 0.4814453125 0.49387499999999995 0.4111328125
22 0.5467906250000001 0.4521484375 0.54238125 0.3818359375 0.5467906250000001 0.3369140625 0.5467906250000001 0.306640625 0.524253125 0.306640625 0.5188640625 0.35546875 0.5110234375 0.4033203125 0.5046546875 0.490234375 0.5066140625 0.5458984375 0.521803125 0.5458984375 0.5463015625 0.548828125 0.5463015625 0.501953125 0.5467906250000001 0.4521484375
30 0.576678125 0.400390625 0.5668796875 0.349609375 0.5541406249999999 0.3642578125 0.5531609375000001 0.400390625 0.5551203124999999 0.4521484375 0.54973125 0.4833984375 0.5507109375 0.533203125 0.5786374999999999 0.5390625 0.583046875 0.5029296875 0.5810875 0.443359375 0.576678125 0.400390625
29 0.6163640625 0.416015625 0.6148953125000001 0.35546875 0.610975 0.32421875 0.596765625 0.328125 0.5913765625 0.3623046875 0.5894171874999999 0.4091796875 0.5850078125 0.46484375 0.5850078125 0.51171875 0.60215625 0.53125 0.6158750000000001 0.5302734375 0.624203125 0.4990234375 0.6163640625 0.416015625
23 0.6418421875 0.375 0.6398828125 0.345703125 0.620284375 0.3408203125 0.6173437500000001 0.3876953125 0.618325 0.4453125 0.6217546875 0.4736328125 0.626653125 0.4990234375 0.6467421875 0.513671875 0.658990625 0.478515625 0.6462515625 0.421875 0.6418421875 0.375
24 0.6741796875 0.3876953125 0.6697703125000001 0.3583984375 0.6580109375000001 0.322265625 0.65458125 0.3515625 0.6506609375 0.4072265625 0.6506609375 0.447265625 0.6536015625 0.4951171875 0.6780984375 0.4921875 0.68691875 0.470703125 0.6805484374999999 0.4306640625 0.6741796875 0.3876953125
25 0.7177859375 0.3515625 0.7148453124999999 0.3134765625 0.6923078125 0.306640625 0.691328125 0.3642578125 0.6849578125 0.421875 0.6859375 0.46875 0.70700625 0.466796875 0.7310140625 0.458984375 0.7339546875 0.41796875 0.7221953125 0.3818359375 0.7177859375 0.3515625
26 0.766290625 0.3369140625 0.7564921874999999 0.2958984375 0.7501218749999999 0.26171875 0.7329734375 0.279296875 0.73199375 0.3134765625 0.730525 0.3642578125 0.73444375 0.427734375 0.7457125 0.439453125 0.7599218750000001 0.4443359375 0.7775593749999999 0.4140625 0.7756000000000001 0.375 0.766290625 0.3369140625
27 0.7790296875 0.232421875 0.76923125 0.2109375 0.7466921875 0.2431640625 0.7555125 0.2744140625 0.76188125 0.3193359375 0.780009375 0.34765625 0.789809375 0.328125 0.8005875 0.30859375 0.803528125 0.279296875 0.7907890625 0.255859375 0.7790296875 0.232421875
28 0.7756000000000001 0.4775390625 0.763840625 0.48828125 0.764821875 0.53125 0.780009375 0.5732421875 0.7888296875 0.6142578125 0.8045078125 0.623046875 0.8133265625 0.5908203125 0.812346875 0.53125 0.8138171875 0.484375 0.8025484374999999 0.462890625 0.7927484375 0.466796875 0.7756000000000001 0.4775390625
0 0.7466921875 0.4794921875 0.71190625 0.5078125 0.7123953125 0.533203125 0.7221953125 0.5546875 0.7359140625 0.583984375 0.743753125 0.6162109375 0.7584515625 0.6591796875 0.7726609375 0.6591796875 0.7672703125 0.5947265625 0.764821875 0.578125 0.76188125 0.529296875 0.7584515625 0.490234375 0.7466921875 0.4794921875
1 0.6957375 0.517578125 0.67466875 0.53515625 0.65703125 0.5361328125 0.666340625 0.5869140625 0.6834890625 0.6376953125 0.691328125 0.6650390625 0.6942671875 0.6865234375 0.7011265625 0.7080078125 0.7050468750000001 0.6865234375 0.7030875 0.6142578125 0.70700625 0.6416015625 0.7158249999999999 0.6650390625 0.725625 0.6884765625 0.72954375 0.6611328125 0.7266046875 0.630859375 0.7133765624999999 0.5830078125 0.7104359375 0.515625 0.6957375 0.517578125
3 0.6462515625 0.5439453125 0.6310625 0.5458984375 0.6256734374999999 0.5732421875 0.6354734375 0.6416015625 0.6462515625 0.671875 0.6560515625 0.7041015625 0.6697703125000001 0.72265625 0.67075 0.6845703125 0.6643796875 0.6337890625 0.6624203125 0.5927734375 0.6609499999999999 0.55859375 0.6462515625 0.5439453125
4 0.612934375 0.5546875 0.5957859375 0.5654296875 0.592846875 0.5947265625 0.599215625 0.6396484375 0.606565625 0.6630859375 0.612934375 0.693359375 0.6256734374999999 0.716796875 0.6300828125 0.6826171875 0.6256734374999999 0.6396484375 0.6256734374999999 0.599609375 0.6256734374999999 0.5693359375 0.612934375 0.5546875
5 0.5614890625 0.5654296875 0.5531609375000001 0.6015625 0.5614890625 0.6611328125 0.57226875 0.69140625 0.5874578125000001 0.7255859375 0.60460625 0.7548828125 0.6031359375 0.71875 0.59480625 0.6630859375 0.5913765625 0.607421875 0.584028125 0.5625 0.5614890625 0.5654296875
6 0.528171875 0.5693359375 0.5227828125 0.607421875 0.5360125 0.6357421875 0.537971875 0.6611328125 0.5507109375 0.6865234375 0.5561 0.65234375 0.5551203124999999 0.623046875 0.5521796875 0.603515625 0.5507109375 0.5625 0.5389515625 0.5654296875 0.528171875 0.5693359375
7 0.503675 0.576171875 0.503184375 0.603515625 0.5041640625 0.625 0.5046546875 0.6484375 0.508575 0.669921875 0.5208234375 0.6796875 0.5335625 0.66796875 0.5311125 0.6435546875 0.528171875 0.6171875 0.5237625 0.59765625 0.5139640625 0.5732421875 0.503675 0.576171875
8 0.49093593750000003 0.5703125 0.47819687499999997 0.5771484375 0.47525781250000004 0.60546875 0.4791765625 0.6357421875 0.480646875 0.6533203125 0.4835859375 0.6865234375 0.4948546875 0.6943359375 0.501715625 0.67578125 0.5022046875 0.6474609375 0.503675 0.6259765625 0.5051453125 0.5986328125 0.503675 0.5703125 0.49093593750000003 0.5703125
9 0.48162656249999997 0.56640625 0.47329687500000006 0.5615234375 0.46202812499999996 0.5634765625 0.4492890625 0.5654296875 0.44782031250000004 0.595703125 0.4492890625 0.623046875 0.45075937499999996 0.650390625 0.44683906249999994 0.6748046875 0.44439062500000004 0.701171875 0.45516875 0.7138671875 0.46496875 0.6962890625 0.4683984375 0.6796875 0.4713375 0.6513671875 0.4747671875 0.626953125 0.48015625 0.595703125 0.48162656249999997 0.56640625
10 0.44782031250000004 0.6142578125 0.45418906249999996 0.5830078125 0.45369843750000005 0.564453125 0.4448796875 0.546875 0.43508125 0.54296875 0.42381250000000004 0.5458984375 0.4135234375 0.560546875 0.412053125 0.5908203125 0.41107343749999997 0.6259765625 0.409603125 0.65625 0.40372343749999995 0.681640625 0.393434375 0.7197265625 0.389515625 0.7470703125 0.40519375 0.74609375 0.41499218750000005 0.7236328125 0.42479218750000003 0.703125 0.43165156250000003 0.681640625 0.4385109375 0.6630859375 0.443409375 0.642578125 0.44782031250000004 0.6142578125
11 0.4086234375 0.59765625 0.41548281249999997 0.5703125 0.40715312499999995 0.5546875 0.39882343750000004 0.544921875 0.387065625 0.5361328125 0.3787359375 0.55078125 0.37285625 0.56640625 0.370896875 0.5966796875 0.3699171875 0.62109375 0.3669765625 0.6484375 0.3669765625 0.677734375 0.3669765625 0.6923828125 0.3699171875 0.7275390625 0.38020624999999997 0.736328125 0.3831453125 0.72265625 0.3900046875 0.697265625 0.39392499999999997 0.671875 0.398334375 0.6484375 0.40372343749999995 0.623046875 0.4086234375 0.59765625
12 0.370896875 0.6005859375 0.3831453125 0.5673828125 0.384125 0.5400390625 0.373346875 0.5341796875 0.3650171875 0.5322265625 0.35521875 0.53125 0.34394843750000004 0.5263671875 0.33610937500000004 0.552734375 0.3356203125 0.576171875 0.33464062499999997 0.603515625 0.3326796875 0.634765625 0.32925 0.6533203125 0.3282703125 0.677734375 0.3258203125 0.70703125 0.3317 0.7236328125 0.3395390625 0.70703125 0.34541875 0.681640625 0.3508078125 0.6630859375 0.3586484375 0.63671875 0.36550781250000003 0.6142578125 0.370896875 0.6005859375
14 0.2944640625 0.6923828125 0.29299375 0.70703125 0.29936250000000003 0.7109375 0.3081828125 0.6953125 0.313571875 0.67578125 0.31798125 0.650390625 0.32092187499999997 0.634765625 0.3258203125 0.61328125 0.3287609375 0.5908203125 0.3356203125 0.5712890625 0.341009375 0.5537109375 0.34541875 0.537109375 0.34786875 0.5166015625 0.3400296875 0.51171875 0.3307203125 0.513671875 0.319940625 0.5087890625 0.3125921875 0.50390625 0.3042625 0.4931640625 0.2959328125 0.4931640625 0.286134375 0.5 0.2807453125 0.5185546875 0.2827046875 0.537109375 0.284175 0.5537109375 0.283684375 0.5751953125 0.2797640625 0.59375 0.276334375 0.6181640625 0.27290468749999997 0.6376953125 0.27045625 0.654296875 0.26751562500000003 0.6806640625 0.2660453125 0.7041015625 0.2778046875 0.6875 0.2807453125 0.6669921875 0.2846640625 0.6484375 0.29054375 0.6240234375 0.299853125 0.59765625 0.3052421875 0.6220703125 0.30279218750000003 0.638671875 0.2983828125 0.666015625 0.2944640625 0.6923828125
15 0.26555625 0.5859375 0.272415625 0.5625 0.278784375 0.5537109375 0.2876046875 0.5234375 0.28564375000000003 0.49609375 0.2782953125 0.4853515625 0.2714359375 0.4775390625 0.262615625 0.4716796875 0.25477656249999997 0.4677734375 0.2459578125 0.466796875 0.23517812500000002 0.47265625 0.2297890625 0.49609375 0.22587031249999998 0.5205078125 0.223909375 0.546875 0.222440625 0.5703125 0.21999062500000002 0.603515625 0.21802968749999999 0.623046875 0.217540625 0.6552734375 0.22587031249999998 0.6630859375 0.23517812500000002 0.6572265625 0.24252812499999998 0.6455078125 0.2493875 0.6318359375 0.25477656249999997 0.6171875 0.25967656250000004 0.6005859375 0.26555625 0.5859375
16 0.2209703125 0.556640625 0.22488906250000001 0.541015625 0.2322390625 0.52734375 0.23566875 0.5068359375 0.23664843750000003 0.490234375 0.2341984375 0.4677734375 0.21949999999999997 0.4599609375 0.20823125 0.462890625 0.1994125 0.4541015625 0.192553125 0.4521484375 0.180303125 0.4521484375 0.173934375 0.4658203125 0.1729546875 0.4912109375 0.1754046875 0.5146484375 0.1749140625 0.53515625 0.171484375 0.5634765625 0.16805468750000002 0.583984375 0.16511562500000002 0.6005859375 0.1773640625 0.6201171875 0.1871625 0.6240234375 0.1945125 0.6220703125 0.20382187499999999 0.6123046875 0.21215156249999997 0.5966796875 0.21802968749999999 0.5751953125 0.2209703125 0.556640625