22 0.67578125 0.4546796875 0.6455078125 0.457128125 0.6201171875 0.457128125 0.5986328125 0.45761874999999996 0.5537109375 0.45908906250000003 0.5517578125 0.487015625 0.548828125 0.49926562499999994 0.5712890625 0.5007343750000001 0.599609375 0.498284375 0.625 0.4958359375 0.6572265625 0.48652656250000004 0.685546875 0.48260625 0.71875 0.48113593750000005 0.7421875 0.4762375 0.7744140625 0.4728078125 0.787109375 0.45761874999999996 0.751953125 0.4517390625 0.724609375 0.45369843750000005 0.701171875 0.4546796875 0.67578125 0.4546796875
21 0.6806640625 0.4953453125 0.650390625 0.49436562500000003 0.619140625 0.49289531249999996 0.5869140625 0.4958359375 0.5537109375 0.498284375 0.5458984375 0.508575 0.5537109375 0.5198437499999999 0.55859375 0.5340515625 0.58203125 0.5365015625 0.6171875 0.5340515625 0.640625 0.5311125 0.6806640625 0.5276828124999999 0.7109375 0.5262125 0.7568359375 0.52229375 0.7900390625 0.508575 0.7626953125 0.503184375 0.734375 0.4958359375 0.7119140625 0.4953453125 0.6806640625 0.4953453125
20 0.666015625 0.5296421875 0.64453125 0.5262125 0.615234375 0.5237625 0.572265625 0.5271921875000001 0.55859375 0.5438515625 0.5791015625 0.5561 0.609375 0.5595296875 0.63671875 0.558059375 0.669921875 0.555609375 0.6982421875 0.556590625 0.7314453125 0.555609375 0.7666015625 0.558059375 0.7822265625 0.5414015625 0.744140625 0.5340515625 0.716796875 0.5340515625 0.69140625 0.5335625 0.666015625 0.5296421875
19 0.693359375 0.56736875 0.6728515625 0.565409375 0.64453125 0.56345 0.6083984375 0.5619796874999999 0.583984375 0.5595296875 0.560546875 0.565409375 0.5478515625 0.57716875 0.5478515625 0.5889265625 0.5712890625 0.597746875 0.599609375 0.6001953125 0.6220703125 0.5987265625 0.65234375 0.596765625 0.6826171875 0.596765625 0.7138671875 0.5952968750000001 0.7421875 0.5952968750000001 0.7744140625 0.5962765625 0.8203125 0.599215625 0.8173828125 0.5825578124999999 0.787109375 0.57716875 0.75390625 0.57471875 0.7265625 0.5683484375 0.693359375 0.56736875
18 0.65234375 0.6026453125 0.6279296875 0.599215625 0.6064453125 0.596765625 0.57421875 0.5962765625 0.5615234375 0.606565625 0.556640625 0.6168546874999999 0.568359375 0.6281234375 0.5986328125 0.62959375 0.619140625 0.6281234375 0.662109375 0.62714375 0.693359375 0.626653125 0.724609375 0.6281234375 0.76171875 0.6310625 0.783203125 0.620284375 0.74609375 0.612934375 0.7119140625 0.6124453125 0.673828125 0.609015625 0.65234375 0.6026453125
17 0.6708984375 0.6335124999999999 0.650390625 0.63204375 0.626953125 0.6281234375 0.607421875 0.6281234375 0.5888671875 0.6256734374999999 0.55859375 0.6300828125 0.5537109375 0.6438015625 0.556640625 0.656540625 0.6015625 0.6629109375 0.6298828125 0.656540625 0.6708984375 0.65458125 0.708984375 0.6536015625 0.7392578125 0.652621875 0.7578125 0.6536015625 0.7978515625 0.6511515625000001 0.79296875 0.638903125 0.759765625 0.6398828125 0.7392578125 0.6374328125 0.6982421875 0.6349828125 0.6708984375 0.6335124999999999
31 0.625 0.7672703125 0.626953125 0.7775593749999999 0.6298828125 0.7951984375000001 0.650390625 0.8094078124999999 0.685546875 0.8079375000000001 0.728515625 0.7927484375 0.74609375 0.78295 0.7724609375 0.7741296875 0.802734375 0.7672703125 0.7919921875 0.7545328125 0.7373046875 0.75698125 0.703125 0.7584515625 0.658203125 0.75698125 0.625 0.7672703125
30 0.6572265625 0.42822187500000003 0.625 0.42626093750000005 0.6044921875 0.42675156249999996 0.578125 0.42675156249999996 0.556640625 0.43263125 0.552734375 0.4492890625 0.55859375 0.46006875 0.578125 0.45859843749999996 0.626953125 0.45565937500000003 0.6650390625 0.45320937499999997 0.6904296875 0.4517390625 0.7158203125 0.4492890625 0.7470703125 0.44585937500000006 0.7880859375 0.4439 0.7802734375 0.430671875 0.75 0.43018124999999996 0.716796875 0.43018124999999996 0.6904296875 0.4292015625 0.6572265625 0.42822187500000003
29 0.703125 0.388534375 0.6708984375 0.390984375 0.650390625 0.3924546875 0.626953125 0.3944140625 0.5986328125 0.3944140625 0.5732421875 0.393434375 0.5458984375 0.393434375 0.52734375 0.403234375 0.5458984375 0.4174421875 0.5634765625 0.42773125 0.583984375 0.42822187500000003 0.607421875 0.42675156249999996 0.6318359375 0.42283125000000005 0.658203125 0.4198921875 0.68359375 0.4179328125 0.7109375 0.41548281249999997 0.7392578125 0.41009375 0.7705078125 0.40764374999999997 0.79296875 0.40372343749999995 0.8203125 0.393434375 0.8173828125 0.384125 0.78515625 0.38804531249999996 0.7578125 0.389515625 0.7314453125 0.389515625 0.703125 0.388534375
23 0.6240234375 0.3615875 0.5966796875 0.3601171875 0.568359375 0.3591375 0.5439453125 0.3615875 0.5361328125 0.37285625 0.5478515625 0.3860859375 0.57421875 0.395884375 0.6064453125 0.3944140625 0.6279296875 0.3919640625 0.65234375 0.389515625 0.6787109375 0.384615625 0.7119140625 0.3782453125 0.734375 0.37432656249999996 0.7626953125 0.37040625 0.7421875 0.3615875 0.7109375 0.361096875 0.685546875 0.3630578125 0.6552734375 0.3615875 0.6240234375 0.3615875
24 0.6240234375 0.33464062499999997 0.6015625 0.332190625 0.5615234375 0.3331703125 0.5439453125 0.352278125 0.55859375 0.3615875 0.5869140625 0.3630578125 0.6142578125 0.3625671875 0.6455078125 0.3615875 0.6787109375 0.3591375 0.720703125 0.35521875 0.751953125 0.35521875 0.783203125 0.35276874999999996 0.7548828125 0.3419890625 0.7216796875 0.3395390625 0.69140625 0.3375796875 0.6552734375 0.3370890625 0.6240234375 0.33464062499999997
25 0.662109375 0.28907343750000003 0.63671875 0.288584375 0.609375 0.2851546875 0.5859375 0.278784375 0.56640625 0.286134375 0.556640625 0.29789374999999996 0.5478515625 0.3106328125 0.55859375 0.32778125 0.5888671875 0.3331703125 0.6171875 0.33121093749999997 0.64453125 0.32925 0.677734375 0.32925 0.7138671875 0.3282703125 0.7470703125 0.3258203125 0.7802734375 0.31798125 0.78515625 0.306221875 0.73828125 0.299853125 0.7119140625 0.29495312500000004 0.6884765625 0.2915234375 0.662109375 0.28907343750000003
26 0.68359375 0.24693749999999998 0.6572265625 0.2439984375 0.6240234375 0.24105781249999997 0.6025390625 0.24301875 0.59375 0.25575625 0.5810546875 0.269475 0.591796875 0.2822140625 0.6220703125 0.2851546875 0.658203125 0.28319375 0.6826171875 0.28123437500000004 0.7236328125 0.2797640625 0.75390625 0.2797640625 0.7958984375 0.2758453125 0.80859375 0.2621265625 0.775390625 0.2552671875 0.7490234375 0.2552671875 0.7109375 0.2528171875 0.68359375 0.24693749999999998
27 0.69921875 0.21362031250000002 0.677734375 0.20823125 0.6533203125 0.2072515625 0.6171875 0.2165609375 0.6220703125 0.2371390625 0.6474609375 0.2439984375 0.6708984375 0.24693749999999998 0.703125 0.2528171875 0.728515625 0.2552671875 0.76171875 0.2533078125 0.7919921875 0.2464484375 0.802734375 0.236159375 0.7744140625 0.2327296875 0.751953125 0.22880937499999998 0.7294921875 0.2209703125 0.69921875 0.21362031250000002
7 0.5380859375 0.49436562500000003 0.5341796875 0.48162656249999997 0.498046875 0.4762375 0.4619140625 0.4767265625 0.4306640625 0.47868750000000004 0.3876953125 0.47868750000000004 0.3623046875 0.48113593750000005 0.357421875 0.4977953125 0.3955078125 0.49436562500000003 0.421875 0.49289531249999996 0.4560546875 0.49436562500000003 0.4814453125 0.496815625 0.517578125 0.4997546875 0.5380859375 0.49436562500000003
8 0.5361328125 0.5213125 0.541015625 0.503184375 0.5185546875 0.4953453125 0.4970703125 0.4958359375 0.4765625 0.4977953125 0.447265625 0.4977953125 0.4287109375 0.4977953125 0.408203125 0.49926562499999994 0.3759765625 0.4997546875 0.3505859375 0.5022046875 0.3681640625 0.5208234375 0.3974609375 0.5198437499999999 0.4208984375 0.5198437499999999 0.45703125 0.5208234375 0.484375 0.5213125 0.5107421875 0.5232734375 0.5361328125 0.5213125
9 0.5556640625 0.54238125 0.5380859375 0.5262125 0.509765625 0.5232734375 0.4765625 0.5237625 0.4384765625 0.5252328125 0.4033203125 0.5262125 0.359375 0.5252328125 0.3623046875 0.5453203125 0.392578125 0.544340625 0.431640625 0.5467906250000001 0.458984375 0.5482609375 0.4951171875 0.5541406249999999 0.533203125 0.555609375 0.5556640625 0.54238125
10 0.53125 0.5850078125 0.5537109375 0.5683484375 0.533203125 0.555609375 0.490234375 0.5502203125 0.4697265625 0.5526703125 0.4267578125 0.5546296875000001 0.388671875 0.5541406249999999 0.3671875 0.556590625 0.3349609375 0.561 0.32421875 0.5850078125 0.3623046875 0.5850078125 0.388671875 0.5850078125 0.4267578125 0.5864765625 0.4638671875 0.5859875 0.494140625 0.5859875 0.53125 0.5850078125
11 0.5205078125 0.618325 0.5400390625 0.6144046875 0.5458984375 0.6001953125 0.5400390625 0.5859875 0.517578125 0.5801078125 0.4853515625 0.5864765625 0.4638671875 0.5952968750000001 0.4384765625 0.6011765625 0.4052734375 0.606565625 0.373046875 0.6080359375 0.3466796875 0.609015625 0.330078125 0.62714375 0.3720703125 0.62714375 0.392578125 0.62714375 0.4267578125 0.626653125 0.451171875 0.624203125 0.4853515625 0.620284375 0.5205078125 0.618325
12 0.552734375 0.647721875 0.5537109375 0.63204375 0.5458984375 0.6158750000000001 0.4921875 0.6193046875 0.466796875 0.6232234375 0.4365234375 0.6256734374999999 0.4013671875 0.62714375 0.3681640625 0.6310625 0.333984375 0.6369421875 0.3466796875 0.6536015625 0.3857421875 0.651640625 0.416015625 0.651640625 0.443359375 0.651640625 0.482421875 0.651640625 0.517578125 0.652621875 0.552734375 0.647721875
13 0.7568359375 0.6717296875 0.7333984375 0.6668296875 0.708984375 0.665359375 0.67578125 0.6624203125 0.6455078125 0.6580109375000001 0.619140625 0.652621875 0.578125 0.6550703125 0.5556640625 0.658990625 0.5458984375 0.6732 0.548828125 0.6923078125 0.5654296875 0.7148453124999999 0.5869140625 0.718765625 0.6376953125 0.7128859375000001 0.6806640625 0.7035765625 0.7470703125 0.6986765625 0.7080078125 0.6937781249999999 0.677734375 0.6834890625 0.701171875 0.679078125 0.7333984375 0.6834890625 0.7744140625 0.6874078124999999 0.7568359375 0.6717296875
16 0.5634765625 0.803528125 0.5966796875 0.7981374999999999 0.626953125 0.78295 0.6171875 0.771190625 0.5986328125 0.7520828125000001 0.58203125 0.7354234374999999 0.552734375 0.73689375 0.5185546875 0.751103125 0.4814453125 0.7677609375000001 0.443359375 0.7790296875 0.4365234375 0.7996078125 0.4462890625 0.8236156250000001 0.46484375 0.8030375 0.4775390625 0.7907890625 0.5029296875 0.7814796875 0.5126953125 0.79666875 0.490234375 0.8133265625 0.4697265625 0.828515625 0.4638671875 0.8476234375 0.4892578125 0.835375 0.5078125 0.8250859374999999 0.5283203125 0.8147968750000001 0.5634765625 0.803528125
6 0.5380859375 0.4688875 0.5400390625 0.45859843749999996 0.548828125 0.4492890625 0.5185546875 0.44439062500000004 0.4892578125 0.45075937499999996 0.451171875 0.45369843750000005 0.41015625 0.46202812499999996 0.375 0.4639875 0.341796875 0.46496875 0.3466796875 0.47868750000000004 0.3828125 0.47770625000000005 0.408203125 0.4762375 0.451171875 0.4762375 0.484375 0.47770625000000005 0.5185546875 0.47868750000000004 0.5380859375 0.4688875
5 0.5126953125 0.4517390625 0.52734375 0.437040625 0.52734375 0.42283125000000005 0.5029296875 0.4164625 0.4814453125 0.41548281249999997 0.451171875 0.41548281249999997 0.423828125 0.4174421875 0.359375 0.42675156249999996 0.3271484375 0.43018124999999996 0.30078125 0.43263125 0.296875 0.45075937499999996 0.341796875 0.4517390625 0.3701171875 0.45075937499999996 0.4013671875 0.45222968750000003 0.443359375 0.4546796875 0.4775390625 0.4517390625 0.5126953125 0.4517390625
4 0.5107421875 0.4198921875 0.53515625 0.41009375 0.5302734375 0.39735468749999997 0.517578125 0.387065625 0.47265625 0.3831453125 0.4384765625 0.382165625 0.400390625 0.379715625 0.357421875 0.37922656250000003 0.3291015625 0.379715625 0.3134765625 0.3944140625 0.3466796875 0.39882343750000004 0.375 0.4012734375 0.4111328125 0.40372343749999995 0.4443359375 0.4086234375 0.46875 0.41499218750000005 0.5107421875 0.4198921875
3 0.4775390625 0.384125 0.5 0.384615625 0.533203125 0.3806953125 0.5302734375 0.3650171875 0.525390625 0.35276874999999996 0.5029296875 0.34835937499999997 0.466796875 0.3488484375 0.423828125 0.349828125 0.390625 0.352278125 0.3544921875 0.352278125 0.314453125 0.354728125 0.3037109375 0.37040625 0.33203125 0.3718765625 0.359375 0.37432656249999996 0.384765625 0.3767765625 0.4189453125 0.37922656250000003 0.4443359375 0.3806953125 0.4775390625 0.384125
28 0.4775390625 0.25967656250000004 0.4970703125 0.274375 0.5224609375 0.2871140625 0.548828125 0.291034375 0.5693359375 0.2871140625 0.5791015625 0.26849531249999997 0.5947265625 0.2577171875 0.599609375 0.240078125 0.568359375 0.2346890625 0.529296875 0.2185203125 0.505859375 0.20431093749999998 0.4814453125 0.1979421875 0.44921875 0.1954921875 0.46875 0.21362031250000002 0.490234375 0.23909843749999998 0.4599609375 0.23370937500000002 0.4384765625 0.21362031250000002 0.40625 0.21459999999999999 0.4208984375 0.226359375 0.4345703125 0.2439984375 0.4560546875 0.2518375 0.4775390625 0.25967656250000004
2 0.7080078125 0.7128859375000001 0.6787109375 0.7128859375000001 0.6552734375 0.711415625 0.619140625 0.711415625 0.5986328125 0.7109265625 0.576171875 0.7226843749999999 0.5888671875 0.7403234375000001 0.5947265625 0.757471875 0.625 0.763840625 0.6455078125 0.7609015625 0.66796875 0.75698125 0.701171875 0.7506125 0.720703125 0.7481625000000001 0.751953125 0.7457125 0.7880859375 0.7432624999999999 0.818359375 0.730525 0.7998046875 0.7202359375 0.76171875 0.716315625 0.7333984375 0.716315625 0.7080078125 0.7128859375000001