22 0.5007343750000001 0.451171875 0.512984375 0.4482421875 0.5409109375 0.4462890625 0.54238125 0.4013671875 0.542871875 0.3798828125 0.542871875 0.3544921875 0.5453203125 0.32421875 0.5453203125 0.298828125 0.5463015625 0.275390625 0.5482609375 0.248046875 0.54238125 0.212890625 0.5271921875000001 0.2255859375 0.5237625 0.2578125 0.5188640625 0.28125 0.51739375 0.314453125 0.5134734375 0.3427734375 0.5041640625 0.375 0.501715625 0.400390625 0.49926562499999994 0.4287109375 0.5007343750000001 0.451171875
21 0.491425 0.4541015625 0.501715625 0.4462890625 0.5041640625 0.4130859375 0.5071046875 0.380859375 0.505634375 0.349609375 0.5046546875 0.3193359375 0.5046546875 0.2880859375 0.5041640625 0.265625 0.496815625 0.2373046875 0.491425 0.2099609375 0.47770625000000005 0.2431640625 0.4737875 0.2890625 0.4723171875 0.3193359375 0.4688875 0.359375 0.4659484375 0.3828125 0.4634984375 0.41796875 0.4659484375 0.44140625 0.48015625 0.4462890625 0.491425 0.4541015625
20 0.4728078125 0.427734375 0.4762375 0.384765625 0.4737875 0.35546875 0.47035781249999997 0.333984375 0.46643749999999995 0.30859375 0.4659484375 0.283203125 0.4659484375 0.255859375 0.45859843749999996 0.2177734375 0.441940625 0.2333984375 0.44439062500000004 0.2685546875 0.443409375 0.3017578125 0.44439062500000004 0.330078125 0.441940625 0.36328125 0.4404703125 0.390625 0.4439 0.4208984375 0.4561484375 0.44140625 0.4728078125 0.427734375
19 0.402253125 0.4287109375 0.41107343749999997 0.4521484375 0.42283125000000005 0.4521484375 0.43459062499999995 0.439453125 0.4404703125 0.416015625 0.43802031250000006 0.3916015625 0.43655 0.35546875 0.43459062499999995 0.3271484375 0.43263125 0.306640625 0.43165156250000003 0.2734375 0.42528125 0.24609375 0.42283125000000005 0.212890625 0.4174421875 0.1826171875 0.400784375 0.1796875 0.40372343749999995 0.2255859375 0.404703125 0.2578125 0.404703125 0.2861328125 0.403234375 0.3173828125 0.403234375 0.34765625 0.4012734375 0.3779296875 0.3998046875 0.400390625 0.402253125 0.4287109375
18 0.393434375 0.4384765625 0.40372343749999995 0.42578125 0.403234375 0.3935546875 0.400784375 0.3720703125 0.39735468749999997 0.34765625 0.390984375 0.326171875 0.3875546875 0.2880859375 0.387065625 0.25390625 0.379715625 0.216796875 0.36893750000000003 0.23828125 0.3718765625 0.275390625 0.373346875 0.306640625 0.37285625 0.337890625 0.3718765625 0.380859375 0.37040625 0.4013671875 0.3718765625 0.431640625 0.3831453125 0.443359375 0.393434375 0.4384765625
17 0.3561984375 0.4462890625 0.3699171875 0.44140625 0.37432656249999996 0.4111328125 0.3718765625 0.392578125 0.3718765625 0.373046875 0.36795625 0.349609375 0.36648749999999997 0.3291015625 0.3650171875 0.3017578125 0.3625671875 0.2607421875 0.3601171875 0.240234375 0.361096875 0.20703125 0.3488484375 0.2021484375 0.3463984375 0.2421875 0.347378125 0.2607421875 0.3463984375 0.291015625 0.34541875 0.3291015625 0.343459375 0.3701171875 0.3370890625 0.3984375 0.343459375 0.443359375 0.3561984375 0.4462890625
31 0.2327296875 0.375 0.24301875 0.341796875 0.24154843750000002 0.296875 0.24301875 0.2626953125 0.2454671875 0.2080078125 0.2327296875 0.197265625 0.22587031249999998 0.2275390625 0.21705000000000002 0.25390625 0.2072515625 0.271484375 0.1920625 0.314453125 0.1905921875 0.349609375 0.2048015625 0.3701171875 0.222440625 0.373046875 0.2327296875 0.375
30 0.5507109375 0.447265625 0.56736875 0.443359375 0.5732484375 0.421875 0.5732484375 0.3955078125 0.5737390625 0.375 0.571778125 0.3427734375 0.5707984374999999 0.3095703125 0.56981875 0.283203125 0.56981875 0.25 0.569328125 0.2197265625 0.5561 0.2119140625 0.5541406249999999 0.2529296875 0.5507109375 0.2841796875 0.5482609375 0.3095703125 0.5467906250000001 0.3349609375 0.544340625 0.373046875 0.5414015625 0.421875 0.53993125 0.44140625 0.5507109375 0.447265625
29 0.5732484375 0.392578125 0.571778125 0.416015625 0.57226875 0.4365234375 0.5825578124999999 0.4541015625 0.596765625 0.47265625 0.606565625 0.4541015625 0.606565625 0.4267578125 0.6055859375 0.4013671875 0.6055859375 0.373046875 0.6075453125 0.349609375 0.609015625 0.3291015625 0.611465625 0.296875 0.610484375 0.2685546875 0.610484375 0.2421875 0.6119546875 0.21484375 0.6158750000000001 0.1826171875 0.606565625 0.1796875 0.5962765625 0.20703125 0.59235625 0.2294921875 0.5899062500000001 0.2607421875 0.5845171875 0.2890625 0.5820671875000001 0.31640625 0.5801078125 0.341796875 0.57716875 0.3681640625 0.5732484375 0.392578125
23 0.6139140624999999 0.4521484375 0.62714375 0.4638671875 0.6384125 0.4560546875 0.6408625 0.431640625 0.6398828125 0.4033203125 0.6384125 0.3759765625 0.6384125 0.3447265625 0.6369421875 0.314453125 0.638903125 0.2890625 0.6384125 0.2578125 0.62959375 0.2373046875 0.6256734374999999 0.265625 0.6217546875 0.2880859375 0.615384375 0.3212890625 0.610484375 0.34765625 0.6080359375 0.3720703125 0.6055859375 0.3935546875 0.604115625 0.42578125 0.6139140624999999 0.4521484375
24 0.647721875 0.4560546875 0.6668296875 0.4384765625 0.667809375 0.3984375 0.665359375 0.3759765625 0.6629109375 0.3447265625 0.6624203125 0.30859375 0.6604609375 0.2783203125 0.6580109375000001 0.2451171875 0.64723125 0.216796875 0.6447812500000001 0.248046875 0.6447812500000001 0.279296875 0.6408625 0.3212890625 0.6384125 0.3544921875 0.6374328125 0.3857421875 0.6369421875 0.4130859375 0.6384125 0.44140625 0.647721875 0.4560546875
25 0.6893671875 0.4521484375 0.70210625 0.443359375 0.7138656250000001 0.43359375 0.7212156249999999 0.4140625 0.7148453124999999 0.390625 0.711415625 0.36328125 0.7109265625 0.337890625 0.7084765625 0.3115234375 0.7050468750000001 0.2880859375 0.700146875 0.26171875 0.6937781249999999 0.21484375 0.68201875 0.2197265625 0.6741796875 0.2529296875 0.6717296875 0.2861328125 0.67075 0.322265625 0.67075 0.35546875 0.6687890624999999 0.3828125 0.6668296875 0.4111328125 0.6722187500000001 0.44140625 0.6893671875 0.4521484375
26 0.74424375 0.40625 0.75698125 0.3974609375 0.7589421875 0.3759765625 0.7560015625000001 0.3427734375 0.7530625 0.31640625 0.7471828125 0.2890625 0.7447328125 0.2509765625 0.7447328125 0.224609375 0.7378734375 0.19140625 0.7241546875 0.2041015625 0.7202359375 0.24609375 0.7202359375 0.2763671875 0.718765625 0.3173828125 0.71680625 0.341796875 0.7148453124999999 0.3779296875 0.7177859375 0.408203125 0.730525 0.4189453125 0.74424375 0.40625
27 0.7927484375 0.3466796875 0.79176875 0.322265625 0.7863796875 0.30078125 0.7790296875 0.2705078125 0.771190625 0.248046875 0.7672703125 0.2255859375 0.763840625 0.197265625 0.7535515625 0.2080078125 0.7466921875 0.23828125 0.7447328125 0.271484375 0.7471828125 0.296875 0.7530625 0.3291015625 0.7560015625000001 0.3525390625 0.7628609375 0.3779296875 0.7834390625000001 0.3828125 0.7927484375 0.3466796875
7 0.505634375 0.4619140625 0.5002453124999999 0.482421875 0.503184375 0.5185546875 0.505634375 0.5439453125 0.5071046875 0.578125 0.505634375 0.6044921875 0.5022046875 0.642578125 0.5188640625 0.6376953125 0.5213125 0.6123046875 0.5213125 0.5693359375 0.5232734375 0.5380859375 0.5237625 0.501953125 0.5183734375 0.4658203125 0.505634375 0.4619140625
8 0.5041640625 0.5029296875 0.5046546875 0.4814453125 0.496815625 0.458984375 0.47868750000000004 0.4638671875 0.4767265625 0.4892578125 0.47868750000000004 0.515625 0.4791765625 0.54296875 0.48015625 0.5791015625 0.48015625 0.6025390625 0.4791765625 0.6318359375 0.4977953125 0.6494140625 0.5002453124999999 0.6240234375 0.5007343750000001 0.591796875 0.5022046875 0.5712890625 0.5022046875 0.552734375 0.5022046875 0.5234375 0.5041640625 0.5029296875
9 0.45761874999999996 0.4443359375 0.44439062500000004 0.466796875 0.44585937500000006 0.5048828125 0.4517390625 0.541015625 0.45320937499999997 0.568359375 0.45565937500000003 0.607421875 0.4546796875 0.6376953125 0.4747671875 0.640625 0.4737875 0.5966796875 0.4747671875 0.5615234375 0.4762375 0.5234375 0.4767265625 0.490234375 0.4737875 0.4619140625 0.45761874999999996 0.4443359375
10 0.44439062500000004 0.466796875 0.43165156250000003 0.4462890625 0.41499218750000005 0.46875 0.4140125 0.505859375 0.4140125 0.5361328125 0.4135234375 0.5732421875 0.41499218750000005 0.611328125 0.41499218750000005 0.6376953125 0.41499218750000005 0.67578125 0.43899999999999995 0.6650390625 0.443409375 0.6328125 0.44585937500000006 0.611328125 0.4453703125 0.5732421875 0.4473296875 0.5302734375 0.44977968749999997 0.509765625 0.44439062500000004 0.466796875
11 0.4198921875 0.482421875 0.4140125 0.4599609375 0.3998046875 0.4541015625 0.3855953125 0.4599609375 0.381675 0.4794921875 0.379715625 0.5146484375 0.375796875 0.548828125 0.373346875 0.5732421875 0.37285625 0.607421875 0.37285625 0.6279296875 0.37285625 0.669921875 0.390984375 0.6533203125 0.3919640625 0.626953125 0.393434375 0.5947265625 0.39882343750000004 0.5615234375 0.404703125 0.5361328125 0.4135234375 0.5146484375 0.4198921875 0.482421875
12 0.384125 0.4541015625 0.36795625 0.4462890625 0.352278125 0.447265625 0.347378125 0.482421875 0.34835937499999997 0.517578125 0.34835937499999997 0.556640625 0.34835937499999997 0.583984375 0.34835937499999997 0.6142578125 0.3463984375 0.6533203125 0.3630578125 0.666015625 0.36893750000000003 0.6318359375 0.37285625 0.5986328125 0.37432656249999996 0.5634765625 0.3767765625 0.533203125 0.3806953125 0.5078125 0.384125 0.4541015625
13 0.341009375 0.4443359375 0.34492968749999997 0.421875 0.347378125 0.380859375 0.3419890625 0.3544921875 0.3375796875 0.32421875 0.33464062499999997 0.291015625 0.3331703125 0.2666015625 0.3282703125 0.2431640625 0.3125921875 0.2255859375 0.31651093750000003 0.2666015625 0.32092187499999997 0.298828125 0.31651093750000003 0.322265625 0.306221875 0.2919921875 0.3013234375 0.2529296875 0.2964234375 0.3193359375 0.2871140625 0.3623046875 0.28123437500000004 0.4130859375 0.2851546875 0.4345703125 0.3076921875 0.451171875 0.3268 0.4541015625 0.341009375 0.4443359375
16 0.2209703125 0.556640625 0.2322390625 0.5185546875 0.24889687500000002 0.4814453125 0.26310625 0.447265625 0.2645765625 0.41796875 0.2479171875 0.4013671875 0.22880937499999998 0.3828125 0.21705000000000002 0.373046875 0.2018625 0.4033203125 0.19647187500000002 0.4365234375 0.185203125 0.4716796875 0.1749140625 0.4921875 0.164625 0.5107421875 0.1523765625 0.5361328125 0.171484375 0.5302734375 0.1866734375 0.509765625 0.20333125000000002 0.4873046875 0.2185203125 0.4970703125 0.20921093750000003 0.5224609375 0.19696249999999998 0.53515625 0.17638437499999998 0.5537109375 0.2003921875 0.5634765625 0.2209703125 0.556640625
6 0.5507109375 0.451171875 0.5414015625 0.4599609375 0.5311125 0.4619140625 0.5213125 0.4814453125 0.52229375 0.515625 0.5237625 0.548828125 0.5237625 0.591796875 0.52229375 0.6171875 0.5213125 0.6533203125 0.5350312500000001 0.658203125 0.5360125 0.625 0.537971875 0.58984375 0.5463015625 0.548828125 0.549240625 0.5107421875 0.555609375 0.4814453125 0.5507109375 0.451171875
5 0.5835375 0.4970703125 0.57716875 0.47265625 0.5629593749999999 0.47265625 0.5482609375 0.4873046875 0.5482609375 0.5224609375 0.5453203125 0.556640625 0.5477703125 0.5986328125 0.549240625 0.6298828125 0.5482609375 0.658203125 0.549240625 0.703125 0.56736875 0.69921875 0.56981875 0.6728515625 0.5732484375 0.640625 0.5825578124999999 0.576171875 0.5845171875 0.548828125 0.5845171875 0.5185546875 0.5835375 0.4970703125
4 0.6026453125 0.4697265625 0.5899062500000001 0.46484375 0.5801078125 0.4892578125 0.5850078125 0.53125 0.5913765625 0.5556640625 0.5962765625 0.5888671875 0.5987265625 0.625 0.6011765625 0.6533203125 0.6055859375 0.6865234375 0.620284375 0.6708984375 0.6207734375 0.642578125 0.620284375 0.599609375 0.6178343749999999 0.5615234375 0.6168546874999999 0.52734375 0.612934375 0.482421875 0.6026453125 0.4697265625
3 0.64723125 0.474609375 0.6349828125 0.4697265625 0.6193046875 0.466796875 0.615384375 0.5 0.6158750000000001 0.5224609375 0.6193046875 0.5556640625 0.6207734375 0.5810546875 0.6232234375 0.615234375 0.6256734374999999 0.640625 0.6281234375 0.66796875 0.62959375 0.6962890625 0.6452718749999999 0.685546875 0.647721875 0.6455078125 0.647721875 0.609375 0.6501718750000001 0.576171875 0.6511515625000001 0.533203125 0.651640625 0.4970703125 0.64723125 0.474609375
28 0.7653109375 0.431640625 0.7599218750000001 0.400390625 0.7422828124999999 0.4052734375 0.7315046875 0.4208984375 0.7128859375000001 0.4306640625 0.708965625 0.451171875 0.7128859375000001 0.4775390625 0.725625 0.5029296875 0.7403234375000001 0.5224609375 0.7481625000000001 0.5439453125 0.7560015625000001 0.5654296875 0.773640625 0.5791015625 0.7854 0.59375 0.7863796875 0.5615234375 0.766290625 0.5400390625 0.7609015625 0.509765625 0.7863796875 0.53125 0.8045078125 0.55078125 0.8020578125 0.5185546875 0.7956890624999999 0.494140625 0.7814796875 0.470703125 0.7653109375 0.431640625
2 0.25967656250000004 0.4111328125 0.277315625 0.423828125 0.28907343750000003 0.4013671875 0.288584375 0.380859375 0.288584375 0.3447265625 0.2871140625 0.3212890625 0.2871140625 0.2919921875 0.283684375 0.2666015625 0.283684375 0.23828125 0.2797640625 0.2001953125 0.269475 0.181640625 0.2567375 0.2119140625 0.2542875 0.248046875 0.2518375 0.279296875 0.2493875 0.298828125 0.24301875 0.33203125 0.23909843749999998 0.3544921875 0.236159375 0.375 0.24252812499999998 0.4052734375 0.25967656250000004 0.4111328125