2 0.28907343750000003 0.47265625 0.2871140625 0.4365234375 0.2876046875 0.40625 0.2851546875 0.380859375 0.28123437500000004 0.3544921875 0.278784375 0.3291015625 0.2616359375 0.322265625 0.2479171875 0.337890625 0.24693749999999998 0.375 0.2454671875 0.3955078125 0.23909843749999998 0.4306640625 0.240078125 0.46875 0.24889687500000002 0.5029296875 0.2645765625 0.5048828125 0.278784375 0.4951171875 0.28907343750000003 0.47265625
13 0.3140625 0.5283203125 0.32925 0.525390625 0.338559375 0.5107421875 0.343459375 0.4892578125 0.3370890625 0.4521484375 0.333659375 0.423828125 0.329740625 0.392578125 0.3268 0.3720703125 0.32288125 0.3466796875 0.3189609375 0.3271484375 0.3042625 0.3134765625 0.2876046875 0.33203125 0.286134375 0.36328125 0.2846640625 0.3935546875 0.286134375 0.423828125 0.2876046875 0.4619140625 0.2876046875 0.4873046875 0.2876046875 0.5107421875 0.299853125 0.5283203125 0.3140625 0.5283203125
19 0.384615625 0.583984375 0.3944140625 0.611328125 0.4086234375 0.609375 0.4179328125 0.5888671875 0.42283125000000005 0.5615234375 0.42381250000000004 0.5380859375 0.42136250000000003 0.5048828125 0.42038281250000004 0.482421875 0.42136250000000003 0.45703125 0.41891249999999997 0.4345703125 0.42038281250000004 0.416015625 0.42136250000000003 0.3828125 0.4198921875 0.3466796875 0.4061734375 0.3505859375 0.404703125 0.380859375 0.3998046875 0.4130859375 0.3949046875 0.4384765625 0.3949046875 0.466796875 0.3924546875 0.4970703125 0.388534375 0.53125 0.3855953125 0.552734375 0.384615625 0.583984375
21 0.48505624999999997 0.609375 0.48946562499999996 0.583984375 0.4879953125 0.556640625 0.48750625000000003 0.5224609375 0.48750625000000003 0.4892578125 0.48652656250000004 0.4638671875 0.48505624999999997 0.4345703125 0.48505624999999997 0.4111328125 0.48505624999999997 0.3857421875 0.459578125 0.3828125 0.45859843749999996 0.4140625 0.459578125 0.44140625 0.4561484375 0.47265625 0.457128125 0.517578125 0.4561484375 0.5361328125 0.457128125 0.5712890625 0.46496875 0.6044921875 0.48505624999999997 0.609375
22 0.5134734375 0.611328125 0.5262125 0.607421875 0.5325828125000001 0.5556640625 0.5311125 0.509765625 0.5311125 0.4775390625 0.5301328125 0.44921875 0.5286625 0.42578125 0.5262125 0.3857421875 0.505634375 0.3955078125 0.503184375 0.4287109375 0.5007343750000001 0.46875 0.5022046875 0.4970703125 0.501715625 0.517578125 0.5002453124999999 0.5439453125 0.4977953125 0.5712890625 0.5002453124999999 0.6015625 0.5134734375 0.611328125
30 0.5595296875 0.525390625 0.5590390625 0.4970703125 0.555609375 0.4638671875 0.555609375 0.4384765625 0.5531609375000001 0.4130859375 0.53993125 0.4111328125 0.5350312500000001 0.44140625 0.5340515625 0.4697265625 0.5340515625 0.5029296875 0.5335625 0.53125 0.5365015625 0.556640625 0.5477703125 0.55859375 0.5590390625 0.552734375 0.5595296875 0.525390625
29 0.592846875 0.6142578125 0.6080359375 0.5869140625 0.609015625 0.568359375 0.6055859375 0.53125 0.604115625 0.5078125 0.5987265625 0.4716796875 0.6001953125 0.439453125 0.601665625 0.4130859375 0.5987265625 0.388671875 0.5801078125 0.3779296875 0.5756984375 0.4111328125 0.571778125 0.4345703125 0.571778125 0.4716796875 0.5732484375 0.515625 0.56981875 0.5478515625 0.56981875 0.578125 0.5781484375 0.6044921875 0.592846875 0.6142578125
23 0.6462515625 0.4873046875 0.64968125 0.4541015625 0.652621875 0.431640625 0.654090625 0.40625 0.652621875 0.384765625 0.6369421875 0.388671875 0.62959375 0.4140625 0.6246937499999999 0.4365234375 0.6193046875 0.466796875 0.6158750000000001 0.494140625 0.6158750000000001 0.5224609375 0.624203125 0.54296875 0.6359625 0.521484375 0.6462515625 0.4873046875
26 0.773640625 0.478515625 0.7751109375 0.439453125 0.7741296875 0.4208984375 0.7751109375 0.384765625 0.7751109375 0.3525390625 0.7741296875 0.333984375 0.764821875 0.31640625 0.7496328125 0.3271484375 0.7408140624999999 0.3505859375 0.73934375 0.3828125 0.7354234374999999 0.4140625 0.7290546875 0.451171875 0.728075 0.482421875 0.7408140624999999 0.4873046875 0.755021875 0.4951171875 0.773640625 0.478515625
7 0.5080843749999999 0.6630859375 0.5120046874999999 0.6904296875 0.5159234374999999 0.7138671875 0.5198437499999999 0.74609375 0.5311125 0.77734375 0.544340625 0.7900390625 0.5414015625 0.7470703125 0.53748125 0.71875 0.5316015625 0.6884765625 0.5301328125 0.66015625 0.5198437499999999 0.6572265625 0.5080843749999999 0.6630859375
6 0.5325828125000001 0.685546875 0.5389515625 0.708984375 0.5453203125 0.7373046875 0.5477703125 0.7568359375 0.556590625 0.7724609375 0.5732484375 0.76171875 0.569328125 0.736328125 0.56345 0.716796875 0.558059375 0.68359375 0.5477703125 0.6630859375 0.5365015625 0.662109375 0.5325828125000001 0.685546875
5 0.5903968749999999 0.68359375 0.5859875 0.650390625 0.57471875 0.642578125 0.56345 0.6494140625 0.560509375 0.6728515625 0.561 0.6982421875 0.5668796875 0.7265625 0.57226875 0.7548828125 0.5810875 0.783203125 0.592846875 0.8056640625 0.604115625 0.845703125 0.618325 0.8408203125 0.618325 0.8154296875 0.6139140624999999 0.794921875 0.609015625 0.7705078125 0.6011765625 0.7392578125 0.5952968750000001 0.716796875 0.5903968749999999 0.68359375
4 0.6119546875 0.625 0.599215625 0.625 0.5884375000000001 0.640625 0.5889265625 0.66796875 0.5962765625 0.6982421875 0.604115625 0.7265625 0.6075453125 0.7412109375 0.6178343749999999 0.7783203125 0.62959375 0.8095703125 0.6447812500000001 0.833984375 0.6536015625 0.8134765625 0.6438015625 0.779296875 0.6359625 0.751953125 0.6305734375000001 0.7314453125 0.626653125 0.69140625 0.62224375 0.6474609375 0.6119546875 0.625
3 0.658990625 0.65234375 0.651640625 0.6171875 0.6408625 0.6044921875 0.6305734375000001 0.611328125 0.6193046875 0.6298828125 0.62224375 0.6669921875 0.6325328125 0.7138671875 0.642821875 0.7451171875 0.6501718750000001 0.7705078125 0.6560515625 0.7900390625 0.6717296875 0.8056640625 0.6898578125 0.8154296875 0.6834890625 0.787109375 0.679078125 0.759765625 0.6732 0.7373046875 0.6692796875 0.7109375 0.6668296875 0.6806640625 0.658990625 0.65234375
8 0.485546875 0.67578125 0.4889765625 0.7119140625 0.4953453125 0.736328125 0.5022046875 0.76171875 0.5188640625 0.7724609375 0.5188640625 0.7490234375 0.51249375 0.71875 0.508575 0.69140625 0.5022046875 0.66015625 0.491425 0.6533203125 0.485546875 0.67578125
9 0.457128125 0.6650390625 0.45859843749999996 0.6953125 0.4610484375 0.720703125 0.4634984375 0.75390625 0.4659484375 0.767578125 0.47868750000000004 0.7900390625 0.485546875 0.7578125 0.48407656250000003 0.724609375 0.48505624999999997 0.68359375 0.4791765625 0.6552734375 0.46643749999999995 0.658203125 0.457128125 0.6650390625
10 0.459578125 0.6474609375 0.44439062500000004 0.6396484375 0.43263125 0.634765625 0.42675156249999996 0.6630859375 0.4218515625 0.69140625 0.4179328125 0.7216796875 0.41548281249999997 0.744140625 0.41156249999999994 0.775390625 0.40764374999999997 0.8046875 0.42381250000000004 0.8134765625 0.4355703125 0.7978515625 0.443409375 0.7705078125 0.44977968749999997 0.7412109375 0.457128125 0.7060546875 0.46251875 0.6806640625 0.459578125 0.6474609375
11 0.4218515625 0.662109375 0.4218515625 0.634765625 0.4140125 0.6142578125 0.400784375 0.6044921875 0.389515625 0.6123046875 0.384615625 0.6396484375 0.384615625 0.669921875 0.384125 0.6962890625 0.37922656250000003 0.7216796875 0.37285625 0.7490234375 0.3561984375 0.7822265625 0.3718765625 0.7958984375 0.3904953125 0.783203125 0.398334375 0.759765625 0.4061734375 0.736328125 0.41156249999999994 0.7119140625 0.4179328125 0.685546875 0.4218515625 0.662109375
12 0.389515625 0.626953125 0.384125 0.5947265625 0.37285625 0.583984375 0.3591375 0.5732421875 0.349828125 0.5966796875 0.3463984375 0.6318359375 0.3395390625 0.6630859375 0.33464062499999997 0.6904296875 0.329740625 0.708984375 0.32533124999999996 0.736328125 0.3219015625 0.767578125 0.3395390625 0.759765625 0.35276874999999996 0.744140625 0.3630578125 0.724609375 0.37138593750000004 0.7060546875 0.3806953125 0.677734375 0.38804531249999996 0.63671875 0.389515625 0.626953125
16 0.2297890625 0.6533203125 0.244978125 0.6455078125 0.25820625 0.625 0.26800625 0.6025390625 0.277315625 0.576171875 0.2822140625 0.548828125 0.278784375 0.5224609375 0.2616359375 0.5107421875 0.2464484375 0.5185546875 0.23517812500000002 0.54296875 0.22488906250000001 0.560546875 0.2048015625 0.583984375 0.1994125 0.615234375 0.21558125 0.6044921875 0.237628125 0.583984375 0.23860781250000002 0.6123046875 0.222440625 0.6328125 0.21068125000000001 0.65234375 0.2297890625 0.6533203125
28 0.727584375 0.609375 0.7457125 0.6220703125 0.764821875 0.6240234375 0.7790296875 0.640625 0.8030375 0.6318359375 0.817246875 0.6171875 0.828515625 0.6025390625 0.8236156250000001 0.576171875 0.8084265625 0.5439453125 0.78931875 0.5400390625 0.773640625 0.5361328125 0.7589421875 0.5205078125 0.7447328125 0.509765625 0.7354234374999999 0.5283203125 0.7290546875 0.560546875 0.7226843749999999 0.5869140625 0.727584375 0.609375