7 0.5208234375 0.5859375 0.5080843749999999 0.58984375 0.5051453125 0.6171875 0.5134734375 0.6474609375 0.516903125 0.6728515625 0.5232734375 0.69921875 0.5271921875000001 0.7294921875 0.5389515625 0.751953125 0.5453203125 0.720703125 0.53993125 0.6953125 0.5360125 0.6630859375 0.5301328125 0.6396484375 0.5276828124999999 0.6064453125 0.5208234375 0.5859375
6 0.549240625 0.599609375 0.537971875 0.58984375 0.537971875 0.625 0.54238125 0.66015625 0.54238125 0.6826171875 0.544340625 0.7080078125 0.551690625 0.7421875 0.5658984375 0.7568359375 0.5644296875 0.7294921875 0.5619796874999999 0.703125 0.560509375 0.6708984375 0.561 0.6474609375 0.5595296875 0.6142578125 0.549240625 0.599609375
5 0.5658984375 0.58203125 0.5614890625 0.609375 0.56736875 0.640625 0.5683484375 0.6708984375 0.56981875 0.6962890625 0.5737390625 0.724609375 0.5825578124999999 0.75 0.5913765625 0.7265625 0.5864765625 0.6865234375 0.5850078125 0.662109375 0.5845171875 0.626953125 0.5874578125000001 0.5947265625 0.5786374999999999 0.576171875 0.5658984375 0.58203125
4 0.6001953125 0.57421875 0.5874578125000001 0.5810546875 0.5859875 0.607421875 0.59235625 0.6279296875 0.59480625 0.662109375 0.596765625 0.6865234375 0.6031359375 0.7119140625 0.611465625 0.744140625 0.6246937499999999 0.7421875 0.620284375 0.7041015625 0.615384375 0.669921875 0.6144046875 0.6494140625 0.615384375 0.611328125 0.6139140624999999 0.578125 0.6001953125 0.57421875
3 0.6536015625 0.568359375 0.6433125000000001 0.5634765625 0.63204375 0.560546875 0.6178343749999999 0.5615234375 0.6168546874999999 0.5869140625 0.6207734375 0.615234375 0.6232234375 0.64453125 0.62714375 0.673828125 0.62959375 0.701171875 0.6344921875 0.7236328125 0.6398828125 0.7568359375 0.6511515625000001 0.7626953125 0.6550703125 0.736328125 0.656540625 0.703125 0.656540625 0.669921875 0.6560515625 0.6318359375 0.6560515625 0.5986328125 0.6536015625 0.568359375
8 0.48260625 0.5966796875 0.485546875 0.6328125 0.4889765625 0.6630859375 0.49387499999999995 0.69140625 0.49926562499999994 0.728515625 0.51494375 0.759765625 0.5159234374999999 0.7265625 0.5080843749999999 0.669921875 0.5080843749999999 0.64453125 0.5022046875 0.6123046875 0.49436562500000003 0.5830078125 0.48260625 0.5966796875
9 0.46986718749999995 0.578125 0.4546796875 0.5888671875 0.4546796875 0.619140625 0.457128125 0.650390625 0.46006875 0.67578125 0.4634984375 0.7109375 0.4683984375 0.7421875 0.48505624999999997 0.75390625 0.48750625000000003 0.720703125 0.48505624999999997 0.6884765625 0.48407656250000003 0.66015625 0.48162656249999997 0.625 0.48260625 0.591796875 0.46986718749999995 0.578125
10 0.44683906249999994 0.5576171875 0.42675156249999996 0.5732421875 0.4292015625 0.591796875 0.42675156249999996 0.6201171875 0.42675156249999996 0.6455078125 0.42822187500000003 0.669921875 0.43018124999999996 0.69140625 0.43263125 0.7236328125 0.43802031250000006 0.7548828125 0.45075937499999996 0.734375 0.45320937499999997 0.6962890625 0.45565937500000003 0.669921875 0.45761874999999996 0.6474609375 0.4561484375 0.615234375 0.457128125 0.58203125 0.44683906249999994 0.5576171875
11 0.4012734375 0.6279296875 0.404703125 0.658203125 0.403234375 0.693359375 0.4012734375 0.7158203125 0.4179328125 0.7412109375 0.42381250000000004 0.701171875 0.425771875 0.6640625 0.43018124999999996 0.6025390625 0.41548281249999997 0.5966796875 0.400784375 0.6044921875 0.4012734375 0.6279296875
12 0.373346875 0.65234375 0.37285625 0.6826171875 0.37285625 0.7119140625 0.393434375 0.7109375 0.3968640625 0.6787109375 0.39882343750000004 0.6474609375 0.398334375 0.6142578125 0.384615625 0.607421875 0.3718765625 0.6171875 0.373346875 0.65234375
13 0.34835937499999997 0.4873046875 0.3625671875 0.4765625 0.3650171875 0.4541015625 0.361096875 0.423828125 0.35766718750000004 0.3984375 0.354728125 0.365234375 0.34835937499999997 0.337890625 0.3307203125 0.3017578125 0.31798125 0.2841796875 0.30034375 0.30078125 0.30279218750000003 0.34765625 0.3042625 0.3701171875 0.306221875 0.4111328125 0.299853125 0.4462890625 0.3013234375 0.4697265625 0.31161249999999996 0.4873046875 0.332190625 0.4921875 0.34835937499999997 0.4873046875
17 0.41009375 0.4765625 0.41156249999999994 0.443359375 0.4086234375 0.421875 0.40519375 0.390625 0.39882343750000004 0.3544921875 0.3968640625 0.330078125 0.3919640625 0.30078125 0.38804531249999996 0.271484375 0.37285625 0.2890625 0.37040625 0.337890625 0.36893750000000003 0.3779296875 0.3674671875 0.4111328125 0.36550781250000003 0.447265625 0.361096875 0.482421875 0.37432656249999996 0.4970703125 0.393434375 0.4921875 0.41009375 0.4765625
19 0.46202812499999996 0.4697265625 0.4610484375 0.4365234375 0.46202812499999996 0.4013671875 0.4639875 0.3681640625 0.46251875 0.33203125 0.46202812499999996 0.2841796875 0.44439062500000004 0.2939453125 0.4404703125 0.341796875 0.4341015625 0.375 0.4243015625 0.4189453125 0.4179328125 0.44921875 0.4179328125 0.4873046875 0.43165156250000003 0.505859375 0.448309375 0.4951171875 0.46202812499999996 0.4697265625
20 0.48113593750000005 0.5048828125 0.48260625 0.4765625 0.48309687500000004 0.439453125 0.485546875 0.41796875 0.48505624999999997 0.3876953125 0.48309687500000004 0.3466796875 0.47035781249999997 0.35546875 0.4639875 0.392578125 0.4610484375 0.4306640625 0.45565937500000003 0.474609375 0.4517390625 0.505859375 0.45075937499999996 0.5400390625 0.4683984375 0.5380859375 0.47868750000000004 0.541015625 0.48113593750000005 0.5048828125
21 0.5159234374999999 0.490234375 0.5159234374999999 0.4521484375 0.5134734375 0.421875 0.5110234375 0.373046875 0.496815625 0.3623046875 0.491915625 0.3955078125 0.48652656250000004 0.4306640625 0.48260625 0.4765625 0.47868750000000004 0.5205078125 0.48015625 0.556640625 0.5071046875 0.5595703125 0.5208234375 0.5517578125 0.5159234374999999 0.490234375
22 0.5526703125 0.5078125 0.5502203125 0.46875 0.5477703125 0.42578125 0.5467906250000001 0.392578125 0.5325828125000001 0.3984375 0.5286625 0.43359375 0.5276828124999999 0.4560546875 0.5237625 0.4921875 0.5237625 0.5283203125 0.5350312500000001 0.552734375 0.544340625 0.5712890625 0.5502203125 0.5283203125 0.5526703125 0.5078125
30 0.556590625 0.4541015625 0.5507109375 0.4853515625 0.5482609375 0.5205078125 0.5644296875 0.5283203125 0.571778125 0.482421875 0.5707984374999999 0.4462890625 0.5619796874999999 0.423828125 0.556590625 0.4541015625
29 0.609015625 0.490234375 0.606565625 0.458984375 0.6055859375 0.4208984375 0.6050953125 0.390625 0.606565625 0.34765625 0.592846875 0.3427734375 0.5903968749999999 0.3779296875 0.5874578125000001 0.421875 0.5835375 0.44921875 0.5761875 0.4765625 0.5732484375 0.5224609375 0.5874578125000001 0.525390625 0.604115625 0.5205078125 0.609015625 0.490234375
24 0.6629109375 0.390625 0.6604609375 0.3603515625 0.64968125 0.341796875 0.6433125000000001 0.375 0.6398828125 0.40625 0.6344921875 0.4365234375 0.6369421875 0.474609375 0.6560515625 0.4716796875 0.6604609375 0.4462890625 0.6624203125 0.4208984375 0.6629109375 0.390625
25 0.6981875 0.4619140625 0.7011265625 0.4306640625 0.7050468750000001 0.4013671875 0.7109265625 0.375 0.7148453124999999 0.3505859375 0.6957375 0.34765625 0.6854484375000001 0.3759765625 0.6756484375 0.3955078125 0.666340625 0.431640625 0.661440625 0.47265625 0.6692796875 0.4921875 0.6854484375000001 0.498046875 0.6981875 0.4951171875 0.6981875 0.4619140625
26 0.7383640625 0.5234375 0.7422828124999999 0.4853515625 0.7422828124999999 0.4462890625 0.74424375 0.41796875 0.7432624999999999 0.384765625 0.7432624999999999 0.3525390625 0.727584375 0.365234375 0.7202359375 0.390625 0.7138656250000001 0.42578125 0.702596875 0.4541015625 0.6962265624999999 0.4892578125 0.6972078125000001 0.5185546875 0.709946875 0.5361328125 0.7241546875 0.5283203125 0.7383640625 0.5234375