0 0.439453125 0.307390625 0.4541015625 0.2946640625 0.46484375 0.2799796875 0.462890625 0.2633375 0.4453125 0.254528125 0.408203125 0.2471859375 0.3876953125 0.2447375 0.357421875 0.239353125 0.337890625 0.23690625 0.306640625 0.2295640625 0.2744140625 0.22711718749999998 0.2822265625 0.24082187500000002 0.291015625 0.25844374999999997 0.3115234375 0.26921249999999997 0.34375 0.282428125 0.3798828125 0.29564375 0.4052734375 0.3083703125 0.439453125 0.307390625
28 0.47265625 0.2589328125 0.4873046875 0.24180156249999998 0.5 0.23054375 0.5146484375 0.2163484375 0.4892578125 0.208028125 0.4619140625 0.2041109375 0.4287109375 0.2016640625 0.4052734375 0.197259375 0.3759765625 0.1923640625 0.341796875 0.1869796875 0.3251953125 0.20117500000000002 0.337890625 0.21781718749999998 0.3623046875 0.22271093749999998 0.390625 0.235928125 0.4208984375 0.24327031250000003 0.4443359375 0.25648593750000004 0.47265625 0.2589328125
27 0.5380859375 0.21243281249999998 0.509765625 0.2241796875 0.494140625 0.23739531249999998 0.5224609375 0.2471859375 0.5458984375 0.24963281249999997 0.5810546875 0.254528125 0.6142578125 0.2599125 0.6552734375 0.262359375 0.6552734375 0.24816406249999998 0.6240234375 0.23984375 0.603515625 0.234459375 0.56640625 0.21781718749999998 0.5380859375 0.21243281249999998
26 0.560546875 0.25599531249999996 0.53515625 0.250121875 0.505859375 0.242290625 0.4853515625 0.2471859375 0.4599609375 0.26382812499999997 0.45703125 0.278021875 0.4794921875 0.2853640625 0.5048828125 0.2843859375 0.53125 0.2853640625 0.56640625 0.2883015625 0.599609375 0.2907484375 0.6416015625 0.28928125 0.65234375 0.2790015625 0.6240234375 0.26725468750000003 0.6044921875 0.262359375 0.5791015625 0.2599125 0.560546875 0.25599531249999996
25 0.56640625 0.2907484375 0.5380859375 0.2843859375 0.5146484375 0.2790015625 0.490234375 0.278021875 0.4697265625 0.28634375 0.4619140625 0.3029859375 0.45703125 0.318159375 0.466796875 0.32990624999999996 0.4970703125 0.3362703125 0.5283203125 0.33137500000000003 0.5693359375 0.3308859375 0.603515625 0.33137500000000003 0.6396484375 0.32990624999999996 0.6669921875 0.321096875 0.64453125 0.3059234375 0.6162109375 0.30200625 0.5888671875 0.298090625 0.56640625 0.2907484375
24 0.5224609375 0.3416546875 0.4853515625 0.33039687500000003 0.451171875 0.3230546875 0.4287109375 0.32990624999999996 0.421875 0.3416546875 0.423828125 0.353890625 0.4443359375 0.36172343749999997 0.4765625 0.36270156249999996 0.515625 0.363190625 0.5439453125 0.3666171875 0.578125 0.3695546875 0.6201171875 0.3720015625 0.625 0.3602546875 0.599609375 0.35535937500000003 0.568359375 0.35144375 0.5458984375 0.3455703125 0.5224609375 0.3416546875
23 0.5263671875 0.3695546875 0.4892578125 0.36515 0.458984375 0.359275 0.43359375 0.35438125 0.4111328125 0.359275 0.400390625 0.37298125 0.4140625 0.387175 0.4384765625 0.3950078125 0.46484375 0.398434375 0.490234375 0.398434375 0.5224609375 0.3974546875 0.556640625 0.3974546875 0.5869140625 0.3950078125 0.6162109375 0.39353906250000004 0.6474609375 0.3857078125 0.609375 0.38228125 0.5859375 0.3798328125 0.5537109375 0.3773859375 0.5263671875 0.3695546875
29 0.5205078125 0.3974546875 0.490234375 0.39353906250000004 0.4599609375 0.3910921875 0.4345703125 0.3901125 0.4091796875 0.3910921875 0.3837890625 0.398434375 0.3828125 0.4150765625 0.4013671875 0.42584375 0.4267578125 0.43318593749999995 0.458984375 0.42829218750000003 0.4892578125 0.42682343749999996 0.525390625 0.42584375 0.5537109375 0.4238859375 0.5888671875 0.4229078125 0.6171875 0.4214390625 0.65234375 0.4214390625 0.6474609375 0.4092015625 0.6064453125 0.407734375 0.5732421875 0.40381718749999995 0.5458984375 0.39990156250000003 0.5205078125 0.3974546875
30 0.501953125 0.43563437499999996 0.4775390625 0.434165625 0.4384765625 0.43025 0.41796875 0.42682343749999996 0.390625 0.4307390625 0.3828125 0.4429765625 0.3828125 0.4571703125 0.4013671875 0.462065625 0.42578125 0.46353437499999994 0.4599609375 0.45766093750000003 0.4873046875 0.45766093750000003 0.517578125 0.46108593750000004 0.5458984375 0.462065625 0.5810546875 0.46108593750000004 0.6240234375 0.455703125 0.59375 0.4493390625 0.560546875 0.44199687499999996 0.5283203125 0.4385703125 0.501953125 0.43563437499999996
13 0.5302734375 0.671071875 0.505859375 0.6691140625 0.4775390625 0.6715609375 0.46484375 0.6837984374999999 0.4765625 0.698971875 0.4775390625 0.716103125 0.5107421875 0.724425 0.5439453125 0.7209984375 0.5693359375 0.7116984375000001 0.599609375 0.70729375 0.6318359375 0.7053359375 0.6455078125 0.6867359375000001 0.6376953125 0.6637296874999999 0.591796875 0.668134375 0.5537109375 0.671071875 0.5302734375 0.671071875
22 0.4619140625 0.462065625 0.4365234375 0.45961875 0.4033203125 0.45961875 0.375 0.45863906249999997 0.3681640625 0.47136562499999995 0.3671875 0.48751875 0.3759765625 0.4997546875 0.4052734375 0.5022031250000001 0.439453125 0.5007343750000001 0.466796875 0.49926562499999994 0.498046875 0.49681875 0.5400390625 0.49045468750000004 0.5615234375 0.491434375 0.6015625 0.4865390625 0.611328125 0.472834375 0.568359375 0.4664703125 0.53515625 0.46500312499999996 0.5126953125 0.46353437499999994 0.4619140625 0.462065625
21 0.4873046875 0.5080765625 0.45703125 0.5056296875 0.4267578125 0.50318125 0.3984375 0.5017125 0.3701171875 0.5041609375 0.3623046875 0.5188453125 0.35546875 0.5335296875 0.3779296875 0.5428296875 0.4033203125 0.5438078125 0.4365234375 0.54038125 0.458984375 0.5389140625 0.4921875 0.5364656250000001 0.5224609375 0.534996875 0.548828125 0.5335296875 0.5810546875 0.5335296875 0.611328125 0.522271875 0.5791015625 0.5144390624999999 0.552734375 0.5095453125 0.5146484375 0.507096875 0.4873046875 0.5080765625
20 0.490234375 0.5364656250000001 0.4521484375 0.5379343750000001 0.423828125 0.54038125 0.3984375 0.5428296875 0.3828125 0.5531078125 0.388671875 0.565834375 0.41796875 0.5741562499999999 0.443359375 0.56975 0.4716796875 0.5668140625 0.5078125 0.5633874999999999 0.533203125 0.55898125 0.5654296875 0.5531078125 0.5966796875 0.5487031250000001 0.6220703125 0.534996875 0.576171875 0.534996875 0.5458984375 0.5359765624999999 0.5185546875 0.5359765624999999 0.490234375 0.5364656250000001
19 0.5400390625 0.5741562499999999 0.5107421875 0.5746453125000001 0.4677734375 0.5707296875 0.421875 0.5717078124999999 0.3984375 0.5741562499999999 0.390625 0.585903125 0.392578125 0.601565625 0.4111328125 0.6064609375 0.439453125 0.607440625 0.474609375 0.605971875 0.5126953125 0.603525 0.5380859375 0.6000984375 0.576171875 0.59765 0.6162109375 0.5947140625 0.6572265625 0.5947140625 0.6748046875 0.5819875 0.63671875 0.58051875 0.609375 0.5770921875 0.568359375 0.5746453125000001 0.5400390625 0.5741562499999999
18 0.5078125 0.5986296875 0.47265625 0.595203125 0.4365234375 0.59765 0.41796875 0.6049921875 0.4130859375 0.615271875 0.408203125 0.6279984375 0.423828125 0.6382765625 0.4541015625 0.640725 0.4794921875 0.6382765625 0.505859375 0.636809375 0.53125 0.6328921875 0.560546875 0.6289765625 0.5966796875 0.6250609375 0.625 0.6201671875 0.6552734375 0.6064609375 0.6015625 0.6025453125 0.5693359375 0.601565625 0.5400390625 0.6000984375 0.5078125 0.5986296875
17 0.52734375 0.6333828125000001 0.484375 0.6304453125 0.4541015625 0.6372984374999999 0.4384765625 0.6485562500000001 0.44140625 0.6637296874999999 0.4697265625 0.672540625 0.4951171875 0.67009375 0.53125 0.6647093749999999 0.5556640625 0.6573671875 0.59375 0.652471875 0.626953125 0.6500250000000001 0.6630859375 0.6372984374999999 0.6201171875 0.635340625 0.583984375 0.6328921875 0.556640625 0.6328921875 0.52734375 0.6333828125000001
2 0.57421875 0.7219781249999999 0.5458984375 0.7224671875 0.52734375 0.7224671875 0.5048828125 0.7263828125 0.484375 0.7361718749999999 0.4951171875 0.7498781250000001 0.509765625 0.76015625 0.53515625 0.7753296875 0.5634765625 0.7743515624999999 0.5908203125 0.7655406250000001 0.6142578125 0.7528140624999999 0.634765625 0.7474296875 0.66796875 0.7400875 0.6875 0.724425 0.65234375 0.7195296875 0.625 0.7195296875 0.6015625 0.7219781249999999 0.57421875 0.7219781249999999
1 0.3251953125 0.3465484375 0.3447265625 0.353890625 0.37109375 0.359275 0.392578125 0.3529125 0.4013671875 0.3387171875 0.4130859375 0.321096875 0.416015625 0.29955937499999996 0.390625 0.29417499999999996 0.3671875 0.28928125 0.341796875 0.2883015625 0.314453125 0.28144843750000004 0.2919921875 0.275575 0.2666015625 0.26382812499999997 0.2431640625 0.2697015625 0.26171875 0.28683281250000003 0.2919921875 0.29319687499999997 0.2998046875 0.3098390625 0.2490234375 0.3005390625 0.2197265625 0.298090625 0.2236328125 0.3108171875 0.240234375 0.322565625 0.26171875 0.3284390625 0.2919921875 0.3348015625 0.3251953125 0.3465484375
3 0.365234375 0.40528593749999997 0.388671875 0.3959859375 0.392578125 0.38228125 0.4052734375 0.3695546875 0.392578125 0.356828125 0.357421875 0.35144375 0.3271484375 0.347528125 0.2939453125 0.3392078125 0.265625 0.33137500000000003 0.24609375 0.32354375 0.2001953125 0.3108171875 0.2021484375 0.327459375 0.236328125 0.347528125 0.255859375 0.36074375000000003 0.287109375 0.3720015625 0.3037109375 0.3857078125 0.3330078125 0.3959859375 0.365234375 0.40528593749999997
4 0.337890625 0.4131171875 0.34765625 0.396475 0.3544921875 0.38130156249999997 0.32421875 0.37493906250000003 0.2890625 0.37445 0.2587890625 0.3710234375 0.2255859375 0.36808593749999996 0.1923828125 0.36074375000000003 0.15234375 0.350465625 0.171875 0.3695546875 0.203125 0.38228125 0.2333984375 0.3901125 0.2607421875 0.3959859375 0.2841796875 0.40039218749999994 0.3095703125 0.41165 0.337890625 0.4131171875
5 0.265625 0.43563437499999996 0.296875 0.44101875 0.3291015625 0.440528125 0.3525390625 0.42682343749999996 0.3330078125 0.41654375000000005 0.306640625 0.41018125000000005 0.2783203125 0.404796875 0.25390625 0.3974546875 0.220703125 0.3910921875 0.189453125 0.3857078125 0.15234375 0.376896875 0.126953125 0.368575 0.12109375 0.38130156249999997 0.1474609375 0.392559375 0.162109375 0.407734375 0.189453125 0.4150765625 0.2080078125 0.4214390625 0.2412109375 0.42829218750000003 0.265625 0.43563437499999996
6 0.349609375 0.46353437499999994 0.34765625 0.4508078125 0.33984375 0.440528125 0.3037109375 0.44101875 0.2783203125 0.43955 0.24609375 0.4371015625 0.2177734375 0.4371015625 0.1904296875 0.43955 0.2001953125 0.45472343750000005 0.228515625 0.4601078125 0.255859375 0.462065625 0.2822265625 0.46745000000000003 0.3046875 0.469896875 0.3291015625 0.4723453125 0.349609375 0.46353437499999994
7 0.3291015625 0.46891875 0.3037109375 0.4664703125 0.279296875 0.4664703125 0.25390625 0.468428125 0.228515625 0.46891875 0.1982421875 0.4723453125 0.2099609375 0.4894765625 0.2412109375 0.49290312500000005 0.26171875 0.49388125 0.291015625 0.49437031249999996 0.3193359375 0.49437031249999996 0.33203125 0.48017656249999996 0.3291015625 0.46891875
8 0.3427734375 0.5017125 0.3330078125 0.491434375 0.2998046875 0.49437031249999996 0.2685546875 0.49388125 0.24609375 0.4919234375 0.2080078125 0.4919234375 0.2099609375 0.5095453125 0.236328125 0.5134609375 0.2607421875 0.5168874999999999 0.291015625 0.520803125 0.314453125 0.52325 0.3369140625 0.5183546875 0.3427734375 0.5017125
9 0.35546875 0.5364656250000001 0.3525390625 0.520803125 0.3193359375 0.5198234375 0.2890625 0.5188453125 0.255859375 0.5183546875 0.2158203125 0.5159078125 0.1904296875 0.5212921875000001 0.20703125 0.54038125 0.228515625 0.5423390625 0.25390625 0.5438078125 0.28125 0.5467453124999999 0.3037109375 0.5487031250000001 0.349609375 0.5531078125 0.35546875 0.5364656250000001
11 0.306640625 0.579540625 0.3369140625 0.5717078124999999 0.33984375 0.5575140625 0.2998046875 0.54625625 0.26171875 0.5487031250000001 0.228515625 0.56045 0.203125 0.56975 0.1796875 0.5824765625 0.15234375 0.593734375 0.1259765625 0.6128250000000001 0.154296875 0.6289765625 0.1669921875 0.6191875 0.1923828125 0.6098874999999999 0.2197265625 0.601565625 0.2509765625 0.5912875 0.2783203125 0.585903125 0.306640625 0.579540625
12 0.345703125 0.612334375 0.357421875 0.5961828125 0.349609375 0.5819875 0.3291015625 0.5731765625 0.3046875 0.5756234375 0.2734375 0.58345625 0.24609375 0.5907984374999999 0.220703125 0.601565625 0.205078125 0.6133140625 0.1767578125 0.6279984375 0.1650390625 0.6392562500000001 0.15625 0.6519828125 0.1767578125 0.658834375 0.1904296875 0.649534375 0.212890625 0.6397453125 0.24609375 0.6265296874999999 0.28125 0.6191875 0.3115234375 0.615271875 0.345703125 0.612334375
14 0.3681640625 0.6647093749999999 0.396484375 0.6583453125000001 0.408203125 0.641703125 0.40625 0.62701875 0.390625 0.6142921875 0.375 0.6049921875 0.3505859375 0.601565625 0.33203125 0.612334375 0.314453125 0.6226140625000001 0.287109375 0.6289765625 0.25390625 0.635340625 0.2333984375 0.6392562500000001 0.22265625 0.6534515625 0.25390625 0.6534515625 0.2822265625 0.6480671874999999 0.3046875 0.6544296875 0.294921875 0.6691140625 0.271484375 0.6789031249999999 0.2529296875 0.6940765625 0.2939453125 0.68281875 0.31640625 0.67645625 0.3369140625 0.6676453125 0.3681640625 0.6647093749999999
15 0.3623046875 0.7209984375 0.392578125 0.7209984375 0.41796875 0.7131671875000001 0.4287109375 0.698971875 0.4189453125 0.6808609375 0.4091796875 0.6676453125 0.4013671875 0.6558984375 0.3798828125 0.651003125 0.35546875 0.658834375 0.330078125 0.67009375 0.306640625 0.6798828125 0.2744140625 0.688203125 0.2509765625 0.6930984375 0.2275390625 0.6994609374999999 0.203125 0.7121875 0.2177734375 0.7209984375 0.24609375 0.7131671875000001 0.28125 0.703378125 0.3037109375 0.705825 0.287109375 0.7224671875 0.2568359375 0.73519375 0.23828125 0.7479203125 0.2236328125 0.7655406250000001 0.2783203125 0.7464515625 0.2998046875 0.7376406249999999 0.3271484375 0.728340625 0.3623046875 0.7209984375
16 0.4599609375 0.7371515625 0.439453125 0.7234453125 0.4287109375 0.7131671875000001 0.4013671875 0.70729375 0.3779296875 0.71365625 0.357421875 0.7273625 0.341796875 0.7386203124999999 0.3271484375 0.7488984375000001 0.3037109375 0.7581984375 0.2861328125 0.7728828125 0.28125 0.7870781250000001 0.279296875 0.8022515625000001 0.3046875 0.785609375 0.3388671875 0.769946875 0.3291015625 0.7875671875 0.314453125 0.8100828124999999 0.34765625 0.7998046875 0.373046875 0.7870781250000001 0.4033203125 0.7772890625 0.43359375 0.76945625 0.466796875 0.756240625 0.4599609375 0.7371515625