0 0.745471875 0.5546875 0.7366625 0.537109375 0.7200203125 0.53515625 0.7053359375 0.5458984375 0.692609375 0.560546875 0.6916296875 0.5947265625 0.70435625 0.6201171875 0.717571875 0.65625 0.7307875 0.6884765625 0.74155625 0.708984375 0.759178125 0.7177734375 0.7728828125 0.7255859375 0.7704359375000001 0.693359375 0.76309375 0.662109375 0.7606468750000001 0.642578125 0.7552625 0.6123046875 0.7528140624999999 0.591796875 0.745471875 0.5546875
28 0.7836515625 0.4853515625 0.76945625 0.5 0.7581984375 0.5126953125 0.7410671875 0.52734375 0.7435140625 0.5556640625 0.7567296875 0.5791015625 0.764071875 0.609375 0.7772890625 0.6376953125 0.7821828125 0.662109375 0.798825 0.6748046875 0.8130203125 0.658203125 0.8076359375 0.6240234375 0.802740625 0.5947265625 0.7983359375 0.5712890625 0.7958890625 0.5380859375 0.791971875 0.5107421875 0.7836515625 0.4853515625
27 0.7821828125 0.43359375 0.7655406250000001 0.396484375 0.76015625 0.3759765625 0.7518359375 0.3447265625 0.7376406249999999 0.3447265625 0.7400875 0.3857421875 0.745471875 0.4189453125 0.7503671875 0.4541015625 0.7528140624999999 0.4775390625 0.7626046875 0.505859375 0.7758203124999999 0.490234375 0.7875671875 0.4619140625 0.7821828125 0.43359375
26 0.7528140624999999 0.5146484375 0.757709375 0.494140625 0.7498781250000001 0.46484375 0.7440046875 0.439453125 0.7400875 0.4208984375 0.7376406249999999 0.3955078125 0.7327453125 0.3759765625 0.7209984375 0.34765625 0.7107187500000001 0.3583984375 0.7092515625 0.400390625 0.7116984375000001 0.43359375 0.7146359375 0.46875 0.7156140625 0.4951171875 0.7146359375 0.5205078125 0.7219781249999999 0.54296875 0.7361718749999999 0.5400390625 0.7528140624999999 0.5146484375
25 0.71365625 0.5302734375 0.7219781249999999 0.509765625 0.7209984375 0.4853515625 0.7156140625 0.4619140625 0.7092515625 0.43359375 0.701909375 0.4111328125 0.69799375 0.3837890625 0.6940765625 0.35546875 0.6789031249999999 0.3330078125 0.67009375 0.3603515625 0.668625 0.396484375 0.6691140625 0.4306640625 0.668625 0.4716796875 0.6637296874999999 0.5029296875 0.67009375 0.533203125 0.681840625 0.54296875 0.6970140625 0.5380859375 0.71365625 0.5302734375
24 0.67009375 0.5712890625 0.6769453125 0.548828125 0.669603125 0.5146484375 0.6583453125000001 0.4775390625 0.6544296875 0.4541015625 0.6485562500000001 0.431640625 0.644640625 0.400390625 0.6397453125 0.375 0.6279984375 0.3798828125 0.6304453125 0.421875 0.6333828125000001 0.4560546875 0.636809375 0.484375 0.6372984374999999 0.5234375 0.6382765625 0.5556640625 0.646109375 0.576171875 0.6583453125000001 0.578125 0.67009375 0.5712890625
23 0.62701875 0.599609375 0.640725 0.5888671875 0.64561875 0.56640625 0.640725 0.541015625 0.6348499999999999 0.5107421875 0.6304453125 0.4736328125 0.6226140625000001 0.4462890625 0.6201671875 0.4140625 0.61771875 0.390625 0.6142921875 0.3525390625 0.6064609375 0.3837890625 0.6049921875 0.4130859375 0.6025453125 0.443359375 0.6025453125 0.4775390625 0.601565625 0.509765625 0.601565625 0.53515625 0.6049921875 0.5615234375 0.6128250000000001 0.5859375 0.62701875 0.599609375
29 0.5741562499999999 0.5986328125 0.5849234375 0.6171875 0.601565625 0.6162109375 0.6089078125 0.5908203125 0.6098874999999999 0.5654296875 0.6089078125 0.5400390625 0.6064609375 0.509765625 0.6025453125 0.4794921875 0.6000984375 0.4541015625 0.5961828125 0.4267578125 0.592265625 0.3935546875 0.5907984374999999 0.3525390625 0.5785609375 0.34765625 0.5785609375 0.3828125 0.5770921875 0.4111328125 0.5761140625000001 0.4462890625 0.5741562499999999 0.474609375 0.5731765625 0.5107421875 0.5717078124999999 0.541015625 0.5668140625 0.5732421875 0.5741562499999999 0.5986328125
30 0.5570234375 0.6171875 0.5692609375 0.609375 0.5731765625 0.58203125 0.56975 0.5615234375 0.565834375 0.5224609375 0.564365625 0.498046875 0.5614296875 0.4716796875 0.558003125 0.439453125 0.5506609375 0.40625 0.544296875 0.3759765625 0.5389140625 0.4189453125 0.5379343750000001 0.4541015625 0.5389140625 0.482421875 0.5423390625 0.5126953125 0.5423390625 0.5400390625 0.5364656250000001 0.57421875 0.5379343750000001 0.5986328125 0.5428296875 0.6171875 0.5570234375 0.6171875
13 0.3284390625 0.5224609375 0.3308859375 0.494140625 0.328928125 0.4697265625 0.328928125 0.4462890625 0.331865625 0.408203125 0.3362703125 0.3623046875 0.3132640625 0.3544921875 0.2946640625 0.3681640625 0.29270625 0.400390625 0.2883015625 0.4306640625 0.2790015625 0.4560546875 0.275575 0.4892578125 0.283896875 0.5224609375 0.301028125 0.5234375 0.3162015625 0.53515625 0.3284390625 0.5224609375
22 0.51248125 0.6328125 0.528634375 0.6318359375 0.5413609375 0.625 0.54038125 0.5966796875 0.54038125 0.5634765625 0.5379343750000001 0.5380859375 0.5364656250000001 0.4873046875 0.534996875 0.46484375 0.5335296875 0.431640625 0.5271656250000001 0.388671875 0.5134609375 0.3984375 0.508565625 0.4384765625 0.5095453125 0.4599609375 0.50318125 0.501953125 0.5007343750000001 0.533203125 0.49926562499999994 0.560546875 0.49779687499999997 0.5947265625 0.5002453124999999 0.6240234375 0.51248125 0.6328125
21 0.4664703125 0.64453125 0.4811546875 0.6376953125 0.4958390625 0.6298828125 0.4982875 0.6015625 0.49681875 0.5732421875 0.49437031249999996 0.54296875 0.4919234375 0.5126953125 0.49290312500000005 0.4853515625 0.49045468750000004 0.447265625 0.4855609375 0.4208984375 0.47772812499999995 0.388671875 0.4664703125 0.4189453125 0.4664703125 0.451171875 0.46500312499999996 0.4775390625 0.46353437499999994 0.5078125 0.46108593750000004 0.541015625 0.45961875 0.5634765625 0.4561921875 0.5966796875 0.4571703125 0.6220703125 0.4664703125 0.64453125
20 0.44689218750000004 0.6171875 0.4571703125 0.6015625 0.45961875 0.576171875 0.462065625 0.5478515625 0.46353437499999994 0.509765625 0.4640234375 0.4814453125 0.4640234375 0.4541015625 0.46500312499999996 0.423828125 0.46500312499999996 0.3779296875 0.451296875 0.4033203125 0.44689218750000004 0.4345703125 0.44101875 0.466796875 0.4366125 0.4921875 0.43318593749999995 0.5283203125 0.43025 0.556640625 0.42584375 0.58203125 0.434165625 0.611328125 0.44689218750000004 0.6171875
19 0.398434375 0.607421875 0.414096875 0.609375 0.42584375 0.6015625 0.42829218750000003 0.578125 0.42927031250000003 0.5322265625 0.42535468749999994 0.4892578125 0.42584375 0.4599609375 0.42535468749999994 0.431640625 0.4229078125 0.390625 0.41948125 0.36328125 0.4180125 0.3251953125 0.40528593749999997 0.3427734375 0.40528593749999997 0.3837890625 0.40235000000000004 0.423828125 0.39990156250000003 0.4619140625 0.396475 0.4873046875 0.394028125 0.525390625 0.392559375 0.560546875 0.39353906250000004 0.5888671875 0.398434375 0.607421875
18 0.3720015625 0.591796875 0.384728125 0.5869140625 0.3950078125 0.58203125 0.40235000000000004 0.5634765625 0.404796875 0.52734375 0.4013703125 0.4921875 0.39990156250000003 0.4599609375 0.398434375 0.4306640625 0.3974546875 0.3984375 0.39353906250000004 0.3447265625 0.3798328125 0.375 0.37493906250000003 0.4033203125 0.3710234375 0.439453125 0.3671078125 0.46875 0.363190625 0.494140625 0.36172343749999997 0.5205078125 0.359275 0.5458984375 0.36172343749999997 0.576171875 0.3720015625 0.591796875
17 0.36270156249999996 0.5458984375 0.3695546875 0.515625 0.3666171875 0.47265625 0.3671078125 0.443359375 0.3671078125 0.416015625 0.364659375 0.3798828125 0.36270156249999996 0.3369140625 0.34997500000000004 0.373046875 0.347528125 0.40625 0.3426328125 0.4443359375 0.335290625 0.46875 0.32990624999999996 0.5048828125 0.327459375 0.5302734375 0.3362703125 0.55859375 0.35144375 0.5615234375 0.36270156249999996 0.5458984375
2 0.26382812499999997 0.515625 0.2736171875 0.4951171875 0.2775328125 0.47265625 0.2775328125 0.4541015625 0.278021875 0.42578125 0.278021875 0.3984375 0.2804703125 0.375 0.2804703125 0.34765625 0.275575 0.3125 0.2599125 0.33203125 0.2525703125 0.365234375 0.2471859375 0.3857421875 0.234459375 0.4091796875 0.2256484375 0.4365234375 0.22467031249999997 0.46484375 0.23984375 0.490234375 0.250121875 0.5048828125 0.26382812499999997 0.515625
1 0.7185515625 0.685546875 0.7116984375000001 0.658203125 0.7107187500000001 0.6328125 0.705825 0.609375 0.7004406249999999 0.583984375 0.6789031249999999 0.5869140625 0.6612828125 0.5986328125 0.6470875 0.607421875 0.640725 0.62890625 0.646109375 0.6552734375 0.6534515625 0.6748046875 0.6651984375 0.7080078125 0.6715609375 0.73828125 0.677434375 0.759765625 0.6891828125 0.7763671875 0.701909375 0.7802734375 0.6994609374999999 0.7509765625 0.6901609375 0.7001953125 0.706803125 0.7080078125 0.7131671875000001 0.73828125 0.7302984375 0.7568359375 0.7361718749999999 0.7333984375 0.724425 0.7080078125 0.7185515625 0.685546875
3 0.643171875 0.607421875 0.6304453125 0.5947265625 0.61771875 0.607421875 0.6040140625 0.611328125 0.5947140625 0.634765625 0.6040140625 0.6669921875 0.6142921875 0.6962890625 0.6279984375 0.712890625 0.6392562500000001 0.744140625 0.652471875 0.763671875 0.672540625 0.7978515625 0.6891828125 0.7998046875 0.67645625 0.75390625 0.668625 0.734375 0.6607921875 0.7060546875 0.652471875 0.6728515625 0.6485562500000001 0.642578125 0.643171875 0.607421875
4 0.6186984375 0.6455078125 0.603525 0.65234375 0.5868828125000001 0.662109375 0.5883499999999999 0.6904296875 0.5996078125000001 0.7158203125 0.6040140625 0.7392578125 0.6098874999999999 0.7666015625 0.61771875 0.796875 0.6304453125 0.828125 0.649534375 0.84765625 0.6392562500000001 0.8076171875 0.6319140625 0.7744140625 0.6289765625 0.7412109375 0.6255499999999999 0.7109375 0.6250609375 0.67578125 0.6186984375 0.6455078125
5 0.58981875 0.693359375 0.58345625 0.6669921875 0.5731765625 0.6474609375 0.5594718750000001 0.6708984375 0.55898125 0.703125 0.564365625 0.734375 0.5717078124999999 0.7587890625 0.5785609375 0.7919921875 0.5849234375 0.810546875 0.592265625 0.837890625 0.607440625 0.8525390625 0.6186984375 0.87890625 0.631425 0.873046875 0.623103125 0.84765625 0.6142921875 0.810546875 0.6089078125 0.779296875 0.6025453125 0.74609375 0.595203125 0.7216796875 0.58981875 0.693359375
6 0.5491921875 0.65234375 0.5364656250000001 0.650390625 0.5276546875 0.6708984375 0.530103125 0.6953125 0.53255 0.7177734375 0.5379343750000001 0.744140625 0.5398921875 0.771484375 0.5452765625 0.7998046875 0.56045 0.8095703125 0.5628984375 0.7822265625 0.5628984375 0.75390625 0.56045 0.7216796875 0.55898125 0.6962890625 0.5594718750000001 0.66015625 0.5491921875 0.65234375
7 0.5198234375 0.66796875 0.5056296875 0.6806640625 0.5056296875 0.708984375 0.50611875 0.73828125 0.507096875 0.7587890625 0.5105234375000001 0.7900390625 0.5276546875 0.8017578125 0.53108125 0.771484375 0.531571875 0.74609375 0.5335296875 0.720703125 0.5335296875 0.6962890625 0.53108125 0.6708984375 0.5198234375 0.66796875
8 0.4816453125 0.6630859375 0.47675 0.685546875 0.47919687499999997 0.708984375 0.4831125 0.7392578125 0.4865390625 0.763671875 0.49045468750000004 0.7900390625 0.5080765625 0.7919921875 0.5080765625 0.75390625 0.50611875 0.7314453125 0.5056296875 0.7001953125 0.508565625 0.6669921875 0.4982875 0.6572265625 0.4816453125 0.6630859375
9 0.46353437499999994 0.64453125 0.44689218750000004 0.650390625 0.451296875 0.6962890625 0.45325468750000003 0.71875 0.4561921875 0.74609375 0.45766093750000003 0.771484375 0.45961875 0.79296875 0.4787078125 0.8095703125 0.48409218750000005 0.7841796875 0.4816453125 0.744140625 0.4811546875 0.7109375 0.48017656249999996 0.6806640625 0.47919687499999997 0.6474609375 0.46353437499999994 0.64453125
11 0.45374375 0.7001953125 0.4424859375 0.66015625 0.42829218750000003 0.6630859375 0.42045937499999997 0.693359375 0.414096875 0.7216796875 0.40871250000000003 0.7490234375 0.398434375 0.7802734375 0.3901125 0.8076171875 0.3808125 0.8330078125 0.3710234375 0.845703125 0.387175 0.8740234375 0.40626562499999996 0.84765625 0.4175234375 0.8203125 0.43025 0.796875 0.43955 0.771484375 0.451296875 0.73828125 0.45374375 0.7001953125
12 0.41654375000000005 0.7265625 0.4243765625 0.6953125 0.42682343749999996 0.6708984375 0.4180125 0.650390625 0.40381718749999995 0.642578125 0.387665625 0.654296875 0.384728125 0.6884765625 0.3808125 0.71875 0.37347031249999996 0.75390625 0.3602546875 0.787109375 0.350465625 0.8095703125 0.34116562500000003 0.8232421875 0.3480171875 0.84375 0.36074375000000003 0.8349609375 0.3720015625 0.8232421875 0.3866859375 0.794921875 0.398434375 0.779296875 0.4092015625 0.75390625 0.41654375000000005 0.7265625
14 0.3710234375 0.712890625 0.3773859375 0.685546875 0.387665625 0.66796875 0.398434375 0.6494140625 0.3950078125 0.625 0.3857078125 0.609375 0.37298125 0.59375 0.358296875 0.591796875 0.3416546875 0.603515625 0.335290625 0.6318359375 0.33235468749999997 0.6630859375 0.32354375 0.68359375 0.31718125 0.7060546875 0.3059234375 0.7470703125 0.321096875 0.728515625 0.3308859375 0.705078125 0.3455703125 0.6953125 0.35193281249999997 0.7177734375 0.3465484375 0.74609375 0.3465484375 0.77734375 0.36074375000000003 0.7666015625 0.364659375 0.74609375 0.3710234375 0.712890625
15 0.3005390625 0.7724609375 0.3069015625 0.7490234375 0.31179687500000003 0.7255859375 0.3201171875 0.693359375 0.32990624999999996 0.669921875 0.34116562500000003 0.64453125 0.348996875 0.6201171875 0.3441015625 0.5986328125 0.33235468749999997 0.5908203125 0.3191390625 0.5810546875 0.301028125 0.5712890625 0.28683281250000003 0.58203125 0.2790015625 0.607421875 0.2790015625 0.6376953125 0.271659375 0.6728515625 0.262359375 0.7001953125 0.2535484375 0.7216796875 0.234459375 0.7763671875 0.2520796875 0.76171875 0.26480625 0.7431640625 0.2775328125 0.712890625 0.29417499999999996 0.6962890625 0.296621875 0.71875 0.28683281250000003 0.75390625 0.2790015625 0.7822265625 0.28781249999999997 0.796875 0.3005390625 0.7724609375
16 0.24180156249999998 0.6962890625 0.25110156250000004 0.6728515625 0.26137968749999996 0.658203125 0.2726375 0.642578125 0.28634375 0.6220703125 0.29270625 0.5986328125 0.28683281250000003 0.5712890625 0.2765546875 0.560546875 0.26284843750000003 0.5400390625 0.243759375 0.533203125 0.23054375 0.56640625 0.22271093749999998 0.5966796875 0.212921875 0.626953125 0.2001953125 0.65234375 0.1899171875 0.685546875 0.21243281249999998 0.6708984375 0.23005312500000002 0.6611328125 0.214390625 0.6953125 0.19774843749999998 0.720703125 0.212921875 0.71875 0.22711718749999998 0.7138671875 0.24180156249999998 0.6962890625