15 0.3013234375 0.583984375 0.3076921875 0.55859375 0.3013234375 0.53125 0.288584375 0.5146484375 0.2709453125 0.4951171875 0.25918593749999996 0.505859375 0.244978125 0.5458984375 0.237628125 0.578125 0.22733906250000002 0.607421875 0.21999062500000002 0.6318359375 0.21705000000000002 0.658203125 0.223909375 0.68359375 0.240078125 0.673828125 0.2518375 0.6630859375 0.26555625 0.64453125 0.276825 0.6240234375 0.29005312499999997 0.5966796875 0.3013234375 0.583984375
16 0.2439984375 0.4765625 0.23370937500000002 0.4697265625 0.217540625 0.4638671875 0.20578124999999997 0.4794921875 0.2018625 0.5078125 0.2003921875 0.5361328125 0.19647187500000002 0.5634765625 0.185203125 0.607421875 0.192553125 0.6279296875 0.21313125 0.611328125 0.22587031249999998 0.5947265625 0.2439984375 0.55859375 0.2552671875 0.525390625 0.2528171875 0.5048828125 0.2439984375 0.4765625
14 0.2988734375 0.7470703125 0.3081828125 0.724609375 0.31798125 0.703125 0.32533124999999996 0.673828125 0.33121093749999997 0.6494140625 0.3419890625 0.626953125 0.352278125 0.609375 0.3586484375 0.576171875 0.3463984375 0.5556640625 0.333659375 0.5380859375 0.3170015625 0.5302734375 0.3013234375 0.54296875 0.297403125 0.578125 0.292503125 0.6044921875 0.2822140625 0.6396484375 0.27192500000000003 0.6630859375 0.2645765625 0.6962890625 0.2518375 0.7265625 0.2660453125 0.7314453125 0.2797640625 0.6953125 0.2851546875 0.6728515625 0.30034375 0.64453125 0.3081828125 0.666015625 0.2964234375 0.708984375 0.2871140625 0.7294921875 0.2846640625 0.7548828125 0.2988734375 0.7470703125
13 0.329740625 0.482421875 0.3307203125 0.4599609375 0.329740625 0.431640625 0.329740625 0.4033203125 0.3282703125 0.380859375 0.3268 0.349609375 0.3194515625 0.3271484375 0.30377343749999997 0.3095703125 0.2915234375 0.3369140625 0.29005312499999997 0.3779296875 0.286134375 0.408203125 0.277315625 0.451171875 0.27192500000000003 0.4775390625 0.286134375 0.501953125 0.3018125 0.5029296875 0.32043125 0.5029296875 0.329740625 0.482421875
12 0.3968640625 0.5966796875 0.389515625 0.578125 0.36893750000000003 0.5654296875 0.3561984375 0.5654296875 0.3488484375 0.5888671875 0.347378125 0.6240234375 0.34394843750000004 0.65234375 0.3419890625 0.68359375 0.3370890625 0.7158203125 0.333659375 0.7373046875 0.329740625 0.76953125 0.34492968749999997 0.7646484375 0.35276874999999996 0.744140625 0.3615875 0.7109375 0.37040625 0.677734375 0.3782453125 0.65234375 0.390984375 0.6220703125 0.3968640625 0.5966796875
11 0.42136250000000003 0.6279296875 0.4174421875 0.6064453125 0.41009375 0.5859375 0.39735468749999997 0.5810546875 0.3860859375 0.5966796875 0.382165625 0.6298828125 0.381675 0.6552734375 0.3806953125 0.685546875 0.3782453125 0.716796875 0.37775625 0.7412109375 0.3767765625 0.7802734375 0.3904953125 0.7919921875 0.395884375 0.759765625 0.3998046875 0.734375 0.40372343749999995 0.7109375 0.41009375 0.68359375 0.41499218750000005 0.658203125 0.42136250000000003 0.6279296875
10 0.44439062500000004 0.6015625 0.4331203125 0.59375 0.4174421875 0.6025390625 0.4135234375 0.63671875 0.41009375 0.666015625 0.41009375 0.703125 0.4086234375 0.7333984375 0.41156249999999994 0.7705078125 0.4164625 0.8125 0.4331203125 0.7900390625 0.437040625 0.76171875 0.439490625 0.7314453125 0.44585937500000006 0.69140625 0.44977968749999997 0.6572265625 0.4492890625 0.6279296875 0.44439062500000004 0.6015625
9 0.4737875 0.5869140625 0.459578125 0.5859375 0.448309375 0.5947265625 0.4492890625 0.6318359375 0.4492890625 0.6630859375 0.45075937499999996 0.6884765625 0.4517390625 0.716796875 0.4517390625 0.7392578125 0.4517390625 0.7666015625 0.45369843750000005 0.794921875 0.46986718749999995 0.7724609375 0.46986718749999995 0.7470703125 0.4713375 0.728515625 0.4737875 0.6953125 0.47868750000000004 0.65234375 0.48260625 0.6044921875 0.4737875 0.5869140625
8 0.5041640625 0.607421875 0.4953453125 0.5859375 0.48162656249999997 0.583984375 0.47770625000000005 0.615234375 0.48015625 0.6376953125 0.48260625 0.6630859375 0.48309687500000004 0.6904296875 0.48260625 0.7158203125 0.48309687500000004 0.75 0.48505624999999997 0.77734375 0.4953453125 0.7998046875 0.498284375 0.767578125 0.49926562499999994 0.7373046875 0.49926562499999994 0.7080078125 0.5007343750000001 0.677734375 0.5022046875 0.640625 0.5041640625 0.607421875
7 0.5237625 0.5908203125 0.51249375 0.5869140625 0.5022046875 0.5966796875 0.5022046875 0.6328125 0.503184375 0.662109375 0.506125 0.6953125 0.5071046875 0.7236328125 0.508575 0.75 0.514453125 0.775390625 0.5262125 0.759765625 0.5262125 0.7333984375 0.5247421875 0.7060546875 0.5252328125 0.67578125 0.5276828124999999 0.65234375 0.5301328125 0.6171875 0.5237625 0.5908203125
6 0.5531609375000001 0.6142578125 0.53993125 0.59375 0.5296421875 0.59375 0.5262125 0.6171875 0.5276828124999999 0.6455078125 0.5262125 0.666015625 0.5262125 0.6884765625 0.5276828124999999 0.7216796875 0.5311125 0.7509765625 0.5350312500000001 0.787109375 0.5502203125 0.7880859375 0.551690625 0.7568359375 0.5526703125 0.724609375 0.5546296875000001 0.6982421875 0.555609375 0.6708984375 0.556590625 0.64453125 0.5531609375000001 0.6142578125
5 0.5864765625 0.6328125 0.5850078125 0.6064453125 0.5796171875 0.583984375 0.5668796875 0.578125 0.5531609375000001 0.5947265625 0.5502203125 0.6220703125 0.555609375 0.65234375 0.5590390625 0.66796875 0.5619796874999999 0.6962890625 0.5644296875 0.724609375 0.56736875 0.7548828125 0.571778125 0.77734375 0.57471875 0.80078125 0.5859875 0.828125 0.5874578125000001 0.779296875 0.5889265625 0.74609375 0.5884375000000001 0.7138671875 0.5899062500000001 0.685546875 0.5884375000000001 0.66015625 0.5864765625 0.6328125
4 0.618325 0.59765625 0.606565625 0.5859375 0.59480625 0.591796875 0.5859875 0.6171875 0.5874578125000001 0.64453125 0.59235625 0.666015625 0.5938265625 0.6953125 0.5952968750000001 0.7236328125 0.60215625 0.76171875 0.6080359375 0.7998046875 0.618325 0.802734375 0.618325 0.76953125 0.6193046875 0.734375 0.620284375 0.703125 0.618325 0.66796875 0.618325 0.6328125 0.618325 0.59765625
3 0.654090625 0.6220703125 0.6511515625000001 0.591796875 0.6408625 0.576171875 0.6305734375000001 0.5810546875 0.620284375 0.58203125 0.615384375 0.6142578125 0.62224375 0.6376953125 0.62959375 0.6572265625 0.6335124999999999 0.6806640625 0.638903125 0.708984375 0.64723125 0.734375 0.6501718750000001 0.76171875 0.652621875 0.7958984375 0.663890625 0.80078125 0.663890625 0.7666015625 0.6629109375 0.7373046875 0.6599703124999999 0.708984375 0.6580109375000001 0.6787109375 0.6560515625 0.6572265625 0.654090625 0.6220703125
1 0.72954375 0.75 0.7241546875 0.7138671875 0.7202359375 0.685546875 0.71680625 0.6630859375 0.7128859375000001 0.640625 0.70455625 0.6171875 0.702596875 0.5869140625 0.6972078125000001 0.55078125 0.6766296875 0.5439453125 0.666340625 0.556640625 0.6536015625 0.56640625 0.6452718749999999 0.5859375 0.651640625 0.6201171875 0.6604609375 0.6474609375 0.6692796875 0.677734375 0.6732 0.7060546875 0.6795687499999999 0.724609375 0.6883874999999999 0.75 0.700146875 0.7802734375 0.70455625 0.751953125 0.6972078125000001 0.7294921875 0.6918171875 0.703125 0.6854484375000001 0.669921875 0.6937781249999999 0.6455078125 0.6986765625 0.677734375 0.7060265625000001 0.69921875 0.7148453124999999 0.7333984375 0.72954375 0.75
28 0.762371875 0.5361328125 0.7560015625000001 0.5146484375 0.74424375 0.5146484375 0.73444375 0.533203125 0.7217046875 0.54296875 0.7192546875 0.576171875 0.728075 0.6044921875 0.7432624999999999 0.6142578125 0.755021875 0.6279296875 0.764821875 0.650390625 0.7775593749999999 0.666015625 0.7878484375 0.67578125 0.8020578125 0.6708984375 0.7951984375000001 0.642578125 0.78686875 0.619140625 0.7814796875 0.599609375 0.7751109375 0.5791015625 0.7697203125 0.55859375 0.762371875 0.5361328125
26 0.7584515625 0.4912109375 0.7702109375 0.4619140625 0.7653109375 0.43359375 0.7599218750000001 0.408203125 0.757471875 0.3876953125 0.7535515625 0.3525390625 0.751103125 0.3134765625 0.7378734375 0.322265625 0.7315046875 0.3525390625 0.725625 0.384765625 0.723175 0.4111328125 0.7226843749999999 0.44140625 0.723175 0.4775390625 0.7339546875 0.498046875 0.7457125 0.501953125 0.7584515625 0.4912109375
25 0.7109265625 0.5205078125 0.7217046875 0.5146484375 0.7241546875 0.4892578125 0.7241546875 0.46875 0.7212156249999999 0.447265625 0.716315625 0.4287109375 0.7138656250000001 0.400390625 0.709946875 0.380859375 0.7035765625 0.3544921875 0.6898578125 0.33203125 0.6780984375 0.3427734375 0.6780984375 0.3798828125 0.6780984375 0.4052734375 0.67711875 0.439453125 0.67711875 0.466796875 0.6766296875 0.490234375 0.6810390625 0.515625 0.6981875 0.5224609375 0.7109265625 0.5205078125
24 0.679078125 0.533203125 0.68201875 0.5146484375 0.6805484374999999 0.4892578125 0.6766296875 0.4697265625 0.6712390625 0.4365234375 0.666340625 0.3984375 0.6599703124999999 0.3759765625 0.64968125 0.349609375 0.6433125000000001 0.384765625 0.6452718749999999 0.4140625 0.647721875 0.4345703125 0.64723125 0.4638671875 0.6462515625 0.482421875 0.6462515625 0.509765625 0.6501718750000001 0.5283203125 0.6629109375 0.5400390625 0.679078125 0.533203125
23 0.6232234375 0.556640625 0.6369421875 0.5634765625 0.6511515625000001 0.55859375 0.652621875 0.533203125 0.64968125 0.509765625 0.6462515625 0.4853515625 0.6452718749999999 0.4619140625 0.6423328125000001 0.4267578125 0.6398828125 0.3876953125 0.638903125 0.3427734375 0.626653125 0.3525390625 0.6232234375 0.3876953125 0.6193046875 0.4111328125 0.6158750000000001 0.43359375 0.6139140624999999 0.458984375 0.6119546875 0.484375 0.611465625 0.5107421875 0.612934375 0.53515625 0.6232234375 0.556640625
29 0.601665625 0.57421875 0.6144046875 0.5634765625 0.618325 0.533203125 0.6178343749999999 0.509765625 0.615384375 0.4814453125 0.6158750000000001 0.451171875 0.6139140624999999 0.423828125 0.6119546875 0.4013671875 0.6119546875 0.3701171875 0.6026453125 0.359375 0.5987265625 0.3857421875 0.5952968750000001 0.4140625 0.59235625 0.44140625 0.5889265625 0.4716796875 0.5859875 0.5 0.5845171875 0.525390625 0.5845171875 0.5537109375 0.601665625 0.57421875
30 0.56736875 0.57421875 0.5796171875 0.5693359375 0.5845171875 0.5439453125 0.5825578124999999 0.515625 0.5825578124999999 0.4873046875 0.5820671875000001 0.4638671875 0.5801078125 0.4306640625 0.5796171875 0.3974609375 0.5781484375 0.3720703125 0.5658984375 0.3720703125 0.56345 0.40625 0.561 0.4384765625 0.5570796875 0.47265625 0.5526703125 0.5029296875 0.5453203125 0.525390625 0.5438515625 0.552734375 0.5502203125 0.5732421875 0.56736875 0.57421875
22 0.5394421875 0.576171875 0.551690625 0.5537109375 0.551690625 0.53125 0.5507109375 0.494140625 0.5502203125 0.4716796875 0.5502203125 0.44140625 0.5507109375 0.4140625 0.5502203125 0.3828125 0.5477703125 0.349609375 0.5438515625 0.32421875 0.5286625 0.349609375 0.5237625 0.392578125 0.5198437499999999 0.439453125 0.51494375 0.46875 0.5071046875 0.501953125 0.505634375 0.5302734375 0.5120046874999999 0.5693359375 0.5232734375 0.578125 0.5394421875 0.576171875
21 0.47770625000000005 0.568359375 0.4953453125 0.5712890625 0.508575 0.56640625 0.516903125 0.5478515625 0.514453125 0.517578125 0.5120046874999999 0.494140625 0.5071046875 0.4619140625 0.506125 0.4306640625 0.506125 0.40625 0.5046546875 0.3828125 0.5022046875 0.349609375 0.498284375 0.3193359375 0.48162656249999997 0.33984375 0.47868750000000004 0.3798828125 0.4747671875 0.4052734375 0.47035781249999997 0.4345703125 0.46986718749999995 0.4716796875 0.46496875 0.498046875 0.4634984375 0.5234375 0.46643749999999995 0.55078125 0.47770625000000005 0.568359375
20 0.46643749999999995 0.5302734375 0.46496875 0.5107421875 0.4634984375 0.4697265625 0.46202812499999996 0.439453125 0.4634984375 0.408203125 0.4639875 0.3720703125 0.45320937499999997 0.3603515625 0.44439062500000004 0.3974609375 0.4409609375 0.423828125 0.43802031250000006 0.4638671875 0.43263125 0.4853515625 0.4292015625 0.525390625 0.437040625 0.5556640625 0.45761874999999996 0.556640625 0.46643749999999995 0.5302734375
19 0.402253125 0.5693359375 0.42038281250000004 0.55859375 0.43263125 0.5302734375 0.430671875 0.4970703125 0.43018124999999996 0.4697265625 0.42822187500000003 0.4345703125 0.4292015625 0.4140625 0.4292015625 0.375 0.42773125 0.341796875 0.42283125000000005 0.3134765625 0.41009375 0.33203125 0.40372343749999995 0.3701171875 0.4012734375 0.3984375 0.39882343750000004 0.42578125 0.3968640625 0.4541015625 0.393434375 0.484375 0.388534375 0.509765625 0.390984375 0.53515625 0.402253125 0.5693359375
18 0.38804531249999996 0.5380859375 0.395884375 0.51171875 0.3998046875 0.474609375 0.39882343750000004 0.44140625 0.398334375 0.421875 0.3968640625 0.3876953125 0.3924546875 0.34765625 0.389515625 0.3095703125 0.373346875 0.33203125 0.373346875 0.3681640625 0.37138593750000004 0.3955078125 0.3674671875 0.4267578125 0.3640375 0.4638671875 0.3561984375 0.490234375 0.354728125 0.525390625 0.3694265625 0.541015625 0.38804531249999996 0.5380859375
17 0.3356203125 0.525390625 0.35276874999999996 0.5302734375 0.3630578125 0.5185546875 0.3674671875 0.4873046875 0.3674671875 0.458984375 0.36893750000000003 0.4287109375 0.3694265625 0.4013671875 0.3694265625 0.375 0.36893750000000003 0.32421875 0.35521875 0.3349609375 0.3488484375 0.3671875 0.3424796875 0.388671875 0.3370890625 0.4111328125 0.33121093749999997 0.44140625 0.327290625 0.46875 0.3219015625 0.494140625 0.3258203125 0.5185546875 0.3356203125 0.525390625
2 0.2621265625 0.4716796875 0.272415625 0.4794921875 0.2822140625 0.45703125 0.283684375 0.4267578125 0.2807453125 0.3935546875 0.2797640625 0.365234375 0.2758453125 0.3291015625 0.27045625 0.296875 0.2616359375 0.263671875 0.244978125 0.2763671875 0.2439984375 0.31640625 0.24301875 0.3447265625 0.23664843750000003 0.3779296875 0.231259375 0.4033203125 0.22733906250000002 0.43359375 0.23517812500000002 0.4560546875 0.24693749999999998 0.466796875 0.2621265625 0.4716796875