31 0.2234203125 0.5615234375 0.20921093750000003 0.55078125 0.1979421875 0.568359375 0.1915734375 0.5888671875 0.1773640625 0.5947265625 0.1773640625 0.625 0.1891234375 0.642578125 0.20333125000000002 0.6552734375 0.222440625 0.6572265625 0.23517812500000002 0.634765625 0.23860781250000002 0.615234375 0.2327296875 0.5908203125 0.2234203125 0.5615234375
30 0.5913765625 0.53125 0.6006859375 0.5693359375 0.6095046875000001 0.591796875 0.611465625 0.5478515625 0.6031359375 0.501953125 0.597746875 0.46875 0.5952968750000001 0.4365234375 0.5962765625 0.408203125 0.59235625 0.3857421875 0.5796171875 0.3701171875 0.5644296875 0.3701171875 0.558059375 0.392578125 0.5668796875 0.4287109375 0.5761875 0.46484375 0.5835375 0.5 0.5913765625 0.53125
29 0.6487015625 0.517578125 0.6511515625000001 0.4697265625 0.6536015625 0.42578125 0.647721875 0.3857421875 0.6335124999999999 0.36328125 0.6193046875 0.3720703125 0.612934375 0.3974609375 0.6119546875 0.4267578125 0.612934375 0.458984375 0.615384375 0.4921875 0.6158750000000001 0.52734375 0.6168546874999999 0.5654296875 0.6168546874999999 0.6015625 0.6335124999999999 0.625 0.6447812500000001 0.6025390625 0.6452718749999999 0.578125 0.6487015625 0.5478515625 0.6487015625 0.517578125
23 0.667809375 0.591796875 0.6717296875 0.55859375 0.6727093749999999 0.517578125 0.6756484375 0.4794921875 0.679078125 0.44921875 0.68201875 0.4267578125 0.6854484375000001 0.4052734375 0.6795687499999999 0.384765625 0.6692796875 0.3779296875 0.658990625 0.388671875 0.64968125 0.40625 0.6501718750000001 0.44140625 0.652621875 0.4765625 0.656540625 0.517578125 0.6580109375000001 0.54296875 0.667809375 0.591796875
24 0.70210625 0.4921875 0.7084765625 0.4619140625 0.7109265625 0.439453125 0.7138656250000001 0.4111328125 0.7035765625 0.390625 0.6908375 0.3935546875 0.6810390625 0.40625 0.67711875 0.4306640625 0.6810390625 0.4541015625 0.68446875 0.482421875 0.6834890625 0.509765625 0.68201875 0.5439453125 0.6810390625 0.5791015625 0.6854484375000001 0.6123046875 0.6932875000000001 0.5859375 0.6932875000000001 0.5634765625 0.6957375 0.541015625 0.700146875 0.515625 0.70210625 0.4921875
25 0.7486531249999999 0.5205078125 0.7560015625000001 0.4951171875 0.7599218750000001 0.466796875 0.7613921875 0.4384765625 0.7506125 0.4208984375 0.73444375 0.4189453125 0.718765625 0.4140625 0.708965625 0.4287109375 0.7109265625 0.4560546875 0.7148453124999999 0.4794921875 0.7153359375 0.5146484375 0.7153359375 0.55078125 0.71680625 0.58203125 0.7329734375 0.6025390625 0.7432624999999999 0.5966796875 0.7457125 0.5712890625 0.7466921875 0.5439453125 0.7486531249999999 0.5205078125
26 0.78295 0.54296875 0.7927484375 0.5205078125 0.7996078125 0.501953125 0.79911875 0.47265625 0.78931875 0.4619140625 0.7805 0.439453125 0.7697203125 0.4365234375 0.7589421875 0.44921875 0.7535515625 0.4697265625 0.7545328125 0.4970703125 0.7535515625 0.52734375 0.751103125 0.560546875 0.74424375 0.5888671875 0.7584515625 0.6064453125 0.77168125 0.6064453125 0.7751109375 0.5869140625 0.7765796875000001 0.5615234375 0.78295 0.54296875
0 0.75698125 0.3828125 0.7741296875 0.392578125 0.7888296875 0.390625 0.79421875 0.3701171875 0.78931875 0.33984375 0.7878484375 0.30859375 0.7932390625 0.283203125 0.7971578125 0.2587890625 0.7805 0.248046875 0.764821875 0.240234375 0.764821875 0.2685546875 0.7560015625000001 0.2939453125 0.7432624999999999 0.3134765625 0.7408140624999999 0.33984375 0.7432624999999999 0.3671875 0.75698125 0.3828125
1 0.6883874999999999 0.337890625 0.6898578125 0.365234375 0.7011265625 0.3681640625 0.7128859375000001 0.3681640625 0.723175 0.384765625 0.7354234374999999 0.390625 0.73689375 0.3681640625 0.73934375 0.33984375 0.73934375 0.3115234375 0.7422828124999999 0.2841796875 0.7486531249999999 0.2509765625 0.7535515625 0.2294921875 0.757471875 0.20703125 0.73934375 0.189453125 0.730525 0.2119140625 0.7226843749999999 0.240234375 0.7123953125 0.2705078125 0.7035765625 0.2939453125 0.6957375 0.314453125 0.6883874999999999 0.337890625
2 0.2528171875 0.541015625 0.2533078125 0.509765625 0.25134687499999997 0.474609375 0.2479171875 0.4443359375 0.237628125 0.4287109375 0.22195 0.4267578125 0.2111703125 0.439453125 0.20088124999999998 0.451171875 0.1954921875 0.4765625 0.2028421875 0.498046875 0.21068125000000001 0.517578125 0.21999062500000002 0.53515625 0.222440625 0.5615234375 0.22880937499999998 0.5966796875 0.240078125 0.615234375 0.2493875 0.611328125 0.2528171875 0.5888671875 0.2528171875 0.5654296875 0.2528171875 0.541015625
3 0.654090625 0.3427734375 0.666340625 0.3603515625 0.6756484375 0.349609375 0.6883874999999999 0.35546875 0.6918171875 0.326171875 0.6923078125 0.291015625 0.6937781249999999 0.2607421875 0.6962265624999999 0.2373046875 0.6996578125 0.2119140625 0.702596875 0.1845703125 0.707496875 0.158203125 0.6937781249999999 0.1640625 0.68446875 0.19140625 0.679078125 0.220703125 0.6732 0.25390625 0.6668296875 0.283203125 0.656540625 0.3115234375 0.654090625 0.3427734375
4 0.62224375 0.31640625 0.6193046875 0.3427734375 0.6286140625 0.365234375 0.6384125 0.3623046875 0.64968125 0.3505859375 0.654090625 0.33203125 0.6511515625000001 0.298828125 0.6501718750000001 0.265625 0.6511515625000001 0.2275390625 0.651640625 0.1953125 0.6536015625 0.166015625 0.6501718750000001 0.13671875 0.638903125 0.1484375 0.6369421875 0.1767578125 0.62959375 0.2080078125 0.62714375 0.240234375 0.62714375 0.2666015625 0.624203125 0.291015625 0.62224375 0.31640625
5 0.5810875 0.333984375 0.5899062500000001 0.359375 0.6001953125 0.373046875 0.6095046875000001 0.35546875 0.6139140624999999 0.322265625 0.615384375 0.2841796875 0.618325 0.25 0.6193046875 0.21484375 0.6178343749999999 0.1796875 0.6139140624999999 0.146484375 0.601665625 0.15625 0.5903968749999999 0.1865234375 0.5899062500000001 0.21484375 0.5884375000000001 0.2451171875 0.5859875 0.2783203125 0.5835375 0.3037109375 0.5810875 0.333984375
6 0.5502203125 0.333984375 0.551690625 0.35546875 0.565409375 0.3603515625 0.5810875 0.3544921875 0.5810875 0.330078125 0.5761875 0.2861328125 0.57471875 0.2578125 0.5737390625 0.2294921875 0.5732484375 0.2001953125 0.5737390625 0.169921875 0.560509375 0.173828125 0.555609375 0.197265625 0.5546296875000001 0.2275390625 0.5570796875 0.255859375 0.5546296875000001 0.28125 0.5507109375 0.3037109375 0.5502203125 0.333984375
7 0.5080843749999999 0.34765625 0.52229375 0.35546875 0.5365015625 0.35546875 0.542871875 0.32421875 0.544340625 0.283203125 0.5467906250000001 0.25390625 0.5507109375 0.2294921875 0.555609375 0.205078125 0.5511999999999999 0.1796875 0.5389515625 0.2041015625 0.5325828125000001 0.2333984375 0.5252328125 0.2607421875 0.5208234375 0.2890625 0.51739375 0.314453125 0.5080843749999999 0.34765625
8 0.49289531249999996 0.3466796875 0.5071046875 0.34765625 0.5080843749999999 0.31640625 0.508575 0.2783203125 0.508575 0.2509765625 0.510534375 0.21484375 0.5071046875 0.1796875 0.49289531249999996 0.197265625 0.48946562499999996 0.2255859375 0.4889765625 0.2509765625 0.48407656250000003 0.2783203125 0.48162656249999997 0.3046875 0.48015625 0.3369140625 0.49289531249999996 0.3466796875
9 0.439490625 0.33984375 0.45222968750000003 0.337890625 0.4634984375 0.341796875 0.47770625000000005 0.3427734375 0.47770625000000005 0.3095703125 0.47868750000000004 0.2734375 0.4791765625 0.248046875 0.48260625 0.2177734375 0.48309687500000004 0.1826171875 0.4713375 0.1943359375 0.46202812499999996 0.21484375 0.4561484375 0.2431640625 0.4517390625 0.2705078125 0.448309375 0.2919921875 0.441940625 0.3173828125 0.439490625 0.33984375
10 0.4164625 0.349609375 0.42822187500000003 0.33984375 0.4404703125 0.3349609375 0.443409375 0.291015625 0.44292031249999997 0.2578125 0.4409609375 0.224609375 0.441940625 0.1865234375 0.441940625 0.1533203125 0.42626093750000005 0.1455078125 0.4125421875 0.1611328125 0.41107343749999997 0.197265625 0.4086234375 0.240234375 0.4061734375 0.2705078125 0.402253125 0.3017578125 0.40519375 0.3369140625 0.4164625 0.349609375
11 0.3630578125 0.333984375 0.37432656249999996 0.337890625 0.3860859375 0.337890625 0.402253125 0.337890625 0.40519375 0.3134765625 0.39735468749999997 0.283203125 0.390984375 0.2451171875 0.3855953125 0.2177734375 0.379715625 0.1845703125 0.3782453125 0.1533203125 0.37138593750000004 0.1162109375 0.3615875 0.13671875 0.3601171875 0.1689453125 0.3630578125 0.2021484375 0.3625671875 0.2255859375 0.3650171875 0.2607421875 0.3630578125 0.2939453125 0.3630578125 0.333984375
12 0.32043125 0.314453125 0.32533124999999996 0.341796875 0.3395390625 0.3505859375 0.354728125 0.3466796875 0.3615875 0.326171875 0.3601171875 0.296875 0.3488484375 0.2666015625 0.3400296875 0.232421875 0.33464062499999997 0.2001953125 0.32288125 0.1767578125 0.31553125 0.15625 0.3091625 0.13671875 0.29495312500000004 0.12109375 0.2915234375 0.1484375 0.3018125 0.1748046875 0.3101421875 0.205078125 0.3145515625 0.240234375 0.3189609375 0.265625 0.32092187499999997 0.2939453125 0.32043125 0.314453125
13 0.3052421875 0.47265625 0.3091625 0.4443359375 0.31161249999999996 0.41796875 0.30034375 0.4052734375 0.286134375 0.4033203125 0.269475 0.4052734375 0.2518375 0.4140625 0.24889687500000002 0.4443359375 0.2533078125 0.4716796875 0.25918593749999996 0.4951171875 0.26065625 0.52734375 0.25967656250000004 0.568359375 0.2640859375 0.5966796875 0.2876046875 0.591796875 0.29789374999999996 0.5654296875 0.299853125 0.5380859375 0.3018125 0.5048828125 0.3052421875 0.47265625
14 0.25820625 0.2890625 0.2616359375 0.3173828125 0.2660453125 0.34765625 0.2758453125 0.365234375 0.2871140625 0.3740234375 0.297403125 0.3544921875 0.3067125 0.3525390625 0.3194515625 0.3525390625 0.324840625 0.330078125 0.3258203125 0.3095703125 0.32043125 0.2880859375 0.3106328125 0.275390625 0.30377343749999997 0.25390625 0.2934828125 0.2294921875 0.2851546875 0.189453125 0.269475 0.162109375 0.25575625 0.1689453125 0.2670265625 0.19921875 0.27339531250000004 0.2197265625 0.2782953125 0.240234375 0.2782953125 0.265625 0.2645765625 0.25 0.2542875 0.2314453125 0.2493875 0.205078125 0.24301875 0.1845703125 0.231259375 0.189453125 0.23909843749999998 0.2099609375 0.2439984375 0.2373046875 0.2518375 0.2587890625 0.25820625 0.2890625
15 0.217540625 0.3974609375 0.2327296875 0.3984375 0.2464484375 0.3798828125 0.26310625 0.373046875 0.269475 0.3505859375 0.2709453125 0.3271484375 0.2616359375 0.30859375 0.2493875 0.291015625 0.23909843749999998 0.271484375 0.22831875 0.2607421875 0.21705000000000002 0.24609375 0.20431093749999998 0.2333984375 0.1866734375 0.23046875 0.18275312500000002 0.2578125 0.192553125 0.2734375 0.20088124999999998 0.3037109375 0.2048015625 0.333984375 0.2067609375 0.35546875 0.2067609375 0.384765625 0.217540625 0.3974609375
16 0.187653125 0.359375 0.198921875 0.33984375 0.198921875 0.30859375 0.185203125 0.279296875 0.16903437500000001 0.2783203125 0.16070625 0.3037109375 0.1572765625 0.33203125 0.1636453125 0.359375 0.1773640625 0.375 0.187653125 0.359375
17 0.3194515625 0.515625 0.3243515625 0.541015625 0.3331703125 0.56640625 0.343459375 0.591796875 0.345909375 0.55859375 0.3400296875 0.5224609375 0.341009375 0.4873046875 0.3424796875 0.466796875 0.347378125 0.4384765625 0.34492968749999997 0.40625 0.333659375 0.3935546875 0.31798125 0.392578125 0.3076921875 0.4052734375 0.306221875 0.431640625 0.3101421875 0.45703125 0.31308125000000003 0.4853515625 0.3194515625 0.515625
21 0.48113593750000005 0.58203125 0.49436562500000003 0.6279296875 0.4977953125 0.5634765625 0.4953453125 0.515625 0.4958359375 0.474609375 0.49926562499999994 0.44140625 0.5002453124999999 0.4052734375 0.5002453124999999 0.3798828125 0.48407656250000003 0.365234375 0.45565937500000003 0.3623046875 0.441940625 0.3779296875 0.448309375 0.4208984375 0.45320937499999997 0.4521484375 0.46006875 0.505859375 0.4728078125 0.5380859375 0.48113593750000005 0.58203125
18 0.35766718750000004 0.517578125 0.361096875 0.5537109375 0.37530625 0.6064453125 0.382165625 0.55859375 0.3860859375 0.515625 0.3855953125 0.4775390625 0.3919640625 0.443359375 0.3924546875 0.4140625 0.3718765625 0.3935546875 0.3566875 0.388671875 0.3463984375 0.40625 0.34394843750000004 0.4306640625 0.345909375 0.451171875 0.35031875 0.4775390625 0.35766718750000004 0.517578125
19 0.4012734375 0.498046875 0.40372343749999995 0.533203125 0.40715312499999995 0.5556640625 0.4179328125 0.6123046875 0.430671875 0.57421875 0.430671875 0.5302734375 0.4331203125 0.4970703125 0.43459062499999995 0.4697265625 0.43802031250000006 0.4384765625 0.441940625 0.41015625 0.43899999999999995 0.3876953125 0.4292015625 0.375 0.4125421875 0.3671875 0.400784375 0.375 0.3904953125 0.3994140625 0.3919640625 0.4189453125 0.3949046875 0.4443359375 0.3998046875 0.4716796875 0.4012734375 0.498046875
22 0.57471875 0.482421875 0.56736875 0.4521484375 0.558059375 0.408203125 0.5463015625 0.3759765625 0.5276828124999999 0.3759765625 0.505634375 0.3798828125 0.5071046875 0.4052734375 0.5120046874999999 0.4365234375 0.5237625 0.46875 0.5365015625 0.4951171875 0.5531609375000001 0.525390625 0.5683484375 0.55078125 0.5859875 0.5888671875 0.599215625 0.599609375 0.5952968750000001 0.568359375 0.5899062500000001 0.541015625 0.5835375 0.515625 0.57471875 0.482421875