30 0.46986718749999995 0.541015625 0.4713375 0.5029296875 0.46986718749999995 0.4716796875 0.4728078125 0.439453125 0.4723171875 0.41015625 0.46496875 0.384765625 0.45075937499999996 0.3779296875 0.4409609375 0.3857421875 0.44439062500000004 0.41015625 0.44439062500000004 0.43359375 0.4473296875 0.4541015625 0.44683906249999994 0.4814453125 0.44977968749999997 0.5146484375 0.45369843750000005 0.552734375 0.457128125 0.58203125 0.4674171875 0.56640625 0.46986718749999995 0.541015625
29 0.4409609375 0.533203125 0.43899999999999995 0.5048828125 0.439490625 0.47265625 0.443409375 0.4365234375 0.443409375 0.408203125 0.437040625 0.3828125 0.42675156249999996 0.375 0.41107343749999997 0.3876953125 0.41009375 0.4140625 0.4140125 0.443359375 0.41548281249999997 0.4638671875 0.4174421875 0.4921875 0.4174421875 0.5185546875 0.4179328125 0.552734375 0.41891249999999997 0.583984375 0.42626093750000005 0.6064453125 0.43802031250000006 0.5732421875 0.4409609375 0.533203125
23 0.409603125 0.560546875 0.4135234375 0.533203125 0.41548281249999997 0.4951171875 0.41891249999999997 0.4638671875 0.42136250000000003 0.423828125 0.4164625 0.400390625 0.40519375 0.4052734375 0.3875546875 0.39453125 0.384125 0.4091796875 0.3855953125 0.4345703125 0.3860859375 0.4599609375 0.38804531249999996 0.4814453125 0.388534375 0.5078125 0.3855953125 0.552734375 0.387065625 0.58203125 0.393434375 0.609375 0.404703125 0.59375 0.409603125 0.560546875
25 0.37285625 0.6240234375 0.37922656250000003 0.5859375 0.384125 0.544921875 0.3855953125 0.5107421875 0.3860859375 0.484375 0.389515625 0.451171875 0.3924546875 0.4140625 0.3831453125 0.4013671875 0.36795625 0.400390625 0.349828125 0.40625 0.338559375 0.423828125 0.3370890625 0.443359375 0.343459375 0.470703125 0.34835937499999997 0.494140625 0.349828125 0.5185546875 0.352278125 0.541015625 0.3537484375 0.576171875 0.35521875 0.607421875 0.35766718750000004 0.6376953125 0.37285625 0.6240234375
26 0.33121093749999997 0.591796875 0.333659375 0.5654296875 0.33610937500000004 0.5185546875 0.338559375 0.4873046875 0.3375796875 0.4638671875 0.3370890625 0.43359375 0.3258203125 0.423828125 0.3125921875 0.4345703125 0.299853125 0.4345703125 0.29005312499999997 0.447265625 0.288584375 0.466796875 0.297403125 0.4892578125 0.3018125 0.5107421875 0.3067125 0.533203125 0.3106328125 0.55859375 0.31798125 0.5888671875 0.32533124999999996 0.6171875 0.33121093749999997 0.591796875
27 0.2939734375 0.58984375 0.29789374999999996 0.55859375 0.2964234375 0.53515625 0.2964234375 0.505859375 0.292503125 0.482421875 0.2851546875 0.4599609375 0.27192500000000003 0.4638671875 0.26065625 0.46875 0.25036718750000003 0.4873046875 0.24889687500000002 0.509765625 0.25575625 0.5283203125 0.2616359375 0.548828125 0.26800625 0.568359375 0.276825 0.5966796875 0.2851546875 0.626953125 0.2934828125 0.6494140625 0.2939734375 0.58984375
28 0.23909843749999998 0.41796875 0.25036718750000003 0.3984375 0.2542875 0.3798828125 0.2552671875 0.357421875 0.25967656250000004 0.3291015625 0.24693749999999998 0.3095703125 0.231259375 0.3046875 0.22195 0.298828125 0.21215156249999997 0.2939453125 0.2028421875 0.291015625 0.192553125 0.2890625 0.1798140625 0.2841796875 0.1773640625 0.3173828125 0.1905921875 0.3115234375 0.20578124999999997 0.3271484375 0.20088124999999998 0.359375 0.1915734375 0.35546875 0.180303125 0.3505859375 0.1660953125 0.3505859375 0.171484375 0.3720703125 0.1817734375 0.384765625 0.1954921875 0.392578125 0.21313125 0.3955078125 0.22587031249999998 0.416015625 0.23909843749999998 0.41796875
0 0.3170015625 0.390625 0.3268 0.3681640625 0.31798125 0.3466796875 0.30279218750000003 0.3203125 0.29005312499999997 0.3037109375 0.2797640625 0.28125 0.2670265625 0.2626953125 0.2567375 0.240234375 0.24252812499999998 0.2353515625 0.23664843750000003 0.2666015625 0.2439984375 0.2919921875 0.2528171875 0.3212890625 0.2621265625 0.357421875 0.26800625 0.3779296875 0.277315625 0.4052734375 0.2846640625 0.42578125 0.29495312500000004 0.4140625 0.3052421875 0.3974609375 0.3170015625 0.390625
1 0.3101421875 0.32421875 0.31308125000000003 0.34765625 0.31798125 0.3701171875 0.32925 0.3759765625 0.341009375 0.3681640625 0.35276874999999996 0.3603515625 0.36550781250000003 0.3525390625 0.37530625 0.3447265625 0.37285625 0.3193359375 0.361096875 0.3017578125 0.35031875 0.279296875 0.3419890625 0.2587890625 0.332190625 0.2353515625 0.3243515625 0.212890625 0.3067125 0.181640625 0.3076921875 0.2119140625 0.3170015625 0.2373046875 0.32288125 0.2607421875 0.3258203125 0.291015625 0.3106328125 0.271484375 0.30377343749999997 0.25390625 0.29544375 0.2294921875 0.28319375 0.205078125 0.2797640625 0.224609375 0.2846640625 0.25390625 0.292503125 0.2734375 0.30279218750000003 0.296875 0.3101421875 0.32421875
2 0.6741796875 0.509765625 0.67466875 0.53125 0.6732 0.5654296875 0.6732 0.583984375 0.6780984375 0.611328125 0.6947578125 0.5947265625 0.700146875 0.56640625 0.70210625 0.5361328125 0.711415625 0.5146484375 0.7212156249999999 0.4873046875 0.7212156249999999 0.4619140625 0.716315625 0.4365234375 0.7035765625 0.4365234375 0.6918171875 0.42578125 0.6756484375 0.4267578125 0.67075 0.45703125 0.6741796875 0.4814453125 0.6741796875 0.509765625
3 0.40715312499999995 0.337890625 0.400784375 0.314453125 0.39294531250000003 0.29296875 0.388534375 0.263671875 0.384125 0.23828125 0.375796875 0.2099609375 0.3674671875 0.1826171875 0.3566875 0.162109375 0.347378125 0.1533203125 0.35276874999999996 0.1865234375 0.35521875 0.20703125 0.3566875 0.2373046875 0.3601171875 0.263671875 0.3615875 0.296875 0.3630578125 0.333984375 0.37040625 0.3544921875 0.384125 0.3505859375 0.395884375 0.3466796875 0.40715312499999995 0.337890625
4 0.41891249999999997 0.279296875 0.4164625 0.25390625 0.41156249999999994 0.2275390625 0.40715312499999995 0.1953125 0.402253125 0.171875 0.390984375 0.15625 0.3855953125 0.1826171875 0.3924546875 0.20703125 0.3949046875 0.2421875 0.39735468749999997 0.2685546875 0.398334375 0.3115234375 0.398334375 0.341796875 0.41009375 0.3505859375 0.4243015625 0.349609375 0.430671875 0.326171875 0.42626093750000005 0.30078125 0.41891249999999997 0.279296875
5 0.4561484375 0.306640625 0.4473296875 0.275390625 0.441940625 0.25 0.4341015625 0.22265625 0.42822187500000003 0.2001953125 0.42136250000000003 0.1669921875 0.4135234375 0.1455078125 0.403234375 0.1435546875 0.41009375 0.1787109375 0.41499218750000005 0.20703125 0.4164625 0.2421875 0.42136250000000003 0.2763671875 0.42626093750000005 0.3134765625 0.43018124999999996 0.3505859375 0.44439062500000004 0.3603515625 0.45565937500000003 0.3544921875 0.459578125 0.326171875 0.4561484375 0.306640625
6 0.4728078125 0.2841796875 0.4723171875 0.2626953125 0.4674171875 0.2353515625 0.46496875 0.2041015625 0.459578125 0.1748046875 0.4473296875 0.1787109375 0.44977968749999997 0.2099609375 0.45075937499999996 0.23828125 0.45222968750000003 0.2705078125 0.45075937499999996 0.3095703125 0.45222968750000003 0.34765625 0.4639875 0.3466796875 0.47525781250000004 0.35546875 0.47525781250000004 0.33203125 0.4728078125 0.3115234375 0.4728078125 0.2841796875
7 0.4933859375 0.296875 0.48946562499999996 0.2734375 0.48750625000000003 0.2431640625 0.48652656250000004 0.21484375 0.48309687500000004 0.1865234375 0.47525781250000004 0.1611328125 0.46643749999999995 0.1826171875 0.4688875 0.2080078125 0.4713375 0.240234375 0.4723171875 0.2734375 0.4737875 0.30859375 0.4747671875 0.3427734375 0.48505624999999997 0.3525390625 0.496815625 0.34765625 0.4953453125 0.3271484375 0.4933859375 0.296875
8 0.5071046875 0.24609375 0.5071046875 0.2119140625 0.506125 0.1767578125 0.49289531249999996 0.162109375 0.49289531249999996 0.197265625 0.49289531249999996 0.23046875 0.49289531249999996 0.2666015625 0.49289531249999996 0.306640625 0.48946562499999996 0.3623046875 0.510534375 0.3603515625 0.5134734375 0.33203125 0.5110234375 0.3095703125 0.510534375 0.2763671875 0.5071046875 0.24609375
9 0.5335625 0.291015625 0.5316015625 0.2578125 0.5311125 0.2275390625 0.5311125 0.1923828125 0.5232734375 0.1611328125 0.51494375 0.1865234375 0.51494375 0.20703125 0.51494375 0.240234375 0.514453125 0.2705078125 0.510534375 0.3095703125 0.510534375 0.3447265625 0.5208234375 0.357421875 0.5335625 0.349609375 0.5340515625 0.3212890625 0.5335625 0.291015625
10 0.5595296875 0.275390625 0.560509375 0.2421875 0.5595296875 0.2119140625 0.561 0.1748046875 0.565409375 0.140625 0.551690625 0.1279296875 0.54238125 0.1591796875 0.537971875 0.197265625 0.5360125 0.23046875 0.5360125 0.2666015625 0.5335625 0.3095703125 0.5350312500000001 0.341796875 0.551690625 0.3427734375 0.5644296875 0.3291015625 0.561 0.298828125 0.5595296875 0.275390625
11 0.5903968749999999 0.337890625 0.5884375000000001 0.3173828125 0.5874578125000001 0.2880859375 0.5874578125000001 0.25390625 0.5899062500000001 0.224609375 0.5938265625 0.1953125 0.599215625 0.1611328125 0.59480625 0.12890625 0.5820671875000001 0.1513671875 0.5761875 0.173828125 0.571778125 0.205078125 0.5644296875 0.23046875 0.5619796874999999 0.2587890625 0.5590390625 0.298828125 0.5546296875000001 0.322265625 0.5644296875 0.3466796875 0.5781484375 0.34765625 0.5903968749999999 0.337890625
14 0.597746875 0.3408203125 0.612934375 0.36328125 0.6281234375 0.365234375 0.6423328125000001 0.3759765625 0.6550703125 0.373046875 0.661440625 0.3544921875 0.6643796875 0.3212890625 0.6692796875 0.296875 0.6795687499999999 0.2734375 0.68691875 0.2509765625 0.6947578125 0.2255859375 0.68446875 0.2119140625 0.670259375 0.2353515625 0.651640625 0.275390625 0.6511515625000001 0.2451171875 0.658990625 0.216796875 0.665359375 0.189453125 0.6487015625 0.189453125 0.638903125 0.21484375 0.6305734375000001 0.2421875 0.6232234375 0.2666015625 0.615384375 0.2958984375 0.6055859375 0.3193359375 0.597746875 0.3408203125
15 0.6766296875 0.388671875 0.6893671875 0.4033203125 0.70210625 0.41015625 0.711415625 0.3798828125 0.7138656250000001 0.3544921875 0.716315625 0.330078125 0.7241546875 0.3037109375 0.7315046875 0.2685546875 0.7354234374999999 0.2421875 0.730525 0.2177734375 0.7153359375 0.2294921875 0.7060265625000001 0.24609375 0.6947578125 0.265625 0.68691875 0.2880859375 0.6766296875 0.3046875 0.6668296875 0.326171875 0.6550703125 0.341796875 0.651640625 0.3671875 0.6629109375 0.3857421875 0.6766296875 0.388671875
22 0.505634375 0.4365234375 0.5120046874999999 0.408203125 0.506125 0.3798828125 0.4958359375 0.3779296875 0.48162656249999997 0.380859375 0.4713375 0.3876953125 0.4688875 0.41796875 0.4728078125 0.4404296875 0.47525781250000004 0.466796875 0.4728078125 0.4951171875 0.47525781250000004 0.5439453125 0.4767265625 0.58203125 0.4958359375 0.58203125 0.4977953125 0.548828125 0.5007343750000001 0.515625 0.5022046875 0.474609375 0.505634375 0.4365234375
21 0.54238125 0.474609375 0.5414015625 0.443359375 0.54238125 0.4111328125 0.5438515625 0.380859375 0.5360125 0.3701171875 0.5213125 0.375 0.5095546875 0.380859375 0.508575 0.4052734375 0.508575 0.423828125 0.5120046874999999 0.44921875 0.51494375 0.4794921875 0.51739375 0.509765625 0.52229375 0.55078125 0.5286625 0.591796875 0.5414015625 0.5869140625 0.5453203125 0.5283203125 0.544340625 0.5029296875 0.54238125 0.474609375
20 0.56981875 0.4033203125 0.5668796875 0.3759765625 0.5541406249999999 0.373046875 0.54238125 0.3828125 0.5453203125 0.42578125 0.5467906250000001 0.4599609375 0.5453203125 0.501953125 0.549240625 0.54296875 0.560509375 0.5634765625 0.5668796875 0.54296875 0.571778125 0.5224609375 0.56981875 0.4921875 0.56736875 0.4638671875 0.569328125 0.43359375 0.56981875 0.4033203125
19 0.6001953125 0.390625 0.5899062500000001 0.3701171875 0.5801078125 0.3779296875 0.5707984374999999 0.390625 0.571778125 0.443359375 0.571778125 0.47265625 0.56981875 0.5 0.57226875 0.533203125 0.5801078125 0.5693359375 0.5874578125000001 0.533203125 0.59235625 0.509765625 0.59480625 0.4775390625 0.5987265625 0.451171875 0.6011765625 0.416015625 0.6001953125 0.390625
18 0.626653125 0.3984375 0.6168546874999999 0.3955078125 0.6075453125 0.3984375 0.5938265625 0.4111328125 0.5903968749999999 0.431640625 0.5933359375 0.4609375 0.5957859375 0.4853515625 0.6001953125 0.515625 0.6026453125 0.5537109375 0.6144046875 0.6025390625 0.6207734375 0.55078125 0.62224375 0.5283203125 0.6246937499999999 0.5029296875 0.62714375 0.47265625 0.6286140625 0.4365234375 0.626653125 0.3984375
13 0.6580109375000001 0.54296875 0.6668296875 0.501953125 0.6717296875 0.4716796875 0.6756484375 0.439453125 0.667809375 0.41796875 0.6550703125 0.4111328125 0.6398828125 0.4091796875 0.6276328125 0.4052734375 0.6193046875 0.419921875 0.62224375 0.44140625 0.626653125 0.47265625 0.62959375 0.498046875 0.63204375 0.53125 0.6359625 0.57421875 0.6438015625 0.6171875 0.6560515625 0.578125 0.6580109375000001 0.54296875