30 0.5502203125 0.4853515625 0.5463015625 0.447265625 0.542871875 0.41796875 0.5325828125000001 0.43359375 0.5301328125 0.458984375 0.5286625 0.4970703125 0.5301328125 0.5283203125 0.5271921875000001 0.560546875 0.5276828124999999 0.58984375 0.5350312500000001 0.615234375 0.549240625 0.6220703125 0.5590390625 0.6142578125 0.555609375 0.58984375 0.555609375 0.56640625 0.5526703125 0.5458984375 0.5531609375000001 0.5185546875 0.5502203125 0.4853515625
29 0.5820671875000001 0.447265625 0.5810875 0.416015625 0.5737390625 0.3935546875 0.5619796874999999 0.4267578125 0.5590390625 0.466796875 0.561 0.4951171875 0.560509375 0.52734375 0.556590625 0.5634765625 0.556590625 0.591796875 0.5629593749999999 0.6171875 0.5732484375 0.625 0.5889265625 0.6123046875 0.5899062500000001 0.5859375 0.5859875 0.556640625 0.5845171875 0.5361328125 0.5825578124999999 0.5078125 0.5825578124999999 0.4814453125 0.5820671875000001 0.447265625
23 0.6144046875 0.447265625 0.612934375 0.41796875 0.606565625 0.390625 0.5952968750000001 0.40625 0.5903968749999999 0.439453125 0.5864765625 0.466796875 0.5845171875 0.5048828125 0.5810875 0.5361328125 0.5786374999999999 0.576171875 0.5835375 0.599609375 0.59480625 0.5947265625 0.6124453125 0.60546875 0.6158750000000001 0.5908203125 0.6144046875 0.5654296875 0.6139140624999999 0.5400390625 0.6119546875 0.5185546875 0.611465625 0.4921875 0.6144046875 0.447265625
25 0.647721875 0.458984375 0.6462515625 0.423828125 0.6447812500000001 0.392578125 0.6423328125000001 0.3623046875 0.62714375 0.3759765625 0.6207734375 0.4140625 0.6158750000000001 0.455078125 0.6144046875 0.4892578125 0.6139140624999999 0.515625 0.610484375 0.548828125 0.6075453125 0.5859375 0.6168546874999999 0.5986328125 0.63204375 0.599609375 0.6501718750000001 0.59375 0.661440625 0.576171875 0.6629109375 0.556640625 0.656540625 0.529296875 0.651640625 0.505859375 0.6501718750000001 0.4814453125 0.647721875 0.458984375
26 0.6932875000000001 0.466796875 0.6893671875 0.44140625 0.68201875 0.4111328125 0.67466875 0.3828125 0.6687890624999999 0.408203125 0.666340625 0.4345703125 0.663890625 0.4814453125 0.661440625 0.5126953125 0.6624203125 0.5361328125 0.6629109375 0.56640625 0.6741796875 0.576171875 0.6874078124999999 0.5654296875 0.700146875 0.5654296875 0.709946875 0.552734375 0.711415625 0.533203125 0.702596875 0.5107421875 0.6981875 0.4892578125 0.6932875000000001 0.466796875
27 0.73199375 0.431640625 0.723175 0.4033203125 0.7148453124999999 0.373046875 0.7065171875 0.3505859375 0.7060265625000001 0.41015625 0.70210625 0.44140625 0.7035765625 0.46484375 0.7035765625 0.494140625 0.707496875 0.517578125 0.7148453124999999 0.5400390625 0.728075 0.5361328125 0.73934375 0.53125 0.7496328125 0.5126953125 0.751103125 0.490234375 0.74424375 0.4716796875 0.7383640625 0.451171875 0.73199375 0.431640625
28 0.8182265624999999 0.615234375 0.8045078125 0.607421875 0.78686875 0.6044921875 0.7741296875 0.583984375 0.7609015625 0.58203125 0.7496328125 0.6015625 0.7457125 0.6201171875 0.7447328125 0.642578125 0.7403234375000001 0.6708984375 0.7530625 0.6904296875 0.7687406250000001 0.6953125 0.77805 0.701171875 0.7878484375 0.7060546875 0.7971578125 0.708984375 0.8074468749999999 0.7109375 0.8201859375 0.7158203125 0.8226359375 0.6826171875 0.8094078124999999 0.6884765625 0.79421875 0.6728515625 0.79911875 0.640625 0.8084265625 0.64453125 0.819696875 0.6494140625 0.8339046874999999 0.6494140625 0.828515625 0.6279296875 0.8182265624999999 0.615234375
0 0.7226843749999999 0.5947265625 0.7153359375 0.57421875 0.7050468750000001 0.5859375 0.6947578125 0.6025390625 0.6829984375 0.609375 0.6732 0.6318359375 0.68201875 0.6533203125 0.6972078125000001 0.6796875 0.709946875 0.6962890625 0.7202359375 0.71875 0.7329734375 0.7373046875 0.7432624999999999 0.759765625 0.757471875 0.7646484375 0.7633515625 0.7333984375 0.7560015625000001 0.7080078125 0.7471828125 0.6787109375 0.7378734375 0.642578125 0.73199375 0.6220703125 0.7226843749999999 0.5947265625
1 0.7202359375 0.775390625 0.7153359375 0.74609375 0.707496875 0.7265625 0.6972078125000001 0.703125 0.6898578125 0.67578125 0.68691875 0.65234375 0.68201875 0.6298828125 0.67075 0.6240234375 0.658990625 0.6318359375 0.64723125 0.6396484375 0.6344921875 0.6474609375 0.6246937499999999 0.6552734375 0.62714375 0.6806640625 0.638903125 0.6982421875 0.64968125 0.720703125 0.6580109375000001 0.7412109375 0.667809375 0.7646484375 0.6756484375 0.787109375 0.6932875000000001 0.818359375 0.6923078125 0.7880859375 0.6829984375 0.7626953125 0.67711875 0.7392578125 0.6741796875 0.708984375 0.6893671875 0.728515625 0.6962265624999999 0.74609375 0.70455625 0.7705078125 0.71680625 0.794921875 0.7202359375 0.775390625
2 0.3081828125 0.57421875 0.3243515625 0.5732421875 0.32925 0.54296875 0.3258203125 0.5185546875 0.3258203125 0.490234375 0.32533124999999996 0.46875 0.3268 0.4345703125 0.3268 0.416015625 0.3219015625 0.388671875 0.3052421875 0.4052734375 0.299853125 0.43359375 0.29789374999999996 0.4638671875 0.288584375 0.4853515625 0.278784375 0.5126953125 0.278784375 0.5380859375 0.283684375 0.5634765625 0.2964234375 0.5634765625 0.3081828125 0.57421875
3 0.6369421875 0.666015625 0.62959375 0.6455078125 0.6158750000000001 0.6494140625 0.604115625 0.6533203125 0.592846875 0.662109375 0.599215625 0.685546875 0.6070546875 0.70703125 0.611465625 0.736328125 0.6158750000000001 0.76171875 0.624203125 0.7900390625 0.6325328125 0.8173828125 0.6433125000000001 0.837890625 0.652621875 0.8466796875 0.64723125 0.8134765625 0.6447812500000001 0.79296875 0.6433125000000001 0.7626953125 0.6398828125 0.736328125 0.6384125 0.703125 0.6369421875 0.666015625
4 0.5899062500000001 0.6494140625 0.5756984375 0.650390625 0.569328125 0.673828125 0.5737390625 0.69921875 0.5810875 0.720703125 0.5835375 0.74609375 0.5884375000000001 0.7724609375 0.592846875 0.8046875 0.597746875 0.828125 0.609015625 0.84375 0.6144046875 0.8173828125 0.6075453125 0.79296875 0.6050953125 0.7578125 0.6026453125 0.7314453125 0.601665625 0.6884765625 0.601665625 0.658203125 0.5899062500000001 0.6494140625
5 0.56981875 0.6494140625 0.555609375 0.6396484375 0.544340625 0.6455078125 0.540421875 0.673828125 0.5438515625 0.693359375 0.5526703125 0.724609375 0.558059375 0.75 0.5658984375 0.77734375 0.571778125 0.7998046875 0.5786374999999999 0.8330078125 0.5864765625 0.8544921875 0.596765625 0.8564453125 0.5899062500000001 0.8212890625 0.5850078125 0.79296875 0.5835375 0.7578125 0.5786374999999999 0.7236328125 0.5737390625 0.6865234375 0.56981875 0.6494140625
6 0.5360125 0.6533203125 0.5247421875 0.64453125 0.5247421875 0.66796875 0.5271921875000001 0.6884765625 0.5271921875000001 0.7158203125 0.5276828124999999 0.7373046875 0.5325828125000001 0.7646484375 0.5350312500000001 0.7958984375 0.540421875 0.8251953125 0.5526703125 0.8212890625 0.5502203125 0.7900390625 0.549240625 0.76171875 0.5477703125 0.7294921875 0.549240625 0.6904296875 0.5477703125 0.65234375 0.5360125 0.6533203125
7 0.5252328125 0.6572265625 0.51494375 0.6474609375 0.503184375 0.65234375 0.5046546875 0.6728515625 0.5066140625 0.703125 0.510534375 0.7265625 0.51249375 0.7568359375 0.5134734375 0.78515625 0.516903125 0.8134765625 0.5247421875 0.8388671875 0.5335625 0.8173828125 0.5311125 0.7919921875 0.5286625 0.759765625 0.5276828124999999 0.7265625 0.5262125 0.69140625 0.5252328125 0.6572265625
8 0.48946562499999996 0.6396484375 0.48652656250000004 0.66796875 0.4889765625 0.6904296875 0.48946562499999996 0.7236328125 0.49289531249999996 0.75390625 0.49289531249999996 0.7880859375 0.49387499999999995 0.8232421875 0.5071046875 0.837890625 0.5071046875 0.802734375 0.5071046875 0.76953125 0.5071046875 0.7333984375 0.5071046875 0.693359375 0.510534375 0.6376953125 0.48946562499999996 0.6396484375
9 0.48946562499999996 0.6552734375 0.4791765625 0.642578125 0.46643749999999995 0.650390625 0.4659484375 0.6787109375 0.46643749999999995 0.708984375 0.4683984375 0.7421875 0.4688875 0.7724609375 0.4688875 0.8076171875 0.4767265625 0.8388671875 0.48505624999999997 0.8134765625 0.48505624999999997 0.79296875 0.48505624999999997 0.759765625 0.485546875 0.7294921875 0.48946562499999996 0.6904296875 0.48946562499999996 0.6552734375
10 0.46496875 0.658203125 0.448309375 0.6572265625 0.4355703125 0.6708984375 0.43899999999999995 0.701171875 0.4404703125 0.724609375 0.439490625 0.7578125 0.4404703125 0.7880859375 0.43899999999999995 0.8251953125 0.43459062499999995 0.859375 0.448309375 0.8720703125 0.45761874999999996 0.8408203125 0.46202812499999996 0.802734375 0.4639875 0.76953125 0.4639875 0.7333984375 0.46643749999999995 0.6904296875 0.46496875 0.658203125
11 0.4409609375 0.701171875 0.4453703125 0.677734375 0.4355703125 0.6533203125 0.4218515625 0.65234375 0.409603125 0.662109375 0.41156249999999994 0.6826171875 0.4125421875 0.7119140625 0.4125421875 0.74609375 0.41009375 0.775390625 0.4061734375 0.8046875 0.400784375 0.8388671875 0.40519375 0.87109375 0.4179328125 0.8486328125 0.42381250000000004 0.826171875 0.42822187500000003 0.794921875 0.4355703125 0.76953125 0.43802031250000006 0.7412109375 0.4409609375 0.701171875
14 0.3694265625 0.7578125 0.3767765625 0.7333984375 0.384615625 0.7041015625 0.3944140625 0.6806640625 0.402253125 0.6591796875 0.387065625 0.63671875 0.3718765625 0.634765625 0.35766718750000004 0.6240234375 0.34492968749999997 0.626953125 0.338559375 0.6455078125 0.3356203125 0.6787109375 0.3307203125 0.703125 0.32043125 0.7265625 0.31308125000000003 0.7490234375 0.3052421875 0.7744140625 0.31553125 0.7880859375 0.329740625 0.7646484375 0.34835937499999997 0.724609375 0.3488484375 0.7548828125 0.341009375 0.783203125 0.33464062499999997 0.810546875 0.3512984375 0.810546875 0.361096875 0.78515625 0.3694265625 0.7578125
15 0.3331703125 0.673828125 0.34492968749999997 0.658203125 0.34835937499999997 0.6328125 0.3370890625 0.6142578125 0.3233703125 0.611328125 0.3106328125 0.5966796875 0.29789374999999996 0.58984375 0.288584375 0.6201171875 0.286134375 0.6455078125 0.283684375 0.669921875 0.2758453125 0.6962890625 0.26849531249999997 0.7314453125 0.2645765625 0.7578125 0.269475 0.7822265625 0.2846640625 0.7705078125 0.2939734375 0.75390625 0.3052421875 0.734375 0.31308125000000003 0.7119140625 0.3233703125 0.6953125 0.3331703125 0.673828125
22 0.5041640625 0.41796875 0.5022046875 0.451171875 0.49926562499999994 0.484375 0.4977953125 0.525390625 0.49436562500000003 0.5634765625 0.4879953125 0.591796875 0.49387499999999995 0.6201171875 0.5041640625 0.6220703125 0.5183734375 0.619140625 0.5286625 0.6123046875 0.5311125 0.58203125 0.5271921875000001 0.5595703125 0.5247421875 0.533203125 0.5271921875000001 0.5048828125 0.5247421875 0.4560546875 0.5232734375 0.41796875 0.5041640625 0.41796875
21 0.4713375 0.408203125 0.45859843749999996 0.4130859375 0.4546796875 0.4716796875 0.45565937500000003 0.4970703125 0.45761874999999996 0.525390625 0.45859843749999996 0.556640625 0.45761874999999996 0.5888671875 0.4561484375 0.619140625 0.4639875 0.6298828125 0.47868750000000004 0.625 0.4904453125 0.619140625 0.491425 0.5947265625 0.491425 0.576171875 0.4879953125 0.55078125 0.48505624999999997 0.5205078125 0.48260625 0.490234375 0.47770625000000005 0.44921875 0.4713375 0.408203125
20 0.42822187500000003 0.4775390625 0.43018124999999996 0.5078125 0.43263125 0.5361328125 0.430671875 0.56640625 0.43018124999999996 0.5966796875 0.4331203125 0.6240234375 0.44585937500000006 0.626953125 0.45761874999999996 0.6171875 0.4546796875 0.57421875 0.45320937499999997 0.5400390625 0.4546796875 0.498046875 0.45075937499999996 0.45703125 0.439490625 0.4365234375 0.4331203125 0.45703125 0.42822187500000003 0.4775390625
19 0.40764374999999997 0.490234375 0.40519375 0.5224609375 0.4012734375 0.548828125 0.39882343750000004 0.583984375 0.3998046875 0.609375 0.41009375 0.6298828125 0.4198921875 0.6220703125 0.4292015625 0.609375 0.42822187500000003 0.556640625 0.42822187500000003 0.52734375 0.43018124999999996 0.5 0.42773125 0.466796875 0.4198921875 0.4306640625 0.4125421875 0.466796875 0.40764374999999997 0.490234375
18 0.37775625 0.4716796875 0.37530625 0.4970703125 0.37285625 0.52734375 0.37138593750000004 0.5634765625 0.373346875 0.6015625 0.3831453125 0.6044921875 0.3924546875 0.6015625 0.4061734375 0.5888671875 0.409603125 0.568359375 0.4066640625 0.5390625 0.4042140625 0.5146484375 0.3998046875 0.484375 0.39735468749999997 0.4462890625 0.3855953125 0.3974609375 0.37922656250000003 0.44921875 0.37775625 0.4716796875
13 0.36795625 0.46875 0.3640375 0.42578125 0.3561984375 0.3828125 0.34394843750000004 0.421875 0.3419890625 0.45703125 0.3331703125 0.498046875 0.3282703125 0.5283203125 0.3243515625 0.560546875 0.332190625 0.58203125 0.34492968749999997 0.5888671875 0.3601171875 0.5908203125 0.3723671875 0.5947265625 0.3806953125 0.580078125 0.37775625 0.55859375 0.373346875 0.52734375 0.37040625 0.501953125 0.36795625 0.46875