15 0.3115234375 0.24105781249999997 0.333984375 0.2454671875 0.35546875 0.25134687499999997 0.375 0.2621265625 0.3935546875 0.26800625 0.4169921875 0.26800625 0.44140625 0.25575625 0.443359375 0.24154843750000002 0.4619140625 0.2322390625 0.4560546875 0.21999062500000002 0.439453125 0.2097015625 0.41015625 0.2048015625 0.3798828125 0.2028421875 0.349609375 0.1994125 0.3271484375 0.192553125 0.306640625 0.18814375 0.2841796875 0.1842234375 0.2705078125 0.19696249999999998 0.2919921875 0.1994125 0.3173828125 0.2048015625 0.3369140625 0.21215156249999997 0.349609375 0.22587031249999998 0.3193359375 0.22488906250000001 0.30078125 0.2185203125 0.271484375 0.2111703125 0.248046875 0.20578124999999997 0.248046875 0.2185203125 0.2685546875 0.226359375 0.2890625 0.2346890625 0.3115234375 0.24105781249999997
16 0.3720703125 0.144046875 0.35546875 0.1567859375 0.3193359375 0.16903437500000001 0.333984375 0.187653125 0.3525390625 0.198921875 0.3798828125 0.2028421875 0.41015625 0.2018625 0.4345703125 0.1945125 0.451171875 0.185203125 0.4697265625 0.1754046875 0.466796875 0.162175 0.4462890625 0.15188593749999998 0.42578125 0.144046875 0.3935546875 0.144046875 0.3720703125 0.144046875
14 0.255859375 0.3052421875 0.2841796875 0.3106328125 0.306640625 0.3145515625 0.33203125 0.32092187499999997 0.35546875 0.3307203125 0.3779296875 0.3356203125 0.400390625 0.3370890625 0.41796875 0.327290625 0.4208984375 0.3140625 0.416015625 0.30034375 0.4287109375 0.291034375 0.42578125 0.278784375 0.4013671875 0.26849531249999997 0.3671875 0.2670265625 0.33984375 0.26310625 0.314453125 0.2567375 0.2890625 0.2518375 0.265625 0.2493875 0.24609375 0.2464484375 0.220703125 0.24301875 0.2255859375 0.2533078125 0.248046875 0.26310625 0.2734375 0.269475 0.2919921875 0.2758453125 0.314453125 0.2822140625 0.31640625 0.2939734375 0.2890625 0.29005312499999997 0.263671875 0.2851546875 0.2421875 0.28319375 0.2119140625 0.274375 0.2021484375 0.2846640625 0.23046875 0.2988734375 0.255859375 0.3052421875
13 0.666015625 0.29495312500000004 0.626953125 0.2822140625 0.5966796875 0.27045625 0.5634765625 0.2670265625 0.5302734375 0.25820625 0.5048828125 0.25134687499999997 0.4853515625 0.2479171875 0.4619140625 0.2533078125 0.4521484375 0.26506562499999997 0.4521484375 0.2758453125 0.447265625 0.29005312499999997 0.4462890625 0.30034375 0.46484375 0.3076921875 0.48828125 0.3125921875 0.5048828125 0.3081828125 0.53125 0.3042625 0.556640625 0.30279218750000003 0.578125 0.30279218750000003 0.615234375 0.3018125 0.6474609375 0.30279218750000003 0.666015625 0.29495312500000004
12 0.4033203125 0.3601171875 0.4052734375 0.349828125 0.4052734375 0.3395390625 0.3955078125 0.3268 0.3701171875 0.3268 0.3447265625 0.327290625 0.3193359375 0.32925 0.2861328125 0.32925 0.25 0.32925 0.220703125 0.3307203125 0.19140625 0.32925 0.171875 0.338559375 0.19921875 0.347378125 0.2197265625 0.352278125 0.2431640625 0.35276874999999996 0.265625 0.3561984375 0.2939453125 0.35766718750000004 0.3212890625 0.3615875 0.3505859375 0.36893750000000003 0.3759765625 0.37285625 0.3984375 0.3718765625 0.4033203125 0.3601171875
11 0.392578125 0.37138593750000004 0.3759765625 0.3615875 0.349609375 0.3640375 0.32421875 0.3650171875 0.2880859375 0.3674671875 0.2529296875 0.36893750000000003 0.2197265625 0.36893750000000003 0.1845703125 0.3694265625 0.1845703125 0.379715625 0.2099609375 0.389515625 0.2353515625 0.393434375 0.2607421875 0.3968640625 0.291015625 0.3968640625 0.32421875 0.39735468749999997 0.3525390625 0.40372343749999995 0.3798828125 0.398334375 0.3974609375 0.3924546875 0.408203125 0.3831453125 0.392578125 0.37138593750000004
10 0.3671875 0.402253125 0.341796875 0.402253125 0.314453125 0.40372343749999995 0.2861328125 0.403234375 0.2578125 0.4012734375 0.224609375 0.4012734375 0.1953125 0.40519375 0.1689453125 0.4135234375 0.1787109375 0.42381250000000004 0.205078125 0.42822187500000003 0.2333984375 0.430671875 0.2626953125 0.43165156250000003 0.296875 0.4355703125 0.337890625 0.43802031250000006 0.3798828125 0.439490625 0.3994140625 0.430671875 0.3984375 0.42038281250000004 0.3857421875 0.40715312499999995 0.3671875 0.402253125
9 0.359375 0.4404703125 0.33203125 0.4404703125 0.3037109375 0.443409375 0.2734375 0.44439062500000004 0.240234375 0.4492890625 0.2099609375 0.4546796875 0.1953125 0.46496875 0.232421875 0.4713375 0.2587890625 0.4723171875 0.2880859375 0.46986718749999995 0.3271484375 0.4723171875 0.3603515625 0.4737875 0.390625 0.4723171875 0.392578125 0.459578125 0.390625 0.4492890625 0.3876953125 0.437040625 0.359375 0.4404703125
8 0.390625 0.46986718749999995 0.3603515625 0.4737875 0.3349609375 0.47868750000000004 0.3134765625 0.48015625 0.2880859375 0.48407656250000003 0.2578125 0.48505624999999997 0.23046875 0.48407656250000003 0.2001953125 0.48505624999999997 0.19140625 0.4953453125 0.2197265625 0.5002453124999999 0.2451171875 0.5007343750000001 0.271484375 0.5022046875 0.3046875 0.501715625 0.3369140625 0.5022046875 0.3681640625 0.5022046875 0.4033203125 0.5022046875 0.40625 0.49289531249999996 0.400390625 0.48260625 0.390625 0.46986718749999995
7 0.341796875 0.505634375 0.3173828125 0.5080843749999999 0.2880859375 0.5120046874999999 0.255859375 0.51739375 0.22265625 0.52229375 0.2080078125 0.5335625 0.23828125 0.5335625 0.263671875 0.5316015625 0.2939453125 0.5316015625 0.3212890625 0.5311125 0.3720703125 0.5340515625 0.3916015625 0.5271921875000001 0.3974609375 0.516903125 0.388671875 0.503184375 0.365234375 0.503184375 0.341796875 0.505634375
6 0.400390625 0.5311125 0.3798828125 0.5316015625 0.3505859375 0.5325828125000001 0.322265625 0.537971875 0.2890625 0.537971875 0.255859375 0.53993125 0.2275390625 0.5453203125 0.197265625 0.555609375 0.1845703125 0.5658984375 0.216796875 0.5668796875 0.240234375 0.565409375 0.2607421875 0.565409375 0.2939453125 0.565409375 0.326171875 0.5644296875 0.3681640625 0.5658984375 0.3974609375 0.5644296875 0.40625 0.5526703125 0.3955078125 0.5414015625 0.400390625 0.5311125
5 0.400390625 0.5786374999999999 0.3935546875 0.565409375 0.3720703125 0.565409375 0.341796875 0.56736875 0.3212890625 0.5707984374999999 0.2939453125 0.5732484375 0.2705078125 0.5732484375 0.2431640625 0.5786374999999999 0.2099609375 0.5801078125 0.181640625 0.5845171875 0.1533203125 0.5899062500000001 0.1435546875 0.601665625 0.1787109375 0.6055859375 0.2001953125 0.6055859375 0.232421875 0.606565625 0.2626953125 0.6050953125 0.296875 0.604115625 0.330078125 0.6031359375 0.3623046875 0.601665625 0.390625 0.6011765625 0.4013671875 0.5913765625 0.400390625 0.5786374999999999
4 0.3603515625 0.6001953125 0.33984375 0.6075453125 0.3134765625 0.6095046875000001 0.2841796875 0.610484375 0.24609375 0.612934375 0.21484375 0.6168546874999999 0.1923828125 0.626653125 0.1865234375 0.6374328125 0.216796875 0.6374328125 0.24609375 0.6359625 0.283203125 0.6369421875 0.330078125 0.6384125 0.373046875 0.6433125000000001 0.3955078125 0.638903125 0.41015625 0.62959375 0.41015625 0.6178343749999999 0.3935546875 0.6060749999999999 0.3603515625 0.6001953125
3 0.408203125 0.6349828125 0.3828125 0.6310625 0.359375 0.6384125 0.3369140625 0.6462515625 0.3115234375 0.64968125 0.2763671875 0.6536015625 0.2509765625 0.656540625 0.2255859375 0.663890625 0.19921875 0.6727093749999999 0.2001953125 0.68446875 0.2333984375 0.68446875 0.263671875 0.6834890625 0.30078125 0.679078125 0.330078125 0.67711875 0.365234375 0.6780984375 0.3935546875 0.67711875 0.416015625 0.6727093749999999 0.41796875 0.6580109375000001 0.416015625 0.647721875 0.408203125 0.6349828125
2 0.4970703125 0.2542875 0.5302734375 0.2542875 0.5615234375 0.2542875 0.5947265625 0.2552671875 0.6240234375 0.25820625 0.6533203125 0.26065625 0.673828125 0.2533078125 0.6787109375 0.23860781250000002 0.6533203125 0.22831875 0.6298828125 0.223909375 0.6064453125 0.21949999999999997 0.5810546875 0.21459999999999999 0.556640625 0.2072515625 0.5361328125 0.198921875 0.5146484375 0.198921875 0.498046875 0.20823125 0.484375 0.21999062500000002 0.4765625 0.2322390625 0.4775390625 0.244978125 0.4970703125 0.2542875
1 0.341796875 0.73444375 0.365234375 0.73199375 0.390625 0.73199375 0.4189453125 0.73444375 0.4267578125 0.7226843749999999 0.421875 0.7109265625 0.4208984375 0.6981875 0.42578125 0.6874078124999999 0.4189453125 0.6741796875 0.3974609375 0.6692796875 0.3759765625 0.6756484375 0.3544921875 0.68201875 0.3291015625 0.68446875 0.298828125 0.6908375 0.275390625 0.6908375 0.25 0.6957375 0.2294921875 0.7011265625 0.2119140625 0.7128859375000001 0.2373046875 0.71680625 0.265625 0.7109265625 0.2958984375 0.7065171875 0.3369140625 0.709946875 0.3173828125 0.716315625 0.2939453125 0.7212156249999999 0.2734375 0.7266046875 0.2529296875 0.7339546875 0.240234375 0.7466921875 0.2666015625 0.7447328125 0.296875 0.7408140624999999 0.3212890625 0.7383640625 0.341796875 0.73444375
0 0.45703125 0.7530625 0.451171875 0.74179375 0.4384765625 0.73199375 0.40625 0.73199375 0.3828125 0.7383640625 0.35546875 0.7471828125 0.3369140625 0.7535515625 0.3095703125 0.7609015625 0.2890625 0.773640625 0.2763671875 0.7907890625 0.275390625 0.803528125 0.3017578125 0.8084265625 0.3271484375 0.8054874999999999 0.3564453125 0.8010781250000001 0.3779296875 0.79421875 0.4140625 0.79176875 0.4345703125 0.7878484375 0.458984375 0.7854 0.47265625 0.7760906249999999 0.4697265625 0.7633515625 0.45703125 0.7530625
28 0.3623046875 0.8045078125 0.349609375 0.819696875 0.375 0.832925 0.3984375 0.84174375 0.4267578125 0.84419375 0.44921875 0.8392937500000001 0.4716796875 0.8309656249999999 0.4794921875 0.819696875 0.46484375 0.805978125 0.4365234375 0.7951984375000001 0.41015625 0.7888296875 0.3759765625 0.7902984375 0.3623046875 0.8045078125
27 0.7060546875 0.7932390625 0.724609375 0.78441875 0.728515625 0.7702109375 0.701171875 0.7584515625 0.6728515625 0.7609015625 0.640625 0.762371875 0.619140625 0.766290625 0.6025390625 0.7760906249999999 0.599609375 0.7790296875 0.591796875 0.7902984375 0.6044921875 0.805978125 0.6220703125 0.8182265624999999 0.6455078125 0.8245953125 0.669921875 0.8157765625 0.6884765625 0.805978125 0.7060546875 0.7932390625
26 0.6865234375 0.7584515625 0.666015625 0.7457125 0.640625 0.73934375 0.611328125 0.73689375 0.58203125 0.73934375 0.5478515625 0.7403234375000001 0.5185546875 0.73934375 0.4951171875 0.7422828124999999 0.484375 0.7520828125000001 0.482421875 0.763840625 0.5 0.7765796875000001 0.5224609375 0.7878484375 0.55078125 0.7907890625 0.576171875 0.780009375 0.599609375 0.7741296875 0.625 0.766290625 0.6650390625 0.762371875 0.6865234375 0.7584515625
25 0.5283203125 0.7383640625 0.556640625 0.7359140625 0.58984375 0.7354234374999999 0.611328125 0.7315046875 0.63671875 0.725134375 0.65234375 0.7123953125 0.6396484375 0.6972078125000001 0.6064453125 0.6957375 0.57421875 0.6962265624999999 0.55078125 0.6957375 0.5234375 0.6932875000000001 0.501953125 0.6908375 0.47265625 0.6908375 0.4521484375 0.702596875 0.45703125 0.71680625 0.46484375 0.7329734375 0.47265625 0.7447328125 0.5048828125 0.7422828124999999 0.5283203125 0.7383640625
24 0.498046875 0.6918171875 0.5185546875 0.6854484375000001 0.5537109375 0.67466875 0.578125 0.6692796875 0.6015625 0.663890625 0.6220703125 0.6624203125 0.650390625 0.6550703125 0.6279296875 0.6438015625 0.599609375 0.6462515625 0.5732421875 0.64968125 0.5458984375 0.6511515625000001 0.5185546875 0.654090625 0.5 0.6550703125 0.478515625 0.6575203125 0.4541015625 0.6604609375 0.443359375 0.6717296875 0.443359375 0.6829984375 0.45703125 0.6937781249999999 0.4775390625 0.6957375 0.498046875 0.6918171875
23 0.46484375 0.6624203125 0.4970703125 0.6580109375000001 0.5205078125 0.6536015625 0.5439453125 0.651640625 0.5712890625 0.6487015625 0.5947265625 0.64723125 0.619140625 0.6452718749999999 0.6376953125 0.6423328125000001 0.662109375 0.6344921875 0.6455078125 0.6217546875 0.6220703125 0.6139140624999999 0.59375 0.6144046875 0.56640625 0.6139140624999999 0.5380859375 0.615384375 0.5146484375 0.6158750000000001 0.4921875 0.6178343749999999 0.466796875 0.6178343749999999 0.4443359375 0.620284375 0.4287109375 0.6310625 0.4306640625 0.6462515625 0.4365234375 0.6599703124999999 0.46484375 0.6624203125
29 0.4873046875 0.6193046875 0.515625 0.6168546874999999 0.548828125 0.6158750000000001 0.5810546875 0.615384375 0.611328125 0.6119546875 0.634765625 0.6095046875000001 0.6708984375 0.6050953125 0.65234375 0.59235625 0.619140625 0.5859875 0.58984375 0.5850078125 0.5556640625 0.5850078125 0.525390625 0.5850078125 0.5029296875 0.5859875 0.484375 0.5825578124999999 0.451171875 0.5801078125 0.431640625 0.5913765625 0.421875 0.606565625 0.4365234375 0.6193046875 0.45703125 0.6232234375 0.4873046875 0.6193046875
30 0.4560546875 0.5845171875 0.4794921875 0.5820671875000001 0.509765625 0.5786374999999999 0.541015625 0.5781484375 0.5732421875 0.5761875 0.5947265625 0.57226875 0.6220703125 0.5732484375 0.65234375 0.5707984374999999 0.6328125 0.5595296875 0.611328125 0.5546296875000001 0.5869140625 0.5526703125 0.560546875 0.549240625 0.533203125 0.5477703125 0.509765625 0.5502203125 0.4814453125 0.5463015625 0.4541015625 0.5438515625 0.4345703125 0.5458109375 0.4189453125 0.5570796875 0.423828125 0.5707984374999999 0.43359375 0.5825578124999999 0.4560546875 0.5845171875
31 0.716796875 0.2185203125 0.716796875 0.2003921875 0.6982421875 0.185203125 0.677734375 0.173934375 0.650390625 0.178834375 0.61328125 0.1837328125 0.6015625 0.19696249999999998 0.5986328125 0.2111703125 0.6220703125 0.21999062500000002 0.654296875 0.2341984375 0.6728515625 0.24693749999999998 0.6982421875 0.236159375 0.716796875 0.2185203125
22 0.439453125 0.5467906250000001 0.4638671875 0.5477703125 0.4921875 0.5438515625 0.5185546875 0.540421875 0.5478515625 0.537971875 0.58203125 0.5340515625 0.6123046875 0.5296421875 0.6376953125 0.5276828124999999 0.6650390625 0.5198437499999999 0.650390625 0.506125 0.619140625 0.5007343750000001 0.5966796875 0.501715625 0.5634765625 0.5002453124999999 0.5361328125 0.5002453124999999 0.5107421875 0.5002453124999999 0.482421875 0.49926562499999994 0.458984375 0.501715625 0.439453125 0.501715625 0.4189453125 0.505634375 0.4208984375 0.5213125 0.4208984375 0.53748125 0.439453125 0.5467906250000001
21 0.4541015625 0.501715625 0.4970703125 0.49926562499999994 0.52734375 0.4977953125 0.5634765625 0.4953453125 0.5986328125 0.49387499999999995 0.6201171875 0.49387499999999995 0.6630859375 0.48750625000000003 0.6328125 0.4688875 0.5966796875 0.4659484375 0.560546875 0.46251875 0.53125 0.46006875 0.505859375 0.45859843749999996 0.482421875 0.4546796875 0.4619140625 0.45369843750000005 0.439453125 0.45320937499999997 0.4189453125 0.457128125 0.41796875 0.4713375 0.41796875 0.485546875 0.423828125 0.5022046875 0.4541015625 0.501715625
20 0.6201171875 0.43899999999999995 0.5947265625 0.4355703125 0.5693359375 0.43263125 0.5439453125 0.4292015625 0.5146484375 0.42283125000000005 0.482421875 0.4198921875 0.4521484375 0.4179328125 0.42578125 0.42381250000000004 0.4208984375 0.43899999999999995 0.42578125 0.4517390625 0.4443359375 0.45222968750000003 0.4697265625 0.45320937499999997 0.494140625 0.45369843750000005 0.5185546875 0.4546796875 0.5439453125 0.4546796875 0.578125 0.4561484375 0.6171875 0.4546796875 0.6494140625 0.44683906249999994 0.6201171875 0.43899999999999995
19 0.47265625 0.4174421875 0.5 0.4140125 0.5302734375 0.4125421875 0.5634765625 0.40764374999999997 0.591796875 0.40764374999999997 0.6142578125 0.404703125 0.6328125 0.403234375 0.669921875 0.398334375 0.662109375 0.384615625 0.619140625 0.382165625 0.5810546875 0.384125 0.55078125 0.3831453125 0.5185546875 0.381675 0.4951171875 0.37922656250000003 0.4716796875 0.37432656249999996 0.451171875 0.37530625 0.4287109375 0.3831453125 0.4189453125 0.3949046875 0.4267578125 0.4081328125 0.44921875 0.4174421875 0.47265625 0.4174421875
18 0.47265625 0.3831453125 0.505859375 0.381675 0.5302734375 0.379715625 0.560546875 0.382165625 0.5869140625 0.379715625 0.6123046875 0.382165625 0.6396484375 0.3782453125 0.6220703125 0.3650171875 0.5947265625 0.3586484375 0.56640625 0.354728125 0.541015625 0.3512984375 0.515625 0.345909375 0.490234375 0.341009375 0.46875 0.33464062499999997 0.4443359375 0.33610937500000004 0.4287109375 0.3463984375 0.4267578125 0.3601171875 0.4365234375 0.37138593750000004 0.443359375 0.3806953125 0.47265625 0.3831453125
17 0.515625 0.3463984375 0.5478515625 0.349828125 0.57421875 0.35031875 0.6025390625 0.352278125 0.6318359375 0.35276874999999996 0.6298828125 0.338559375 0.6015625 0.33464062499999997 0.5634765625 0.3282703125 0.5380859375 0.32288125 0.5185546875 0.3145515625 0.4873046875 0.30279218750000003 0.4638671875 0.2988734375 0.439453125 0.3067125 0.4365234375 0.3194515625 0.439453125 0.332190625 0.4599609375 0.343459375 0.484375 0.34492968749999997 0.515625 0.3463984375