2 0.274375 0.3427734375 0.278784375 0.3115234375 0.2778046875 0.283203125 0.2660453125 0.2666015625 0.2552671875 0.2744140625 0.249878125 0.302734375 0.240078125 0.330078125 0.2317484375 0.35546875 0.2234203125 0.376953125 0.22440000000000002 0.3984375 0.23370937500000002 0.4111328125 0.24252812499999998 0.4306640625 0.2552671875 0.4375 0.2660453125 0.421875 0.26800625 0.3984375 0.26800625 0.37109375 0.274375 0.3427734375
13 0.311121875 0.4267578125 0.3121015625 0.3818359375 0.311121875 0.34765625 0.3076921875 0.3134765625 0.2969125 0.2724609375 0.286134375 0.27734375 0.28123437500000004 0.30859375 0.276825 0.3408203125 0.274375 0.369140625 0.27045625 0.396484375 0.26506562499999997 0.4287109375 0.26506562499999997 0.4501953125 0.272415625 0.46875 0.28319375 0.4794921875 0.2959328125 0.486328125 0.30867187500000004 0.486328125 0.3150421875 0.4560546875 0.311121875 0.4267578125
24 0.647721875 0.3232421875 0.6398828125 0.330078125 0.638903125 0.3369140625 0.63204375 0.4033203125 0.62959375 0.4453125 0.626653125 0.4755859375 0.6281234375 0.5029296875 0.6398828125 0.5205078125 0.651640625 0.5263671875 0.658990625 0.509765625 0.658990625 0.48828125 0.6560515625 0.4580078125 0.6521312499999999 0.4267578125 0.6501718750000001 0.39453125 0.647721875 0.3232421875
26 0.71680625 0.3623046875 0.70945625 0.330078125 0.691328125 0.3193359375 0.6780984375 0.34765625 0.67711875 0.3818359375 0.67711875 0.421875 0.67711875 0.4560546875 0.67711875 0.486328125 0.68691875 0.5029296875 0.7006375 0.4921875 0.7138656250000001 0.490234375 0.725625 0.4775390625 0.7339546875 0.4521484375 0.723175 0.416015625 0.7212156249999999 0.3896484375 0.71680625 0.3623046875
27 0.7241546875 0.33203125 0.7266046875 0.3642578125 0.7285640625 0.396484375 0.72954375 0.423828125 0.737384375 0.447265625 0.7530625 0.4345703125 0.7682515624999999 0.4326171875 0.7756000000000001 0.4091796875 0.7682515624999999 0.3798828125 0.757471875 0.3515625 0.7476734375 0.326171875 0.734934375 0.3154296875 0.7241546875 0.33203125
28 0.764821875 0.4521484375 0.7520828125000001 0.4375 0.7447328125 0.4560546875 0.730525 0.4794921875 0.71680625 0.4990234375 0.7221953125 0.537109375 0.7403234375000001 0.55859375 0.757471875 0.583984375 0.7702109375 0.6162109375 0.7854 0.623046875 0.8025484374999999 0.5869140625 0.8054874999999999 0.5625 0.796178125 0.533203125 0.7863796875 0.509765625 0.773640625 0.4794921875 0.764821875 0.4521484375
7 0.470846875 0.634765625 0.4634984375 0.662109375 0.457128125 0.685546875 0.4688875 0.697265625 0.4762375 0.677734375 0.48505624999999997 0.65234375 0.4958359375 0.625 0.5022046875 0.59765625 0.5075937500000001 0.5732421875 0.5051453125 0.5546875 0.49240625 0.5576171875 0.48505624999999997 0.5810546875 0.47868750000000004 0.607421875 0.470846875 0.634765625
8 0.4546796875 0.5849609375 0.45125000000000004 0.6123046875 0.44634999999999997 0.6376953125 0.4385109375 0.6572265625 0.439490625 0.6826171875 0.45271875 0.6708984375 0.459578125 0.65234375 0.4674171875 0.634765625 0.4737875 0.607421875 0.47966718750000004 0.5830078125 0.48260625 0.5576171875 0.4737875 0.5498046875 0.4634984375 0.5400390625 0.459578125 0.560546875 0.4546796875 0.5849609375
9 0.42332187499999996 0.580078125 0.4125421875 0.580078125 0.4061734375 0.6103515625 0.400784375 0.6376953125 0.390984375 0.669921875 0.3900046875 0.6982421875 0.3968640625 0.7158203125 0.4086234375 0.7099609375 0.415971875 0.693359375 0.42479218750000003 0.67578125 0.43263125 0.6376953125 0.4409609375 0.615234375 0.448309375 0.58984375 0.432140625 0.5908203125 0.42332187499999996 0.580078125
10 0.375796875 0.677734375 0.387065625 0.669921875 0.395884375 0.6376953125 0.40372343749999995 0.603515625 0.412053125 0.5673828125 0.40372343749999995 0.5498046875 0.3919640625 0.5654296875 0.382165625 0.599609375 0.3762859375 0.6259765625 0.368446875 0.666015625 0.375796875 0.677734375
11 0.39882343750000004 0.5302734375 0.404703125 0.5078125 0.398334375 0.49609375 0.3875546875 0.482421875 0.375796875 0.478515625 0.365996875 0.4931640625 0.3630578125 0.525390625 0.3581578125 0.5576171875 0.349828125 0.5908203125 0.3444390625 0.623046875 0.345909375 0.6572265625 0.34492968749999997 0.685546875 0.357178125 0.669921875 0.362078125 0.65234375 0.3669765625 0.625 0.373346875 0.59765625 0.382165625 0.5703125 0.389515625 0.5498046875 0.39882343750000004 0.5302734375
15 0.2567375 0.4775390625 0.2572265625 0.4580078125 0.2518375 0.4384765625 0.23664843750000003 0.4287109375 0.22685 0.4130859375 0.2165609375 0.3984375 0.2052921875 0.41796875 0.2018625 0.443359375 0.194021875 0.4755859375 0.185203125 0.515625 0.1793234375 0.55859375 0.19010312499999998 0.580078125 0.2003921875 0.5849609375 0.212640625 0.5732421875 0.22195 0.5546875 0.2302796875 0.533203125 0.23958906249999998 0.5126953125 0.2484078125 0.4951171875 0.2567375 0.4775390625
14 0.25134687499999997 0.509765625 0.24252812499999998 0.5380859375 0.23664843750000003 0.568359375 0.2322390625 0.5869140625 0.22733906250000002 0.6123046875 0.23909843749999998 0.626953125 0.26065625 0.6171875 0.274865625 0.609375 0.288584375 0.5986328125 0.3032828125 0.5634765625 0.3101421875 0.5234375 0.3101421875 0.501953125 0.2939734375 0.505859375 0.2758453125 0.4853515625 0.26065625 0.4833984375 0.25134687499999997 0.509765625
12 0.318471875 0.556640625 0.306221875 0.568359375 0.302303125 0.5869140625 0.3081828125 0.6025390625 0.32533124999999996 0.5966796875 0.3400296875 0.583984375 0.35276874999999996 0.5634765625 0.35766718750000004 0.541015625 0.3674671875 0.5185546875 0.35521875 0.498046875 0.347378125 0.501953125 0.338559375 0.5224609375 0.32778125 0.5439453125 0.318471875 0.556640625
5 0.533071875 0.5439453125 0.5340515625 0.583984375 0.5384609375 0.6142578125 0.54238125 0.6328125 0.5463015625 0.66015625 0.5521796875 0.68359375 0.5575703125 0.7109375 0.565409375 0.7392578125 0.5894171874999999 0.7294921875 0.5869671875 0.7060546875 0.584028125 0.685546875 0.579128125 0.6572265625 0.5752078125 0.625 0.570309375 0.59375 0.56736875 0.5615234375 0.5624687500000001 0.5361328125 0.5526703125 0.5205078125 0.53993125 0.5205078125 0.533071875 0.5439453125
4 0.5712890625 0.5947265625 0.574228125 0.6171875 0.5776578125 0.6396484375 0.5835375 0.6767578125 0.5918671875 0.703125 0.610975 0.716796875 0.6060749999999999 0.69140625 0.60460625 0.66015625 0.60460625 0.6318359375 0.60460625 0.6025390625 0.6031359375 0.5810546875 0.596765625 0.5341796875 0.579128125 0.5234375 0.5663890625 0.5439453125 0.56736875 0.576171875 0.5712890625 0.5947265625
3 0.6423328125000001 0.595703125 0.631553125 0.595703125 0.618325 0.5947265625 0.6099953124999999 0.5869140625 0.608525 0.603515625 0.6168546874999999 0.6611328125 0.6325328125 0.697265625 0.6384125 0.703125 0.6374328125 0.6875 0.636453125 0.6328125 0.6423328125000001 0.595703125
1 0.64723125 0.640625 0.658990625 0.65234375 0.6619296875 0.6337890625 0.6648703125 0.619140625 0.6668296875 0.609375 0.6697703125000001 0.607421875 0.6732 0.615234375 0.6785890625000001 0.6298828125 0.6805484374999999 0.6396484375 0.6908375 0.6376953125 0.6967171875 0.599609375 0.70455625 0.5732421875 0.6986765625 0.5703125 0.6883874999999999 0.5751953125 0.6761390625 0.568359375 0.6634 0.560546875 0.6599703124999999 0.57421875 0.65703125 0.58203125 0.652621875 0.587890625 0.6482109375 0.5966796875 0.64723125 0.6201171875 0.64723125 0.640625