2 0.2640859375 0.4453125 0.2660453125 0.4072265625 0.2616359375 0.369140625 0.24448750000000002 0.3818359375 0.2371390625 0.421875 0.22831875 0.4521484375 0.22195 0.4755859375 0.21362031250000002 0.4990234375 0.2190109375 0.529296875 0.2297890625 0.5439453125 0.24252812499999998 0.5546875 0.256246875 0.5498046875 0.26065625 0.5224609375 0.262615625 0.4814453125 0.2640859375 0.4453125
17 0.3561984375 0.4306640625 0.3493390625 0.4033203125 0.3375796875 0.423828125 0.333659375 0.4541015625 0.33022968750000004 0.4755859375 0.3258203125 0.51171875 0.3194515625 0.5390625 0.32288125 0.5732421875 0.3366 0.5869140625 0.34541875 0.5693359375 0.3493390625 0.5390625 0.3537484375 0.51171875 0.3561984375 0.466796875 0.3561984375 0.4306640625
18 0.37530625 0.421875 0.36648749999999997 0.4560546875 0.3645265625 0.48828125 0.3537484375 0.5390625 0.347378125 0.5732421875 0.357178125 0.5947265625 0.3699171875 0.5947265625 0.38363593749999997 0.576171875 0.38363593749999997 0.5224609375 0.38265625000000003 0.486328125 0.3806953125 0.447265625 0.37530625 0.421875
19 0.42136250000000003 0.4970703125 0.42136250000000003 0.462890625 0.4179328125 0.419921875 0.3998046875 0.4267578125 0.39882343750000004 0.462890625 0.3944140625 0.490234375 0.389025 0.5263671875 0.38510468750000004 0.556640625 0.389025 0.599609375 0.40519375 0.6123046875 0.4179328125 0.603515625 0.4243015625 0.580078125 0.42136250000000003 0.5546875 0.42136250000000003 0.529296875 0.42136250000000003 0.4970703125
20 0.45125000000000004 0.5439453125 0.44585937500000006 0.509765625 0.4448796875 0.4794921875 0.4360609375 0.4580078125 0.429690625 0.4755859375 0.43116093749999995 0.5205078125 0.429690625 0.5546875 0.42773125 0.5908203125 0.4331203125 0.6162109375 0.44585937500000006 0.623046875 0.4566390625 0.6103515625 0.4566390625 0.578125 0.45125000000000004 0.5439453125
21 0.5007343750000001 0.5625 0.503675 0.5244140625 0.506125 0.484375 0.49926562499999994 0.447265625 0.48995625 0.447265625 0.4728078125 0.5078125 0.46496875 0.5498046875 0.45761874999999996 0.5908203125 0.45761874999999996 0.625 0.4747671875 0.6357421875 0.49093593750000003 0.6357421875 0.496325 0.6015625 0.5007343750000001 0.5625
22 0.5433609374999999 0.6123046875 0.5414015625 0.58203125 0.5369921875 0.5458984375 0.5369921875 0.5029296875 0.5369921875 0.470703125 0.5252328125 0.4521484375 0.5134734375 0.484375 0.5110234375 0.5224609375 0.5080843749999999 0.552734375 0.5026953125 0.580078125 0.5007343750000001 0.6142578125 0.5071046875 0.6337890625 0.5227828125 0.6396484375 0.5389515625 0.6357421875 0.5433609374999999 0.6123046875
30 0.5796171875 0.51171875 0.584028125 0.4775390625 0.5796171875 0.4453125 0.5668796875 0.466796875 0.5614890625 0.4990234375 0.5570796875 0.533203125 0.54973125 0.5693359375 0.5467906250000001 0.607421875 0.5541406249999999 0.6337890625 0.5658984375 0.6337890625 0.574228125 0.6142578125 0.576678125 0.58203125 0.576678125 0.5439453125 0.5796171875 0.51171875
29 0.6119546875 0.5498046875 0.6099953124999999 0.5078125 0.6099953124999999 0.4736328125 0.606565625 0.4345703125 0.592846875 0.4326171875 0.5903968749999999 0.4609375 0.5884375000000001 0.4970703125 0.5850078125 0.537109375 0.5820671875000001 0.5712890625 0.584028125 0.599609375 0.5884375000000001 0.6181640625 0.6001953125 0.6201171875 0.6119546875 0.6162109375 0.6173437500000001 0.5947265625 0.6148953125000001 0.5732421875 0.6119546875 0.5498046875
23 0.642821875 0.5390625 0.638903125 0.513671875 0.6374328125 0.466796875 0.6310625 0.4267578125 0.618325 0.4501953125 0.612934375 0.48828125 0.6119546875 0.529296875 0.6173437500000001 0.5625 0.620284375 0.583984375 0.63204375 0.599609375 0.6487015625 0.5966796875 0.64723125 0.5654296875 0.642821875 0.5390625
24 0.675159375 0.5263671875 0.667809375 0.4921875 0.665359375 0.4609375 0.6580109375000001 0.41796875 0.6482109375 0.4501953125 0.64723125 0.486328125 0.6506609375 0.515625 0.64723125 0.5419921875 0.6482109375 0.5693359375 0.6599703124999999 0.58203125 0.6741796875 0.580078125 0.681528125 0.55859375 0.675159375 0.5263671875
25 0.71680625 0.5712890625 0.7270953125 0.5537109375 0.7266046875 0.5205078125 0.727584375 0.490234375 0.725625 0.4521484375 0.725625 0.4267578125 0.72954375 0.39453125 0.70945625 0.396484375 0.7050468750000001 0.423828125 0.7006375 0.4521484375 0.6942671875 0.484375 0.6849578125 0.5185546875 0.681528125 0.5458984375 0.6898578125 0.5654296875 0.7040671875 0.578125 0.71680625 0.5712890625
26 0.7756000000000001 0.4453125 0.77805 0.4091796875 0.7672703125 0.392578125 0.7530625 0.4052734375 0.7476734375 0.4375 0.743753125 0.466796875 0.7383640625 0.490234375 0.7329734375 0.515625 0.737384375 0.5439453125 0.7501218749999999 0.5439453125 0.764821875 0.537109375 0.7726609375 0.5078125 0.7702109375 0.4794921875 0.7756000000000001 0.4453125
0 0.8045078125 0.669921875 0.79176875 0.6572265625 0.7790296875 0.6357421875 0.7672703125 0.6123046875 0.7584515625 0.5908203125 0.7466921875 0.5869140625 0.7359140625 0.60546875 0.723175 0.62890625 0.7192546875 0.646484375 0.725625 0.6767578125 0.7530625 0.6884765625 0.773640625 0.69921875 0.7927484375 0.693359375 0.8045078125 0.669921875
1 0.743753125 0.76953125 0.72954375 0.7421875 0.7383640625 0.744140625 0.7609015625 0.7568359375 0.7584515625 0.73828125 0.743753125 0.716796875 0.734934375 0.7080078125 0.7266046875 0.6845703125 0.718765625 0.6572265625 0.711415625 0.6337890625 0.697696875 0.62890625 0.68691875 0.64453125 0.6761390625 0.6572265625 0.665359375 0.669921875 0.67075 0.697265625 0.6756484375 0.7158203125 0.6923078125 0.7333984375 0.7050468750000001 0.7568359375 0.7241546875 0.7783203125 0.751103125 0.791015625 0.743753125 0.76953125
3 0.64723125 0.861328125 0.65458125 0.830078125 0.6536015625 0.7939453125 0.6536015625 0.7529296875 0.6609499999999999 0.720703125 0.6643796875 0.677734375 0.6506609375 0.6611328125 0.6354734375 0.669921875 0.6256734374999999 0.6865234375 0.6310625 0.7119140625 0.6335124999999999 0.73828125 0.6335124999999999 0.7783203125 0.638903125 0.806640625 0.6408625 0.8359375 0.64723125 0.861328125
4 0.6237140625 0.837890625 0.6246937499999999 0.806640625 0.6237140625 0.76953125 0.6246937499999999 0.73828125 0.6246937499999999 0.7099609375 0.6246937499999999 0.67578125 0.6148953125000001 0.66796875 0.597746875 0.669921875 0.592846875 0.69140625 0.5957859375 0.7119140625 0.6011765625 0.740234375 0.6055859375 0.787109375 0.606565625 0.8359375 0.6163640625 0.857421875 0.6237140625 0.837890625
5 0.59480625 0.8251953125 0.5938265625 0.7958984375 0.5913765625 0.765625 0.5894171874999999 0.73828125 0.5894171874999999 0.7099609375 0.5859875 0.6806640625 0.5776578125 0.66796875 0.5639390625 0.669921875 0.5551203124999999 0.67578125 0.5570796875 0.7041015625 0.5595296875 0.7333984375 0.5668796875 0.7744140625 0.5732484375 0.8125 0.5820671875000001 0.8466796875 0.5957859375 0.8515625 0.59480625 0.8251953125
6 0.54875 0.7041015625 0.5531609375000001 0.677734375 0.5414015625 0.6650390625 0.5252328125 0.6630859375 0.5252328125 0.6845703125 0.5271921875000001 0.7119140625 0.5271921875000001 0.7490234375 0.5316015625 0.7939453125 0.54238125 0.8212890625 0.5477703125 0.7998046875 0.544340625 0.763671875 0.5467906250000001 0.736328125 0.54875 0.7041015625
7 0.5208234375 0.69140625 0.5164140625 0.66796875 0.49926562499999994 0.66796875 0.5026953125 0.7021484375 0.5026953125 0.736328125 0.5080843749999999 0.7744140625 0.5164140625 0.806640625 0.5271921875000001 0.7939453125 0.521803125 0.7724609375 0.521803125 0.74609375 0.5188640625 0.72265625 0.5208234375 0.69140625
8 0.498284375 0.7021484375 0.501715625 0.6650390625 0.485546875 0.6630859375 0.47182812500000004 0.67578125 0.475746875 0.7041015625 0.48015625 0.73828125 0.485546875 0.76953125 0.49289531249999996 0.80859375 0.503675 0.7939453125 0.49926562499999994 0.76171875 0.4953453125 0.7314453125 0.498284375 0.7021484375
9 0.45565937500000003 0.669921875 0.44145 0.6845703125 0.44683906249999994 0.7275390625 0.4546796875 0.7568359375 0.45565937500000003 0.7958984375 0.4639875 0.83203125 0.4683984375 0.8017578125 0.4683984375 0.7783203125 0.4683984375 0.7509765625 0.4683984375 0.7119140625 0.469378125 0.66796875 0.45565937500000003 0.669921875
10 0.4341015625 0.7421875 0.4404703125 0.6953125 0.4360609375 0.673828125 0.42234218749999997 0.669921875 0.40715312499999995 0.6865234375 0.40715312499999995 0.7275390625 0.40715312499999995 0.765625 0.4125421875 0.8125 0.42038281250000004 0.8447265625 0.43508125 0.8173828125 0.4341015625 0.7763671875 0.4341015625 0.7421875
12 0.3645265625 0.6884765625 0.3591375 0.7119140625 0.3508078125 0.7421875 0.34835937499999997 0.7763671875 0.33904999999999996 0.8359375 0.33464062499999997 0.8642578125 0.347378125 0.8642578125 0.36648749999999997 0.8212890625 0.4086234375 0.697265625 0.3919640625 0.6787109375 0.3738359375 0.6708984375 0.3645265625 0.6884765625
14 0.3032828125 0.8486328125 0.3194515625 0.8359375 0.327290625 0.8193359375 0.3356203125 0.7763671875 0.341009375 0.740234375 0.3537484375 0.7099609375 0.357178125 0.66796875 0.34541875 0.6650390625 0.3282703125 0.6630859375 0.3140625 0.65234375 0.29936250000000003 0.6630859375 0.2969125 0.6953125 0.29495312500000004 0.7275390625 0.2851546875 0.759765625 0.27339531250000004 0.791015625 0.276825 0.8212890625 0.288584375 0.8037109375 0.3013234375 0.76953125 0.31651093750000003 0.7548828125 0.3150421875 0.791015625 0.304753125 0.814453125 0.3032828125 0.8486328125
15 0.2327296875 0.806640625 0.2552671875 0.78515625 0.2670265625 0.76171875 0.276825 0.72265625 0.29789374999999996 0.6806640625 0.2964234375 0.642578125 0.28319375 0.64453125 0.263596875 0.615234375 0.2459578125 0.62109375 0.240078125 0.65234375 0.2327296875 0.6865234375 0.22440000000000002 0.71875 0.2111703125 0.7568359375 0.22831875 0.7548828125 0.23811875 0.7314453125 0.2523265625 0.7060546875 0.2572265625 0.72265625 0.249878125 0.7529296875 0.23811875 0.7783203125 0.2327296875 0.806640625
16 0.2346890625 0.6396484375 0.2293 0.609375 0.21313125 0.59375 0.1984328125 0.6123046875 0.1837328125 0.62890625 0.166584375 0.64453125 0.16119531250000002 0.677734375 0.1705046875 0.697265625 0.1837328125 0.7041015625 0.20382187499999999 0.6953125 0.23517812500000002 0.6904296875 0.23958906249999998 0.6591796875 0.2346890625 0.6396484375
13 0.29299375 0.4423828125 0.29005312499999997 0.431640625 0.288584375 0.40625 0.279275 0.388671875 0.276334375 0.4208984375 0.278784375 0.455078125 0.274375 0.4765625 0.27045625 0.4912109375 0.26310625 0.51171875 0.262615625 0.5380859375 0.262615625 0.5615234375 0.2709453125 0.576171875 0.283684375 0.5732421875 0.2871140625 0.5703125 0.2939734375 0.5810546875 0.30279218750000003 0.587890625 0.307203125 0.583984375 0.3150421875 0.578125 0.31749218749999997 0.51953125 0.31308125000000003 0.48046875 0.3140625 0.4326171875 0.306221875 0.40234375 0.29789374999999996 0.384765625 0.291034375 0.3916015625 0.2934828125 0.4208984375 0.29299375 0.4423828125