2 0.7628609375 0.578125 0.77168125 0.5478515625 0.77805 0.5244140625 0.7863796875 0.5009765625 0.7809890625 0.470703125 0.7702109375 0.4560546875 0.757471875 0.4453125 0.743753125 0.4501953125 0.73934375 0.4775390625 0.737384375 0.5185546875 0.7359140625 0.5546875 0.7339546875 0.5927734375 0.7383640625 0.630859375 0.7555125 0.6181640625 0.7628609375 0.578125
17 0.6697703125000001 0.5244140625 0.6741796875 0.48828125 0.6805484374999999 0.4609375 0.67711875 0.4267578125 0.6634 0.4130859375 0.65458125 0.4306640625 0.6506609375 0.4609375 0.6462515625 0.48828125 0.6438015625 0.533203125 0.6438015625 0.5693359375 0.6506609375 0.5966796875 0.6624203125 0.576171875 0.666340625 0.5458984375 0.6697703125000001 0.5244140625
18 0.652621875 0.4267578125 0.642821875 0.4052734375 0.6300828125 0.4052734375 0.6163640625 0.423828125 0.6163640625 0.4775390625 0.6173437500000001 0.513671875 0.6193046875 0.552734375 0.6246937499999999 0.578125 0.6335124999999999 0.5439453125 0.6354734375 0.51171875 0.6462515625 0.4609375 0.652621875 0.4267578125
19 0.6011765625 0.537109375 0.6055859375 0.509765625 0.610975 0.4736328125 0.6148953125000001 0.443359375 0.610975 0.400390625 0.59480625 0.3876953125 0.5820671875000001 0.396484375 0.5756984375 0.419921875 0.5786374999999999 0.4453125 0.5786374999999999 0.470703125 0.5786374999999999 0.5029296875 0.5786374999999999 0.537109375 0.5820671875000001 0.580078125 0.6001953125 0.5732421875 0.6011765625 0.537109375
20 0.570309375 0.5244140625 0.5688390625 0.4794921875 0.570309375 0.4453125 0.57226875 0.4091796875 0.5668796875 0.3837890625 0.5541406249999999 0.376953125 0.5433609374999999 0.3896484375 0.5433609374999999 0.421875 0.54875 0.4560546875 0.5541406249999999 0.490234375 0.5551203124999999 0.5205078125 0.5639390625 0.5419921875 0.570309375 0.5244140625
21 0.51004375 0.552734375 0.5271921875000001 0.4921875 0.5350312500000001 0.4501953125 0.54238125 0.4091796875 0.54238125 0.375 0.5252328125 0.3642578125 0.5090640625 0.3642578125 0.503675 0.3984375 0.49926562499999994 0.4375 0.496325 0.4755859375 0.49387499999999995 0.515625 0.5007343750000001 0.552734375 0.51004375 0.552734375
22 0.4630078125 0.529296875 0.4747671875 0.5478515625 0.48652656250000004 0.515625 0.4889765625 0.4775390625 0.491915625 0.447265625 0.49730468749999995 0.419921875 0.49926562499999994 0.3857421875 0.49289531249999996 0.3662109375 0.4772171875 0.3603515625 0.4610484375 0.3642578125 0.4566390625 0.3876953125 0.45859843749999996 0.41796875 0.4630078125 0.4541015625 0.4630078125 0.4970703125 0.4630078125 0.529296875
30 0.4385109375 0.5009765625 0.44292031249999997 0.466796875 0.45026875000000005 0.4306640625 0.45320937499999997 0.392578125 0.44585937500000006 0.3662109375 0.4341015625 0.3662109375 0.425771875 0.3857421875 0.42332187499999996 0.41796875 0.42332187499999996 0.4560546875 0.42038281250000004 0.48828125 0.415971875 0.5224609375 0.42038281250000004 0.5546875 0.4331203125 0.533203125 0.4385109375 0.5009765625
29 0.40715312499999995 0.5673828125 0.409603125 0.5390625 0.41156249999999994 0.5029296875 0.41499218750000005 0.462890625 0.4179328125 0.4287109375 0.415971875 0.400390625 0.41156249999999994 0.3818359375 0.3998046875 0.3798828125 0.38804531249999996 0.3837890625 0.38265625000000003 0.4052734375 0.38510468750000004 0.4267578125 0.38804531249999996 0.4501953125 0.3900046875 0.4921875 0.3900046875 0.5263671875 0.393434375 0.5654296875 0.40715312499999995 0.5673828125
23 0.381675 0.5498046875 0.387065625 0.51171875 0.38804531249999996 0.470703125 0.38265625000000003 0.4375 0.379715625 0.416015625 0.36795625 0.400390625 0.3512984375 0.4033203125 0.35276874999999996 0.4345703125 0.357178125 0.4609375 0.361096875 0.486328125 0.3625671875 0.533203125 0.36893750000000003 0.5732421875 0.381675 0.5498046875
24 0.3517890625 0.5498046875 0.35276874999999996 0.513671875 0.3493390625 0.484375 0.35276874999999996 0.4580078125 0.3517890625 0.4306640625 0.3400296875 0.41796875 0.3258203125 0.419921875 0.318471875 0.44140625 0.324840625 0.4736328125 0.332190625 0.5078125 0.33464062499999997 0.5390625 0.3419890625 0.58203125 0.3517890625 0.5498046875
25 0.274375 0.5478515625 0.274375 0.5732421875 0.27045625 0.60546875 0.29054375 0.603515625 0.29495312500000004 0.576171875 0.29936250000000003 0.5478515625 0.3057328125 0.515625 0.3150421875 0.4814453125 0.318471875 0.4541015625 0.3101421875 0.4345703125 0.2959328125 0.421875 0.28319375 0.4287109375 0.27290468749999997 0.4462890625 0.27339531250000004 0.4794921875 0.272415625 0.509765625 0.274375 0.5478515625
26 0.2523265625 0.5625 0.256246875 0.533203125 0.2616359375 0.509765625 0.2670265625 0.484375 0.262615625 0.4560546875 0.249878125 0.4560546875 0.23517812500000002 0.462890625 0.22733906250000002 0.4921875 0.2297890625 0.5205078125 0.22440000000000002 0.5546875 0.22195 0.5908203125 0.2327296875 0.607421875 0.24693749999999998 0.5947265625 0.2523265625 0.5625
0 0.24154843750000002 0.4091796875 0.2533078125 0.4130859375 0.2640859375 0.39453125 0.276825 0.37109375 0.2807453125 0.353515625 0.274375 0.3232421875 0.24693749999999998 0.3115234375 0.226359375 0.30078125 0.2072515625 0.306640625 0.1954921875 0.330078125 0.20823125 0.3427734375 0.2209703125 0.3642578125 0.2327296875 0.3876953125 0.24154843750000002 0.4091796875
1 0.24154843750000002 0.26171875 0.256246875 0.283203125 0.26506562499999997 0.2919921875 0.27339531250000004 0.3154296875 0.28123437500000004 0.3427734375 0.288584375 0.3662109375 0.302303125 0.37109375 0.31308125000000003 0.35546875 0.3238609375 0.3427734375 0.33464062499999997 0.330078125 0.32925 0.302734375 0.3243515625 0.2841796875 0.3076921875 0.2666015625 0.29495312500000004 0.2431640625 0.2758453125 0.2216796875 0.24889687500000002 0.208984375 0.256246875 0.23046875 0.27045625 0.2578125 0.2616359375 0.255859375 0.23909843749999998 0.2431640625 0.24154843750000002 0.26171875
3 0.33904999999999996 0.279296875 0.3356203125 0.322265625 0.3493390625 0.3388671875 0.3645265625 0.330078125 0.37432656249999996 0.3134765625 0.36893750000000003 0.2880859375 0.36648749999999997 0.26171875 0.36648749999999997 0.2216796875 0.361096875 0.193359375 0.3591375 0.1640625 0.35276874999999996 0.138671875 0.34541875 0.169921875 0.3463984375 0.2060546875 0.3463984375 0.2470703125 0.33904999999999996 0.279296875
4 0.37530625 0.2900390625 0.37530625 0.32421875 0.38510468750000004 0.33203125 0.402253125 0.330078125 0.40715312499999995 0.30859375 0.4042140625 0.2880859375 0.39882343750000004 0.259765625 0.3944140625 0.212890625 0.393434375 0.1640625 0.38363593749999997 0.142578125 0.3762859375 0.162109375 0.37530625 0.193359375 0.3762859375 0.23046875 0.37530625 0.26171875 0.37530625 0.2900390625
5 0.41058281250000006 0.2900390625 0.4140125 0.3193359375 0.42234218749999997 0.33203125 0.4360609375 0.330078125 0.4448796875 0.32421875 0.44292031249999997 0.2958984375 0.4404703125 0.2666015625 0.4331203125 0.2255859375 0.42675156249999996 0.1875 0.4179328125 0.1533203125 0.4042140625 0.1484375 0.40519375 0.1748046875 0.4061734375 0.2041015625 0.4086234375 0.234375 0.41058281250000006 0.26171875 0.41058281250000006 0.2900390625
6 0.4747671875 0.3154296875 0.4728078125 0.2880859375 0.4728078125 0.2509765625 0.4683984375 0.2060546875 0.45761874999999996 0.1787109375 0.45222968750000003 0.2001953125 0.45565937500000003 0.236328125 0.45320937499999997 0.263671875 0.45125000000000004 0.2958984375 0.44683906249999994 0.322265625 0.45859843749999996 0.3349609375 0.4747671875 0.3369140625 0.4747671875 0.3154296875
7 0.49730468749999995 0.263671875 0.491915625 0.2255859375 0.4835859375 0.193359375 0.4728078125 0.2060546875 0.47819687499999997 0.2275390625 0.47819687499999997 0.25390625 0.48113593750000005 0.27734375 0.4791765625 0.30859375 0.4835859375 0.33203125 0.5007343750000001 0.33203125 0.49730468749999995 0.2978515625 0.49730468749999995 0.263671875
8 0.524253125 0.2958984375 0.5198437499999999 0.26171875 0.514453125 0.23046875 0.5071046875 0.19140625 0.496325 0.2060546875 0.5007343750000001 0.23828125 0.5046546875 0.2685546875 0.501715625 0.2978515625 0.498284375 0.3349609375 0.514453125 0.3369140625 0.528171875 0.32421875 0.524253125 0.2958984375
9 0.544340625 0.2041015625 0.5360125 0.16796875 0.5316015625 0.1982421875 0.5316015625 0.2216796875 0.5316015625 0.2490234375 0.5316015625 0.2880859375 0.530621875 0.33203125 0.544340625 0.330078125 0.55855 0.3154296875 0.5531609375000001 0.2724609375 0.5453203125 0.2431640625 0.544340625 0.2041015625
10 0.592846875 0.3134765625 0.592846875 0.2724609375 0.592846875 0.234375 0.5874578125000001 0.1875 0.5796171875 0.1552734375 0.56491875 0.1826171875 0.5658984375 0.2236328125 0.5658984375 0.2578125 0.5595296875 0.3046875 0.5639390625 0.326171875 0.5776578125 0.330078125 0.592846875 0.3134765625
12 0.6609499999999999 0.1640625 0.665359375 0.1357421875 0.652621875 0.1357421875 0.6335124999999999 0.1787109375 0.5913765625 0.302734375 0.6080359375 0.3212890625 0.6261640625 0.3291015625 0.6354734375 0.3115234375 0.6408625 0.2880859375 0.6491921875 0.2578125 0.651640625 0.2236328125 0.6609499999999999 0.1640625
14 0.658990625 0.259765625 0.6462515625 0.2900390625 0.642821875 0.33203125 0.65458125 0.3349609375 0.6717296875 0.3369140625 0.6859375 0.34765625 0.7006375 0.3369140625 0.7030875 0.3046875 0.7050468750000001 0.2724609375 0.7148453124999999 0.240234375 0.7266046875 0.208984375 0.723175 0.1787109375 0.711415625 0.1962890625 0.6986765625 0.23046875 0.6834890625 0.2451171875 0.6849578125 0.208984375 0.695246875 0.185546875 0.6967171875 0.1513671875 0.6805484374999999 0.1640625 0.6727093749999999 0.1806640625 0.6643796875 0.2236328125 0.658990625 0.259765625
15 0.70210625 0.3193359375 0.7035765625 0.357421875 0.71680625 0.35546875 0.736403125 0.384765625 0.7540421875 0.37890625 0.7599218750000001 0.34765625 0.7672703125 0.3134765625 0.7756000000000001 0.28125 0.7888296875 0.2431640625 0.77168125 0.2451171875 0.76188125 0.2685546875 0.7476734375 0.2939453125 0.7427734375 0.27734375 0.7501218749999999 0.2470703125 0.76188125 0.2216796875 0.7672703125 0.193359375 0.7447328125 0.21484375 0.7329734375 0.23828125 0.723175 0.27734375 0.70210625 0.3193359375
16 0.8162671874999999 0.37109375 0.833415625 0.35546875 0.8388046875 0.322265625 0.8294953125 0.302734375 0.8162671874999999 0.2958984375 0.796178125 0.3046875 0.764821875 0.3095703125 0.7604109375 0.3408203125 0.7653109375 0.3603515625 0.7706999999999999 0.390625 0.78686875 0.40625 0.8015671875000001 0.3876953125 0.8162671874999999 0.37109375
13 0.723665625 0.5791015625 0.7212156249999999 0.544921875 0.725625 0.5234375 0.72954375 0.5087890625 0.73689375 0.48828125 0.737384375 0.4619140625 0.737384375 0.4384765625 0.7290546875 0.423828125 0.716315625 0.4267578125 0.7128859375000001 0.4296875 0.7060265625000001 0.4189453125 0.6972078125000001 0.412109375 0.692796875 0.416015625 0.6849578125 0.421875 0.6825078125 0.48046875 0.68691875 0.51953125 0.6859375 0.5673828125 0.6937781249999999 0.59765625 0.70210625 0.615234375 0.708965625 0.6083984375 0.7065171875 0.5791015625 0.70700625 0.5576171875 0.709946875 0.568359375 0.711415625 0.59375 0.7207250000000001 0.611328125 0.723665625 0.5791015625