2 0.392578125 0.7520828125000001 0.41796875 0.7427734375 0.4345703125 0.7285640625 0.416015625 0.711415625 0.3876953125 0.70945625 0.35546875 0.7148453124999999 0.326171875 0.71680625 0.2939453125 0.7202359375 0.25390625 0.734934375 0.2880859375 0.7413031250000001 0.330078125 0.7466921875 0.3623046875 0.7476734375 0.392578125 0.7520828125000001
13 0.30859375 0.6986765625 0.349609375 0.7006375 0.3818359375 0.7050468750000001 0.4287109375 0.7104359375 0.462890625 0.70700625 0.4580078125 0.697696875 0.4794921875 0.691328125 0.4755859375 0.675159375 0.46484375 0.6609499999999999 0.4375 0.6560515625 0.4072265625 0.6609499999999999 0.37109375 0.6643796875 0.330078125 0.666340625 0.28515625 0.6727093749999999 0.2744140625 0.6898578125 0.30859375 0.6986765625
18 0.470703125 0.626653125 0.4814453125 0.6163640625 0.4775390625 0.60215625 0.4453125 0.596765625 0.3984375 0.5957859375 0.3603515625 0.59480625 0.2978515625 0.5938265625 0.2724609375 0.608525 0.3134765625 0.618325 0.3603515625 0.618325 0.396484375 0.6227343750000001 0.443359375 0.6281234375 0.470703125 0.626653125
19 0.3623046875 0.59480625 0.4033203125 0.5938265625 0.44140625 0.592846875 0.4814453125 0.596765625 0.4990234375 0.5850078125 0.490234375 0.5732484375 0.466796875 0.5658984375 0.4326171875 0.567859375 0.396484375 0.570309375 0.3515625 0.57226875 0.3115234375 0.57226875 0.27734375 0.576678125 0.302734375 0.5938265625 0.3623046875 0.59480625
20 0.4541015625 0.5624687500000001 0.4951171875 0.560509375 0.5009765625 0.5453203125 0.490234375 0.5335625 0.466796875 0.5350312500000001 0.4375 0.5369921875 0.400390625 0.54238125 0.3603515625 0.54238125 0.3193359375 0.54238125 0.3115234375 0.5521796875 0.3818359375 0.5595296875 0.419921875 0.560509375 0.4541015625 0.5624687500000001
21 0.44140625 0.5325828125000001 0.4814453125 0.5335625 0.5185546875 0.5350312500000001 0.513671875 0.5178828125 0.5078125 0.503675 0.4775390625 0.498284375 0.4287109375 0.5007343750000001 0.375 0.5026953125 0.328125 0.5046546875 0.28515625 0.5134734375 0.3193359375 0.5227828125 0.3984375 0.5296421875 0.44140625 0.5325828125000001
22 0.4609375 0.4953453125 0.509765625 0.49387499999999995 0.51171875 0.4737875 0.51171875 0.45761874999999996 0.466796875 0.45761874999999996 0.4287109375 0.46202812499999996 0.39453125 0.46202812499999996 0.35546875 0.46202812499999996 0.30859375 0.46643749999999995 0.28515625 0.4791765625 0.3193359375 0.48995625 0.373046875 0.48995625 0.4091796875 0.4889765625 0.4609375 0.4953453125
30 0.376953125 0.45222968750000003 0.419921875 0.45320937499999997 0.4609375 0.4546796875 0.5029296875 0.4566390625 0.5048828125 0.44292031249999997 0.5009765625 0.429690625 0.46484375 0.42675156249999996 0.419921875 0.4331203125 0.392578125 0.4331203125 0.35546875 0.4331203125 0.3115234375 0.4385109375 0.2939453125 0.45125000000000004 0.3349609375 0.45565937500000003 0.376953125 0.45222968750000003
29 0.4609375 0.425771875 0.4814453125 0.415971875 0.48828125 0.402253125 0.46875 0.391475 0.423828125 0.3944140625 0.375 0.39539375 0.33203125 0.39882343750000004 0.28125 0.4086234375 0.3193359375 0.42038281250000004 0.376953125 0.42234218749999997 0.4130859375 0.42234218749999997 0.4609375 0.425771875
27 0.21484375 0.2327296875 0.2431640625 0.23811875 0.27734375 0.2479171875 0.306640625 0.249878125 0.3349609375 0.2542875 0.3642578125 0.258696875 0.392578125 0.26065625 0.4130859375 0.2508578125 0.421875 0.240078125 0.4052734375 0.226359375 0.3857421875 0.21362031250000002 0.3603515625 0.21459999999999999 0.3388671875 0.22195 0.30859375 0.22440000000000002 0.28125 0.22537968749999998 0.2431640625 0.22537968749999998 0.21484375 0.2327296875
1 0.5478515625 0.35276874999999996 0.6015625 0.3375796875 0.6572265625 0.33121093749999997 0.64453125 0.3194515625 0.6123046875 0.3219015625 0.58203125 0.32288125 0.5458984375 0.324840625 0.509765625 0.33022968750000004 0.4755859375 0.33022968750000004 0.4736328125 0.34541875 0.48828125 0.3625671875 0.5205078125 0.3625671875 0.5478515625 0.35276874999999996
3 0.5654296875 0.38363593749999997 0.6015625 0.37530625 0.6376953125 0.36550781250000003 0.6953125 0.3581578125 0.6826171875 0.34394843750000004 0.646484375 0.347378125 0.5927734375 0.3581578125 0.5546875 0.361096875 0.5224609375 0.361096875 0.5048828125 0.3699171875 0.48828125 0.381675 0.5078125 0.3944140625 0.5439453125 0.391475 0.5654296875 0.38363593749999997
4 0.6015625 0.41695312500000004 0.646484375 0.41058281250000006 0.6865234375 0.4061734375 0.7314453125 0.391475 0.6953125 0.3860859375 0.6572265625 0.3860859375 0.6201171875 0.389025 0.578125 0.3900046875 0.5390625 0.3944140625 0.5078125 0.403234375 0.515625 0.42038281250000004 0.5458984375 0.42332187499999996 0.6015625 0.41695312500000004
5 0.7119140625 0.439490625 0.677734375 0.43116093749999995 0.6416015625 0.42675156249999996 0.603515625 0.425771875 0.5654296875 0.425771875 0.5224609375 0.425771875 0.5263671875 0.4492890625 0.5654296875 0.4492890625 0.6015625 0.4448796875 0.626953125 0.44585937500000006 0.6611328125 0.44585937500000006 0.7119140625 0.439490625
6 0.693359375 0.46006875 0.646484375 0.4546796875 0.603515625 0.45320937499999997 0.5654296875 0.45125000000000004 0.5244140625 0.45125000000000004 0.529296875 0.4747671875 0.5625 0.4728078125 0.5966796875 0.4728078125 0.6396484375 0.4728078125 0.6826171875 0.469378125 0.693359375 0.46006875
7 0.650390625 0.48652656250000004 0.6142578125 0.48015625 0.580078125 0.475746875 0.5390625 0.4747671875 0.533203125 0.491915625 0.556640625 0.496325 0.5888671875 0.49730468749999995 0.623046875 0.49926562499999994 0.66796875 0.5026953125 0.697265625 0.49387499999999995 0.650390625 0.48652656250000004
8 0.62890625 0.5325828125000001 0.677734375 0.5369921875 0.69140625 0.5271921875000001 0.6650390625 0.5178828125 0.6396484375 0.5110234375 0.6123046875 0.5071046875 0.576171875 0.5026953125 0.5439453125 0.498284375 0.53125 0.5071046875 0.5419921875 0.524253125 0.5693359375 0.5262125 0.607421875 0.5271921875000001 0.62890625 0.5325828125000001
9 0.6484375 0.5756984375 0.6884765625 0.5810875 0.7119140625 0.5756984375 0.6845703125 0.5614890625 0.6484375 0.54973125 0.623046875 0.5433609374999999 0.5966796875 0.5316015625 0.5654296875 0.5262125 0.5419921875 0.5296421875 0.529296875 0.54238125 0.5458984375 0.5541406249999999 0.5869140625 0.560509375 0.6181640625 0.5658984375 0.6484375 0.5756984375
10 0.6572265625 0.5894171874999999 0.625 0.5810875 0.5927734375 0.570309375 0.5673828125 0.5614890625 0.5390625 0.5595296875 0.5263671875 0.570309375 0.529296875 0.5874578125000001 0.5732421875 0.59480625 0.607421875 0.6001953125 0.6484375 0.6075453125 0.673828125 0.6011765625 0.6572265625 0.5894171874999999
11 0.623046875 0.6344921875 0.669921875 0.6344921875 0.6396484375 0.620284375 0.6142578125 0.610975 0.5888671875 0.60215625 0.55859375 0.596765625 0.529296875 0.5874578125000001 0.51171875 0.5938265625 0.5029296875 0.60460625 0.513671875 0.6173437500000001 0.5458984375 0.6246937499999999 0.5732421875 0.6300828125 0.623046875 0.6344921875
16 0.5107421875 0.7863796875 0.5458984375 0.7951984375000001 0.55859375 0.7790296875 0.537109375 0.7628609375 0.515625 0.7466921875 0.4951171875 0.7329734375 0.46875 0.725625 0.4453125 0.7329734375 0.4306640625 0.7457125 0.416015625 0.7599218750000001 0.443359375 0.76923125 0.46875 0.7790296875 0.5107421875 0.7863796875