2 0.244865625 0.384765625 0.241621875 0.3427734375 0.23081093749999998 0.3056640625 0.21243281249999998 0.3193359375 0.2081078125 0.359375 0.2070265625 0.396484375 0.201621875 0.42578125 0.1891890625 0.4521484375 0.1929734375 0.4833984375 0.2091890625 0.4990234375 0.2275671875 0.5107421875 0.24270312500000002 0.4951171875 0.243784375 0.4521484375 0.244865625 0.421875 0.244865625 0.384765625
13 0.29945937499999997 0.4697265625 0.295134375 0.435546875 0.2918921875 0.400390625 0.2897296875 0.36328125 0.27675625 0.3369140625 0.262703125 0.353515625 0.255134375 0.37890625 0.255134375 0.41015625 0.2497296875 0.447265625 0.243784375 0.4833984375 0.2475671875 0.5107421875 0.258378125 0.5224609375 0.27675625 0.5283203125 0.29405468749999997 0.5283203125 0.29945937499999997 0.5009765625 0.29945937499999997 0.4697265625
17 0.31567500000000004 0.3251953125 0.3075671875 0.39453125 0.3064859375 0.443359375 0.30324375 0.4716796875 0.300540625 0.5244140625 0.3097296875 0.5439453125 0.323784375 0.5380859375 0.3313515625 0.5146484375 0.3281078125 0.4775390625 0.3259453125 0.3271484375 0.31567500000000004 0.3251953125
18 0.363784375 0.439453125 0.362703125 0.3486328125 0.3529734375 0.3486328125 0.3454046875 0.4326171875 0.34324374999999996 0.4794921875 0.33351406250000004 0.5009765625 0.335675 0.5341796875 0.34216250000000004 0.5546875 0.36 0.552734375 0.3675671875 0.5224609375 0.3654046875 0.4873046875 0.363784375 0.439453125
19 0.4054046875 0.552734375 0.40972968749999994 0.5205078125 0.40756718750000004 0.4814453125 0.40324375 0.435546875 0.401621875 0.359375 0.3913515625 0.3154296875 0.38324375 0.3271484375 0.376215625 0.37109375 0.37405468750000004 0.41796875 0.37405468750000004 0.4697265625 0.3675671875 0.5029296875 0.3675671875 0.5439453125 0.378378125 0.564453125 0.3935140625 0.568359375 0.4054046875 0.552734375
20 0.443784375 0.4716796875 0.435675 0.326171875 0.41513437499999994 0.318359375 0.4129734375 0.412109375 0.41513437499999994 0.4619140625 0.4140546875 0.4990234375 0.4108109375 0.5380859375 0.41513437499999994 0.55859375 0.4308109375 0.568359375 0.4502703125 0.560546875 0.4502703125 0.5146484375 0.443784375 0.4716796875
21 0.49621562499999994 0.4853515625 0.4940546875 0.4521484375 0.4864859375 0.408203125 0.478378125 0.322265625 0.460540625 0.322265625 0.4578375 0.365234375 0.455675 0.4296875 0.455675 0.4794921875 0.45351406250000004 0.5146484375 0.45459531249999996 0.564453125 0.4708109375 0.56640625 0.4897296875 0.568359375 0.498378125 0.556640625 0.49729687499999997 0.5244140625 0.49621562499999994 0.4853515625
22 0.54 0.4775390625 0.54 0.443359375 0.53891875 0.404296875 0.5345953125 0.361328125 0.5275671875 0.3193359375 0.5124328125 0.359375 0.5059453125 0.396484375 0.5059453125 0.435546875 0.5070265625 0.4794921875 0.501621875 0.5078125 0.5021625000000001 0.5654296875 0.52108125 0.564453125 0.53891875 0.564453125 0.5502703125 0.5576171875 0.5454046875 0.5048828125 0.54 0.4775390625
30 0.58 0.4541015625 0.5789187499999999 0.419921875 0.575675 0.376953125 0.5691890625 0.3408203125 0.560540625 0.38671875 0.557296875 0.447265625 0.5518921875 0.4853515625 0.5486484375 0.5166015625 0.5524328125 0.552734375 0.5670265624999999 0.5556640625 0.5832437500000001 0.5478515625 0.5902703125000001 0.529296875 0.584325 0.4912109375 0.58 0.4541015625
29 0.6270265625 0.4697265625 0.623784375 0.439453125 0.623784375 0.3984375 0.619459375 0.357421875 0.6075671875 0.3310546875 0.59675625 0.35546875 0.5924328125 0.392578125 0.5924328125 0.42578125 0.5924328125 0.4677734375 0.5902703125000001 0.5048828125 0.5886484375000001 0.5302734375 0.604325 0.548828125 0.6227031249999999 0.5478515625 0.6324328125 0.53125 0.6335140625 0.4970703125 0.6270265625 0.4697265625
23 0.6513515625 0.4375 0.6459453125 0.3583984375 0.635675 0.35546875 0.6297296875 0.3974609375 0.6291890625 0.4384765625 0.6297296875 0.4755859375 0.6345953125 0.5087890625 0.6302703125 0.515625 0.6502703125 0.541015625 0.6654046874999999 0.51953125 0.66324375 0.4833984375 0.658378125 0.46875 0.6513515625 0.4375
24 0.6870265625 0.416015625 0.6870265625 0.37890625 0.679459375 0.3388671875 0.6697296875000001 0.388671875 0.6675671875 0.42578125 0.6654046874999999 0.4619140625 0.6654046874999999 0.4853515625 0.6708109375 0.5068359375 0.684865625 0.5185546875 0.7016218750000001 0.5087890625 0.699459375 0.4736328125 0.695675 0.443359375 0.6870265625 0.416015625
25 0.741621875 0.412109375 0.7405406250000001 0.3828125 0.7405406250000001 0.3447265625 0.724325 0.3349609375 0.700540625 0.3291015625 0.699459375 0.37109375 0.702703125 0.4140625 0.700540625 0.4501953125 0.70108125 0.4931640625 0.715675 0.5126953125 0.735134375 0.5068359375 0.7513515625 0.4912109375 0.755134375 0.4638671875 0.7470265625 0.43359375 0.741621875 0.412109375
26 0.80324375 0.47265625 0.8102703124999999 0.4453125 0.801621875 0.4140625 0.7897296875 0.392578125 0.7854046875 0.3515625 0.78324375 0.3076171875 0.764865625 0.3056640625 0.7502703125 0.3310546875 0.7502703125 0.349609375 0.7491890625 0.3701171875 0.7502703125 0.39453125 0.7524328125 0.41796875 0.7540546875 0.44921875 0.7540546875 0.486328125 0.7718921875 0.4970703125 0.7886484375 0.4833984375 0.80324375 0.47265625
0 0.8027031250000001 0.6806640625 0.7897296875 0.650390625 0.7854046875 0.623046875 0.803784375 0.6572265625 0.8270265625000001 0.6904296875 0.823784375 0.6591796875 0.8091890625 0.62109375 0.800540625 0.595703125 0.7929734374999999 0.56640625 0.7908109375000001 0.5458984375 0.78108125 0.5126953125 0.7670265625 0.5126953125 0.7524328125 0.5244140625 0.7340546875 0.5322265625 0.7329734375 0.5625 0.741621875 0.5859375 0.742703125 0.603515625 0.7497296875 0.6142578125 0.7540546875 0.62109375 0.7713515625 0.6630859375 0.7897296875 0.6884765625 0.8102703124999999 0.6982421875 0.8027031250000001 0.6806640625
1 0.7124328125 0.650390625 0.7221625 0.650390625 0.736215625 0.6728515625 0.7459453125 0.7021484375 0.7594593749999999 0.7001953125 0.7459453125 0.6572265625 0.736215625 0.642578125 0.7318921875 0.60546875 0.7308109375 0.58203125 0.7297296875 0.55078125 0.71891875 0.5400390625 0.700540625 0.5419921875 0.683784375 0.5498046875 0.6675671875 0.55859375 0.6718921875 0.591796875 0.684865625 0.619140625 0.6891890625 0.65234375 0.6945953125 0.6708984375 0.7048656249999999 0.7119140625 0.715675 0.7412109375 0.7297296875 0.7294921875 0.7145953125 0.6865234375 0.7124328125 0.650390625
3 0.6740546875 0.64453125 0.6697296875000001 0.603515625 0.6675671875 0.5703125 0.6578375000000001 0.55078125 0.6410812499999999 0.5625 0.635134375 0.59375 0.6502703125 0.634765625 0.66324375 0.6787109375 0.6740546875 0.7158203125 0.695675 0.7578125 0.6902703125 0.7099609375 0.682703125 0.6748046875 0.6740546875 0.64453125
4 0.641621875 0.6669921875 0.6410812499999999 0.625 0.63675625 0.59375 0.63675625 0.5703125 0.621621875 0.5859375 0.6032437500000001 0.59375 0.6162156249999999 0.642578125 0.6302703125 0.6982421875 0.6378375000000001 0.7412109375 0.6502703125 0.759765625 0.6491890625 0.7236328125 0.6470265625 0.6982421875 0.641621875 0.6669921875
5 0.604325 0.6689453125 0.6 0.62890625 0.5989187499999999 0.595703125 0.5859453125 0.595703125 0.5713515625000001 0.591796875 0.5691890625 0.61328125 0.5767562500000001 0.650390625 0.58 0.6826171875 0.5902703125000001 0.7158203125 0.604325 0.755859375 0.6227031249999999 0.7890625 0.6227031249999999 0.759765625 0.618378125 0.7294921875 0.6118921875 0.6982421875 0.604325 0.6689453125
6 0.5670265624999999 0.640625 0.559459375 0.603515625 0.53891875 0.5859375 0.53891875 0.62890625 0.54108125 0.6650390625 0.5421625 0.7255859375 0.556215625 0.7578125 0.563784375 0.7216796875 0.563784375 0.6826171875 0.5670265624999999 0.640625
7 0.5313515625 0.7099609375 0.5291890625 0.6669921875 0.5291890625 0.625 0.5291890625 0.587890625 0.504865625 0.59375 0.5059453125 0.626953125 0.5113515625 0.6650390625 0.5145953125 0.7158203125 0.52108125 0.7529296875 0.5275671875 0.771484375 0.5324328125 0.7490234375 0.5313515625 0.7099609375
8 0.5097296874999999 0.7373046875 0.5064859375 0.7119140625 0.502703125 0.681640625 0.500540625 0.640625 0.502703125 0.591796875 0.48324375 0.603515625 0.47945937499999997 0.6240234375 0.482703125 0.658203125 0.484325 0.6865234375 0.4881078125 0.72265625 0.4870265625 0.755859375 0.5 0.76171875 0.5097296874999999 0.7373046875
9 0.4697296875 0.7080078125 0.47189218750000006 0.6630859375 0.4745953125 0.623046875 0.4686484375 0.599609375 0.4502703125 0.603515625 0.43729687500000003 0.62890625 0.442703125 0.6552734375 0.442703125 0.6884765625 0.444865625 0.7255859375 0.4524328125 0.76171875 0.46108125 0.783203125 0.4686484375 0.7509765625 0.4697296875 0.7080078125
10 0.4329734375 0.650390625 0.436215625 0.60546875 0.4264859375 0.58984375 0.40432499999999993 0.59765625 0.40216250000000003 0.630859375 0.4 0.6611328125 0.39891875 0.6904296875 0.39891875 0.7197265625 0.40324375 0.763671875 0.4064859375 0.796875 0.42000000000000004 0.771484375 0.4264859375 0.7333984375 0.4308109375 0.6904296875 0.4329734375 0.650390625
11 0.3935140625 0.63671875 0.4 0.607421875 0.38594531249999997 0.58203125 0.3686484375 0.587890625 0.36324375 0.615234375 0.36108125 0.64453125 0.36108125 0.6787109375 0.36 0.7119140625 0.364325 0.76953125 0.3675671875 0.8046875 0.378378125 0.7529296875 0.384865625 0.7021484375 0.3902703125 0.6728515625 0.3935140625 0.63671875
12 0.35621562500000004 0.640625 0.3621625 0.595703125 0.34324374999999996 0.58203125 0.3270265625 0.576171875 0.317296875 0.603515625 0.317296875 0.650390625 0.3108109375 0.6904296875 0.3086484375 0.7333984375 0.30324375 0.7890625 0.316215625 0.76953125 0.3291890625 0.7353515625 0.344325 0.7041015625 0.3518921875 0.6708984375 0.35621562500000004 0.640625
14 0.284325 0.6923828125 0.284325 0.7158203125 0.275675 0.7392578125 0.2670265625 0.763671875 0.2778375 0.759765625 0.2908109375 0.7451171875 0.298378125 0.7216796875 0.3086484375 0.6943359375 0.3129734375 0.6591796875 0.3291890625 0.62890625 0.33459531249999996 0.56640625 0.3097296875 0.5712890625 0.2935140625 0.5556640625 0.2691890625 0.552734375 0.26324375 0.595703125 0.261621875 0.623046875 0.2529734375 0.6611328125 0.243784375 0.6962890625 0.23405468749999997 0.7490234375 0.243784375 0.7509765625 0.256215625 0.7275390625 0.2670265625 0.7001953125 0.2778375 0.6708984375 0.284325 0.6923828125
15 0.2497296875 0.619140625 0.260540625 0.58984375 0.27081093749999996 0.5556640625 0.257296875 0.541015625 0.23621562499999998 0.5458984375 0.22432500000000002 0.5283203125 0.2091890625 0.5341796875 0.20270312499999998 0.56640625 0.19729687499999998 0.59375 0.1929734375 0.625 0.17621562500000001 0.6630859375 0.1697296875 0.6884765625 0.178378125 0.7080078125 0.1929734375 0.7041015625 0.2070265625 0.6923828125 0.22108124999999998 0.6728515625 0.23297343750000002 0.6484375 0.2497296875 0.619140625