2 0.57421875 0.201621875 0.5478515625 0.1891890625 0.5166015625 0.1929734375 0.5009765625 0.2091890625 0.4892578125 0.2275671875 0.5048828125 0.24270312500000002 0.5478515625 0.243784375 0.578125 0.244865625 0.615234375 0.244865625 0.6572265625 0.241621875 0.6943359375 0.23081093749999998 0.6806640625 0.21243281249999998 0.640625 0.2081078125 0.603515625 0.2070265625 0.57421875 0.201621875
13 0.62109375 0.255134375 0.58984375 0.255134375 0.552734375 0.2497296875 0.5166015625 0.243784375 0.4892578125 0.2475671875 0.4775390625 0.258378125 0.4716796875 0.27675625 0.4716796875 0.29405468749999997 0.4990234375 0.29945937499999997 0.5302734375 0.29945937499999997 0.564453125 0.295134375 0.599609375 0.2918921875 0.63671875 0.2897296875 0.6630859375 0.27675625 0.646484375 0.262703125 0.62109375 0.255134375
17 0.4619140625 0.323784375 0.4853515625 0.3313515625 0.5224609375 0.3281078125 0.6728515625 0.3259453125 0.6748046875 0.31567500000000004 0.60546875 0.3075671875 0.556640625 0.3064859375 0.5283203125 0.30324375 0.4755859375 0.300540625 0.4560546875 0.3097296875 0.4619140625 0.323784375
18 0.4658203125 0.335675 0.4453125 0.34216250000000004 0.447265625 0.36 0.4775390625 0.3675671875 0.5126953125 0.3654046875 0.560546875 0.363784375 0.6513671875 0.362703125 0.6513671875 0.3529734375 0.5673828125 0.3454046875 0.5205078125 0.34324374999999996 0.4990234375 0.33351406250000004 0.4658203125 0.335675
19 0.6728515625 0.38324375 0.62890625 0.376215625 0.58203125 0.37405468750000004 0.5302734375 0.37405468750000004 0.4970703125 0.3675671875 0.4560546875 0.3675671875 0.435546875 0.378378125 0.431640625 0.3935140625 0.447265625 0.4054046875 0.4794921875 0.40972968749999994 0.5185546875 0.40756718750000004 0.564453125 0.40324375 0.640625 0.401621875 0.6845703125 0.3913515625 0.6728515625 0.38324375
20 0.4619140625 0.4108109375 0.44140625 0.41513437499999994 0.431640625 0.4308109375 0.439453125 0.4502703125 0.4853515625 0.4502703125 0.5283203125 0.443784375 0.673828125 0.435675 0.681640625 0.41513437499999994 0.587890625 0.4129734375 0.5380859375 0.41513437499999994 0.5009765625 0.4140546875 0.4619140625 0.4108109375
21 0.5703125 0.455675 0.5205078125 0.455675 0.4853515625 0.45351406250000004 0.435546875 0.45459531249999996 0.43359375 0.4708109375 0.431640625 0.4897296875 0.443359375 0.498378125 0.4755859375 0.49729687499999997 0.5146484375 0.49621562499999994 0.5478515625 0.4940546875 0.591796875 0.4864859375 0.677734375 0.478378125 0.677734375 0.460540625 0.634765625 0.4578375 0.5703125 0.455675
22 0.603515625 0.5059453125 0.564453125 0.5059453125 0.5205078125 0.5070265625 0.4921875 0.501621875 0.4345703125 0.5021625000000001 0.435546875 0.52108125 0.435546875 0.53891875 0.4423828125 0.5502703125 0.4951171875 0.5454046875 0.5224609375 0.54 0.556640625 0.54 0.595703125 0.53891875 0.638671875 0.5345953125 0.6806640625 0.5275671875 0.640625 0.5124328125 0.603515625 0.5059453125
30 0.5146484375 0.5518921875 0.4833984375 0.5486484375 0.447265625 0.5524328125 0.4443359375 0.5670265624999999 0.4521484375 0.5832437500000001 0.470703125 0.5902703125000001 0.5087890625 0.584325 0.5458984375 0.58 0.580078125 0.5789187499999999 0.623046875 0.575675 0.6591796875 0.5691890625 0.61328125 0.560540625 0.552734375 0.557296875 0.5146484375 0.5518921875
29 0.607421875 0.5924328125 0.57421875 0.5924328125 0.5322265625 0.5924328125 0.4951171875 0.5902703125000001 0.4697265625 0.5886484375000001 0.451171875 0.604325 0.4521484375 0.6227031249999999 0.46875 0.6324328125 0.5029296875 0.6335140625 0.5302734375 0.6270265625 0.560546875 0.623784375 0.6015625 0.623784375 0.642578125 0.619459375 0.6689453125 0.6075671875 0.64453125 0.59675625 0.607421875 0.5924328125
23 0.4912109375 0.6345953125 0.484375 0.6302703125 0.458984375 0.6502703125 0.48046875 0.6654046874999999 0.5166015625 0.66324375 0.53125 0.658378125 0.5625 0.6513515625 0.6416015625 0.6459453125 0.64453125 0.635675 0.6025390625 0.6297296875 0.5615234375 0.6291890625 0.5244140625 0.6297296875 0.4912109375 0.6345953125
24 0.5146484375 0.6654046874999999 0.4931640625 0.6708109375 0.4814453125 0.684865625 0.4912109375 0.7016218750000001 0.5263671875 0.699459375 0.556640625 0.695675 0.583984375 0.6870265625 0.62109375 0.6870265625 0.6611328125 0.679459375 0.611328125 0.6697296875000001 0.57421875 0.6675671875 0.5380859375 0.6654046874999999 0.5146484375 0.6654046874999999
25 0.5859375 0.702703125 0.5498046875 0.700540625 0.5068359375 0.70108125 0.4873046875 0.715675 0.4931640625 0.735134375 0.5087890625 0.7513515625 0.5361328125 0.755134375 0.56640625 0.7470265625 0.587890625 0.741621875 0.6171875 0.7405406250000001 0.6552734375 0.7405406250000001 0.6650390625 0.724325 0.6708984375 0.700540625 0.62890625 0.699459375 0.5859375 0.702703125
26 0.6943359375 0.764865625 0.6689453125 0.7502703125 0.650390625 0.7502703125 0.6298828125 0.7491890625 0.60546875 0.7502703125 0.58203125 0.7524328125 0.55078125 0.7540546875 0.513671875 0.7540546875 0.5029296875 0.7718921875 0.5166015625 0.7886484375 0.52734375 0.80324375 0.5546875 0.8102703124999999 0.5859375 0.801621875 0.607421875 0.7897296875 0.6484375 0.7854046875 0.6923828125 0.78324375 0.6943359375 0.764865625
0 0.37890625 0.8091890625 0.404296875 0.800540625 0.43359375 0.7929734374999999 0.4541015625 0.7908109375000001 0.4873046875 0.78108125 0.4873046875 0.7670265625 0.4755859375 0.7524328125 0.4677734375 0.7340546875 0.4375 0.7329734375 0.4140625 0.741621875 0.396484375 0.742703125 0.3857421875 0.7497296875 0.37890625 0.7540546875 0.3369140625 0.7713515625 0.3115234375 0.7897296875 0.3017578125 0.8102703124999999 0.3193359375 0.8027031250000001 0.349609375 0.7897296875 0.376953125 0.7854046875 0.3427734375 0.803784375 0.3095703125 0.8270265625000001 0.3408203125 0.823784375 0.37890625 0.8091890625
1 0.357421875 0.736215625 0.39453125 0.7318921875 0.41796875 0.7308109375 0.44921875 0.7297296875 0.4599609375 0.71891875 0.4580078125 0.700540625 0.4501953125 0.683784375 0.44140625 0.6675671875 0.408203125 0.6718921875 0.380859375 0.684865625 0.34765625 0.6891890625 0.3291015625 0.6945953125 0.2880859375 0.7048656249999999 0.2587890625 0.715675 0.2705078125 0.7297296875 0.3134765625 0.7145953125 0.349609375 0.7124328125 0.349609375 0.7221625 0.3271484375 0.736215625 0.2978515625 0.7459453125 0.2998046875 0.7594593749999999 0.3427734375 0.7459453125 0.357421875 0.736215625
3 0.365234375 0.6502703125 0.3212890625 0.66324375 0.2841796875 0.6740546875 0.2421875 0.695675 0.2900390625 0.6902703125 0.3251953125 0.682703125 0.35546875 0.6740546875 0.396484375 0.6697296875000001 0.4296875 0.6675671875 0.44921875 0.6578375000000001 0.4375 0.6410812499999999 0.40625 0.635134375 0.365234375 0.6502703125
4 0.357421875 0.6162156249999999 0.3017578125 0.6302703125 0.2587890625 0.6378375000000001 0.240234375 0.6502703125 0.2763671875 0.6491890625 0.3017578125 0.6470265625 0.3330078125 0.641621875 0.375 0.6410812499999999 0.40625 0.63675625 0.4296875 0.63675625 0.4140625 0.621621875 0.40625 0.6032437500000001 0.357421875 0.6162156249999999
5 0.349609375 0.5767562500000001 0.3173828125 0.58 0.2841796875 0.5902703125000001 0.244140625 0.604325 0.2109375 0.6227031249999999 0.240234375 0.6227031249999999 0.2705078125 0.618378125 0.3017578125 0.6118921875 0.3310546875 0.604325 0.37109375 0.6 0.404296875 0.5989187499999999 0.404296875 0.5859453125 0.408203125 0.5713515625000001 0.38671875 0.5691890625 0.349609375 0.5767562500000001
6 0.2421875 0.556215625 0.2783203125 0.563784375 0.3173828125 0.563784375 0.359375 0.5670265624999999 0.396484375 0.559459375 0.4140625 0.53891875 0.37109375 0.53891875 0.3349609375 0.54108125 0.2744140625 0.5421625 0.2421875 0.556215625
7 0.3349609375 0.5113515625 0.2841796875 0.5145953125 0.2470703125 0.52108125 0.228515625 0.5275671875 0.2509765625 0.5324328125 0.2900390625 0.5313515625 0.3330078125 0.5291890625 0.375 0.5291890625 0.412109375 0.5291890625 0.40625 0.504865625 0.373046875 0.5059453125 0.3349609375 0.5113515625
8 0.3759765625 0.47945937499999997 0.341796875 0.482703125 0.3134765625 0.484325 0.27734375 0.4881078125 0.244140625 0.4870265625 0.23828125 0.5 0.2626953125 0.5097296874999999 0.2880859375 0.5064859375 0.318359375 0.502703125 0.359375 0.500540625 0.408203125 0.502703125 0.396484375 0.48324375 0.3759765625 0.47945937499999997
9 0.3447265625 0.442703125 0.3115234375 0.442703125 0.2744140625 0.444865625 0.23828125 0.4524328125 0.216796875 0.46108125 0.2490234375 0.4686484375 0.2919921875 0.4697296875 0.3369140625 0.47189218750000006 0.376953125 0.4745953125 0.400390625 0.4686484375 0.396484375 0.4502703125 0.37109375 0.43729687500000003 0.3447265625 0.442703125
10 0.3095703125 0.39891875 0.2802734375 0.39891875 0.236328125 0.40324375 0.203125 0.4064859375 0.228515625 0.42000000000000004 0.2666015625 0.4264859375 0.3095703125 0.4308109375 0.349609375 0.4329734375 0.39453125 0.436215625 0.41015625 0.4264859375 0.40234375 0.40432499999999993 0.369140625 0.40216250000000003 0.3388671875 0.4 0.3095703125 0.39891875
11 0.3212890625 0.36108125 0.2880859375 0.36 0.23046875 0.364325 0.1953125 0.3675671875 0.2470703125 0.378378125 0.2978515625 0.384865625 0.3271484375 0.3902703125 0.36328125 0.3935140625 0.392578125 0.4 0.41796875 0.38594531249999997 0.412109375 0.3686484375 0.384765625 0.36324375 0.35546875 0.36108125 0.3212890625 0.36108125
12 0.3095703125 0.3108109375 0.2666015625 0.3086484375 0.2109375 0.30324375 0.23046875 0.316215625 0.2646484375 0.3291890625 0.2958984375 0.344325 0.3291015625 0.3518921875 0.359375 0.35621562500000004 0.404296875 0.3621625 0.41796875 0.34324374999999996 0.423828125 0.3270265625 0.396484375 0.317296875 0.349609375 0.317296875 0.3095703125 0.3108109375
14 0.2783203125 0.298378125 0.3056640625 0.3086484375 0.3408203125 0.3129734375 0.37109375 0.3291890625 0.43359375 0.33459531249999996 0.4287109375 0.3097296875 0.4443359375 0.2935140625 0.447265625 0.2691890625 0.404296875 0.26324375 0.376953125 0.261621875 0.3388671875 0.2529734375 0.3037109375 0.243784375 0.2509765625 0.23405468749999997 0.2490234375 0.243784375 0.2724609375 0.256215625 0.2998046875 0.2670265625 0.3291015625 0.2778375 0.3076171875 0.284325 0.2841796875 0.284325 0.2607421875 0.275675 0.236328125 0.2670265625 0.240234375 0.2778375 0.2548828125 0.2908109375 0.2783203125 0.298378125
15 0.4658203125 0.2091890625 0.43359375 0.20270312499999998 0.40625 0.19729687499999998 0.375 0.1929734375 0.3369140625 0.17621562500000001 0.3115234375 0.1697296875 0.2919921875 0.178378125 0.2958984375 0.1929734375 0.3076171875 0.2070265625 0.3271484375 0.22108124999999998 0.3515625 0.23297343750000002 0.380859375 0.2497296875 0.41015625 0.260540625 0.4443359375 0.27081093749999996 0.458984375 0.257296875 0.4541015625 0.23621562499999998 0.4716796875 0.22432500000000002 0.4658203125 0.2091890625