2 0.758378125 0.3427734375 0.755134375 0.384765625 0.755134375 0.421875 0.7562156250000001 0.4521484375 0.757296875 0.4951171875 0.7724328125000001 0.5107421875 0.7908109375000001 0.4990234375 0.8070265624999999 0.4833984375 0.8108109375 0.4521484375 0.7983781249999999 0.42578125 0.7929734374999999 0.396484375 0.7918921875 0.359375 0.7875671875 0.3193359375 0.7691890625 0.3056640625 0.758378125 0.3427734375
13 0.7081078125 0.400390625 0.7048656249999999 0.435546875 0.700540625 0.4697265625 0.700540625 0.5009765625 0.7059453125 0.5283203125 0.72324375 0.5283203125 0.741621875 0.5224609375 0.7524328125 0.5107421875 0.7562156250000001 0.4833984375 0.7502703125 0.447265625 0.744865625 0.41015625 0.744865625 0.37890625 0.737296875 0.353515625 0.72324375 0.3369140625 0.7102703125 0.36328125 0.7081078125 0.400390625
17 0.6686484375 0.5146484375 0.676215625 0.5380859375 0.6902703125 0.5439453125 0.699459375 0.5244140625 0.69675625 0.4716796875 0.6935140625 0.443359375 0.6924328125 0.39453125 0.6843250000000001 0.3251953125 0.6740546875 0.3271484375 0.6718921875 0.4775390625 0.6686484375 0.5146484375
18 0.6324328125 0.5224609375 0.64 0.552734375 0.6578375000000001 0.5546875 0.664325 0.5341796875 0.6664859375 0.5009765625 0.65675625 0.4794921875 0.6545953124999999 0.4326171875 0.6470265625 0.3486328125 0.637296875 0.3486328125 0.636215625 0.439453125 0.6345953125 0.4873046875 0.6324328125 0.5224609375
19 0.5902703125000001 0.5205078125 0.5945953125 0.552734375 0.6064859375 0.568359375 0.621621875 0.564453125 0.6324328125 0.5439453125 0.6324328125 0.5029296875 0.6259453125000001 0.4697265625 0.6259453125000001 0.41796875 0.623784375 0.37109375 0.61675625 0.3271484375 0.6086484375000001 0.3154296875 0.598378125 0.359375 0.59675625 0.435546875 0.5924328125 0.4814453125 0.5902703125000001 0.5205078125
20 0.5497296875 0.560546875 0.5691890625 0.568359375 0.5848656250000001 0.55859375 0.5891890625 0.5380859375 0.5859453125 0.4990234375 0.5848656250000001 0.4619140625 0.5870265625 0.412109375 0.5848656250000001 0.318359375 0.564325 0.326171875 0.556215625 0.4716796875 0.5497296875 0.5146484375 0.5497296875 0.560546875
21 0.5059453125 0.4521484375 0.5037843750000001 0.4853515625 0.502703125 0.5244140625 0.501621875 0.556640625 0.5102703125 0.568359375 0.5291890625 0.56640625 0.5454046875 0.564453125 0.5464859375 0.5146484375 0.544325 0.4794921875 0.544325 0.4296875 0.5421625 0.365234375 0.5394593750000001 0.322265625 0.521621875 0.322265625 0.5135140625 0.408203125 0.5059453125 0.4521484375
22 0.46108125 0.404296875 0.45999999999999996 0.443359375 0.45999999999999996 0.4775390625 0.45459531249999996 0.5048828125 0.4497296875 0.5576171875 0.46108125 0.564453125 0.47891874999999995 0.564453125 0.4978375 0.5654296875 0.498378125 0.5078125 0.4929734375 0.4794921875 0.4940546875 0.435546875 0.4940546875 0.396484375 0.4875671875 0.359375 0.4724328125 0.3193359375 0.46540468749999997 0.361328125 0.46108125 0.404296875
30 0.42000000000000004 0.4541015625 0.41567499999999996 0.4912109375 0.40972968749999994 0.529296875 0.41675625 0.5478515625 0.4329734375 0.5556640625 0.44756718749999996 0.552734375 0.4513515625 0.5166015625 0.4481078125 0.4853515625 0.442703125 0.447265625 0.43945937500000004 0.38671875 0.4308109375 0.3408203125 0.42432499999999995 0.376953125 0.42108125 0.419921875 0.42000000000000004 0.4541015625
29 0.376215625 0.3984375 0.376215625 0.439453125 0.3729734375 0.4697265625 0.36648593749999997 0.4970703125 0.3675671875 0.53125 0.377296875 0.5478515625 0.395675 0.548828125 0.4113515625 0.5302734375 0.40972968749999994 0.5048828125 0.40756718750000004 0.4677734375 0.40756718750000004 0.42578125 0.40756718750000004 0.392578125 0.40324375 0.35546875 0.3924328125 0.3310546875 0.38054062499999997 0.357421875 0.376215625 0.3984375
23 0.341621875 0.46875 0.33675625 0.4833984375 0.33459531249999996 0.51953125 0.3497296875 0.541015625 0.3697296875 0.515625 0.3654046875 0.5087890625 0.37027031250000003 0.4755859375 0.3708109375 0.4384765625 0.37027031250000003 0.3974609375 0.364325 0.35546875 0.3540546875 0.3583984375 0.34864843749999996 0.4375 0.341621875 0.46875
24 0.304325 0.443359375 0.300540625 0.4736328125 0.298378125 0.5087890625 0.315134375 0.5185546875 0.3291890625 0.5068359375 0.33459531249999996 0.4853515625 0.33459531249999996 0.4619140625 0.3324328125 0.42578125 0.3302703125 0.388671875 0.32054062499999997 0.3388671875 0.3129734375 0.37890625 0.3129734375 0.416015625 0.304325 0.443359375
25 0.259459375 0.3828125 0.258378125 0.412109375 0.2529734375 0.43359375 0.244865625 0.4638671875 0.24864843749999999 0.4912109375 0.264865625 0.5068359375 0.284325 0.5126953125 0.29891875 0.4931640625 0.29945937499999997 0.4501953125 0.297296875 0.4140625 0.300540625 0.37109375 0.29945937499999997 0.3291015625 0.275675 0.3349609375 0.259459375 0.3447265625 0.259459375 0.3828125
26 0.2102703125 0.392578125 0.19837812500000002 0.4140625 0.18972968750000002 0.4453125 0.19675625000000002 0.47265625 0.21135156249999998 0.4833984375 0.2281078125 0.4970703125 0.2459453125 0.486328125 0.2459453125 0.44921875 0.2475671875 0.41796875 0.2497296875 0.39453125 0.2508109375 0.3701171875 0.2497296875 0.349609375 0.2497296875 0.3310546875 0.23513437499999998 0.3056640625 0.21675624999999998 0.3076171875 0.21459531250000002 0.3515625 0.2102703125 0.392578125
0 0.2091890625 0.5458984375 0.2070265625 0.56640625 0.199459375 0.595703125 0.1908109375 0.62109375 0.17621562500000001 0.6591796875 0.1729734375 0.6904296875 0.196215625 0.6572265625 0.21459531250000002 0.623046875 0.2102703125 0.650390625 0.19729687499999998 0.6806640625 0.18972968750000002 0.6982421875 0.2102703125 0.6884765625 0.22864843750000002 0.6630859375 0.2459453125 0.62109375 0.2502703125 0.6142578125 0.257296875 0.603515625 0.258378125 0.5859375 0.2670265625 0.5625 0.26594531250000003 0.5322265625 0.2475671875 0.5244140625 0.23297343750000002 0.5126953125 0.21891875 0.5126953125 0.2091890625 0.5458984375
1 0.2702703125 0.55078125 0.2691890625 0.58203125 0.2681078125 0.60546875 0.263784375 0.642578125 0.2540546875 0.6572265625 0.240540625 0.7001953125 0.2540546875 0.7021484375 0.263784375 0.6728515625 0.2778375 0.650390625 0.2875671875 0.650390625 0.2854046875 0.6865234375 0.2702703125 0.7294921875 0.284325 0.7412109375 0.295134375 0.7119140625 0.3054046875 0.6708984375 0.3108109375 0.65234375 0.315134375 0.619140625 0.3281078125 0.591796875 0.3324328125 0.55859375 0.316215625 0.5498046875 0.29945937499999997 0.5419921875 0.28108125 0.5400390625 0.2702703125 0.55078125
3 0.317296875 0.6748046875 0.3097296875 0.7099609375 0.304325 0.7578125 0.3259453125 0.7158203125 0.33675625 0.6787109375 0.3497296875 0.634765625 0.364865625 0.59375 0.35891875 0.5625 0.34216250000000004 0.55078125 0.3324328125 0.5703125 0.3302703125 0.603515625 0.3259453125 0.64453125 0.317296875 0.6748046875
4 0.3529734375 0.6982421875 0.35081093750000003 0.7236328125 0.3497296875 0.759765625 0.3621625 0.7412109375 0.3697296875 0.6982421875 0.383784375 0.642578125 0.39675625000000003 0.59375 0.378378125 0.5859375 0.36324375 0.5703125 0.36324375 0.59375 0.35891875 0.625 0.358378125 0.6669921875 0.3529734375 0.6982421875
5 0.4 0.62890625 0.395675 0.6689453125 0.38810781250000004 0.6982421875 0.381621875 0.7294921875 0.377296875 0.759765625 0.377296875 0.7890625 0.395675 0.755859375 0.40972968749999994 0.7158203125 0.42000000000000004 0.6826171875 0.42324375 0.650390625 0.4308109375 0.61328125 0.4286484375 0.591796875 0.4140546875 0.595703125 0.40108125 0.595703125 0.4 0.62890625
6 0.4578375 0.7255859375 0.45891875000000004 0.6650390625 0.46108125 0.62890625 0.46108125 0.5859375 0.440540625 0.603515625 0.4329734375 0.640625 0.436215625 0.6826171875 0.436215625 0.7216796875 0.443784375 0.7578125 0.4578375 0.7255859375
7 0.4724328125 0.771484375 0.47891874999999995 0.7529296875 0.4854046875 0.7158203125 0.48864843750000003 0.6650390625 0.4940546875 0.626953125 0.495134375 0.59375 0.4708109375 0.587890625 0.4708109375 0.625 0.4708109375 0.6669921875 0.4686484375 0.7099609375 0.4675671875 0.7490234375 0.4724328125 0.771484375
8 0.5 0.76171875 0.5129734375 0.755859375 0.5118921875 0.72265625 0.515675 0.6865234375 0.517296875 0.658203125 0.520540625 0.6240234375 0.51675625 0.603515625 0.49729687499999997 0.591796875 0.499459375 0.640625 0.49729687499999997 0.681640625 0.49351406249999996 0.7119140625 0.4902703125 0.7373046875 0.5 0.76171875
9 0.5313515625 0.7509765625 0.53891875 0.783203125 0.5475671875 0.76171875 0.555134375 0.7255859375 0.557296875 0.6884765625 0.557296875 0.6552734375 0.562703125 0.62890625 0.5497296875 0.603515625 0.5313515625 0.599609375 0.5254046875 0.623046875 0.5281078124999999 0.6630859375 0.5302703125 0.7080078125 0.5313515625 0.7509765625
10 0.5670265624999999 0.650390625 0.5691890625 0.6904296875 0.5735140624999999 0.7333984375 0.58 0.771484375 0.5935140624999999 0.796875 0.59675625 0.763671875 0.60108125 0.7197265625 0.60108125 0.6904296875 0.6 0.6611328125 0.5978375 0.630859375 0.5956750000000001 0.59765625 0.5735140624999999 0.58984375 0.563784375 0.60546875 0.5670265624999999 0.650390625
11 0.6064859375 0.63671875 0.6097296875 0.6728515625 0.615134375 0.7021484375 0.621621875 0.7529296875 0.6324328125 0.8046875 0.635675 0.76953125 0.64 0.7119140625 0.63891875 0.6787109375 0.63891875 0.64453125 0.63675625 0.615234375 0.6313515625 0.587890625 0.6140546875 0.58203125 0.6 0.607421875 0.6064859375 0.63671875
12 0.643784375 0.640625 0.6481078124999999 0.6708984375 0.655675 0.7041015625 0.6708109375 0.7353515625 0.683784375 0.76953125 0.69675625 0.7890625 0.6913515625 0.7333984375 0.6891890625 0.6904296875 0.682703125 0.650390625 0.682703125 0.603515625 0.6729734374999999 0.576171875 0.65675625 0.58203125 0.6378375000000001 0.595703125 0.643784375 0.640625
14 0.6654046874999999 0.56640625 0.6708109375 0.62890625 0.6870265625 0.6591796875 0.6913515625 0.6943359375 0.7016218750000001 0.7216796875 0.7091890624999999 0.7451171875 0.7221625 0.759765625 0.7329734375 0.763671875 0.724325 0.7392578125 0.715675 0.7158203125 0.715675 0.6923828125 0.7221625 0.6708984375 0.7329734375 0.7001953125 0.7437843749999999 0.7275390625 0.7562156250000001 0.7509765625 0.7659453125 0.7490234375 0.7562156250000001 0.6962890625 0.7470265625 0.6611328125 0.738378125 0.623046875 0.73675625 0.595703125 0.7308109375 0.552734375 0.7064859375 0.5556640625 0.6902703125 0.5712890625 0.6654046874999999 0.56640625
15 0.763784375 0.5458984375 0.742703125 0.541015625 0.7291890624999999 0.5556640625 0.739459375 0.58984375 0.7502703125 0.619140625 0.7670265625 0.6484375 0.77891875 0.6728515625 0.7929734374999999 0.6923828125 0.8070265624999999 0.7041015625 0.821621875 0.7080078125 0.8302703125 0.6884765625 0.823784375 0.6630859375 0.8070265624999999 0.625 0.8027031250000001 0.59375 0.797296875 0.56640625 0.7908109375000001 0.5341796875 0.775675 0.5283203125 0.763784375 0.5458984375