31 0.3427734375 0.8152859375 0.376953125 0.8206765624999999 0.4091796875 0.8108765625000001 0.4287109375 0.803528125 0.439453125 0.7927484375 0.4326171875 0.77805 0.4111328125 0.764821875 0.3818359375 0.766290625 0.34765625 0.766290625 0.3173828125 0.7609015625 0.283203125 0.757471875 0.2431640625 0.7501218749999999 0.28125 0.7809890625 0.3173828125 0.7971578125 0.3427734375 0.8152859375
2 0.39453125 0.7609015625 0.4345703125 0.7706999999999999 0.455078125 0.7721703125 0.486328125 0.7403234375000001 0.4892578125 0.7197453125 0.4521484375 0.71680625 0.4130859375 0.7177859375 0.373046875 0.7177859375 0.326171875 0.7177859375 0.296875 0.7221953125 0.2578125 0.7285640625 0.3173828125 0.7427734375 0.3583984375 0.7491421875000001 0.39453125 0.7609015625
13 0.322265625 0.6859375 0.302734375 0.6996578125 0.34765625 0.6996578125 0.376953125 0.7006375 0.419921875 0.7060265625000001 0.4521484375 0.7138656250000001 0.4814453125 0.7177859375 0.5205078125 0.7104359375 0.5205078125 0.6967171875 0.529296875 0.6795687499999999 0.521484375 0.663890625 0.482421875 0.6585 0.439453125 0.6634 0.400390625 0.666340625 0.3642578125 0.667809375 0.3115234375 0.6697703125000001 0.28515625 0.6805484374999999 0.322265625 0.6859375
18 0.3642578125 0.647721875 0.4033203125 0.6482109375 0.4521484375 0.652621875 0.486328125 0.6580109375000001 0.5205078125 0.6580109375000001 0.53125 0.6462515625 0.5244140625 0.6310625 0.521484375 0.6227343750000001 0.478515625 0.625184375 0.419921875 0.6300828125 0.3662109375 0.629103125 0.3173828125 0.629103125 0.283203125 0.6482109375 0.3349609375 0.64723125 0.3642578125 0.647721875
19 0.396484375 0.6139140624999999 0.447265625 0.6139140624999999 0.490234375 0.6148953125000001 0.5263671875 0.618325 0.5546875 0.60460625 0.533203125 0.5884375000000001 0.5185546875 0.5796171875 0.5009765625 0.5776578125 0.46484375 0.583046875 0.4052734375 0.5913765625 0.353515625 0.5913765625 0.3173828125 0.596765625 0.2958984375 0.6075453125 0.3388671875 0.612934375 0.396484375 0.6139140624999999
20 0.4453125 0.5658984375 0.4951171875 0.576678125 0.53125 0.576678125 0.552734375 0.56491875 0.5546875 0.5467906250000001 0.53125 0.5389515625 0.4951171875 0.54238125 0.4521484375 0.5433609374999999 0.4130859375 0.544340625 0.375 0.5453203125 0.32421875 0.5507109375 0.396484375 0.560509375 0.4453125 0.5658984375
21 0.439453125 0.528171875 0.4921875 0.5325828125000001 0.529296875 0.537971875 0.5625 0.537971875 0.5673828125 0.5178828125 0.5712890625 0.49289531249999996 0.5224609375 0.49289531249999996 0.4794921875 0.498284375 0.4287109375 0.5007343750000001 0.3837890625 0.498284375 0.322265625 0.5026953125 0.35546875 0.5178828125 0.3896484375 0.5262125 0.439453125 0.528171875
22 0.490234375 0.48652656250000004 0.556640625 0.48652656250000004 0.580078125 0.480646875 0.5751953125 0.45565937500000003 0.5625 0.44145 0.51171875 0.4448796875 0.466796875 0.44683906249999994 0.4130859375 0.4492890625 0.37109375 0.45320937499999997 0.33203125 0.46202812499999996 0.322265625 0.48113593750000005 0.375 0.485546875 0.439453125 0.48750625000000003 0.490234375 0.48652656250000004
30 0.3662109375 0.4404703125 0.4072265625 0.44145 0.462890625 0.44145 0.5078125 0.4404703125 0.552734375 0.43753125 0.556640625 0.42136250000000003 0.5458984375 0.4042140625 0.5185546875 0.4042140625 0.46875 0.409603125 0.400390625 0.41499218750000005 0.375 0.4179328125 0.33203125 0.425771875 0.326171875 0.4399796875 0.3662109375 0.4404703125
29 0.4169921875 0.393434375 0.5205078125 0.402253125 0.5439453125 0.39539375 0.5546875 0.38510468750000004 0.55859375 0.3699171875 0.533203125 0.363546875 0.5244140625 0.363546875 0.4970703125 0.36795625 0.4375 0.36795625 0.3876953125 0.3699171875 0.3369140625 0.370896875 0.3154296875 0.3860859375 0.3662109375 0.393434375 0.4169921875 0.393434375
23 0.556640625 0.3415 0.5224609375 0.3258203125 0.4736328125 0.33464062499999997 0.4453125 0.3375796875 0.3857421875 0.341009375 0.3349609375 0.3517890625 0.3984375 0.3581578125 0.4541015625 0.361096875 0.5 0.36648749999999997 0.5390625 0.359628125 0.556640625 0.3415
25 0.400390625 0.32288125 0.4501953125 0.32288125 0.486328125 0.33022968750000004 0.5185546875 0.3268 0.529296875 0.3150421875 0.53125 0.2959328125 0.517578125 0.2782953125 0.462890625 0.2778046875 0.4306640625 0.284175 0.4052734375 0.2876046875 0.3515625 0.29054375 0.30859375 0.29495312500000004 0.3046875 0.3121015625 0.35546875 0.324840625 0.400390625 0.32288125
26 0.3583984375 0.2758453125 0.4072265625 0.2758453125 0.443359375 0.272415625 0.4921875 0.274375 0.5224609375 0.274375 0.5341796875 0.2508578125 0.5068359375 0.22587031249999998 0.484375 0.22537968749999998 0.447265625 0.22733906250000002 0.421875 0.240078125 0.3662109375 0.24693749999999998 0.3173828125 0.2533078125 0.306640625 0.2714359375 0.3583984375 0.2758453125
27 0.416015625 0.22733906250000002 0.4560546875 0.22587031249999998 0.48828125 0.21999062500000002 0.5009765625 0.20431093749999998 0.4658203125 0.1837328125 0.43359375 0.1705046875 0.4091796875 0.1822640625 0.37109375 0.20088124999999998 0.345703125 0.2072515625 0.3134765625 0.21558125 0.3154296875 0.23076875000000002 0.3603515625 0.22733906250000002 0.416015625 0.22733906250000002
28 0.5419921875 0.2317484375 0.533203125 0.2454671875 0.5654296875 0.258696875 0.5908203125 0.26800625 0.6201171875 0.26800625 0.6484375 0.262615625 0.6591796875 0.2508578125 0.6806640625 0.23909843749999998 0.677734375 0.21999062500000002 0.673828125 0.2097015625 0.6611328125 0.19010312499999998 0.6396484375 0.1984328125 0.607421875 0.2028421875 0.583984375 0.20921093750000003 0.55859375 0.21362031250000002 0.5419921875 0.2317484375
1 0.75 0.2660453125 0.7080078125 0.272415625 0.6669921875 0.286134375 0.6376953125 0.288584375 0.599609375 0.288584375 0.5595703125 0.28907343750000003 0.5498046875 0.3057328125 0.5625 0.324840625 0.5625 0.34835937499999997 0.5986328125 0.349828125 0.650390625 0.33022968750000004 0.7021484375 0.32925 0.73828125 0.3194515625 0.7744140625 0.3150421875 0.78515625 0.302303125 0.74609375 0.3032828125 0.697265625 0.30867187500000004 0.6630859375 0.3032828125 0.716796875 0.2876046875 0.74609375 0.28123437500000004 0.76953125 0.272415625 0.75 0.2660453125
3 0.607421875 0.35276874999999996 0.58203125 0.3517890625 0.5732421875 0.377265625 0.6015625 0.3900046875 0.630859375 0.38363593749999997 0.669921875 0.36550781250000003 0.7255859375 0.35276874999999996 0.7802734375 0.3463984375 0.783203125 0.3238609375 0.7275390625 0.33022968750000004 0.6865234375 0.3375796875 0.654296875 0.34296875 0.607421875 0.35276874999999996
5 0.626953125 0.391475 0.583984375 0.3924546875 0.58203125 0.41156249999999994 0.5908203125 0.42675156249999996 0.62890625 0.4287109375 0.6630859375 0.425771875 0.6953125 0.42332187499999996 0.7314453125 0.42038281250000004 0.76953125 0.41891249999999997 0.806640625 0.41156249999999994 0.8271484375 0.40519375 0.8037109375 0.3968640625 0.76171875 0.3944140625 0.7314453125 0.3944140625 0.6953125 0.3944140625 0.6591796875 0.39539375 0.626953125 0.391475
6 0.5947265625 0.46643749999999995 0.701334375 0.4566390625 0.7802734375 0.4566390625 0.7890625 0.44145 0.7294921875 0.432140625 0.6630859375 0.4287109375 0.5947265625 0.43116093749999995 0.580078125 0.44145 0.5947265625 0.46643749999999995
7 0.623046875 0.4610484375 0.599609375 0.4728078125 0.5908203125 0.49093593750000003 0.623046875 0.4953453125 0.6826171875 0.48995625 0.7255859375 0.48995625 0.783203125 0.47819687499999997 0.74609375 0.4683984375 0.677734375 0.4683984375 0.623046875 0.4610484375
8 0.806640625 0.51004375 0.7568359375 0.49289531249999996 0.7119140625 0.49730468749999995 0.65234375 0.49730468749999995 0.599609375 0.4953453125 0.607421875 0.521803125 0.6337890625 0.5271921875000001 0.673828125 0.521803125 0.7021484375 0.5198437499999999 0.74609375 0.5188640625 0.806640625 0.51004375
9 0.7783203125 0.54238125 0.7490234375 0.530621875 0.6953125 0.5316015625 0.65234375 0.5316015625 0.6123046875 0.528171875 0.58203125 0.537971875 0.5908203125 0.55855 0.626953125 0.5614890625 0.6826171875 0.5551203124999999 0.744140625 0.54973125 0.7783203125 0.54238125
11 0.720703125 0.6237140625 0.765625 0.636453125 0.7978515625 0.6310625 0.7763671875 0.618325 0.7275390625 0.6031359375 0.697265625 0.5903968749999999 0.6484375 0.5732484375 0.625 0.56491875 0.583984375 0.57226875 0.583984375 0.59480625 0.6591796875 0.6148953125000001 0.720703125 0.6237140625
12 0.650390625 0.6148953125000001 0.5869140625 0.596765625 0.560546875 0.612934375 0.578125 0.6374328125 0.66796875 0.64723125 0.7509765625 0.65703125 0.7958984375 0.6624203125 0.74609375 0.6310625 0.650390625 0.6148953125000001
14 0.7255859375 0.6609499999999999 0.677734375 0.65703125 0.6337890625 0.652621875 0.607421875 0.64723125 0.580078125 0.642821875 0.556640625 0.65458125 0.53515625 0.667809375 0.556640625 0.697696875 0.625 0.7040671875 0.6884765625 0.7158249999999999 0.740234375 0.727584375 0.76953125 0.727584375 0.7490234375 0.7060265625000001 0.71875 0.6967171875 0.6884765625 0.68691875 0.64453125 0.6795687499999999 0.671875 0.6741796875 0.744140625 0.6932875000000001 0.7783203125 0.6967171875 0.7529296875 0.675159375 0.7255859375 0.6609499999999999
15 0.513671875 0.72954375 0.51171875 0.7491421875000001 0.5439453125 0.7609015625 0.60546875 0.7672703125 0.6611328125 0.7819703125 0.7060546875 0.7863796875 0.736328125 0.773640625 0.71484375 0.7555125 0.6826171875 0.737384375 0.6484375 0.7241546875 0.6181640625 0.7158249999999999 0.5927734375 0.7016171875 0.552734375 0.697696875 0.53125 0.7138656250000001 0.513671875 0.72954375
16 0.6376953125 0.8324343750000001 0.6357421875 0.809896875 0.60546875 0.7834390625000001 0.5625 0.7765796875000001 0.53125 0.7628609375 0.5029296875 0.7555125 0.4609375 0.7756000000000001 0.4580078125 0.796178125 0.46484375 0.819696875 0.48828125 0.8226359375 0.58203125 0.8231265625 0.6376953125 0.8324343750000001