13 0.3625671875 0.349609375 0.3493390625 0.306640625 0.32925 0.328125 0.3258203125 0.3896484375 0.318471875 0.4326171875 0.31308125000000003 0.4814453125 0.3366 0.4951171875 0.36648749999999997 0.49609375 0.36550781250000003 0.447265625 0.3645265625 0.39453125 0.3625671875 0.349609375
19 0.44145 0.439453125 0.44145 0.3896484375 0.4360609375 0.3515625 0.42136250000000003 0.353515625 0.4140125 0.3984375 0.409603125 0.4521484375 0.402253125 0.4970703125 0.403234375 0.533203125 0.42038281250000004 0.5478515625 0.4360609375 0.53125 0.43753125 0.4755859375 0.44145 0.439453125
20 0.44683906249999994 0.3603515625 0.44683906249999994 0.4345703125 0.4404703125 0.5078125 0.4360609375 0.5390625 0.4639875 0.5498046875 0.46496875 0.4794921875 0.4683984375 0.419921875 0.4683984375 0.369140625 0.44683906249999994 0.3603515625
21 0.49730468749999995 0.3642578125 0.4728078125 0.3623046875 0.4728078125 0.4345703125 0.47035781249999997 0.4814453125 0.4683984375 0.556640625 0.503675 0.5498046875 0.5026953125 0.4814453125 0.501715625 0.44140625 0.498284375 0.396484375 0.49730468749999995 0.3642578125
22 0.515434375 0.369140625 0.51004375 0.41796875 0.51004375 0.4775390625 0.503675 0.55859375 0.54238125 0.55859375 0.5414015625 0.484375 0.54238125 0.419921875 0.5389515625 0.37109375 0.515434375 0.369140625
30 0.5570796875 0.3642578125 0.5433609374999999 0.3662109375 0.54238125 0.4306640625 0.544340625 0.484375 0.544340625 0.5263671875 0.544340625 0.5546875 0.57226875 0.5478515625 0.5688390625 0.490234375 0.5639390625 0.419921875 0.5570796875 0.3642578125
29 0.59235625 0.4326171875 0.5801078125 0.314453125 0.5668796875 0.3046875 0.5668796875 0.4345703125 0.570309375 0.4794921875 0.57226875 0.53515625 0.5820671875000001 0.5546875 0.599215625 0.5439453125 0.604115625 0.517578125 0.6006859375 0.4794921875 0.59235625 0.4326171875
23 0.599215625 0.49609375 0.6031359375 0.5244140625 0.6217546875 0.533203125 0.6286140625 0.5087890625 0.62714375 0.4658203125 0.6148953125000001 0.4580078125 0.603625 0.466796875 0.599215625 0.49609375
24 0.640371875 0.33984375 0.6330234375 0.345703125 0.6286140625 0.4248046875 0.6261640625 0.482421875 0.6310625 0.5244140625 0.6531109374999999 0.51953125 0.6506609375 0.4736328125 0.6491921875 0.4306640625 0.64723125 0.3359375 0.640371875 0.33984375
25 0.6780984375 0.330078125 0.6599703124999999 0.330078125 0.65703125 0.3876953125 0.65458125 0.4453125 0.651640625 0.486328125 0.652621875 0.5185546875 0.6986765625 0.5048828125 0.6967171875 0.4609375 0.688878125 0.4111328125 0.6780984375 0.330078125
26 0.7202359375 0.376953125 0.70945625 0.326171875 0.6942671875 0.3115234375 0.6932875000000001 0.35546875 0.6942671875 0.400390625 0.6967171875 0.443359375 0.7016171875 0.5029296875 0.7285640625 0.4921875 0.737384375 0.462890625 0.727584375 0.423828125 0.7202359375 0.376953125
27 0.7501218749999999 0.326171875 0.72954375 0.3115234375 0.7266046875 0.3583984375 0.7359140625 0.423828125 0.743753125 0.4755859375 0.7609015625 0.484375 0.7726609375 0.466796875 0.7765796875000001 0.4306640625 0.764821875 0.376953125 0.7501218749999999 0.326171875
0 0.7403234375000001 0.533203125 0.730525 0.5048828125 0.70700625 0.51171875 0.6923078125 0.529296875 0.7060265625000001 0.5908203125 0.7221953125 0.64453125 0.7447328125 0.67578125 0.7530625 0.6376953125 0.7466921875 0.603515625 0.7383640625 0.5654296875 0.7403234375000001 0.533203125
1 0.67711875 0.623046875 0.695246875 0.6650390625 0.7123953125 0.697265625 0.723175 0.69140625 0.7148453124999999 0.66796875 0.7040671875 0.6396484375 0.6923078125 0.607421875 0.6898578125 0.5419921875 0.6795687499999999 0.5390625 0.658990625 0.5439453125 0.6408625 0.5498046875 0.6452718749999999 0.580078125 0.651640625 0.607421875 0.6580109375000001 0.630859375 0.665359375 0.6630859375 0.6741796875 0.7080078125 0.691328125 0.740234375 0.6986765625 0.720703125 0.6761390625 0.6630859375 0.67711875 0.623046875
3 0.6418421875 0.560546875 0.6227343750000001 0.5654296875 0.6075453125 0.5732421875 0.6237140625 0.62890625 0.638903125 0.7060546875 0.658990625 0.767578125 0.6580109375000001 0.697265625 0.6536015625 0.650390625 0.6462515625 0.5947265625 0.6418421875 0.560546875
5 0.5938265625 0.6162109375 0.5913765625 0.578125 0.570309375 0.5673828125 0.5624687500000001 0.599609375 0.5668796875 0.6396484375 0.5712890625 0.7099609375 0.5786374999999999 0.7763671875 0.5894171874999999 0.8037109375 0.6001953125 0.76171875 0.6011765625 0.720703125 0.6001953125 0.67578125 0.5938265625 0.6162109375
6 0.5350312500000001 0.580078125 0.5360125 0.6181640625 0.5389515625 0.654296875 0.5389515625 0.7080078125 0.5507109375 0.767578125 0.5570796875 0.7255859375 0.5614890625 0.6806640625 0.5624687500000001 0.623046875 0.5668796875 0.5869140625 0.5541406249999999 0.5869140625 0.5350312500000001 0.580078125
7 0.51249375 0.5908203125 0.51004375 0.626953125 0.5115140625000001 0.671875 0.515434375 0.7294921875 0.5262125 0.7802734375 0.5316015625 0.73828125 0.5335625 0.693359375 0.5325828125000001 0.650390625 0.530621875 0.5908203125 0.51249375 0.5908203125
8 0.5134734375 0.5888671875 0.4835859375 0.5869140625 0.4835859375 0.630859375 0.491915625 0.66796875 0.491915625 0.7041015625 0.4953453125 0.736328125 0.506125 0.7744140625 0.515434375 0.740234375 0.5110234375 0.6865234375 0.51004375 0.646484375 0.5134734375 0.5888671875
9 0.4546796875 0.6123046875 0.46006875 0.654296875 0.4639875 0.7275390625 0.4747671875 0.7548828125 0.4835859375 0.736328125 0.48015625 0.693359375 0.4821171875 0.650390625 0.48113593750000005 0.5869140625 0.45026875000000005 0.583984375 0.4546796875 0.6123046875
10 0.42136250000000003 0.6103515625 0.4140125 0.6572265625 0.41695312500000004 0.7119140625 0.42675156249999996 0.767578125 0.44683906249999994 0.7421875 0.45222968750000003 0.69921875 0.45026875000000005 0.6376953125 0.4492890625 0.583984375 0.4331203125 0.5693359375 0.42136250000000003 0.6103515625
12 0.36648749999999997 0.7490234375 0.379715625 0.720703125 0.38804531249999996 0.6884765625 0.400784375 0.65234375 0.41499218750000005 0.623046875 0.42332187499999996 0.5908203125 0.40715312499999995 0.576171875 0.393434375 0.5693359375 0.38510468750000004 0.5888671875 0.3860859375 0.6162109375 0.3718765625 0.66796875 0.3645265625 0.7021484375 0.3508078125 0.7333984375 0.35276874999999996 0.759765625 0.36648749999999997 0.7490234375
14 0.333659375 0.69140625 0.3238609375 0.7255859375 0.333659375 0.720703125 0.3508078125 0.69140625 0.3601171875 0.6611328125 0.3718765625 0.6103515625 0.387065625 0.58203125 0.391475 0.5478515625 0.363546875 0.533203125 0.3375796875 0.5244140625 0.3282703125 0.552734375 0.32925 0.5927734375 0.3140625 0.623046875 0.3013234375 0.65234375 0.286134375 0.6884765625 0.311121875 0.677734375 0.3282703125 0.654296875 0.3463984375 0.630859375 0.333659375 0.69140625