22 0.496815625 0.484375 0.5007343750000001 0.5185546875 0.5022046875 0.5400390625 0.506125 0.568359375 0.51494375 0.5966796875 0.5247421875 0.5869140625 0.5252328125 0.55859375 0.5237625 0.5185546875 0.5262125 0.4775390625 0.5252328125 0.4443359375 0.5271921875000001 0.4208984375 0.5276828124999999 0.384765625 0.516903125 0.3779296875 0.5022046875 0.3759765625 0.491915625 0.380859375 0.49436562500000003 0.41015625 0.49436562500000003 0.447265625 0.496815625 0.484375
21 0.48505624999999997 0.4951171875 0.4879953125 0.46484375 0.4953453125 0.4287109375 0.4958359375 0.3828125 0.48260625 0.3759765625 0.4688875 0.3720703125 0.45859843749999996 0.3759765625 0.46006875 0.4033203125 0.45859843749999996 0.4287109375 0.459578125 0.45703125 0.4561484375 0.4873046875 0.457128125 0.5234375 0.4546796875 0.55859375 0.4674171875 0.576171875 0.47770625000000005 0.5693359375 0.48260625 0.541015625 0.485546875 0.515625 0.48505624999999997 0.4951171875
20 0.45320937499999997 0.494140625 0.45565937500000003 0.46875 0.45859843749999996 0.4287109375 0.46202812499999996 0.4013671875 0.4561484375 0.3798828125 0.4453703125 0.3701171875 0.4331203125 0.3798828125 0.43018124999999996 0.4033203125 0.430671875 0.4267578125 0.43459062499999995 0.451171875 0.43459062499999995 0.4794921875 0.4341015625 0.509765625 0.43459062499999995 0.541015625 0.430671875 0.5712890625 0.44292031249999997 0.5869140625 0.4473296875 0.56640625 0.44977968749999997 0.5439453125 0.45075937499999996 0.517578125 0.45320937499999997 0.494140625
19 0.404703125 0.482421875 0.4086234375 0.5146484375 0.409603125 0.54296875 0.41156249999999994 0.5654296875 0.4125421875 0.6044921875 0.42528125 0.611328125 0.42626093750000005 0.568359375 0.4292015625 0.525390625 0.430671875 0.484375 0.43263125 0.4560546875 0.430671875 0.4267578125 0.42773125 0.400390625 0.4218515625 0.3798828125 0.41107343749999997 0.3740234375 0.3998046875 0.390625 0.3968640625 0.416015625 0.403234375 0.4521484375 0.404703125 0.482421875
18 0.37285625 0.5146484375 0.37285625 0.5478515625 0.37775625 0.5732421875 0.3806953125 0.5986328125 0.3904953125 0.619140625 0.40372343749999995 0.6201171875 0.404703125 0.578125 0.40519375 0.5361328125 0.4061734375 0.5078125 0.4061734375 0.4765625 0.41009375 0.4521484375 0.409603125 0.4267578125 0.3998046875 0.40625 0.388534375 0.3935546875 0.3767765625 0.3935546875 0.36893750000000003 0.416015625 0.37138593750000004 0.447265625 0.37285625 0.4775390625 0.37285625 0.5146484375
13 0.33121093749999997 0.501953125 0.33610937500000004 0.53125 0.338559375 0.56640625 0.3419890625 0.5966796875 0.3488484375 0.6240234375 0.3630578125 0.59375 0.37432656249999996 0.5556640625 0.37530625 0.5126953125 0.37432656249999996 0.4541015625 0.36893750000000003 0.4111328125 0.35521875 0.408203125 0.343459375 0.4013671875 0.332190625 0.416015625 0.3233703125 0.439453125 0.327290625 0.4765625 0.33121093749999997 0.501953125
2 0.30377343749999997 0.431640625 0.2939734375 0.4384765625 0.28319375 0.4560546875 0.2807453125 0.4814453125 0.2851546875 0.5029296875 0.2934828125 0.5302734375 0.299853125 0.5556640625 0.30279218750000003 0.57421875 0.3091625 0.599609375 0.3258203125 0.591796875 0.327290625 0.5556640625 0.3268 0.5126953125 0.3282703125 0.4765625 0.3258203125 0.44140625 0.3145515625 0.4267578125 0.30377343749999997 0.431640625
30 0.5325828125000001 0.53515625 0.5414015625 0.55859375 0.549240625 0.5400390625 0.5507109375 0.509765625 0.551690625 0.4814453125 0.5531609375000001 0.44921875 0.556590625 0.423828125 0.5546296875000001 0.3935546875 0.542871875 0.3828125 0.5296421875 0.390625 0.5252328125 0.41796875 0.5276828124999999 0.4462890625 0.5301328125 0.482421875 0.5296421875 0.515625 0.5325828125000001 0.53515625
29 0.5707984374999999 0.603515625 0.5786374999999999 0.6064453125 0.5835375 0.5078125 0.5850078125 0.474609375 0.5859875 0.44921875 0.5899062500000001 0.4189453125 0.5884375000000001 0.392578125 0.57471875 0.3798828125 0.56345 0.3876953125 0.551690625 0.4052734375 0.5546296875000001 0.43359375 0.556590625 0.4638671875 0.560509375 0.5654296875 0.5707984374999999 0.603515625
23 0.612934375 0.5224609375 0.611465625 0.4892578125 0.6139140624999999 0.458984375 0.6158750000000001 0.4384765625 0.6193046875 0.41796875 0.6139140624999999 0.3916015625 0.6001953125 0.3974609375 0.5810875 0.4013671875 0.5801078125 0.4384765625 0.5835375 0.474609375 0.5952968750000001 0.5888671875 0.6099953124999999 0.5927734375 0.612934375 0.5224609375
25 0.6119546875 0.5107421875 0.6158750000000001 0.53125 0.6237140625 0.580078125 0.634003125 0.5966796875 0.6575203125 0.5830078125 0.6511515625000001 0.5029296875 0.6575203125 0.474609375 0.6624203125 0.451171875 0.6599703124999999 0.423828125 0.64723125 0.408203125 0.63204375 0.3955078125 0.6144046875 0.4033203125 0.6060749999999999 0.4208984375 0.610484375 0.4794921875 0.6119546875 0.5107421875
26 0.67711875 0.607421875 0.6874078124999999 0.578125 0.6981875 0.5078125 0.7050468750000001 0.4853515625 0.711415625 0.466796875 0.708965625 0.4462890625 0.6962265624999999 0.4365234375 0.6776093750000001 0.42578125 0.667809375 0.4287109375 0.661440625 0.44921875 0.658990625 0.4814453125 0.661440625 0.5126953125 0.6668296875 0.5927734375 0.67711875 0.607421875
27 0.7354234374999999 0.4638671875 0.7241546875 0.4599609375 0.7138656250000001 0.4638671875 0.7050468750000001 0.478515625 0.70210625 0.5234375 0.7006375 0.6181640625 0.708965625 0.6240234375 0.751103125 0.5166015625 0.7481625000000001 0.482421875 0.7354234374999999 0.4638671875
28 0.7471828125 0.3759765625 0.7496328125 0.4052734375 0.7589421875 0.4208984375 0.7726609375 0.4140625 0.78441875 0.4013671875 0.7981374999999999 0.3955078125 0.8133265625 0.392578125 0.8245953125 0.3828125 0.8309656249999999 0.3623046875 0.8309656249999999 0.326171875 0.8250859374999999 0.3017578125 0.8147968750000001 0.2880859375 0.7981374999999999 0.2880859375 0.7805 0.306640625 0.7672703125 0.306640625 0.7457125 0.32421875 0.7447328125 0.3505859375 0.7471828125 0.3759765625
0 0.6732 0.36328125 0.6810390625 0.3828125 0.6908375 0.3916015625 0.70455625 0.4130859375 0.7177859375 0.423828125 0.727584375 0.40625 0.7315046875 0.3828125 0.7354234374999999 0.357421875 0.7383640625 0.3369140625 0.7530625 0.314453125 0.75698125 0.2841796875 0.75698125 0.2607421875 0.7457125 0.2431640625 0.730525 0.2578125 0.718765625 0.2763671875 0.708965625 0.2939453125 0.6962265624999999 0.3173828125 0.6834890625 0.33984375 0.6732 0.36328125
1 0.6305734375000001 0.3359375 0.6300828125 0.361328125 0.6433125000000001 0.3662109375 0.65703125 0.369140625 0.6697703125000001 0.3818359375 0.6810390625 0.3798828125 0.6834890625 0.3564453125 0.6874078124999999 0.3310546875 0.692796875 0.3076171875 0.7050468750000001 0.2841796875 0.7148453124999999 0.2646484375 0.7192546875 0.24609375 0.7212156249999999 0.224609375 0.7212156249999999 0.203125 0.70945625 0.2158203125 0.7030875 0.2421875 0.692796875 0.26953125 0.6776093750000001 0.2919921875 0.6776093750000001 0.26953125 0.6825078125 0.25 0.688878125 0.2314453125 0.6967171875 0.208984375 0.697696875 0.18359375 0.6874078124999999 0.197265625 0.67711875 0.2041015625 0.666340625 0.2294921875 0.6599703124999999 0.2568359375 0.6560515625 0.2822265625 0.6393921875 0.3125 0.6305734375000001 0.3359375
3 0.6031359375 0.318359375 0.599215625 0.337890625 0.610975 0.3515625 0.6212640625 0.353515625 0.6325328125 0.353515625 0.634003125 0.330078125 0.636453125 0.3046875 0.638903125 0.27734375 0.6393921875 0.2548828125 0.6433125000000001 0.228515625 0.647721875 0.2060546875 0.651640625 0.1875 0.6521312499999999 0.1630859375 0.640371875 0.166015625 0.6325328125 0.185546875 0.624203125 0.2060546875 0.6173437500000001 0.234375 0.6148953125000001 0.2626953125 0.6099953124999999 0.294921875 0.6031359375 0.318359375
4 0.5737390625 0.3056640625 0.56981875 0.3330078125 0.5805984375000001 0.35546875 0.592846875 0.3564453125 0.60215625 0.345703125 0.603625 0.3203125 0.6060749999999999 0.28515625 0.6055859375 0.2548828125 0.6095046875000001 0.2294921875 0.610975 0.2080078125 0.6148953125000001 0.185546875 0.6158750000000001 0.1572265625 0.6055859375 0.16796875 0.59725625 0.1875 0.592846875 0.2158203125 0.5894171874999999 0.244140625 0.583046875 0.2646484375 0.5776578125 0.287109375 0.5737390625 0.3056640625
5 0.5482609375 0.2978515625 0.5433609374999999 0.3173828125 0.541890625 0.3388671875 0.5458109375 0.359375 0.55855 0.35546875 0.569328125 0.34375 0.5727578125 0.318359375 0.574228125 0.287109375 0.5781484375 0.2626953125 0.584028125 0.2373046875 0.5864765625 0.21875 0.5903968749999999 0.2001953125 0.59480625 0.1806640625 0.5943171875 0.1552734375 0.583046875 0.1630859375 0.5756984375 0.1884765625 0.569328125 0.2119140625 0.565409375 0.236328125 0.5561 0.2587890625 0.5526703125 0.27734375 0.5482609375 0.2978515625
6 0.5271921875000001 0.3154296875 0.5257234375000001 0.3515625 0.5369921875 0.3564453125 0.54875 0.34375 0.54875 0.3134765625 0.5482609375 0.2822265625 0.5472812499999999 0.2548828125 0.5482609375 0.2294921875 0.5482609375 0.201171875 0.5482609375 0.1787109375 0.544340625 0.1533203125 0.5345421875 0.177734375 0.5320921875 0.203125 0.5320921875 0.2294921875 0.5296421875 0.25390625 0.5296421875 0.2744140625 0.528171875 0.294921875 0.5271921875000001 0.3154296875
7 0.5022046875 0.3427734375 0.512984375 0.3515625 0.5252328125 0.3466796875 0.5252328125 0.318359375 0.5257234375000001 0.287109375 0.5267031249999999 0.25390625 0.528171875 0.228515625 0.5296421875 0.201171875 0.530621875 0.1787109375 0.5267031249999999 0.1572265625 0.516903125 0.1728515625 0.515434375 0.2109375 0.5115140625000001 0.2412109375 0.508575 0.271484375 0.506125 0.302734375 0.5022046875 0.3212890625 0.5022046875 0.3427734375
8 0.48995625 0.369140625 0.5046546875 0.3701171875 0.51249375 0.3466796875 0.5075937500000001 0.3076171875 0.5066140625 0.275390625 0.5051453125 0.24609375 0.5051453125 0.21875 0.4977953125 0.1904296875 0.48995625 0.220703125 0.48946562499999996 0.25 0.48848593749999997 0.279296875 0.48750625000000003 0.302734375 0.487015625 0.326171875 0.487015625 0.3505859375 0.48995625 0.369140625
9 0.464478125 0.3486328125 0.4772171875 0.3486328125 0.48848593749999997 0.35546875 0.491425 0.328125 0.48946562499999996 0.294921875 0.48505624999999997 0.259765625 0.484565625 0.234375 0.4835859375 0.2060546875 0.4772171875 0.169921875 0.469378125 0.201171875 0.469378125 0.224609375 0.469378125 0.25390625 0.469378125 0.2744140625 0.4679078125 0.30078125 0.46643749999999995 0.3203125 0.464478125 0.3486328125
10 0.43899999999999995 0.3046875 0.4385109375 0.326171875 0.4473296875 0.3466796875 0.4605578125 0.3505859375 0.46643749999999995 0.3251953125 0.46545781249999996 0.2841796875 0.4639875 0.25 0.46202812499999996 0.2216796875 0.46006875 0.1953125 0.45565937500000003 0.16796875 0.45271875 0.140625 0.4409609375 0.125 0.432140625 0.1474609375 0.4360609375 0.1748046875 0.43899999999999995 0.2041015625 0.44145 0.234375 0.4399796875 0.259765625 0.4399796875 0.2822265625 0.43899999999999995 0.3046875
11 0.41058281250000006 0.3486328125 0.42234218749999997 0.3486328125 0.437040625 0.3486328125 0.4453703125 0.330078125 0.4399796875 0.2998046875 0.43655 0.275390625 0.43263125 0.2421875 0.429690625 0.2109375 0.42234218749999997 0.1826171875 0.4179328125 0.1552734375 0.403234375 0.1279296875 0.400784375 0.16015625 0.4042140625 0.19140625 0.409603125 0.2265625 0.412053125 0.259765625 0.4130328125 0.2919921875 0.4130328125 0.3203125 0.41058281250000006 0.3486328125
14 0.33022968750000004 0.30078125 0.33415 0.330078125 0.3375796875 0.3642578125 0.35031875 0.3740234375 0.362078125 0.3720703125 0.373346875 0.3583984375 0.3860859375 0.359375 0.39784375 0.3583984375 0.40029375 0.3359375 0.39294531250000003 0.3154296875 0.38363593749999997 0.2978515625 0.374815625 0.26953125 0.3650171875 0.244140625 0.359628125 0.220703125 0.3532578125 0.193359375 0.34051875 0.1708984375 0.3317 0.1904296875 0.3415 0.2099609375 0.34688906249999996 0.2412109375 0.34296875 0.26171875 0.3287609375 0.244140625 0.32239062500000004 0.224609375 0.3150421875 0.2001953125 0.302303125 0.1962890625 0.307203125 0.2236328125 0.3121015625 0.2490234375 0.32092187499999997 0.271484375 0.33022968750000004 0.30078125
15 0.2895640625 0.3896484375 0.29789374999999996 0.41015625 0.311121875 0.4091796875 0.32239062500000004 0.3916015625 0.3326796875 0.3818359375 0.3493390625 0.369140625 0.34394843750000004 0.3486328125 0.33415 0.3203125 0.318471875 0.2958984375 0.3101421875 0.2744140625 0.2983828125 0.2548828125 0.28907343750000003 0.2333984375 0.27290468749999997 0.220703125 0.2640859375 0.2421875 0.2660453125 0.2646484375 0.27045625 0.2958984375 0.2758453125 0.3154296875 0.2851546875 0.337890625 0.2871140625 0.361328125 0.2895640625 0.3896484375