31 0.673828125 0.22440000000000002 0.646484375 0.20627187500000002 0.630859375 0.1954921875 0.5966796875 0.187653125 0.55859375 0.1945125 0.55859375 0.21459999999999999 0.5732421875 0.23076875000000002 0.6123046875 0.23517812500000002 0.6484375 0.24154843750000002 0.697265625 0.2508578125 0.69140625 0.23811875 0.673828125 0.22440000000000002
2 0.5478515625 0.2533078125 0.58203125 0.2533078125 0.6123046875 0.2572265625 0.6484375 0.25967656250000004 0.650390625 0.249878125 0.623046875 0.24252812499999998 0.5888671875 0.23370937500000002 0.560546875 0.226359375 0.5419921875 0.212640625 0.5205078125 0.20088124999999998 0.484375 0.2018625 0.4736328125 0.21558125 0.46484375 0.2297890625 0.4580078125 0.24693749999999998 0.4814453125 0.2523265625 0.51171875 0.2542875 0.5478515625 0.2533078125
13 0.607421875 0.2969125 0.65234375 0.286134375 0.599609375 0.2797640625 0.560546875 0.2714359375 0.513671875 0.2616359375 0.48828125 0.2552671875 0.447265625 0.2542875 0.439453125 0.2714359375 0.4306640625 0.2895640625 0.447265625 0.3032828125 0.4755859375 0.3057328125 0.4990234375 0.304753125 0.5419921875 0.30034375 0.607421875 0.2969125
17 0.6103515625 0.32925 0.5546875 0.32043125 0.51171875 0.31308125000000003 0.4814453125 0.30867187500000004 0.443359375 0.3032828125 0.423828125 0.3140625 0.423828125 0.33121093749999997 0.447265625 0.3419890625 0.4814453125 0.34394843750000004 0.5224609375 0.341009375 0.5673828125 0.341009375 0.603515625 0.341009375 0.6103515625 0.32925
18 0.5654296875 0.347378125 0.5185546875 0.34296875 0.484375 0.34394843750000004 0.4375 0.3419890625 0.4052734375 0.34835937499999997 0.4130859375 0.3645265625 0.4326171875 0.37530625 0.462890625 0.3806953125 0.51171875 0.3718765625 0.5498046875 0.36550781250000003 0.603515625 0.3517890625 0.5654296875 0.347378125
19 0.603515625 0.391475 0.5419921875 0.38363593749999997 0.46875 0.3782453125 0.4306640625 0.37530625 0.4052734375 0.377265625 0.3857421875 0.393434375 0.4033203125 0.4086234375 0.439453125 0.41058281250000006 0.484375 0.41058281250000006 0.537109375 0.4061734375 0.583984375 0.4042140625 0.625 0.402253125 0.603515625 0.391475
20 0.5546875 0.44292031249999997 0.5947265625 0.4331203125 0.533203125 0.425771875 0.4990234375 0.42234218749999997 0.466796875 0.4179328125 0.4326171875 0.4125421875 0.4052734375 0.4140125 0.39453125 0.425771875 0.392578125 0.4404703125 0.400390625 0.45125000000000004 0.439453125 0.45125000000000004 0.470703125 0.44683906249999994 0.5205078125 0.4439 0.5546875 0.44292031249999997
21 0.537109375 0.48015625 0.580078125 0.47182812500000004 0.583984375 0.45761874999999996 0.552734375 0.45761874999999996 0.5205078125 0.45859843749999996 0.470703125 0.4566390625 0.4345703125 0.45320937499999997 0.39453125 0.45222968750000003 0.3857421875 0.46496875 0.3857421875 0.48113593750000005 0.3896484375 0.498284375 0.4306640625 0.49730468749999995 0.466796875 0.49289531249999996 0.5029296875 0.4889765625 0.537109375 0.48015625
22 0.5625 0.5296421875 0.580078125 0.5262125 0.5888671875 0.514453125 0.5263671875 0.5110234375 0.4921875 0.506125 0.447265625 0.501715625 0.4072265625 0.501715625 0.3876953125 0.51004375 0.392578125 0.5227828125 0.396484375 0.5360125 0.4091796875 0.5453203125 0.447265625 0.54238125 0.4775390625 0.5369921875 0.515625 0.5325828125000001 0.5625 0.5296421875
30 0.5869140625 0.54973125 0.5224609375 0.5541406249999999 0.4794921875 0.5541406249999999 0.443359375 0.54973125 0.416015625 0.5477703125 0.3984375 0.5570796875 0.4091796875 0.5712890625 0.4130859375 0.583046875 0.4453125 0.5820671875000001 0.4794921875 0.5756984375 0.5205078125 0.570309375 0.5625 0.5624687500000001 0.5869140625 0.54973125
29 0.576171875 0.6031359375 0.60546875 0.5957859375 0.6181640625 0.5850078125 0.578125 0.5850078125 0.5224609375 0.5874578125000001 0.4755859375 0.5894171874999999 0.4453125 0.5859875 0.41796875 0.5859875 0.3984375 0.597746875 0.4072265625 0.612934375 0.439453125 0.620284375 0.466796875 0.6193046875 0.5048828125 0.6148953125000001 0.5478515625 0.608525 0.576171875 0.6031359375
23 0.5029296875 0.6237140625 0.46484375 0.620284375 0.416015625 0.620284375 0.4130859375 0.6374328125 0.423828125 0.6506609375 0.4453125 0.6580109375000001 0.484375 0.6506609375 0.537109375 0.638903125 0.5908203125 0.6256734374999999 0.5478515625 0.6237140625 0.5029296875 0.6237140625
24 0.6162109375 0.6462515625 0.5712890625 0.6491921875 0.5263671875 0.651640625 0.484375 0.651640625 0.4326171875 0.65703125 0.4267578125 0.6741796875 0.443359375 0.6849578125 0.462890625 0.6878984375 0.486328125 0.6859375 0.5263671875 0.6741796875 0.5654296875 0.6697703125000001 0.6015625 0.6624203125 0.6162109375 0.6462515625
25 0.603515625 0.6932875000000001 0.55859375 0.6932875000000001 0.5224609375 0.6932875000000001 0.4970703125 0.6898578125 0.462890625 0.688878125 0.439453125 0.6986765625 0.4541015625 0.7212156249999999 0.46484375 0.737384375 0.48828125 0.73934375 0.5205078125 0.73199375 0.5673828125 0.7177859375 0.5947265625 0.70700625 0.603515625 0.6932875000000001
26 0.64453125 0.7266046875 0.5869140625 0.730525 0.552734375 0.7359140625 0.5185546875 0.7383640625 0.466796875 0.7457125 0.4775390625 0.764821875 0.4951171875 0.7790296875 0.5185546875 0.7854 0.5478515625 0.7809890625 0.5732421875 0.7628609375 0.599609375 0.7491421875000001 0.6396484375 0.7413031250000001 0.64453125 0.7266046875
27 0.5869140625 0.764821875 0.560546875 0.7756000000000001 0.5625 0.7888296875 0.58203125 0.8005875 0.6123046875 0.803528125 0.6396484375 0.7951984375000001 0.6611328125 0.7765796875000001 0.6630859375 0.7628609375 0.6591796875 0.7447328125 0.6201171875 0.7564921874999999 0.5869140625 0.764821875
28 0.419921875 0.76923125 0.376953125 0.7702109375 0.35546875 0.764821875 0.33203125 0.7790296875 0.3369140625 0.7981374999999999 0.3408203125 0.8143062499999999 0.3583984375 0.8304750000000001 0.3818359375 0.8324343750000001 0.4287109375 0.8388046875 0.41796875 0.809896875 0.443359375 0.7819703125 0.419921875 0.76923125
0 0.28125 0.7854 0.326171875 0.7726609375 0.3603515625 0.764821875 0.3837890625 0.77168125 0.4130859375 0.766290625 0.4326171875 0.7609015625 0.4287109375 0.7466921875 0.419921875 0.73199375 0.4130859375 0.7158249999999999 0.39453125 0.718765625 0.3642578125 0.7212156249999999 0.3388671875 0.7285640625 0.2919921875 0.73934375 0.2509765625 0.7501218749999999 0.232421875 0.76188125 0.283203125 0.7564921874999999 0.3173828125 0.7530625 0.28515625 0.766290625 0.2470703125 0.7854 0.28125 0.7854
1 0.2724609375 0.7123953125 0.25390625 0.7202359375 0.2197265625 0.7329734375 0.2666015625 0.730525 0.2900390625 0.7241546875 0.326171875 0.7148453124999999 0.369140625 0.7148453124999999 0.400390625 0.7084765625 0.400390625 0.6923078125 0.3896484375 0.67711875 0.3896484375 0.6580109375000001 0.3603515625 0.6599703124999999 0.330078125 0.666340625 0.30859375 0.67711875 0.2685546875 0.6805484374999999 0.23828125 0.688878125 0.2109375 0.6986765625 0.19140625 0.7104359375 0.232421875 0.70700625 0.26171875 0.7016171875 0.30078125 0.7016171875 0.2724609375 0.7123953125
3 0.375 0.6580109375000001 0.375 0.6354734375 0.3642578125 0.6217546875 0.330078125 0.6246937499999999 0.30078125 0.6398828125 0.2705078125 0.6462515625 0.23828125 0.6536015625 0.1982421875 0.665359375 0.189453125 0.6795687499999999 0.2431640625 0.6727093749999999 0.2724609375 0.667809375 0.2978515625 0.6643796875 0.33203125 0.6634 0.375 0.6580109375000001
4 0.37109375 0.60215625 0.353515625 0.5913765625 0.3154296875 0.5957859375 0.2724609375 0.6011765625 0.2509765625 0.6055859375 0.212890625 0.6148953125000001 0.1806640625 0.6246937499999999 0.2216796875 0.6256734374999999 0.2509765625 0.6246937499999999 0.2900390625 0.6246937499999999 0.32421875 0.6246937499999999 0.369140625 0.6148953125000001 0.37109375 0.60215625
5 0.369140625 0.5874578125000001 0.373046875 0.5712890625 0.3642578125 0.55855 0.326171875 0.5570796875 0.2958984375 0.5668796875 0.255859375 0.576678125 0.21484375 0.5820671875000001 0.1826171875 0.5894171874999999 0.193359375 0.597746875 0.23046875 0.599215625 0.26171875 0.597746875 0.306640625 0.5938265625 0.3388671875 0.5903968749999999 0.369140625 0.5874578125000001
6 0.3349609375 0.5316015625 0.2958984375 0.5360125 0.25390625 0.53993125 0.2109375 0.544340625 0.236328125 0.5531609375000001 0.2685546875 0.5541406249999999 0.3134765625 0.5561 0.3662109375 0.560509375 0.373046875 0.5433609374999999 0.369140625 0.5296421875 0.3349609375 0.5316015625
7 0.263671875 0.5134734375 0.21484375 0.5188640625 0.240234375 0.5252328125 0.2724609375 0.5252328125 0.32421875 0.528171875 0.37109375 0.528171875 0.37109375 0.514453125 0.3583984375 0.501715625 0.306640625 0.5080843749999999 0.263671875 0.5134734375
8 0.255859375 0.48652656250000004 0.2275390625 0.49387499999999995 0.259765625 0.5007343750000001 0.2900390625 0.503675 0.32421875 0.503675 0.3623046875 0.503675 0.3662109375 0.4889765625 0.3603515625 0.475746875 0.3046875 0.48113593750000005 0.255859375 0.48652656250000004
9 0.2216796875 0.4639875 0.255859375 0.4737875 0.2958984375 0.4747671875 0.32421875 0.4772171875 0.3642578125 0.47819687499999997 0.3662109375 0.44585937500000006 0.2958984375 0.45222968750000003 0.259765625 0.45565937500000003 0.2216796875 0.4639875
10 0.3603515625 0.41156249999999994 0.3134765625 0.41156249999999994 0.2685546875 0.41058281250000006 0.2197265625 0.41058281250000006 0.1875 0.41891249999999997 0.2216796875 0.429690625 0.26171875 0.4360609375 0.2958984375 0.4439 0.322265625 0.44782031250000004 0.35546875 0.44782031250000004 0.369140625 0.432140625 0.3603515625 0.41156249999999994
11 0.373046875 0.3900046875 0.369140625 0.37432656249999996 0.30859375 0.379715625 0.25390625 0.381675 0.2109375 0.381675 0.1806640625 0.38804531249999996 0.2060546875 0.3968640625 0.2255859375 0.400784375 0.259765625 0.403234375 0.2919921875 0.4042140625 0.3193359375 0.41058281250000006 0.3515625 0.41156249999999994 0.373046875 0.3900046875
12 0.3818359375 0.3782453125 0.3837890625 0.3561984375 0.375 0.34296875 0.3408203125 0.3375796875 0.2958984375 0.3400296875 0.25390625 0.3375796875 0.21484375 0.33904999999999996 0.1826171875 0.3419890625 0.2216796875 0.357178125 0.25390625 0.363546875 0.2900390625 0.36648749999999997 0.322265625 0.370896875 0.34765625 0.377265625 0.3818359375 0.3782453125
14 0.1962890625 0.30034375 0.216796875 0.3150421875 0.2490234375 0.3258203125 0.2900390625 0.33022968750000004 0.322265625 0.333659375 0.349609375 0.3400296875 0.3818359375 0.34394843750000004 0.396484375 0.32925 0.3984375 0.31651093750000003 0.4072265625 0.3057328125 0.4033203125 0.2851546875 0.333984375 0.2827046875 0.2744140625 0.2778046875 0.240234375 0.27045625 0.216796875 0.276825 0.2451171875 0.2851546875 0.2666015625 0.2915234375 0.2939453125 0.3032828125 0.27734375 0.3121015625 0.2431640625 0.3057328125 0.216796875 0.30034375 0.1962890625 0.30034375
15 0.345703125 0.274375 0.37109375 0.2822140625 0.3984375 0.2797640625 0.4111328125 0.26800625 0.4111328125 0.2508578125 0.41796875 0.23517812500000002 0.3876953125 0.226359375 0.34765625 0.23076875000000002 0.30859375 0.2297890625 0.2705078125 0.2297890625 0.2275390625 0.2297890625 0.2041015625 0.23517812500000002 0.2216796875 0.24693749999999998 0.240234375 0.2542875 0.2705078125 0.2616359375 0.3046875 0.26800625 0.345703125 0.274375
16 0.41796875 0.20921093750000003 0.4091796875 0.1954921875 0.4091796875 0.1793234375 0.4111328125 0.1631546875 0.3818359375 0.15580624999999998 0.353515625 0.1567859375 0.3369140625 0.167565625 0.33203125 0.1822640625 0.3193359375 0.1945125 0.3046875 0.212640625 0.30859375 0.226359375 0.3349609375 0.2297890625 0.37109375 0.22440000000000002 0.4072265625 0.2297890625 0.41796875 0.20921093750000003