2 0.35546875 0.7427734375 0.400390625 0.7457125 0.439453125 0.7520828125000001 0.4814453125 0.7599218750000001 0.509765625 0.751103125 0.51171875 0.7359140625 0.5185546875 0.7212156249999999 0.4951171875 0.711415625 0.4580078125 0.7138656250000001 0.41796875 0.7158249999999999 0.375 0.71680625 0.3134765625 0.7266046875 0.302734375 0.7403234375000001 0.35546875 0.7427734375
13 0.3515625 0.7040671875 0.396484375 0.70700625 0.439453125 0.7040671875 0.4755859375 0.7123953125 0.509765625 0.7123953125 0.53125 0.7016171875 0.5419921875 0.68691875 0.53515625 0.6727093749999999 0.5224609375 0.6624203125 0.4970703125 0.6536015625 0.4609375 0.6599703124999999 0.423828125 0.666340625 0.392578125 0.667809375 0.3408203125 0.6780984375 0.3515625 0.7040671875
17 0.369140625 0.65458125 0.416015625 0.6536015625 0.4453125 0.652621875 0.4775390625 0.652621875 0.51171875 0.65458125 0.53515625 0.6462515625 0.5205078125 0.6310625 0.5009765625 0.620284375 0.4560546875 0.626653125 0.41796875 0.6344921875 0.3837890625 0.638903125 0.3408203125 0.6462515625 0.3369140625 0.6580109375000001 0.369140625 0.65458125
19 0.3623046875 0.5938265625 0.3349609375 0.597746875 0.302734375 0.6031359375 0.2939453125 0.6163640625 0.345703125 0.6119546875 0.39453125 0.6139140624999999 0.4287109375 0.618325 0.470703125 0.6237140625 0.5078125 0.620284375 0.529296875 0.620284375 0.5439453125 0.6099953124999999 0.537109375 0.597746875 0.5224609375 0.5859875 0.4921875 0.5884375000000001 0.4609375 0.5938265625 0.4287109375 0.5938265625 0.396484375 0.5938265625 0.3623046875 0.5938265625
20 0.345703125 0.560509375 0.3349609375 0.5756984375 0.376953125 0.576678125 0.4345703125 0.5786374999999999 0.46875 0.5796171875 0.4970703125 0.584028125 0.5263671875 0.5850078125 0.5439453125 0.576678125 0.5478515625 0.5624687500000001 0.5498046875 0.54973125 0.513671875 0.5433609374999999 0.4794921875 0.5521796875 0.447265625 0.5551203124999999 0.4130859375 0.5561 0.375 0.5570796875 0.345703125 0.560509375
21 0.53125 0.5507109375 0.556640625 0.544340625 0.5498046875 0.5296421875 0.5478515625 0.51004375 0.5048828125 0.5071046875 0.4638671875 0.505634375 0.4267578125 0.5046546875 0.388671875 0.506125 0.3505859375 0.5095546875 0.3193359375 0.516903125 0.322265625 0.5325828125000001 0.3671875 0.537971875 0.41015625 0.53993125 0.44140625 0.5438515625 0.490234375 0.5467906250000001 0.53125 0.5507109375
22 0.35546875 0.44880000000000003 0.341796875 0.4683984375 0.3798828125 0.47868750000000004 0.41796875 0.4879953125 0.4443359375 0.4948546875 0.5048828125 0.5046546875 0.53125 0.506125 0.5498046875 0.501715625 0.5546875 0.48652656250000004 0.55859375 0.4728078125 0.560546875 0.45761874999999996 0.537109375 0.4566390625 0.5078125 0.45761874999999996 0.470703125 0.4546796875 0.4453125 0.45271875 0.4130859375 0.45075937499999996 0.3857421875 0.4453703125 0.35546875 0.44880000000000003
30 0.4287109375 0.43753125 0.462890625 0.44145 0.4951171875 0.44585937500000006 0.5263671875 0.45565937500000003 0.552734375 0.4566390625 0.556640625 0.4404703125 0.5625 0.42773125 0.5390625 0.41695312500000004 0.5048828125 0.41891249999999997 0.462890625 0.41891249999999997 0.4267578125 0.42136250000000003 0.373046875 0.42038281250000004 0.39453125 0.4331203125 0.4287109375 0.43753125
29 0.35546875 0.3944140625 0.3837890625 0.403234375 0.421875 0.40519375 0.4609375 0.41058281250000006 0.48828125 0.41156249999999994 0.5224609375 0.41695312500000004 0.55859375 0.4125421875 0.5654296875 0.39784375 0.5439453125 0.379715625 0.5048828125 0.379715625 0.470703125 0.379715625 0.44140625 0.3782453125 0.4130859375 0.3782453125 0.369140625 0.38265625000000003 0.35546875 0.3944140625
26 0.4033203125 0.2660453125 0.44140625 0.269475 0.4736328125 0.27339531250000004 0.4990234375 0.26506562499999997 0.490234375 0.24693749999999998 0.4794921875 0.2317484375 0.44140625 0.2327296875 0.4052734375 0.23076875000000002 0.369140625 0.23076875000000002 0.33203125 0.2317484375 0.3173828125 0.24693749999999998 0.3603515625 0.2542875 0.4033203125 0.2660453125
27 0.4560546875 0.22733906250000002 0.4970703125 0.226359375 0.490234375 0.210190625 0.4814453125 0.1974515625 0.4609375 0.19010312499999998 0.423828125 0.19647187500000002 0.3896484375 0.2028421875 0.3515625 0.2072515625 0.3388671875 0.22195 0.3876953125 0.22440000000000002 0.419921875 0.22733906250000002 0.4560546875 0.22733906250000002
28 0.533203125 0.236159375 0.5654296875 0.2371390625 0.5869140625 0.21999062500000002 0.599609375 0.20823125 0.62890625 0.1954921875 0.65234375 0.181284375 0.6396484375 0.1656046875 0.5908203125 0.16952499999999998 0.5625 0.1729546875 0.5263671875 0.1837328125 0.4921875 0.19010312499999998 0.4951171875 0.2072515625 0.51171875 0.22195 0.533203125 0.236159375
0 0.5458984375 0.2876046875 0.58203125 0.284175 0.6142578125 0.27339531250000004 0.6376953125 0.2640859375 0.6806640625 0.2454671875 0.7119140625 0.22831875 0.6865234375 0.21558125 0.6572265625 0.21999062500000002 0.626953125 0.22733906250000002 0.5966796875 0.23370937500000002 0.556640625 0.23909843749999998 0.5205078125 0.2435078125 0.53515625 0.269475 0.5458984375 0.2876046875
1 0.646484375 0.278784375 0.6142578125 0.2876046875 0.583984375 0.28319375 0.556640625 0.2851546875 0.5458984375 0.29936250000000003 0.5439453125 0.31308125000000003 0.5478515625 0.333659375 0.556640625 0.34541875 0.5947265625 0.34541875 0.6142578125 0.33464062499999997 0.6396484375 0.324840625 0.6962890625 0.32043125 0.7265625 0.307203125 0.7373046875 0.2944640625 0.72265625 0.29005312499999997 0.6806640625 0.3013234375 0.65625 0.2969125 0.6806640625 0.288584375 0.71484375 0.2758453125 0.669921875 0.27339531250000004 0.646484375 0.278784375
3 0.5654296875 0.3625671875 0.578125 0.3762859375 0.6181640625 0.36550781250000003 0.6484375 0.3591375 0.6845703125 0.3561984375 0.7255859375 0.3508078125 0.7509765625 0.3419890625 0.7763671875 0.332190625 0.767578125 0.32043125 0.736328125 0.3282703125 0.693359375 0.33464062499999997 0.6484375 0.33904999999999996 0.6123046875 0.3400296875 0.5712890625 0.3463984375 0.5654296875 0.3625671875
4 0.6611328125 0.393434375 0.7041015625 0.387065625 0.7421875 0.381675 0.7783203125 0.373346875 0.783203125 0.3591375 0.7333984375 0.36648749999999997 0.697265625 0.370896875 0.654296875 0.373346875 0.6201171875 0.3718765625 0.580078125 0.37432656249999996 0.578125 0.39539375 0.603515625 0.40715312499999995 0.6611328125 0.393434375
5 0.580078125 0.4287109375 0.599609375 0.44585937500000006 0.625 0.4448796875 0.646484375 0.439490625 0.677734375 0.425771875 0.7119140625 0.42038281250000004 0.7568359375 0.41156249999999994 0.7802734375 0.402253125 0.783203125 0.391475 0.74609375 0.389025 0.71484375 0.3944140625 0.6650390625 0.4042140625 0.626953125 0.4061734375 0.599609375 0.4061734375 0.580078125 0.4287109375
6 0.671875 0.4674171875 0.720703125 0.45761874999999996 0.7568359375 0.4404703125 0.740234375 0.425771875 0.7041015625 0.42773125 0.6650390625 0.43753125 0.62890625 0.4404703125 0.5888671875 0.44585937500000006 0.580078125 0.4610484375 0.580078125 0.4737875 0.6201171875 0.47035781249999997 0.671875 0.4674171875
7 0.7509765625 0.47182812500000004 0.697265625 0.47035781249999997 0.6650390625 0.4728078125 0.6337890625 0.47182812500000004 0.578125 0.4728078125 0.578125 0.501715625 0.6357421875 0.49926562499999994 0.669921875 0.496325 0.71875 0.48750625000000003 0.7509765625 0.47182812500000004
8 0.6416015625 0.5271921875000001 0.673828125 0.5271921875000001 0.71875 0.5262125 0.72265625 0.51249375 0.697265625 0.5071046875 0.6484375 0.506125 0.6181640625 0.503675 0.5732421875 0.5007343750000001 0.5732421875 0.5188640625 0.576171875 0.5316015625 0.603515625 0.528171875 0.6416015625 0.5271921875000001
9 0.6845703125 0.5595296875 0.720703125 0.5561 0.7509765625 0.5453203125 0.71484375 0.5369921875 0.6845703125 0.5350312500000001 0.6416015625 0.5335625 0.6162109375 0.5316015625 0.578125 0.5335625 0.58203125 0.544340625 0.583984375 0.5595296875 0.6357421875 0.5595296875 0.6845703125 0.5595296875
10 0.5908203125 0.59480625 0.646484375 0.5957859375 0.7021484375 0.597746875 0.73828125 0.597746875 0.7744140625 0.597746875 0.783203125 0.584028125 0.759765625 0.5786374999999999 0.7275390625 0.574228125 0.671875 0.567859375 0.630859375 0.5639390625 0.5966796875 0.5595296875 0.576171875 0.57226875 0.5732421875 0.5859875 0.5908203125 0.59480625
11 0.64453125 0.6300828125 0.673828125 0.6335124999999999 0.7060546875 0.6335124999999999 0.7421875 0.6310625 0.7080078125 0.6173437500000001 0.6845703125 0.6139140624999999 0.6591796875 0.608525 0.623046875 0.60215625 0.5966796875 0.5938265625 0.5732421875 0.6001953125 0.560546875 0.612934375 0.576171875 0.6281234375 0.6162109375 0.629103125 0.64453125 0.6300828125
12 0.556640625 0.6491921875 0.560546875 0.665359375 0.6181640625 0.666340625 0.66796875 0.665359375 0.71484375 0.6624203125 0.7548828125 0.6609499999999999 0.7529296875 0.6491921875 0.720703125 0.6438015625 0.6826171875 0.6408625 0.65234375 0.6374328125 0.62890625 0.636453125 0.603515625 0.6335124999999999 0.580078125 0.626653125 0.556640625 0.636453125 0.556640625 0.6491921875
15 0.5498046875 0.7148453124999999 0.53515625 0.730525 0.556640625 0.73934375 0.576171875 0.7457125 0.60546875 0.7545328125 0.64453125 0.7702109375 0.6630859375 0.7756000000000001 0.69140625 0.7746203125 0.7021484375 0.7599218750000001 0.67578125 0.737384375 0.6484375 0.7202359375 0.630859375 0.7084765625 0.6142578125 0.695246875 0.583984375 0.6878984375 0.55859375 0.7030875 0.5498046875 0.7148453124999999
16 0.5078125 0.76188125 0.490234375 0.7834390625000001 0.529296875 0.78686875 0.5634765625 0.792259375 0.591796875 0.79421875 0.603515625 0.793728125 0.6416015625 0.8025484374999999 0.6591796875 0.7951984375000001 0.6337890625 0.77805 0.6142578125 0.7672703125 0.5947265625 0.7584515625 0.5625 0.7457125 0.537109375 0.734934375 0.5205078125 0.7476734375 0.5078125 0.76188125