2 0.288584375 0.4951171875 0.286134375 0.4580078125 0.284175 0.41796875 0.28319375 0.375 0.27339531250000004 0.3134765625 0.25967656250000004 0.302734375 0.2572265625 0.35546875 0.2542875 0.400390625 0.2479171875 0.439453125 0.240078125 0.4814453125 0.24889687500000002 0.509765625 0.2640859375 0.51171875 0.278784375 0.5185546875 0.288584375 0.4951171875
13 0.3375796875 0.5224609375 0.3463984375 0.4970703125 0.3400296875 0.4609375 0.333659375 0.423828125 0.332190625 0.392578125 0.3219015625 0.3408203125 0.2959328125 0.3515625 0.29299375 0.396484375 0.2959328125 0.439453125 0.2876046875 0.4755859375 0.2876046875 0.509765625 0.2983828125 0.53125 0.31308125000000003 0.5419921875 0.327290625 0.53515625 0.3375796875 0.5224609375
17 0.379715625 0.5009765625 0.373346875 0.4560546875 0.36550781250000003 0.41796875 0.361096875 0.3837890625 0.3537484375 0.3408203125 0.3419890625 0.3369140625 0.34541875 0.369140625 0.3463984375 0.416015625 0.347378125 0.4453125 0.347378125 0.4775390625 0.34541875 0.51171875 0.3537484375 0.53515625 0.36893750000000003 0.5205078125 0.379715625 0.5009765625
19 0.402253125 0.537109375 0.4140125 0.5224609375 0.41156249999999994 0.4921875 0.4061734375 0.4609375 0.4061734375 0.4287109375 0.4061734375 0.396484375 0.4061734375 0.3623046875 0.402253125 0.3349609375 0.3968640625 0.302734375 0.38363593749999997 0.2939453125 0.38804531249999996 0.345703125 0.3860859375 0.39453125 0.381675 0.4287109375 0.3762859375 0.470703125 0.379715625 0.5078125 0.379715625 0.529296875 0.3900046875 0.5439453125 0.402253125 0.537109375
20 0.45026875000000005 0.5498046875 0.4566390625 0.513671875 0.44782031250000004 0.4794921875 0.4448796875 0.447265625 0.4439 0.4130859375 0.44292031249999997 0.375 0.439490625 0.345703125 0.4243015625 0.3349609375 0.42332187499999996 0.376953125 0.42136250000000003 0.4345703125 0.42038281250000004 0.46875 0.415971875 0.4970703125 0.41499218750000005 0.5263671875 0.42332187499999996 0.5439453125 0.43753125 0.5478515625 0.45026875000000005 0.5498046875
21 0.48309687500000004 0.3193359375 0.4674171875 0.322265625 0.46202812499999996 0.3671875 0.46006875 0.41015625 0.4561484375 0.44140625 0.45320937499999997 0.490234375 0.4492890625 0.53125 0.45565937500000003 0.556640625 0.47035781249999997 0.5498046875 0.48995625 0.5478515625 0.49289531249999996 0.5048828125 0.49436562500000003 0.4638671875 0.4953453125 0.4267578125 0.49387499999999995 0.388671875 0.4904453125 0.3505859375 0.48309687500000004 0.3193359375
22 0.5433609374999999 0.537109375 0.54238125 0.5078125 0.5453203125 0.470703125 0.5472812499999999 0.4453125 0.549240625 0.4130859375 0.5546296875000001 0.3857421875 0.5511999999999999 0.35546875 0.5316015625 0.341796875 0.5213125 0.3798828125 0.5120046874999999 0.41796875 0.5051453125 0.4443359375 0.4953453125 0.5048828125 0.49387499999999995 0.53125 0.498284375 0.5498046875 0.5134734375 0.5546875 0.5271921875000001 0.55859375 0.54238125 0.560546875 0.5433609374999999 0.537109375
30 0.583046875 0.5390625 0.5810875 0.5048828125 0.5810875 0.462890625 0.5786374999999999 0.4267578125 0.5796171875 0.373046875 0.5668796875 0.39453125 0.5624687500000001 0.4287109375 0.55855 0.462890625 0.5541406249999999 0.4951171875 0.544340625 0.5263671875 0.5433609374999999 0.552734375 0.5595296875 0.556640625 0.57226875 0.5625 0.583046875 0.5390625
29 0.620284375 0.5439453125 0.620284375 0.5048828125 0.620284375 0.470703125 0.6217546875 0.44140625 0.6217546875 0.4130859375 0.6173437500000001 0.369140625 0.6055859375 0.35546875 0.596765625 0.3837890625 0.59480625 0.421875 0.5894171874999999 0.4609375 0.5884375000000001 0.48828125 0.583046875 0.5224609375 0.5874578125000001 0.55859375 0.60215625 0.5654296875 0.620284375 0.5439453125
26 0.7672703125 0.44140625 0.76923125 0.4052734375 0.76923125 0.369140625 0.7682515624999999 0.33203125 0.7530625 0.3173828125 0.7457125 0.3603515625 0.7339546875 0.4033203125 0.730525 0.44140625 0.7266046875 0.4736328125 0.734934375 0.4990234375 0.7530625 0.490234375 0.7682515624999999 0.4794921875 0.7672703125 0.44140625
27 0.803528125 0.423828125 0.7971578125 0.3896484375 0.7927484375 0.3515625 0.77805 0.3388671875 0.7756000000000001 0.3876953125 0.7726609375 0.419921875 0.7726609375 0.4560546875 0.773640625 0.4970703125 0.789809375 0.490234375 0.8025484374999999 0.4814453125 0.809896875 0.4609375 0.803528125 0.423828125
28 0.8304750000000001 0.5908203125 0.8270453124999999 0.5625 0.8162671874999999 0.5263671875 0.809896875 0.4921875 0.7927484375 0.4951171875 0.77805 0.51171875 0.763840625 0.533203125 0.7628609375 0.5654296875 0.780009375 0.5869140625 0.79176875 0.599609375 0.8045078125 0.62890625 0.818715625 0.65234375 0.8343953125000001 0.6396484375 0.8304750000000001 0.5908203125
0 0.780009375 0.6572265625 0.7726609375 0.626953125 0.766290625 0.5966796875 0.7609015625 0.556640625 0.7564921874999999 0.5205078125 0.730525 0.53515625 0.7123953125 0.5458984375 0.7158249999999999 0.58203125 0.7266046875 0.6142578125 0.7359140625 0.6376953125 0.7545328125 0.6806640625 0.77168125 0.7119140625 0.78441875 0.6865234375 0.780009375 0.6572265625
1 0.709946875 0.72265625 0.6986765625 0.6806640625 0.7030875 0.65625 0.711415625 0.6806640625 0.7241546875 0.71484375 0.7266046875 0.669921875 0.7212156249999999 0.646484375 0.7123953125 0.6142578125 0.71680625 0.583984375 0.7148453124999999 0.556640625 0.7006375 0.5458984375 0.68691875 0.5439453125 0.666340625 0.5478515625 0.65458125 0.556640625 0.65458125 0.5947265625 0.665359375 0.6142578125 0.675159375 0.6396484375 0.6795687499999999 0.6962890625 0.692796875 0.7265625 0.7055359375 0.7373046875 0.709946875 0.72265625
3 0.6795687499999999 0.767578125 0.6717296875 0.736328125 0.665359375 0.693359375 0.6609499999999999 0.6484375 0.6599703124999999 0.6123046875 0.6536015625 0.5712890625 0.6374328125 0.5654296875 0.6237140625 0.578125 0.6344921875 0.6181640625 0.6408625 0.6484375 0.6438015625 0.6845703125 0.6491921875 0.7255859375 0.6580109375000001 0.7509765625 0.667809375 0.7763671875 0.6795687499999999 0.767578125
4 0.629103125 0.697265625 0.626653125 0.654296875 0.6281234375 0.6201171875 0.6256734374999999 0.580078125 0.60460625 0.578125 0.592846875 0.603515625 0.606565625 0.6611328125 0.612934375 0.7041015625 0.618325 0.7421875 0.626653125 0.7783203125 0.6408625 0.783203125 0.6335124999999999 0.7333984375 0.629103125 0.697265625
5 0.608525 0.783203125 0.610975 0.74609375 0.6055859375 0.71484375 0.5957859375 0.6650390625 0.5938265625 0.626953125 0.5938265625 0.599609375 0.5712890625 0.580078125 0.5541406249999999 0.599609375 0.5551203124999999 0.625 0.560509375 0.646484375 0.574228125 0.677734375 0.5796171875 0.7119140625 0.5884375000000001 0.7568359375 0.597746875 0.7802734375 0.608525 0.783203125
6 0.5624687500000001 0.6650390625 0.5595296875 0.62890625 0.5541406249999999 0.5888671875 0.5389515625 0.580078125 0.5262125 0.580078125 0.5296421875 0.6201171875 0.5325828125000001 0.671875 0.54238125 0.720703125 0.5595296875 0.7568359375 0.574228125 0.740234375 0.57226875 0.7041015625 0.5624687500000001 0.6650390625
7 0.528171875 0.6337890625 0.5271921875000001 0.578125 0.498284375 0.578125 0.5007343750000001 0.6357421875 0.503675 0.669921875 0.51249375 0.71875 0.528171875 0.7509765625 0.5296421875 0.697265625 0.5271921875000001 0.6650390625 0.528171875 0.6337890625
8 0.49387499999999995 0.6484375 0.496325 0.6181640625 0.49926562499999994 0.5732421875 0.48113593750000005 0.5732421875 0.4683984375 0.576171875 0.47182812500000004 0.603515625 0.4728078125 0.6416015625 0.4728078125 0.673828125 0.4737875 0.71875 0.48750625000000003 0.72265625 0.49289531249999996 0.697265625 0.49387499999999995 0.6484375
9 0.46643749999999995 0.6416015625 0.4683984375 0.6162109375 0.46643749999999995 0.578125 0.45565937500000003 0.58203125 0.4404703125 0.583984375 0.4404703125 0.6357421875 0.4404703125 0.6845703125 0.4439 0.720703125 0.4546796875 0.7509765625 0.4630078125 0.71484375 0.46496875 0.6845703125 0.46643749999999995 0.6416015625
10 0.425771875 0.7275390625 0.432140625 0.671875 0.4360609375 0.630859375 0.4404703125 0.5966796875 0.42773125 0.576171875 0.4140125 0.5732421875 0.40519375 0.5908203125 0.4042140625 0.646484375 0.402253125 0.7021484375 0.402253125 0.73828125 0.402253125 0.7744140625 0.415971875 0.783203125 0.42136250000000003 0.759765625 0.425771875 0.7275390625
11 0.39784375 0.623046875 0.4061734375 0.5966796875 0.3998046875 0.5732421875 0.387065625 0.560546875 0.3718765625 0.576171875 0.370896875 0.6162109375 0.3699171875 0.64453125 0.36648749999999997 0.673828125 0.36648749999999997 0.7060546875 0.36893750000000003 0.7421875 0.38265625000000003 0.7080078125 0.3860859375 0.6845703125 0.391475 0.6591796875 0.39784375 0.623046875
12 0.3591375 0.6826171875 0.3625671875 0.65234375 0.363546875 0.62890625 0.36648749999999997 0.603515625 0.373346875 0.580078125 0.363546875 0.556640625 0.3508078125 0.556640625 0.33464062499999997 0.560546875 0.333659375 0.6181640625 0.33464062499999997 0.66796875 0.3375796875 0.71484375 0.33904999999999996 0.7548828125 0.3508078125 0.7529296875 0.3561984375 0.720703125 0.3591375 0.6826171875
15 0.262615625 0.67578125 0.2797640625 0.6484375 0.2915234375 0.630859375 0.304753125 0.6142578125 0.3121015625 0.583984375 0.2969125 0.55859375 0.2851546875 0.5498046875 0.269475 0.53515625 0.26065625 0.556640625 0.2542875 0.576171875 0.2454671875 0.60546875 0.2297890625 0.64453125 0.22440000000000002 0.6630859375 0.22537968749999998 0.69140625 0.240078125 0.7021484375 0.262615625 0.67578125
16 0.22195 0.6337890625 0.2327296875 0.6142578125 0.24154843750000002 0.5947265625 0.2542875 0.5625 0.26506562499999997 0.537109375 0.2523265625 0.5205078125 0.23811875 0.5078125 0.2165609375 0.490234375 0.21313125 0.529296875 0.207740625 0.5634765625 0.20578124999999997 0.591796875 0.20627187500000002 0.603515625 0.1974515625 0.6416015625 0.2048015625 0.6591796875 0.22195 0.6337890625