31 0.7545328125 0.421875 0.76188125 0.4453125 0.76923125 0.46875 0.7790296875 0.4951171875 0.7907890625 0.5009765625 0.79911875 0.4755859375 0.8069578125 0.4521484375 0.8152859375 0.4248046875 0.7951984375000001 0.3896484375 0.7746203125 0.3603515625 0.7599218750000001 0.3193359375 0.7447328125 0.3349609375 0.7447328125 0.3818359375 0.7545328125 0.421875
2 0.7241546875 0.513671875 0.7383640625 0.53125 0.7520828125000001 0.515625 0.766290625 0.509765625 0.766290625 0.4794921875 0.7609015625 0.447265625 0.7520828125000001 0.41796875 0.7457125 0.3837890625 0.7413031250000001 0.345703125 0.723175 0.3408203125 0.7177859375 0.392578125 0.7212156249999999 0.4287109375 0.7202359375 0.4794921875 0.7241546875 0.513671875
13 0.6643796875 0.4814453125 0.6697703125000001 0.5263671875 0.6859375 0.5390625 0.6996578125 0.5390625 0.7138656250000001 0.533203125 0.718765625 0.5029296875 0.71680625 0.46875 0.70945625 0.4375 0.7084765625 0.400390625 0.7060265625000001 0.369140625 0.68691875 0.34765625 0.6761390625 0.3662109375 0.667809375 0.4052734375 0.6643796875 0.443359375 0.6643796875 0.4814453125
17 0.6310625 0.533203125 0.642821875 0.5546875 0.6580109375000001 0.5546875 0.67075 0.537109375 0.667809375 0.5029296875 0.6643796875 0.470703125 0.6624203125 0.44140625 0.658990625 0.4091796875 0.652621875 0.373046875 0.6354734375 0.35546875 0.6344921875 0.4130859375 0.63204375 0.4560546875 0.6310625 0.4990234375 0.6310625 0.533203125
18 0.608525 0.5546875 0.6281234375 0.5654296875 0.6354734375 0.5439453125 0.629103125 0.5029296875 0.6310625 0.462890625 0.6256734374999999 0.419921875 0.618325 0.3642578125 0.60215625 0.3818359375 0.599215625 0.4560546875 0.596765625 0.5029296875 0.596765625 0.5478515625 0.608525 0.5546875
19 0.5658984375 0.5478515625 0.5776578125 0.5673828125 0.5903968749999999 0.58203125 0.6011765625 0.560546875 0.5957859375 0.537109375 0.5957859375 0.470703125 0.5938265625 0.4345703125 0.5894171874999999 0.4072265625 0.583046875 0.376953125 0.5712890625 0.376953125 0.5712890625 0.4287109375 0.5688390625 0.4736328125 0.5658984375 0.509765625 0.5658984375 0.5478515625
20 0.5335625 0.552734375 0.5389515625 0.580078125 0.54973125 0.5869140625 0.5624687500000001 0.5693359375 0.5639390625 0.533203125 0.5595296875 0.4921875 0.5561 0.4541015625 0.54973125 0.419921875 0.54238125 0.3857421875 0.5325828125000001 0.4111328125 0.5369921875 0.439453125 0.537971875 0.486328125 0.5350312500000001 0.5244140625 0.5335625 0.552734375
21 0.4953453125 0.556640625 0.4953453125 0.5927734375 0.5090640625 0.60546875 0.524253125 0.603515625 0.5350312500000001 0.58203125 0.5325828125000001 0.5478515625 0.528171875 0.5048828125 0.528171875 0.4775390625 0.5252328125 0.443359375 0.5188640625 0.3876953125 0.5046546875 0.376953125 0.5007343750000001 0.4111328125 0.5007343750000001 0.4541015625 0.49730468749999995 0.4970703125 0.4953453125 0.556640625
22 0.4630078125 0.5908203125 0.47819687499999997 0.6015625 0.491915625 0.5947265625 0.491915625 0.5625 0.491915625 0.53515625 0.4889765625 0.5009765625 0.49093593750000003 0.46875 0.49093593750000003 0.4267578125 0.485546875 0.3857421875 0.469378125 0.4091796875 0.4630078125 0.4755859375 0.4566390625 0.529296875 0.4546796875 0.5712890625 0.4630078125 0.5908203125
30 0.4243015625 0.529296875 0.42136250000000003 0.556640625 0.42675156249999996 0.583984375 0.4385109375 0.5888671875 0.45026875000000005 0.580078125 0.45222968750000003 0.5458984375 0.45320937499999997 0.5205078125 0.45320937499999997 0.4951171875 0.45859843749999996 0.4521484375 0.4630078125 0.400390625 0.45222968750000003 0.3984375 0.4404703125 0.44140625 0.4331203125 0.4775390625 0.4287109375 0.5029296875 0.4243015625 0.529296875
29 0.393434375 0.5673828125 0.4042140625 0.5888671875 0.41695312500000004 0.580078125 0.42038281250000004 0.55859375 0.42332187499999996 0.5244140625 0.42136250000000003 0.486328125 0.41891249999999997 0.447265625 0.41891249999999997 0.400390625 0.403234375 0.4072265625 0.3968640625 0.443359375 0.3944140625 0.490234375 0.3900046875 0.53515625 0.393434375 0.5673828125
23 0.3625671875 0.576171875 0.377265625 0.5732421875 0.389025 0.5654296875 0.3924546875 0.5390625 0.393434375 0.4970703125 0.393434375 0.447265625 0.393434375 0.392578125 0.37530625 0.4072265625 0.3625671875 0.4541015625 0.3625671875 0.509765625 0.3561984375 0.5498046875 0.3625671875 0.576171875
24 0.33022968750000004 0.5625 0.3419890625 0.5673828125 0.3561984375 0.5546875 0.361096875 0.5224609375 0.3601171875 0.48828125 0.354728125 0.443359375 0.3581578125 0.3876953125 0.33904999999999996 0.4306640625 0.32925 0.4794921875 0.32043125 0.5205078125 0.3219015625 0.5458984375 0.33022968750000004 0.5625
25 0.276825 0.5009765625 0.28123437500000004 0.5244140625 0.29299375 0.533203125 0.3057328125 0.5458984375 0.318471875 0.5439453125 0.3258203125 0.5009765625 0.324840625 0.46875 0.327290625 0.4326171875 0.3282703125 0.3857421875 0.302303125 0.375 0.2939734375 0.4111328125 0.2895640625 0.4453125 0.2778046875 0.470703125 0.276825 0.5009765625
26 0.2435078125 0.4794921875 0.2542875 0.4990234375 0.269475 0.4951171875 0.278784375 0.46484375 0.28123437500000004 0.4287109375 0.2851546875 0.396484375 0.2915234375 0.35546875 0.26800625 0.3134765625 0.25967656250000004 0.35546875 0.249878125 0.3984375 0.236159375 0.4287109375 0.23370937500000002 0.46484375 0.2435078125 0.4794921875
0 0.2165609375 0.6396484375 0.21802968749999999 0.6865234375 0.24448750000000002 0.630859375 0.249878125 0.6611328125 0.2297890625 0.6953125 0.24889687500000002 0.6953125 0.2660453125 0.6591796875 0.2778046875 0.62890625 0.288584375 0.6181640625 0.2959328125 0.5869140625 0.276825 0.556640625 0.262615625 0.533203125 0.2479171875 0.5419921875 0.24154843750000002 0.5869140625 0.22831875 0.6162109375 0.2165609375 0.6396484375
1 0.2778046875 0.697265625 0.274375 0.7255859375 0.27339531250000004 0.7724609375 0.2876046875 0.7314453125 0.3032828125 0.6865234375 0.3067125 0.7099609375 0.2983828125 0.73828125 0.29054375 0.76171875 0.286134375 0.7958984375 0.3057328125 0.763671875 0.3150421875 0.744140625 0.3219015625 0.716796875 0.33022968750000004 0.6826171875 0.34541875 0.6416015625 0.347378125 0.6123046875 0.32925 0.5947265625 0.3150421875 0.5908203125 0.29495312500000004 0.583984375 0.2915234375 0.62890625 0.286134375 0.66796875 0.2778046875 0.697265625
3 0.3400296875 0.7333984375 0.33904999999999996 0.7568359375 0.33904999999999996 0.7939453125 0.35276874999999996 0.7763671875 0.3601171875 0.740234375 0.3645265625 0.7080078125 0.36893750000000003 0.6806640625 0.381675 0.6572265625 0.38510468750000004 0.625 0.3718765625 0.6142578125 0.361096875 0.6103515625 0.3463984375 0.6142578125 0.3463984375 0.66796875 0.3419890625 0.7021484375 0.3400296875 0.7333984375
4 0.377265625 0.7333984375 0.377265625 0.7724609375 0.379715625 0.806640625 0.391475 0.7724609375 0.39784375 0.7314453125 0.402253125 0.6884765625 0.41156249999999994 0.66796875 0.41156249999999994 0.6376953125 0.400784375 0.623046875 0.389025 0.6142578125 0.379715625 0.630859375 0.3782453125 0.6572265625 0.3782453125 0.6953125 0.377265625 0.7333984375
5 0.41156249999999994 0.740234375 0.41058281250000006 0.765625 0.41058281250000006 0.7978515625 0.42136250000000003 0.8037109375 0.42675156249999996 0.765625 0.439490625 0.7119140625 0.4439 0.669921875 0.4385109375 0.6357421875 0.42332187499999996 0.6376953125 0.4140125 0.650390625 0.4125421875 0.6806640625 0.41156249999999994 0.7099609375 0.41156249999999994 0.740234375
6 0.44683906249999994 0.767578125 0.46006875 0.78515625 0.4639875 0.73828125 0.4683984375 0.693359375 0.47035781249999997 0.6572265625 0.47182812500000004 0.623046875 0.45761874999999996 0.625 0.4439 0.626953125 0.4448796875 0.6572265625 0.44585937500000006 0.697265625 0.44585937500000006 0.736328125 0.44683906249999994 0.767578125
7 0.48113593750000005 0.7763671875 0.485546875 0.7490234375 0.48995625 0.71484375 0.49289531249999996 0.677734375 0.49730468749999995 0.623046875 0.47035781249999997 0.625 0.47035781249999997 0.66796875 0.47035781249999997 0.6953125 0.47035781249999997 0.7275390625 0.47035781249999997 0.76171875 0.48113593750000005 0.7763671875
8 0.5071046875 0.765625 0.5110234375 0.7275390625 0.514453125 0.6953125 0.5188640625 0.6630859375 0.5198437499999999 0.6201171875 0.498284375 0.626953125 0.498284375 0.671875 0.498284375 0.7119140625 0.49730468749999995 0.74609375 0.49730468749999995 0.7939453125 0.5071046875 0.765625
9 0.528171875 0.7783203125 0.5350312500000001 0.736328125 0.5389515625 0.6884765625 0.5453203125 0.65234375 0.54875 0.6103515625 0.5316015625 0.6123046875 0.5198437499999999 0.623046875 0.5198437499999999 0.6806640625 0.5178828125 0.720703125 0.515434375 0.7763671875 0.528171875 0.7783203125
10 0.5570796875 0.7890625 0.570309375 0.80859375 0.576678125 0.767578125 0.5786374999999999 0.7255859375 0.5786374999999999 0.6826171875 0.5732484375 0.623046875 0.5561 0.625 0.54875 0.6572265625 0.5477703125 0.6845703125 0.54973125 0.71875 0.5531609375000001 0.7529296875 0.5570796875 0.7890625
11 0.5874578125000001 0.759765625 0.60460625 0.80859375 0.6075453125 0.765625 0.6075453125 0.716796875 0.608525 0.64453125 0.60460625 0.6123046875 0.5903968749999999 0.603515625 0.576678125 0.623046875 0.576678125 0.6611328125 0.5820671875000001 0.6953125 0.583046875 0.7275390625 0.5874578125000001 0.759765625
12 0.629103125 0.740234375 0.6335124999999999 0.7783203125 0.64723125 0.7998046875 0.651640625 0.7509765625 0.6482109375 0.7080078125 0.6438015625 0.65234375 0.638903125 0.603515625 0.6217546875 0.5947265625 0.6031359375 0.6123046875 0.6099953124999999 0.654296875 0.6163640625 0.6826171875 0.6217546875 0.7119140625 0.629103125 0.740234375
14 0.6506609375 0.654296875 0.65458125 0.6845703125 0.6624203125 0.71875 0.67075 0.7490234375 0.695246875 0.7763671875 0.6898578125 0.7421875 0.6795687499999999 0.71875 0.6780984375 0.66796875 0.6898578125 0.69140625 0.6996578125 0.7314453125 0.7138656250000001 0.7490234375 0.7138656250000001 0.716796875 0.7030875 0.6845703125 0.6942671875 0.65234375 0.6967171875 0.6015625 0.6825078125 0.580078125 0.6687890624999999 0.576171875 0.65458125 0.5888671875 0.6408625 0.5908203125 0.6418421875 0.6357421875 0.6506609375 0.654296875