2 0.48828125 0.2454671875 0.4794921875 0.25967656250000004 0.4609375 0.2714359375 0.462890625 0.286134375 0.4970703125 0.29299375 0.529296875 0.2822140625 0.576171875 0.288584375 0.6123046875 0.278784375 0.6201171875 0.256246875 0.578125 0.2533078125 0.5439453125 0.2542875 0.513671875 0.24889687500000002 0.48828125 0.2454671875
13 0.603515625 0.29936250000000003 0.5458984375 0.3013234375 0.4990234375 0.2959328125 0.466796875 0.29054375 0.447265625 0.2959328125 0.443359375 0.3101421875 0.4375 0.32925 0.4580078125 0.33904999999999996 0.48828125 0.3356203125 0.5224609375 0.33022968750000004 0.55859375 0.3282703125 0.5947265625 0.324840625 0.60546875 0.3121015625 0.603515625 0.29936250000000003
18 0.4345703125 0.3718765625 0.4072265625 0.3762859375 0.4091796875 0.393434375 0.416015625 0.40715312499999995 0.4541015625 0.4086234375 0.486328125 0.40519375 0.5185546875 0.4042140625 0.5498046875 0.3944140625 0.5439453125 0.3782453125 0.509765625 0.377265625 0.4736328125 0.37432656249999996 0.4345703125 0.3718765625
19 0.490234375 0.41695312500000004 0.4462890625 0.41107343749999997 0.4296875 0.4086234375 0.4052734375 0.41156249999999994 0.3818359375 0.42234218749999997 0.39453125 0.4341015625 0.416015625 0.4448796875 0.46875 0.44292031249999997 0.51171875 0.44292031249999997 0.5673828125 0.4385109375 0.5732421875 0.42234218749999997 0.529296875 0.41891249999999997 0.490234375 0.41695312500000004
20 0.4306640625 0.44585937500000006 0.3818359375 0.4404703125 0.375 0.45320937499999997 0.3662109375 0.4683984375 0.4072265625 0.4728078125 0.447265625 0.4728078125 0.48828125 0.47035781249999997 0.537109375 0.469378125 0.560546875 0.45859843749999996 0.513671875 0.45565937500000003 0.466796875 0.44683906249999994 0.4306640625 0.44585937500000006
21 0.4580078125 0.4772171875 0.4267578125 0.475746875 0.3798828125 0.47035781249999997 0.3662109375 0.4835859375 0.3603515625 0.49730468749999995 0.3837890625 0.5080843749999999 0.41796875 0.5046546875 0.4560546875 0.5026953125 0.490234375 0.49926562499999994 0.515625 0.49730468749999995 0.537109375 0.484565625 0.4990234375 0.48015625 0.4580078125 0.4772171875
22 0.60546875 0.5394421875 0.6064453125 0.533071875 0.603515625 0.5262125 0.5439453125 0.524253125 0.4951171875 0.521803125 0.447265625 0.514453125 0.4111328125 0.51004375 0.3583984375 0.5110234375 0.361328125 0.524253125 0.3583984375 0.540421875 0.3681640625 0.5458109375 0.43359375 0.5458109375 0.4775390625 0.54238125 0.51171875 0.54238125 0.560546875 0.53993125 0.60546875 0.5394421875
30 0.4326171875 0.5521796875 0.4111328125 0.544340625 0.3818359375 0.5467906250000001 0.3642578125 0.5531609375000001 0.3798828125 0.5732484375 0.4287109375 0.570309375 0.4814453125 0.56491875 0.5205078125 0.5624687500000001 0.5458984375 0.5541406249999999 0.5029296875 0.5541406249999999 0.4794921875 0.5521796875 0.4326171875 0.5521796875
29 0.4453125 0.5776578125 0.4111328125 0.5732484375 0.3837890625 0.576678125 0.3818359375 0.5913765625 0.396484375 0.60460625 0.4345703125 0.6031359375 0.46875 0.599215625 0.513671875 0.596765625 0.5498046875 0.5859875 0.515625 0.5820671875000001 0.4736328125 0.5776578125 0.4453125 0.5776578125
23 0.3896484375 0.6163640625 0.4091796875 0.6335124999999999 0.439453125 0.6344921875 0.4736328125 0.629103125 0.5029296875 0.6193046875 0.5498046875 0.6119546875 0.5419921875 0.6006859375 0.484375 0.6011765625 0.44140625 0.6001953125 0.4052734375 0.601665625 0.3896484375 0.6163640625
25 0.48828125 0.658990625 0.4609375 0.652621875 0.4326171875 0.6511515625000001 0.41796875 0.6687890624999999 0.4287109375 0.6834890625 0.4296875 0.6967171875 0.4619140625 0.6972078125000001 0.509765625 0.688878125 0.5908203125 0.683978125 0.5908203125 0.6727093749999999 0.5498046875 0.666340625 0.5224609375 0.6634 0.48828125 0.658990625
26 0.48828125 0.695246875 0.466796875 0.697696875 0.4521484375 0.70945625 0.4541015625 0.723175 0.46484375 0.73934375 0.5009765625 0.73934375 0.5546875 0.734934375 0.583984375 0.7241546875 0.5947265625 0.7104359375 0.552734375 0.7084765625 0.5205078125 0.7006375 0.48828125 0.695246875
28 0.421875 0.7158249999999999 0.4052734375 0.7040671875 0.396484375 0.6932875000000001 0.361328125 0.697696875 0.3388671875 0.711415625 0.330078125 0.7241546875 0.3115234375 0.737384375 0.28515625 0.7520828125000001 0.2958984375 0.764821875 0.3134765625 0.7756000000000001 0.349609375 0.766290625 0.373046875 0.757471875 0.392578125 0.7501218749999999 0.4248046875 0.738853125 0.4345703125 0.7285640625 0.421875 0.7158249999999999
1 0.3876953125 0.6805484374999999 0.3857421875 0.666340625 0.376953125 0.6491921875 0.375 0.6354734375 0.35546875 0.6286140625 0.3203125 0.6330234375 0.2958984375 0.651640625 0.2685546875 0.6580109375000001 0.232421875 0.6624203125 0.2001953125 0.665359375 0.1748046875 0.6727093749999999 0.212890625 0.67711875 0.2431640625 0.67711875 0.2939453125 0.6780984375 0.31640625 0.6854484375000001 0.3642578125 0.6849578125 0.3876953125 0.6805484374999999
3 0.322265625 0.606565625 0.279296875 0.6139140624999999 0.2451171875 0.6173437500000001 0.2041015625 0.6246937499999999 0.1767578125 0.6354734375 0.2255859375 0.6344921875 0.2509765625 0.6310625 0.2900390625 0.6310625 0.33203125 0.6310625 0.3642578125 0.6256734374999999 0.3583984375 0.612934375 0.35546875 0.597746875 0.322265625 0.606565625
4 0.2490234375 0.5874578125000001 0.2021484375 0.5913765625 0.1728515625 0.6011765625 0.208984375 0.6055859375 0.23828125 0.6031359375 0.28125 0.6011765625 0.3134765625 0.6011765625 0.345703125 0.6011765625 0.349609375 0.5859875 0.3369140625 0.570309375 0.3046875 0.5776578125 0.2490234375 0.5874578125000001
5 0.328125 0.5453203125 0.283203125 0.5521796875 0.236328125 0.5561 0.185546875 0.5624687500000001 0.1484375 0.5688390625 0.1572265625 0.5820671875000001 0.1962890625 0.5820671875000001 0.23046875 0.5810875 0.26171875 0.5786374999999999 0.3134765625 0.57226875 0.345703125 0.570309375 0.34765625 0.5453203125 0.328125 0.5453203125
6 0.2216796875 0.5262125 0.193359375 0.5296421875 0.1748046875 0.537971875 0.2197265625 0.53993125 0.263671875 0.53993125 0.30078125 0.5414015625 0.3427734375 0.544340625 0.34765625 0.5183734375 0.30078125 0.5188640625 0.263671875 0.5227828125 0.2216796875 0.5262125
7 0.193359375 0.514453125 0.2216796875 0.515434375 0.2578125 0.515434375 0.2958984375 0.5164140625 0.3427734375 0.5164140625 0.3388671875 0.4953453125 0.279296875 0.49730468749999995 0.2431640625 0.5007343750000001 0.208984375 0.506125 0.193359375 0.514453125
8 0.2216796875 0.4791765625 0.185546875 0.4791765625 0.2060546875 0.48750625000000003 0.234375 0.491915625 0.26171875 0.49387499999999995 0.2939453125 0.4953453125 0.3388671875 0.4953453125 0.3447265625 0.4737875 0.306640625 0.4791765625 0.2685546875 0.4791765625 0.2216796875 0.4791765625
9 0.1728515625 0.4639875 0.216796875 0.469378125 0.2490234375 0.47182812500000004 0.2900390625 0.4728078125 0.3408203125 0.475746875 0.3427734375 0.4492890625 0.2978515625 0.45125000000000004 0.240234375 0.4546796875 0.208984375 0.4546796875 0.1728515625 0.4639875
10 0.2509765625 0.4179328125 0.2041015625 0.41695312500000004 0.162109375 0.41058281250000006 0.166015625 0.42332187499999996 0.1982421875 0.4341015625 0.23828125 0.4385109375 0.26171875 0.44292031249999997 0.2978515625 0.4492890625 0.345703125 0.4492890625 0.353515625 0.42234218749999997 0.28515625 0.42038281250000004 0.2509765625 0.4179328125
11 0.3642578125 0.39539375 0.3349609375 0.3924546875 0.302734375 0.3924546875 0.2470703125 0.3968640625 0.2001953125 0.39784375 0.1728515625 0.3998046875 0.193359375 0.41058281250000006 0.2255859375 0.41058281250000006 0.25390625 0.4140125 0.28125 0.41695312500000004 0.30859375 0.42136250000000003 0.3515625 0.42332187499999996 0.3603515625 0.409603125 0.3642578125 0.39539375
12 0.26171875 0.3601171875 0.23046875 0.361096875 0.1826171875 0.3561984375 0.2041015625 0.3762859375 0.2451171875 0.381675 0.2724609375 0.3860859375 0.322265625 0.391475 0.3642578125 0.39539375 0.373046875 0.381675 0.3662109375 0.36648749999999997 0.322265625 0.36550781250000003 0.26171875 0.3601171875
14 0.345703125 0.33464062499999997 0.3046875 0.3366 0.25390625 0.3331703125 0.212890625 0.33121093749999997 0.2109375 0.3419890625 0.2509765625 0.3517890625 0.283203125 0.354728125 0.30859375 0.357178125 0.326171875 0.36648749999999997 0.37109375 0.3674671875 0.376953125 0.357178125 0.376953125 0.3419890625 0.345703125 0.33464062499999997
15 0.2744140625 0.30867187500000004 0.2958984375 0.3194515625 0.322265625 0.327290625 0.3427734375 0.3366 0.3818359375 0.3419890625 0.396484375 0.324840625 0.4072265625 0.3121015625 0.4052734375 0.29936250000000003 0.376953125 0.2895640625 0.3388671875 0.274375 0.2958984375 0.25967656250000004 0.2705078125 0.2552671875 0.279296875 0.2670265625 0.30859375 0.2876046875 0.2880859375 0.29495312500000004 0.2705078125 0.28123437500000004 0.236328125 0.26800625 0.2236328125 0.28123437500000004 0.232421875 0.29054375 0.25390625 0.30034375 0.2744140625 0.30867187500000004
16 0.328125 0.272415625 0.3515625 0.2797640625 0.369140625 0.2895640625 0.3876953125 0.2969125 0.419921875 0.2969125 0.4267578125 0.278784375 0.4345703125 0.269475 0.44140625 0.2542875 0.4033203125 0.24448750000000002 0.3837890625 0.2327296875 0.345703125 0.2165609375 0.3115234375 0.2165609375 0.3154296875 0.23076875000000002 0.3369140625 0.240078125 0.353515625 0.249878125 0.349609375 0.262615625 0.3095703125 0.2454671875 0.2880859375 0.236159375 0.279296875 0.24693749999999998 0.302734375 0.25967656250000004 0.328125 0.272415625