31 0.24865468750000003 0.326171875 0.247675 0.287109375 0.22760625 0.2900390625 0.21781718749999998 0.3388671875 0.2094953125 0.3623046875 0.2134109375 0.400390625 0.2241796875 0.400390625 0.232990625 0.419921875 0.250121875 0.4052734375 0.250121875 0.3603515625 0.24865468750000003 0.326171875
2 0.26480625 0.513671875 0.2765546875 0.484375 0.2765546875 0.4541015625 0.2765546875 0.41796875 0.280959375 0.396484375 0.280959375 0.3603515625 0.2736171875 0.3212890625 0.260890625 0.3212890625 0.25648593750000004 0.353515625 0.25110156250000004 0.3984375 0.243759375 0.4326171875 0.23397031250000003 0.4541015625 0.23397031250000003 0.4814453125 0.2403328125 0.5029296875 0.250121875 0.529296875 0.26480625 0.513671875
13 0.3108171875 0.5419921875 0.32060625 0.529296875 0.32060625 0.4970703125 0.3186484375 0.4560546875 0.3186484375 0.4052734375 0.3132640625 0.373046875 0.3054328125 0.349609375 0.2883015625 0.3388671875 0.2883015625 0.376953125 0.28634375 0.419921875 0.2819390625 0.4521484375 0.2799796875 0.4736328125 0.2765546875 0.5029296875 0.2819390625 0.537109375 0.2961328125 0.5458984375 0.3108171875 0.5419921875
17 0.3529125 0.4951171875 0.3529125 0.46484375 0.35193281249999997 0.4306640625 0.3494859375 0.39453125 0.347528125 0.3662109375 0.336759375 0.37109375 0.33235468749999997 0.40234375 0.33039687500000003 0.4365234375 0.325990625 0.470703125 0.3215859375 0.513671875 0.32501250000000004 0.5419921875 0.33578125000000003 0.560546875 0.3529125 0.537109375 0.3529125 0.4951171875
18 0.387175 0.5205078125 0.384728125 0.486328125 0.3808125 0.4267578125 0.373959375 0.37890625 0.3656390625 0.353515625 0.356828125 0.3642578125 0.359275 0.4130859375 0.359275 0.4560546875 0.356828125 0.490234375 0.353890625 0.5224609375 0.356828125 0.5634765625 0.3710234375 0.5693359375 0.38375 0.5546875 0.387175 0.5205078125
19 0.41605468749999996 0.55859375 0.42241875 0.533203125 0.4180125 0.48828125 0.4136078125 0.4326171875 0.401859375 0.3662109375 0.386196875 0.3369140625 0.386196875 0.37890625 0.389134375 0.4326171875 0.389134375 0.4580078125 0.389134375 0.5009765625 0.386196875 0.5478515625 0.39451718750000003 0.576171875 0.40626562499999996 0.5869140625 0.41605468749999996 0.55859375
20 0.4522765625 0.53125 0.44591250000000004 0.4794921875 0.440528125 0.4287109375 0.43612343750000004 0.37890625 0.41899218749999995 0.3857421875 0.4214390625 0.4287109375 0.4214390625 0.4609375 0.423396875 0.4951171875 0.4243765625 0.5390625 0.42535468749999994 0.5673828125 0.43318593749999995 0.5908203125 0.459128125 0.5927734375 0.4522765625 0.53125
21 0.4865390625 0.4970703125 0.48213437499999995 0.443359375 0.4738125 0.3837890625 0.45031875 0.375 0.4493390625 0.4326171875 0.4522765625 0.48828125 0.455703125 0.5244140625 0.46500312499999996 0.5712890625 0.4738125 0.59765625 0.48458125 0.580078125 0.4865390625 0.5419921875 0.4865390625 0.4970703125
22 0.5296140625 0.4794921875 0.5271656250000001 0.4306640625 0.52325 0.3857421875 0.5134609375 0.3662109375 0.5007343750000001 0.4072265625 0.5007343750000001 0.462890625 0.49535 0.48828125 0.4855609375 0.5478515625 0.4919234375 0.578125 0.5080765625 0.580078125 0.52325 0.5673828125 0.5296140625 0.5244140625 0.5296140625 0.4794921875
30 0.56485625 0.552734375 0.5702406250000001 0.5244140625 0.5677921875 0.48828125 0.5624078124999999 0.419921875 0.5560453125 0.3837890625 0.54331875 0.37890625 0.5379343750000001 0.421875 0.5379343750000001 0.447265625 0.5359765624999999 0.4814453125 0.5335296875 0.53125 0.531571875 0.5654296875 0.5487031250000001 0.583984375 0.5594718750000001 0.5732421875 0.56485625 0.552734375
29 0.6128250000000001 0.5205078125 0.607440625 0.4755859375 0.6064609375 0.4541015625 0.6054828125 0.421875 0.6054828125 0.3837890625 0.6054828125 0.3447265625 0.5883499999999999 0.34765625 0.578071875 0.37890625 0.5775812499999999 0.4052734375 0.5721984375 0.4755859375 0.5692609375 0.5224609375 0.5810078125 0.5546875 0.5917765625 0.5673828125 0.604503125 0.55859375 0.6128250000000001 0.5205078125
23 0.6451296875 0.5263671875 0.640725 0.48828125 0.6387671874999999 0.4501953125 0.635340625 0.4072265625 0.632403125 0.353515625 0.62065625 0.349609375 0.615271875 0.39453125 0.6118453125000001 0.421875 0.6128250000000001 0.46484375 0.610865625 0.4951171875 0.6064609375 0.5498046875 0.62065625 0.55859375 0.63631875 0.552734375 0.6451296875 0.5263671875
24 0.6730296874999999 0.5263671875 0.67939375 0.5029296875 0.6705828125 0.4580078125 0.668625 0.4091796875 0.6666671875 0.373046875 0.658834375 0.33203125 0.649534375 0.3642578125 0.64415 0.3984375 0.64415 0.4345703125 0.643171875 0.4736328125 0.640725 0.5078125 0.6470875 0.53125 0.660303125 0.5419921875 0.6730296874999999 0.5263671875
25 0.729809375 0.4970703125 0.7273625 0.4580078125 0.7234453125 0.4345703125 0.7200203125 0.4072265625 0.7156140625 0.3837890625 0.708271875 0.328125 0.697503125 0.3154296875 0.6867359375000001 0.34765625 0.6847765625 0.3984375 0.6837984374999999 0.4365234375 0.680371875 0.46875 0.67939375 0.4970703125 0.6891828125 0.5224609375 0.7038671875 0.5224609375 0.7200203125 0.5185546875 0.729809375 0.4970703125
26 0.7767984375 0.447265625 0.7714140625 0.41796875 0.7606468750000001 0.37890625 0.7533046875 0.3408203125 0.74155625 0.2939453125 0.7273625 0.306640625 0.724425 0.353515625 0.7273625 0.4072265625 0.729809375 0.44140625 0.7327453125 0.4794921875 0.7479203125 0.4990234375 0.764071875 0.4921875 0.7714140625 0.4755859375 0.7767984375 0.447265625
0 0.7767984375 0.669921875 0.7875671875 0.7001953125 0.7993140624999999 0.7099609375 0.7993140624999999 0.6787109375 0.79393125 0.646484375 0.7905046875 0.623046875 0.7821828125 0.5927734375 0.7821828125 0.5634765625 0.7714140625 0.53515625 0.7552625 0.537109375 0.7381296875000001 0.5478515625 0.7209984375 0.5634765625 0.7219781249999999 0.5927734375 0.7317671875 0.623046875 0.7435140625 0.6396484375 0.752325 0.67578125 0.764071875 0.7080078125 0.7758203124999999 0.736328125 0.7767984375 0.669921875
1 0.7180609375 0.7724609375 0.7102296875 0.7470703125 0.7048453125 0.71484375 0.7063140625 0.689453125 0.7170828124999999 0.71875 0.7263828125 0.7490234375 0.7425359375 0.759765625 0.7425359375 0.7275390625 0.7361718749999999 0.7021484375 0.7327453125 0.67578125 0.7263828125 0.6484375 0.724425 0.6162109375 0.7209984375 0.5869140625 0.7092515625 0.580078125 0.67939375 0.5869140625 0.659325 0.6015625 0.6676453125 0.6357421875 0.674009375 0.66796875 0.6813515625 0.697265625 0.6847765625 0.7236328125 0.69211875 0.7548828125 0.7038671875 0.7783203125 0.7180609375 0.7724609375
3 0.677434375 0.765625 0.6730296874999999 0.73828125 0.668625 0.7080078125 0.663240625 0.673828125 0.658834375 0.6396484375 0.6558984375 0.607421875 0.630934375 0.603515625 0.61625 0.623046875 0.630934375 0.673828125 0.640725 0.720703125 0.6480671874999999 0.7578125 0.6568765625 0.78515625 0.668625 0.8232421875 0.677434375 0.7978515625 0.677434375 0.765625
4 0.6343609375 0.759765625 0.6289765625 0.7294921875 0.624571875 0.697265625 0.62065625 0.6611328125 0.6172296875 0.623046875 0.5893296875 0.607421875 0.576603125 0.6416015625 0.5893296875 0.689453125 0.603034375 0.7421875 0.6172296875 0.802734375 0.632403125 0.8369140625 0.6387671874999999 0.8134765625 0.6387671874999999 0.783203125 0.6343609375 0.759765625
5 0.5775812499999999 0.7744140625 0.5775812499999999 0.7255859375 0.579540625 0.6806640625 0.5785609375 0.64453125 0.5692609375 0.625 0.5521296875 0.6103515625 0.5359765624999999 0.6357421875 0.5379343750000001 0.6826171875 0.5452765625 0.736328125 0.5487031250000001 0.7763671875 0.555065625 0.810546875 0.565834375 0.8388671875 0.5746453125000001 0.80859375 0.5775812499999999 0.7744140625
6 0.5296140625 0.720703125 0.5335296875 0.6806640625 0.5335296875 0.6318359375 0.5198234375 0.626953125 0.5036703124999999 0.6396484375 0.5017125 0.6611328125 0.5036703124999999 0.71875 0.5036703124999999 0.765625 0.5080765625 0.8154296875 0.52325 0.806640625 0.5261875 0.7548828125 0.5296140625 0.720703125
7 0.480665625 0.8076171875 0.48605 0.7919921875 0.4894765625 0.7783203125 0.4933921875 0.748046875 0.49437031249999996 0.71875 0.49877656249999996 0.689453125 0.5017125 0.6640625 0.5022031250000001 0.640625 0.49926562499999994 0.625 0.47821875 0.62890625 0.47528125 0.6494140625 0.4757703125 0.666015625 0.4757703125 0.6982421875 0.47626093750000004 0.7255859375 0.47626093750000004 0.763671875 0.47626093750000004 0.7978515625 0.480665625 0.8076171875
8 0.46549218750000004 0.7890625 0.4679390625 0.7607421875 0.469896875 0.7333984375 0.47136562499999995 0.7041015625 0.47332343750000005 0.681640625 0.47430312499999994 0.65625 0.4747921875 0.6259765625 0.44640312499999996 0.6298828125 0.45423437499999997 0.677734375 0.451296875 0.724609375 0.45325468750000003 0.7802734375 0.4493390625 0.814453125 0.45423437499999997 0.828125 0.4615765625 0.81640625 0.46549218750000004 0.7890625
9 0.4307390625 0.8271484375 0.43612343750000004 0.8134765625 0.4415078125 0.791015625 0.444934375 0.7705078125 0.44640312499999996 0.7470703125 0.44836093750000006 0.7255859375 0.44982812499999997 0.70703125 0.4522765625 0.6904296875 0.45178593749999996 0.6630859375 0.4478703125 0.638671875 0.43025 0.6435546875 0.4229078125 0.6474609375 0.423396875 0.67578125 0.423396875 0.70703125 0.42486562499999997 0.7216796875 0.4238859375 0.7607421875 0.41850156250000003 0.80078125 0.421928125 0.8232421875 0.4307390625 0.8271484375
10 0.3671078125 0.845703125 0.37347031249999996 0.8642578125 0.38130156249999997 0.8603515625 0.392559375 0.8466796875 0.39990156250000003 0.8291015625 0.40528593749999997 0.8154296875 0.40822343749999995 0.8017578125 0.4106703125 0.7900390625 0.4136078125 0.7724609375 0.41703437499999996 0.7568359375 0.42045937499999997 0.736328125 0.4214390625 0.71875 0.4214390625 0.7001953125 0.42095000000000005 0.6826171875 0.4175234375 0.6669921875 0.41654375000000005 0.646484375 0.41018125000000005 0.6455078125 0.40430781250000003 0.6357421875 0.39794375 0.6416015625 0.39451718750000003 0.6591796875 0.384728125 0.7060546875 0.386196875 0.697265625 0.38228125 0.7158203125 0.38032343750000003 0.73828125 0.3715125 0.7783203125 0.3666171875 0.822265625 0.3671078125 0.845703125
11 0.3426328125 0.8447265625 0.348996875 0.826171875 0.3524234375 0.806640625 0.359275 0.7900390625 0.363190625 0.7744140625 0.3666171875 0.7626953125 0.3715125 0.748046875 0.373959375 0.7373046875 0.377875 0.7177734375 0.38277031250000004 0.7001953125 0.38815468750000004 0.685546875 0.394028125 0.66015625 0.3896234375 0.646484375 0.3852171875 0.63671875 0.37934375 0.6240234375 0.367596875 0.626953125 0.36074375000000003 0.640625 0.35585 0.66796875 0.34997500000000004 0.7314453125 0.34214375 0.7685546875 0.34116562500000003 0.7939453125 0.3333328125 0.8193359375 0.335290625 0.8447265625 0.3426328125 0.8447265625
12 0.3044546875 0.7919921875 0.3044546875 0.818359375 0.3098390625 0.822265625 0.31718125 0.814453125 0.3230546875 0.7998046875 0.3279484375 0.791015625 0.33137500000000003 0.7734375 0.3343125 0.759765625 0.3372484375 0.7509765625 0.340675 0.7294921875 0.3426328125 0.716796875 0.34459062500000004 0.701171875 0.347528125 0.689453125 0.3509546875 0.6796875 0.35193281249999997 0.666015625 0.35535937500000003 0.6533203125 0.358296875 0.6357421875 0.35633906249999997 0.625 0.35144375 0.615234375 0.3441015625 0.6171875 0.3372484375 0.62109375 0.3279484375 0.62109375 0.32354375 0.638671875 0.322075 0.662109375 0.3191390625 0.6884765625 0.3147328125 0.7197265625 0.31277499999999997 0.748046875 0.3108171875 0.7705078125 0.3044546875 0.7919921875
14 0.2525703125 0.7548828125 0.25599531249999996 0.76953125 0.26187031250000004 0.76953125 0.270190625 0.7509765625 0.275575 0.734375 0.27704375 0.7138671875 0.28634375 0.7177734375 0.2829171875 0.7421875 0.282428125 0.763671875 0.27606406250000004 0.7822265625 0.28144843750000004 0.787109375 0.28781249999999997 0.775390625 0.29319687499999997 0.765625 0.2976015625 0.744140625 0.3039640625 0.7255859375 0.3083703125 0.703125 0.31179687500000003 0.6796875 0.3157125 0.658203125 0.322075 0.638671875 0.3230546875 0.6142578125 0.3137546875 0.6005859375 0.296621875 0.6015625 0.28879062499999997 0.5908203125 0.2790015625 0.59375 0.2736171875 0.6015625 0.2726375 0.61328125 0.271659375 0.638671875 0.26725468750000003 0.673828125 0.26137968749999996 0.7021484375 0.2550171875 0.7314453125 0.2525703125 0.7548828125
15 0.21047500000000002 0.7197265625 0.21047500000000002 0.736328125 0.2148796875 0.748046875 0.222221875 0.7451171875 0.23005312500000002 0.734375 0.23788593750000003 0.7265625 0.24424843749999997 0.7109375 0.24914375 0.6943359375 0.2535484375 0.6796875 0.2574640625 0.6630859375 0.260890625 0.650390625 0.2643171875 0.634765625 0.268721875 0.6201171875 0.2726375 0.60546875 0.2711703125 0.587890625 0.268721875 0.57421875 0.2604015625 0.5673828125 0.250121875 0.5673828125 0.24131249999999999 0.55859375 0.23152187500000002 0.5498046875 0.225159375 0.5634765625 0.22124375000000002 0.58203125 0.2202640625 0.60546875 0.2217328125 0.62890625 0.21928593749999997 0.654296875 0.2134109375 0.6748046875 0.2109640625 0.693359375 0.21047500000000002 0.7197265625
16 0.1845328125 0.6689453125 0.1938328125 0.6669921875 0.202153125 0.6640625 0.20655937500000002 0.66015625 0.2163484375 0.65625 0.21683750000000002 0.6376953125 0.21928593749999997 0.619140625 0.21683750000000002 0.599609375 0.21243281249999998 0.5859375 0.2099859375 0.5751953125 0.2055796875 0.5595703125 0.197259375 0.55859375 0.18795937499999998 0.568359375 0.1801265625 0.5849609375 0.1683796875 0.5966796875 0.16250625000000002 0.6025390625 0.16250625000000002 0.62890625 0.16250625000000002 0.646484375 0.163484375 0.6572265625 0.1683796875 0.662109375 0.177190625 0.671875 0.1845328125 0.6689453125