31 0.26065625 0.419921875 0.2660453125 0.3837890625 0.2670265625 0.349609375 0.2523265625 0.33203125 0.24448750000000002 0.3642578125 0.23517812500000002 0.400390625 0.22831875 0.4287109375 0.22537968749999998 0.462890625 0.2327296875 0.4951171875 0.2454671875 0.490234375 0.256246875 0.4609375 0.26065625 0.419921875
2 0.288584375 0.53515625 0.29936250000000003 0.5205078125 0.3057328125 0.4951171875 0.3067125 0.4609375 0.3067125 0.41796875 0.3067125 0.3818359375 0.286134375 0.3662109375 0.276825 0.4052734375 0.2670265625 0.44140625 0.256246875 0.46875 0.2542875 0.4990234375 0.258696875 0.5244140625 0.27045625 0.515625 0.274375 0.537109375 0.288584375 0.53515625
13 0.3537484375 0.5263671875 0.3581578125 0.490234375 0.357178125 0.4501953125 0.3537484375 0.419921875 0.34835937499999997 0.4033203125 0.3366 0.37109375 0.3238609375 0.4052734375 0.3150421875 0.4521484375 0.3101421875 0.484375 0.3032828125 0.5205078125 0.302303125 0.5458984375 0.31308125000000003 0.560546875 0.32925 0.5673828125 0.34835937499999997 0.5498046875 0.3537484375 0.5263671875
17 0.3924546875 0.5078125 0.38804531249999996 0.4736328125 0.3860859375 0.423828125 0.3806953125 0.3818359375 0.36795625 0.400390625 0.363546875 0.4541015625 0.3591375 0.5009765625 0.3517890625 0.53125 0.35276874999999996 0.560546875 0.3645265625 0.5869140625 0.3782453125 0.5693359375 0.3924546875 0.552734375 0.3924546875 0.5078125
18 0.41499218750000005 0.4267578125 0.4042140625 0.396484375 0.393434375 0.416015625 0.3900046875 0.4814453125 0.393434375 0.533203125 0.38510468750000004 0.5712890625 0.39784375 0.5927734375 0.41695312500000004 0.580078125 0.41891249999999997 0.5244140625 0.4179328125 0.4755859375 0.41499218750000005 0.4267578125
19 0.45320937499999997 0.5546875 0.45125000000000004 0.5009765625 0.4448796875 0.4560546875 0.4385109375 0.4091796875 0.42234218749999997 0.421875 0.42038281250000004 0.46875 0.42038281250000004 0.513671875 0.4179328125 0.560546875 0.41891249999999997 0.5869140625 0.42773125 0.6162109375 0.44145 0.6103515625 0.45125000000000004 0.5927734375 0.45320937499999997 0.5546875
20 0.4821171875 0.5185546875 0.48113593750000005 0.4755859375 0.475746875 0.421875 0.46251875 0.4267578125 0.4546796875 0.515625 0.4546796875 0.5498046875 0.45222968750000003 0.58203125 0.45565937500000003 0.607421875 0.4683984375 0.6181640625 0.48113593750000005 0.6123046875 0.4821171875 0.5673828125 0.4821171875 0.5185546875
21 0.5208234375 0.6376953125 0.5208234375 0.5908203125 0.521803125 0.5625 0.5208234375 0.529296875 0.5164140625 0.48828125 0.503184375 0.396484375 0.49289531249999996 0.41015625 0.491915625 0.513671875 0.491915625 0.5439453125 0.484565625 0.5654296875 0.484565625 0.5927734375 0.4835859375 0.6181640625 0.49387499999999995 0.6337890625 0.5080843749999999 0.6416015625 0.5208234375 0.6376953125
22 0.5614890625 0.6162109375 0.560509375 0.58203125 0.5561 0.5458984375 0.5561 0.5185546875 0.5561 0.46484375 0.54973125 0.4052734375 0.5389515625 0.4287109375 0.5316015625 0.484375 0.5296421875 0.5205078125 0.5262125 0.55859375 0.5227828125 0.599609375 0.5252328125 0.64453125 0.53993125 0.646484375 0.5531609375000001 0.6357421875 0.5614890625 0.6162109375
30 0.5903968749999999 0.6103515625 0.5894171874999999 0.5625 0.583046875 0.51171875 0.5820671875000001 0.462890625 0.5796171875 0.4111328125 0.5658984375 0.4345703125 0.5658984375 0.46875 0.5624687500000001 0.513671875 0.5624687500000001 0.5458984375 0.560509375 0.578125 0.560509375 0.607421875 0.5639390625 0.6337890625 0.5796171875 0.625 0.5903968749999999 0.6103515625
29 0.60215625 0.6181640625 0.6148953125000001 0.6015625 0.6217546875 0.580078125 0.6158750000000001 0.5439453125 0.613425 0.515625 0.611465625 0.4013671875 0.6095046875000001 0.3857421875 0.6011765625 0.3662109375 0.597746875 0.416015625 0.5957859375 0.447265625 0.5938265625 0.4775390625 0.5938265625 0.5078125 0.5938265625 0.533203125 0.5913765625 0.5712890625 0.592846875 0.5966796875 0.60215625 0.6181640625
23 0.6408625 0.5244140625 0.638903125 0.4814453125 0.636453125 0.443359375 0.629103125 0.3984375 0.6173437500000001 0.421875 0.6163640625 0.462890625 0.6163640625 0.5048828125 0.6148953125000001 0.537109375 0.6193046875 0.5673828125 0.626653125 0.5888671875 0.6408625 0.5888671875 0.64723125 0.5712890625 0.6408625 0.5244140625
24 0.67466875 0.52734375 0.667809375 0.4970703125 0.6643796875 0.4609375 0.658990625 0.419921875 0.6482109375 0.376953125 0.6438015625 0.4111328125 0.6462515625 0.447265625 0.6462515625 0.490234375 0.6462515625 0.529296875 0.64723125 0.5625 0.6609499999999999 0.576171875 0.6785890625000001 0.564453125 0.67466875 0.52734375
25 0.71680625 0.5458984375 0.7202359375 0.51171875 0.7148453124999999 0.4794921875 0.70945625 0.4453125 0.7006375 0.419921875 0.6932875000000001 0.3876953125 0.6825078125 0.4033203125 0.6761390625 0.4306640625 0.6761390625 0.466796875 0.6761390625 0.4951171875 0.67075 0.5263671875 0.6780984375 0.5546875 0.6923078125 0.5693359375 0.7040671875 0.55859375 0.71680625 0.5458984375
26 0.7609015625 0.46875 0.7491421875000001 0.44140625 0.73934375 0.400390625 0.7285640625 0.369140625 0.7138656250000001 0.376953125 0.7148453124999999 0.416015625 0.7177859375 0.4580078125 0.718765625 0.4921875 0.7212156249999999 0.5224609375 0.7329734375 0.537109375 0.7476734375 0.5224609375 0.7609015625 0.5146484375 0.7609015625 0.46875
28 0.8270453124999999 0.654296875 0.812346875 0.64453125 0.8025484374999999 0.6181640625 0.7951984375000001 0.5966796875 0.7809890625 0.5927734375 0.7672703125 0.6201171875 0.7599218750000001 0.6484375 0.766290625 0.673828125 0.77805 0.6884765625 0.789809375 0.7021484375 0.8025484374999999 0.720703125 0.8133265625 0.69921875 0.826065625 0.6865234375 0.8270453124999999 0.654296875
0 0.773640625 0.767578125 0.79176875 0.7490234375 0.7927484375 0.720703125 0.7863796875 0.697265625 0.7746203125 0.6865234375 0.7628609375 0.6650390625 0.7609015625 0.6357421875 0.7609015625 0.599609375 0.751103125 0.578125 0.737384375 0.58203125 0.7212156249999999 0.5947265625 0.7084765625 0.603515625 0.7104359375 0.630859375 0.7158249999999999 0.650390625 0.727584375 0.677734375 0.7359140625 0.7041015625 0.7491421875000001 0.72265625 0.763840625 0.7529296875 0.773640625 0.767578125
1 0.7123953125 0.80859375 0.7202359375 0.7890625 0.711415625 0.76171875 0.7006375 0.736328125 0.7006375 0.7099609375 0.711415625 0.740234375 0.7202359375 0.7548828125 0.7329734375 0.7763671875 0.743753125 0.7783203125 0.7413031250000001 0.7548828125 0.730525 0.7255859375 0.7202359375 0.7041015625 0.7104359375 0.673828125 0.7104359375 0.6416015625 0.7050468750000001 0.60546875 0.6898578125 0.607421875 0.6795687499999999 0.62890625 0.6697703125000001 0.625 0.658990625 0.6416015625 0.6634 0.669921875 0.6727093749999999 0.6953125 0.6834890625 0.7099609375 0.6859375 0.7421875 0.6898578125 0.765625 0.6996578125 0.783203125 0.7123953125 0.80859375
3 0.681528125 0.83203125 0.6795687499999999 0.7890625 0.6741796875 0.759765625 0.667809375 0.7275390625 0.6609499999999999 0.6953125 0.6609499999999999 0.6572265625 0.651640625 0.6416015625 0.6374328125 0.6484375 0.6227343750000001 0.646484375 0.626653125 0.6806640625 0.6354734375 0.697265625 0.6418421875 0.7314453125 0.651640625 0.767578125 0.658990625 0.791015625 0.6687890624999999 0.814453125 0.681528125 0.83203125
4 0.636453125 0.8232421875 0.6344921875 0.7958984375 0.63204375 0.7783203125 0.629103125 0.7314453125 0.626653125 0.69921875 0.6246937499999999 0.66796875 0.6148953125000001 0.654296875 0.6011765625 0.6630859375 0.5938265625 0.6806640625 0.599215625 0.71484375 0.6099953124999999 0.740234375 0.6119546875 0.7568359375 0.6163640625 0.7890625 0.6217546875 0.8232421875 0.6310625 0.857421875 0.636453125 0.8232421875
5 0.60460625 0.8427734375 0.6031359375 0.80859375 0.599215625 0.7802734375 0.596765625 0.7548828125 0.5938265625 0.7294921875 0.5938265625 0.697265625 0.592846875 0.6630859375 0.5820671875000001 0.646484375 0.5688390625 0.6484375 0.5570796875 0.671875 0.5658984375 0.71484375 0.5712890625 0.73828125 0.574228125 0.763671875 0.5820671875000001 0.806640625 0.5874578125000001 0.8408203125 0.597746875 0.8662109375 0.60460625 0.8427734375
6 0.5639390625 0.78515625 0.560509375 0.7490234375 0.5595296875 0.7099609375 0.5595296875 0.6650390625 0.530621875 0.654296875 0.530621875 0.69140625 0.5360125 0.7099609375 0.537971875 0.744140625 0.5477703125 0.783203125 0.54973125 0.8173828125 0.5639390625 0.8359375 0.5639390625 0.78515625
7 0.5335625 0.7568359375 0.5316015625 0.7099609375 0.5325828125000001 0.6611328125 0.503675 0.6572265625 0.5046546875 0.697265625 0.5090640625 0.7421875 0.51249375 0.76953125 0.5198437499999999 0.8017578125 0.5335625 0.8251953125 0.5335625 0.787109375 0.5335625 0.7568359375
8 0.49730468749999995 0.7490234375 0.5026953125 0.7099609375 0.506125 0.6572265625 0.4772171875 0.650390625 0.4791765625 0.693359375 0.4791765625 0.7314453125 0.4791765625 0.767578125 0.48015625 0.7998046875 0.491915625 0.814453125 0.4953453125 0.787109375 0.49730468749999995 0.7490234375
9 0.4728078125 0.763671875 0.4737875 0.736328125 0.4772171875 0.7021484375 0.47819687499999997 0.65234375 0.44585937500000006 0.6591796875 0.44782031250000004 0.7080078125 0.45026875000000005 0.7568359375 0.4492890625 0.8017578125 0.4492890625 0.8408203125 0.46006875 0.8466796875 0.4674171875 0.8037109375 0.4728078125 0.763671875
10 0.41499218750000005 0.8232421875 0.42773125 0.7958984375 0.4360609375 0.76171875 0.44145 0.7294921875 0.44585937500000006 0.7041015625 0.4492890625 0.6630859375 0.42773125 0.6357421875 0.4140125 0.6572265625 0.41156249999999994 0.7041015625 0.40519375 0.7568359375 0.3998046875 0.7939453125 0.3924546875 0.8271484375 0.3924546875 0.857421875 0.40715312499999995 0.8466796875 0.41499218750000005 0.8232421875
11 0.39784375 0.7763671875 0.402253125 0.744140625 0.40715312499999995 0.7119140625 0.41156249999999994 0.669921875 0.3944140625 0.6396484375 0.3782453125 0.6396484375 0.37432656249999996 0.7255859375 0.36893750000000003 0.7802734375 0.363546875 0.810546875 0.3581578125 0.833984375 0.3806953125 0.8232421875 0.391475 0.8037109375 0.39784375 0.7763671875
12 0.3121015625 0.837890625 0.333659375 0.8251953125 0.3419890625 0.8017578125 0.3517890625 0.7783203125 0.3601171875 0.7509765625 0.36893750000000003 0.7275390625 0.37432656249999996 0.6884765625 0.3782453125 0.646484375 0.3591375 0.626953125 0.34541875 0.625 0.341009375 0.65234375 0.338559375 0.68359375 0.33415 0.72265625 0.3317 0.7431640625 0.3263109375 0.78125 0.32043125 0.810546875 0.3121015625 0.837890625
14 0.2939734375 0.71875 0.3076921875 0.7099609375 0.2983828125 0.7509765625 0.274375 0.787109375 0.29054375 0.7939453125 0.304753125 0.783203125 0.31651093750000003 0.7568359375 0.324840625 0.7255859375 0.327290625 0.693359375 0.3366 0.673828125 0.34541875 0.626953125 0.3238609375 0.6162109375 0.3140625 0.599609375 0.2983828125 0.599609375 0.288584375 0.6630859375 0.2822140625 0.7041015625 0.27045625 0.736328125 0.25967656250000004 0.767578125 0.274375 0.76171875 0.2851546875 0.7421875 0.2939734375 0.71875
15 0.258696875 0.71484375 0.26800625 0.693359375 0.2778046875 0.6611328125 0.2876046875 0.6416015625 0.2939734375 0.6162109375 0.29054375 0.5927734375 0.274375 0.5888671875 0.26506562499999997 0.5732421875 0.249878125 0.5673828125 0.23811875 0.5888671875 0.2346890625 0.62890625 0.2327296875 0.669921875 0.21459999999999999 0.6953125 0.21459999999999999 0.72265625 0.2297890625 0.73828125 0.24693749999999998 0.736328125 0.258696875 0.71484375
16 0.23370937500000002 0.65234375 0.2297890625 0.6162109375 0.2165609375 0.5947265625 0.20382187499999999 0.5732421875 0.19010312499999998 0.5869140625 0.180303125 0.6142578125 0.173934375 0.6357421875 0.16952499999999998 0.673828125 0.173934375 0.69140625 0.1891234375 0.697265625 0.20382187499999999 0.6884765625 0.22195 0.6845703125 0.23370937500000002 0.65234375
27 0.7863796875 0.4921875 0.7873593750000001 0.4541015625 0.7805 0.4091796875 0.7613921875 0.3525390625 0.7501218749999999 0.3544921875 0.7506125 0.3857421875 0.7560015625000001 0.4296875 0.7564921874999999 0.4560546875 0.7633515625 0.478515625 0.7741296875 0.4892578125 0.7863796875 0.4921875