31 0.7545328125 0.490234375 0.7672703125 0.4951171875 0.7746203125 0.462890625 0.77168125 0.4287109375 0.764821875 0.400390625 0.7555125 0.3642578125 0.7476734375 0.33203125 0.7329734375 0.349609375 0.7339546875 0.3837890625 0.73934375 0.419921875 0.743753125 0.4609375 0.7545328125 0.490234375
2 0.7006375 0.5205078125 0.711415625 0.53515625 0.725625 0.537109375 0.72954375 0.515625 0.7413031250000001 0.5244140625 0.7457125 0.4990234375 0.743753125 0.46875 0.7329734375 0.44140625 0.723175 0.4052734375 0.7138656250000001 0.3662109375 0.6932875000000001 0.3818359375 0.6932875000000001 0.41796875 0.6932875000000001 0.4609375 0.6942671875 0.4951171875 0.7006375 0.5205078125
13 0.6418421875 0.490234375 0.6462515625 0.5263671875 0.651640625 0.5498046875 0.67075 0.5673828125 0.68691875 0.560546875 0.697696875 0.5458984375 0.6967171875 0.5205078125 0.6898578125 0.484375 0.6849578125 0.4521484375 0.6761390625 0.4052734375 0.6634 0.37109375 0.651640625 0.4033203125 0.6462515625 0.419921875 0.642821875 0.4501953125 0.6418421875 0.490234375
17 0.6075453125 0.552734375 0.6217546875 0.5693359375 0.6354734375 0.5869140625 0.64723125 0.560546875 0.6482109375 0.53125 0.6408625 0.5009765625 0.636453125 0.4541015625 0.63204375 0.400390625 0.6193046875 0.3818359375 0.6139140624999999 0.423828125 0.6119546875 0.4736328125 0.6075453125 0.5078125 0.6075453125 0.552734375
18 0.583046875 0.580078125 0.60215625 0.5927734375 0.6148953125000001 0.5712890625 0.606565625 0.533203125 0.6099953124999999 0.4814453125 0.606565625 0.416015625 0.5957859375 0.396484375 0.5850078125 0.4267578125 0.5820671875000001 0.4755859375 0.5810875 0.5244140625 0.583046875 0.580078125
19 0.54875 0.5927734375 0.55855 0.6103515625 0.57226875 0.6162109375 0.5810875 0.5869140625 0.5820671875000001 0.560546875 0.5796171875 0.513671875 0.5796171875 0.46875 0.5776578125 0.421875 0.5614890625 0.4091796875 0.5551203124999999 0.4560546875 0.54875 0.5009765625 0.5467906250000001 0.5546875 0.54875 0.5927734375
20 0.5188640625 0.6123046875 0.5316015625 0.6181640625 0.544340625 0.607421875 0.5477703125 0.58203125 0.5453203125 0.5498046875 0.5453203125 0.515625 0.53748125 0.4267578125 0.524253125 0.421875 0.5188640625 0.4755859375 0.5178828125 0.5185546875 0.5178828125 0.5673828125 0.5188640625 0.6123046875
21 0.4791765625 0.5908203125 0.4791765625 0.6376953125 0.491915625 0.6416015625 0.506125 0.6337890625 0.5164140625 0.6181640625 0.515434375 0.5927734375 0.515434375 0.5654296875 0.5080843749999999 0.5439453125 0.5080843749999999 0.513671875 0.5071046875 0.41015625 0.496815625 0.396484375 0.4835859375 0.48828125 0.4791765625 0.529296875 0.47819687499999997 0.5625 0.4791765625 0.5908203125
22 0.439490625 0.58203125 0.4385109375 0.6162109375 0.44683906249999994 0.6357421875 0.46006875 0.646484375 0.4747671875 0.64453125 0.4772171875 0.599609375 0.4737875 0.55859375 0.47035781249999997 0.5205078125 0.4683984375 0.484375 0.4610484375 0.4287109375 0.45026875000000005 0.4052734375 0.4439 0.46484375 0.4439 0.5185546875 0.4439 0.5458984375 0.439490625 0.58203125
30 0.409603125 0.6103515625 0.42038281250000004 0.625 0.4360609375 0.6337890625 0.439490625 0.607421875 0.439490625 0.578125 0.43753125 0.5458984375 0.43753125 0.513671875 0.4341015625 0.46875 0.4341015625 0.4345703125 0.42038281250000004 0.4111328125 0.4179328125 0.462890625 0.41695312500000004 0.51171875 0.41058281250000006 0.5625 0.409603125 0.6103515625
29 0.3782453125 0.580078125 0.38510468750000004 0.6015625 0.39784375 0.6181640625 0.40715312499999995 0.5966796875 0.4086234375 0.5712890625 0.4061734375 0.533203125 0.4061734375 0.5078125 0.4061734375 0.4775390625 0.4042140625 0.447265625 0.402253125 0.416015625 0.39882343750000004 0.3662109375 0.3904953125 0.3857421875 0.388534375 0.4013671875 0.386575 0.515625 0.384125 0.5439453125 0.3782453125 0.580078125
23 0.35276874999999996 0.5712890625 0.3591375 0.5888671875 0.373346875 0.5888671875 0.3806953125 0.5673828125 0.38510468750000004 0.537109375 0.38363593749999997 0.5048828125 0.38363593749999997 0.462890625 0.38265625000000003 0.421875 0.370896875 0.3984375 0.363546875 0.443359375 0.361096875 0.4814453125 0.3591375 0.5244140625 0.35276874999999996 0.5712890625
24 0.3214109375 0.564453125 0.33904999999999996 0.576171875 0.35276874999999996 0.5625 0.3537484375 0.529296875 0.3537484375 0.490234375 0.3537484375 0.447265625 0.3561984375 0.4111328125 0.3517890625 0.376953125 0.341009375 0.419921875 0.3356203125 0.4609375 0.332190625 0.4970703125 0.32533124999999996 0.52734375 0.3214109375 0.564453125
25 0.2797640625 0.51171875 0.28319375 0.5458984375 0.2959328125 0.55859375 0.3076921875 0.5693359375 0.3219015625 0.5546875 0.32925 0.5263671875 0.3238609375 0.4951171875 0.3238609375 0.466796875 0.3238609375 0.4306640625 0.31749218749999997 0.4033203125 0.3067125 0.3876953125 0.29936250000000003 0.419921875 0.29054375 0.4453125 0.2851546875 0.4794921875 0.2797640625 0.51171875
26 0.23909843749999998 0.5146484375 0.2523265625 0.5224609375 0.2670265625 0.537109375 0.278784375 0.5224609375 0.28123437500000004 0.4921875 0.2822140625 0.4580078125 0.2851546875 0.416015625 0.286134375 0.376953125 0.2714359375 0.369140625 0.26065625 0.400390625 0.2508578125 0.44140625 0.23909843749999998 0.46875 0.23909843749999998 0.5146484375
28 0.1729546875 0.654296875 0.173934375 0.6865234375 0.1866734375 0.69921875 0.1974515625 0.720703125 0.210190625 0.7021484375 0.22195 0.6884765625 0.23370937500000002 0.673828125 0.240078125 0.6484375 0.2327296875 0.6201171875 0.2190109375 0.5927734375 0.2048015625 0.5966796875 0.1974515625 0.6181640625 0.187653125 0.64453125 0.1729546875 0.654296875
0 0.2371390625 0.6650390625 0.22537968749999998 0.6865234375 0.21362031250000002 0.697265625 0.2072515625 0.720703125 0.20823125 0.7490234375 0.226359375 0.767578125 0.236159375 0.7529296875 0.2508578125 0.72265625 0.2640859375 0.7041015625 0.272415625 0.677734375 0.284175 0.650390625 0.2895640625 0.630859375 0.2915234375 0.603515625 0.278784375 0.5947265625 0.262615625 0.58203125 0.24889687500000002 0.578125 0.23909843749999998 0.599609375 0.23909843749999998 0.6357421875 0.2371390625 0.6650390625
1 0.2895640625 0.673828125 0.2797640625 0.7041015625 0.269475 0.7255859375 0.258696875 0.7548828125 0.256246875 0.7783203125 0.2670265625 0.7763671875 0.2797640625 0.7548828125 0.288584375 0.740234375 0.29936250000000003 0.7099609375 0.29936250000000003 0.736328125 0.288584375 0.76171875 0.2797640625 0.7890625 0.2876046875 0.80859375 0.30034375 0.783203125 0.3101421875 0.765625 0.3140625 0.7421875 0.31651093750000003 0.7099609375 0.327290625 0.6953125 0.3366 0.669921875 0.341009375 0.6416015625 0.33022968750000004 0.625 0.32043125 0.62890625 0.3101421875 0.607421875 0.29495312500000004 0.60546875 0.2895640625 0.6416015625 0.2895640625 0.673828125
3 0.3258203125 0.759765625 0.32043125 0.7890625 0.318471875 0.83203125 0.33121093749999997 0.814453125 0.341009375 0.791015625 0.34835937499999997 0.767578125 0.3581578125 0.7314453125 0.3645265625 0.697265625 0.373346875 0.6806640625 0.377265625 0.646484375 0.3625671875 0.6484375 0.34835937499999997 0.6416015625 0.33904999999999996 0.6572265625 0.33904999999999996 0.6953125 0.332190625 0.7275390625 0.3258203125 0.759765625
4 0.36795625 0.7783203125 0.36550781250000003 0.7958984375 0.363546875 0.8232421875 0.36893750000000003 0.857421875 0.3782453125 0.8232421875 0.38363593749999997 0.7890625 0.38804531249999996 0.7568359375 0.3900046875 0.740234375 0.400784375 0.71484375 0.4061734375 0.6806640625 0.39882343750000004 0.6630859375 0.38510468750000004 0.654296875 0.37530625 0.66796875 0.373346875 0.69921875 0.370896875 0.7314453125 0.36795625 0.7783203125
5 0.403234375 0.7548828125 0.400784375 0.7802734375 0.3968640625 0.80859375 0.39539375 0.8427734375 0.402253125 0.8662109375 0.4125421875 0.8408203125 0.4179328125 0.806640625 0.425771875 0.763671875 0.4287109375 0.73828125 0.4341015625 0.71484375 0.44292031249999997 0.671875 0.43116093749999995 0.6484375 0.4179328125 0.646484375 0.40715312499999995 0.6630859375 0.4061734375 0.697265625 0.4061734375 0.7294921875 0.403234375 0.7548828125
6 0.45026875000000005 0.8173828125 0.45222968750000003 0.783203125 0.46202812499999996 0.744140625 0.4639875 0.7099609375 0.469378125 0.69140625 0.469378125 0.654296875 0.4404703125 0.6650390625 0.4404703125 0.7099609375 0.439490625 0.7490234375 0.4360609375 0.78515625 0.4360609375 0.8359375 0.45026875000000005 0.8173828125
7 0.48015625 0.8017578125 0.48750625000000003 0.76953125 0.49093593750000003 0.7421875 0.4953453125 0.697265625 0.496325 0.6572265625 0.4674171875 0.6611328125 0.4683984375 0.7099609375 0.46643749999999995 0.7568359375 0.46643749999999995 0.787109375 0.46643749999999995 0.8251953125 0.48015625 0.8017578125
8 0.5198437499999999 0.7998046875 0.5208234375 0.767578125 0.5208234375 0.7314453125 0.5208234375 0.693359375 0.5227828125 0.650390625 0.49387499999999995 0.6572265625 0.49730468749999995 0.7099609375 0.5026953125 0.7490234375 0.5046546875 0.787109375 0.5080843749999999 0.814453125 0.5198437499999999 0.7998046875
9 0.53993125 0.8466796875 0.5507109375 0.8408203125 0.5507109375 0.8017578125 0.54973125 0.7568359375 0.5521796875 0.7080078125 0.5541406249999999 0.6591796875 0.521803125 0.65234375 0.5227828125 0.7021484375 0.5262125 0.736328125 0.5271921875000001 0.763671875 0.5325828125000001 0.8037109375 0.53993125 0.8466796875
10 0.57226875 0.7958984375 0.5850078125 0.8232421875 0.592846875 0.8466796875 0.6075453125 0.857421875 0.6075453125 0.8271484375 0.6001953125 0.7939453125 0.59480625 0.7568359375 0.5884375000000001 0.7041015625 0.5859875 0.6572265625 0.57226875 0.6357421875 0.5507109375 0.6630859375 0.5541406249999999 0.7041015625 0.55855 0.7294921875 0.5639390625 0.76171875 0.57226875 0.7958984375
11 0.608525 0.8037109375 0.6193046875 0.8232421875 0.6418421875 0.833984375 0.636453125 0.810546875 0.6310625 0.7802734375 0.6256734374999999 0.7255859375 0.6217546875 0.6396484375 0.6055859375 0.6396484375 0.5884375000000001 0.669921875 0.592846875 0.7119140625 0.597746875 0.744140625 0.60215625 0.7763671875 0.608525 0.8037109375
12 0.6482109375 0.7783203125 0.6580109375000001 0.8017578125 0.666340625 0.8251953125 0.6878984375 0.837890625 0.6795687499999999 0.810546875 0.6736890625 0.78125 0.6683 0.7431640625 0.66585 0.72265625 0.661440625 0.68359375 0.658990625 0.65234375 0.65458125 0.625 0.6408625 0.626953125 0.6217546875 0.646484375 0.6256734374999999 0.6884765625 0.6310625 0.7275390625 0.6398828125 0.7509765625 0.6482109375 0.7783203125
14 0.675159375 0.7255859375 0.6834890625 0.7568359375 0.695246875 0.783203125 0.70945625 0.7939453125 0.725625 0.787109375 0.7016171875 0.7509765625 0.6923078125 0.7099609375 0.7060265625000001 0.71875 0.7148453124999999 0.7421875 0.725625 0.76171875 0.7403234375000001 0.767578125 0.72954375 0.736328125 0.7177859375 0.7041015625 0.711415625 0.6630859375 0.7016171875 0.599609375 0.6859375 0.599609375 0.6761390625 0.6162109375 0.65458125 0.626953125 0.6634 0.673828125 0.6727093749999999 0.693359375 0.675159375 0.7255859375
15 0.7123953125 0.6416015625 0.7221953125 0.6611328125 0.73199375 0.693359375 0.7413031250000001 0.71484375 0.7530625 0.736328125 0.7702109375 0.73828125 0.7854 0.72265625 0.7854 0.6953125 0.7672703125 0.669921875 0.7653109375 0.62890625 0.76188125 0.5888671875 0.7501218749999999 0.5673828125 0.734934375 0.5732421875 0.725625 0.5888671875 0.70945625 0.5927734375 0.7060265625000001 0.6162109375 0.7123953125 0.6416015625
16 0.77805 0.6845703125 0.796178125 0.6884765625 0.8108765625000001 0.697265625 0.826065625 0.69140625 0.8304750000000001 0.673828125 0.826065625 0.6357421875 0.819696875 0.6142578125 0.809896875 0.5869140625 0.796178125 0.5732421875 0.7834390625000001 0.5947265625 0.7702109375 0.6162109375 0.766290625 0.65234375 0.77805 0.6845703125
27 0.2435078125 0.4560546875 0.2439984375 0.4296875 0.2493875 0.3857421875 0.249878125 0.3544921875 0.23860781250000002 0.3525390625 0.21949999999999997 0.4091796875 0.212640625 0.4541015625 0.21362031250000002 0.4921875 0.22587031249999998 0.4892578125 0.23664843750000003 0.478515625 0.2435078125 0.4560546875