31 0.26065625 0.3173828125 0.2523265625 0.3583984375 0.23909843749999998 0.392578125 0.24252812499999998 0.423828125 0.256246875 0.4345703125 0.274375 0.4326171875 0.278784375 0.3984375 0.2822140625 0.35546875 0.284175 0.28515625 0.26065625 0.3173828125
2 0.3219015625 0.396484375 0.32288125 0.3603515625 0.3258203125 0.326171875 0.2895640625 0.345703125 0.2915234375 0.3857421875 0.2851546875 0.421875 0.269475 0.4453125 0.284175 0.4755859375 0.2969125 0.5029296875 0.318471875 0.4970703125 0.3219015625 0.4453125 0.3219015625 0.396484375
17 0.387065625 0.2919921875 0.3806953125 0.3017578125 0.377265625 0.34765625 0.3699171875 0.4150390625 0.361096875 0.4453125 0.3508078125 0.4951171875 0.3581578125 0.5244140625 0.389025 0.513671875 0.38804531249999996 0.447265625 0.39392499999999997 0.34765625 0.387065625 0.2919921875
19 0.4439 0.369140625 0.42675156249999996 0.33203125 0.42234218749999997 0.4052734375 0.41891249999999997 0.4541015625 0.4081328125 0.5517578125 0.42136250000000003 0.564453125 0.441940625 0.564453125 0.44292031249999997 0.484375 0.44585937500000006 0.4306640625 0.4439 0.369140625
20 0.4674171875 0.4111328125 0.46202812499999996 0.3896484375 0.45222968750000003 0.4287109375 0.44782031250000004 0.4736328125 0.4448796875 0.5107421875 0.43802031250000006 0.5751953125 0.45908906250000003 0.5849609375 0.46496875 0.505859375 0.4659484375 0.455078125 0.4674171875 0.4111328125
21 0.49093593750000003 0.419921875 0.4791765625 0.375 0.4737875 0.4306640625 0.4737875 0.46875 0.47035781249999997 0.5029296875 0.47035781249999997 0.5390625 0.4821171875 0.5546875 0.49093593750000003 0.537109375 0.4889765625 0.4736328125 0.49093593750000003 0.419921875
29 0.5707984374999999 0.357421875 0.55855 0.359375 0.54973125 0.419921875 0.54973125 0.466796875 0.5477703125 0.541015625 0.5561 0.556640625 0.5796171875 0.5380859375 0.5732484375 0.490234375 0.5712890625 0.4453125 0.5707984374999999 0.357421875
25 0.670259375 0.4716796875 0.666340625 0.4189453125 0.6560515625 0.392578125 0.6438015625 0.3603515625 0.6335124999999999 0.3857421875 0.6354734375 0.419921875 0.6354734375 0.4736328125 0.6335124999999999 0.51171875 0.6335124999999999 0.5478515625 0.64723125 0.5654296875 0.6643796875 0.560546875 0.6805484374999999 0.5478515625 0.6834890625 0.5185546875 0.670259375 0.4716796875
26 0.6967171875 0.34765625 0.6825078125 0.328125 0.6697703125000001 0.35546875 0.6697703125000001 0.4052734375 0.675159375 0.4501953125 0.67711875 0.4951171875 0.691328125 0.5205078125 0.7153359375 0.494140625 0.718765625 0.4453125 0.7040671875 0.4033203125 0.6967171875 0.34765625
28 0.7065171875 0.4736328125 0.6898578125 0.533203125 0.7148453124999999 0.552734375 0.743753125 0.578125 0.766290625 0.5078125 0.7501218749999999 0.4951171875 0.73199375 0.455078125 0.7217046875 0.453125 0.7065171875 0.4736328125
3 0.6335124999999999 0.64453125 0.6310625 0.6123046875 0.6300828125 0.5673828125 0.6281234375 0.533203125 0.6055859375 0.5244140625 0.5938265625 0.53515625 0.60215625 0.603515625 0.6031359375 0.6416015625 0.6119546875 0.6826171875 0.620284375 0.7060546875 0.6310625 0.720703125 0.6335124999999999 0.671875 0.6335124999999999 0.64453125
4 0.596765625 0.6572265625 0.596765625 0.6201171875 0.5938265625 0.583984375 0.5903968749999999 0.5390625 0.5688390625 0.5458984375 0.5570796875 0.5625 0.5668796875 0.583984375 0.57226875 0.626953125 0.5786374999999999 0.677734375 0.583046875 0.7099609375 0.592846875 0.736328125 0.597746875 0.6953125 0.596765625 0.6572265625
5 0.5776578125 0.716796875 0.5732484375 0.6826171875 0.5658984375 0.6337890625 0.55855 0.583984375 0.5590390625 0.5478515625 0.544340625 0.5498046875 0.5335625 0.603515625 0.5369921875 0.62890625 0.5389515625 0.66796875 0.5414015625 0.7080078125 0.5507109375 0.7333984375 0.5639390625 0.7568359375 0.5776578125 0.716796875
6 0.5316015625 0.64453125 0.5335625 0.599609375 0.5360125 0.5712890625 0.5325828125000001 0.5478515625 0.5198437499999999 0.556640625 0.515434375 0.5927734375 0.51249375 0.6337890625 0.5090640625 0.66796875 0.5110234375 0.7041015625 0.5208234375 0.72265625 0.530621875 0.6806640625 0.5316015625 0.64453125
7 0.51004375 0.6142578125 0.515434375 0.5693359375 0.5110234375 0.5439453125 0.49387499999999995 0.5478515625 0.49289531249999996 0.5888671875 0.491915625 0.6181640625 0.491915625 0.650390625 0.49093593750000003 0.6826171875 0.49926562499999994 0.6953125 0.5080843749999999 0.65234375 0.51004375 0.6142578125
8 0.4889765625 0.64453125 0.49093593750000003 0.60546875 0.49093593750000003 0.5693359375 0.491915625 0.5439453125 0.4747671875 0.5439453125 0.4772171875 0.58203125 0.4747671875 0.6103515625 0.475746875 0.6484375 0.4747671875 0.6884765625 0.484565625 0.7021484375 0.48750625000000003 0.671875 0.4889765625 0.64453125
9 0.47182812500000004 0.583984375 0.4747671875 0.5439453125 0.45222968750000003 0.537109375 0.45565937500000003 0.5947265625 0.45125000000000004 0.6337890625 0.45320937499999997 0.66796875 0.4630078125 0.6953125 0.4674171875 0.65234375 0.4683984375 0.6201171875 0.47182812500000004 0.583984375
10 0.44145 0.669921875 0.44683906249999994 0.625 0.45026875000000005 0.583984375 0.44683906249999994 0.5439453125 0.4243015625 0.537109375 0.42332187499999996 0.5888671875 0.4179328125 0.6357421875 0.4140125 0.67578125 0.409603125 0.720703125 0.41891249999999997 0.736328125 0.4331203125 0.7060546875 0.44145 0.669921875
11 0.40715312499999995 0.646484375 0.41156249999999994 0.6123046875 0.4179328125 0.58203125 0.42234218749999997 0.5439453125 0.4125421875 0.5263671875 0.3968640625 0.5263671875 0.3968640625 0.5546875 0.389025 0.576171875 0.38804531249999996 0.6015625 0.389025 0.64453125 0.3900046875 0.69140625 0.395884375 0.720703125 0.40519375 0.6845703125 0.40715312499999995 0.646484375
12 0.377265625 0.6337890625 0.381675 0.603515625 0.3900046875 0.5673828125 0.3968640625 0.5390625 0.38804531249999996 0.5205078125 0.3762859375 0.515625 0.3581578125 0.529296875 0.357178125 0.576171875 0.3537484375 0.6201171875 0.35276874999999996 0.6572265625 0.3493390625 0.6884765625 0.3508078125 0.720703125 0.3699171875 0.673828125 0.377265625 0.6337890625
16 0.23811875 0.5546875 0.258696875 0.533203125 0.2778046875 0.53125 0.29299375 0.509765625 0.2797640625 0.4755859375 0.269475 0.4541015625 0.2572265625 0.4326171875 0.2435078125 0.4521484375 0.22831875 0.4736328125 0.20088124999999998 0.48828125 0.173934375 0.529296875 0.173934375 0.5546875 0.1891234375 0.5654296875 0.210190625 0.5673828125 0.22733906250000002 0.5625 0.23811875 0.5546875