31 0.24154843750000002 0.279296875 0.22831875 0.2744140625 0.20921093750000003 0.302734375 0.20921093750000003 0.3388671875 0.20921093750000003 0.376953125 0.22440000000000002 0.375 0.23811875 0.3896484375 0.24889687500000002 0.373046875 0.2552671875 0.345703125 0.2508578125 0.30859375 0.24154843750000002 0.279296875
2 0.27045625 0.470703125 0.272415625 0.439453125 0.272415625 0.41796875 0.2822140625 0.3818359375 0.2822140625 0.3408203125 0.2797640625 0.3115234375 0.25967656250000004 0.30859375 0.2533078125 0.345703125 0.2523265625 0.3837890625 0.2435078125 0.3984375 0.23517812500000002 0.4287109375 0.236159375 0.4580078125 0.2479171875 0.484375 0.262615625 0.4921875 0.27045625 0.470703125
13 0.32043125 0.51171875 0.32043125 0.466796875 0.32288125 0.416015625 0.32043125 0.3515625 0.311121875 0.33203125 0.2915234375 0.3408203125 0.288584375 0.3876953125 0.2876046875 0.41796875 0.276825 0.443359375 0.27339531250000004 0.484375 0.2822140625 0.509765625 0.2969125 0.5185546875 0.30867187500000004 0.5224609375 0.32043125 0.51171875
17 0.3581578125 0.490234375 0.3586484375 0.3603515625 0.3400296875 0.3662109375 0.3375796875 0.4091796875 0.333659375 0.44140625 0.3258203125 0.466796875 0.3219015625 0.5029296875 0.3238609375 0.537109375 0.3375796875 0.5439453125 0.3532578125 0.5302734375 0.3581578125 0.490234375
18 0.3924546875 0.5224609375 0.38804531249999996 0.4794921875 0.387065625 0.44140625 0.381675 0.3671875 0.3718765625 0.37109375 0.36893750000000003 0.4033203125 0.36550781250000003 0.44140625 0.361096875 0.4814453125 0.354728125 0.513671875 0.354728125 0.5458984375 0.36550781250000003 0.5625 0.379715625 0.5546875 0.3924546875 0.5224609375
19 0.4198921875 0.544921875 0.41695312500000004 0.5029296875 0.41695312500000004 0.4609375 0.41499218750000005 0.421875 0.409603125 0.373046875 0.40519375 0.3388671875 0.3900046875 0.3818359375 0.389025 0.439453125 0.389025 0.470703125 0.3900046875 0.509765625 0.387065625 0.5390625 0.387065625 0.5654296875 0.400784375 0.580078125 0.4125421875 0.576171875 0.4198921875 0.544921875
20 0.44782031250000004 0.556640625 0.44782031250000004 0.5224609375 0.4448796875 0.4814453125 0.4448796875 0.447265625 0.4448796875 0.421875 0.44292031249999997 0.3876953125 0.432140625 0.3603515625 0.4287109375 0.416015625 0.425771875 0.4736328125 0.42234218749999997 0.5205078125 0.4179328125 0.5546875 0.42038281250000004 0.5869140625 0.4331203125 0.5966796875 0.44782031250000004 0.5908203125 0.44782031250000004 0.556640625
21 0.49387499999999995 0.583984375 0.491915625 0.5244140625 0.485546875 0.4609375 0.4821171875 0.41796875 0.469378125 0.3642578125 0.45565937500000003 0.3583984375 0.45565937500000003 0.4033203125 0.4566390625 0.46484375 0.4566390625 0.4970703125 0.45026875000000005 0.53125 0.45125000000000004 0.5712890625 0.458109375 0.5927734375 0.48260625 0.58984375 0.49387499999999995 0.583984375
22 0.5369921875 0.5625 0.5296421875 0.5029296875 0.5296421875 0.4755859375 0.521803125 0.396484375 0.5026953125 0.3642578125 0.5007343750000001 0.4130859375 0.49926562499999994 0.4501953125 0.498284375 0.5078125 0.49289531249999996 0.552734375 0.49730468749999995 0.5888671875 0.514453125 0.599609375 0.528171875 0.583984375 0.5369921875 0.5625
30 0.567859375 0.529296875 0.567859375 0.486328125 0.560509375 0.4501953125 0.5561 0.4130859375 0.5507109375 0.3876953125 0.5369921875 0.373046875 0.5335625 0.421875 0.5350312500000001 0.46484375 0.5369921875 0.4951171875 0.5360125 0.537109375 0.5369921875 0.5673828125 0.5531609375000001 0.578125 0.567859375 0.560546875 0.567859375 0.529296875
29 0.6031359375 0.556640625 0.6055859375 0.5205078125 0.60460625 0.484375 0.6011765625 0.4453125 0.5957859375 0.4052734375 0.5899062500000001 0.3388671875 0.5776578125 0.35546875 0.5756984375 0.3984375 0.5732484375 0.439453125 0.5732484375 0.4736328125 0.5688390625 0.5029296875 0.5688390625 0.5419921875 0.5776578125 0.5654296875 0.592846875 0.5712890625 0.6031359375 0.556640625
23 0.6246937499999999 0.4326171875 0.620284375 0.3876953125 0.60460625 0.3642578125 0.60215625 0.416015625 0.5933359375 0.505859375 0.599215625 0.52734375 0.610975 0.537109375 0.6227343750000001 0.5439453125 0.6374328125 0.533203125 0.638903125 0.5048828125 0.6246937499999999 0.4326171875
24 0.6687890624999999 0.5029296875 0.67075 0.474609375 0.65703125 0.4287109375 0.65703125 0.369140625 0.651640625 0.3369140625 0.636453125 0.3193359375 0.6354734375 0.35546875 0.6335124999999999 0.4033203125 0.6310625 0.4501953125 0.6300828125 0.4794921875 0.636453125 0.5029296875 0.6462515625 0.5185546875 0.6580109375000001 0.5205078125 0.6687890624999999 0.5029296875
25 0.71680625 0.4267578125 0.7050468750000001 0.3896484375 0.6996578125 0.3662109375 0.6898578125 0.330078125 0.666340625 0.3154296875 0.666340625 0.3583984375 0.6687890624999999 0.419921875 0.665359375 0.46484375 0.67711875 0.4970703125 0.697696875 0.486328125 0.70945625 0.4775390625 0.71680625 0.4609375 0.71680625 0.4267578125
26 0.766290625 0.4033203125 0.7599218750000001 0.3818359375 0.7501218749999999 0.35546875 0.7403234375000001 0.330078125 0.7329734375 0.2978515625 0.7148453124999999 0.2880859375 0.7158249999999999 0.326171875 0.7177859375 0.37109375 0.7177859375 0.419921875 0.7202359375 0.4521484375 0.73199375 0.462890625 0.7466921875 0.439453125 0.766290625 0.439453125 0.766290625 0.4033203125
27 0.789809375 0.283203125 0.78441875 0.2578125 0.7765796875000001 0.2275390625 0.763840625 0.2041015625 0.743753125 0.23046875 0.743753125 0.263671875 0.7359140625 0.30859375 0.7457125 0.3408203125 0.7564921874999999 0.353515625 0.7726609375 0.3427734375 0.789809375 0.3427734375 0.793728125 0.30859375 0.789809375 0.283203125
28 0.8143062499999999 0.5458984375 0.8133265625 0.5185546875 0.812346875 0.484375 0.8069578125 0.4453125 0.78441875 0.4541015625 0.7672703125 0.4521484375 0.7501218749999999 0.4736328125 0.7555125 0.51171875 0.7682515624999999 0.5419921875 0.7819703125 0.580078125 0.793728125 0.6015625 0.8079375000000001 0.6103515625 0.8152859375 0.58203125 0.8143062499999999 0.5458984375
0 0.7756000000000001 0.6337890625 0.766290625 0.603515625 0.7609015625 0.560546875 0.7555125 0.53125 0.7501218749999999 0.5029296875 0.73934375 0.484375 0.725625 0.4990234375 0.711415625 0.5078125 0.697696875 0.513671875 0.7040671875 0.552734375 0.718275 0.587890625 0.73199375 0.6103515625 0.7466921875 0.626953125 0.7628609375 0.6591796875 0.7790296875 0.6630859375 0.7756000000000001 0.6337890625
1 0.691328125 0.67578125 0.691328125 0.625 0.711415625 0.6591796875 0.7202359375 0.6884765625 0.734934375 0.716796875 0.730525 0.677734375 0.7241546875 0.650390625 0.7177859375 0.630859375 0.70700625 0.599609375 0.7030875 0.5654296875 0.6986765625 0.53125 0.6780984375 0.533203125 0.667809375 0.560546875 0.6433125000000001 0.55078125 0.638903125 0.578125 0.6536015625 0.6015625 0.666340625 0.625 0.67075 0.6591796875 0.6923078125 0.7080078125 0.7040671875 0.7314453125 0.7016171875 0.69921875 0.691328125 0.67578125
3 0.6727093749999999 0.7294921875 0.6643796875 0.697265625 0.6580109375000001 0.671875 0.651640625 0.6337890625 0.6482109375 0.599609375 0.6408625 0.5693359375 0.6217546875 0.5693359375 0.606565625 0.5947265625 0.6193046875 0.630859375 0.63204375 0.6591796875 0.638903125 0.69140625 0.6438015625 0.7333984375 0.65458125 0.7509765625 0.6727093749999999 0.759765625 0.6727093749999999 0.7294921875
4 0.6237140625 0.716796875 0.620284375 0.673828125 0.618325 0.6396484375 0.610975 0.599609375 0.5903968749999999 0.5927734375 0.5810875 0.6181640625 0.5884375000000001 0.65234375 0.59480625 0.677734375 0.6031359375 0.7119140625 0.6119546875 0.7509765625 0.63204375 0.7744140625 0.6398828125 0.7509765625 0.6237140625 0.716796875
5 0.59480625 0.7275390625 0.5874578125000001 0.6845703125 0.5820671875000001 0.6484375 0.5776578125 0.60546875 0.5531609375000001 0.6015625 0.5453203125 0.6337890625 0.55855 0.677734375 0.5688390625 0.736328125 0.5796171875 0.7744140625 0.5913765625 0.7998046875 0.610975 0.810546875 0.6055859375 0.763671875 0.59480625 0.7275390625
6 0.5467906250000001 0.625 0.521803125 0.623046875 0.5262125 0.6630859375 0.5271921875000001 0.7041015625 0.5350312500000001 0.7548828125 0.5458109375 0.7509765625 0.5467906250000001 0.7119140625 0.5467906250000001 0.671875 0.5467906250000001 0.625
7 0.5178828125 0.6123046875 0.496325 0.6201171875 0.49289531249999996 0.654296875 0.49730468749999995 0.69140625 0.501715625 0.7255859375 0.5178828125 0.7490234375 0.5178828125 0.7041015625 0.5178828125 0.6669921875 0.5178828125 0.6123046875
8 0.49289531249999996 0.6611328125 0.496325 0.6162109375 0.47035781249999997 0.6357421875 0.46643749999999995 0.6806640625 0.46202812499999996 0.7080078125 0.45761874999999996 0.759765625 0.4674171875 0.7529296875 0.48113593750000005 0.73828125 0.49093593750000003 0.697265625 0.49289531249999996 0.6611328125
9 0.4674171875 0.625 0.4404703125 0.630859375 0.44145 0.673828125 0.43753125 0.7080078125 0.43508125 0.7421875 0.44782031250000004 0.7490234375 0.45859843749999996 0.720703125 0.46496875 0.673828125 0.4674171875 0.625
10 0.4125421875 0.7939453125 0.42332187499999996 0.759765625 0.429690625 0.7333984375 0.4341015625 0.693359375 0.44292031249999997 0.6376953125 0.42773125 0.625 0.409603125 0.6201171875 0.40715312499999995 0.6806640625 0.403234375 0.71875 0.3968640625 0.759765625 0.3900046875 0.787109375 0.38510468750000004 0.8173828125 0.400784375 0.806640625 0.4125421875 0.7939453125
11 0.363546875 0.7998046875 0.37530625 0.7744140625 0.38804531249999996 0.7421875 0.3968640625 0.7041015625 0.4061734375 0.66796875 0.409603125 0.6337890625 0.3968640625 0.607421875 0.381675 0.60546875 0.379715625 0.630859375 0.3782453125 0.6630859375 0.370896875 0.697265625 0.3591375 0.7421875 0.347378125 0.7802734375 0.347378125 0.8125 0.363546875 0.7998046875
12 0.3537484375 0.7119140625 0.3591375 0.6884765625 0.36795625 0.6611328125 0.3806953125 0.625 0.3645265625 0.5908203125 0.3463984375 0.5966796875 0.341009375 0.626953125 0.33464062499999997 0.654296875 0.33121093749999997 0.697265625 0.3282703125 0.7333984375 0.3219015625 0.7685546875 0.33904999999999996 0.76953125 0.3508078125 0.74609375 0.3537484375 0.7119140625
14 0.2983828125 0.7080078125 0.2939734375 0.736328125 0.2876046875 0.763671875 0.3032828125 0.7529296875 0.30867187500000004 0.72265625 0.318471875 0.6865234375 0.3282703125 0.6484375 0.341009375 0.6123046875 0.341009375 0.580078125 0.3219015625 0.576171875 0.3101421875 0.560546875 0.2915234375 0.556640625 0.28662343749999997 0.609375 0.26800625 0.6884765625 0.262615625 0.7314453125 0.2758453125 0.720703125 0.288584375 0.6845703125 0.29936250000000003 0.669921875 0.2983828125 0.7080078125
15 0.26506562499999997 0.646484375 0.274375 0.6201171875 0.2822140625 0.5908203125 0.29054375 0.5546875 0.2714359375 0.53515625 0.26065625 0.5205078125 0.24889687500000002 0.513671875 0.23909843749999998 0.533203125 0.2327296875 0.5673828125 0.2297890625 0.6015625 0.22440000000000002 0.6591796875 0.22195 0.6953125 0.2317484375 0.7099609375 0.2454671875 0.6845703125 0.2552671875 0.66796875 0.26506562499999997 0.646484375
16 0.21558125 0.6015625 0.22440000000000002 0.5732421875 0.23909843749999998 0.53515625 0.23076875000000002 0.515625 0.2209703125 0.5009765625 0.2018625 0.48828125 0.18569375 0.4951171875 0.180303125 0.5439453125 0.17589375000000002 0.58203125 0.173934375 0.6201171875 0.1793234375 0.646484375 0.1930421875 0.65234375 0.2072515625 0.62890625 0.21558125 0.6015625