2 0.3193359375 0.7466921875 0.3623046875 0.7466921875 0.4052734375 0.7447328125 0.4521484375 0.7491421875000001 0.490234375 0.7520828125000001 0.509765625 0.7413031250000001 0.53125 0.7221953125 0.5205078125 0.70700625 0.4970703125 0.697696875 0.46875 0.697696875 0.447265625 0.7006375 0.3310546875 0.70700625 0.3291015625 0.7133765624999999 0.32421875 0.7266046875 0.3193359375 0.7466921875
13 0.4365234375 0.6864281250000001 0.4541015625 0.6942671875 0.494140625 0.700146875 0.5263671875 0.6918171875 0.5166015625 0.6722187500000001 0.48046875 0.6687890624999999 0.4619140625 0.6692796875 0.4365234375 0.6864281250000001
17 0.4541015625 0.6624203125 0.484375 0.6687890624999999 0.5244140625 0.6712390625 0.548828125 0.6575203125 0.537109375 0.642821875 0.515625 0.6310625 0.4541015625 0.6344921875 0.4189453125 0.6369421875 0.3427734375 0.651640625 0.359375 0.6575203125 0.4130859375 0.6609499999999999 0.4541015625 0.6624203125
18 0.4951171875 0.631553125 0.5224609375 0.636453125 0.5537109375 0.6330234375 0.564453125 0.618325 0.5556640625 0.604115625 0.5283203125 0.59480625 0.5048828125 0.596765625 0.470703125 0.60215625 0.4306640625 0.6031359375 0.36328125 0.608525 0.3759765625 0.6207734375 0.4375 0.6256734374999999 0.4951171875 0.631553125
19 0.529296875 0.59970625 0.564453125 0.597746875 0.5712890625 0.5801078125 0.5712890625 0.5663890625 0.5283203125 0.5619796874999999 0.4921875 0.56345 0.4521484375 0.567859375 0.3291015625 0.5805984375000001 0.3408203125 0.5908875 0.4482421875 0.597746875 0.494140625 0.5982359374999999 0.529296875 0.59970625
20 0.5673828125 0.56491875 0.5673828125 0.54875 0.5673828125 0.5389515625 0.5244140625 0.5389515625 0.470703125 0.5389515625 0.365234375 0.541890625 0.3720703125 0.5511999999999999 0.4755859375 0.560509375 0.5185546875 0.5624687500000001 0.5458984375 0.5658984375 0.5673828125 0.56491875
21 0.4990234375 0.503184375 0.4755859375 0.5026953125 0.447265625 0.5002453124999999 0.40625 0.506125 0.3701171875 0.5134734375 0.3447265625 0.5159234374999999 0.3857421875 0.5276828124999999 0.4130859375 0.5296421875 0.4521484375 0.5365015625 0.486328125 0.5389515625 0.53125 0.5389515625 0.578125 0.5384609375 0.5712890625 0.5237625 0.576171875 0.5075937500000001 0.5556640625 0.5041640625 0.53125 0.501225 0.4990234375 0.503184375
22 0.4013671875 0.4762375 0.375 0.48113593750000005 0.345703125 0.4879953125 0.3798828125 0.4953453125 0.43359375 0.496815625 0.46875 0.4977953125 0.4931640625 0.498284375 0.5205078125 0.498284375 0.5546875 0.5007343750000001 0.576171875 0.48995625 0.576171875 0.470846875 0.544921875 0.46643749999999995 0.51171875 0.4688875 0.486328125 0.4688875 0.462890625 0.46986718749999995 0.4326171875 0.47427656249999994 0.4013671875 0.4762375
29 0.4306640625 0.409603125 0.4033203125 0.412053125 0.3759765625 0.41499218750000005 0.34765625 0.42136250000000003 0.3212890625 0.42773125 0.3466796875 0.4341015625 0.3828125 0.4355703125 0.416015625 0.4404703125 0.435546875 0.43899999999999995 0.466796875 0.43802031250000006 0.4951171875 0.439490625 0.529296875 0.43753125 0.560546875 0.4341015625 0.576171875 0.42234218749999997 0.556640625 0.4086234375 0.5244140625 0.40715312499999995 0.4970703125 0.4061734375 0.462890625 0.40715312499999995 0.4306640625 0.409603125
24 0.3896484375 0.34394843750000004 0.35546875 0.345909375 0.3173828125 0.3488484375 0.298828125 0.36060781249999996 0.3330078125 0.3650171875 0.3759765625 0.36648749999999997 0.4130859375 0.36893750000000003 0.439453125 0.37040625 0.4765625 0.37775625 0.51171875 0.381675 0.5458984375 0.37285625 0.5537109375 0.36550781250000003 0.5693359375 0.3488484375 0.5556640625 0.3400296875 0.5234375 0.333659375 0.482421875 0.3370890625 0.4296875 0.33904999999999996 0.3896484375 0.34394843750000004
26 0.375 0.2508578125 0.353515625 0.2689859375 0.365234375 0.29299375 0.419921875 0.2969125 0.4560546875 0.30034375 0.486328125 0.3032828125 0.5283203125 0.3096515625 0.552734375 0.304753125 0.5654296875 0.292503125 0.5625 0.276825 0.560546875 0.2616359375 0.5498046875 0.2523265625 0.5224609375 0.25575625 0.490234375 0.2601671875 0.4501953125 0.25918593749999996 0.4150390625 0.2577171875 0.375 0.2508578125
27 0.3623046875 0.240078125 0.3984375 0.2479171875 0.4267578125 0.2479171875 0.46875 0.2464484375 0.4970703125 0.2435078125 0.5244140625 0.23566875 0.5400390625 0.22537968749999998 0.5283203125 0.208721875 0.4970703125 0.19647187500000002 0.470703125 0.1994125 0.44140625 0.21166093749999998 0.4091796875 0.212640625 0.37109375 0.212640625 0.349609375 0.2209703125 0.3623046875 0.240078125
3 0.59765625 0.3351296875 0.5888671875 0.3488484375 0.6015625 0.36648749999999997 0.6142578125 0.381675 0.6494140625 0.37285625 0.669921875 0.3625671875 0.69140625 0.3517890625 0.71875 0.3419890625 0.75 0.3307203125 0.76953125 0.327290625 0.791015625 0.32239062500000004 0.80859375 0.3057328125 0.73828125 0.31308125000000003 0.70703125 0.3214109375 0.671875 0.327290625 0.63671875 0.3307203125 0.59765625 0.3351296875
4 0.603515625 0.381675 0.5908203125 0.3924546875 0.6025390625 0.40715312499999995 0.630859375 0.41695312500000004 0.6650390625 0.4086234375 0.71484375 0.39539375 0.740234375 0.391475 0.759765625 0.386575 0.7822265625 0.3806953125 0.798828125 0.374815625 0.8134765625 0.3625671875 0.7958984375 0.3517890625 0.7587890625 0.3586484375 0.7109375 0.36648749999999997 0.6630859375 0.373346875 0.6396484375 0.37530625 0.603515625 0.381675
5 0.65234375 0.4439 0.6962890625 0.43802031250000006 0.7265625 0.4336109375 0.7529296875 0.42479218750000003 0.783203125 0.412053125 0.802734375 0.40274374999999996 0.8017578125 0.387065625 0.7568359375 0.3904953125 0.7216796875 0.39735468749999997 0.689453125 0.402253125 0.6376953125 0.41695312500000004 0.60546875 0.420871875 0.6044921875 0.43655 0.65234375 0.4439
6 0.7001953125 0.464478125 0.736328125 0.4615390625 0.7421875 0.4439 0.69921875 0.44292031249999997 0.6650390625 0.44782031250000004 0.626953125 0.44145 0.58984375 0.4399796875 0.5927734375 0.47182812500000004 0.630859375 0.47182812500000004 0.66796875 0.4674171875 0.7001953125 0.464478125
7 0.599609375 0.491425 0.5947265625 0.501715625 0.6240234375 0.4997546875 0.6474609375 0.5007343750000001 0.677734375 0.49926562499999994 0.7119140625 0.4958359375 0.74609375 0.49289531249999996 0.7626953125 0.484565625 0.7548828125 0.47182812500000004 0.7255859375 0.47035781249999997 0.6962890625 0.4747671875 0.666015625 0.4737875 0.6455078125 0.4713375 0.603515625 0.4737875 0.599609375 0.491425
8 0.6396484375 0.5271921875000001 0.6650390625 0.5271921875000001 0.6904296875 0.5232734375 0.71875 0.5232734375 0.7509765625 0.51739375 0.7529296875 0.5022046875 0.7197265625 0.503184375 0.6884765625 0.5041640625 0.6474609375 0.5046546875 0.60546875 0.501715625 0.599609375 0.5188640625 0.599609375 0.5296421875 0.6396484375 0.5271921875000001
9 0.630859375 0.5595296875 0.6630859375 0.5551203124999999 0.69921875 0.5546296875000001 0.7294921875 0.549240625 0.75390625 0.54238125 0.73046875 0.5316015625 0.6982421875 0.5316015625 0.65234375 0.5301328125 0.623046875 0.5286625 0.5859375 0.5262125 0.578125 0.54875 0.5947265625 0.5624687500000001 0.630859375 0.5595296875
10 0.72265625 0.599215625 0.759765625 0.5894171874999999 0.7294921875 0.576678125 0.6865234375 0.567859375 0.6376953125 0.5658984375 0.6015625 0.57226875 0.5869140625 0.5820671875000001 0.6015625 0.597746875 0.654296875 0.6011765625 0.689453125 0.599215625 0.72265625 0.599215625
11 0.59375 0.6344921875 0.6396484375 0.6354734375 0.6845703125 0.640371875 0.7294921875 0.6408625 0.76171875 0.640371875 0.7919921875 0.6408625 0.791015625 0.6173437500000001 0.7509765625 0.6119546875 0.7177734375 0.6050953125 0.6787109375 0.6026453125 0.6484375 0.6011765625 0.60546875 0.6001953125 0.59375 0.6163640625 0.59375 0.6344921875
12 0.5869140625 0.65703125 0.5908203125 0.6761390625 0.6357421875 0.6727093749999999 0.6591796875 0.675159375 0.7021484375 0.6795687499999999 0.744140625 0.6795687499999999 0.7783203125 0.6795687499999999 0.80859375 0.6761390625 0.7890625 0.667809375 0.7568359375 0.658990625 0.7119140625 0.652621875 0.66796875 0.642821875 0.630859375 0.6354734375 0.5927734375 0.6354734375 0.5869140625 0.65703125
9 0.5888671875 0.5335625 0.5888671875 0.54973125 0.5947265625 0.5624687500000001 0.5888671875 0.5335625