2 0.302303125 0.4970703125 0.302303125 0.46875 0.29936250000000003 0.447265625 0.29299375 0.3310546875 0.28662343749999997 0.3291015625 0.27339531250000004 0.32421875 0.2533078125 0.3193359375 0.2533078125 0.3623046875 0.2552671875 0.4052734375 0.2508578125 0.4521484375 0.2479171875 0.490234375 0.258696875 0.509765625 0.2778046875 0.53125 0.29299375 0.5205078125 0.302303125 0.4970703125
13 0.3057328125 0.4541015625 0.299853125 0.494140625 0.3081828125 0.5263671875 0.32778125 0.5166015625 0.33121093749999997 0.48046875 0.3307203125 0.4619140625 0.313571875 0.4365234375 0.3057328125 0.4541015625
17 0.36893750000000003 0.515625 0.36550781250000003 0.4541015625 0.3630578125 0.4189453125 0.34835937499999997 0.3427734375 0.3424796875 0.359375 0.33904999999999996 0.4130859375 0.3375796875 0.4541015625 0.33121093749999997 0.484375 0.3287609375 0.5244140625 0.3424796875 0.548828125 0.357178125 0.537109375 0.36893750000000003 0.515625
18 0.403234375 0.5048828125 0.39784375 0.470703125 0.3968640625 0.4306640625 0.391475 0.36328125 0.37922656250000003 0.3759765625 0.37432656249999996 0.4375 0.368446875 0.4951171875 0.363546875 0.5224609375 0.3669765625 0.5537109375 0.381675 0.564453125 0.395884375 0.5556640625 0.40519375 0.5283203125 0.403234375 0.5048828125
19 0.43655 0.4921875 0.432140625 0.4521484375 0.41940156249999994 0.3291015625 0.4091125 0.3408203125 0.402253125 0.4482421875 0.4017640625 0.494140625 0.40029375 0.529296875 0.402253125 0.564453125 0.4198921875 0.5712890625 0.4336109375 0.5712890625 0.43802031250000006 0.5283203125 0.43655 0.4921875
20 0.4610484375 0.470703125 0.458109375 0.365234375 0.44880000000000003 0.3720703125 0.439490625 0.4755859375 0.43753125 0.5185546875 0.4341015625 0.5458984375 0.43508125 0.5673828125 0.45125000000000004 0.5673828125 0.4610484375 0.5673828125 0.4610484375 0.5244140625 0.4610484375 0.470703125
21 0.4610484375 0.53125 0.4615390625 0.578125 0.4762375 0.5712890625 0.49240625 0.576171875 0.4958359375 0.5556640625 0.498775 0.53125 0.496815625 0.4990234375 0.49730468749999995 0.4755859375 0.4997546875 0.447265625 0.49387499999999995 0.40625 0.48652656250000004 0.3701171875 0.48407656250000003 0.3447265625 0.4723171875 0.3857421875 0.47035781249999997 0.4130859375 0.4634984375 0.4521484375 0.4610484375 0.486328125 0.4610484375 0.53125
22 0.529153125 0.576171875 0.5335625 0.544921875 0.5311125 0.51171875 0.5311125 0.486328125 0.5301328125 0.462890625 0.5257234375000001 0.4326171875 0.5237625 0.4013671875 0.5188640625 0.375 0.5120046874999999 0.345703125 0.5046546875 0.3798828125 0.503184375 0.43359375 0.5022046875 0.46875 0.501715625 0.4931640625 0.501715625 0.5205078125 0.49926562499999994 0.5546875 0.51004375 0.576171875 0.529153125 0.576171875
29 0.5658984375 0.560546875 0.5776578125 0.576171875 0.5913765625 0.556640625 0.592846875 0.5244140625 0.5938265625 0.4970703125 0.592846875 0.462890625 0.5903968749999999 0.4306640625 0.587946875 0.4033203125 0.5850078125 0.3759765625 0.5786374999999999 0.34765625 0.57226875 0.3212890625 0.5658984375 0.3466796875 0.5644296875 0.3828125 0.5595296875 0.416015625 0.561 0.435546875 0.5619796874999999 0.466796875 0.560509375 0.4951171875 0.5624687500000001 0.529296875 0.5658984375 0.560546875
24 0.6344921875 0.5537109375 0.6511515625000001 0.5693359375 0.6599703124999999 0.5556640625 0.666340625 0.5234375 0.6629109375 0.482421875 0.6609499999999999 0.4296875 0.6560515625 0.3896484375 0.654090625 0.35546875 0.6511515625000001 0.3173828125 0.6393921875 0.298828125 0.6349828125 0.3330078125 0.6335124999999999 0.3759765625 0.6310625 0.4130859375 0.62959375 0.439453125 0.62224375 0.4765625 0.618325 0.51171875 0.62714375 0.5458984375 0.6344921875 0.5537109375
26 0.7383640625 0.560546875 0.7476734375 0.5498046875 0.74424375 0.5224609375 0.7398328125 0.490234375 0.7408140624999999 0.4501953125 0.7422828124999999 0.4150390625 0.7491421875000001 0.375 0.7310140625 0.353515625 0.70700625 0.365234375 0.7030875 0.419921875 0.6996578125 0.4560546875 0.6967171875 0.486328125 0.6903484375 0.5283203125 0.695246875 0.552734375 0.707496875 0.5654296875 0.723175 0.5625 0.7383640625 0.560546875
27 0.803528125 0.4970703125 0.8005875 0.470703125 0.7883390625 0.44140625 0.7873593750000001 0.4091796875 0.7873593750000001 0.37109375 0.7790296875 0.349609375 0.7599218750000001 0.3623046875 0.7520828125000001 0.3984375 0.7520828125000001 0.4267578125 0.7535515625 0.46875 0.7564921874999999 0.4970703125 0.76433125 0.5244140625 0.7746203125 0.5400390625 0.791278125 0.5283203125 0.803528125 0.4970703125
3 0.6776093750000001 0.791015625 0.6942671875 0.80859375 0.68691875 0.73828125 0.6785890625000001 0.70703125 0.6727093749999999 0.671875 0.6692796875 0.63671875 0.6648703125 0.59765625 0.6511515625000001 0.5888671875 0.6335124999999999 0.6015625 0.618325 0.6142578125 0.62714375 0.6494140625 0.6374328125 0.669921875 0.6482109375 0.69140625 0.6580109375000001 0.71875 0.6692796875 0.75 0.6727093749999999 0.76953125 0.6776093750000001 0.791015625
4 0.6374328125 0.8134765625 0.6482109375 0.7958984375 0.6413515624999999 0.7587890625 0.6335124999999999 0.7109375 0.626653125 0.6630859375 0.6246937499999999 0.6396484375 0.618325 0.603515625 0.6075453125 0.5908203125 0.592846875 0.6025390625 0.583046875 0.630859375 0.5913765625 0.6650390625 0.60460625 0.71484375 0.608525 0.740234375 0.613425 0.759765625 0.6193046875 0.7822265625 0.625184375 0.798828125 0.6374328125 0.8134765625
5 0.6095046875000001 0.7568359375 0.6026453125 0.7216796875 0.597746875 0.689453125 0.583046875 0.6376953125 0.579128125 0.60546875 0.56345 0.6044921875 0.5561 0.65234375 0.5619796874999999 0.6962890625 0.5663890625 0.7265625 0.5752078125 0.7529296875 0.587946875 0.783203125 0.59725625 0.802734375 0.612934375 0.8017578125 0.6095046875000001 0.7568359375
6 0.5521796875 0.6650390625 0.55855 0.626953125 0.5600203125000001 0.58984375 0.528171875 0.5927734375 0.528171875 0.630859375 0.5325828125000001 0.66796875 0.5355218749999999 0.7001953125 0.5384609375 0.736328125 0.5561 0.7421875 0.5570796875 0.69921875 0.5521796875 0.6650390625
7 0.528171875 0.7548828125 0.5296421875 0.7255859375 0.5252328125 0.6962890625 0.5262125 0.666015625 0.5286625 0.6455078125 0.5262125 0.603515625 0.508575 0.599609375 0.498284375 0.5947265625 0.5002453124999999 0.6240234375 0.49926562499999994 0.6474609375 0.5007343750000001 0.677734375 0.5041640625 0.7119140625 0.5071046875 0.74609375 0.515434375 0.7626953125 0.528171875 0.7548828125
8 0.496815625 0.7197265625 0.4958359375 0.6884765625 0.4953453125 0.6474609375 0.498284375 0.60546875 0.48113593750000005 0.599609375 0.47035781249999997 0.599609375 0.4728078125 0.6396484375 0.4728078125 0.6650390625 0.4767265625 0.6904296875 0.4767265625 0.71875 0.48260625 0.7509765625 0.4977953125 0.7529296875 0.496815625 0.7197265625
9 0.4683984375 0.6982421875 0.46986718749999995 0.65234375 0.4713375 0.623046875 0.4737875 0.5859375 0.45125000000000004 0.578125 0.43753125 0.5947265625 0.4404703125 0.630859375 0.4448796875 0.6630859375 0.4453703125 0.69921875 0.45075937499999996 0.7294921875 0.45761874999999996 0.75390625 0.4683984375 0.73046875 0.4683984375 0.6982421875
10 0.4341015625 0.6376953125 0.42773125 0.6015625 0.4179328125 0.5869140625 0.402253125 0.6015625 0.39882343750000004 0.654296875 0.400784375 0.689453125 0.400784375 0.72265625 0.41058281250000006 0.759765625 0.42332187499999996 0.7294921875 0.432140625 0.6865234375 0.4341015625 0.6376953125
11 0.38804531249999996 0.7509765625 0.3949046875 0.7177734375 0.39735468749999997 0.6787109375 0.39882343750000004 0.6484375 0.3998046875 0.60546875 0.38363593749999997 0.59375 0.36550781250000003 0.59375 0.3645265625 0.6396484375 0.359628125 0.6845703125 0.3591375 0.7294921875 0.359628125 0.76171875 0.3591375 0.7919921875 0.38265625000000003 0.791015625 0.38804531249999996 0.7509765625
12 0.332190625 0.7890625 0.341009375 0.7568359375 0.347378125 0.7119140625 0.357178125 0.66796875 0.3645265625 0.630859375 0.3645265625 0.5927734375 0.34296875 0.5869140625 0.3238609375 0.5908203125 0.327290625 0.6357421875 0.324840625 0.6591796875 0.32043125 0.7021484375 0.32043125 0.744140625 0.32043125 0.7783203125 0.3238609375 0.80859375 0.332190625 0.7890625
9 0.46643749999999995 0.5888671875 0.45026875000000005 0.5888671875 0.43753125 0.5947265625 0.46643749999999995 0.5888671875