31 0.47265625 0.278784375 0.5029296875 0.2782953125 0.52734375 0.2665359375 0.53125 0.2542875 0.5205078125 0.24252812499999998 0.4970703125 0.22733906250000002 0.470703125 0.23076875000000002 0.443359375 0.24252812499999998 0.4052734375 0.24889687500000002 0.3603515625 0.256246875 0.3349609375 0.2714359375 0.376953125 0.2797640625 0.4111328125 0.277315625 0.4453125 0.276825 0.47265625 0.278784375
2 0.486328125 0.32288125 0.529296875 0.3282703125 0.55859375 0.3243515625 0.5732421875 0.3076921875 0.5673828125 0.29495312500000004 0.5546875 0.278784375 0.5224609375 0.26849531249999997 0.466796875 0.272415625 0.4990234375 0.27339531250000004 0.46484375 0.28123437500000004 0.42578125 0.28123437500000004 0.396484375 0.28123437500000004 0.3603515625 0.28123437500000004 0.3515625 0.3032828125 0.392578125 0.3076921875 0.423828125 0.3101421875 0.4580078125 0.31749218749999997 0.486328125 0.32288125
13 0.4111328125 0.3287609375 0.4267578125 0.33415 0.43359375 0.34296875 0.4111328125 0.3444390625 0.390625 0.3444390625 0.3740234375 0.34541875 0.3662109375 0.3444390625 0.353515625 0.3463984375 0.3515625 0.3537484375 0.37890625 0.3591375 0.4091796875 0.3601171875 0.4443359375 0.363546875 0.4716796875 0.36648749999999997 0.5029296875 0.37138593750000004 0.5234375 0.375796875 0.552734375 0.37530625 0.56640625 0.3669765625 0.5703125 0.35766718750000004 0.578125 0.338559375 0.5654296875 0.33022968750000004 0.5478515625 0.32288125 0.517578125 0.327290625 0.5 0.33022968750000004 0.4384765625 0.31651093750000003 0.4189453125 0.313571875 0.4013671875 0.3106328125 0.37890625 0.3145515625 0.3876953125 0.324840625 0.4111328125 0.3287609375
18 0.431640625 0.3944140625 0.462890625 0.39784375 0.4775390625 0.402253125 0.4921875 0.404703125 0.5244140625 0.4061734375 0.5498046875 0.4042140625 0.5673828125 0.39784375 0.5654296875 0.3762859375 0.55078125 0.373346875 0.5283203125 0.3699171875 0.5029296875 0.3718765625 0.4716796875 0.37432656249999996 0.44921875 0.375796875 0.421875 0.37530625 0.3994140625 0.37922656250000003 0.3759765625 0.384125 0.3759765625 0.391475 0.40234375 0.393434375 0.431640625 0.3944140625
19 0.330078125 0.42136250000000003 0.375 0.425771875 0.3935546875 0.4292015625 0.4091796875 0.43165156250000003 0.4228515625 0.4341015625 0.4423828125 0.437040625 0.462890625 0.437040625 0.4970703125 0.4448796875 0.5283203125 0.44439062500000004 0.546875 0.44439062500000004 0.5595703125 0.432140625 0.556640625 0.41695312500000004 0.5458984375 0.4042140625 0.529296875 0.403234375 0.5048828125 0.40764374999999997 0.4716796875 0.40764374999999997 0.447265625 0.40715312499999995 0.39453125 0.403234375 0.3671875 0.400784375 0.33984375 0.39882343750000004 0.3271484375 0.40372343749999995 0.3125 0.4125421875 0.330078125 0.42136250000000003
20 0.5205078125 0.47182812500000004 0.5380859375 0.47035781249999997 0.55078125 0.4674171875 0.556640625 0.4610484375 0.5546875 0.45369843750000005 0.5478515625 0.44292031249999997 0.5361328125 0.4399796875 0.5185546875 0.441940625 0.5 0.4453703125 0.48828125 0.4492890625 0.46484375 0.4605578125 0.4697265625 0.46545781249999996 0.482421875 0.4688875 0.5009765625 0.47035781249999997 0.5205078125 0.47182812500000004
21 0.5 0.4997546875 0.521484375 0.5002453124999999 0.541015625 0.501225 0.556640625 0.49730468749999995 0.5654296875 0.48603593749999996 0.5498046875 0.4683984375 0.5244140625 0.46643749999999995 0.5 0.46986718749999995 0.4873046875 0.4688875 0.47265625 0.47182812500000004 0.4580078125 0.4747671875 0.453125 0.48162656249999997 0.4521484375 0.4889765625 0.45703125 0.496325 0.4873046875 0.49926562499999994 0.5 0.4997546875
22 0.5 0.530621875 0.51171875 0.530621875 0.52734375 0.530621875 0.5419921875 0.5301328125 0.5576171875 0.5286625 0.57421875 0.5262125 0.5712890625 0.5198437499999999 0.5703125 0.5115140625000001 0.5712890625 0.503184375 0.5615234375 0.498284375 0.5400390625 0.496325 0.521484375 0.49730468749999995 0.5029296875 0.49926562499999994 0.466796875 0.503675 0.4609375 0.51494375 0.466796875 0.5232734375 0.4697265625 0.5311125 0.490234375 0.530621875 0.5 0.530621875
30 0.53125 0.5546296875000001 0.544921875 0.555609375 0.5654296875 0.5551203124999999 0.576171875 0.5482609375 0.578125 0.54238125 0.576171875 0.5360125 0.5634765625 0.5257234375000001 0.537109375 0.5252328125 0.5107421875 0.528171875 0.4892578125 0.5345421875 0.4853515625 0.54483125 0.49609375 0.549240625 0.5078125 0.5546296875000001 0.5185546875 0.5546296875000001 0.53125 0.5546296875000001
29 0.43359375 0.60215625 0.45703125 0.6001953125 0.478515625 0.596765625 0.4931640625 0.59480625 0.5146484375 0.5938265625 0.5302734375 0.59235625 0.5478515625 0.592846875 0.5595703125 0.59235625 0.5791015625 0.5889265625 0.587890625 0.5850078125 0.5927734375 0.576678125 0.5927734375 0.5688390625 0.583984375 0.55855 0.560546875 0.5507109375 0.546875 0.5482609375 0.533203125 0.5531609375000001 0.509765625 0.5624687500000001 0.353515625 0.5884375000000001 0.3466796875 0.6011765625 0.3642578125 0.6060749999999999 0.3857421875 0.6050953125 0.4072265625 0.6050953125 0.43359375 0.60215625
23 0.529296875 0.6256734374999999 0.5517578125 0.625184375 0.56640625 0.62714375 0.5771484375 0.625184375 0.595703125 0.61979375 0.599609375 0.6124453125 0.6005859375 0.6070546875 0.5947265625 0.5982359374999999 0.5849609375 0.583046875 0.5458984375 0.5805984375000001 0.52734375 0.581578125 0.515625 0.5864765625 0.5078125 0.592846875 0.4912109375 0.601665625 0.47265625 0.6055859375 0.4482421875 0.6070546875 0.42578125 0.610484375 0.4091796875 0.6144046875 0.396484375 0.618325 0.3837890625 0.6276328125 0.3935546875 0.634003125 0.4365234375 0.6305734375000001 0.4599609375 0.6276328125 0.484375 0.6276328125 0.5029296875 0.624203125 0.529296875 0.6256734374999999
24 0.4541015625 0.6619296875 0.466796875 0.661440625 0.4775390625 0.6580109375000001 0.5009765625 0.65703125 0.517578125 0.6580109375000001 0.5380859375 0.6550703125 0.5888671875 0.652621875 0.6103515625 0.64723125 0.5927734375 0.6281234375 0.5732421875 0.61979375 0.54296875 0.6193046875 0.5185546875 0.6281234375 0.478515625 0.6300828125 0.4638671875 0.6359625 0.4501953125 0.637921875 0.4345703125 0.6408625 0.4072265625 0.6457625 0.3603515625 0.658990625 0.375 0.6629109375 0.3984375 0.665359375 0.41796875 0.6643796875 0.435546875 0.6624203125 0.4541015625 0.6619296875
25 0.455078125 0.7011265625 0.4970703125 0.6986765625 0.5322265625 0.7079859374999999 0.5625 0.71190625 0.5966796875 0.7035765625 0.5927734375 0.6878984375 0.607421875 0.6717296875 0.5947265625 0.65703125 0.552734375 0.6536015625 0.5244140625 0.6609499999999999 0.484375 0.6624203125 0.4267578125 0.67075 0.376953125 0.6864281250000001 0.3720703125 0.6967171875 0.3916015625 0.7016171875 0.4130859375 0.7016171875 0.455078125 0.7011265625
26 0.5244140625 0.7491421875000001 0.552734375 0.7427734375 0.5517578125 0.7285640625 0.5517578125 0.7128859375000001 0.525390625 0.7030875 0.4970703125 0.7050468750000001 0.470703125 0.711415625 0.4326171875 0.718765625 0.3876953125 0.72954375 0.3984375 0.7427734375 0.4248046875 0.7486531249999999 0.453125 0.746203125 0.498046875 0.7466921875 0.5244140625 0.7491421875000001
28 0.583984375 0.7951984375000001 0.607421875 0.8054874999999999 0.625 0.7888296875 0.625 0.7672703125 0.6572265625 0.7927484375 0.671875 0.7765796875000001 0.6591796875 0.7564921874999999 0.6630859375 0.73689375 0.6640625 0.7153359375 0.61328125 0.702596875 0.583984375 0.7123953125 0.55859375 0.7241546875 0.5458984375 0.7383640625 0.5654296875 0.7501218749999999 0.578125 0.763840625 0.58203125 0.7790296875 0.583984375 0.7951984375000001
15 0.5654296875 0.29054375 0.5888671875 0.3013234375 0.626953125 0.2969125 0.6357421875 0.28319375 0.6396484375 0.262615625 0.646484375 0.24693749999999998 0.654296875 0.2327296875 0.65234375 0.21459999999999999 0.6357421875 0.2190109375 0.626953125 0.2322390625 0.6142578125 0.2542875 0.603515625 0.23909843749999998 0.599609375 0.21999062500000002 0.5732421875 0.2072515625 0.5673828125 0.22440000000000002 0.5673828125 0.24448750000000002 0.5322265625 0.2567375 0.5263671875 0.26800625 0.5478515625 0.276825 0.5654296875 0.29054375