31 0.2111703125 0.3603515625 0.2209703125 0.3984375 0.22831875 0.447265625 0.256246875 0.4501953125 0.256246875 0.4072265625 0.249878125 0.3837890625 0.24154843750000002 0.345703125 0.22831875 0.330078125 0.2111703125 0.3603515625
2 0.302303125 0.490234375 0.302303125 0.4541015625 0.29936250000000003 0.4130859375 0.29936250000000003 0.3818359375 0.2915234375 0.345703125 0.28319375 0.3193359375 0.2640859375 0.330078125 0.2640859375 0.3603515625 0.2640859375 0.4111328125 0.26065625 0.439453125 0.2552671875 0.4736328125 0.2640859375 0.4990234375 0.276825 0.490234375 0.2959328125 0.5078125 0.302303125 0.490234375
13 0.3561984375 0.4990234375 0.3517890625 0.470703125 0.347378125 0.4501953125 0.3463984375 0.4091796875 0.341009375 0.375 0.3282703125 0.3515625 0.31749218749999997 0.3642578125 0.3121015625 0.400390625 0.30867187500000004 0.4345703125 0.3032828125 0.466796875 0.3013234375 0.5048828125 0.3121015625 0.5205078125 0.3282703125 0.515625 0.34296875 0.515625 0.3561984375 0.4990234375
18 0.37432656249999996 0.392578125 0.36550781250000003 0.3564453125 0.3493390625 0.3798828125 0.3493390625 0.4453125 0.3561984375 0.4990234375 0.35276874999999996 0.5244140625 0.370896875 0.53125 0.381675 0.513671875 0.38265625000000003 0.4775390625 0.3762859375 0.4287109375 0.37432656249999996 0.392578125
19 0.42038281250000004 0.5048828125 0.4179328125 0.4501953125 0.4125421875 0.421875 0.409603125 0.392578125 0.40715312499999995 0.3623046875 0.3998046875 0.3369140625 0.389025 0.322265625 0.379715625 0.35546875 0.377265625 0.3984375 0.3806953125 0.443359375 0.38265625000000003 0.4755859375 0.38265625000000003 0.509765625 0.3900046875 0.53125 0.409603125 0.5498046875 0.42038281250000004 0.5244140625 0.42038281250000004 0.5048828125
20 0.45320937499999997 0.5205078125 0.4546796875 0.4814453125 0.45222968750000003 0.4560546875 0.44683906249999994 0.4091796875 0.439490625 0.375 0.4341015625 0.34765625 0.42038281250000004 0.34765625 0.42038281250000004 0.376953125 0.42038281250000004 0.41796875 0.41891249999999997 0.4453125 0.41891249999999997 0.4736328125 0.42038281250000004 0.5029296875 0.42038281250000004 0.5478515625 0.45222968750000003 0.5458984375 0.45320937499999997 0.5205078125
21 0.484565625 0.5478515625 0.498284375 0.5419921875 0.498284375 0.509765625 0.48995625 0.470703125 0.48113593750000005 0.4453125 0.4835859375 0.4072265625 0.4835859375 0.3798828125 0.4492890625 0.3818359375 0.45026875000000005 0.4267578125 0.45320937499999997 0.4541015625 0.4566390625 0.4794921875 0.4566390625 0.5009765625 0.4546796875 0.53515625 0.4566390625 0.55859375 0.4737875 0.560546875 0.484565625 0.5478515625
22 0.5389515625 0.4716796875 0.5369921875 0.4267578125 0.5369921875 0.3818359375 0.528171875 0.3623046875 0.5090640625 0.37109375 0.5090640625 0.4326171875 0.506125 0.4755859375 0.5007343750000001 0.509765625 0.49926562499999994 0.5458984375 0.521803125 0.5673828125 0.5369921875 0.5654296875 0.542871875 0.5234375 0.5389515625 0.4716796875
30 0.570309375 0.439453125 0.5658984375 0.400390625 0.5595296875 0.3623046875 0.544340625 0.4091796875 0.544340625 0.44140625 0.54238125 0.4921875 0.5433609374999999 0.51171875 0.54238125 0.537109375 0.570309375 0.5390625 0.57226875 0.50390625 0.570309375 0.439453125
29 0.6011765625 0.5439453125 0.6075453125 0.509765625 0.6075453125 0.470703125 0.6099953124999999 0.443359375 0.6119546875 0.4130859375 0.612934375 0.3857421875 0.6075453125 0.3642578125 0.60460625 0.328125 0.5903968749999999 0.328125 0.5859875 0.3642578125 0.5850078125 0.4033203125 0.583046875 0.4375 0.5796171875 0.46875 0.5756984375 0.4921875 0.5786374999999999 0.5224609375 0.5894171874999999 0.529296875 0.6011765625 0.5439453125
23 0.638903125 0.4501953125 0.6374328125 0.375 0.6227343750000001 0.3662109375 0.6139140624999999 0.4111328125 0.612934375 0.4560546875 0.610975 0.509765625 0.610975 0.537109375 0.6374328125 0.5458984375 0.6482109375 0.53125 0.6418421875 0.486328125 0.638903125 0.4501953125
25 0.727584375 0.369140625 0.7148453124999999 0.3662109375 0.697696875 0.375 0.6942671875 0.4267578125 0.6932875000000001 0.4609375 0.6932875000000001 0.5009765625 0.7030875 0.5185546875 0.7202359375 0.4990234375 0.72954375 0.46875 0.72954375 0.4306640625 0.727584375 0.369140625
28 0.7726609375 0.615234375 0.78686875 0.630859375 0.79666875 0.6435546875 0.8025484374999999 0.6220703125 0.7927484375 0.5908203125 0.7907890625 0.560546875 0.78931875 0.525390625 0.784909375 0.501953125 0.7741296875 0.4853515625 0.755021875 0.4970703125 0.734934375 0.50390625 0.7324843750000001 0.54296875 0.7422828124999999 0.5654296875 0.7457125 0.5908203125 0.7501218749999999 0.615234375 0.7584515625 0.638671875 0.76923125 0.662109375 0.7726609375 0.638671875 0.7726609375 0.615234375
0 0.7540421875 0.650390625 0.7491421875000001 0.6240234375 0.7457125 0.5986328125 0.734934375 0.576171875 0.7315046875 0.5419921875 0.728075 0.5029296875 0.709946875 0.513671875 0.688878125 0.533203125 0.6874078124999999 0.5615234375 0.6957375 0.583984375 0.7016171875 0.615234375 0.708965625 0.638671875 0.718275 0.662109375 0.728075 0.68359375 0.7491421875000001 0.67578125 0.7540421875 0.650390625
1 0.6722187500000001 0.6357421875 0.6864281250000001 0.6689453125 0.6996578125 0.68359375 0.6957375 0.638671875 0.688878125 0.5908203125 0.6829984375 0.5419921875 0.6648703125 0.55078125 0.6438015625 0.560546875 0.6462515625 0.5908203125 0.6521312499999999 0.638671875 0.65948125 0.677734375 0.6712390625 0.708984375 0.683978125 0.7119140625 0.6732 0.6669921875 0.6722187500000001 0.6357421875
3 0.6604609375 0.7138671875 0.6580109375000001 0.685546875 0.6487015625 0.6474609375 0.6438015625 0.619140625 0.636453125 0.5869140625 0.62959375 0.5537109375 0.6163640625 0.55859375 0.6011765625 0.5625 0.60215625 0.5908203125 0.6095046875000001 0.6240234375 0.6188140625 0.650390625 0.6261640625 0.685546875 0.6354734375 0.708984375 0.64723125 0.7353515625 0.6604609375 0.7138671875
4 0.60215625 0.6640625 0.60215625 0.6220703125 0.60215625 0.5654296875 0.5869671875 0.5703125 0.5752078125 0.572265625 0.5761875 0.60546875 0.5776578125 0.6640625 0.5752078125 0.71875 0.5835375 0.744140625 0.6011765625 0.740234375 0.6060749999999999 0.70703125 0.60215625 0.6640625
5 0.5752078125 0.6455078125 0.5752078125 0.58203125 0.5526703125 0.57421875 0.5526703125 0.638671875 0.5526703125 0.673828125 0.551690625 0.7119140625 0.55855 0.744140625 0.5668796875 0.7138671875 0.569328125 0.68359375 0.5752078125 0.6455078125
6 0.549240625 0.6240234375 0.5502203125 0.5771484375 0.5301328125 0.572265625 0.5301328125 0.6005859375 0.5301328125 0.6337890625 0.5301328125 0.685546875 0.5350312500000001 0.728515625 0.5477703125 0.7041015625 0.549240625 0.6640625 0.549240625 0.6240234375
7 0.5252328125 0.5703125 0.5007343750000001 0.58203125 0.5051453125 0.6455078125 0.5066140625 0.6904296875 0.5110234375 0.7158203125 0.5183734375 0.6875 0.5193531250000001 0.650390625 0.5232734375 0.6123046875 0.5252328125 0.5703125
8 0.498284375 0.6220703125 0.49926562499999994 0.572265625 0.46643749999999995 0.5771484375 0.4723171875 0.619140625 0.4791765625 0.6669921875 0.4791765625 0.7119140625 0.49240625 0.732421875 0.4948546875 0.697265625 0.498284375 0.6591796875 0.498284375 0.6220703125
9 0.46496875 0.708984375 0.46986718749999995 0.671875 0.47329687500000006 0.6357421875 0.458109375 0.572265625 0.44585937500000006 0.59375 0.43802031250000006 0.6572265625 0.43165156250000003 0.708984375 0.42381250000000004 0.75390625 0.430671875 0.7822265625 0.448309375 0.7705078125 0.45908906250000003 0.7353515625 0.46496875 0.708984375
10 0.41891249999999997 0.7119140625 0.429690625 0.67578125 0.4355703125 0.638671875 0.4448796875 0.595703125 0.43165156250000003 0.57421875 0.41156249999999994 0.5791015625 0.4081328125 0.619140625 0.4081328125 0.6572265625 0.39882343750000004 0.708984375 0.3904953125 0.763671875 0.403234375 0.7490234375 0.409603125 0.73046875 0.41891249999999997 0.7119140625
11 0.391475 0.662109375 0.39882343750000004 0.630859375 0.409603125 0.6005859375 0.41156249999999994 0.5625 0.39735468749999997 0.55078125 0.3811859375 0.5771484375 0.374815625 0.6025390625 0.36795625 0.6474609375 0.3645265625 0.685546875 0.362078125 0.732421875 0.3762859375 0.720703125 0.3855953125 0.6953125 0.391475 0.662109375
14 0.281725 0.650390625 0.263596875 0.7001953125 0.27535468750000003 0.685546875 0.291034375 0.67578125 0.30034375 0.650390625 0.30867187500000004 0.6240234375 0.324840625 0.5947265625 0.33415 0.552734375 0.30279218750000003 0.5166015625 0.281725 0.525390625 0.27192500000000003 0.5869140625 0.2577171875 0.615234375 0.24693749999999998 0.6591796875 0.2518375 0.68359375 0.26506562499999997 0.662109375 0.2778046875 0.626953125 0.281725 0.650390625
15 0.2327296875 0.630859375 0.222440625 0.662109375 0.23664843750000003 0.662109375 0.2493875 0.6357421875 0.2577171875 0.5986328125 0.26506562499999997 0.57421875 0.27192500000000003 0.5537109375 0.2827046875 0.5224609375 0.27192500000000003 0.50390625 0.2533078125 0.50390625 0.240078125 0.4892578125 0.2293 0.4990234375 0.222440625 0.537109375 0.2185203125 0.5625 0.20823125 0.5908203125 0.1974515625 0.638671875 0.21068125000000001 0.6357421875 0.2209703125 0.6171875 0.23664843750000003 0.6025390625 0.2327296875 0.630859375