31 0.23909843749999998 0.2587890625 0.2190109375 0.2841796875 0.23321874999999997 0.330078125 0.24448750000000002 0.361328125 0.2645765625 0.3583984375 0.27045625 0.3271484375 0.274865625 0.2841796875 0.26065625 0.255859375 0.23909843749999998 0.2587890625
2 0.28907343750000003 0.37890625 0.281725 0.3388671875 0.2660453125 0.3466796875 0.25477656249999997 0.3837890625 0.24448750000000002 0.416015625 0.2302796875 0.4326171875 0.2317484375 0.4609375 0.24056875 0.490234375 0.2533078125 0.5068359375 0.27192500000000003 0.490234375 0.276334375 0.453125 0.279275 0.4189453125 0.28907343750000003 0.37890625
13 0.3263109375 0.5126953125 0.3189609375 0.4638671875 0.3189609375 0.4267578125 0.3219015625 0.3837890625 0.3121015625 0.349609375 0.29789374999999996 0.341796875 0.2920140625 0.3818359375 0.29054375 0.423828125 0.28319375 0.4560546875 0.274865625 0.4814453125 0.26751562500000003 0.5126953125 0.28319375 0.541015625 0.304753125 0.546875 0.324840625 0.5439453125 0.3263109375 0.5126953125
17 0.362078125 0.435546875 0.3561984375 0.3896484375 0.3419890625 0.4296875 0.333659375 0.47265625 0.3233703125 0.521484375 0.3233703125 0.5498046875 0.34051875 0.5673828125 0.35521875 0.546875 0.3561984375 0.498046875 0.362078125 0.435546875
18 0.38804531249999996 0.4609375 0.37922656250000003 0.404296875 0.3694265625 0.373046875 0.3650171875 0.4130859375 0.3650171875 0.4501953125 0.3650171875 0.490234375 0.362078125 0.53515625 0.374815625 0.578125 0.3924546875 0.552734375 0.3993140625 0.509765625 0.38804531249999996 0.4609375
19 0.44683906249999994 0.3095703125 0.42234218749999997 0.3125 0.400784375 0.3271484375 0.4164625 0.3466796875 0.44242968749999995 0.3671875 0.46545781249999996 0.4013671875 0.4879953125 0.4013671875 0.5041640625 0.37890625 0.5110234375 0.3466796875 0.47819687499999997 0.3154296875 0.44683906249999994 0.3095703125
20 0.44242968749999995 0.5185546875 0.44242968749999995 0.4814453125 0.44242968749999995 0.4560546875 0.43802031250000006 0.41015625 0.42528125 0.423828125 0.42234218749999997 0.47265625 0.4179328125 0.5185546875 0.41499218750000005 0.55859375 0.4179328125 0.583984375 0.4336109375 0.5869140625 0.448309375 0.5810546875 0.448309375 0.546875 0.44242968749999995 0.5185546875
21 0.48946562499999996 0.4560546875 0.47525781250000004 0.4189453125 0.4610484375 0.4326171875 0.45369843750000005 0.4931640625 0.44683906249999994 0.546875 0.44683906249999994 0.595703125 0.46545781249999996 0.5986328125 0.485546875 0.5986328125 0.4879953125 0.55859375 0.48946562499999996 0.509765625 0.48946562499999996 0.4560546875
22 0.5267031249999999 0.4755859375 0.5267031249999999 0.4130859375 0.51249375 0.392578125 0.5041640625 0.4443359375 0.4997546875 0.490234375 0.49387499999999995 0.5185546875 0.48946562499999996 0.5615234375 0.48946562499999996 0.5986328125 0.524253125 0.6015625 0.5325828125000001 0.5703125 0.5267031249999999 0.52734375 0.5267031249999999 0.4755859375
30 0.5570796875 0.4326171875 0.5482609375 0.38671875 0.5325828125000001 0.416015625 0.5355218749999999 0.4814453125 0.5325828125000001 0.533203125 0.5325828125000001 0.5751953125 0.5325828125000001 0.6044921875 0.5624687500000001 0.583984375 0.5624687500000001 0.5380859375 0.55855 0.4814453125 0.5570796875 0.4326171875
29 0.6001953125 0.4697265625 0.5957859375 0.421875 0.5884375000000001 0.3759765625 0.5756984375 0.3759765625 0.5712890625 0.453125 0.56981875 0.5126953125 0.5624687500000001 0.5556640625 0.57716875 0.5869140625 0.5913765625 0.5869140625 0.6026453125 0.5556640625 0.6026453125 0.515625 0.6001953125 0.4697265625
23 0.6227343750000001 0.404296875 0.6070546875 0.38671875 0.611465625 0.4443359375 0.6070546875 0.490234375 0.6011765625 0.546875 0.6227343750000001 0.5673828125 0.6413515624999999 0.5380859375 0.6344921875 0.4931640625 0.62714375 0.4501953125 0.6227343750000001 0.404296875
24 0.6300828125 0.3896484375 0.6344921875 0.4609375 0.6413515624999999 0.533203125 0.6629109375 0.5498046875 0.67711875 0.5185546875 0.6673203125 0.47265625 0.65703125 0.4267578125 0.6442921875 0.3955078125 0.6300828125 0.3896484375
25 0.718765625 0.4326171875 0.707496875 0.3818359375 0.7016171875 0.3466796875 0.6874078124999999 0.3330078125 0.67466875 0.349609375 0.6829984375 0.416015625 0.680059375 0.4609375 0.6717296875 0.4931640625 0.67711875 0.52734375 0.7016171875 0.5185546875 0.7217046875 0.5068359375 0.730525 0.4755859375 0.718765625 0.4326171875
26 0.7491421875000001 0.35546875 0.73444375 0.330078125 0.718765625 0.3271484375 0.718765625 0.3984375 0.7261140625 0.44140625 0.7329734375 0.4814453125 0.7506125 0.490234375 0.764821875 0.4609375 0.77315 0.423828125 0.7604109375 0.3896484375 0.7491421875000001 0.35546875
27 0.723175 0.267578125 0.7359140625 0.3154296875 0.757471875 0.330078125 0.76923125 0.3017578125 0.7819703125 0.26171875 0.7702109375 0.23046875 0.7515921875 0.2158203125 0.73444375 0.224609375 0.723175 0.267578125
28 0.7947078125 0.509765625 0.7775593749999999 0.546875 0.7746203125 0.5810546875 0.79176875 0.609375 0.8089171875 0.615234375 0.8250859374999999 0.583984375 0.8275359375000001 0.5439453125 0.8133265625 0.5068359375 0.7947078125 0.509765625
0 0.7760906249999999 0.638671875 0.79176875 0.6669921875 0.79176875 0.6357421875 0.7819703125 0.6044921875 0.77168125 0.55859375 0.7702109375 0.509765625 0.7515921875 0.49609375 0.730525 0.515625 0.7128859375000001 0.546875 0.7202359375 0.5810546875 0.737384375 0.6123046875 0.7545328125 0.6552734375 0.76923125 0.6640625 0.757471875 0.6240234375 0.757471875 0.595703125 0.7760906249999999 0.638671875
1 0.7060265625000001 0.6552734375 0.727584375 0.7041015625 0.7447328125 0.7099609375 0.7261140625 0.6611328125 0.718765625 0.6181640625 0.718765625 0.578125 0.71435625 0.546875 0.7016171875 0.546875 0.681528125 0.564453125 0.66585 0.55859375 0.6487015625 0.5751953125 0.6687890624999999 0.6416015625 0.681528125 0.689453125 0.688878125 0.7265625 0.707496875 0.75 0.70455625 0.7158203125 0.6957375 0.6787109375 0.7060265625000001 0.6552734375
3 0.6629109375 0.6181640625 0.651640625 0.583984375 0.6344921875 0.578125 0.6212640625 0.6044921875 0.62714375 0.626953125 0.6359625 0.658203125 0.6442921875 0.71875 0.6629109375 0.755859375 0.6629109375 0.70703125 0.6629109375 0.669921875 0.6629109375 0.6181640625
4 0.62714375 0.689453125 0.6227343750000001 0.64453125 0.6212640625 0.6015625 0.5987265625 0.6015625 0.584028125 0.6240234375 0.592846875 0.65234375 0.6026453125 0.689453125 0.6144046875 0.7294921875 0.624203125 0.76953125 0.6384125 0.755859375 0.6330234375 0.71875 0.62714375 0.689453125
5 0.5913765625 0.70703125 0.5884375000000001 0.669921875 0.5884375000000001 0.626953125 0.5639390625 0.6123046875 0.5482609375 0.62109375 0.5541406249999999 0.669921875 0.5624687500000001 0.71875 0.57716875 0.755859375 0.592846875 0.7978515625 0.592846875 0.7666015625 0.592846875 0.7353515625 0.5913765625 0.70703125
6 0.5467906250000001 0.609375 0.5213125 0.6240234375 0.5213125 0.658203125 0.5213125 0.689453125 0.5252328125 0.7294921875 0.5369921875 0.7783203125 0.5467906250000001 0.744140625 0.5482609375 0.7041015625 0.54973125 0.6552734375 0.5467906250000001 0.609375
7 0.48946562499999996 0.626953125 0.496815625 0.6728515625 0.501225 0.7216796875 0.5139640625 0.78125 0.5183734375 0.7353515625 0.5183734375 0.681640625 0.5183734375 0.62109375 0.48946562499999996 0.626953125
8 0.49093593750000003 0.62109375 0.4639875 0.6298828125 0.4683984375 0.6923828125 0.47525781250000004 0.744140625 0.48946562499999996 0.7724609375 0.48946562499999996 0.73828125 0.48946562499999996 0.6982421875 0.49240625 0.6669921875 0.49093593750000003 0.62109375
9 0.432140625 0.6328125 0.43802031250000006 0.701171875 0.4439 0.744140625 0.45222968750000003 0.7666015625 0.46251875 0.7353515625 0.4610484375 0.6953125 0.46545781249999996 0.6328125 0.432140625 0.6328125
10 0.429690625 0.6728515625 0.43802031250000006 0.6298828125 0.420871875 0.609375 0.40372343749999995 0.626953125 0.39784375 0.67578125 0.393434375 0.73828125 0.393434375 0.7783203125 0.3993140625 0.818359375 0.41499218750000005 0.7724609375 0.42381250000000004 0.7294921875 0.429690625 0.6728515625
11 0.40519375 0.626953125 0.38363593749999997 0.5986328125 0.362078125 0.6123046875 0.362078125 0.6865234375 0.362078125 0.7470703125 0.36648749999999997 0.7900390625 0.382165625 0.75 0.38804531249999996 0.71875 0.390984375 0.6669921875 0.40519375 0.626953125
12 0.363546875 0.6123046875 0.352278125 0.5986328125 0.332190625 0.6015625 0.3307203125 0.6494140625 0.3219015625 0.7158203125 0.3189609375 0.775390625 0.34051875 0.7529296875 0.3493390625 0.689453125 0.35766718750000004 0.658203125 0.363546875 0.6123046875
14 0.286134375 0.67578125 0.28907343750000003 0.755859375 0.2988734375 0.7265625 0.306221875 0.6953125 0.3121015625 0.6552734375 0.3263109375 0.6298828125 0.333659375 0.595703125 0.3233703125 0.578125 0.3018125 0.5615234375 0.2778046875 0.5498046875 0.276334375 0.615234375 0.2616359375 0.65234375 0.2518375 0.689453125 0.25036718750000003 0.73828125 0.2616359375 0.712890625 0.27045625 0.689453125 0.286134375 0.67578125
15 0.22587031249999998 0.6953125 0.2420375 0.6669921875 0.2518375 0.6328125 0.26310625 0.6044921875 0.276334375 0.583984375 0.27339531250000004 0.5439453125 0.2533078125 0.5244140625 0.2346890625 0.5009765625 0.22195 0.52734375 0.2234203125 0.5556640625 0.2190109375 0.5869140625 0.2072515625 0.6298828125 0.208721875 0.6640625 0.23321874999999997 0.6123046875 0.2302796875 0.646484375 0.22587031249999998 0.6953125
16 0.2003921875 0.5380859375 0.1871625 0.515625 0.174425 0.52734375 0.160215625 0.5673828125 0.1616859375 0.6015625 0.171484375 0.6328125 0.19010312499999998 0.6298828125 0.20578124999999997 0.6181640625 0.217540625 0.5927734375 0.21166093749999998 0.55859375 0.2003921875 0.5380859375