31 0.21544218750000002 0.4990234375 0.20464375 0.5283203125 0.20680312500000003 0.5673828125 0.2224625 0.599609375 0.26511874999999996 0.5888671875 0.26511874999999996 0.5439453125 0.2510796875 0.4990234375 0.2386609375 0.47265625 0.21544218750000002 0.4990234375
2 0.28995625 0.4326171875 0.28509687499999997 0.3984375 0.2634984375 0.3955078125 0.2435203125 0.4111328125 0.23758125 0.447265625 0.24622031249999998 0.470703125 0.2564796875 0.5029296875 0.2581 0.533203125 0.2694390625 0.5673828125 0.2910359375 0.5712890625 0.30183593750000004 0.5498046875 0.2969765625 0.5068359375 0.2910359375 0.46875 0.28995625 0.4326171875
13 0.3272140625 0.46875 0.32235468749999996 0.45703125 0.315875 0.4453125 0.308315625 0.4443359375 0.3023765625 0.44921875 0.29535625 0.453125 0.29481718749999997 0.466796875 0.295896875 0.4873046875 0.300215625 0.517578125 0.3120953125 0.55859375 0.33099375000000003 0.560546875 0.342871875 0.5478515625 0.3396328125 0.51171875 0.3326140625 0.4794921875 0.3272140625 0.46875
17 0.3704109375 0.4130859375 0.357990625 0.4091796875 0.3493515625 0.4140625 0.3396328125 0.4140625 0.33369375 0.4150390625 0.330453125 0.4482421875 0.34071250000000003 0.494140625 0.3417921875 0.5546875 0.36555 0.55859375 0.36663125 0.515625 0.37149062499999996 0.4814453125 0.3779703125 0.4375 0.3704109375 0.4130859375
18 0.40010781250000005 0.6015625 0.40496718749999994 0.603515625 0.407128125 0.5693359375 0.4092875 0.541015625 0.41414687499999997 0.5048828125 0.4152265625 0.4599609375 0.3974078125 0.427734375 0.37365 0.466796875 0.37635 0.513671875 0.3774296875 0.552734375 0.375809375 0.5732421875 0.3774296875 0.6123046875 0.3828296875 0.6005859375 0.38930937499999996 0.57421875 0.40010781250000005 0.6015625
19 0.3984875 0.357421875 0.38120937499999996 0.357421875 0.37149062499999996 0.37890625 0.3752703125 0.4111328125 0.3774296875 0.4453125 0.38822968750000003 0.4384765625 0.40010781250000005 0.4296875 0.4011875 0.40625 0.40334843749999993 0.37890625 0.3984875 0.357421875
20 0.4460046875 0.4150390625 0.44708437500000003 0.376953125 0.44708437500000003 0.3486328125 0.4308859375 0.3486328125 0.4152265625 0.361328125 0.4130671875 0.3896484375 0.41630625 0.42578125 0.41630625 0.4541015625 0.422246875 0.490234375 0.42710625 0.533203125 0.438984375 0.517578125 0.444925 0.4833984375 0.4460046875 0.44921875 0.4460046875 0.4150390625
21 0.4946 0.37890625 0.4935203125 0.353515625 0.47462187499999997 0.3447265625 0.45194375000000003 0.3466796875 0.45194375000000003 0.3740234375 0.4530234375 0.4130859375 0.456803125 0.44921875 0.456803125 0.4853515625 0.4578828125 0.541015625 0.4816421875 0.5439453125 0.48488125000000004 0.5048828125 0.48974062500000004 0.4599609375 0.4908203125 0.423828125 0.4946 0.37890625
22 0.5480562499999999 0.3935546875 0.550215625 0.353515625 0.535096875 0.3466796875 0.5194390624999999 0.3466796875 0.5054000000000001 0.361328125 0.5064796874999999 0.3984375 0.5124187499999999 0.4296875 0.5134984375 0.474609375 0.517278125 0.5302734375 0.535096875 0.5439453125 0.5469765625 0.5244140625 0.5469765625 0.474609375 0.5469765625 0.4326171875 0.5480562499999999 0.3935546875
30 0.5907125 0.3896484375 0.5880124999999999 0.35546875 0.57289375 0.3486328125 0.558315625 0.3486328125 0.5539953125 0.3681640625 0.5539953125 0.3935546875 0.558315625 0.435546875 0.5615546874999999 0.462890625 0.565875 0.5205078125 0.577753125 0.5244140625 0.58099375 0.49609375 0.5858531250000001 0.4619140625 0.5880124999999999 0.4296875 0.5907125 0.3896484375
23 0.6117703125 0.607421875 0.6123109375 0.5927734375 0.6123109375 0.5732421875 0.61555 0.5625 0.6171703125 0.58203125 0.6220296875 0.6015625 0.62905 0.625 0.63445 0.6103515625 0.631209375 0.583984375 0.62905 0.56640625 0.6274296875 0.5244140625 0.63445 0.4853515625 0.6198703125 0.45703125 0.6047515625 0.44921875 0.5890921875 0.4833984375 0.5907125 0.513671875 0.5966515625000001 0.5439453125 0.5977328125 0.56640625 0.5993515625 0.57421875 0.6020515625 0.5986328125 0.606371875 0.6259765625 0.6117703125 0.62890625 0.6117703125 0.607421875
23 0.60853125 0.36328125 0.5966515625000001 0.380859375 0.5966515625000001 0.4130859375 0.6025921875 0.443359375 0.6247296875 0.451171875 0.6285093749999999 0.4169921875 0.6306703125 0.3896484375 0.6247296875 0.361328125 0.60853125 0.36328125
24 0.6684671875 0.447265625 0.6684671875 0.4169921875 0.6555078125 0.3935546875 0.6457890625 0.412109375 0.63175 0.421875 0.6285093749999999 0.451171875 0.63445 0.49609375 0.636609375 0.5390625 0.64146875 0.5673828125 0.6592875 0.5439453125 0.661446875 0.5068359375 0.6625265625 0.474609375 0.6684671875 0.447265625
25 0.7057234375 0.44140625 0.71274375 0.4072265625 0.71004375 0.3828125 0.6960046875 0.3828125 0.6830453125 0.3740234375 0.6673859375 0.3876953125 0.6673859375 0.4130859375 0.6673859375 0.451171875 0.66630625 0.4794921875 0.673865625 0.47265625 0.6808859375 0.4697265625 0.687365625 0.46484375 0.694384375 0.46484375 0.7008640625 0.4609375 0.70464375 0.4677734375 0.7057234375 0.44140625
26 0.7661984375 0.4287109375 0.7586390625 0.4091796875 0.7408203125 0.3955078125 0.7230015625 0.3984375 0.712203125 0.4111328125 0.712203125 0.4365234375 0.712203125 0.4814453125 0.7078828125000001 0.513671875 0.699784375 0.5595703125 0.7338015625 0.5693359375 0.7429812499999999 0.5390625 0.747840625 0.5068359375 0.7613390625 0.466796875 0.7661984375 0.4287109375
27 0.7634984375 0.47265625 0.7537796875 0.490234375 0.747840625 0.5302734375 0.7375812500000001 0.5712890625 0.7867171875000001 0.5771484375 0.7991359375 0.537109375 0.7915765625 0.5048828125 0.7775375 0.48828125 0.7634984375 0.47265625
0 0.8358531250000001 0.294921875 0.8380124999999999 0.2763671875 0.8142546875000001 0.291015625 0.8012953125 0.2841796875 0.80345625 0.2626953125 0.8061562500000001 0.2392578125 0.790496875 0.25 0.7786171875 0.26953125 0.7667390625 0.29296875 0.7634984375 0.3251953125 0.7834765625 0.33984375 0.7964359375 0.36328125 0.8093953125000001 0.36328125 0.821275 0.3466796875 0.826134375 0.31640625 0.8358531250000001 0.294921875
1 0.7586390625 0.2763671875 0.7683578125 0.2529296875 0.7715984375 0.2236328125 0.7667390625 0.19921875 0.754859375 0.2333984375 0.7408203125 0.26953125 0.7316421875 0.24609375 0.73488125 0.220703125 0.7419 0.201171875 0.73218125 0.1953125 0.714903125 0.2529296875 0.7111234375000001 0.296875 0.7030234375 0.3251953125 0.694925 0.3486328125 0.6933046875 0.3662109375 0.714903125 0.3720703125 0.7375812500000001 0.376953125 0.7537796875 0.3720703125 0.7537796875 0.333984375 0.7537796875 0.3056640625 0.7586390625 0.2763671875
3 0.7089640625 0.2607421875 0.714903125 0.248046875 0.7089640625 0.201171875 0.7138234375 0.1708984375 0.71274375 0.146484375 0.686284375 0.1455078125 0.679265625 0.2021484375 0.67440625 0.2265625 0.6700859375 0.244140625 0.6700859375 0.2548828125 0.672246875 0.2607421875 0.6749453125 0.265625 0.6776453124999999 0.2685546875 0.6825046875 0.2646484375 0.686284375 0.267578125 0.691684375 0.267578125 0.6976234375 0.267578125 0.7057234375 0.265625 0.7089640625 0.2607421875
4 0.6603671875 0.205078125 0.6641468749999999 0.1669921875 0.6641468749999999 0.1494140625 0.643628125 0.1455078125 0.63336875 0.18359375 0.6274296875 0.2138671875 0.6214906250000001 0.25 0.6128515625000001 0.291015625 0.62095 0.2939453125 0.6301296875 0.30078125 0.64686875 0.3056640625 0.6533484374999999 0.2998046875 0.6555078125 0.2841796875 0.6603671875 0.2373046875 0.6603671875 0.205078125
5 0.61663125 0.16015625 0.61663125 0.1328125 0.5966515625000001 0.140625 0.5880124999999999 0.1708984375 0.5847734375 0.205078125 0.58099375 0.251953125 0.577753125 0.2734375 0.577753125 0.291015625 0.5907125 0.310546875 0.6096109375000001 0.294921875 0.61393125 0.2568359375 0.61663125 0.2314453125 0.61663125 0.1923828125 0.61663125 0.16015625
6 0.57289375 0.1943359375 0.565875 0.1689453125 0.5523765625 0.20703125 0.5491359375 0.248046875 0.54535625 0.291015625 0.5442765625 0.318359375 0.5539953125 0.333984375 0.57289375 0.3271484375 0.5739734375000001 0.291015625 0.5739734375000001 0.2548828125 0.5739734375000001 0.228515625 0.57289375 0.1943359375
7 0.5232187500000001 0.2099609375 0.517278125 0.2734375 0.5113390625 0.3291015625 0.5410359375 0.3232421875 0.5421171874999999 0.2890625 0.5421171874999999 0.248046875 0.543196875 0.2138671875 0.535096875 0.185546875 0.5232187500000001 0.2099609375
8 0.4935203125 0.18359375 0.48758125 0.2119140625 0.48380156249999995 0.248046875 0.4816421875 0.2822265625 0.47948124999999997 0.318359375 0.510259375 0.3251953125 0.5086390625 0.2783203125 0.5086390625 0.25 0.5086390625 0.220703125 0.5086390625 0.1943359375 0.4935203125 0.18359375
9 0.4557234375 0.18359375 0.449784375 0.2099609375 0.449784375 0.2412109375 0.449784375 0.26953125 0.4460046875 0.3017578125 0.4508640625 0.3232421875 0.4697625 0.3232421875 0.47948124999999997 0.3125 0.47678125 0.26953125 0.47192187499999994 0.228515625 0.4697625 0.1923828125 0.4557234375 0.18359375
10 0.438984375 0.201171875 0.434125 0.1689453125 0.42332656249999995 0.181640625 0.42332656249999995 0.2392578125 0.4152265625 0.205078125 0.407128125 0.17578125 0.3974078125 0.162109375 0.40010781250000005 0.203125 0.407128125 0.24609375 0.4082078125 0.291015625 0.40604687500000003 0.318359375 0.41900624999999997 0.333984375 0.434125 0.3291015625 0.444925 0.3125 0.44276406250000006 0.2734375 0.438984375 0.244140625 0.438984375 0.201171875
11 0.38822968750000003 0.220703125 0.38120937499999996 0.181640625 0.3677109375 0.177734375 0.36555 0.201171875 0.36555 0.2373046875 0.36663125 0.267578125 0.36555 0.310546875 0.3704109375 0.3359375 0.3871484375 0.3486328125 0.39632812500000003 0.333984375 0.407128125 0.3125 0.40010781250000005 0.291015625 0.39146875 0.2548828125 0.38822968750000003 0.220703125
12 0.3644703125 0.35546875 0.3704109375 0.333984375 0.36177031249999997 0.3037109375 0.3574515625 0.271484375 0.3547515625 0.2275390625 0.3461125 0.2138671875 0.3466515625 0.2353515625 0.3417921875 0.265625 0.33099375000000003 0.2666015625 0.318575 0.265625 0.30075625 0.240234375 0.2969765625 0.2568359375 0.30615625 0.2822265625 0.3147953125 0.310546875 0.3169546875 0.353515625 0.3347734375 0.359375 0.3488125 0.3486328125 0.3644703125 0.35546875
14 0.3039953125 0.3017578125 0.29805625 0.267578125 0.29319687499999997 0.228515625 0.2829375 0.203125 0.2694390625 0.1962890625 0.27321875 0.2265625 0.278078125 0.248046875 0.278078125 0.2763671875 0.2661984375 0.2607421875 0.2591796875 0.2265625 0.2483796875 0.20703125 0.23650156249999998 0.1943359375 0.23434062500000002 0.22265625 0.2435203125 0.2548828125 0.25539999999999996 0.3017578125 0.2581 0.337890625 0.2581 0.3740234375 0.27699843749999997 0.384765625 0.29805625 0.3720703125 0.31965468750000003 0.3720703125 0.313715625 0.33203125 0.3039953125 0.3017578125
15 0.23434062500000002 0.2783203125 0.22354218750000002 0.2626953125 0.21274375 0.2333984375 0.1960046875 0.2333984375 0.181965625 0.24609375 0.17116562500000002 0.2607421875 0.173865625 0.2998046875 0.178725 0.333984375 0.191684375 0.361328125 0.20680312500000003 0.3681640625 0.21652343749999997 0.3466796875 0.23434062500000002 0.3447265625 0.24028125 0.318359375 0.23434062500000002 0.2783203125
25 0.7035640625 0.515625 0.7057234375 0.498046875 0.7062640625000001 0.4833984375 0.7008640625 0.4658203125 0.6879046875 0.46484375 0.67710625 0.4736328125 0.66630625 0.4814453125 0.6652265625 0.4921875 0.6646875 0.51171875 0.6641468749999999 0.541015625 0.661446875 0.5625 0.6814250000000001 0.572265625 0.692225 0.564453125 0.69384375 0.546875 0.697084375 0.53125 0.7035640625 0.515625
13 0.32937343750000003 0.453125 0.3299140625 0.435546875 0.33639375 0.404296875 0.3380125 0.3857421875 0.3245140625 0.3740234375 0.313175 0.376953125 0.3012953125 0.376953125 0.29211718750000004 0.3837890625 0.290496875 0.3974609375 0.29265625 0.4111328125 0.297515625 0.427734375 0.3012953125 0.4453125 0.3088546875 0.451171875 0.313715625 0.4580078125 0.323434375 0.4677734375 0.3299140625 0.46875 0.32937343750000003 0.453125
17 0.37095 0.40234375 0.37149062499999996 0.388671875 0.3698703125 0.3759765625 0.3671703125 0.373046875 0.36123125 0.369140625 0.3515125 0.369140625 0.3401734375 0.3740234375 0.3347734375 0.37890625 0.33369375 0.392578125 0.33747343750000003 0.4130859375 0.3461125 0.4189453125 0.3542109375 0.4189453125 0.3628515625 0.4189453125 0.3698703125 0.41015625 0.37095 0.40234375
4 0.63606875 0.3447265625 0.643628125 0.349609375 0.6474078125 0.3447265625 0.649028125 0.3310546875 0.649028125 0.3125 0.6457890625 0.3076171875 0.6268906249999999 0.30078125 0.6144703125000001 0.2958984375 0.6090718749999999 0.310546875 0.606371875 0.3349609375 0.61555 0.3427734375 0.6214906250000001 0.34375 0.625809375 0.341796875 0.6306703125 0.337890625 0.63606875 0.3447265625
3 0.6981640625 0.3291015625 0.6987046875 0.318359375 0.69654375 0.3115234375 0.6976234375 0.30078125 0.7003234375 0.2880859375 0.706803125 0.2705078125 0.71274375 0.25 0.7062640625000001 0.2568359375 0.69924375 0.2646484375 0.692225 0.2734375 0.6846656249999999 0.275390625 0.678725 0.2734375 0.6727859375 0.26953125 0.6684671875 0.259765625 0.6684671875 0.25 0.6727859375 0.23046875 0.678725 0.20703125 0.6760265624999999 0.203125 0.6673859375 0.21875 0.6603671875 0.2548828125 0.6603671875 0.2724609375 0.6576671875 0.2900390625 0.6533484374999999 0.3017578125 0.64686875 0.3154296875 0.64416875 0.33203125 0.6474078125 0.3505859375 0.6549671874999999 0.3525390625 0.6673859375 0.345703125 0.6754859375 0.35546875 0.681965625 0.3603515625 0.6884453125000001 0.353515625 0.697084375 0.3427734375 0.6981640625 0.3291015625
12 0.32559375 0.1865234375 0.32019375 0.1826171875 0.3147953125 0.1748046875 0.31155468750000004 0.1630859375 0.307775 0.150390625 0.3023765625 0.150390625 0.30075625 0.1689453125 0.30615625 0.1806640625 0.30615625 0.2001953125 0.305075 0.212890625 0.30453593749999996 0.2275390625 0.3039953125 0.248046875 0.313175 0.25390625 0.3174953125 0.25390625 0.326134375 0.26171875 0.3315328125 0.2607421875 0.33909218750000003 0.255859375 0.3461125 0.2529296875 0.3493515625 0.2509765625 0.35043125 0.2392578125 0.345571875 0.2216796875 0.33747343750000003 0.1884765625 0.33369375 0.1484375 0.32937343750000003 0.1455078125 0.32937343750000003 0.1533203125 0.32829375 0.162109375 0.326134375 0.17578125 0.32559375 0.1865234375