31 0.2224625 0.400390625 0.20680312500000003 0.4326171875 0.20464375 0.4716796875 0.21544218750000002 0.5009765625 0.2386609375 0.52734375 0.2510796875 0.5009765625 0.26511874999999996 0.4560546875 0.26511874999999996 0.4111328125 0.2224625 0.400390625
2 0.28995625 0.5673828125 0.2910359375 0.53125 0.2969765625 0.4931640625 0.30183593750000004 0.4501953125 0.2910359375 0.4287109375 0.2694390625 0.4326171875 0.2581 0.466796875 0.2564796875 0.4970703125 0.24622031249999998 0.529296875 0.23758125 0.552734375 0.2435203125 0.5888671875 0.2634984375 0.6044921875 0.28509687499999997 0.6015625 0.28995625 0.5673828125
13 0.32235468749999996 0.54296875 0.3272140625 0.53125 0.3326140625 0.5205078125 0.3396328125 0.48828125 0.342871875 0.4521484375 0.33099375000000003 0.439453125 0.3120953125 0.44140625 0.300215625 0.482421875 0.295896875 0.5126953125 0.29481718749999997 0.533203125 0.29535625 0.546875 0.3023765625 0.55078125 0.308315625 0.5556640625 0.315875 0.5546875 0.32235468749999996 0.54296875
17 0.3779703125 0.5625 0.37149062499999996 0.5185546875 0.36663125 0.484375 0.36555 0.44140625 0.3417921875 0.4453125 0.34071250000000003 0.505859375 0.330453125 0.5517578125 0.33369375 0.5849609375 0.3396328125 0.5859375 0.3493515625 0.5859375 0.357990625 0.5908203125 0.3704109375 0.5869140625 0.3779703125 0.5625
18 0.40496718749999994 0.396484375 0.40010781250000005 0.3984375 0.38930937499999996 0.42578125 0.3828296875 0.3994140625 0.3774296875 0.3876953125 0.375809375 0.4267578125 0.3774296875 0.447265625 0.37635 0.486328125 0.37365 0.533203125 0.3974078125 0.572265625 0.4152265625 0.5400390625 0.41414687499999997 0.4951171875 0.4092875 0.458984375 0.407128125 0.4306640625 0.40496718749999994 0.396484375
19 0.38822968750000003 0.5615234375 0.3774296875 0.5546875 0.3752703125 0.5888671875 0.37149062499999996 0.62109375 0.38120937499999996 0.642578125 0.3984875 0.642578125 0.40334843749999993 0.62109375 0.4011875 0.59375 0.40010781250000005 0.5703125 0.38822968750000003 0.5615234375
20 0.4460046875 0.5849609375 0.4460046875 0.55078125 0.444925 0.5166015625 0.438984375 0.482421875 0.42710625 0.466796875 0.422246875 0.509765625 0.41630625 0.5458984375 0.41630625 0.57421875 0.4130671875 0.6103515625 0.4152265625 0.638671875 0.4308859375 0.6513671875 0.44708437500000003 0.6513671875 0.44708437500000003 0.623046875 0.4460046875 0.5849609375
21 0.4946 0.62109375 0.4908203125 0.576171875 0.48974062500000004 0.5400390625 0.48488125000000004 0.4951171875 0.4816421875 0.4560546875 0.4578828125 0.458984375 0.456803125 0.5146484375 0.456803125 0.55078125 0.4530234375 0.5869140625 0.45194375000000003 0.6259765625 0.45194375000000003 0.6533203125 0.47462187499999997 0.6552734375 0.4935203125 0.646484375 0.4946 0.62109375
22 0.5480562499999999 0.6064453125 0.5469765625 0.5673828125 0.5469765625 0.525390625 0.5469765625 0.4755859375 0.535096875 0.4560546875 0.517278125 0.4697265625 0.5134984375 0.525390625 0.5124187499999999 0.5703125 0.5064796874999999 0.6015625 0.5054000000000001 0.638671875 0.5194390624999999 0.6533203125 0.535096875 0.6533203125 0.550215625 0.646484375 0.5480562499999999 0.6064453125
30 0.5907125 0.6103515625 0.5880124999999999 0.5703125 0.5858531250000001 0.5380859375 0.58099375 0.50390625 0.577753125 0.4755859375 0.565875 0.4794921875 0.5615546874999999 0.537109375 0.558315625 0.564453125 0.5539953125 0.6064453125 0.5539953125 0.6318359375 0.558315625 0.6513671875 0.57289375 0.6513671875 0.5880124999999999 0.64453125 0.5907125 0.6103515625
23 0.62905 0.43359375 0.631209375 0.416015625 0.63445 0.3896484375 0.62905 0.375 0.6220296875 0.3984375 0.6171703125 0.41796875 0.61555 0.4375 0.6123109375 0.4267578125 0.6123109375 0.4072265625 0.6117703125 0.392578125 0.6117703125 0.37109375 0.606371875 0.3740234375 0.6020515625 0.4013671875 0.5993515625 0.42578125 0.5977328125 0.43359375 0.5966515625000001 0.4560546875 0.5907125 0.486328125 0.5890921875 0.5166015625 0.6047515625 0.55078125 0.6198703125 0.54296875 0.63445 0.5146484375 0.6274296875 0.4755859375 0.62905 0.43359375
23 0.6025921875 0.556640625 0.5966515625000001 0.5869140625 0.5966515625000001 0.619140625 0.60853125 0.63671875 0.6247296875 0.638671875 0.6306703125 0.6103515625 0.6285093749999999 0.5830078125 0.6247296875 0.548828125 0.6025921875 0.556640625
24 0.6625265625 0.525390625 0.661446875 0.4931640625 0.6592875 0.4560546875 0.64146875 0.4326171875 0.636609375 0.4609375 0.63445 0.50390625 0.6285093749999999 0.548828125 0.63175 0.578125 0.6457890625 0.587890625 0.6555078125 0.6064453125 0.6684671875 0.5830078125 0.6684671875 0.552734375 0.6625265625 0.525390625
25 0.71004375 0.6171875 0.71274375 0.5927734375 0.7057234375 0.55859375 0.70464375 0.5322265625 0.7008640625 0.5390625 0.694384375 0.53515625 0.687365625 0.53515625 0.6808859375 0.5302734375 0.673865625 0.52734375 0.66630625 0.5205078125 0.6673859375 0.548828125 0.6673859375 0.5869140625 0.6673859375 0.6123046875 0.6830453125 0.6259765625 0.6960046875 0.6171875 0.71004375 0.6171875
26 0.7661984375 0.5712890625 0.7613390625 0.533203125 0.747840625 0.4931640625 0.7429812499999999 0.4609375 0.7338015625 0.4306640625 0.699784375 0.4404296875 0.7078828125000001 0.486328125 0.712203125 0.5185546875 0.712203125 0.5634765625 0.712203125 0.5888671875 0.7230015625 0.6015625 0.7408203125 0.6044921875 0.7586390625 0.5908203125 0.7661984375 0.5712890625
27 0.7375812500000001 0.4287109375 0.747840625 0.4697265625 0.7537796875 0.509765625 0.7634984375 0.52734375 0.7775375 0.51171875 0.7915765625 0.4951171875 0.7991359375 0.462890625 0.7867171875000001 0.4228515625 0.7375812500000001 0.4287109375
0 0.8142546875000001 0.708984375 0.8380124999999999 0.7236328125 0.8358531250000001 0.705078125 0.826134375 0.68359375 0.821275 0.6533203125 0.8093953125000001 0.63671875 0.7964359375 0.63671875 0.7834765625 0.66015625 0.7634984375 0.6748046875 0.7667390625 0.70703125 0.7786171875 0.73046875 0.790496875 0.75 0.8061562500000001 0.7607421875 0.80345625 0.7373046875 0.8012953125 0.7158203125 0.8142546875000001 0.708984375
1 0.73488125 0.779296875 0.7316421875 0.75390625 0.7408203125 0.73046875 0.754859375 0.7666015625 0.7667390625 0.80078125 0.7715984375 0.7763671875 0.7683578125 0.7470703125 0.7586390625 0.7236328125 0.7537796875 0.6943359375 0.7537796875 0.666015625 0.7537796875 0.6279296875 0.7375812500000001 0.623046875 0.714903125 0.6279296875 0.6933046875 0.6337890625 0.694925 0.6513671875 0.7030234375 0.6748046875 0.7111234375000001 0.703125 0.714903125 0.7470703125 0.73218125 0.8046875 0.7419 0.798828125 0.73488125 0.779296875
3 0.686284375 0.8544921875 0.71274375 0.853515625 0.7138234375 0.8291015625 0.7089640625 0.798828125 0.714903125 0.751953125 0.7089640625 0.7392578125 0.7057234375 0.734375 0.6976234375 0.732421875 0.691684375 0.732421875 0.686284375 0.732421875 0.6825046875 0.7353515625 0.6776453124999999 0.7314453125 0.6749453125 0.734375 0.672246875 0.7392578125 0.6700859375 0.7451171875 0.6700859375 0.755859375 0.67440625 0.7734375 0.679265625 0.7978515625 0.686284375 0.8544921875
4 0.6641468749999999 0.8330078125 0.6603671875 0.794921875 0.6603671875 0.7626953125 0.6555078125 0.7158203125 0.6533484374999999 0.7001953125 0.64686875 0.6943359375 0.6301296875 0.69921875 0.62095 0.7060546875 0.6128515625000001 0.708984375 0.6214906250000001 0.75 0.6274296875 0.7861328125 0.63336875 0.81640625 0.643628125 0.8544921875 0.6641468749999999 0.8505859375 0.6641468749999999 0.8330078125
5 0.61663125 0.83984375 0.61663125 0.8076171875 0.61663125 0.7685546875 0.61393125 0.7431640625 0.6096109375000001 0.705078125 0.5907125 0.689453125 0.577753125 0.708984375 0.577753125 0.7265625 0.58099375 0.748046875 0.5847734375 0.794921875 0.5880124999999999 0.8291015625 0.5966515625000001 0.859375 0.61663125 0.8671875 0.61663125 0.83984375
6 0.5739734375000001 0.7451171875 0.5739734375000001 0.708984375 0.57289375 0.6728515625 0.5539953125 0.666015625 0.5442765625 0.681640625 0.54535625 0.708984375 0.5491359375 0.751953125 0.5523765625 0.79296875 0.565875 0.8310546875 0.57289375 0.8056640625 0.5739734375000001 0.771484375 0.5739734375000001 0.7451171875
7 0.5410359375 0.6767578125 0.5113390625 0.6708984375 0.517278125 0.7265625 0.5232187500000001 0.7900390625 0.535096875 0.814453125 0.543196875 0.7861328125 0.5421171874999999 0.751953125 0.5421171874999999 0.7109375 0.5410359375 0.6767578125
8 0.5086390625 0.75 0.5086390625 0.7216796875 0.510259375 0.6748046875 0.47948124999999997 0.681640625 0.4816421875 0.7177734375 0.48380156249999995 0.751953125 0.48758125 0.7880859375 0.4935203125 0.81640625 0.5086390625 0.8056640625 0.5086390625 0.779296875 0.5086390625 0.75
9 0.47192187499999994 0.771484375 0.47678125 0.73046875 0.47948124999999997 0.6875 0.4697625 0.6767578125 0.4508640625 0.6767578125 0.4460046875 0.6982421875 0.449784375 0.73046875 0.449784375 0.7587890625 0.449784375 0.7900390625 0.4557234375 0.81640625 0.4697625 0.8076171875 0.47192187499999994 0.771484375
10 0.42332656249999995 0.7607421875 0.42332656249999995 0.818359375 0.434125 0.8310546875 0.438984375 0.798828125 0.438984375 0.755859375 0.44276406250000006 0.7265625 0.444925 0.6875 0.434125 0.6708984375 0.41900624999999997 0.666015625 0.40604687500000003 0.681640625 0.4082078125 0.708984375 0.407128125 0.75390625 0.40010781250000005 0.796875 0.3974078125 0.837890625 0.407128125 0.82421875 0.4152265625 0.794921875 0.42332656249999995 0.7607421875
11 0.38822968750000003 0.779296875 0.39146875 0.7451171875 0.40010781250000005 0.708984375 0.407128125 0.6875 0.39632812500000003 0.666015625 0.3871484375 0.6513671875 0.3704109375 0.6640625 0.36555 0.689453125 0.36663125 0.732421875 0.36555 0.7626953125 0.36555 0.798828125 0.3677109375 0.822265625 0.38120937499999996 0.818359375 0.38822968750000003 0.779296875
12 0.3547515625 0.7724609375 0.3574515625 0.728515625 0.36177031249999997 0.6962890625 0.3704109375 0.666015625 0.3644703125 0.64453125 0.3488125 0.6513671875 0.3347734375 0.640625 0.3169546875 0.646484375 0.3147953125 0.689453125 0.30615625 0.7177734375 0.2969765625 0.7431640625 0.30075625 0.759765625 0.318575 0.734375 0.33099375000000003 0.7333984375 0.3417921875 0.734375 0.3466515625 0.7646484375 0.3461125 0.7861328125 0.3547515625 0.7724609375
14 0.2661984375 0.7392578125 0.278078125 0.7236328125 0.278078125 0.751953125 0.27321875 0.7734375 0.2694390625 0.8037109375 0.2829375 0.796875 0.29319687499999997 0.771484375 0.29805625 0.732421875 0.3039953125 0.6982421875 0.313715625 0.66796875 0.31965468750000003 0.6279296875 0.29805625 0.6279296875 0.27699843749999997 0.615234375 0.2581 0.6259765625 0.2581 0.662109375 0.25539999999999996 0.6982421875 0.2435203125 0.7451171875 0.23434062500000002 0.77734375 0.23650156249999998 0.8056640625 0.2483796875 0.79296875 0.2591796875 0.7734375 0.2661984375 0.7392578125
15 0.23434062500000002 0.7216796875 0.24028125 0.681640625 0.23434062500000002 0.6552734375 0.21652343749999997 0.6533203125 0.20680312500000003 0.6318359375 0.191684375 0.638671875 0.178725 0.666015625 0.173865625 0.7001953125 0.17116562500000002 0.7392578125 0.181965625 0.75390625 0.1960046875 0.7666015625 0.21274375 0.7666015625 0.22354218750000002 0.7373046875 0.23434062500000002 0.7216796875
25 0.7062640625000001 0.5166015625 0.7057234375 0.501953125 0.7035640625 0.484375 0.697084375 0.46875 0.69384375 0.453125 0.692225 0.435546875 0.6814250000000001 0.427734375 0.661446875 0.4375 0.6641468749999999 0.458984375 0.6646875 0.48828125 0.6652265625 0.5078125 0.66630625 0.5185546875 0.67710625 0.5263671875 0.6879046875 0.53515625 0.7008640625 0.5341796875 0.7062640625000001 0.5166015625
13 0.3380125 0.6142578125 0.33639375 0.595703125 0.3299140625 0.564453125 0.32937343750000003 0.546875 0.3299140625 0.53125 0.323434375 0.5322265625 0.313715625 0.5419921875 0.3088546875 0.548828125 0.3012953125 0.5546875 0.297515625 0.572265625 0.29265625 0.5888671875 0.290496875 0.6025390625 0.29211718750000004 0.6162109375 0.3012953125 0.623046875 0.313175 0.623046875 0.3245140625 0.6259765625 0.3380125 0.6142578125
17 0.37149062499999996 0.611328125 0.37095 0.59765625 0.3698703125 0.58984375 0.3628515625 0.5810546875 0.3542109375 0.5810546875 0.3461125 0.5810546875 0.33747343750000003 0.5869140625 0.33369375 0.607421875 0.3347734375 0.62109375 0.3401734375 0.6259765625 0.3515125 0.630859375 0.36123125 0.630859375 0.3671703125 0.626953125 0.3698703125 0.6240234375 0.37149062499999996 0.611328125
4 0.643628125 0.650390625 0.63606875 0.6552734375 0.6306703125 0.662109375 0.625809375 0.658203125 0.6214906250000001 0.65625 0.61555 0.6572265625 0.606371875 0.6650390625 0.6090718749999999 0.689453125 0.6144703125000001 0.7041015625 0.6268906249999999 0.69921875 0.6457890625 0.6923828125 0.649028125 0.6875 0.649028125 0.6689453125 0.6474078125 0.6552734375 0.643628125 0.650390625
3 0.6603671875 0.7451171875 0.6673859375 0.78125 0.6760265624999999 0.796875 0.678725 0.79296875 0.6727859375 0.76953125 0.6684671875 0.75 0.6684671875 0.740234375 0.6727859375 0.73046875 0.678725 0.7265625 0.6846656249999999 0.724609375 0.692225 0.7265625 0.69924375 0.7353515625 0.7062640625000001 0.7431640625 0.71274375 0.75 0.706803125 0.7294921875 0.7003234375 0.7119140625 0.6976234375 0.69921875 0.69654375 0.6884765625 0.6987046875 0.681640625 0.6981640625 0.6708984375 0.697084375 0.6572265625 0.6884453125000001 0.646484375 0.681965625 0.6396484375 0.6754859375 0.64453125 0.6673859375 0.654296875 0.6549671874999999 0.6474609375 0.6474078125 0.6494140625 0.64416875 0.66796875 0.64686875 0.6845703125 0.6533484374999999 0.6982421875 0.6576671875 0.7099609375 0.6603671875 0.7275390625 0.6603671875 0.7451171875
12 0.326134375 0.73828125 0.3174953125 0.74609375 0.313175 0.74609375 0.3039953125 0.751953125 0.30453593749999996 0.7724609375 0.305075 0.787109375 0.30615625 0.7998046875 0.30615625 0.8193359375 0.30075625 0.8310546875 0.3023765625 0.849609375 0.307775 0.849609375 0.31155468750000004 0.8369140625 0.3147953125 0.8251953125 0.32019375 0.8173828125 0.32559375 0.8134765625 0.326134375 0.82421875 0.32829375 0.837890625 0.32937343750000003 0.8466796875 0.32937343750000003 0.8544921875 0.33369375 0.8515625 0.33747343750000003 0.8115234375 0.345571875 0.7783203125 0.35043125 0.7607421875 0.3493515625 0.7490234375 0.3461125 0.7470703125 0.33909218750000003 0.744140625 0.3315328125 0.7392578125 0.326134375 0.73828125