2 0.4609375 0.7486531249999999 0.474609375 0.7741296875 0.49609375 0.7834390625000001 0.541015625 0.7775593749999999 0.62109375 0.7770703125 0.6328125 0.7564921874999999 0.5859375 0.7432624999999999 0.5390625 0.7432624999999999 0.4892578125 0.7359140625 0.4609375 0.7486531249999999
23 0.4091796875 0.34541875 0.40625 0.3586484375 0.4130859375 0.37285625 0.439453125 0.37530625 0.482421875 0.37138593750000004 0.5263671875 0.3669765625 0.5576171875 0.363546875 0.556640625 0.35276874999999996 0.4775390625 0.35276874999999996 0.4482421875 0.3424796875 0.4091796875 0.34541875
26 0.439453125 0.23909843749999998 0.4091796875 0.2459578125 0.404296875 0.2640859375 0.427734375 0.274375 0.4658203125 0.27192500000000003 0.505859375 0.27192500000000003 0.5595703125 0.2660453125 0.5830078125 0.2601671875 0.5830078125 0.24742812500000003 0.541015625 0.2439984375 0.484375 0.24056875 0.439453125 0.23909843749999998
1 0.3330078125 0.3042625 0.2978515625 0.30034375 0.26953125 0.2944640625 0.248046875 0.2944640625 0.2998046875 0.313571875 0.3427734375 0.3287609375 0.3046875 0.33022968750000004 0.271484375 0.3268 0.2431640625 0.3170015625 0.2529296875 0.33610937500000004 0.2861328125 0.34296875 0.32421875 0.34786875 0.3642578125 0.3512984375 0.4091796875 0.361096875 0.423828125 0.34786875 0.42578125 0.33121093749999997 0.4375 0.32092187499999997 0.4208984375 0.3042625 0.369140625 0.3042625 0.3330078125 0.3042625
3 0.234375 0.3561984375 0.2275390625 0.3669765625 0.4130859375 0.387065625 0.40625 0.359628125 0.369140625 0.3586484375 0.3359375 0.3586484375 0.2998046875 0.3561984375 0.26953125 0.3561984375 0.234375 0.3561984375
4 0.2578125 0.387065625 0.2314453125 0.39392499999999997 0.2646484375 0.3998046875 0.29296875 0.40372343749999995 0.32421875 0.40715312499999995 0.359375 0.409603125 0.39453125 0.41891249999999997 0.416015625 0.404703125 0.4091796875 0.387065625 0.37109375 0.387065625 0.328125 0.387065625 0.29296875 0.387065625 0.2578125 0.387065625
5 0.271484375 0.412053125 0.2392578125 0.4061734375 0.2275390625 0.41891249999999997 0.248046875 0.430671875 0.2744140625 0.4404703125 0.3095703125 0.4439 0.337890625 0.44634999999999997 0.373046875 0.44977968749999997 0.4091796875 0.45320937499999997 0.41796875 0.4355703125 0.3974609375 0.42038281250000004 0.359375 0.42136250000000003 0.32421875 0.42136250000000003 0.2978515625 0.4164625 0.271484375 0.412053125
6 0.2529296875 0.44977968749999997 0.2578125 0.4688875 0.29296875 0.46986718749999995 0.32421875 0.47329687500000006 0.369140625 0.480646875 0.4091796875 0.48162656249999997 0.4130859375 0.46496875 0.4091796875 0.45320937499999997 0.37109375 0.45320937499999997 0.32421875 0.45320937499999997 0.291015625 0.44977968749999997 0.2529296875 0.44977968749999997
7 0.3017578125 0.49926562499999994 0.3408203125 0.5007343750000001 0.3759765625 0.5051453125 0.4013671875 0.5007343750000001 0.39453125 0.48309687500000004 0.3564453125 0.48309687500000004 0.31640625 0.48309687500000004 0.26953125 0.48309687500000004 0.26953125 0.4958359375 0.3017578125 0.49926562499999994
8 0.3095703125 0.5325828125000001 0.3408203125 0.5301328125 0.373046875 0.5301328125 0.40625 0.5276828124999999 0.4091796875 0.5066140625 0.361328125 0.5066140625 0.3310546875 0.5134734375 0.2958984375 0.5183734375 0.2744140625 0.5301328125 0.3095703125 0.5325828125000001
9 0.2626953125 0.5526703125 0.271484375 0.56345 0.3046875 0.561 0.337890625 0.55855 0.380859375 0.5561 0.42578125 0.5561 0.42578125 0.541890625 0.4091796875 0.529153125 0.3642578125 0.5350312500000001 0.337890625 0.541890625 0.302734375 0.541890625 0.2626953125 0.5526703125
10 0.279296875 0.5761875 0.259765625 0.5869671875 0.234375 0.597746875 0.2294921875 0.615384375 0.26953125 0.6070546875 0.3046875 0.597746875 0.3427734375 0.5903968749999999 0.380859375 0.5894171874999999 0.42578125 0.5884375000000001 0.427734375 0.5668796875 0.41796875 0.5561 0.3828125 0.5600203125000001 0.337890625 0.56345 0.3046875 0.570309375 0.279296875 0.5761875
11 0.28125 0.612934375 0.24609375 0.6237140625 0.26953125 0.62959375 0.32421875 0.6237140625 0.369140625 0.620284375 0.427734375 0.615384375 0.4345703125 0.6026453125 0.4091796875 0.5884375000000001 0.369140625 0.5952968750000001 0.328125 0.6001953125 0.302734375 0.6070546875 0.28125 0.612934375
12 0.2841796875 0.6354734375 0.2646484375 0.6487015625 0.2998046875 0.6487015625 0.3359375 0.6487015625 0.3896484375 0.64723125 0.4345703125 0.6487015625 0.44140625 0.63204375 0.4443359375 0.615384375 0.3828125 0.6188140625 0.3525390625 0.625184375 0.31640625 0.6286140625 0.2841796875 0.6354734375
15 0.40625 0.688878125 0.373046875 0.6996578125 0.3544921875 0.7065171875 0.328125 0.7138656250000001 0.3046875 0.723175 0.2763671875 0.7398328125 0.31640625 0.7339546875 0.3427734375 0.7266046875 0.3642578125 0.7266046875 0.3076171875 0.7530625 0.3427734375 0.7564921874999999 0.3671875 0.7452234375 0.4326171875 0.7398328125 0.4609375 0.730525 0.4609375 0.7138656250000001 0.451171875 0.6981875 0.44140625 0.6829984375 0.40625 0.688878125
16 0.3759765625 0.762371875 0.3544921875 0.7775593749999999 0.34765625 0.79421875 0.3427734375 0.809896875 0.3662109375 0.8143062499999999 0.404296875 0.803528125 0.4326171875 0.7932390625 0.4609375 0.7839296874999999 0.47265625 0.7706999999999999 0.4775390625 0.7447328125 0.451171875 0.736403125 0.416015625 0.7398328125 0.392578125 0.7506125 0.3759765625 0.762371875