31 0.263596875 0.1708984375 0.2508578125 0.185546875 0.24105781249999997 0.21875 0.2518375 0.244140625 0.2577171875 0.275390625 0.2709453125 0.275390625 0.281725 0.2490234375 0.288584375 0.2138671875 0.2827046875 0.1806640625 0.263596875 0.1708984375
2 0.2827046875 0.423828125 0.283684375 0.388671875 0.288584375 0.35546875 0.2895640625 0.32421875 0.2944640625 0.2841796875 0.2827046875 0.267578125 0.261146875 0.287109375 0.2567375 0.33203125 0.2518375 0.3671875 0.240078125 0.392578125 0.237628125 0.4208984375 0.2459578125 0.4423828125 0.261146875 0.45703125 0.2778046875 0.44921875 0.2827046875 0.423828125
13 0.3287609375 0.482421875 0.3287609375 0.4541015625 0.3287609375 0.4287109375 0.3287609375 0.3974609375 0.3287609375 0.3671875 0.3287609375 0.345703125 0.3263109375 0.3125 0.3052421875 0.3173828125 0.2969125 0.357421875 0.2934828125 0.3955078125 0.2827046875 0.435546875 0.281725 0.458984375 0.2876046875 0.482421875 0.30279218750000003 0.4921875 0.3145515625 0.4970703125 0.3287609375 0.482421875
17 0.3630578125 0.4755859375 0.3645265625 0.4453125 0.3630578125 0.404296875 0.3630578125 0.3671875 0.35276874999999996 0.345703125 0.34541875 0.37890625 0.3419890625 0.412109375 0.33464062499999997 0.44921875 0.32778125 0.4755859375 0.3263109375 0.4970703125 0.34051875 0.5205078125 0.357178125 0.50390625 0.3630578125 0.4755859375
18 0.39637500000000003 0.447265625 0.39294531250000003 0.400390625 0.389025 0.3525390625 0.3762859375 0.3505859375 0.37285625 0.3837890625 0.3669765625 0.4306640625 0.3669765625 0.4638671875 0.36060781249999996 0.4970703125 0.3645265625 0.5205078125 0.3787359375 0.5322265625 0.3904953125 0.515625 0.402253125 0.4892578125 0.39637500000000003 0.447265625
19 0.42822187500000003 0.505859375 0.42822187500000003 0.4736328125 0.425771875 0.435546875 0.425771875 0.404296875 0.425771875 0.3759765625 0.41548281249999997 0.3623046875 0.4081328125 0.40234375 0.404703125 0.4326171875 0.4012734375 0.46875 0.39637500000000003 0.501953125 0.39539375 0.5302734375 0.40715312499999995 0.5556640625 0.42234218749999997 0.5390625 0.42822187500000003 0.505859375
20 0.458109375 0.458984375 0.458109375 0.42578125 0.44977968749999997 0.400390625 0.44242968749999995 0.4453125 0.4399796875 0.4921875 0.4355703125 0.5224609375 0.4341015625 0.55859375 0.45418906249999996 0.5654296875 0.458109375 0.5390625 0.458109375 0.4970703125 0.458109375 0.458984375
21 0.4958359375 0.4990234375 0.4933859375 0.4658203125 0.49240625 0.42578125 0.48750625000000003 0.3955078125 0.470846875 0.40234375 0.46986718749999995 0.4609375 0.4683984375 0.4970703125 0.46251875 0.5322265625 0.46251875 0.5654296875 0.475746875 0.583984375 0.4958359375 0.583984375 0.4958359375 0.5419921875 0.4958359375 0.4990234375
22 0.5384609375 0.5439453125 0.5360125 0.50390625 0.5311125 0.45703125 0.5311125 0.40234375 0.5193531250000001 0.37890625 0.5110234375 0.4423828125 0.5090640625 0.4736328125 0.5051453125 0.517578125 0.5041640625 0.548828125 0.501715625 0.5791015625 0.5193531250000001 0.5791015625 0.5335625 0.5791015625 0.5384609375 0.5439453125
30 0.5575703125 0.4375 0.549240625 0.40234375 0.541890625 0.4287109375 0.541890625 0.482421875 0.541890625 0.5205078125 0.5453203125 0.5654296875 0.5658984375 0.5654296875 0.5658984375 0.5302734375 0.5658984375 0.5107421875 0.5619796874999999 0.4755859375 0.5575703125 0.4375
29 0.6011765625 0.458984375 0.597746875 0.412109375 0.5918671875 0.3740234375 0.5796171875 0.3642578125 0.5796171875 0.4287109375 0.5796171875 0.470703125 0.5752078125 0.517578125 0.5859875 0.5419921875 0.597746875 0.55859375 0.6080359375 0.5341796875 0.6060749999999999 0.4970703125 0.6011765625 0.458984375
23 0.638903125 0.4658203125 0.636453125 0.4287109375 0.6330234375 0.3955078125 0.62714375 0.369140625 0.6144046875 0.3740234375 0.6119546875 0.4404296875 0.60215625 0.4892578125 0.6095046875000001 0.525390625 0.6212640625 0.537109375 0.6354734375 0.5458984375 0.6462515625 0.525390625 0.642821875 0.494140625 0.638903125 0.4658203125
24 0.6629109375 0.4375 0.65458125 0.390625 0.642821875 0.3837890625 0.6438015625 0.4326171875 0.6438015625 0.4638671875 0.6438015625 0.4892578125 0.6487015625 0.525390625 0.666340625 0.5390625 0.6805484374999999 0.5205078125 0.6687890624999999 0.482421875 0.6629109375 0.4375
25 0.7197453125 0.4423828125 0.707496875 0.412109375 0.7055359375 0.37890625 0.6923078125 0.3408203125 0.6722187500000001 0.345703125 0.6722187500000001 0.40234375 0.6756484375 0.4326171875 0.6756484375 0.4873046875 0.683978125 0.5205078125 0.7016171875 0.4990234375 0.7158249999999999 0.4990234375 0.7217046875 0.4736328125 0.7197453125 0.4423828125
26 0.757471875 0.3837890625 0.7432624999999999 0.35546875 0.7339546875 0.322265625 0.718275 0.3037109375 0.708965625 0.33203125 0.7138656250000001 0.388671875 0.718275 0.4091796875 0.723175 0.4453125 0.7315046875 0.470703125 0.7515921875 0.4658203125 0.7633515625 0.44921875 0.76678125 0.4208984375 0.757471875 0.3837890625
27 0.7241546875 0.2587890625 0.7315046875 0.287109375 0.7466921875 0.2958984375 0.752571875 0.2607421875 0.757471875 0.234375 0.74424375 0.2021484375 0.7315046875 0.2255859375 0.7241546875 0.2587890625
28 0.7858890625 0.5302734375 0.7765796875000001 0.5458984375 0.7726609375 0.5673828125 0.778540625 0.6005859375 0.7927484375 0.6240234375 0.8084265625 0.5908203125 0.81185625 0.5673828125 0.81185625 0.537109375 0.79911875 0.515625 0.7858890625 0.5302734375
0 0.755021875 0.615234375 0.755021875 0.5908203125 0.76678125 0.6220703125 0.782459375 0.6474609375 0.7809890625 0.615234375 0.7751109375 0.5908203125 0.76678125 0.5673828125 0.7633515625 0.537109375 0.7658015625 0.5087890625 0.7501218749999999 0.4970703125 0.737384375 0.50390625 0.7217046875 0.515625 0.708965625 0.5322265625 0.7148453124999999 0.560546875 0.725625 0.583984375 0.7359140625 0.6123046875 0.7501218749999999 0.6435546875 0.7633515625 0.67578125 0.762371875 0.6435546875 0.755021875 0.615234375
1 0.707496875 0.685546875 0.707496875 0.6435546875 0.7241546875 0.662109375 0.737384375 0.697265625 0.737384375 0.673828125 0.7339546875 0.6455078125 0.728075 0.6220703125 0.718275 0.6005859375 0.7138656250000001 0.572265625 0.7138656250000001 0.5419921875 0.6947578125 0.5419921875 0.6805484374999999 0.5556640625 0.663890625 0.5673828125 0.6712390625 0.5986328125 0.683978125 0.630859375 0.691328125 0.673828125 0.7040671875 0.708984375 0.718275 0.7255859375 0.7172953125 0.70703125 0.707496875 0.685546875
3 0.6864281250000001 0.697265625 0.683978125 0.671875 0.67711875 0.6455078125 0.6673203125 0.6240234375 0.6648703125 0.5869140625 0.64968125 0.59375 0.6344921875 0.59375 0.6212640625 0.60546875 0.6246937499999999 0.6337890625 0.6354734375 0.6572265625 0.638903125 0.68359375 0.6487015625 0.720703125 0.6487015625 0.6640625 0.661440625 0.6572265625 0.6864281250000001 0.697265625
4 0.6246937499999999 0.67578125 0.6246937499999999 0.640625 0.6246937499999999 0.6005859375 0.6011765625 0.59375 0.5894171874999999 0.626953125 0.6011765625 0.6474609375 0.60215625 0.6787109375 0.610484375 0.7236328125 0.6212640625 0.7587890625 0.6246937499999999 0.732421875 0.6246937499999999 0.7021484375 0.6246937499999999 0.67578125
5 0.5859875 0.6953125 0.587946875 0.6591796875 0.587946875 0.626953125 0.587946875 0.5986328125 0.569328125 0.595703125 0.55855 0.60546875 0.5551203124999999 0.630859375 0.5595296875 0.6572265625 0.5658984375 0.685546875 0.5658984375 0.7138671875 0.5727578125 0.751953125 0.5810875 0.7255859375 0.5859875 0.6953125
6 0.5575703125 0.615234375 0.5467906250000001 0.6025390625 0.5276828124999999 0.607421875 0.5267031249999999 0.638671875 0.5311125 0.6669921875 0.5311125 0.7255859375 0.541890625 0.7490234375 0.5453203125 0.7021484375 0.55365 0.65234375 0.5575703125 0.615234375
7 0.5232734375 0.6474609375 0.5252328125 0.6103515625 0.496815625 0.6103515625 0.496815625 0.6474609375 0.501715625 0.6875 0.5041640625 0.7255859375 0.51004375 0.763671875 0.5193531250000001 0.728515625 0.5208234375 0.6904296875 0.5232734375 0.6474609375
8 0.4933859375 0.662109375 0.4958359375 0.6103515625 0.4683984375 0.6025390625 0.46986718749999995 0.6357421875 0.47329687500000006 0.662109375 0.47427656249999994 0.708984375 0.480646875 0.75390625 0.48995625 0.740234375 0.4933859375 0.7001953125 0.4933859375 0.662109375
9 0.4683984375 0.6357421875 0.4683984375 0.60546875 0.45320937499999997 0.6005859375 0.4341015625 0.60546875 0.43899999999999995 0.638671875 0.44242968749999995 0.673828125 0.44585937500000006 0.708984375 0.44977968749999997 0.7470703125 0.4639875 0.7119140625 0.46643749999999995 0.6806640625 0.4683984375 0.6357421875
10 0.42381250000000004 0.7041015625 0.429690625 0.6640625 0.4341015625 0.6357421875 0.4331203125 0.60546875 0.42234218749999997 0.5888671875 0.404703125 0.58203125 0.403234375 0.615234375 0.403234375 0.638671875 0.404703125 0.685546875 0.4081328125 0.7255859375 0.4081328125 0.765625 0.42234218749999997 0.7353515625 0.42381250000000004 0.7041015625
11 0.38804531249999996 0.7138671875 0.39539375 0.671875 0.3998046875 0.638671875 0.403234375 0.60546875 0.391475 0.58203125 0.3762859375 0.58203125 0.3762859375 0.60546875 0.3738359375 0.65234375 0.37285625 0.6904296875 0.37138593750000004 0.73046875 0.37285625 0.765625 0.3831453125 0.751953125 0.38804531249999996 0.7138671875
12 0.35276874999999996 0.685546875 0.362078125 0.640625 0.37285625 0.6171875 0.37040625 0.5869140625 0.357178125 0.5673828125 0.34296875 0.5673828125 0.3370890625 0.5908203125 0.333659375 0.6220703125 0.33121093749999997 0.6474609375 0.32778125 0.6884765625 0.32533124999999996 0.71875 0.3243515625 0.7470703125 0.34296875 0.720703125 0.35276874999999996 0.685546875
14 0.29789374999999996 0.6337890625 0.29789374999999996 0.662109375 0.288584375 0.685546875 0.274375 0.7158203125 0.2876046875 0.71875 0.30279218750000003 0.6904296875 0.3145515625 0.671875 0.32288125 0.6357421875 0.33464062499999997 0.6025390625 0.34296875 0.5625 0.3287609375 0.55078125 0.3121015625 0.5341796875 0.2959328125 0.537109375 0.288584375 0.5771484375 0.281725 0.6103515625 0.27535468750000003 0.638671875 0.263596875 0.6591796875 0.2577171875 0.6953125 0.274375 0.6806640625 0.283684375 0.6572265625 0.29789374999999996 0.6337890625
15 0.22831875 0.650390625 0.24693749999999998 0.6357421875 0.261146875 0.615234375 0.27192500000000003 0.5986328125 0.2827046875 0.5673828125 0.2959328125 0.5439453125 0.2876046875 0.517578125 0.274375 0.5087890625 0.269475 0.4873046875 0.2577171875 0.482421875 0.2459578125 0.4990234375 0.240078125 0.5205078125 0.2341984375 0.5439453125 0.2293 0.5673828125 0.2185203125 0.59375 0.20578124999999997 0.626953125 0.217540625 0.630859375 0.22831875 0.6103515625 0.2459578125 0.59375 0.22831875 0.650390625
16 0.212640625 0.4892578125 0.195003125 0.4921875 0.17834375 0.5205078125 0.18079375 0.560546875 0.192553125 0.5908203125 0.21166093749999998 0.6005859375 0.2293 0.5673828125 0.2317484375 0.5390625 0.222440625 0.5107421875 0.212640625 0.4892578125