2 0.2778046875 0.4560546875 0.27535468750000003 0.427734375 0.263596875 0.427734375 0.24693749999999998 0.4345703125 0.2341984375 0.44921875 0.23517812500000002 0.474609375 0.2484078125 0.5078125 0.25918593749999996 0.55078125 0.2709453125 0.57421875 0.2827046875 0.564453125 0.2851546875 0.53125 0.281725 0.49609375 0.2778046875 0.4560546875
17 0.3532578125 0.4775390625 0.3566875 0.44921875 0.3512984375 0.427734375 0.35276874999999996 0.384765625 0.35276874999999996 0.3525390625 0.332190625 0.337890625 0.31798125 0.3544921875 0.3170015625 0.380859375 0.32533124999999996 0.4208984375 0.332190625 0.4638671875 0.332190625 0.4873046875 0.33610937500000004 0.5234375 0.3488484375 0.5537109375 0.354728125 0.515625 0.3532578125 0.4775390625
24 0.6580109375000001 0.427734375 0.666340625 0.3974609375 0.6604609375 0.37109375 0.64723125 0.369140625 0.63204375 0.380859375 0.6354734375 0.4111328125 0.6330234375 0.44140625 0.6261640625 0.4658203125 0.6246937499999999 0.5009765625 0.626653125 0.5380859375 0.6374328125 0.546875 0.64968125 0.484375 0.65458125 0.4580078125 0.6580109375000001 0.427734375
25 0.7016171875 0.47265625 0.7123953125 0.4462890625 0.707496875 0.4208984375 0.6972078125000001 0.4111328125 0.683978125 0.39453125 0.6697703125000001 0.3974609375 0.663890625 0.4228515625 0.663890625 0.4609375 0.661440625 0.4912109375 0.661440625 0.5458984375 0.6687890624999999 0.5673828125 0.683978125 0.5595703125 0.6898578125 0.529296875 0.6932875000000001 0.498046875 0.7016171875 0.47265625
26 0.7432624999999999 0.462890625 0.7324843750000001 0.451171875 0.7197453125 0.4462890625 0.7065171875 0.4580078125 0.7065171875 0.484375 0.6996578125 0.5126953125 0.6932875000000001 0.5595703125 0.707496875 0.5625 0.728075 0.55078125 0.7408140624999999 0.5263671875 0.755021875 0.5009765625 0.7432624999999999 0.462890625
28 0.77168125 0.3662109375 0.7432624999999999 0.3759765625 0.7104359375 0.3916015625 0.7055359375 0.40625 0.7123953125 0.4296875 0.728075 0.44140625 0.7491421875000001 0.4599609375 0.7633515625 0.4228515625 0.7775593749999999 0.39453125 0.77168125 0.3662109375
0 0.6996578125 0.337890625 0.6898578125 0.361328125 0.7006375 0.3828125 0.708965625 0.3994140625 0.723175 0.3662109375 0.728075 0.3330078125 0.7138656250000001 0.3212890625 0.6996578125 0.337890625
4 0.620284375 0.2431640625 0.6119546875 0.22265625 0.6095046875000001 0.259765625 0.6070546875 0.28125 0.603625 0.3193359375 0.5987265625 0.3564453125 0.5962765625 0.3896484375 0.6144046875 0.39453125 0.6330234375 0.380859375 0.6286140625 0.34765625 0.6261640625 0.3095703125 0.6261640625 0.271484375 0.620284375 0.2431640625
5 0.5952968750000001 0.22265625 0.5810875 0.19140625 0.5752078125 0.22265625 0.5737390625 0.259765625 0.571778125 0.3095703125 0.5658984375 0.361328125 0.5776578125 0.40625 0.597746875 0.3828125 0.597746875 0.328125 0.6011765625 0.29296875 0.6011765625 0.255859375 0.5952968750000001 0.22265625
6 0.5575703125 0.212890625 0.5502203125 0.255859375 0.5477703125 0.302734375 0.5433609374999999 0.3359375 0.5394421875 0.3662109375 0.53748125 0.39453125 0.5668796875 0.3974609375 0.5668796875 0.359375 0.5658984375 0.3193359375 0.5658984375 0.2841796875 0.56345 0.24609375 0.5575703125 0.212890625
7 0.5350312500000001 0.259765625 0.5296421875 0.232421875 0.5193531250000001 0.2880859375 0.5193531250000001 0.3310546875 0.5134734375 0.361328125 0.5090640625 0.3974609375 0.5193531250000001 0.3974609375 0.53748125 0.3974609375 0.5360125 0.361328125 0.5360125 0.328125 0.5360125 0.29296875 0.5350312500000001 0.259765625
8 0.4948546875 0.267578125 0.48995625 0.3095703125 0.48505624999999997 0.3447265625 0.48407656250000003 0.39453125 0.5110234375 0.392578125 0.5110234375 0.3408203125 0.51004375 0.3076171875 0.51004375 0.26953125 0.5051453125 0.2275390625 0.4948546875 0.267578125
9 0.4674171875 0.255859375 0.458109375 0.3095703125 0.4566390625 0.3544921875 0.45418906249999996 0.392578125 0.4683984375 0.3994140625 0.48162656249999997 0.39453125 0.48162656249999997 0.3447265625 0.48162656249999997 0.3095703125 0.48162656249999997 0.267578125 0.4674171875 0.255859375
10 0.448309375 0.2392578125 0.4272421875 0.248046875 0.4272421875 0.2998046875 0.42479218750000003 0.3544921875 0.42136250000000003 0.3876953125 0.4355703125 0.4013671875 0.45075937499999996 0.4013671875 0.45075937499999996 0.3564453125 0.45075937499999996 0.314453125 0.45075937499999996 0.271484375 0.448309375 0.2392578125
11 0.42038281250000004 0.2861328125 0.4198921875 0.2587890625 0.4174421875 0.220703125 0.40274374999999996 0.2216796875 0.389515625 0.2890625 0.3968640625 0.3203125 0.4130328125 0.32421875 0.42038281250000004 0.318359375 0.42038281250000004 0.2861328125