2 0.7221953125 0.5439453125 0.7246453125000001 0.572265625 0.736403125 0.572265625 0.7530625 0.5654296875 0.7658015625 0.55078125 0.764821875 0.525390625 0.7515921875 0.4921875 0.7408140624999999 0.44921875 0.7290546875 0.42578125 0.7172953125 0.435546875 0.7148453124999999 0.46875 0.718275 0.50390625 0.7221953125 0.5439453125
17 0.6467421875 0.5224609375 0.6433125000000001 0.55078125 0.6487015625 0.572265625 0.64723125 0.615234375 0.64723125 0.6474609375 0.667809375 0.662109375 0.68201875 0.6455078125 0.6829984375 0.619140625 0.67466875 0.5791015625 0.667809375 0.5361328125 0.667809375 0.5126953125 0.663890625 0.4765625 0.6511515625000001 0.4462890625 0.6452718749999999 0.484375 0.6467421875 0.5224609375
24 0.3419890625 0.572265625 0.333659375 0.6025390625 0.3395390625 0.62890625 0.35276874999999996 0.630859375 0.36795625 0.619140625 0.3645265625 0.5888671875 0.3669765625 0.55859375 0.3738359375 0.5341796875 0.37530625 0.4990234375 0.373346875 0.4619140625 0.3625671875 0.453125 0.35031875 0.515625 0.34541875 0.5419921875 0.3419890625 0.572265625
25 0.2983828125 0.52734375 0.2876046875 0.5537109375 0.292503125 0.5791015625 0.30279218750000003 0.5888671875 0.316021875 0.60546875 0.33022968750000004 0.6025390625 0.33610937500000004 0.5771484375 0.33610937500000004 0.5390625 0.338559375 0.5087890625 0.338559375 0.4541015625 0.33121093749999997 0.4326171875 0.316021875 0.4404296875 0.3101421875 0.470703125 0.3067125 0.501953125 0.2983828125 0.52734375
26 0.2567375 0.537109375 0.26751562500000003 0.548828125 0.2802546875 0.5537109375 0.2934828125 0.5419921875 0.2934828125 0.515625 0.30034375 0.4873046875 0.3067125 0.4404296875 0.292503125 0.4375 0.27192500000000003 0.44921875 0.25918593749999996 0.4736328125 0.244978125 0.4990234375 0.2567375 0.537109375
28 0.22831875 0.6337890625 0.2567375 0.6240234375 0.2895640625 0.6083984375 0.2944640625 0.59375 0.2876046875 0.5703125 0.27192500000000003 0.55859375 0.2508578125 0.5400390625 0.23664843750000003 0.5771484375 0.222440625 0.60546875 0.22831875 0.6337890625
0 0.30034375 0.662109375 0.3101421875 0.638671875 0.29936250000000003 0.6171875 0.291034375 0.6005859375 0.276825 0.6337890625 0.27192500000000003 0.6669921875 0.286134375 0.6787109375 0.30034375 0.662109375
4 0.379715625 0.7568359375 0.38804531249999996 0.77734375 0.3904953125 0.740234375 0.39294531250000003 0.71875 0.39637500000000003 0.6806640625 0.4012734375 0.6435546875 0.40372343749999995 0.6103515625 0.3855953125 0.60546875 0.3669765625 0.619140625 0.37138593750000004 0.65234375 0.3738359375 0.6904296875 0.3738359375 0.728515625 0.379715625 0.7568359375
5 0.404703125 0.77734375 0.41891249999999997 0.80859375 0.42479218750000003 0.77734375 0.42626093750000005 0.740234375 0.42822187500000003 0.6904296875 0.4341015625 0.638671875 0.42234218749999997 0.59375 0.402253125 0.6171875 0.402253125 0.671875 0.39882343750000004 0.70703125 0.39882343750000004 0.744140625 0.404703125 0.77734375
6 0.44242968749999995 0.787109375 0.44977968749999997 0.744140625 0.45222968750000003 0.697265625 0.4566390625 0.6640625 0.4605578125 0.6337890625 0.46251875 0.60546875 0.4331203125 0.6025390625 0.4331203125 0.640625 0.4341015625 0.6806640625 0.4341015625 0.7158203125 0.43655 0.75390625 0.44242968749999995 0.787109375
7 0.46496875 0.740234375 0.47035781249999997 0.767578125 0.480646875 0.7119140625 0.480646875 0.6689453125 0.48652656250000004 0.638671875 0.49093593750000003 0.6025390625 0.480646875 0.6025390625 0.46251875 0.6025390625 0.4639875 0.638671875 0.4639875 0.671875 0.4639875 0.70703125 0.46496875 0.740234375
8 0.5051453125 0.732421875 0.51004375 0.6904296875 0.51494375 0.6552734375 0.5159234374999999 0.60546875 0.4889765625 0.607421875 0.4889765625 0.6591796875 0.48995625 0.6923828125 0.48995625 0.73046875 0.4948546875 0.7724609375 0.5051453125 0.732421875
9 0.5325828125000001 0.744140625 0.541890625 0.6904296875 0.5433609374999999 0.6455078125 0.5458109375 0.607421875 0.5316015625 0.6005859375 0.5183734375 0.60546875 0.5183734375 0.6552734375 0.5183734375 0.6904296875 0.5183734375 0.732421875 0.5325828125000001 0.744140625
10 0.551690625 0.7607421875 0.5727578125 0.751953125 0.5727578125 0.7001953125 0.5752078125 0.6455078125 0.5786374999999999 0.6123046875 0.5644296875 0.5986328125 0.549240625 0.5986328125 0.549240625 0.6435546875 0.549240625 0.685546875 0.549240625 0.728515625 0.551690625 0.7607421875
11 0.5796171875 0.7138671875 0.5801078125 0.7412109375 0.5825578124999999 0.779296875 0.59725625 0.7783203125 0.610484375 0.7109375 0.6031359375 0.6796875 0.5869671875 0.67578125 0.5796171875 0.681640625 0.5796171875 0.7138671875