2 0.281725 0.50390625 0.2851546875 0.46875 0.2827046875 0.435546875 0.2709453125 0.42578125 0.25918593749999996 0.44921875 0.2484078125 0.4921875 0.23517812500000002 0.525390625 0.2341984375 0.55078125 0.24693749999999998 0.5654296875 0.263596875 0.572265625 0.27535468750000003 0.572265625 0.2778046875 0.5439453125 0.281725 0.50390625
17 0.3566875 0.55078125 0.3532578125 0.5224609375 0.354728125 0.484375 0.3488484375 0.4462890625 0.33610937500000004 0.4765625 0.332190625 0.5126953125 0.332190625 0.5361328125 0.32533124999999996 0.5791015625 0.3170015625 0.619140625 0.31798125 0.6455078125 0.332190625 0.662109375 0.35276874999999996 0.6474609375 0.35276874999999996 0.615234375 0.3512984375 0.572265625 0.3566875 0.55078125
24 0.6580109375000001 0.572265625 0.65458125 0.5419921875 0.64968125 0.515625 0.6374328125 0.453125 0.626653125 0.4619140625 0.6246937499999999 0.4990234375 0.6261640625 0.5341796875 0.6330234375 0.55859375 0.6354734375 0.5888671875 0.63204375 0.619140625 0.64723125 0.630859375 0.6604609375 0.62890625 0.666340625 0.6025390625 0.6580109375000001 0.572265625
25 0.7123953125 0.5537109375 0.7016171875 0.52734375 0.6932875000000001 0.501953125 0.6898578125 0.470703125 0.683978125 0.4404296875 0.6687890624999999 0.4326171875 0.661440625 0.4541015625 0.661440625 0.5087890625 0.663890625 0.5390625 0.663890625 0.5771484375 0.6697703125000001 0.6025390625 0.683978125 0.60546875 0.6972078125000001 0.5888671875 0.707496875 0.5791015625 0.7123953125 0.5537109375
26 0.7408140624999999 0.4736328125 0.728075 0.44921875 0.707496875 0.4375 0.6932875000000001 0.4404296875 0.6996578125 0.4873046875 0.7065171875 0.515625 0.7065171875 0.5419921875 0.7197453125 0.5537109375 0.7324843750000001 0.548828125 0.7432624999999999 0.537109375 0.755021875 0.4990234375 0.7408140624999999 0.4736328125
28 0.728075 0.55859375 0.7123953125 0.5703125 0.7055359375 0.59375 0.7104359375 0.6083984375 0.7432624999999999 0.6240234375 0.77168125 0.6337890625 0.7775593749999999 0.60546875 0.7633515625 0.5771484375 0.7491421875000001 0.5400390625 0.728075 0.55859375
0 0.6898578125 0.638671875 0.6996578125 0.662109375 0.7138656250000001 0.6787109375 0.728075 0.6669921875 0.723175 0.6337890625 0.708965625 0.6005859375 0.7006375 0.6171875 0.6898578125 0.638671875
4 0.6261640625 0.728515625 0.6261640625 0.6904296875 0.6286140625 0.65234375 0.6330234375 0.619140625 0.6144046875 0.60546875 0.5962765625 0.6103515625 0.5987265625 0.6435546875 0.603625 0.6806640625 0.6070546875 0.71875 0.6095046875000001 0.740234375 0.6119546875 0.77734375 0.620284375 0.7568359375 0.6261640625 0.728515625
5 0.6011765625 0.70703125 0.597746875 0.671875 0.597746875 0.6171875 0.5776578125 0.59375 0.5658984375 0.638671875 0.571778125 0.6904296875 0.5737390625 0.740234375 0.5752078125 0.77734375 0.5810875 0.80859375 0.5952968750000001 0.77734375 0.6011765625 0.744140625 0.6011765625 0.70703125
6 0.5658984375 0.7158203125 0.5658984375 0.6806640625 0.5668796875 0.640625 0.5668796875 0.6025390625 0.53748125 0.60546875 0.5394421875 0.6337890625 0.5433609374999999 0.6640625 0.5477703125 0.697265625 0.5502203125 0.744140625 0.5575703125 0.787109375 0.56345 0.75390625 0.5658984375 0.7158203125
7 0.5360125 0.671875 0.5360125 0.638671875 0.53748125 0.6025390625 0.5193531250000001 0.6025390625 0.5090640625 0.6025390625 0.5134734375 0.638671875 0.5193531250000001 0.6689453125 0.5193531250000001 0.7119140625 0.5296421875 0.767578125 0.5350312500000001 0.740234375 0.5360125 0.70703125 0.5360125 0.671875
8 0.5110234375 0.6591796875 0.5110234375 0.607421875 0.48407656250000003 0.60546875 0.48505624999999997 0.6552734375 0.48995625 0.6904296875 0.4948546875 0.732421875 0.5051453125 0.7724609375 0.51004375 0.73046875 0.51004375 0.6923828125 0.5110234375 0.6591796875
9 0.48162656249999997 0.60546875 0.4683984375 0.6005859375 0.45418906249999996 0.607421875 0.4566390625 0.6455078125 0.458109375 0.6904296875 0.4674171875 0.744140625 0.48162656249999997 0.732421875 0.48162656249999997 0.6904296875 0.48162656249999997 0.6552734375 0.48162656249999997 0.60546875
10 0.45075937499999996 0.6435546875 0.45075937499999996 0.5986328125 0.4355703125 0.5986328125 0.42136250000000003 0.6123046875 0.42479218750000003 0.6455078125 0.4272421875 0.7001953125 0.4272421875 0.751953125 0.448309375 0.7607421875 0.45075937499999996 0.728515625 0.45075937499999996 0.685546875 0.45075937499999996 0.6435546875
11 0.40274374999999996 0.7783203125 0.4174421875 0.779296875 0.4198921875 0.7412109375 0.42038281250000004 0.7138671875 0.42038281250000004 0.681640625 0.4130328125 0.67578125 0.3968640625 0.6796875 0.389515625 0.7109375 0.40274374999999996 0.7783203125