31 0.388671875 0.244978125 0.412109375 0.2341984375 0.4287109375 0.222440625 0.4140625 0.20921093750000003 0.3837890625 0.2023515625 0.35546875 0.1999015625 0.33203125 0.212640625 0.3154296875 0.22587031249999998 0.287109375 0.24252812499999998 0.2724609375 0.2533078125 0.2958984375 0.262615625 0.333984375 0.2577171875 0.3642578125 0.2508578125 0.388671875 0.244978125
2 0.4306640625 0.27535468750000003 0.4609375 0.27535468750000003 0.4873046875 0.269475 0.4892578125 0.2567375 0.4775390625 0.237628125 0.4375 0.2293 0.404296875 0.237628125 0.3671875 0.2484078125 0.3125 0.262615625 0.310546875 0.27535468750000003 0.35546875 0.27535468750000003 0.37890625 0.27535468750000003 0.404296875 0.27535468750000003 0.4306640625 0.27535468750000003
13 0.501953125 0.3170015625 0.515625 0.306221875 0.5107421875 0.283684375 0.4775390625 0.274375 0.4423828125 0.281725 0.388671875 0.2851546875 0.33203125 0.2944640625 0.35546875 0.3145515625 0.3974609375 0.3170015625 0.458984375 0.3194515625 0.501953125 0.3170015625
17 0.5107421875 0.3537484375 0.5302734375 0.3370890625 0.5087890625 0.3170015625 0.4873046875 0.3219015625 0.44921875 0.3263109375 0.3974609375 0.333659375 0.3271484375 0.3419890625 0.31640625 0.3537484375 0.404296875 0.35276874999999996 0.447265625 0.354728125 0.482421875 0.357178125 0.5107421875 0.3537484375
18 0.5107421875 0.391475 0.5322265625 0.382165625 0.5439453125 0.3669765625 0.517578125 0.3537484375 0.4970703125 0.354728125 0.46875 0.359628125 0.423828125 0.3669765625 0.34765625 0.3669765625 0.330078125 0.38265625000000003 0.37890625 0.3831453125 0.4169921875 0.3855953125 0.470703125 0.389025 0.5107421875 0.391475
19 0.4638671875 0.4174421875 0.501953125 0.42479218750000003 0.5322265625 0.4198921875 0.5439453125 0.409603125 0.5419921875 0.39735468749999997 0.525390625 0.38804531249999996 0.4970703125 0.38804531249999996 0.4638671875 0.38804531249999996 0.42578125 0.389025 0.3671875 0.391475 0.3359375 0.39882343750000004 0.34765625 0.409603125 0.3857421875 0.41548281249999997 0.4208984375 0.41548281249999997 0.4638671875 0.4174421875
20 0.5537109375 0.45565937500000003 0.55859375 0.4331203125 0.5302734375 0.42234218749999997 0.4970703125 0.4272421875 0.46875 0.4331203125 0.4169921875 0.43655 0.353515625 0.44242968749999995 0.345703125 0.45418906249999996 0.400390625 0.45369843750000005 0.4541015625 0.45222968750000003 0.501953125 0.458109375 0.5537109375 0.45565937500000003
21 0.5458984375 0.5026953125 0.5654296875 0.48995625 0.5654296875 0.47329687500000006 0.55078125 0.45908906250000003 0.5205078125 0.458109375 0.4892578125 0.46496875 0.4375 0.4683984375 0.380859375 0.46986718749999995 0.3671875 0.48750625000000003 0.4169921875 0.48750625000000003 0.4521484375 0.4933859375 0.4990234375 0.49926562499999994 0.5458984375 0.5026953125
22 0.46875 0.53748125 0.50390625 0.541890625 0.5341796875 0.541890625 0.560546875 0.5350312500000001 0.560546875 0.5208234375 0.5439453125 0.5007343750000001 0.515625 0.49926562499999994 0.4736328125 0.5051453125 0.42578125 0.51004375 0.3642578125 0.5110234375 0.34765625 0.524253125 0.3671875 0.5335625 0.4091796875 0.5335625 0.435546875 0.5360125 0.46875 0.53748125
30 0.517578125 0.5776578125 0.548828125 0.5776578125 0.55859375 0.5644296875 0.5625 0.5526703125 0.5419921875 0.5453203125 0.50390625 0.5467906250000001 0.46875 0.5502203125 0.42578125 0.5502203125 0.3974609375 0.5502203125 0.3642578125 0.5502203125 0.373046875 0.5619796874999999 0.4208984375 0.5658984375 0.44921875 0.569328125 0.48046875 0.571778125 0.517578125 0.5776578125
29 0.5302734375 0.6119546875 0.55859375 0.6070546875 0.5537109375 0.587946875 0.525390625 0.5776578125 0.4970703125 0.5776578125 0.45703125 0.5835375 0.4189453125 0.5859875 0.3203125 0.5943171875 0.3173828125 0.604115625 0.42578125 0.6050953125 0.458984375 0.6060749999999999 0.4970703125 0.6080359375 0.5302734375 0.6119546875
23 0.517578125 0.6447812500000001 0.5439453125 0.63204375 0.5341796875 0.6163640625 0.513671875 0.6080359375 0.4736328125 0.6119546875 0.4189453125 0.615384375 0.341796875 0.6188140625 0.337890625 0.62714375 0.3984375 0.6300828125 0.435546875 0.6344921875 0.4873046875 0.640371875 0.517578125 0.6447812500000001
24 0.505859375 0.6780984375 0.5322265625 0.661440625 0.515625 0.6438015625 0.4755859375 0.638903125 0.4287109375 0.6462515625 0.3837890625 0.6462515625 0.33203125 0.6462515625 0.322265625 0.65703125 0.40234375 0.663890625 0.447265625 0.6687890624999999 0.48046875 0.6756484375 0.505859375 0.6780984375
25 0.44921875 0.7197453125 0.4921875 0.7197453125 0.5107421875 0.709946875 0.5205078125 0.6947578125 0.5087890625 0.679078125 0.48046875 0.6780984375 0.4423828125 0.6805484374999999 0.4140625 0.6780984375 0.3623046875 0.6697703125000001 0.400390625 0.6932875000000001 0.3388671875 0.7006375 0.37890625 0.7055359375 0.4169921875 0.708965625 0.44921875 0.7197453125
26 0.447265625 0.7658015625 0.470703125 0.755021875 0.4892578125 0.7422828124999999 0.4873046875 0.723175 0.4609375 0.7207250000000001 0.4287109375 0.7207250000000001 0.392578125 0.7197453125 0.3232421875 0.716315625 0.333984375 0.7324843750000001 0.3623046875 0.7432624999999999 0.390625 0.752571875 0.4140625 0.7633515625 0.447265625 0.7658015625
27 0.345703125 0.78931875 0.369140625 0.778540625 0.40234375 0.7751109375 0.40234375 0.7599218750000001 0.3623046875 0.7481625000000001 0.3193359375 0.7359140625 0.3125 0.7466921875 0.2890625 0.7481625000000001 0.3037109375 0.7609015625 0.3193359375 0.7805 0.345703125 0.78931875
28 0.615234375 0.804996875 0.638671875 0.8000984375 0.5908203125 0.7834390625000001 0.6640625 0.7927484375 0.65234375 0.7775593749999999 0.626953125 0.76923125 0.5908203125 0.7633515625 0.5654296875 0.757471875 0.5390625 0.7501218749999999 0.4990234375 0.7501218749999999 0.4873046875 0.762371875 0.4873046875 0.7809890625 0.494140625 0.7951984375000001 0.529296875 0.79911875 0.57421875 0.79911875 0.615234375 0.804996875
0 0.640625 0.76433125 0.673828125 0.7726609375 0.615234375 0.7432624999999999 0.685546875 0.757471875 0.6787109375 0.7398328125 0.65234375 0.7315046875 0.626953125 0.7207250000000001 0.5908203125 0.711415625 0.5654296875 0.7016171875 0.5439453125 0.7197453125 0.5205078125 0.7339546875 0.5322265625 0.7457125 0.5703125 0.752571875 0.60546875 0.7584515625 0.640625 0.76433125
1 0.73046875 0.7148453124999999 0.6689453125 0.691328125 0.6953125 0.6874078124999999 0.73046875 0.6923078125 0.75390625 0.688878125 0.71875 0.67711875 0.6875 0.6722187500000001 0.6552734375 0.6687890624999999 0.6240234375 0.663890625 0.595703125 0.6580109375000001 0.572265625 0.65703125 0.5673828125 0.6805484374999999 0.5673828125 0.7055359375 0.6103515625 0.7065171875 0.662109375 0.7055359375 0.697265625 0.708965625 0.73046875 0.7148453124999999
3 0.7236328125 0.65458125 0.75390625 0.65458125 0.7939453125 0.65458125 0.765625 0.6438015625 0.73046875 0.638903125 0.685546875 0.63204375 0.650390625 0.62714375 0.615234375 0.6188140625 0.5908203125 0.6188140625 0.58203125 0.6286140625 0.5771484375 0.6438015625 0.5908203125 0.6580109375000001 0.6357421875 0.65458125 0.68359375 0.65458125 0.7236328125 0.65458125
4 0.73046875 0.6188140625 0.7705078125 0.6178343749999999 0.7724609375 0.6060749999999999 0.744140625 0.60215625 0.708984375 0.5987265625 0.68359375 0.5987265625 0.640625 0.5952968750000001 0.6103515625 0.5894171874999999 0.5986328125 0.5987265625 0.5908203125 0.6119546875 0.6103515625 0.6212640625 0.6435546875 0.62224375 0.685546875 0.62224375 0.73046875 0.6188140625
5 0.7470703125 0.5918671875 0.7919921875 0.5835375 0.73046875 0.5752078125 0.6875 0.5668796875 0.6591796875 0.5619796874999999 0.6240234375 0.5575703125 0.595703125 0.5575703125 0.595703125 0.570309375 0.60546875 0.5903968749999999 0.638671875 0.5894171874999999 0.6787109375 0.5918671875 0.7158203125 0.5918671875 0.7470703125 0.5918671875
6 0.740234375 0.544340625 0.70703125 0.5360125 0.6689453125 0.5360125 0.6357421875 0.5311125 0.607421875 0.529153125 0.572265625 0.529153125 0.572265625 0.544340625 0.5888671875 0.561 0.6337890625 0.5551203124999999 0.671875 0.55365 0.708984375 0.551690625 0.740234375 0.544340625
7 0.6787109375 0.5051453125 0.6474609375 0.5041640625 0.6171875 0.5007343750000001 0.58203125 0.49926562499999994 0.583984375 0.5276828124999999 0.6171875 0.5267031249999999 0.6650390625 0.521803125 0.7041015625 0.521803125 0.7236328125 0.51249375 0.6787109375 0.5051453125
8 0.70703125 0.48162656249999997 0.6689453125 0.4791765625 0.6337890625 0.4791765625 0.5869140625 0.47329687500000006 0.5791015625 0.498284375 0.6220703125 0.498284375 0.6591796875 0.4948546875 0.6923828125 0.4933859375 0.728515625 0.49240625 0.70703125 0.48162656249999997
9 0.720703125 0.4566390625 0.6806640625 0.45418906249999996 0.6455078125 0.448309375 0.619140625 0.4439 0.583984375 0.4399796875 0.57421875 0.4723171875 0.615234375 0.4723171875 0.6474609375 0.470846875 0.685546875 0.46986718749999995 0.740234375 0.4674171875 0.720703125 0.4566390625
10 0.708984375 0.4355703125 0.7490234375 0.4341015625 0.7822265625 0.42479218750000003 0.7568359375 0.4174421875 0.71875 0.4164625 0.671875 0.41156249999999994 0.6337890625 0.409603125 0.5908203125 0.4081328125 0.5888671875 0.42136250000000003 0.5771484375 0.44145 0.619140625 0.44242968749999995 0.650390625 0.43899999999999995 0.6806640625 0.43802031250000006 0.708984375 0.4355703125
11 0.7587890625 0.39294531250000003 0.7373046875 0.387065625 0.7021484375 0.384615625 0.6689453125 0.382165625 0.640625 0.377265625 0.6171875 0.37285625 0.59375 0.374815625 0.5888671875 0.38804531249999996 0.6005859375 0.4081328125 0.650390625 0.404703125 0.68359375 0.402253125 0.73046875 0.402253125 0.7587890625 0.39294531250000003
12 0.744140625 0.3512984375 0.77734375 0.33121093749999997 0.7373046875 0.33464062499999997 0.7001953125 0.3395390625 0.6591796875 0.3419890625 0.615234375 0.34296875 0.5791015625 0.3444390625 0.57421875 0.362078125 0.5888671875 0.379715625 0.6474609375 0.37285625 0.67578125 0.36550781250000003 0.71875 0.359628125 0.744140625 0.3512984375
14 0.6435546875 0.33121093749999997 0.6689453125 0.33022968750000004 0.7041015625 0.3263109375 0.73046875 0.3170015625 0.740234375 0.2959328125 0.7041015625 0.30867187500000004 0.6669921875 0.30867187500000004 0.70703125 0.29789374999999996 0.73046875 0.283684375 0.751953125 0.2709453125 0.71875 0.269475 0.685546875 0.2802546875 0.6591796875 0.288584375 0.6220703125 0.2895640625 0.5888671875 0.2895640625 0.560546875 0.2934828125 0.55859375 0.3101421875 0.5771484375 0.3219015625 0.5625 0.34051875 0.5908203125 0.3444390625 0.6171875 0.3395390625 0.6435546875 0.33121093749999997
15 0.638671875 0.27192500000000003 0.6689453125 0.261146875 0.6953125 0.244978125 0.7021484375 0.2293 0.662109375 0.24105781249999997 0.6806640625 0.2209703125 0.6474609375 0.22831875 0.6123046875 0.2341984375 0.5673828125 0.23909843749999998 0.52734375 0.2435078125 0.5205078125 0.2577171875 0.5390625 0.26849531249999997 0.5458984375 0.283684375 0.5703125 0.2934828125 0.6025390625 0.281725 0.638671875 0.27192500000000003
16 0.5986328125 0.22831875 0.6357421875 0.2234203125 0.6669921875 0.2185203125 0.6689453125 0.1974515625 0.640625 0.20333125000000002 0.5986328125 0.20823125 0.6171875 0.1974515625 0.6474609375 0.18569375 0.6123046875 0.18569375 0.572265625 0.18569375 0.5419921875 0.1866734375 0.4921875 0.19647187500000002 0.513671875 0.2185203125 0.4990234375 0.23664843750000003 0.52734375 0.2435078125 0.5654296875 0.2317484375 0.5986328125 0.22831875