31 0.64453125 0.737384375 0.6494140625 0.7515921875 0.6826171875 0.7589421875 0.7158203125 0.764821875 0.744140625 0.7457125 0.7626953125 0.7324843750000001 0.734375 0.7138656250000001 0.6943359375 0.718275 0.6640625 0.725625 0.64453125 0.737384375
2 0.5625 0.7104359375 0.529296875 0.7148453124999999 0.529296875 0.730525 0.55078125 0.7408140624999999 0.5712890625 0.7481625000000001 0.59765625 0.7432624999999999 0.62109375 0.7315046875 0.666015625 0.7207250000000001 0.689453125 0.7040671875 0.6640625 0.6937781249999999 0.630859375 0.6972078125000001 0.595703125 0.7055359375 0.5625 0.7104359375
13 0.576171875 0.665359375 0.541015625 0.6643796875 0.4970703125 0.66585 0.4912109375 0.67711875 0.5009765625 0.691328125 0.5029296875 0.7065171875 0.541015625 0.7148453124999999 0.576171875 0.7030875 0.6142578125 0.6937781249999999 0.642578125 0.6864281250000001 0.6494140625 0.6736890625 0.64453125 0.661440625 0.611328125 0.661440625 0.576171875 0.665359375
17 0.515625 0.6393921875 0.513671875 0.6482109375 0.517578125 0.656540625 0.53125 0.661440625 0.55078125 0.6629109375 0.6025390625 0.6555609375 0.630859375 0.6521312499999999 0.623046875 0.6344921875 0.576171875 0.6217546875 0.53515625 0.624203125 0.515625 0.6393921875
18 0.4697265625 0.6095046875000001 0.462890625 0.6227343750000001 0.4775390625 0.6344921875 0.5146484375 0.6310625 0.55078125 0.62714375 0.6240234375 0.6212640625 0.642578125 0.610975 0.5673828125 0.6070546875 0.53125 0.60460625 0.498046875 0.6011765625 0.4697265625 0.6095046875000001
19 0.4912109375 0.6011765625 0.5263671875 0.6011765625 0.576171875 0.60460625 0.5224609375 0.5825578124999999 0.494140625 0.5752078125 0.4638671875 0.5761875 0.4658203125 0.6011765625 0.4912109375 0.6011765625
20 0.451171875 0.5541406249999999 0.451171875 0.5644296875 0.462890625 0.5752078125 0.498046875 0.574228125 0.5390625 0.569328125 0.5830078125 0.5619796874999999 0.607421875 0.544340625 0.5595703125 0.5409109375 0.5244140625 0.541890625 0.486328125 0.5458109375 0.451171875 0.5541406249999999
21 0.4560546875 0.5090640625 0.44921875 0.541890625 0.4775390625 0.5433609374999999 0.505859375 0.5433609374999999 0.5478515625 0.541890625 0.5927734375 0.53748125 0.599609375 0.5257234375000001 0.5791015625 0.51739375 0.5478515625 0.5134734375 0.5078125 0.5075937500000001 0.4560546875 0.5090640625
22 0.44921875 0.46986718749999995 0.4560546875 0.5066140625 0.4794921875 0.5066140625 0.505859375 0.5066140625 0.55078125 0.5007343750000001 0.595703125 0.4948546875 0.599609375 0.480646875 0.576171875 0.46986718749999995 0.5361328125 0.46986718749999995 0.49609375 0.46986718749999995 0.44921875 0.46986718749999995
30 0.4580078125 0.43655 0.451171875 0.4605578125 0.4775390625 0.46643749999999995 0.5263671875 0.46986718749999995 0.5859375 0.46986718749999995 0.59765625 0.4566390625 0.564453125 0.4473296875 0.5361328125 0.44242968749999995 0.5009765625 0.43899999999999995 0.4580078125 0.43655
29 0.462890625 0.4272421875 0.4775390625 0.43655 0.5078125 0.430671875 0.5478515625 0.41548281249999997 0.5546875 0.4061734375 0.5126953125 0.409603125 0.486328125 0.409603125 0.4560546875 0.41058281250000006 0.462890625 0.4272421875
23 0.4599609375 0.370896875 0.4892578125 0.3904953125 0.4794921875 0.402253125 0.505859375 0.4081328125 0.5458984375 0.402253125 0.59765625 0.39539375 0.6240234375 0.382165625 0.5908203125 0.36795625 0.5478515625 0.36795625 0.4814453125 0.365996875 0.4599609375 0.370896875
24 0.4560546875 0.357178125 0.47265625 0.37040625 0.48828125 0.3782453125 0.5283203125 0.38265625000000003 0.552734375 0.379715625 0.578125 0.375796875 0.587890625 0.36550781250000003 0.595703125 0.3537484375 0.5625 0.3512984375 0.5263671875 0.34492968749999997 0.4794921875 0.34394843750000004 0.4560546875 0.357178125
25 0.5625 0.30867187500000004 0.5263671875 0.3018125 0.4912109375 0.3018125 0.4892578125 0.316021875 0.4794921875 0.3326796875 0.4912109375 0.34541875 0.51953125 0.3493390625 0.552734375 0.35031875 0.6044921875 0.3512984375 0.6376953125 0.34296875 0.65625 0.33022968750000004 0.6259765625 0.3219015625 0.587890625 0.316021875 0.5625 0.30867187500000004
26 0.5546875 0.2660453125 0.5341796875 0.2758453125 0.5244140625 0.2934828125 0.5458984375 0.30279218750000003 0.576171875 0.3076921875 0.6044921875 0.313571875 0.6396484375 0.3219015625 0.67578125 0.3170015625 0.666015625 0.2969125 0.6376953125 0.2876046875 0.611328125 0.2758453125 0.587890625 0.26506562499999997 0.5546875 0.2660453125
27 0.677734375 0.2508578125 0.642578125 0.25575625 0.6162109375 0.2709453125 0.64453125 0.29005312499999997 0.6826171875 0.3042625 0.712890625 0.2934828125 0.734375 0.2827046875 0.720703125 0.2709453125 0.7041015625 0.2601671875 0.677734375 0.2508578125
28 0.4091796875 0.1705046875 0.39453125 0.1822640625 0.3974609375 0.20088124999999998 0.4111328125 0.217540625 0.44140625 0.217540625 0.462890625 0.20823125 0.498046875 0.20823125 0.5029296875 0.1930421875 0.4794921875 0.18079375 0.4658203125 0.1705046875 0.439453125 0.1656046875 0.4091796875 0.1705046875
0 0.40625 0.217540625 0.3828125 0.20921093750000003 0.3828125 0.2234203125 0.4111328125 0.24154843750000002 0.384765625 0.237628125 0.3564453125 0.23664843750000003 0.3935546875 0.25036718750000003 0.41796875 0.26849531249999997 0.4375 0.2758453125 0.462890625 0.2802546875 0.4912109375 0.269965625 0.486328125 0.2542875 0.505859375 0.2435078125 0.4794921875 0.23076875000000002 0.4375 0.22831875 0.40625 0.217540625
1 0.369140625 0.2616359375 0.34765625 0.2484078125 0.3193359375 0.2459578125 0.3642578125 0.2827046875 0.314453125 0.2827046875 0.314453125 0.2934828125 0.3427734375 0.3018125 0.37109375 0.316021875 0.39453125 0.32533124999999996 0.41796875 0.33121093749999997 0.4375 0.333659375 0.4560546875 0.313571875 0.4658203125 0.2959328125 0.4609375 0.2827046875 0.4208984375 0.2782953125 0.39453125 0.27339531250000004 0.369140625 0.2616359375
3 0.224609375 0.30279218750000003 0.267578125 0.3194515625 0.3095703125 0.3370890625 0.3427734375 0.347378125 0.3662109375 0.3351296875 0.3564453125 0.3145515625 0.3125 0.3067125 0.271484375 0.2983828125 0.234375 0.292503125 0.224609375 0.30279218750000003
4 0.2529296875 0.362078125 0.2744140625 0.37530625 0.3095703125 0.387065625 0.3359375 0.39392499999999997 0.359375 0.40372343749999995 0.3759765625 0.41058281250000006 0.40625 0.39882343750000004 0.404296875 0.379715625 0.361328125 0.37530625 0.32421875 0.36795625 0.29296875 0.3645265625 0.2529296875 0.362078125
5 0.2529296875 0.42626093750000005 0.29296875 0.43655 0.3310546875 0.44634999999999997 0.359375 0.45320937499999997 0.384765625 0.4546796875 0.416015625 0.4404703125 0.3974609375 0.42626093750000005 0.3564453125 0.42136250000000003 0.314453125 0.4164625 0.2744140625 0.4164625 0.2529296875 0.42626093750000005
6 0.3408203125 0.47819687499999997 0.37109375 0.48309687500000004 0.4091796875 0.48407656250000003 0.404296875 0.4546796875 0.3525390625 0.4566390625 0.3095703125 0.45908906250000003 0.2646484375 0.4639875 0.3046875 0.470846875 0.3408203125 0.47819687499999997
7 0.34375 0.5051453125 0.4091796875 0.51249375 0.4091796875 0.48407656250000003 0.359375 0.48407656250000003 0.314453125 0.48407656250000003 0.2626953125 0.49093593750000003 0.314453125 0.501715625 0.34375 0.5051453125
8 0.3525390625 0.5360125 0.40625 0.5384609375 0.4091796875 0.5090640625 0.3662109375 0.51249375 0.328125 0.5183734375 0.28125 0.524253125 0.3076171875 0.5360125 0.3525390625 0.5360125
9 0.3427734375 0.5619796874999999 0.380859375 0.5658984375 0.4091796875 0.5658984375 0.404296875 0.53748125 0.3564453125 0.53993125 0.326171875 0.5458109375 0.2763671875 0.551690625 0.29296875 0.5619796874999999 0.3427734375 0.5619796874999999
10 0.26953125 0.5845171875 0.24609375 0.6001953125 0.26953125 0.6095046875000001 0.3046875 0.60460625 0.3408203125 0.60460625 0.3779296875 0.603625 0.4228515625 0.5943171875 0.4208984375 0.5786374999999999 0.39453125 0.569328125 0.349609375 0.569328125 0.302734375 0.5761875 0.26953125 0.5845171875
11 0.349609375 0.6286140625 0.384765625 0.6330234375 0.4228515625 0.6354734375 0.427734375 0.60460625 0.3876953125 0.610975 0.3544921875 0.610975 0.314453125 0.6188140625 0.314453125 0.62959375 0.349609375 0.6286140625
12 0.3095703125 0.64968125 0.279296875 0.65948125 0.31640625 0.661440625 0.359375 0.661440625 0.384765625 0.667809375 0.416015625 0.667809375 0.44140625 0.665359375 0.451171875 0.6521312499999999 0.4375 0.6393921875 0.4111328125 0.6354734375 0.3828125 0.6438015625 0.34765625 0.6462515625 0.3095703125 0.64968125
14 0.4326171875 0.6722187500000001 0.404296875 0.6854484375000001 0.37109375 0.6962265624999999 0.337890625 0.7055359375 0.314453125 0.716315625 0.2958984375 0.7339546875 0.3427734375 0.7197453125 0.380859375 0.7246453125000001 0.3662109375 0.734934375 0.3447265625 0.7447328125 0.328125 0.7589421875 0.373046875 0.7466921875 0.40625 0.7324843750000001 0.4326171875 0.7266046875 0.4658203125 0.7221953125 0.4775390625 0.7079859374999999 0.4677734375 0.6923078125 0.462890625 0.6722187500000001 0.4326171875 0.6722187500000001
15 0.4541015625 0.7266046875 0.4326171875 0.734934375 0.392578125 0.7432624999999999 0.3779296875 0.757471875 0.3642578125 0.77315 0.361328125 0.78931875 0.384765625 0.79176875 0.4228515625 0.780009375 0.462890625 0.7751109375 0.5009765625 0.7672703125 0.5244140625 0.7589421875 0.505859375 0.7432624999999999 0.5029296875 0.7290546875 0.4794921875 0.718275 0.4541015625 0.7266046875
16 0.40625 0.803528125 0.3896484375 0.8299859375 0.4345703125 0.8299859375 0.4658203125 0.8402749999999999 0.4912109375 0.8250859374999999 0.5146484375 0.8084265625 0.5029296875 0.79421875 0.478515625 0.7873593750000001 0.4541015625 0.7775593749999999 0.4091796875 0.784909375 0.40625 0.803528125
19 0.609375 0.5629593749999999 0.5859375 0.5595296875 0.55859375 0.5590390625 0.53515625 0.56345 0.517578125 0.5761875 0.5361328125 0.5859875 0.5693359375 0.6001953125 0.607421875 0.6055859375 0.6494140625 0.6075453125 0.6982421875 0.6080359375 0.7138671875 0.5938265625 0.6982421875 0.5781484375 0.666015625 0.56981875 0.63671875 0.56736875 0.609375 0.5629593749999999
29 0.611328125 0.39735468749999997 0.5888671875 0.402253125 0.5654296875 0.409603125 0.53125 0.4198921875 0.5185546875 0.4331203125 0.54296875 0.4404703125 0.56640625 0.4492890625 0.591796875 0.45075937499999996 0.6201171875 0.4409609375 0.65234375 0.43165156250000003 0.673828125 0.42136250000000003 0.69921875 0.41499218750000005 0.720703125 0.402253125 0.6953125 0.3998046875 0.6650390625 0.398334375 0.6396484375 0.39735468749999997 0.611328125 0.39735468749999997
12 0.3798828125 0.68201875 0.373046875 0.670259375 0.3544921875 0.661440625 0.33203125 0.665359375 0.306640625 0.6741796875 0.2763671875 0.6874078124999999 0.248046875 0.6962265624999999 0.2275390625 0.7065171875 0.2099609375 0.716315625 0.2333984375 0.7226843749999999 0.2587890625 0.7153359375 0.2919921875 0.709946875 0.3193359375 0.70455625 0.349609375 0.70210625 0.380859375 0.6957375 0.3798828125 0.68201875
19 0.6494140625 0.6075453125 0.6982421875 0.6080359375 0.607421875 0.6055859375 0.6494140625 0.6075453125
17 0.509765625 0.626653125 0.4873046875 0.626653125 0.4775390625 0.629103125 0.474609375 0.6369421875 0.4794921875 0.6447812500000001 0.4794921875 0.6487015625 0.4794921875 0.6555609375 0.4814453125 0.663890625 0.4921875 0.667809375 0.5107421875 0.6683 0.5263671875 0.6619296875 0.5048828125 0.6491921875 0.513671875 0.640371875 0.5224609375 0.6344921875 0.5224609375 0.6256734374999999 0.509765625 0.626653125