31 0.26751562500000003 0.2373046875 0.2542875 0.255859375 0.23517812500000002 0.2841796875 0.24105781249999997 0.3173828125 0.2484078125 0.3505859375 0.262615625 0.35546875 0.274375 0.3359375 0.281725 0.3056640625 0.286134375 0.265625 0.26751562500000003 0.2373046875
2 0.2944640625 0.404296875 0.30279218750000003 0.369140625 0.306221875 0.3359375 0.2959328125 0.310546875 0.279275 0.333984375 0.26849531249999997 0.37890625 0.2567375 0.40234375 0.2518375 0.4287109375 0.25918593749999996 0.44921875 0.269475 0.470703125 0.2851546875 0.470703125 0.2895640625 0.4375 0.2944640625 0.404296875
13 0.33464062499999997 0.423828125 0.338559375 0.388671875 0.338559375 0.35546875 0.3263109375 0.3505859375 0.313571875 0.357421875 0.306221875 0.3857421875 0.2969125 0.423828125 0.2851546875 0.458984375 0.2934828125 0.4970703125 0.30867187500000004 0.4990234375 0.32288125 0.5087890625 0.33415 0.5029296875 0.3356203125 0.458984375 0.33464062499999997 0.423828125
17 0.36550781250000003 0.376953125 0.34786875 0.369140625 0.3444390625 0.3974609375 0.3370890625 0.44921875 0.338559375 0.46875 0.343459375 0.482421875 0.3517890625 0.486328125 0.36060781249999996 0.484375 0.375796875 0.46484375 0.3782453125 0.423828125 0.36550781250000003 0.376953125
18 0.39294531250000003 0.4326171875 0.389025 0.357421875 0.3787359375 0.3759765625 0.37285625 0.44921875 0.36893750000000003 0.4853515625 0.36550781250000003 0.5224609375 0.377265625 0.537109375 0.3904953125 0.5302734375 0.39882343750000004 0.501953125 0.39539375 0.46875 0.39294531250000003 0.4326171875
19 0.39882343750000004 0.4736328125 0.39882343750000004 0.5087890625 0.39882343750000004 0.5341796875 0.42381250000000004 0.5361328125 0.42479218750000003 0.505859375 0.4174421875 0.4775390625 0.39539375 0.423828125 0.39882343750000004 0.4736328125
20 0.45908906250000003 0.4404296875 0.45565937500000003 0.392578125 0.43802031250000006 0.4169921875 0.430671875 0.4609375 0.425771875 0.501953125 0.42479218750000003 0.537109375 0.4355703125 0.548828125 0.44585937500000006 0.548828125 0.45418906249999996 0.513671875 0.458109375 0.4755859375 0.45908906250000003 0.4404296875
21 0.48260625 0.4208984375 0.47427656249999994 0.400390625 0.46251875 0.4072265625 0.458109375 0.4521484375 0.4566390625 0.494140625 0.4566390625 0.5224609375 0.458109375 0.55078125 0.49093593750000003 0.5439453125 0.49240625 0.4921875 0.48652656250000004 0.4521484375 0.48260625 0.4208984375
22 0.5301328125 0.423828125 0.5193531250000001 0.400390625 0.5051453125 0.404296875 0.49926562499999994 0.44921875 0.4933859375 0.494140625 0.4933859375 0.5205078125 0.4933859375 0.5439453125 0.5301328125 0.55078125 0.5301328125 0.50390625 0.5301328125 0.4638671875 0.5301328125 0.423828125
30 0.5433609374999999 0.40234375 0.5301328125 0.4140625 0.5301328125 0.4736328125 0.5335625 0.5224609375 0.5394421875 0.548828125 0.56345 0.5419921875 0.561 0.4990234375 0.5575703125 0.4638671875 0.5526703125 0.435546875 0.5433609374999999 0.40234375
29 0.5845171875 0.4521484375 0.569328125 0.4921875 0.56345 0.5224609375 0.5727578125 0.537109375 0.5894171874999999 0.5439453125 0.5903968749999999 0.513671875 0.5903968749999999 0.4873046875 0.5938265625 0.4453125 0.5845171875 0.4521484375
23 0.63204375 0.4091796875 0.6178343749999999 0.3759765625 0.60460625 0.40234375 0.597746875 0.4541015625 0.5918671875 0.494140625 0.597746875 0.5205078125 0.6095046875000001 0.5107421875 0.629103125 0.5400390625 0.634003125 0.5185546875 0.63204375 0.4521484375 0.63204375 0.4091796875
24 0.6550703125 0.4736328125 0.6487015625 0.4375 0.6462515625 0.404296875 0.6344921875 0.412109375 0.624203125 0.421875 0.620284375 0.447265625 0.6173437500000001 0.4716796875 0.6217546875 0.51171875 0.62959375 0.52734375 0.642821875 0.5439453125 0.6560515625 0.5205078125 0.6550703125 0.4736328125
25 0.691328125 0.4375 0.683978125 0.412109375 0.6780984375 0.3740234375 0.6697703125000001 0.34375 0.65703125 0.3623046875 0.6487015625 0.3955078125 0.64968125 0.447265625 0.6506609375 0.48046875 0.65458125 0.5087890625 0.6673203125 0.5205078125 0.683978125 0.5107421875 0.6981875 0.5087890625 0.6981875 0.4736328125 0.691328125 0.4375
26 0.734934375 0.412109375 0.7241546875 0.388671875 0.7123953125 0.3623046875 0.7030875 0.333984375 0.6829984375 0.32421875 0.6780984375 0.3603515625 0.6864281250000001 0.3955078125 0.6923078125 0.423828125 0.6972078125000001 0.4541015625 0.7065171875 0.4755859375 0.7241546875 0.4658203125 0.7339546875 0.4453125 0.734934375 0.412109375
27 0.7065171875 0.287109375 0.6957375 0.3173828125 0.709946875 0.35546875 0.7290546875 0.3837890625 0.74424375 0.357421875 0.7491421875000001 0.322265625 0.7398328125 0.2958984375 0.7290546875 0.279296875 0.7172953125 0.265625 0.7065171875 0.287109375
28 0.8294953125 0.5341796875 0.81920625 0.5205078125 0.8069578125 0.4970703125 0.79176875 0.501953125 0.79176875 0.537109375 0.782459375 0.55859375 0.782459375 0.5888671875 0.79911875 0.6025390625 0.8177359375 0.60546875 0.8294953125 0.5908203125 0.8343953125000001 0.560546875 0.8294953125 0.5341796875
0 0.7765796875000001 0.6171875 0.7907890625 0.6171875 0.782459375 0.59375 0.77168125 0.5625 0.76923125 0.5205078125 0.7564921874999999 0.494140625 0.7457125 0.513671875 0.730034375 0.5087890625 0.7197453125 0.537109375 0.7241546875 0.5625 0.7315046875 0.58203125 0.7496328125 0.6064453125 0.7633515625 0.6435546875 0.762371875 0.615234375 0.7584515625 0.5888671875 0.7765796875000001 0.6171875
1 0.7172953125 0.6357421875 0.7540421875 0.6806640625 0.7515921875 0.65234375 0.7383640625 0.630859375 0.7266046875 0.60546875 0.7217046875 0.5791015625 0.7172953125 0.5390625 0.7040671875 0.5341796875 0.6864281250000001 0.5439453125 0.666340625 0.5625 0.6687890624999999 0.58203125 0.67466875 0.60546875 0.683978125 0.62890625 0.6981875 0.6572265625 0.7065171875 0.685546875 0.7172953125 0.685546875 0.7172953125 0.6357421875
3 0.6854484375000001 0.6435546875 0.6648703125 0.6337890625 0.652621875 0.6572265625 0.6629109375 0.6904296875 0.6805484374999999 0.732421875 0.6972078125000001 0.775390625 0.707496875 0.765625 0.7016171875 0.728515625 0.6932875000000001 0.6875 0.6854484375000001 0.6435546875
4 0.63204375 0.67578125 0.6246937499999999 0.638671875 0.620284375 0.595703125 0.6011765625 0.59375 0.5894171874999999 0.6240234375 0.5962765625 0.640625 0.6060749999999999 0.6640625 0.612934375 0.6904296875 0.6246937499999999 0.7255859375 0.637921875 0.7470703125 0.6354734375 0.70703125 0.63204375 0.67578125
5 0.5786374999999999 0.6435546875 0.5737390625 0.6025390625 0.5595296875 0.583984375 0.5453203125 0.615234375 0.5467906250000001 0.640625 0.55365 0.6689453125 0.56345 0.70703125 0.5737390625 0.7470703125 0.5835375 0.7255859375 0.5835375 0.685546875 0.5786374999999999 0.6435546875
6 0.5453203125 0.595703125 0.5159234374999999 0.5908203125 0.516903125 0.62890625 0.521803125 0.6591796875 0.529153125 0.6953125 0.5360125 0.7353515625 0.5409109375 0.6904296875 0.5433609374999999 0.6474609375 0.5453203125 0.595703125
7 0.48750625000000003 0.5908203125 0.4948546875 0.65625 0.498284375 0.685546875 0.5090640625 0.7373046875 0.5159234374999999 0.685546875 0.5159234374999999 0.640625 0.5159234374999999 0.5908203125 0.48750625000000003 0.5908203125
8 0.4615390625 0.59375 0.4639875 0.6474609375 0.4639875 0.6923828125 0.475746875 0.71875 0.48162656249999997 0.671875 0.48750625000000003 0.6337890625 0.49093593750000003 0.5908203125 0.4615390625 0.59375
9 0.46251875 0.595703125 0.4341015625 0.5908203125 0.4341015625 0.619140625 0.43802031250000006 0.6572265625 0.43802031250000006 0.70703125 0.448309375 0.7236328125 0.45418906249999996 0.673828125 0.46006875 0.6435546875 0.46251875 0.595703125
10 0.430671875 0.650390625 0.430671875 0.60546875 0.42136250000000003 0.5791015625 0.4056828125 0.5771484375 0.39637500000000003 0.6220703125 0.39539375 0.6591796875 0.39539375 0.6953125 0.3904953125 0.73046875 0.3998046875 0.75390625 0.41548281249999997 0.73046875 0.42381250000000004 0.697265625 0.430671875 0.650390625
11 0.39539375 0.572265625 0.3645265625 0.5771484375 0.3669765625 0.615234375 0.37138593750000004 0.650390625 0.37040625 0.685546875 0.3811859375 0.685546875 0.389025 0.6455078125 0.389025 0.6123046875 0.39539375 0.572265625
12 0.3537484375 0.65234375 0.3561984375 0.6171875 0.3645265625 0.5888671875 0.36060781249999996 0.5625 0.34786875 0.548828125 0.33464062499999997 0.55859375 0.332190625 0.583984375 0.332190625 0.615234375 0.338559375 0.640625 0.338559375 0.68359375 0.34051875 0.720703125 0.35031875 0.6904296875 0.3537484375 0.65234375
14 0.2660453125 0.7041015625 0.283684375 0.685546875 0.2944640625 0.662109375 0.30377343749999997 0.62890625 0.3145515625 0.595703125 0.32778125 0.5673828125 0.32778125 0.537109375 0.3076921875 0.5322265625 0.2920140625 0.5224609375 0.2778046875 0.5341796875 0.27339531250000004 0.5673828125 0.26751562500000003 0.59375 0.2533078125 0.626953125 0.24105781249999997 0.671875 0.2552671875 0.6552734375 0.26506562499999997 0.6337890625 0.27535468750000003 0.619140625 0.2802546875 0.6572265625 0.2660453125 0.7041015625
15 0.26506562499999997 0.5673828125 0.27339531250000004 0.5458984375 0.281725 0.5205078125 0.2709453125 0.4970703125 0.2567375 0.494140625 0.24105781249999997 0.4755859375 0.2327296875 0.4990234375 0.22488906250000001 0.537109375 0.21999062500000002 0.5771484375 0.20823125 0.615234375 0.21068125000000001 0.638671875 0.22685 0.6357421875 0.24252812499999998 0.6220703125 0.2567375 0.607421875 0.26506562499999997 0.5673828125
16 0.212640625 0.521484375 0.20578124999999997 0.4970703125 0.1915734375 0.4853515625 0.1749140625 0.5087890625 0.159725 0.5341796875 0.1700140625 0.5654296875 0.1700140625 0.6103515625 0.19647187500000002 0.59375 0.21509062499999998 0.5908203125 0.222440625 0.5458984375 0.212640625 0.521484375
19 0.4404703125 0.4140625 0.437040625 0.390625 0.43263125 0.36328125 0.43018124999999996 0.333984375 0.4218515625 0.3017578125 0.4061734375 0.2861328125 0.3919640625 0.3017578125 0.3924546875 0.3505859375 0.3944140625 0.392578125 0.3998046875 0.4306640625 0.4140125 0.4638671875 0.42381250000000004 0.482421875 0.43655 0.46484375 0.4409609375 0.44140625 0.4404703125 0.4140625
29 0.5801078125 0.46875 0.5903968749999999 0.4345703125 0.597746875 0.4111328125 0.6026453125 0.388671875 0.6026453125 0.3603515625 0.601665625 0.3349609375 0.6001953125 0.3046875 0.597746875 0.279296875 0.5850078125 0.30078125 0.5786374999999999 0.326171875 0.5683484375 0.34765625 0.5590390625 0.3798828125 0.549240625 0.408203125 0.5507109375 0.43359375 0.5595296875 0.45703125 0.5668796875 0.4814453125 0.5801078125 0.46875
12 0.338559375 0.6455078125 0.329740625 0.626953125 0.31798125 0.6201171875 0.3042625 0.619140625 0.29789374999999996 0.650390625 0.29544375 0.6806640625 0.29005312499999997 0.7080078125 0.2846640625 0.7412109375 0.277315625 0.7666015625 0.283684375 0.7900390625 0.2934828125 0.7724609375 0.30377343749999997 0.751953125 0.3125921875 0.7236328125 0.3258203125 0.693359375 0.33464062499999997 0.66796875 0.338559375 0.6455078125
19 0.3944140625 0.392578125 0.3919640625 0.3017578125 0.3924546875 0.3505859375 0.3944140625 0.392578125
17 0.370896875 0.5224609375 0.373346875 0.5126953125 0.373346875 0.490234375 0.37432656249999996 0.4775390625 0.36550781250000003 0.4775390625 0.359628125 0.486328125 0.3508078125 0.4951171875 0.3380703125 0.4736328125 0.3317 0.4892578125 0.332190625 0.5078125 0.33610937500000004 0.5185546875 0.3444390625 0.5205078125 0.3512984375 0.5205078125 0.35521875 0.5205078125 0.3630578125 0.525390625 0.370896875 0.5224609375