31 0.262615625 0.64453125 0.2484078125 0.6494140625 0.24105781249999997 0.6826171875 0.23517812500000002 0.7158203125 0.2542875 0.744140625 0.26751562500000003 0.7626953125 0.286134375 0.734375 0.281725 0.6943359375 0.274375 0.6640625 0.262615625 0.64453125
2 0.2895640625 0.5625 0.2851546875 0.529296875 0.269475 0.529296875 0.25918593749999996 0.55078125 0.2518375 0.5712890625 0.2567375 0.59765625 0.26849531249999997 0.62109375 0.279275 0.666015625 0.2959328125 0.689453125 0.306221875 0.6640625 0.30279218750000003 0.630859375 0.2944640625 0.595703125 0.2895640625 0.5625
13 0.33464062499999997 0.576171875 0.3356203125 0.541015625 0.33415 0.4970703125 0.32288125 0.4912109375 0.30867187500000004 0.5009765625 0.2934828125 0.5029296875 0.2851546875 0.541015625 0.2969125 0.576171875 0.306221875 0.6142578125 0.313571875 0.642578125 0.3263109375 0.6494140625 0.338559375 0.64453125 0.338559375 0.611328125 0.33464062499999997 0.576171875
17 0.36060781249999996 0.515625 0.3517890625 0.513671875 0.343459375 0.517578125 0.338559375 0.53125 0.3370890625 0.55078125 0.3444390625 0.6025390625 0.34786875 0.630859375 0.36550781250000003 0.623046875 0.3782453125 0.576171875 0.375796875 0.53515625 0.36060781249999996 0.515625
18 0.3904953125 0.4697265625 0.377265625 0.462890625 0.36550781250000003 0.4775390625 0.36893750000000003 0.5146484375 0.37285625 0.55078125 0.3787359375 0.6240234375 0.389025 0.642578125 0.39294531250000003 0.5673828125 0.39539375 0.53125 0.39882343750000004 0.498046875 0.3904953125 0.4697265625
19 0.39882343750000004 0.4912109375 0.39882343750000004 0.5263671875 0.39539375 0.576171875 0.4174421875 0.5224609375 0.42479218750000003 0.494140625 0.42381250000000004 0.4638671875 0.39882343750000004 0.4658203125 0.39882343750000004 0.4912109375
20 0.44585937500000006 0.451171875 0.4355703125 0.451171875 0.42479218750000003 0.462890625 0.425771875 0.498046875 0.430671875 0.5390625 0.43802031250000006 0.5830078125 0.45565937500000003 0.607421875 0.45908906250000003 0.5595703125 0.458109375 0.5244140625 0.45418906249999996 0.486328125 0.44585937500000006 0.451171875
21 0.49093593750000003 0.4560546875 0.458109375 0.44921875 0.4566390625 0.4775390625 0.4566390625 0.505859375 0.458109375 0.5478515625 0.46251875 0.5927734375 0.47427656249999994 0.599609375 0.48260625 0.5791015625 0.48652656250000004 0.5478515625 0.49240625 0.5078125 0.49093593750000003 0.4560546875
22 0.5301328125 0.44921875 0.4933859375 0.4560546875 0.4933859375 0.4794921875 0.4933859375 0.505859375 0.49926562499999994 0.55078125 0.5051453125 0.595703125 0.5193531250000001 0.599609375 0.5301328125 0.576171875 0.5301328125 0.5361328125 0.5301328125 0.49609375 0.5301328125 0.44921875
30 0.56345 0.4580078125 0.5394421875 0.451171875 0.5335625 0.4775390625 0.5301328125 0.5263671875 0.5301328125 0.5859375 0.5433609374999999 0.59765625 0.5526703125 0.564453125 0.5575703125 0.5361328125 0.561 0.5009765625 0.56345 0.4580078125
29 0.5727578125 0.462890625 0.56345 0.4775390625 0.569328125 0.5078125 0.5845171875 0.5478515625 0.5938265625 0.5546875 0.5903968749999999 0.5126953125 0.5903968749999999 0.486328125 0.5894171874999999 0.4560546875 0.5727578125 0.462890625
23 0.629103125 0.4599609375 0.6095046875000001 0.4892578125 0.597746875 0.4794921875 0.5918671875 0.505859375 0.597746875 0.5458984375 0.60460625 0.59765625 0.6178343749999999 0.6240234375 0.63204375 0.5908203125 0.63204375 0.5478515625 0.634003125 0.4814453125 0.629103125 0.4599609375
24 0.642821875 0.4560546875 0.62959375 0.47265625 0.6217546875 0.48828125 0.6173437500000001 0.5283203125 0.620284375 0.552734375 0.624203125 0.578125 0.6344921875 0.587890625 0.6462515625 0.595703125 0.6487015625 0.5625 0.6550703125 0.5263671875 0.6560515625 0.4794921875 0.642821875 0.4560546875
25 0.691328125 0.5625 0.6981875 0.5263671875 0.6981875 0.4912109375 0.683978125 0.4892578125 0.6673203125 0.4794921875 0.65458125 0.4912109375 0.6506609375 0.51953125 0.64968125 0.552734375 0.6487015625 0.6044921875 0.65703125 0.6376953125 0.6697703125000001 0.65625 0.6780984375 0.6259765625 0.683978125 0.587890625 0.691328125 0.5625
26 0.7339546875 0.5546875 0.7241546875 0.5341796875 0.7065171875 0.5244140625 0.6972078125000001 0.5458984375 0.6923078125 0.576171875 0.6864281250000001 0.6044921875 0.6780984375 0.6396484375 0.6829984375 0.67578125 0.7030875 0.666015625 0.7123953125 0.6376953125 0.7241546875 0.611328125 0.734934375 0.587890625 0.7339546875 0.5546875
27 0.7491421875000001 0.677734375 0.74424375 0.642578125 0.7290546875 0.6162109375 0.709946875 0.64453125 0.6957375 0.6826171875 0.7065171875 0.712890625 0.7172953125 0.734375 0.7290546875 0.720703125 0.7398328125 0.7041015625 0.7491421875000001 0.677734375
28 0.8294953125 0.4091796875 0.8177359375 0.39453125 0.79911875 0.3974609375 0.782459375 0.4111328125 0.782459375 0.44140625 0.79176875 0.462890625 0.79176875 0.498046875 0.8069578125 0.5029296875 0.81920625 0.4794921875 0.8294953125 0.4658203125 0.8343953125000001 0.439453125 0.8294953125 0.4091796875
0 0.782459375 0.40625 0.7907890625 0.3828125 0.7765796875000001 0.3828125 0.7584515625 0.4111328125 0.762371875 0.384765625 0.7633515625 0.3564453125 0.7496328125 0.3935546875 0.7315046875 0.41796875 0.7241546875 0.4375 0.7197453125 0.462890625 0.730034375 0.4912109375 0.7457125 0.486328125 0.7564921874999999 0.505859375 0.76923125 0.4794921875 0.77168125 0.4375 0.782459375 0.40625
1 0.7383640625 0.369140625 0.7515921875 0.34765625 0.7540421875 0.3193359375 0.7172953125 0.3642578125 0.7172953125 0.314453125 0.7065171875 0.314453125 0.6981875 0.3427734375 0.683978125 0.37109375 0.67466875 0.39453125 0.6687890624999999 0.41796875 0.666340625 0.4375 0.6864281250000001 0.4560546875 0.7040671875 0.4658203125 0.7172953125 0.4609375 0.7217046875 0.4208984375 0.7266046875 0.39453125 0.7383640625 0.369140625
3 0.6972078125000001 0.224609375 0.6805484374999999 0.267578125 0.6629109375 0.3095703125 0.652621875 0.3427734375 0.6648703125 0.3662109375 0.6854484375000001 0.3564453125 0.6932875000000001 0.3125 0.7016171875 0.271484375 0.707496875 0.234375 0.6972078125000001 0.224609375
4 0.637921875 0.2529296875 0.6246937499999999 0.2744140625 0.612934375 0.3095703125 0.6060749999999999 0.3359375 0.5962765625 0.359375 0.5894171874999999 0.3759765625 0.6011765625 0.40625 0.620284375 0.404296875 0.6246937499999999 0.361328125 0.63204375 0.32421875 0.6354734375 0.29296875 0.637921875 0.2529296875
5 0.5737390625 0.2529296875 0.56345 0.29296875 0.55365 0.3310546875 0.5467906250000001 0.359375 0.5453203125 0.384765625 0.5595296875 0.416015625 0.5737390625 0.3974609375 0.5786374999999999 0.3564453125 0.5835375 0.314453125 0.5835375 0.2744140625 0.5737390625 0.2529296875
6 0.521803125 0.3408203125 0.516903125 0.37109375 0.5159234374999999 0.4091796875 0.5453203125 0.404296875 0.5433609374999999 0.3525390625 0.5409109375 0.3095703125 0.5360125 0.2646484375 0.529153125 0.3046875 0.521803125 0.3408203125
7 0.4948546875 0.34375 0.48750625000000003 0.4091796875 0.5159234374999999 0.4091796875 0.5159234374999999 0.359375 0.5159234374999999 0.314453125 0.5090640625 0.2626953125 0.498284375 0.314453125 0.4948546875 0.34375
8 0.4639875 0.3525390625 0.4615390625 0.40625 0.49093593750000003 0.4091796875 0.48750625000000003 0.3662109375 0.48162656249999997 0.328125 0.475746875 0.28125 0.4639875 0.3076171875 0.4639875 0.3525390625
9 0.43802031250000006 0.3427734375 0.4341015625 0.380859375 0.4341015625 0.4091796875 0.46251875 0.404296875 0.46006875 0.3564453125 0.45418906249999996 0.326171875 0.448309375 0.2763671875 0.43802031250000006 0.29296875 0.43802031250000006 0.3427734375
10 0.41548281249999997 0.26953125 0.3998046875 0.24609375 0.3904953125 0.26953125 0.39539375 0.3046875 0.39539375 0.3408203125 0.39637500000000003 0.3779296875 0.4056828125 0.4228515625 0.42136250000000003 0.4208984375 0.430671875 0.39453125 0.430671875 0.349609375 0.42381250000000004 0.302734375 0.41548281249999997 0.26953125
11 0.37138593750000004 0.349609375 0.3669765625 0.384765625 0.3645265625 0.4228515625 0.39539375 0.427734375 0.389025 0.3876953125 0.389025 0.3544921875 0.3811859375 0.314453125 0.37040625 0.314453125 0.37138593750000004 0.349609375
12 0.35031875 0.3095703125 0.34051875 0.279296875 0.338559375 0.31640625 0.338559375 0.359375 0.332190625 0.384765625 0.332190625 0.416015625 0.33464062499999997 0.44140625 0.34786875 0.451171875 0.36060781249999996 0.4375 0.3645265625 0.4111328125 0.3561984375 0.3828125 0.3537484375 0.34765625 0.35031875 0.3095703125
14 0.32778125 0.4326171875 0.3145515625 0.404296875 0.30377343749999997 0.37109375 0.2944640625 0.337890625 0.283684375 0.314453125 0.2660453125 0.2958984375 0.2802546875 0.3427734375 0.27535468750000003 0.380859375 0.26506562499999997 0.3662109375 0.2552671875 0.3447265625 0.24105781249999997 0.328125 0.2533078125 0.373046875 0.26751562500000003 0.40625 0.27339531250000004 0.4326171875 0.2778046875 0.4658203125 0.2920140625 0.4775390625 0.3076921875 0.4677734375 0.32778125 0.462890625 0.32778125 0.4326171875
15 0.27339531250000004 0.4541015625 0.26506562499999997 0.4326171875 0.2567375 0.392578125 0.24252812499999998 0.3779296875 0.22685 0.3642578125 0.21068125000000001 0.361328125 0.20823125 0.384765625 0.21999062500000002 0.4228515625 0.22488906250000001 0.462890625 0.2327296875 0.5009765625 0.24105781249999997 0.5244140625 0.2567375 0.505859375 0.2709453125 0.5029296875 0.281725 0.4794921875 0.27339531250000004 0.4541015625
16 0.19647187500000002 0.40625 0.1700140625 0.3896484375 0.1700140625 0.4345703125 0.159725 0.4658203125 0.1749140625 0.4912109375 0.1915734375 0.5146484375 0.20578124999999997 0.5029296875 0.212640625 0.478515625 0.222440625 0.4541015625 0.21509062499999998 0.4091796875 0.19647187500000002 0.40625
19 0.437040625 0.609375 0.4404703125 0.5859375 0.4409609375 0.55859375 0.43655 0.53515625 0.42381250000000004 0.517578125 0.4140125 0.5361328125 0.3998046875 0.5693359375 0.3944140625 0.607421875 0.3924546875 0.6494140625 0.3919640625 0.6982421875 0.4061734375 0.7138671875 0.4218515625 0.6982421875 0.43018124999999996 0.666015625 0.43263125 0.63671875 0.437040625 0.609375
29 0.6026453125 0.611328125 0.597746875 0.5888671875 0.5903968749999999 0.5654296875 0.5801078125 0.53125 0.5668796875 0.5185546875 0.5595296875 0.54296875 0.5507109375 0.56640625 0.549240625 0.591796875 0.5590390625 0.6201171875 0.5683484375 0.65234375 0.5786374999999999 0.673828125 0.5850078125 0.69921875 0.597746875 0.720703125 0.6001953125 0.6953125 0.601665625 0.6650390625 0.6026453125 0.6396484375 0.6026453125 0.611328125
12 0.31798125 0.3798828125 0.329740625 0.373046875 0.338559375 0.3544921875 0.33464062499999997 0.33203125 0.3258203125 0.306640625 0.3125921875 0.2763671875 0.30377343749999997 0.248046875 0.2934828125 0.2275390625 0.283684375 0.2099609375 0.277315625 0.2333984375 0.2846640625 0.2587890625 0.29005312499999997 0.2919921875 0.29544375 0.3193359375 0.29789374999999996 0.349609375 0.3042625 0.380859375 0.31798125 0.3798828125
19 0.3924546875 0.6494140625 0.3919640625 0.6982421875 0.3944140625 0.607421875 0.3924546875 0.6494140625
17 0.373346875 0.509765625 0.373346875 0.4873046875 0.370896875 0.4775390625 0.3630578125 0.474609375 0.35521875 0.4794921875 0.3512984375 0.4794921875 0.3444390625 0.4794921875 0.33610937500000004 0.4814453125 0.332190625 0.4921875 0.3317 0.5107421875 0.3380703125 0.5263671875 0.3508078125 0.5048828125 0.359628125 0.513671875 0.36550781250000003 0.5224609375 0.37432656249999996 0.5224609375 0.373346875 0.509765625