2 0.2459578125 0.49609375 0.2341984375 0.4658203125 0.217540625 0.4794921875 0.2023515625 0.498046875 0.1974515625 0.5390625 0.21999062500000002 0.595703125 0.23076875000000002 0.64453125 0.244978125 0.654296875 0.2552671875 0.62109375 0.2542875 0.5810546875 0.2484078125 0.5390625 0.2459578125 0.49609375
13 0.2944640625 0.62109375 0.29789374999999996 0.5712890625 0.29936250000000003 0.5361328125 0.30034375 0.498046875 0.30034375 0.4580078125 0.286134375 0.4326171875 0.27535468750000003 0.4443359375 0.2567375 0.44140625 0.24693749999999998 0.47265625 0.2493875 0.5009765625 0.2552671875 0.5341796875 0.25918593749999996 0.5625 0.2601671875 0.609375 0.269475 0.619140625 0.274375 0.5927734375 0.276825 0.5546875 0.2876046875 0.576171875 0.2944640625 0.62109375
17 0.3326796875 0.43359375 0.31308125000000003 0.421875 0.3018125 0.4609375 0.3101421875 0.49609375 0.3145515625 0.5361328125 0.32288125 0.5810546875 0.33464062499999997 0.57421875 0.34051875 0.5458984375 0.34051875 0.5078125 0.34051875 0.474609375 0.3326796875 0.43359375
18 0.3512984375 0.4013671875 0.34051875 0.4208984375 0.33464062499999997 0.44921875 0.3444390625 0.486328125 0.35276874999999996 0.5263671875 0.3669765625 0.5478515625 0.37040625 0.5029296875 0.37040625 0.4658203125 0.37040625 0.427734375 0.3512984375 0.4013671875
19 0.41548281249999997 0.416015625 0.39735468749999997 0.392578125 0.384615625 0.392578125 0.3738359375 0.41796875 0.36893750000000003 0.44140625 0.377265625 0.4677734375 0.3831453125 0.5107421875 0.38804531249999996 0.552734375 0.4081328125 0.541015625 0.409603125 0.5107421875 0.41058281250000006 0.4794921875 0.4140125 0.451171875 0.41548281249999997 0.416015625
20 0.45418906249999996 0.40625 0.4439 0.380859375 0.42479218750000003 0.380859375 0.41548281249999997 0.416015625 0.41891249999999997 0.4462890625 0.429690625 0.494140625 0.43655 0.5546875 0.46006875 0.564453125 0.45908906250000003 0.5361328125 0.458109375 0.5029296875 0.45565937500000003 0.462890625 0.45418906249999996 0.40625
21 0.5007343750000001 0.44140625 0.5007343750000001 0.4091796875 0.4933859375 0.3828125 0.475746875 0.3779296875 0.45908906250000003 0.3779296875 0.45320937499999997 0.404296875 0.45320937499999997 0.44140625 0.45908906250000003 0.47265625 0.4639875 0.517578125 0.46643749999999995 0.564453125 0.49093593750000003 0.564453125 0.4948546875 0.5263671875 0.498284375 0.5009765625 0.49926562499999994 0.4697265625 0.5007343750000001 0.44140625
22 0.541890625 0.42578125 0.5394421875 0.3896484375 0.5301328125 0.3759765625 0.516903125 0.3759765625 0.5041640625 0.392578125 0.498284375 0.4208984375 0.498284375 0.4541015625 0.5041640625 0.484375 0.5051453125 0.51953125 0.5075937500000001 0.5625 0.529153125 0.5693359375 0.5350312500000001 0.5244140625 0.5394421875 0.4892578125 0.541890625 0.4609375 0.541890625 0.42578125
30 0.5761875 0.3974609375 0.5644296875 0.384765625 0.5453203125 0.384765625 0.541890625 0.4326171875 0.5467906250000001 0.462890625 0.5433609374999999 0.5107421875 0.5433609374999999 0.5595703125 0.5668796875 0.5546875 0.569328125 0.5107421875 0.5727578125 0.4658203125 0.5796171875 0.4296875 0.5761875 0.3974609375
29 0.6178343749999999 0.451171875 0.6212640625 0.4228515625 0.610484375 0.404296875 0.5938265625 0.3974609375 0.5820671875000001 0.4208984375 0.5776578125 0.4443359375 0.5845171875 0.4775390625 0.587946875 0.5107421875 0.5894171874999999 0.5576171875 0.610484375 0.564453125 0.610484375 0.5341796875 0.610484375 0.505859375 0.612934375 0.4794921875 0.6178343749999999 0.451171875
23 0.6413515624999999 0.416015625 0.6163640625 0.4375 0.6163640625 0.4677734375 0.6163640625 0.5126953125 0.6246937499999999 0.564453125 0.640371875 0.5673828125 0.6462515625 0.5146484375 0.6462515625 0.484375 0.6531109374999999 0.44921875 0.6413515624999999 0.416015625
24 0.6854484375000001 0.486328125 0.6874078124999999 0.4541015625 0.67466875 0.4296875 0.6555609375 0.4443359375 0.6487015625 0.4677734375 0.6521312499999999 0.5029296875 0.65703125 0.541015625 0.65703125 0.595703125 0.6712390625 0.609375 0.67466875 0.587890625 0.6805484374999999 0.5595703125 0.681528125 0.5244140625 0.6854484375000001 0.486328125
25 0.7315046875 0.5341796875 0.7383640625 0.505859375 0.7383640625 0.4775390625 0.7290546875 0.4541015625 0.7197453125 0.4580078125 0.6996578125 0.44140625 0.6864281250000001 0.4658203125 0.6864281250000001 0.505859375 0.6923078125 0.55078125 0.6923078125 0.599609375 0.707496875 0.6240234375 0.711415625 0.5625 0.728075 0.609375 0.7290546875 0.5625 0.7315046875 0.5341796875
26 0.778540625 0.5712890625 0.784909375 0.541015625 0.7858890625 0.5107421875 0.778540625 0.484375 0.7584515625 0.47265625 0.7408140624999999 0.47265625 0.7383640625 0.51953125 0.7383640625 0.55078125 0.734934375 0.587890625 0.7339546875 0.6279296875 0.737384375 0.65625 0.7501218749999999 0.6494140625 0.7584515625 0.62109375 0.76923125 0.59765625 0.778540625 0.5712890625
27 0.8143062499999999 0.6025390625 0.8309656249999999 0.576171875 0.8275359375000001 0.55078125 0.8236156250000001 0.517578125 0.8084265625 0.5029296875 0.79176875 0.51953125 0.7858890625 0.5478515625 0.7775593749999999 0.57421875 0.76678125 0.611328125 0.7599218750000001 0.6591796875 0.76923125 0.6826171875 0.7834390625000001 0.677734375 0.7951984375000001 0.65625 0.803528125 0.6279296875 0.8143062499999999 0.6025390625
28 0.8250859374999999 0.3544921875 0.8211656250000001 0.3212890625 0.805978125 0.3359375 0.79176875 0.34765625 0.7834390625000001 0.380859375 0.7741296875 0.4091796875 0.7633515625 0.439453125 0.7775593749999999 0.4560546875 0.7927484375 0.47265625 0.81185625 0.474609375 0.8226359375 0.4541015625 0.8236156250000001 0.416015625 0.8250859374999999 0.3779296875 0.8250859374999999 0.3544921875
0 0.79176875 0.3330078125 0.805978125 0.3125 0.805978125 0.29296875 0.7883390625 0.314453125 0.7658015625 0.3427734375 0.7682515624999999 0.314453125 0.778540625 0.2958984375 0.7907890625 0.271484375 0.77168125 0.26953125 0.755021875 0.29296875 0.7422828124999999 0.314453125 0.730034375 0.34765625 0.7148453124999999 0.361328125 0.707496875 0.384765625 0.708965625 0.40625 0.7324843750000001 0.41796875 0.7466921875 0.4462890625 0.7658015625 0.4345703125 0.76923125 0.3974609375 0.780009375 0.3564453125 0.79176875 0.3330078125
1 0.7158249999999999 0.3359375 0.725625 0.3095703125 0.7315046875 0.2763671875 0.7398328125 0.2490234375 0.725625 0.2529296875 0.709946875 0.29296875 0.6957375 0.314453125 0.6957375 0.28125 0.707496875 0.24609375 0.718275 0.22265625 0.725625 0.203125 0.707496875 0.203125 0.6932875000000001 0.234375 0.683978125 0.2626953125 0.6732 0.291015625 0.666340625 0.3193359375 0.65703125 0.337890625 0.64968125 0.361328125 0.6487015625 0.384765625 0.663890625 0.39453125 0.6780984375 0.392578125 0.6898578125 0.4091796875 0.7040671875 0.404296875 0.7123953125 0.37109375 0.7158249999999999 0.3359375
3 0.6604609375 0.2509765625 0.666340625 0.2314453125 0.6722187500000001 0.201171875 0.6555609375 0.201171875 0.640371875 0.2412109375 0.6330234375 0.291015625 0.620284375 0.3330078125 0.6080359375 0.3642578125 0.6286140625 0.384765625 0.64968125 0.384765625 0.6506609375 0.3447265625 0.6506609375 0.3046875 0.65458125 0.2744140625 0.6604609375 0.2509765625
4 0.6178343749999999 0.236328125 0.620284375 0.1796875 0.60460625 0.19140625 0.5987265625 0.22265625 0.597746875 0.255859375 0.5918671875 0.2861328125 0.5820671875000001 0.314453125 0.5776578125 0.3427734375 0.5894171874999999 0.3642578125 0.6119546875 0.361328125 0.6188140625 0.337890625 0.6188140625 0.302734375 0.6188140625 0.26953125 0.6178343749999999 0.236328125
5 0.5835375 0.2509765625 0.5835375 0.22265625 0.5835375 0.1962890625 0.571778125 0.1728515625 0.5658984375 0.201171875 0.5644296875 0.2294921875 0.5595296875 0.2646484375 0.55365 0.2880859375 0.549240625 0.314453125 0.5477703125 0.337890625 0.5575703125 0.359375 0.5727578125 0.361328125 0.5786374999999999 0.3408203125 0.5796171875 0.3095703125 0.5796171875 0.28125 0.5835375 0.2509765625
6 0.5301328125 0.21484375 0.5301328125 0.248046875 0.524253125 0.28125 0.5208234375 0.314453125 0.5183734375 0.3525390625 0.549240625 0.349609375 0.549240625 0.3125 0.5433609374999999 0.2626953125 0.5433609374999999 0.234375 0.5384609375 0.1865234375 0.5301328125 0.21484375
7 0.501715625 0.2412109375 0.498284375 0.2744140625 0.496815625 0.3095703125 0.4933859375 0.34765625 0.5183734375 0.34765625 0.5183734375 0.3125 0.5183734375 0.279296875 0.51249375 0.234375 0.5066140625 0.212890625 0.501715625 0.2412109375
8 0.48162656249999997 0.2431640625 0.47819687499999997 0.271484375 0.470846875 0.3095703125 0.46643749999999995 0.3544921875 0.4948546875 0.3525390625 0.4948546875 0.3125 0.4948546875 0.2763671875 0.4933859375 0.24609375 0.49093593750000003 0.2109375 0.48162656249999997 0.2431640625
9 0.45908906250000003 0.2060546875 0.4473296875 0.24609375 0.4439 0.29296875 0.44145 0.3193359375 0.43802031250000006 0.3447265625 0.45320937499999997 0.3525390625 0.4674171875 0.3525390625 0.4674171875 0.3212890625 0.46643749999999995 0.2763671875 0.46496875 0.2431640625 0.45908906250000003 0.2060546875
10 0.4341015625 0.177734375 0.42136250000000003 0.1708984375 0.4140125 0.212890625 0.41156249999999994 0.2529296875 0.41058281250000006 0.279296875 0.4081328125 0.3193359375 0.403234375 0.3544921875 0.42381250000000004 0.37109375 0.4399796875 0.3427734375 0.43899999999999995 0.314453125 0.43899999999999995 0.2626953125 0.43802031250000006 0.2177734375 0.4341015625 0.177734375
11 0.39294531250000003 0.201171875 0.38804531249999996 0.1796875 0.37040625 0.1630859375 0.37285625 0.2080078125 0.37285625 0.2509765625 0.36795625 0.302734375 0.3669765625 0.3310546875 0.3669765625 0.359375 0.3855953125 0.3759765625 0.3998046875 0.3525390625 0.41058281250000006 0.32421875 0.40715312499999995 0.291015625 0.3998046875 0.234375 0.39294531250000003 0.201171875
12 0.35276874999999996 0.22265625 0.34541875 0.19921875 0.333659375 0.177734375 0.32043125 0.1728515625 0.32778125 0.2080078125 0.3287609375 0.2392578125 0.33464062499999997 0.2841796875 0.33464062499999997 0.3193359375 0.33022968750000004 0.37109375 0.3463984375 0.384765625 0.36893750000000003 0.3642578125 0.3645265625 0.32421875 0.362078125 0.2861328125 0.357178125 0.2509765625 0.35276874999999996 0.22265625
14 0.3263109375 0.326171875 0.3194515625 0.302734375 0.30867187500000004 0.267578125 0.29936250000000003 0.2412109375 0.288584375 0.2197265625 0.274375 0.1845703125 0.263596875 0.201171875 0.27535468750000003 0.2275390625 0.2851546875 0.2509765625 0.286134375 0.2880859375 0.27339531250000004 0.2744140625 0.263596875 0.248046875 0.2567375 0.224609375 0.23909843749999998 0.2060546875 0.240078125 0.234375 0.2493875 0.2646484375 0.25918593749999996 0.2978515625 0.263596875 0.337890625 0.26849531249999997 0.37109375 0.269475 0.40625 0.2934828125 0.4091796875 0.3052421875 0.3896484375 0.3287609375 0.392578125 0.33022968750000004 0.3662109375 0.3263109375 0.326171875
15 0.269475 0.3974609375 0.2577171875 0.361328125 0.2459578125 0.337890625 0.23517812500000002 0.314453125 0.2234203125 0.2978515625 0.21166093749999998 0.26953125 0.1891234375 0.26953125 0.17589375000000002 0.2744140625 0.17589375000000002 0.3076171875 0.1891234375 0.3427734375 0.1999015625 0.3779296875 0.21068125000000001 0.4091796875 0.222440625 0.4443359375 0.23664843750000003 0.4462890625 0.244978125 0.416015625 0.262615625 0.4208984375 0.269475 0.3974609375