31 0.7290546875 0.3857421875 0.7290546875 0.423828125 0.7422828124999999 0.45703125 0.7609015625 0.4306640625 0.7741296875 0.400390625 0.7658015625 0.369140625 0.7564921874999999 0.34375 0.7540421875 0.3076171875 0.7457125 0.27734375 0.725625 0.27734375 0.728075 0.3154296875 0.728075 0.35546875 0.7290546875 0.3857421875
2 0.6854484375000001 0.388671875 0.6854484375000001 0.423828125 0.6854484375000001 0.458984375 0.6972078125000001 0.4755859375 0.7104359375 0.482421875 0.728075 0.4658203125 0.7339546875 0.4287109375 0.7246453125000001 0.390625 0.723175 0.3623046875 0.718275 0.310546875 0.711415625 0.2890625 0.6981875 0.291015625 0.691328125 0.3125 0.6864281250000001 0.345703125 0.6854484375000001 0.388671875
13 0.6344921875 0.4326171875 0.6354734375 0.4853515625 0.6511515625000001 0.494140625 0.6697703125000001 0.4970703125 0.6795687499999999 0.4873046875 0.6854484375000001 0.4638671875 0.6854484375000001 0.4287109375 0.68201875 0.392578125 0.688878125 0.34765625 0.688878125 0.3056640625 0.67466875 0.291015625 0.65948125 0.32421875 0.65458125 0.357421875 0.64723125 0.3955078125 0.6344921875 0.4326171875
17 0.6095046875000001 0.482421875 0.6212640625 0.4853515625 0.6354734375 0.4736328125 0.6354734375 0.4453125 0.637921875 0.4189453125 0.6433125000000001 0.314453125 0.6305734375000001 0.3154296875 0.6188140625 0.380859375 0.610975 0.412109375 0.6011765625 0.4541015625 0.6095046875000001 0.482421875
19 0.574228125 0.4375 0.571778125 0.4736328125 0.5776578125 0.50390625 0.5918671875 0.5302734375 0.6011765625 0.50390625 0.6070546875 0.4775390625 0.603625 0.44921875 0.5987265625 0.4208984375 0.597746875 0.390625 0.5952968750000001 0.35546875 0.5859875 0.322265625 0.574228125 0.3173828125 0.574228125 0.357421875 0.574228125 0.392578125 0.574228125 0.4375
20 0.541890625 0.4609375 0.541890625 0.4892578125 0.5433609374999999 0.5205078125 0.5541406249999999 0.537109375 0.5668796875 0.5205078125 0.5752078125 0.4970703125 0.569328125 0.4638671875 0.5683484375 0.42578125 0.56345 0.3837890625 0.5575703125 0.3408203125 0.544340625 0.34375 0.5409109375 0.3720703125 0.541890625 0.40234375 0.541890625 0.435546875 0.541890625 0.4609375
21 0.5066140625 0.44921875 0.5066140625 0.4853515625 0.5051453125 0.513671875 0.51249375 0.5439453125 0.5316015625 0.5439453125 0.541890625 0.525390625 0.53748125 0.4853515625 0.5350312500000001 0.44921875 0.5325828125000001 0.4208984375 0.5316015625 0.369140625 0.5232734375 0.345703125 0.51004375 0.35546875 0.5075937500000001 0.392578125 0.5066140625 0.423828125 0.5066140625 0.44921875
22 0.4723171875 0.4541015625 0.46643749999999995 0.48046875 0.4639875 0.513671875 0.4639875 0.537109375 0.4767265625 0.548828125 0.49240625 0.548828125 0.503184375 0.537109375 0.503184375 0.5107421875 0.5007343750000001 0.4775390625 0.49730468749999995 0.4404296875 0.49730468749999995 0.400390625 0.4948546875 0.3603515625 0.49093593750000003 0.3359375 0.4767265625 0.3408203125 0.4767265625 0.380859375 0.47329687500000006 0.4189453125 0.4723171875 0.4541015625
30 0.4331203125 0.5107421875 0.441940625 0.537109375 0.4605578125 0.5341796875 0.46496875 0.5107421875 0.46496875 0.4736328125 0.46496875 0.4375 0.46496875 0.40234375 0.46986718749999995 0.345703125 0.4546796875 0.3388671875 0.448309375 0.3857421875 0.448309375 0.4287109375 0.44145 0.4736328125 0.4331203125 0.5107421875
29 0.4081328125 0.44921875 0.402253125 0.4921875 0.40372343749999995 0.517578125 0.41058281250000006 0.5390625 0.42381250000000004 0.52734375 0.4341015625 0.5087890625 0.43899999999999995 0.48046875 0.43899999999999995 0.4404296875 0.4404703125 0.392578125 0.43753125 0.3134765625 0.42528125 0.2939453125 0.42038281250000004 0.35546875 0.4179328125 0.37890625 0.4130328125 0.4072265625 0.4081328125 0.44921875
24 0.37285625 0.517578125 0.387065625 0.525390625 0.40715312499999995 0.49609375 0.409603125 0.4794921875 0.4086234375 0.4521484375 0.38363593749999997 0.3125 0.375796875 0.3037109375 0.370896875 0.3095703125 0.373346875 0.4619140625 0.3694265625 0.494140625 0.37285625 0.517578125
25 0.32778125 0.4169921875 0.3219015625 0.4423828125 0.3170015625 0.46875 0.3219015625 0.4970703125 0.33121093749999997 0.513671875 0.34296875 0.494140625 0.3512984375 0.4736328125 0.362078125 0.4521484375 0.3640375 0.3857421875 0.35521875 0.333984375 0.34541875 0.3388671875 0.341009375 0.380859375 0.3375796875 0.3505859375 0.324840625 0.349609375 0.32778125 0.4169921875
26 0.2660453125 0.44921875 0.2758453125 0.46875 0.286134375 0.4775390625 0.3042625 0.4873046875 0.3170015625 0.4755859375 0.318471875 0.4453125 0.318471875 0.4208984375 0.316021875 0.390625 0.313571875 0.318359375 0.3042625 0.2841796875 0.291034375 0.2841796875 0.286134375 0.345703125 0.2802546875 0.3857421875 0.269965625 0.4169921875 0.2660453125 0.44921875
0 0.262615625 0.60546875 0.2567375 0.630859375 0.25575625 0.6640625 0.26849531249999997 0.6474609375 0.2758453125 0.619140625 0.2876046875 0.5888671875 0.2876046875 0.615234375 0.2827046875 0.6474609375 0.2802546875 0.67578125 0.2934828125 0.650390625 0.30279218750000003 0.6220703125 0.3194515625 0.57421875 0.32288125 0.5458984375 0.3052421875 0.5107421875 0.286134375 0.513671875 0.27192500000000003 0.517578125 0.26751562500000003 0.5458984375 0.26751562500000003 0.5771484375 0.262615625 0.60546875
4 0.414503125 0.7138671875 0.42381250000000004 0.6640625 0.4272421875 0.619140625 0.4341015625 0.5703125 0.4179328125 0.5537109375 0.404703125 0.560546875 0.39784375 0.583984375 0.4012734375 0.615234375 0.40372343749999995 0.7119140625 0.414503125 0.7138671875
5 0.432140625 0.6923828125 0.43899999999999995 0.720703125 0.45075937499999996 0.70703125 0.4546796875 0.6689453125 0.4566390625 0.640625 0.458109375 0.6103515625 0.4605578125 0.5703125 0.43899999999999995 0.55078125 0.432140625 0.5771484375 0.432140625 0.607421875 0.432140625 0.638671875 0.432140625 0.6669921875 0.432140625 0.6923828125
6 0.48162656249999997 0.6923828125 0.48162656249999997 0.6689453125 0.48309687500000004 0.6240234375 0.48505624999999997 0.5771484375 0.4605578125 0.5673828125 0.45908906250000003 0.615234375 0.46251875 0.6552734375 0.4639875 0.6875 0.4747671875 0.73046875 0.48162656249999997 0.6923828125
7 0.5007343750000001 0.728515625 0.503184375 0.68359375 0.5066140625 0.638671875 0.5066140625 0.60546875 0.5090640625 0.5673828125 0.48309687500000004 0.5654296875 0.48652656250000004 0.615234375 0.48652656250000004 0.6455078125 0.48652656250000004 0.67578125 0.48750625000000003 0.70703125 0.5007343750000001 0.728515625
8 0.529153125 0.70703125 0.529153125 0.671875 0.529153125 0.640625 0.5301328125 0.60546875 0.5316015625 0.5703125 0.5075937500000001 0.572265625 0.5090640625 0.630859375 0.51249375 0.6640625 0.51494375 0.7001953125 0.5183734375 0.73046875 0.529153125 0.70703125
9 0.549240625 0.708984375 0.549240625 0.673828125 0.5526703125 0.638671875 0.5575703125 0.607421875 0.5526703125 0.583984375 0.5301328125 0.58203125 0.5316015625 0.6474609375 0.5316015625 0.6953125 0.5325828125000001 0.7255859375 0.5458109375 0.7470703125 0.549240625 0.708984375
10 0.5561 0.68359375 0.5561 0.7119140625 0.56345 0.732421875 0.5761875 0.7421875 0.5810875 0.70703125 0.5810875 0.671875 0.5786374999999999 0.6455078125 0.5786374999999999 0.607421875 0.5786374999999999 0.5791015625 0.5786374999999999 0.560546875 0.5658984375 0.5458984375 0.551690625 0.560546875 0.551690625 0.5908203125 0.5551203124999999 0.615234375 0.5551203124999999 0.6455078125 0.5561 0.68359375
11 0.6006859375 0.728515625 0.6099953124999999 0.6376953125 0.612934375 0.59375 0.6119546875 0.55859375 0.6001953125 0.5439453125 0.5810875 0.5673828125 0.5810875 0.6025390625 0.5884375000000001 0.6552734375 0.5899062500000001 0.7236328125 0.6006859375 0.728515625
14 0.637921875 0.640625 0.64723125 0.6689453125 0.65458125 0.6904296875 0.6629109375 0.71875 0.6829984375 0.728515625 0.6722187500000001 0.6904296875 0.661440625 0.6669921875 0.6580109375000001 0.638671875 0.6604609375 0.607421875 0.6712390625 0.638671875 0.6829984375 0.6669921875 0.7030875 0.685546875 0.6962265624999999 0.6474609375 0.6854484375000001 0.6171875 0.67466875 0.607421875 0.6712390625 0.5771484375 0.6697703125000001 0.5439453125 0.64723125 0.5439453125 0.62714375 0.55078125 0.612934375 0.5556640625 0.612934375 0.5869140625 0.6227343750000001 0.619140625 0.637921875 0.640625
15 0.6937781249999999 0.6171875 0.7006375 0.6455078125 0.7172953125 0.662109375 0.7324843750000001 0.67578125 0.730525 0.6435546875 0.7466921875 0.6435546875 0.736403125 0.615234375 0.730525 0.5908203125 0.7172953125 0.5625 0.725625 0.515625 0.7138656250000001 0.494140625 0.6947578125 0.5205078125 0.6780984375 0.525390625 0.6712390625 0.5537109375 0.6829984375 0.5908203125 0.6937781249999999 0.6171875
16 0.728075 0.55078125 0.7290546875 0.5908203125 0.7432624999999999 0.5908203125 0.7564921874999999 0.5908203125 0.77168125 0.5908203125 0.8138171875 0.5859375 0.8128375 0.552734375 0.8089171875 0.5078125 0.7658015625 0.4990234375 0.7564921874999999 0.48046875 0.7408140624999999 0.470703125 0.7324843750000001 0.501953125 0.72954375 0.52734375 0.728075 0.55078125