2 0.744325 0.50390625 0.7589187500000001 0.505859375 0.7729734374999999 0.50390625 0.7778375 0.4755859375 0.7908109375000001 0.4697265625 0.7908109375000001 0.4453125 0.7881078125000001 0.419921875 0.7718921875 0.39453125 0.7540546875 0.39453125 0.7421625 0.400390625 0.7281078125 0.419921875 0.7340546875 0.4560546875 0.7410812499999999 0.484375 0.744325 0.50390625
13 0.7032437500000001 0.53125 0.7032437500000001 0.5615234375 0.7032437500000001 0.5888671875 0.7102703125 0.6123046875 0.7254046875 0.6171875 0.737296875 0.599609375 0.7540546875 0.599609375 0.7621625 0.572265625 0.7621625 0.5458984375 0.7518921875 0.5244140625 0.74 0.51171875 0.7313515625 0.46484375 0.718378125 0.4482421875 0.7021625 0.4521484375 0.698378125 0.4755859375 0.7021625 0.5009765625 0.7032437500000001 0.53125
17 0.6843250000000001 0.640625 0.704325 0.6318359375 0.7064859375 0.6044921875 0.6972968749999999 0.57421875 0.6902703125 0.5439453125 0.6654046874999999 0.5458984375 0.660540625 0.572265625 0.661621875 0.6044921875 0.6664859375 0.640625 0.6843250000000001 0.640625
18 0.644865625 0.64453125 0.661621875 0.638671875 0.661621875 0.6123046875 0.661621875 0.5908203125 0.661621875 0.5654296875 0.6427031249999999 0.572265625 0.623784375 0.5908203125 0.621621875 0.625 0.6297296875 0.64453125 0.644865625 0.64453125
19 0.598378125 0.65234375 0.615675 0.65234375 0.6227031249999999 0.640625 0.624865625 0.6103515625 0.6259453125000001 0.576171875 0.604865625 0.5546875 0.5989187499999999 0.580078125 0.5940546875 0.59765625 0.5929734375 0.619140625 0.598378125 0.65234375
20 0.556215625 0.537109375 0.556215625 0.5615234375 0.5540546875000001 0.59375 0.5540546875000001 0.625 0.5540546875000001 0.6572265625 0.5659453125 0.6572265625 0.5789187499999999 0.6552734375 0.5908109375 0.64453125 0.5918921874999999 0.62109375 0.5881078125 0.5908203125 0.5848656250000001 0.5654296875 0.5832437500000001 0.5361328125 0.5789187499999999 0.5029296875 0.5740546875 0.46875 0.5713515625000001 0.4462890625 0.559459375 0.4296875 0.5524328125 0.4541015625 0.5535140625 0.478515625 0.555675 0.5087890625 0.556215625 0.537109375
21 0.5081078125 0.4990234375 0.504865625 0.521484375 0.5043249999999999 0.5517578125 0.499459375 0.5791015625 0.498378125 0.6005859375 0.49675624999999995 0.6357421875 0.500540625 0.666015625 0.517296875 0.666015625 0.5291890625 0.666015625 0.5470265624999999 0.6640625 0.5470265624999999 0.6279296875 0.5470265624999999 0.599609375 0.5416218749999999 0.5576171875 0.53891875 0.5205078125 0.536215625 0.4921875 0.5275671875 0.478515625 0.51675625 0.4638671875 0.5081078125 0.4990234375
22 0.4524328125 0.494140625 0.4529734375 0.5234375 0.455675 0.5546875 0.4508109375 0.5830078125 0.4486484375 0.6064453125 0.4486484375 0.6337890625 0.4508109375 0.662109375 0.462703125 0.66796875 0.478378125 0.66796875 0.4945953125 0.662109375 0.4945953125 0.6357421875 0.4945953125 0.6064453125 0.49135156249999995 0.5830078125 0.48864843750000003 0.556640625 0.48864843750000003 0.5244140625 0.48 0.4912109375 0.4729734375 0.4501953125 0.45891875000000004 0.46875 0.4524328125 0.494140625
30 0.41027031249999996 0.474609375 0.4091890625 0.5234375 0.40972968749999994 0.55078125 0.4054046875 0.6025390625 0.40486562499999995 0.6318359375 0.4129734375 0.6513671875 0.42702656250000004 0.6591796875 0.444865625 0.6591796875 0.44756718749999996 0.640625 0.4486484375 0.6083984375 0.44594531249999997 0.5537109375 0.44108125 0.533203125 0.440540625 0.4853515625 0.43729687500000003 0.4609375 0.42270312499999996 0.4501953125 0.41027031249999996 0.474609375
29 0.37027031250000003 0.640625 0.37891875 0.6640625 0.3902703125 0.6533203125 0.40216250000000003 0.625 0.39891875 0.5869140625 0.39297343749999997 0.548828125 0.37891875 0.55078125 0.375134375 0.580078125 0.3713515625 0.6064453125 0.37027031250000003 0.640625
23 0.35243281249999997 0.5615234375 0.37027031250000003 0.5654296875 0.38108125 0.55078125 0.3918921875 0.529296875 0.3902703125 0.4970703125 0.3821625 0.4755859375 0.3697296875 0.4306640625 0.358378125 0.4462890625 0.3459453125 0.439453125 0.3491890625 0.50390625 0.3481078125 0.5380859375 0.35243281249999997 0.5615234375
23 0.358378125 0.6513671875 0.37027031250000003 0.638671875 0.37027031250000003 0.6044921875 0.375134375 0.5615234375 0.3502703125 0.5615234375 0.3481078125 0.59375 0.3464859375 0.6171875 0.3464859375 0.646484375 0.358378125 0.6513671875
24 0.31135156249999996 0.548828125 0.32432500000000003 0.548828125 0.33837812500000003 0.52734375 0.33837812500000003 0.490234375 0.3340546875 0.4296875 0.3129734375 0.4267578125 0.304325 0.4697265625 0.2945953125 0.4951171875 0.29945937499999997 0.53125 0.31135156249999996 0.548828125
24 0.32054062499999997 0.6357421875 0.337296875 0.640625 0.344325 0.6171875 0.344325 0.5849609375 0.337296875 0.5458984375 0.31135156249999996 0.552734375 0.30162187500000004 0.572265625 0.2935140625 0.6123046875 0.304325 0.6357421875 0.32054062499999997 0.6357421875
25 0.24270312500000002 0.59375 0.2529734375 0.6064453125 0.264865625 0.6044921875 0.280540625 0.619140625 0.2945953125 0.6171875 0.29945937499999997 0.595703125 0.30162187500000004 0.5673828125 0.295134375 0.53125 0.2913515625 0.443359375 0.261621875 0.4423828125 0.25189218750000003 0.5224609375 0.24270312500000002 0.5439453125 0.241621875 0.572265625 0.24270312500000002 0.59375
26 0.2118921875 0.486328125 0.223784375 0.50390625 0.2378375 0.5185546875 0.2529734375 0.509765625 0.25675625 0.4755859375 0.26108125000000004 0.43359375 0.235675 0.3984375 0.22108124999999998 0.416015625 0.2081078125 0.4326171875 0.20216249999999997 0.4609375 0.2118921875 0.486328125
0 0.1740546875 0.708984375 0.1740546875 0.734375 0.196215625 0.732421875 0.2 0.7734375 0.2140546875 0.759765625 0.22486562499999999 0.7451171875 0.23297343750000002 0.7255859375 0.2378375 0.7001953125 0.2259453125 0.6806640625 0.2118921875 0.6767578125 0.1940546875 0.6494140625 0.177296875 0.662109375 0.17621562500000001 0.685546875 0.1740546875 0.708984375
1 0.244865625 0.6875 0.23891874999999999 0.7109375 0.2318921875 0.734375 0.22486562499999999 0.759765625 0.21675624999999998 0.80078125 0.22972968749999997 0.7841796875 0.24 0.7666015625 0.255675 0.734375 0.25675625 0.759765625 0.2545953125 0.7861328125 0.24864843749999999 0.8095703125 0.260540625 0.8115234375 0.26972968750000004 0.7919921875 0.279459375 0.7685546875 0.2870265625 0.73828125 0.300540625 0.7216796875 0.3086484375 0.6962890625 0.31135156249999996 0.66796875 0.2945953125 0.6533203125 0.280540625 0.64453125 0.2664859375 0.6298828125 0.24864843749999999 0.6357421875 0.2459453125 0.666015625 0.244865625 0.6875
3 0.3145953125 0.734375 0.3302703125 0.7490234375 0.337296875 0.7841796875 0.34324374999999996 0.7626953125 0.3454046875 0.7431640625 0.355134375 0.7197265625 0.36324375 0.68359375 0.3491890625 0.6728515625 0.3275671875 0.669921875 0.31135156249999996 0.666015625 0.31027031250000003 0.708984375 0.300540625 0.73046875 0.3145953125 0.734375
4 0.39891875 0.73046875 0.40486562499999995 0.708984375 0.4059453125 0.6875 0.39297343749999997 0.68359375 0.36108125 0.6806640625 0.36108125 0.7216796875 0.36324375 0.7431640625 0.3940546875 0.759765625 0.39891875 0.73046875
5 0.41891875 0.80078125 0.423784375 0.7734375 0.42972968749999996 0.7431640625 0.43459531250000005 0.71484375 0.41675625 0.6806640625 0.40108125 0.70703125 0.40108125 0.7451171875 0.40378437500000003 0.7841796875 0.40378437500000003 0.8134765625 0.41891875 0.80078125
6 0.462703125 0.7880859375 0.462703125 0.7578125 0.4675671875 0.7255859375 0.4664859375 0.685546875 0.43459531250000005 0.69140625 0.43459531250000005 0.7412109375 0.4378375 0.7734375 0.442703125 0.798828125 0.4508109375 0.8154296875 0.462703125 0.7880859375
7 0.498378125 0.759765625 0.501621875 0.73046875 0.500540625 0.6962890625 0.4724328125 0.69140625 0.4708109375 0.734375 0.478378125 0.7841796875 0.482703125 0.8203125 0.4945953125 0.796875 0.498378125 0.759765625
8 0.5324328125 0.8134765625 0.5324328125 0.7841796875 0.5324328125 0.755859375 0.5351343749999999 0.7255859375 0.5324328125 0.689453125 0.5043249999999999 0.69140625 0.5043249999999999 0.734375 0.5064859375 0.7646484375 0.5075671875000001 0.802734375 0.5221625000000001 0.8369140625 0.5324328125 0.8134765625
9 0.5454046875 0.8203125 0.557296875 0.8203125 0.5621625 0.7939453125 0.5670265624999999 0.7626953125 0.5681078125 0.728515625 0.5691890625 0.689453125 0.5481078125 0.6875 0.5302703125 0.6875 0.537296875 0.7236328125 0.5421625 0.759765625 0.5454046875 0.7939453125 0.5454046875 0.8203125
10 0.6 0.7705078125 0.6059453125 0.7490234375 0.604865625 0.7177734375 0.6 0.6875 0.583784375 0.6748046875 0.5718921875 0.6962890625 0.5718921875 0.73046875 0.58108125 0.751953125 0.6 0.7705078125
10 0.5870265625 0.87109375 0.5978375 0.91015625 0.62 0.916015625 0.6118921875 0.8818359375 0.6118921875 0.8369140625 0.6118921875 0.8134765625 0.6129734375 0.7880859375 0.60108125 0.775390625 0.583784375 0.7734375 0.5681078125 0.78125 0.5670265624999999 0.8154296875 0.575134375 0.8349609375 0.5870265625 0.87109375
11 0.6318921875 0.8203125 0.644865625 0.82421875 0.6535140625 0.7939453125 0.6535140625 0.7705078125 0.6524328125000001 0.7412109375 0.63891875 0.7216796875 0.623784375 0.728515625 0.6118921875 0.73046875 0.6097296875 0.75390625 0.6118921875 0.7841796875 0.6227031249999999 0.7939453125 0.6318921875 0.8203125
12 0.6475671875 0.7255859375 0.655675 0.751953125 0.658378125 0.775390625 0.6675671875 0.8076171875 0.6783781249999999 0.775390625 0.6854046874999999 0.7451171875 0.704325 0.755859375 0.7064859375 0.7255859375 0.6913515625 0.708984375 0.679459375 0.669921875 0.660540625 0.6748046875 0.63891875 0.6728515625 0.6378375000000001 0.6982421875 0.6475671875 0.7255859375
12 0.6875671875 0.8544921875 0.6935140625 0.8779296875 0.699459375 0.818359375 0.7102703125 0.8759765625 0.7135140625 0.8310546875 0.72108125 0.796875 0.716215625 0.7734375 0.6935140625 0.7646484375 0.677296875 0.77734375 0.677296875 0.802734375 0.682703125 0.826171875 0.6875671875 0.8544921875
14 0.6864859375 0.6875 0.6972968749999999 0.7109375 0.7064859375 0.732421875 0.7091890624999999 0.759765625 0.7221625 0.7734375 0.7270265625000001 0.798828125 0.7340546875 0.8203125 0.7540546875 0.8369140625 0.7470265625 0.8076171875 0.736215625 0.7734375 0.7340546875 0.7392578125 0.7502703125 0.75390625 0.7610812499999999 0.78125 0.7740546875 0.802734375 0.77891875 0.78125 0.7729734374999999 0.7578125 0.7659453125 0.7392578125 0.755134375 0.708984375 0.7562156250000001 0.669921875 0.7491890625 0.6298828125 0.7281078125 0.638671875 0.7091890624999999 0.642578125 0.6935140625 0.6494140625 0.682703125 0.6640625 0.6864859375 0.6875
15 0.784865625 0.7705078125 0.79891875 0.7939453125 0.803784375 0.75390625 0.804865625 0.734375 0.821621875 0.73046875 0.8264859375 0.708984375 0.822703125 0.6787109375 0.8027031250000001 0.6513671875 0.7918921875 0.6748046875 0.77675625 0.685546875 0.7670265625 0.71484375 0.775134375 0.7490234375 0.784865625 0.7705078125
17 0.6454046875 0.462890625 0.644865625 0.48828125 0.6454046875 0.5126953125 0.6497296875 0.533203125 0.660540625 0.5458984375 0.6778375 0.5517578125 0.6908109375 0.54296875 0.6940546875 0.5205078125 0.6945953125 0.4970703125 0.6859453125 0.46875 0.6767562500000001 0.4501953125 0.6670265625 0.4267578125 0.6670265625 0.4580078125 0.6691890625 0.482421875 0.655675 0.466796875 0.6459453125 0.4375 0.6454046875 0.462890625
18 0.5978375 0.5205078125 0.604865625 0.5498046875 0.6162156249999999 0.560546875 0.6264859375 0.576171875 0.636215625 0.58203125 0.6454046875 0.576171875 0.6508109375 0.55859375 0.6508109375 0.53125 0.6470265625 0.505859375 0.6464859374999999 0.484375 0.643784375 0.4638671875 0.643784375 0.44140625 0.6302703125 0.427734375 0.619459375 0.4443359375 0.6091890624999999 0.46875 0.604325 0.490234375 0.5978375 0.5205078125
3 0.29891875 0.7412109375 0.2886484375 0.7587890625 0.2886484375 0.7841796875 0.2875671875 0.802734375 0.2854046875 0.857421875 0.2929734375 0.8359375 0.29945937499999997 0.8173828125 0.3075671875 0.7958984375 0.30702656250000004 0.8349609375 0.3054046875 0.865234375 0.3281078125 0.80859375 0.3340546875 0.7685546875 0.32324375 0.73828125 0.3124328125 0.7373046875 0.29891875 0.7412109375
4 0.363784375 0.748046875 0.3513515625 0.75 0.3497296875 0.7783203125 0.3481078125 0.8017578125 0.3491890625 0.8271484375 0.3497296875 0.841796875 0.3464859375 0.8876953125 0.36324375 0.8271484375 0.3713515625 0.8056640625 0.3654046875 0.853515625 0.37027031250000003 0.87890625 0.3778375 0.8447265625 0.38810781250000004 0.81640625 0.3935140625 0.7919921875 0.3940546875 0.7685546875 0.3745953125 0.75 0.363784375 0.748046875
5 0.40810781250000006 0.94921875 0.4070265625 0.9638671875 0.4135140625 0.9609375 0.41891875 0.939453125 0.4291890625 0.8916015625 0.443784375 0.8603515625 0.44540468750000006 0.83203125 0.4302703125 0.7998046875 0.4140546875 0.8076171875 0.39837812499999997 0.8193359375 0.39297343749999997 0.8310546875 0.3940546875 0.8564453125 0.3945953125 0.8974609375 0.3913515625 0.9501953125 0.395675 0.9619140625 0.3978375 0.9521484375 0.401621875 0.939453125 0.4064859375 0.9375 0.40810781250000006 0.94921875