2 0.60546875 0.2281078125 0.580078125 0.2118921875 0.5546875 0.2091890625 0.5302734375 0.2091890625 0.5244140625 0.22216249999999998 0.49609375 0.2270265625 0.494140625 0.24108125 0.49609375 0.255675 0.515625 0.25891875 0.5439453125 0.26594531250000003 0.580078125 0.2718921875 0.599609375 0.2578375 0.60546875 0.2459453125 0.60546875 0.2281078125
13 0.5478515625 0.29783750000000003 0.5517578125 0.281621875 0.53515625 0.2686484375 0.48828125 0.26 0.4755859375 0.24810781249999997 0.4541015625 0.2378375 0.427734375 0.2378375 0.400390625 0.2459453125 0.400390625 0.262703125 0.3828125 0.2745953125 0.3876953125 0.2897296875 0.4111328125 0.29675625 0.4384765625 0.29675625 0.46875 0.29675625 0.4990234375 0.29783750000000003 0.5244140625 0.30162187500000004 0.5478515625 0.29783750000000003
17 0.359375 0.33351406250000004 0.3955078125 0.33837812500000003 0.427734375 0.339459375 0.4541015625 0.33459531249999996 0.4560546875 0.3097296875 0.42578125 0.30270312499999996 0.3955078125 0.2935140625 0.3681640625 0.295675 0.359375 0.31567500000000004 0.359375 0.33351406250000004
18 0.35546875 0.37027031250000003 0.375 0.378378125 0.4091796875 0.376215625 0.427734375 0.35729687499999996 0.4345703125 0.33837812500000003 0.4091796875 0.33837812500000003 0.3876953125 0.33837812500000003 0.361328125 0.33837812500000003 0.35546875 0.355134375 0.35546875 0.37027031250000003
19 0.380859375 0.4070265625 0.40234375 0.4059453125 0.419921875 0.40108125 0.4453125 0.395134375 0.423828125 0.37405468750000004 0.3896484375 0.375134375 0.359375 0.377296875 0.34765625 0.38432499999999997 0.34765625 0.401621875 0.380859375 0.4070265625
20 0.462890625 0.443784375 0.4912109375 0.44432499999999997 0.521484375 0.4464859375 0.5458984375 0.44756718749999996 0.5703125 0.440540625 0.5537109375 0.4286484375 0.53125 0.4259453125 0.4970703125 0.42108125 0.4638671875 0.41675625 0.4345703125 0.41513437499999994 0.4091796875 0.4118921875 0.37890625 0.40810781250000006 0.35546875 0.4091890625 0.3447265625 0.42108125 0.3427734375 0.43405468750000004 0.3427734375 0.44594531249999997 0.375 0.44594531249999997 0.40625 0.44594531249999997 0.4384765625 0.443784375 0.462890625 0.443784375
21 0.521484375 0.4724328125 0.5078125 0.463784375 0.4794921875 0.46108125 0.4423828125 0.458378125 0.400390625 0.4529734375 0.3720703125 0.4529734375 0.3359375 0.4529734375 0.333984375 0.4708109375 0.333984375 0.482703125 0.333984375 0.499459375 0.3642578125 0.50324375 0.3994140625 0.501621875 0.4208984375 0.500540625 0.4482421875 0.49567500000000003 0.478515625 0.495134375 0.5009765625 0.49189218749999997 0.5361328125 0.48324375 0.521484375 0.4724328125
22 0.53125 0.54108125 0.5498046875 0.5270265625 0.5087890625 0.52 0.4755859375 0.5113515625 0.443359375 0.5113515625 0.4169921875 0.5086484375 0.3935546875 0.5054046875 0.3642578125 0.5054046875 0.337890625 0.5054046875 0.33203125 0.521621875 0.33203125 0.537296875 0.337890625 0.5491890625 0.3662109375 0.5513515625000001 0.3935546875 0.5513515625000001 0.4169921875 0.5491890625 0.4453125 0.544325 0.4765625 0.5470265624999999 0.505859375 0.5475671875 0.53125 0.54108125
30 0.466796875 0.55891875 0.4462890625 0.5540546875000001 0.3916015625 0.5513515625000001 0.359375 0.5524328125 0.3408203125 0.555134375 0.3408203125 0.5729734375 0.3486328125 0.5870265625 0.3681640625 0.595134375 0.3974609375 0.5945953125 0.44921875 0.5902703125000001 0.4765625 0.5908109375 0.525390625 0.5897296875 0.5498046875 0.577296875 0.5390625 0.562703125 0.5146484375 0.559459375 0.466796875 0.55891875
29 0.3935546875 0.6286484375 0.419921875 0.624865625 0.44921875 0.62108125 0.451171875 0.6070265625 0.4130859375 0.60108125 0.375 0.5978375 0.3466796875 0.6097296875 0.3359375 0.62108125 0.359375 0.6297296875 0.3935546875 0.6286484375
23 0.470703125 0.6081078125 0.44921875 0.61891875 0.4345703125 0.6297296875 0.4384765625 0.6475671875 0.4619140625 0.6518921875 0.49609375 0.6508109375 0.560546875 0.6540546875000001 0.5537109375 0.641621875 0.5693359375 0.6302703125 0.5244140625 0.6178375 0.5029296875 0.6097296875 0.470703125 0.6081078125
23 0.40625 0.6518921875 0.4384765625 0.6497296875 0.4384765625 0.624865625 0.3955078125 0.6297296875 0.361328125 0.6297296875 0.3486328125 0.641621875 0.353515625 0.6535140625 0.3828125 0.6535140625 0.40625 0.6518921875
24 0.46875 0.700540625 0.5048828125 0.7054046875 0.5302734375 0.695675 0.5732421875 0.6870265625 0.5703125 0.6659453125 0.509765625 0.661621875 0.47265625 0.661621875 0.451171875 0.675675 0.451171875 0.6886484375 0.46875 0.700540625
24 0.3642578125 0.695675 0.3876953125 0.7064859375 0.427734375 0.698378125 0.447265625 0.6886484375 0.4541015625 0.662703125 0.4150390625 0.655675 0.3828125 0.655675 0.359375 0.662703125 0.3642578125 0.679459375 0.3642578125 0.695675
25 0.46875 0.7048656249999999 0.4326171875 0.698378125 0.404296875 0.700540625 0.3828125 0.7054046875 0.380859375 0.719459375 0.3955078125 0.735134375 0.3935546875 0.7470265625 0.40625 0.757296875 0.427734375 0.758378125 0.4560546875 0.757296875 0.4775390625 0.7481078125 0.5576171875 0.738378125 0.556640625 0.7086484375000001 0.46875 0.7048656249999999
26 0.49609375 0.7762156250000001 0.513671875 0.7881078125000001 0.5390625 0.7978375 0.5673828125 0.7918921875 0.583984375 0.77891875 0.6015625 0.764325 0.56640625 0.7389187500000001 0.5244140625 0.74324375 0.490234375 0.7470265625 0.4814453125 0.7621625 0.49609375 0.7762156250000001
0 0.2998046875 0.7621625 0.2744140625 0.7670265625 0.2548828125 0.775134375 0.240234375 0.7859453125 0.2265625 0.8 0.267578125 0.803784375 0.265625 0.8259453125 0.291015625 0.8259453125 0.314453125 0.823784375 0.337890625 0.822703125 0.3505859375 0.8059453124999999 0.3232421875 0.7881078125000001 0.3193359375 0.7740546875 0.2998046875 0.7621625
1 0.19921875 0.78324375 0.240234375 0.775134375 0.265625 0.7681078125 0.2890625 0.7610812499999999 0.3125 0.755134375 0.333984375 0.7540546875 0.3642578125 0.7513515625 0.3701171875 0.7335140625000001 0.35546875 0.719459375 0.3466796875 0.7054046875 0.33203125 0.6886484375 0.3037109375 0.6913515625 0.2783203125 0.699459375 0.26171875 0.7129734375 0.2314453125 0.720540625 0.2080078125 0.7302703125 0.1884765625 0.739459375 0.1904296875 0.7513515625 0.2138671875 0.7454046875 0.240234375 0.74324375 0.265625 0.744325 0.2333984375 0.76 0.2158203125 0.7702703125 0.19921875 0.78324375
3 0.2802734375 0.644865625 0.2568359375 0.6545953124999999 0.2373046875 0.65675625 0.2158203125 0.662703125 0.2509765625 0.6697296875000001 0.265625 0.6854046874999999 0.26953125 0.699459375 0.291015625 0.6897296875000001 0.333984375 0.6886484375 0.330078125 0.6724328125000001 0.3271484375 0.6508109375 0.31640625 0.63675625 0.2802734375 0.644865625
4 0.2783203125 0.63891875 0.3193359375 0.63891875 0.31640625 0.6070265625 0.3125 0.5940546875 0.291015625 0.595134375 0.26953125 0.60108125 0.240234375 0.6059453125 0.2568359375 0.63675625 0.2783203125 0.63891875
5 0.1865234375 0.5962156249999999 0.2158203125 0.5962156249999999 0.2548828125 0.5989187499999999 0.29296875 0.5989187499999999 0.3193359375 0.5832437500000001 0.28515625 0.5654046875 0.2568359375 0.5702703125 0.2265625 0.576215625 0.19921875 0.58108125 0.1865234375 0.5962156249999999
6 0.1845703125 0.5491890625 0.201171875 0.557296875 0.2265625 0.5621625 0.2587890625 0.5654046875 0.30859375 0.5654046875 0.314453125 0.5335140625 0.2744140625 0.5324328125 0.2421875 0.537296875 0.2119140625 0.537296875 0.1845703125 0.5491890625
7 0.2158203125 0.521621875 0.265625 0.5291890625 0.30859375 0.5275671875 0.3037109375 0.499459375 0.26953125 0.498378125 0.240234375 0.501621875 0.203125 0.5054046875 0.1796875 0.517296875 0.2158203125 0.521621875
8 0.2158203125 0.4675671875 0.1865234375 0.4675671875 0.1630859375 0.47783749999999997 0.197265625 0.4924328125 0.2353515625 0.49351406249999996 0.265625 0.49567500000000003 0.30859375 0.49567500000000003 0.310546875 0.4675671875 0.2744140625 0.464865625 0.244140625 0.4675671875 0.2158203125 0.4675671875
9 0.2373046875 0.4329734375 0.2060546875 0.4378375 0.1796875 0.442703125 0.1796875 0.45459531249999996 0.2060546875 0.45459531249999996 0.240234375 0.4578375 0.2763671875 0.462703125 0.3125 0.4697296875 0.3125 0.45189218750000004 0.310546875 0.4308109375 0.271484375 0.4318921875 0.2373046875 0.4329734375
10 0.3037109375 0.42810781249999996 0.3251953125 0.416215625 0.3125 0.4 0.2822265625 0.395134375 0.2509765625 0.3940546875 0.2294921875 0.4 0.248046875 0.41891875 0.26953125 0.42810781249999996 0.3037109375 0.42810781249999996
10 0.1865234375 0.38810781250000004 0.1630859375 0.38810781250000004 0.1181640625 0.38810781250000004 0.083984375 0.38 0.08984375 0.40216250000000003 0.12890625 0.4129734375 0.1650390625 0.42486562499999997 0.1845703125 0.4329734375 0.21875 0.4318921875 0.2265625 0.416215625 0.224609375 0.39891875 0.2119140625 0.3870265625 0.1865234375 0.38810781250000004
11 0.2294921875 0.3464859375 0.2060546875 0.3464859375 0.17578125 0.355134375 0.1796875 0.3681078125 0.2060546875 0.377296875 0.2158203125 0.38810781250000004 0.24609375 0.3902703125 0.26953125 0.38810781250000004 0.271484375 0.376215625 0.2783203125 0.36108125 0.2587890625 0.34756718750000004 0.2294921875 0.3464859375
12 0.2744140625 0.2935140625 0.244140625 0.295675 0.2548828125 0.3145953125 0.224609375 0.321621875 0.1923828125 0.3324328125 0.224609375 0.341621875 0.248046875 0.344325 0.2744140625 0.35243281249999997 0.3017578125 0.3621625 0.3271484375 0.36108125 0.3251953125 0.339459375 0.330078125 0.32054062499999997 0.291015625 0.3086484375 0.2744140625 0.2935140625
12 0.1240234375 0.2897296875 0.181640625 0.300540625 0.1220703125 0.3064859375 0.1455078125 0.3124328125 0.173828125 0.317296875 0.197265625 0.322703125 0.22265625 0.322703125 0.2353515625 0.3064859375 0.2265625 0.28378437500000003 0.203125 0.27891875 0.1689453125 0.2864859375 0.1240234375 0.2897296875
14 0.201171875 0.2729734375 0.2265625 0.2778375 0.240234375 0.2908109375 0.267578125 0.2935140625 0.2890625 0.30270312499999996 0.3125 0.3135140625 0.3359375 0.317296875 0.3505859375 0.3064859375 0.357421875 0.2908109375 0.361328125 0.2718921875 0.3701171875 0.2508109375 0.330078125 0.243784375 0.291015625 0.244865625 0.2607421875 0.23405468749999997 0.2421875 0.2270265625 0.21875 0.22108124999999998 0.197265625 0.2259453125 0.21875 0.23891874999999999 0.24609375 0.2497296875 0.2607421875 0.26594531250000003 0.2265625 0.263784375 0.1923828125 0.2529734375 0.1630859375 0.2459453125 0.1796875 0.26594531250000003 0.201171875 0.2729734375
15 0.291015625 0.1735140625 0.26953125 0.178378125 0.265625 0.195134375 0.24609375 0.196215625 0.2060546875 0.20108125000000002 0.2294921875 0.21513437500000002 0.2509765625 0.22486562499999999 0.28515625 0.23297343750000002 0.314453125 0.22324375000000002 0.3251953125 0.2081078125 0.3486328125 0.19729687499999998 0.3212890625 0.177296875 0.291015625 0.1735140625
17 0.517578125 0.3308109375 0.5419921875 0.3329734375 0.5732421875 0.3329734375 0.5498046875 0.32324375 0.53125 0.3140546875 0.5029296875 0.3054046875 0.4794921875 0.3059453125 0.45703125 0.3091890625 0.4482421875 0.3221625 0.4541015625 0.339459375 0.466796875 0.3502703125 0.4873046875 0.3545953125 0.51171875 0.355134375 0.537109375 0.3545953125 0.5625 0.3540546875 0.533203125 0.344325 0.517578125 0.3308109375
18 0.5556640625 0.38054062499999997 0.572265625 0.3697296875 0.55859375 0.35621562500000004 0.5361328125 0.35621562500000004 0.515625 0.3535140625 0.494140625 0.3529734375 0.46875 0.3491890625 0.44140625 0.3491890625 0.423828125 0.3545953125 0.41796875 0.363784375 0.423828125 0.3735140625 0.439453125 0.383784375 0.4501953125 0.395134375 0.4794921875 0.40216250000000003 0.509765625 0.395675 0.53125 0.3908109375 0.5556640625 0.38054062499999997
3 0.134765625 0.6945953125 0.1650390625 0.6929734375 0.2041015625 0.6924328125 0.1826171875 0.700540625 0.1640625 0.7070265625000001 0.142578125 0.7145953125 0.197265625 0.7124328125 0.2158203125 0.7113515625 0.2412109375 0.7113515625 0.2587890625 0.70108125 0.2626953125 0.6875671875 0.26171875 0.6767562500000001 0.2314453125 0.6659453125 0.19140625 0.6718921875 0.134765625 0.6945953125
4 0.2080078125 0.6064859375 0.18359375 0.6118921875 0.1552734375 0.6221625000000001 0.12109375 0.6297296875 0.146484375 0.6345953125 0.1943359375 0.6286484375 0.1728515625 0.63675625 0.1123046875 0.6535140625 0.158203125 0.6502703125 0.1728515625 0.6508109375 0.1982421875 0.6518921875 0.2216796875 0.6502703125 0.25 0.6486484375 0.251953125 0.636215625 0.25 0.6254046875 0.2314453125 0.6059453125 0.2080078125 0.6064859375
5 0.0625 0.5935140624999999 0.060546875 0.598378125 0.0478515625 0.6021625 0.0380859375 0.604325 0.0498046875 0.6086484375000001 0.1025390625 0.6054046875 0.1435546875 0.6059453125 0.1689453125 0.6070265625 0.1806640625 0.601621875 0.1923828125 0.5859453125 0.2001953125 0.5697296875 0.16796875 0.5545953124999999 0.1396484375 0.556215625 0.1083984375 0.5708109375 0.060546875 0.58108125 0.0390625 0.5864859375 0.0361328125 0.5929734375 0.05078125 0.5918921874999999 0.0625 0.5935140624999999