2 0.25918593749999996 0.3974609375 0.25918593749999996 0.3671875 0.2493875 0.34375 0.23909843749999998 0.3671875 0.2293 0.40234375 0.21999062500000002 0.435546875 0.21999062500000002 0.4658203125 0.2327296875 0.4921875 0.2518375 0.4921875 0.25918593749999996 0.46875 0.25918593749999996 0.4326171875 0.25918593749999996 0.3974609375
13 0.307203125 0.4931640625 0.30377343749999997 0.44921875 0.29936250000000003 0.4208984375 0.297403125 0.3984375 0.2871140625 0.3544921875 0.2778046875 0.34765625 0.269475 0.3740234375 0.2660453125 0.4140625 0.261146875 0.4521484375 0.25918593749999996 0.482421875 0.2601671875 0.50390625 0.2709453125 0.5205078125 0.2944640625 0.5283203125 0.30279218750000003 0.513671875 0.307203125 0.4931640625
18 0.3645265625 0.4423828125 0.357178125 0.40234375 0.3512984375 0.3720703125 0.3444390625 0.345703125 0.33121093749999997 0.34765625 0.3395390625 0.40234375 0.3395390625 0.44921875 0.3395390625 0.4853515625 0.3463984375 0.517578125 0.359628125 0.5302734375 0.3738359375 0.501953125 0.37285625 0.4736328125 0.3645265625 0.4423828125
19 0.4140125 0.505859375 0.41058281250000006 0.470703125 0.40715312499999995 0.4306640625 0.4056828125 0.3857421875 0.4056828125 0.3505859375 0.39637500000000003 0.3125 0.3811859375 0.32421875 0.379715625 0.3671875 0.379715625 0.4169921875 0.3787359375 0.4521484375 0.3762859375 0.4921875 0.3738359375 0.517578125 0.387065625 0.5439453125 0.403234375 0.537109375 0.4140125 0.505859375
21 0.4889765625 0.47265625 0.48505624999999997 0.4404296875 0.48162656249999997 0.40234375 0.47329687500000006 0.3525390625 0.458109375 0.3671875 0.458109375 0.4140625 0.4566390625 0.45703125 0.45320937499999997 0.4970703125 0.45320937499999997 0.5302734375 0.4615390625 0.5556640625 0.49093593750000003 0.548828125 0.49289531249999996 0.515625 0.4889765625 0.47265625
22 0.5301328125 0.482421875 0.5276828124999999 0.435546875 0.5267031249999999 0.392578125 0.5193531250000001 0.3505859375 0.5066140625 0.3291015625 0.5007343750000001 0.3603515625 0.49926562499999994 0.4091796875 0.49926562499999994 0.458984375 0.4933859375 0.5087890625 0.4933859375 0.5419921875 0.5134734375 0.5556640625 0.5311125 0.55078125 0.5335625 0.513671875 0.5301328125 0.482421875
29 0.6095046875000001 0.4423828125 0.60460625 0.400390625 0.60460625 0.3671875 0.6011765625 0.322265625 0.5894171874999999 0.3037109375 0.5752078125 0.3193359375 0.5752078125 0.3642578125 0.5752078125 0.404296875 0.5737390625 0.447265625 0.5737390625 0.4755859375 0.5820671875000001 0.513671875 0.603625 0.5302734375 0.612934375 0.48046875 0.6095046875000001 0.4423828125
23 0.6604609375 0.4423828125 0.6580109375000001 0.3974609375 0.6506609375 0.34765625 0.64723125 0.3125 0.6354734375 0.32421875 0.6344921875 0.37890625 0.62959375 0.4140625 0.6261640625 0.4541015625 0.6261640625 0.4853515625 0.6413515624999999 0.505859375 0.6555609375 0.5087890625 0.6629109375 0.4853515625 0.6604609375 0.4423828125
26 0.7491421875000001 0.298828125 0.7408140624999999 0.32421875 0.7422828124999999 0.3720703125 0.7422828124999999 0.40234375 0.7515921875 0.4326171875 0.7706999999999999 0.4306640625 0.7858890625 0.4072265625 0.7751109375 0.37109375 0.7609015625 0.32421875 0.7491421875000001 0.298828125
28 0.76433125 0.5537109375 0.7765796875000001 0.55859375 0.79911875 0.5703125 0.7951984375000001 0.5419921875 0.7834390625000001 0.52734375 0.76678125 0.501953125 0.7491421875000001 0.48046875 0.723665625 0.4970703125 0.7241546875 0.517578125 0.711415625 0.537109375 0.709946875 0.55859375 0.7217046875 0.5771484375 0.7466921875 0.5869140625 0.7633515625 0.60546875 0.780009375 0.615234375 0.7741296875 0.5888671875 0.76433125 0.5537109375
3 0.6487015625 0.7158203125 0.6487015625 0.685546875 0.6487015625 0.650390625 0.6487015625 0.615234375 0.6487015625 0.58203125 0.638903125 0.5654296875 0.62959375 0.5439453125 0.610484375 0.55078125 0.612934375 0.6005859375 0.6188140625 0.6357421875 0.6261640625 0.671875 0.62959375 0.7158203125 0.636453125 0.7568359375 0.6487015625 0.744140625 0.6487015625 0.7158203125
4 0.6080359375 0.6806640625 0.6080359375 0.6435546875 0.6119546875 0.595703125 0.6119546875 0.560546875 0.5903968749999999 0.5419921875 0.5761875 0.5673828125 0.5796171875 0.6025390625 0.5859875 0.630859375 0.5903968749999999 0.671875 0.5938265625 0.70703125 0.6070546875 0.7421875 0.6080359375 0.708984375 0.6080359375 0.6806640625
5 0.5859875 0.7041015625 0.5835375 0.6787109375 0.5796171875 0.640625 0.5786374999999999 0.6025390625 0.5786374999999999 0.5625 0.5551203124999999 0.5439453125 0.544340625 0.57421875 0.5433609374999999 0.60546875 0.551690625 0.638671875 0.5575703125 0.6787109375 0.5658984375 0.7119140625 0.5727578125 0.751953125 0.5859875 0.7568359375 0.5859875 0.7041015625
6 0.5409109375 0.6787109375 0.541890625 0.638671875 0.5433609374999999 0.6005859375 0.5433609374999999 0.5625 0.51249375 0.5673828125 0.5159234374999999 0.5908203125 0.5208234375 0.62890625 0.524253125 0.6689453125 0.524253125 0.708984375 0.5350312500000001 0.7353515625 0.5394421875 0.708984375 0.5409109375 0.6787109375
7 0.5134734375 0.5673828125 0.48750625000000003 0.572265625 0.4933859375 0.6240234375 0.501715625 0.685546875 0.51249375 0.70703125 0.5134734375 0.671875 0.5134734375 0.640625 0.5134734375 0.6025390625 0.5134734375 0.5673828125
8 0.48652656250000004 0.630859375 0.48995625 0.57421875 0.4639875 0.5771484375 0.46643749999999995 0.6220703125 0.4683984375 0.662109375 0.46986718749999995 0.7021484375 0.47819687499999997 0.7470703125 0.48260625 0.71875 0.48505624999999997 0.673828125 0.48652656250000004 0.630859375
9 0.4615390625 0.65234375 0.4639875 0.6123046875 0.46496875 0.5673828125 0.4341015625 0.5654296875 0.43802031250000006 0.607421875 0.43802031250000006 0.640625 0.44145 0.68359375 0.44242968749999995 0.728515625 0.4566390625 0.7470703125 0.46006875 0.7021484375 0.4615390625 0.65234375
10 0.4198921875 0.77734375 0.42479218750000003 0.7421875 0.429690625 0.7001953125 0.43165156250000003 0.662109375 0.4341015625 0.6220703125 0.43802031250000006 0.583984375 0.42479218750000003 0.560546875 0.403234375 0.5771484375 0.404703125 0.6171875 0.403234375 0.650390625 0.402253125 0.68359375 0.3998046875 0.71875 0.39735468749999997 0.7587890625 0.403234375 0.787109375 0.4198921875 0.77734375
11 0.39637500000000003 0.6875 0.39735468749999997 0.6572265625 0.3998046875 0.626953125 0.404703125 0.5869140625 0.389025 0.55859375 0.37138593750000004 0.572265625 0.37138593750000004 0.6171875 0.374815625 0.6572265625 0.3762859375 0.7001953125 0.377265625 0.7421875 0.38804531249999996 0.7587890625 0.39294531250000003 0.7236328125 0.39637500000000003 0.6875
12 0.362078125 0.6787109375 0.3645265625 0.640625 0.36795625 0.6123046875 0.37285625 0.5703125 0.3537484375 0.560546875 0.33464062499999997 0.572265625 0.33610937500000004 0.6025390625 0.3395390625 0.6435546875 0.3395390625 0.6787109375 0.3395390625 0.71875 0.34051875 0.7607421875 0.357178125 0.7158203125 0.362078125 0.6787109375
16 0.286134375 0.5908203125 0.288584375 0.5625 0.276825 0.5439453125 0.26849531249999997 0.5205078125 0.2533078125 0.5205078125 0.240078125 0.5439453125 0.22488906250000001 0.572265625 0.21509062499999998 0.6025390625 0.21509062499999998 0.626953125 0.22587031249999998 0.6474609375 0.2459578125 0.6435546875 0.25918593749999996 0.6240234375 0.27535468750000003 0.6123046875 0.286134375 0.5908203125