31 0.8039953125 0.625 0.7921171874999999 0.603515625 0.7775375 0.6103515625 0.767278125 0.6357421875 0.7964359375 0.7021484375 0.813175 0.69140625 0.8120953125 0.6630859375 0.8061562500000001 0.642578125 0.8039953125 0.625
2 0.765659375 0.623046875 0.7732187500000001 0.5927734375 0.7802374999999999 0.5693359375 0.7883375 0.5458984375 0.7802374999999999 0.5205078125 0.765659375 0.5029296875 0.750540625 0.5009765625 0.7338015625 0.513671875 0.7305609375000001 0.5390625 0.7305609375000001 0.5625 0.7305609375000001 0.5908203125 0.7305609375000001 0.623046875 0.765659375 0.623046875
13 0.686284375 0.4990234375 0.686284375 0.5224609375 0.6852046875 0.5517578125 0.6830453125 0.583984375 0.6900640625000001 0.6103515625 0.7057234375 0.6142578125 0.7219218749999999 0.6142578125 0.7257015625000001 0.578125 0.7267812499999999 0.5458984375 0.7305609375000001 0.517578125 0.7435203125000001 0.4833984375 0.7516203124999999 0.4599609375 0.7445999999999999 0.4384765625 0.7338015625 0.4189453125 0.7186828125 0.4150390625 0.7041031249999999 0.4150390625 0.6879046875 0.4169921875 0.686284375 0.451171875 0.686284375 0.4990234375
17 0.6474078125 0.5693359375 0.6652265625 0.5625 0.671165625 0.53515625 0.6760265624999999 0.5029296875 0.6830453125 0.466796875 0.6879046875 0.4345703125 0.694925 0.4091796875 0.6879046875 0.384765625 0.671165625 0.380859375 0.6555078125 0.3916015625 0.6463281249999999 0.40625 0.6463281249999999 0.4453125 0.6463281249999999 0.494140625 0.6463281249999999 0.5283203125 0.6474078125 0.5693359375
18 0.6177109375 0.5546875 0.63336875 0.5458984375 0.6355296874999999 0.5068359375 0.6393093750000001 0.4775390625 0.6403890624999999 0.44921875 0.6452484375 0.423828125 0.6522671875 0.3896484375 0.64146875 0.353515625 0.624190625 0.36328125 0.60043125 0.3828125 0.60043125 0.435546875 0.60853125 0.474609375 0.6117703125 0.51171875 0.6177109375 0.5546875
19 0.570734375 0.5029296875 0.577753125 0.537109375 0.58099375 0.5673828125 0.595571875 0.580078125 0.60583125 0.5283203125 0.60583125 0.5009765625 0.60853125 0.466796875 0.6096109375000001 0.427734375 0.6117703125 0.3935546875 0.60853125 0.3720703125 0.5880124999999999 0.353515625 0.577753125 0.3681640625 0.568034375 0.3955078125 0.565875 0.423828125 0.5669546875 0.46484375 0.570734375 0.5029296875
20 0.5410359375 0.5390625 0.555075 0.5458984375 0.555075 0.494140625 0.5599359374999999 0.4560546875 0.5647953125 0.4169921875 0.5647953125 0.3896484375 0.5572359375 0.3662109375 0.5421171874999999 0.357421875 0.5291578125 0.3662109375 0.5291578125 0.3955078125 0.532396875 0.4296875 0.535096875 0.4619140625 0.53995625 0.4990234375 0.5410359375 0.5390625
21 0.5134984375 0.6005859375 0.522678125 0.58203125 0.5221375 0.466796875 0.5242984374999999 0.4326171875 0.5242984374999999 0.3955078125 0.5242984374999999 0.3720703125 0.5124187499999999 0.357421875 0.4946 0.35546875 0.47840156250000004 0.361328125 0.47840156250000004 0.40234375 0.482721875 0.4326171875 0.4908203125 0.4599609375 0.49676093750000005 0.48828125 0.5134984375 0.6005859375
22 0.4697625 0.6181640625 0.48758125 0.607421875 0.4881203125 0.583984375 0.482721875 0.55859375 0.47840156250000004 0.53515625 0.4697625 0.515625 0.45194375000000003 0.5302734375 0.4379046875 0.5458984375 0.4260265625 0.5654296875 0.4330453125 0.60546875 0.4460046875 0.6318359375 0.4697625 0.6181640625
30 0.4281859375 0.4921875 0.423865625 0.515625 0.423865625 0.5625 0.438984375 0.5458984375 0.4460046875 0.5048828125 0.4557234375 0.466796875 0.45896406250000005 0.4365234375 0.4686828125 0.4111328125 0.4697625 0.37890625 0.46490312500000003 0.35546875 0.4508640625 0.35546875 0.441684375 0.361328125 0.42980625000000006 0.3798828125 0.4308859375 0.4169921875 0.4308859375 0.447265625 0.4281859375 0.4921875
29 0.38822968750000003 0.5673828125 0.39902812499999996 0.603515625 0.40334843749999993 0.5625 0.41198750000000006 0.5224609375 0.422246875 0.494140625 0.422246875 0.4599609375 0.4200859375 0.4345703125 0.407128125 0.400390625 0.3930890625 0.4150390625 0.38606875 0.4404296875 0.38606875 0.466796875 0.38822968750000003 0.5029296875 0.38822968750000003 0.53515625 0.38822968750000003 0.5673828125
23 0.3525921875 0.423828125 0.36339062499999997 0.4580078125 0.36339062499999997 0.4853515625 0.3644703125 0.5302734375 0.36177031249999997 0.5654296875 0.3822890625 0.5732421875 0.3822890625 0.5458984375 0.38606875 0.5048828125 0.3871484375 0.470703125 0.3871484375 0.4404296875 0.3930890625 0.4091796875 0.3930890625 0.3828125 0.3774296875 0.3740234375 0.36069062500000004 0.357421875 0.3493515625 0.3740234375 0.3477328125 0.3955078125 0.3525921875 0.423828125
24 0.32559375 0.560546875 0.3477328125 0.556640625 0.3477328125 0.515625 0.35043125 0.4814453125 0.3547515625 0.44921875 0.3477328125 0.423828125 0.3315328125 0.4130859375 0.320734375 0.400390625 0.3088546875 0.4130859375 0.3088546875 0.4541015625 0.315875 0.4814453125 0.31965468750000003 0.5068359375 0.3218140625 0.533203125 0.32559375 0.560546875
25 0.25701874999999996 0.4853515625 0.267278125 0.509765625 0.27321875 0.533203125 0.2791578125 0.5693359375 0.312634375 0.5908203125 0.312634375 0.5498046875 0.3066953125 0.5224609375 0.3066953125 0.48828125 0.307775 0.4541015625 0.307775 0.4189453125 0.2969765625 0.40234375 0.2840171875 0.40234375 0.27321875 0.4091796875 0.2613390625 0.4169921875 0.2564796875 0.4384765625 0.24945937499999998 0.45703125 0.25701874999999996 0.4853515625
26 0.27321875 0.6337890625 0.2683578125 0.583984375 0.2710578125 0.5478515625 0.2710578125 0.515625 0.2591796875 0.5048828125 0.2413609375 0.498046875 0.2284015625 0.51953125 0.21760312499999998 0.5302734375 0.21760312499999998 0.5625 0.2284015625 0.5927734375 0.23758125 0.62109375 0.2435203125 0.6484375 0.27321875 0.6337890625
27 0.2143625 0.6103515625 0.20572343750000002 0.6171875 0.19546406249999998 0.6328125 0.1911453125 0.6640625 0.20572343750000002 0.69140625 0.2186828125 0.6689453125 0.23704062499999998 0.6611328125 0.2316421875 0.626953125 0.2257015625 0.5966796875 0.2143625 0.6103515625
0 0.19060468749999998 0.33203125 0.19060468749999998 0.3505859375 0.1987046875 0.3740234375 0.21274375 0.384765625 0.23326093750000002 0.3828125 0.24514062499999997 0.3662109375 0.24622031249999998 0.33984375 0.2473 0.31640625 0.2392015625 0.29296875 0.2305609375 0.26953125 0.2213828125 0.248046875 0.2116625 0.248046875 0.20842343749999998 0.2763671875 0.18574531249999998 0.26953125 0.189525 0.3037109375 0.19060468749999998 0.33203125
1 0.25701874999999996 0.2392578125 0.2392015625 0.203125 0.2435203125 0.2392578125 0.2473 0.26953125 0.25539999999999996 0.3017578125 0.26241875000000003 0.33984375 0.26241875000000003 0.3896484375 0.278078125 0.3935546875 0.29211718750000004 0.3828125 0.305075 0.3740234375 0.32289375 0.3720703125 0.3218140625 0.3447265625 0.318575 0.3232421875 0.305075 0.3017578125 0.30075625 0.26953125 0.29211718750000004 0.2353515625 0.28023750000000003 0.205078125 0.267278125 0.1796875 0.269978125 0.220703125 0.27699843749999997 0.251953125 0.27213750000000003 0.2783203125 0.25701874999999996 0.2392578125
3 0.315334375 0.2861328125 0.3218140625 0.2919921875 0.3272140625 0.2939453125 0.33207343749999996 0.2900390625 0.33747343750000003 0.2900390625 0.3444921875 0.279296875 0.35043125 0.2763671875 0.3477328125 0.236328125 0.3299140625 0.201171875 0.3174953125 0.1298828125 0.297515625 0.13671875 0.3012953125 0.162109375 0.30183593750000004 0.205078125 0.30615625 0.2470703125 0.3072359375 0.2783203125 0.315334375 0.2861328125
4 0.36663125 0.2548828125 0.36825 0.2822265625 0.37149062499999996 0.3271484375 0.39092812499999996 0.3349609375 0.4082078125 0.314453125 0.407128125 0.2841796875 0.39902812499999996 0.2626953125 0.3930890625 0.2265625 0.38930937499999996 0.1962890625 0.3871484375 0.17578125 0.3801296875 0.1513671875 0.37149062499999996 0.1513671875 0.36339062499999997 0.1708984375 0.36339062499999997 0.19921875 0.36663125 0.228515625 0.36663125 0.2548828125
5 0.421165625 0.3232421875 0.43682499999999996 0.283203125 0.43466562499999994 0.2421875 0.42494531249999995 0.203125 0.4130671875 0.162109375 0.40496718749999994 0.1328125 0.38445 0.1298828125 0.3871484375 0.158203125 0.3952484375 0.1923828125 0.40010781250000005 0.2255859375 0.4022671875 0.26953125 0.4022671875 0.3076171875 0.421165625 0.3232421875
6 0.4530234375 0.3486328125 0.4697625 0.333984375 0.4686828125 0.296875 0.46058281250000005 0.265625 0.46058281250000005 0.2265625 0.46058281250000005 0.1943359375 0.4530234375 0.1689453125 0.4476234375 0.185546875 0.44276406250000006 0.2119140625 0.44276406250000006 0.248046875 0.434125 0.2890625 0.4308859375 0.333984375 0.4530234375 0.3486328125
7 0.4946 0.251953125 0.4881203125 0.2119140625 0.48056093750000006 0.181640625 0.47246249999999995 0.2158203125 0.4697625 0.251953125 0.4686828125 0.29296875 0.4686828125 0.33203125 0.499459375 0.33203125 0.49837968750000006 0.291015625 0.4946 0.251953125
8 0.5291578125 0.2998046875 0.5264578125 0.265625 0.5242984374999999 0.2265625 0.5221375 0.1962890625 0.510259375 0.185546875 0.5043203125 0.2177734375 0.499459375 0.248046875 0.499459375 0.2841796875 0.499459375 0.3271484375 0.5291578125 0.337890625 0.5291578125 0.2998046875
9 0.5383375 0.3466796875 0.555075 0.3466796875 0.568034375 0.3291015625 0.568034375 0.294921875 0.5599359374999999 0.2587890625 0.550215625 0.228515625 0.5458968750000001 0.19921875 0.53995625 0.177734375 0.5302374999999999 0.203125 0.5302374999999999 0.2373046875 0.5302374999999999 0.26953125 0.5291578125 0.3037109375 0.5280781250000001 0.3359375 0.5383375 0.3466796875
10 0.5966515625000001 0.2890625 0.5977328125 0.2607421875 0.5998921875 0.2265625 0.6047515625 0.1923828125 0.6096109375000001 0.162109375 0.6117703125 0.1220703125 0.5917921875000001 0.1455078125 0.58099375 0.1728515625 0.5718140625 0.203125 0.565875 0.2265625 0.5593953125 0.2509765625 0.5691140625 0.3017578125 0.58369375 0.3017578125 0.5966515625000001 0.2890625
11 0.618790625 0.3232421875 0.6306703125 0.2998046875 0.6355296874999999 0.248046875 0.636609375 0.20703125 0.636609375 0.1796875 0.63445 0.154296875 0.62365 0.154296875 0.6144703125000001 0.1904296875 0.6025921875 0.228515625 0.5966515625000001 0.2734375 0.5917921875000001 0.3076171875 0.6036718750000001 0.333984375 0.618790625 0.3232421875
12 0.6835859375 0.287109375 0.6960046875 0.283203125 0.7030234375 0.2587890625 0.7057234375 0.22265625 0.71004375 0.17578125 0.7089640625 0.1279296875 0.69384375 0.1328125 0.6781859375 0.177734375 0.6582078124999999 0.220703125 0.651728125 0.2587890625 0.6576671875 0.2802734375 0.6657671875 0.2861328125 0.671165625 0.291015625 0.6835859375 0.287109375
14 0.7186828125 0.2412109375 0.706803125 0.267578125 0.6960046875 0.3017578125 0.6852046875 0.3212890625 0.6760265624999999 0.337890625 0.6760265624999999 0.376953125 0.694925 0.380859375 0.7089640625 0.3955078125 0.7267812499999999 0.3955078125 0.7419 0.384765625 0.749459375 0.353515625 0.7527 0.3125 0.7624187499999999 0.2763671875 0.77051875 0.2392578125 0.7742984374999999 0.201171875 0.7586390625 0.2265625 0.747840625 0.2568359375 0.7305609375000001 0.2822265625 0.7305609375000001 0.2548828125 0.7375812500000001 0.220703125 0.7435203125000001 0.181640625 0.7257015625000001 0.2138671875 0.7186828125 0.2412109375
15 0.7537796875 0.3427734375 0.765659375 0.3662109375 0.7775375 0.37890625 0.7883375 0.3955078125 0.8072359375 0.3828125 0.815334375 0.35546875 0.8239734375 0.3271484375 0.8272140625000001 0.3017578125 0.8331531249999999 0.26953125 0.821275 0.25 0.8142546875000001 0.2763671875 0.8023765624999999 0.2802734375 0.808315625 0.2265625 0.7980562499999999 0.2353515625 0.7861765625 0.2587890625 0.7775375 0.287109375 0.764578125 0.3076171875 0.7537796875 0.3427734375
3 0.36069062500000004 0.296875 0.356371875 0.2861328125 0.35583125 0.2607421875 0.35367187499999997 0.2353515625 0.3477328125 0.2138671875 0.3471921875 0.232421875 0.35043125 0.255859375 0.3515125 0.275390625 0.3488125 0.2880859375 0.34233281249999997 0.29296875 0.3342328125 0.2958984375 0.3299140625 0.2958984375 0.32289375 0.2939453125 0.31965468750000003 0.2880859375 0.312634375 0.279296875 0.307775 0.265625 0.30345625 0.2646484375 0.3147953125 0.30078125 0.3191140625 0.31640625 0.32019375 0.3447265625 0.3250546875 0.3515625 0.341253125 0.3505859375 0.3488125 0.3447265625 0.357990625 0.3427734375 0.36555 0.3349609375 0.37310937499999997 0.3310546875 0.375809375 0.3193359375 0.37149062499999996 0.2998046875 0.36069062500000004 0.296875
12 0.6268906249999999 0.30859375 0.6177109375 0.3212890625 0.616090625 0.333984375 0.6231093750000001 0.3310546875 0.633909375 0.333984375 0.6382296875 0.341796875 0.6403890624999999 0.3505859375 0.6479484375 0.34765625 0.654428125 0.349609375 0.6625265625 0.34765625 0.669546875 0.357421875 0.6781859375 0.3603515625 0.681965625 0.341796875 0.6808859375 0.31640625 0.6814250000000001 0.2998046875 0.6906046875 0.2880859375 0.6825046875 0.2861328125 0.67710625 0.2890625 0.6673859375 0.29296875 0.6587468750000001 0.2890625 0.6582078124999999 0.27734375 0.6603671875 0.2626953125 0.6555078125 0.2451171875 0.6452484375 0.2705078125 0.63606875 0.28515625 0.6268906249999999 0.30859375
16 0.8390921875 0.349609375 0.830453125 0.349609375 0.820734375 0.3642578125 0.8158749999999999 0.3759765625 0.8115546874999999 0.40625 0.8164140625 0.4208984375 0.8277531249999999 0.435546875 0.843953125 0.4443359375 0.8547515625000001 0.4423828125 0.8650109374999999 0.423828125 0.866090625 0.4052734375 0.8677109375000001 0.3837890625 0.859071875 0.369140625 0.8536718750000001 0.3515625 0.843953125 0.3505859375 0.8390921875 0.349609375