31 0.7971578125 0.7314453125 0.8064671875 0.70703125 0.79666875 0.68359375 0.7951984375000001 0.66015625 0.7878484375 0.63671875 0.77805 0.6318359375 0.77168125 0.650390625 0.7599218750000001 0.671875 0.7530625 0.6904296875 0.7560015625000001 0.7119140625 0.7653109375 0.7490234375 0.782459375 0.751953125 0.7971578125 0.7314453125
30 0.46496875 0.5537109375 0.4688875 0.5126953125 0.4674171875 0.474609375 0.4688875 0.4365234375 0.46496875 0.40625 0.45565937500000003 0.3955078125 0.43802031250000006 0.4052734375 0.43018124999999996 0.4287109375 0.43165156250000003 0.45703125 0.43263125 0.482421875 0.43263125 0.5078125 0.43263125 0.5458984375 0.43263125 0.5888671875 0.43802031250000006 0.625 0.45369843750000005 0.6318359375 0.4610484375 0.5966796875 0.46496875 0.5537109375
29 0.4198921875 0.599609375 0.42381250000000004 0.5654296875 0.42822187500000003 0.5283203125 0.430671875 0.5 0.4341015625 0.466796875 0.42773125 0.4462890625 0.4174421875 0.4140625 0.41156249999999994 0.3955078125 0.3968640625 0.416015625 0.3904953125 0.44140625 0.3860859375 0.4599609375 0.38804531249999996 0.4853515625 0.38804531249999996 0.5107421875 0.389515625 0.5361328125 0.388534375 0.57421875 0.387065625 0.611328125 0.39735468749999997 0.6845703125 0.41058281250000006 0.662109375 0.4198921875 0.599609375
23 0.35766718750000004 0.6025390625 0.37040625 0.6123046875 0.3831453125 0.607421875 0.387065625 0.5869140625 0.38804531249999996 0.5615234375 0.389515625 0.533203125 0.393434375 0.501953125 0.393434375 0.466796875 0.389515625 0.44140625 0.379715625 0.423828125 0.36648749999999997 0.443359375 0.3615875 0.423828125 0.35031875 0.416015625 0.345909375 0.44140625 0.343459375 0.458984375 0.34492968749999997 0.4794921875 0.3488484375 0.501953125 0.3537484375 0.5224609375 0.354728125 0.5478515625 0.354728125 0.5791015625 0.35766718750000004 0.6025390625
24 0.354728125 0.6025390625 0.3537484375 0.5791015625 0.3512984375 0.55859375 0.35276874999999996 0.5302734375 0.354728125 0.5078125 0.3537484375 0.482421875 0.347378125 0.455078125 0.338559375 0.4560546875 0.32533124999999996 0.44140625 0.31308125000000003 0.4462890625 0.3076921875 0.46875 0.3106328125 0.4892578125 0.31651093750000003 0.515625 0.3189609375 0.53515625 0.32288125 0.5556640625 0.327290625 0.58203125 0.3331703125 0.611328125 0.34492968749999997 0.6201171875 0.354728125 0.6025390625
25 0.283684375 0.662109375 0.30034375 0.6572265625 0.3076921875 0.6328125 0.3091625 0.609375 0.31161249999999996 0.578125 0.3145515625 0.5537109375 0.31651093750000003 0.5302734375 0.3170015625 0.5048828125 0.31161249999999996 0.482421875 0.3018125 0.4580078125 0.291034375 0.4560546875 0.276825 0.4697265625 0.26555625 0.46484375 0.2567375 0.484375 0.2542875 0.5029296875 0.2567375 0.525390625 0.25967656250000004 0.5458984375 0.26800625 0.576171875 0.269475 0.6015625 0.26800625 0.634765625 0.26800625 0.66015625 0.283684375 0.662109375
26 0.26555625 0.693359375 0.26555625 0.662109375 0.2640859375 0.63671875 0.2616359375 0.611328125 0.25967656250000004 0.5859375 0.25967656250000004 0.55859375 0.25967656250000004 0.5361328125 0.2567375 0.509765625 0.24448750000000002 0.4951171875 0.236159375 0.4892578125 0.22831875 0.515625 0.21459999999999999 0.5205078125 0.2048015625 0.5302734375 0.2067609375 0.5556640625 0.21459999999999999 0.578125 0.22195 0.599609375 0.22733906250000002 0.625 0.23664843750000003 0.64453125 0.2479171875 0.6630859375 0.2533078125 0.6982421875 0.26555625 0.693359375
27 0.244978125 0.6533203125 0.22880937499999998 0.6318359375 0.21068125000000001 0.6328125 0.20088124999999998 0.6552734375 0.19696249999999998 0.685546875 0.1954921875 0.7119140625 0.20578124999999997 0.71875 0.21949999999999997 0.7392578125 0.22880937499999998 0.74609375 0.24105781249999997 0.7333984375 0.2528171875 0.71875 0.25036718750000003 0.6884765625 0.244978125 0.6533203125
0 0.226359375 0.4697265625 0.23860781250000002 0.4599609375 0.25036718750000003 0.443359375 0.26065625 0.4306640625 0.26555625 0.41015625 0.2621265625 0.388671875 0.2552671875 0.36328125 0.23909843749999998 0.3505859375 0.2346890625 0.3291015625 0.22488906250000001 0.3154296875 0.2072515625 0.2890625 0.198921875 0.3017578125 0.20333125000000002 0.32421875 0.2111703125 0.3427734375 0.198921875 0.34765625 0.1905921875 0.326171875 0.178834375 0.3046875 0.1724640625 0.3291015625 0.1778546875 0.3544921875 0.1905921875 0.3828125 0.2028421875 0.408203125 0.20921093750000003 0.431640625 0.21558125 0.4541015625 0.226359375 0.4697265625
1 0.2577171875 0.3623046875 0.2640859375 0.3828125 0.26800625 0.4052734375 0.277315625 0.4189453125 0.2876046875 0.416015625 0.3013234375 0.4013671875 0.3140625 0.392578125 0.329740625 0.380859375 0.3282703125 0.3525390625 0.3194515625 0.330078125 0.3042625 0.3134765625 0.29005312499999997 0.2890625 0.2807453125 0.2587890625 0.27045625 0.2431640625 0.25820625 0.232421875 0.2464484375 0.2353515625 0.2479171875 0.255859375 0.2577171875 0.271484375 0.2660453125 0.2958984375 0.272415625 0.3212890625 0.25820625 0.3193359375 0.2454671875 0.2939453125 0.2346890625 0.271484375 0.22195 0.2509765625 0.2160703125 0.275390625 0.2234203125 0.30078125 0.23370937500000002 0.3193359375 0.24693749999999998 0.3466796875 0.2577171875 0.3623046875
2 0.7677609375000001 0.6552734375 0.7775593749999999 0.625 0.7858890625 0.603515625 0.7932390625 0.5791015625 0.7956890624999999 0.556640625 0.78931875 0.53125 0.77805 0.525390625 0.766290625 0.5 0.7545328125 0.5029296875 0.7481625000000001 0.525390625 0.7466921875 0.5478515625 0.7457125 0.5712890625 0.7466921875 0.6015625 0.7432624999999999 0.626953125 0.7422828124999999 0.658203125 0.7457125 0.6904296875 0.75698125 0.6806640625 0.7677609375000001 0.6552734375
3 0.2876046875 0.2861328125 0.2988734375 0.30859375 0.3106328125 0.3037109375 0.32288125 0.3134765625 0.333659375 0.3017578125 0.333659375 0.271484375 0.33121093749999997 0.24609375 0.327290625 0.220703125 0.32288125 0.1943359375 0.31798125 0.1748046875 0.3067125 0.158203125 0.3081828125 0.189453125 0.3106328125 0.2197265625 0.31308125000000003 0.23828125 0.3013234375 0.240234375 0.29544375 0.2099609375 0.283684375 0.169921875 0.2807453125 0.19140625 0.284175 0.224609375 0.2851546875 0.25390625 0.2876046875 0.2861328125
4 0.3674671875 0.3720703125 0.37432656249999996 0.3466796875 0.375796875 0.3212890625 0.375796875 0.2880859375 0.37432656249999996 0.255859375 0.3718765625 0.224609375 0.3640375 0.1953125 0.3601171875 0.1669921875 0.349828125 0.140625 0.34492968749999997 0.1640625 0.343459375 0.1953125 0.3424796875 0.2197265625 0.3419890625 0.248046875 0.338559375 0.279296875 0.3356203125 0.3173828125 0.329740625 0.3505859375 0.3419890625 0.3720703125 0.352278125 0.380859375 0.3674671875 0.3720703125
5 0.42381250000000004 0.3720703125 0.42822187500000003 0.3447265625 0.42773125 0.314453125 0.42528125 0.2841796875 0.42038281250000004 0.2509765625 0.4164625 0.2255859375 0.409603125 0.19921875 0.3998046875 0.173828125 0.388534375 0.1513671875 0.37432656249999996 0.1435546875 0.3640375 0.154296875 0.37040625 0.1796875 0.37530625 0.2080078125 0.37775625 0.232421875 0.381675 0.2587890625 0.384615625 0.2939453125 0.38804531249999996 0.32421875 0.3924546875 0.3466796875 0.400784375 0.375 0.41107343749999997 0.392578125 0.42381250000000004 0.3720703125
6 0.45859843749999996 0.3193359375 0.4561484375 0.2958984375 0.45320937499999997 0.271484375 0.45369843750000005 0.2421875 0.4546796875 0.2099609375 0.44977968749999997 0.1669921875 0.439490625 0.1845703125 0.4341015625 0.2099609375 0.43018124999999996 0.2451171875 0.43018124999999996 0.279296875 0.42773125 0.3271484375 0.42822187500000003 0.3671875 0.443409375 0.3720703125 0.45565937500000003 0.3623046875 0.4610484375 0.33984375 0.45859843749999996 0.3193359375
7 0.48407656250000003 0.271484375 0.47525781250000004 0.240234375 0.46643749999999995 0.263671875 0.4674171875 0.2890625 0.46496875 0.3271484375 0.459578125 0.3671875 0.4728078125 0.375 0.4889765625 0.3681640625 0.4958359375 0.349609375 0.4953453125 0.322265625 0.4904453125 0.2919921875 0.48407656250000003 0.271484375
8 0.5271921875000001 0.2626953125 0.5271921875000001 0.2333984375 0.5198437499999999 0.2119140625 0.5071046875 0.2294921875 0.505634375 0.263671875 0.503184375 0.298828125 0.498284375 0.3369140625 0.496815625 0.3720703125 0.514453125 0.3759765625 0.5296421875 0.3701171875 0.5301328125 0.33203125 0.5271921875000001 0.3017578125 0.5271921875000001 0.2626953125
9 0.5658984375 0.33203125 0.56345 0.30859375 0.56345 0.2705078125 0.565409375 0.23828125 0.5658984375 0.2001953125 0.5629593749999999 0.162109375 0.551690625 0.1943359375 0.5477703125 0.2275390625 0.5438515625 0.2529296875 0.537971875 0.283203125 0.5311125 0.3134765625 0.5286625 0.349609375 0.533071875 0.373046875 0.5526703125 0.365234375 0.5629593749999999 0.35546875 0.5658984375 0.33203125
10 0.6075453125 0.32421875 0.610484375 0.296875 0.6139140624999999 0.2705078125 0.6168546874999999 0.2421875 0.620284375 0.2099609375 0.620284375 0.1787109375 0.612934375 0.130859375 0.5987265625 0.1640625 0.5903968749999999 0.197265625 0.5850078125 0.232421875 0.5796171875 0.2666015625 0.56981875 0.30859375 0.569328125 0.3369140625 0.5761875 0.365234375 0.5845171875 0.390625 0.5952968750000001 0.3681640625 0.6031359375 0.34765625 0.6075453125 0.32421875
11 0.651640625 0.283203125 0.6560515625 0.2451171875 0.6575203125 0.2080078125 0.6599703124999999 0.1845703125 0.638903125 0.20703125 0.6325328125 0.23046875 0.62224375 0.2607421875 0.615384375 0.2919921875 0.6075453125 0.326171875 0.610484375 0.35546875 0.6217546875 0.373046875 0.6369421875 0.36328125 0.6413515624999999 0.3369140625 0.647721875 0.3115234375 0.651640625 0.283203125
12 0.6717296875 0.3876953125 0.6780984375 0.3671875 0.68446875 0.33984375 0.6893671875 0.3115234375 0.6981875 0.28125 0.70455625 0.240234375 0.711415625 0.2080078125 0.7109265625 0.1845703125 0.6947578125 0.2001953125 0.6854484375000001 0.224609375 0.6732 0.24609375 0.6643796875 0.2705078125 0.652621875 0.3017578125 0.6423328125000001 0.33203125 0.6374328125 0.359375 0.6447812500000001 0.3798828125 0.6575203125 0.388671875 0.6717296875 0.3876953125
13 0.7315046875 0.6474609375 0.7359140625 0.6123046875 0.7383640625 0.58203125 0.7447328125 0.556640625 0.7481625000000001 0.5234375 0.7481625000000001 0.4970703125 0.7403234375000001 0.4765625 0.725134375 0.4814453125 0.7104359375 0.4619140625 0.700146875 0.4697265625 0.6986765625 0.498046875 0.7011265625 0.52734375 0.7050468750000001 0.560546875 0.7035765625 0.591796875 0.707496875 0.6318359375 0.711415625 0.662109375 0.7217046875 0.669921875 0.7315046875 0.6474609375
14 0.6986765625 0.30859375 0.6883874999999999 0.333984375 0.679078125 0.359375 0.6756484375 0.384765625 0.6854484375000001 0.4013671875 0.6957375 0.4111328125 0.7050468750000001 0.3876953125 0.716315625 0.408203125 0.72954375 0.416015625 0.7378734375 0.3857421875 0.74179375 0.359375 0.7520828125000001 0.337890625 0.7633515625 0.314453125 0.7726609375 0.296875 0.7751109375 0.2685546875 0.7589421875 0.2734375 0.7481625000000001 0.2919921875 0.73934375 0.3115234375 0.727584375 0.32421875 0.7266046875 0.2939453125 0.73689375 0.275390625 0.7481625000000001 0.255859375 0.7535515625 0.232421875 0.74179375 0.224609375 0.728075 0.2451171875 0.71680625 0.2685546875 0.711415625 0.2919921875 0.6986765625 0.30859375
15 0.773640625 0.47265625 0.7839296874999999 0.4443359375 0.79421875 0.4140625 0.8030375 0.390625 0.8138171875 0.3701171875 0.817246875 0.3427734375 0.7996078125 0.34765625 0.7805 0.380859375 0.79421875 0.322265625 0.7805 0.3017578125 0.7633515625 0.33203125 0.7481625000000001 0.3701171875 0.73689375 0.3955078125 0.7315046875 0.4189453125 0.73444375 0.4443359375 0.74424375 0.44921875 0.75698125 0.4443359375 0.7609015625 0.46484375 0.773640625 0.47265625
17 0.6972078125000001 0.5224609375 0.6986765625 0.498046875 0.6996578125 0.466796875 0.6878984375 0.45703125 0.6756484375 0.4541015625 0.6624203125 0.4765625 0.6629109375 0.501953125 0.663890625 0.5224609375 0.666340625 0.5458984375 0.6692796875 0.578125 0.67075 0.6142578125 0.679078125 0.64453125 0.6859375 0.611328125 0.6883874999999999 0.58203125 0.6932875000000001 0.55078125 0.6972078125000001 0.5224609375
18 0.6536015625 0.5947265625 0.6550703125 0.55859375 0.6575203125 0.53515625 0.661440625 0.5078125 0.6643796875 0.4765625 0.6629109375 0.451171875 0.651640625 0.4365234375 0.6413515624999999 0.4384765625 0.6310625 0.4560546875 0.62714375 0.4794921875 0.6310625 0.5 0.6325328125 0.53515625 0.6325328125 0.56640625 0.6335124999999999 0.6015625 0.6344921875 0.640625 0.6438015625 0.66015625 0.6511515625000001 0.6240234375 0.6536015625 0.5947265625
19 0.6281234375 0.56640625 0.62959375 0.5283203125 0.6310625 0.494140625 0.6344921875 0.46484375 0.62959375 0.4384765625 0.624203125 0.416015625 0.6207734375 0.390625 0.6095046875000001 0.41015625 0.601665625 0.431640625 0.592846875 0.451171875 0.5913765625 0.482421875 0.59480625 0.5126953125 0.597746875 0.541015625 0.599215625 0.58203125 0.6031359375 0.6220703125 0.6075453125 0.6630859375 0.6168546874999999 0.6806640625 0.6246937499999999 0.634765625 0.62714375 0.6015625 0.6281234375 0.56640625
20 0.5938265625 0.59375 0.592846875 0.5634765625 0.592846875 0.52734375 0.5938265625 0.4970703125 0.59480625 0.4638671875 0.5962765625 0.431640625 0.59235625 0.41015625 0.5810875 0.3935546875 0.5658984375 0.390625 0.5570796875 0.41796875 0.560509375 0.451171875 0.56345 0.4716796875 0.5658984375 0.5 0.56736875 0.53515625 0.56981875 0.568359375 0.57226875 0.6015625 0.5786374999999999 0.6279296875 0.5864765625 0.6533203125 0.59235625 0.6201171875 0.5938265625 0.59375
21 0.56345 0.576171875 0.5629593749999999 0.5439453125 0.561 0.505859375 0.560509375 0.4697265625 0.5590390625 0.4462890625 0.5482609375 0.4287109375 0.5365015625 0.431640625 0.5188640625 0.431640625 0.514453125 0.4541015625 0.516903125 0.474609375 0.5213125 0.501953125 0.5271921875000001 0.541015625 0.5365015625 0.5712890625 0.544340625 0.6142578125 0.5526703125 0.650390625 0.5658984375 0.6455078125 0.56736875 0.6142578125 0.56345 0.576171875
22 0.5110234375 0.5361328125 0.51494375 0.4951171875 0.516903125 0.4599609375 0.5159234374999999 0.42578125 0.5080843749999999 0.3984375 0.49240625 0.3916015625 0.47525781250000004 0.388671875 0.4674171875 0.408203125 0.47035781249999997 0.43359375 0.46986718749999995 0.466796875 0.4713375 0.5 0.47035781249999997 0.5537109375 0.4659484375 0.609375 0.4737875 0.640625 0.49289531249999996 0.642578125 0.498284375 0.607421875 0.5071046875 0.5732421875 0.5110234375 0.5361328125