21 0.4713375 0.373046875 0.45761874999999996 0.416015625 0.45320937499999997 0.451171875 0.4492890625 0.482421875 0.45075937499999996 0.5126953125 0.4473296875 0.541015625 0.443409375 0.5693359375 0.448309375 0.5966796875 0.4639875 0.6044921875 0.47770625000000005 0.6044921875 0.49289531249999996 0.58984375 0.49289531249999996 0.5654296875 0.491425 0.53125 0.48505624999999997 0.5 0.48309687500000004 0.466796875 0.48015625 0.416015625 0.4713375 0.373046875
22 0.537971875 0.4775390625 0.5350312500000001 0.4443359375 0.5296421875 0.400390625 0.5188640625 0.375 0.5134734375 0.4130859375 0.508575 0.4384765625 0.505634375 0.4619140625 0.5007343750000001 0.494140625 0.49926562499999994 0.52734375 0.4953453125 0.568359375 0.491915625 0.5966796875 0.506125 0.591796875 0.5183734375 0.6044921875 0.540421875 0.6044921875 0.53993125 0.5791015625 0.53993125 0.55859375 0.53993125 0.5302734375 0.53748125 0.505859375 0.537971875 0.4775390625
20 0.42528125 0.41796875 0.42038281250000004 0.4462890625 0.4179328125 0.4765625 0.4164625 0.509765625 0.41499218750000005 0.5458984375 0.4125421875 0.5732421875 0.42283125000000005 0.5908203125 0.4331203125 0.5986328125 0.44683906249999994 0.6015625 0.44585937500000006 0.5556640625 0.44683906249999994 0.5234375 0.44439062500000004 0.5 0.44292031249999997 0.4619140625 0.43899999999999995 0.416015625 0.430671875 0.388671875 0.42528125 0.41796875
19 0.4012734375 0.3974609375 0.393434375 0.365234375 0.387065625 0.3955078125 0.3855953125 0.4208984375 0.384125 0.443359375 0.3831453125 0.4765625 0.379715625 0.5078125 0.375796875 0.5380859375 0.375796875 0.5693359375 0.37922656250000003 0.59375 0.3919640625 0.599609375 0.404703125 0.5966796875 0.41548281249999997 0.5810546875 0.41548281249999997 0.560546875 0.4135234375 0.541015625 0.4125421875 0.5146484375 0.41009375 0.482421875 0.40715312499999995 0.4462890625 0.4012734375 0.3974609375
18 0.3718765625 0.3955078125 0.3630578125 0.41796875 0.3586484375 0.4443359375 0.3537484375 0.4765625 0.349828125 0.5078125 0.345909375 0.53125 0.3537484375 0.5537109375 0.3640375 0.560546875 0.37530625 0.552734375 0.37775625 0.5302734375 0.379715625 0.5078125 0.381675 0.482421875 0.379715625 0.4599609375 0.3767765625 0.4267578125 0.3718765625 0.3955078125
17 0.3282703125 0.392578125 0.3282703125 0.431640625 0.3268 0.458984375 0.3219015625 0.4892578125 0.3140625 0.5234375 0.3101421875 0.552734375 0.3125921875 0.5791015625 0.3282703125 0.59375 0.345909375 0.5654296875 0.347378125 0.5400390625 0.34394843750000004 0.5107421875 0.3419890625 0.4794921875 0.3424796875 0.44140625 0.3419890625 0.4013671875 0.3282703125 0.392578125
2 0.28123437500000004 0.4052734375 0.269475 0.3779296875 0.2577171875 0.34765625 0.24889687500000002 0.380859375 0.2439984375 0.40625 0.24252812499999998 0.4287109375 0.24301875 0.45703125 0.24154843750000002 0.4814453125 0.23909843749999998 0.509765625 0.24105781249999997 0.54296875 0.2493875 0.5634765625 0.2621265625 0.578125 0.2782953125 0.583984375 0.291034375 0.56640625 0.2964234375 0.5458984375 0.2934828125 0.5205078125 0.2876046875 0.4970703125 0.2871140625 0.466796875 0.2851546875 0.4365234375 0.28123437500000004 0.4052734375
31 0.21949999999999997 0.3603515625 0.20921093750000003 0.3759765625 0.2018625 0.4013671875 0.198921875 0.423828125 0.19696249999999998 0.4560546875 0.2028421875 0.4765625 0.21313125 0.4921875 0.22587031249999998 0.4970703125 0.240078125 0.5 0.244978125 0.46875 0.24252812499999998 0.4443359375 0.244978125 0.4130859375 0.25134687499999997 0.384765625 0.2567375 0.359375 0.23909843749999998 0.34765625 0.21949999999999997 0.3603515625
30 0.555609375 0.43359375 0.5531609375000001 0.4599609375 0.5482609375 0.4873046875 0.5453203125 0.517578125 0.54238125 0.55078125 0.53993125 0.57421875 0.53993125 0.5966796875 0.5502203125 0.6044921875 0.5658984375 0.6005859375 0.5756984375 0.5693359375 0.5707984374999999 0.548828125 0.5707984374999999 0.5126953125 0.5707984374999999 0.4716796875 0.569328125 0.42578125 0.5619796874999999 0.400390625 0.555609375 0.43359375
29 0.611465625 0.447265625 0.612934375 0.3974609375 0.612934375 0.359375 0.6026453125 0.359375 0.59235625 0.3876953125 0.5899062500000001 0.42578125 0.5850078125 0.4560546875 0.5801078125 0.4873046875 0.57716875 0.5234375 0.5707984374999999 0.55078125 0.571778125 0.5712890625 0.5810875 0.5947265625 0.5913765625 0.6064453125 0.6055859375 0.5966796875 0.612934375 0.578125 0.612934375 0.556640625 0.6139140624999999 0.53125 0.612934375 0.5078125 0.612934375 0.4794921875 0.611465625 0.447265625
23 0.647721875 0.4560546875 0.64968125 0.4140625 0.6501718750000001 0.3828125 0.638903125 0.380859375 0.6310625 0.4189453125 0.6246937499999999 0.447265625 0.6193046875 0.4814453125 0.611465625 0.5126953125 0.6031359375 0.5400390625 0.601665625 0.568359375 0.6055859375 0.59375 0.620284375 0.58984375 0.638903125 0.5966796875 0.6462515625 0.583984375 0.647721875 0.5615234375 0.64723125 0.5400390625 0.6462515625 0.515625 0.6462515625 0.484375 0.647721875 0.4560546875
24 0.6805484374999999 0.3974609375 0.6692796875 0.3974609375 0.6624203125 0.421875 0.6580109375000001 0.4443359375 0.6560515625 0.4775390625 0.6511515625000001 0.5126953125 0.6452718749999999 0.5400390625 0.6413515624999999 0.5693359375 0.6423328125000001 0.59375 0.651640625 0.6064453125 0.663890625 0.6123046875 0.67711875 0.5986328125 0.6766296875 0.57421875 0.6756484375 0.548828125 0.6756484375 0.5146484375 0.6766296875 0.4814453125 0.6795687499999999 0.439453125 0.6805484374999999 0.3974609375
25 0.7128859375000001 0.4873046875 0.7084765625 0.4384765625 0.6957375 0.4052734375 0.6893671875 0.4384765625 0.6810390625 0.4619140625 0.6780984375 0.484375 0.6766296875 0.515625 0.6717296875 0.5458984375 0.6692796875 0.5712890625 0.6687890624999999 0.5986328125 0.6766296875 0.6171875 0.6908375 0.6201171875 0.70210625 0.626953125 0.7153359375 0.6220703125 0.7221953125 0.59375 0.7212156249999999 0.57421875 0.71680625 0.55078125 0.7153359375 0.517578125 0.7128859375000001 0.4873046875
26 0.7496328125 0.44140625 0.7432624999999999 0.41015625 0.7329734375 0.4287109375 0.727584375 0.4541015625 0.723175 0.4873046875 0.7226843749999999 0.5146484375 0.723175 0.54296875 0.7192546875 0.5693359375 0.723175 0.59375 0.7354234374999999 0.607421875 0.7486531249999999 0.6025390625 0.7599218750000001 0.5869140625 0.766290625 0.568359375 0.762371875 0.54296875 0.7584515625 0.515625 0.7560015625000001 0.4853515625 0.7496328125 0.44140625
27 0.762371875 0.423828125 0.7613921875 0.4541015625 0.7672703125 0.474609375 0.7751109375 0.4951171875 0.7951984375000001 0.4892578125 0.8054874999999999 0.4775390625 0.8045078125 0.44921875 0.803528125 0.4208984375 0.7927484375 0.388671875 0.7726609375 0.3974609375 0.762371875 0.423828125
7 0.5365015625 0.609375 0.508575 0.611328125 0.5071046875 0.6318359375 0.5080843749999999 0.6533203125 0.508575 0.6806640625 0.5080843749999999 0.7060546875 0.506125 0.736328125 0.503184375 0.767578125 0.51249375 0.78515625 0.5183734375 0.7578125 0.5213125 0.736328125 0.5232734375 0.708984375 0.5271921875000001 0.6826171875 0.5325828125000001 0.642578125 0.5365015625 0.609375
8 0.506125 0.6123046875 0.48015625 0.609375 0.47770625000000005 0.6455078125 0.4767265625 0.673828125 0.4728078125 0.703125 0.4659484375 0.7333984375 0.4639875 0.759765625 0.4688875 0.78515625 0.48162656249999997 0.7705078125 0.48407656250000003 0.7412109375 0.4879953125 0.7158203125 0.496815625 0.685546875 0.5046546875 0.640625 0.506125 0.6123046875
9 0.4767265625 0.611328125 0.448309375 0.611328125 0.44585937500000006 0.64453125 0.443409375 0.66796875 0.443409375 0.69140625 0.439490625 0.716796875 0.4341015625 0.7490234375 0.43263125 0.7744140625 0.43802031250000006 0.794921875 0.45075937499999996 0.767578125 0.4561484375 0.7392578125 0.45859843749999996 0.7158203125 0.46643749999999995 0.673828125 0.4723171875 0.6474609375 0.4767265625 0.611328125
10 0.4331203125 0.69921875 0.43655 0.669921875 0.443409375 0.634765625 0.44439062500000004 0.611328125 0.4331203125 0.607421875 0.41499218750000005 0.5986328125 0.4086234375 0.6181640625 0.4061734375 0.642578125 0.4086234375 0.6650390625 0.40715312499999995 0.693359375 0.40519375 0.724609375 0.40372343749999995 0.75390625 0.400784375 0.783203125 0.3968640625 0.8046875 0.3998046875 0.8330078125 0.409603125 0.8203125 0.4198921875 0.7998046875 0.4218515625 0.779296875 0.42675156249999996 0.7568359375 0.430671875 0.728515625 0.4331203125 0.69921875
11 0.4012734375 0.67578125 0.404703125 0.6533203125 0.40519375 0.6279296875 0.403234375 0.6064453125 0.3904953125 0.599609375 0.37530625 0.609375 0.37138593750000004 0.6279296875 0.3718765625 0.6494140625 0.37432656249999996 0.66796875 0.375796875 0.693359375 0.3767765625 0.7216796875 0.37432656249999996 0.75 0.3694265625 0.775390625 0.3640375 0.8046875 0.375796875 0.80859375 0.388534375 0.79296875 0.3924546875 0.7744140625 0.3968640625 0.75390625 0.3998046875 0.7265625 0.3998046875 0.703125 0.4012734375 0.67578125
12 0.37285625 0.6552734375 0.375796875 0.6328125 0.37432656249999996 0.6123046875 0.361096875 0.599609375 0.3463984375 0.599609375 0.3395390625 0.6201171875 0.3356203125 0.64453125 0.333659375 0.666015625 0.3356203125 0.6865234375 0.333659375 0.708984375 0.3331703125 0.7333984375 0.332190625 0.7646484375 0.3307203125 0.7900390625 0.343459375 0.8076171875 0.35276874999999996 0.7880859375 0.354728125 0.7666015625 0.3566875 0.7421875 0.3591375 0.7138671875 0.36550781250000003 0.69140625 0.37285625 0.6552734375
15 0.269475 0.669921875 0.2797640625 0.6572265625 0.28319375 0.6328125 0.27045625 0.607421875 0.25918593749999996 0.591796875 0.2479171875 0.5693359375 0.23664843750000003 0.578125 0.2297890625 0.599609375 0.22195 0.619140625 0.20921093750000003 0.6455078125 0.198921875 0.666015625 0.1915734375 0.6884765625 0.2003921875 0.7119140625 0.21215156249999997 0.716796875 0.2234203125 0.7109375 0.237628125 0.69921875 0.24889687500000002 0.6953125 0.25820625 0.6806640625 0.269475 0.669921875
6 0.56345 0.626953125 0.5365015625 0.626953125 0.53748125 0.6630859375 0.5389515625 0.6865234375 0.5350312500000001 0.708984375 0.5316015625 0.7373046875 0.5286625 0.7646484375 0.5301328125 0.7900390625 0.540421875 0.8125 0.549240625 0.7900390625 0.5507109375 0.7626953125 0.5546296875000001 0.7314453125 0.556590625 0.6982421875 0.56345 0.6572265625 0.56345 0.626953125
5 0.599215625 0.658203125 0.599215625 0.6298828125 0.5683484375 0.626953125 0.56736875 0.65234375 0.56736875 0.6728515625 0.5668796875 0.693359375 0.5658984375 0.716796875 0.5644296875 0.7470703125 0.561 0.775390625 0.560509375 0.7958984375 0.56981875 0.8203125 0.5835375 0.8046875 0.5864765625 0.7802734375 0.5913765625 0.75 0.5938265625 0.7236328125 0.596765625 0.6884765625 0.599215625 0.658203125
4 0.6369421875 0.66796875 0.6359625 0.6455078125 0.62959375 0.626953125 0.6168546874999999 0.619140625 0.6031359375 0.634765625 0.597746875 0.6552734375 0.601665625 0.677734375 0.6001953125 0.7041015625 0.59480625 0.7294921875 0.5903968749999999 0.75390625 0.5903968749999999 0.783203125 0.59480625 0.8046875 0.601665625 0.8251953125 0.6144046875 0.830078125 0.6207734375 0.8056640625 0.6178343749999999 0.78515625 0.620284375 0.759765625 0.62224375 0.734375 0.6310625 0.69140625 0.6369421875 0.66796875
3 0.6344921875 0.68359375 0.6256734374999999 0.716796875 0.62224375 0.7421875 0.6193046875 0.7646484375 0.6217546875 0.7900390625 0.6286140625 0.8154296875 0.6369421875 0.8408203125 0.6457625 0.833984375 0.6521312499999999 0.810546875 0.656540625 0.7890625 0.6599703124999999 0.7626953125 0.6599703124999999 0.728515625 0.6599703124999999 0.69140625 0.6344921875 0.68359375
0 0.7765796875000001 0.7333984375 0.762371875 0.71875 0.751103125 0.703125 0.7413031250000001 0.68359375 0.7266046875 0.6650390625 0.7148453124999999 0.6650390625 0.7035765625 0.658203125 0.6996578125 0.6396484375 0.6893671875 0.6494140625 0.6780984375 0.66015625 0.6766296875 0.6806640625 0.6874078124999999 0.701171875 0.6972078125000001 0.724609375 0.7128859375000001 0.7470703125 0.7217046875 0.76953125 0.7359140625 0.7900390625 0.7530625 0.7958984375 0.7520828125000001 0.775390625 0.74179375 0.7626953125 0.73199375 0.7470703125 0.728075 0.7265625 0.74179375 0.7265625 0.7520828125000001 0.744140625 0.762371875 0.75390625 0.77805 0.75390625 0.7765796875000001 0.7333984375
28 0.7545328125 0.599609375 0.7359140625 0.6171875 0.7226843749999999 0.6318359375 0.725134375 0.6572265625 0.7354234374999999 0.6728515625 0.7506125 0.69140625 0.766290625 0.701171875 0.7805 0.7158203125 0.7971578125 0.7294921875 0.8084265625 0.716796875 0.803528125 0.6982421875 0.79421875 0.673828125 0.78295 0.650390625 0.7741296875 0.6171875 0.7653109375 0.591796875 0.7545328125 0.599609375