31 0.21949999999999997 0.34765625 0.223909375 0.3701171875 0.2297890625 0.3955078125 0.240078125 0.41015625 0.25036718750000003 0.400390625 0.25918593749999996 0.3759765625 0.2645765625 0.3505859375 0.272415625 0.326171875 0.2782953125 0.3017578125 0.27045625 0.2685546875 0.25967656250000004 0.2783203125 0.24889687500000002 0.2919921875 0.23370937500000002 0.3037109375 0.217540625 0.3115234375 0.2097015625 0.3349609375 0.21949999999999997 0.34765625
30 0.5683484375 0.4619140625 0.565409375 0.3935546875 0.5590390625 0.365234375 0.549240625 0.4033203125 0.5463015625 0.4345703125 0.5463015625 0.46484375 0.5438515625 0.4921875 0.540421875 0.525390625 0.53993125 0.5556640625 0.5389515625 0.58203125 0.544340625 0.6025390625 0.5644296875 0.607421875 0.5781484375 0.6025390625 0.5835375 0.578125 0.5801078125 0.5537109375 0.5756984375 0.525390625 0.571778125 0.5 0.5683484375 0.4619140625
29 0.6080359375 0.3984375 0.6050953125 0.3525390625 0.5962765625 0.3173828125 0.5913765625 0.3447265625 0.5859875 0.373046875 0.5820671875000001 0.4033203125 0.5810875 0.4365234375 0.5781484375 0.4697265625 0.57716875 0.4951171875 0.5761875 0.5283203125 0.57226875 0.556640625 0.5899062500000001 0.5888671875 0.604115625 0.58984375 0.6124453125 0.568359375 0.612934375 0.541015625 0.609015625 0.505859375 0.606565625 0.474609375 0.6080359375 0.43359375 0.6080359375 0.3984375
23 0.6374328125 0.4765625 0.6349828125 0.44140625 0.6335124999999999 0.4033203125 0.6310625 0.3671875 0.6207734375 0.390625 0.6158750000000001 0.41796875 0.610484375 0.4443359375 0.609015625 0.4716796875 0.6095046875000001 0.505859375 0.606565625 0.533203125 0.609015625 0.5615234375 0.612934375 0.5869140625 0.6286140625 0.5859375 0.6384125 0.5888671875 0.647721875 0.572265625 0.64723125 0.548828125 0.6447812500000001 0.52734375 0.6433125000000001 0.5029296875 0.6374328125 0.4765625
24 0.6629109375 0.4541015625 0.6575203125 0.4111328125 0.652621875 0.36328125 0.6433125000000001 0.3935546875 0.638903125 0.4208984375 0.6398828125 0.4443359375 0.6423328125000001 0.474609375 0.6423328125000001 0.501953125 0.6408625 0.5283203125 0.6398828125 0.5556640625 0.64723125 0.578125 0.665359375 0.578125 0.6766296875 0.5732421875 0.6795687499999999 0.5537109375 0.6756484375 0.53125 0.6727093749999999 0.505859375 0.6687890624999999 0.482421875 0.6629109375 0.4541015625
25 0.6957375 0.3984375 0.6859375 0.36328125 0.6741796875 0.3544921875 0.6717296875 0.388671875 0.670259375 0.4130859375 0.67075 0.4443359375 0.6741796875 0.47265625 0.6727093749999999 0.501953125 0.6732 0.5283203125 0.6795687499999999 0.552734375 0.6918171875 0.552734375 0.708965625 0.5478515625 0.7212156249999999 0.53515625 0.7212156249999999 0.5107421875 0.7153359375 0.4873046875 0.7123953125 0.4599609375 0.7050468750000001 0.43359375 0.6957375 0.3984375
26 0.7383640625 0.3828125 0.7339546875 0.3544921875 0.7241546875 0.31640625 0.7128859375000001 0.298828125 0.711415625 0.3349609375 0.7128859375000001 0.365234375 0.7138656250000001 0.3974609375 0.7153359375 0.42578125 0.7153359375 0.4560546875 0.7153359375 0.4814453125 0.7202359375 0.5029296875 0.72954375 0.517578125 0.7481625000000001 0.5078125 0.7653109375 0.4921875 0.7653109375 0.47265625 0.7613921875 0.447265625 0.7535515625 0.423828125 0.7457125 0.4033203125 0.7383640625 0.3828125
27 0.7403234375000001 0.296875 0.725134375 0.2958984375 0.73199375 0.3291015625 0.73689375 0.3544921875 0.74179375 0.3759765625 0.7447328125 0.3955078125 0.7496328125 0.423828125 0.7589421875 0.4267578125 0.77168125 0.4130859375 0.7765796875000001 0.3935546875 0.7902984375 0.365234375 0.7814796875 0.3427734375 0.7702109375 0.3291015625 0.75698125 0.3115234375 0.7403234375000001 0.296875
28 0.7854 0.490234375 0.7726609375 0.501953125 0.75698125 0.4970703125 0.7481625000000001 0.515625 0.7530625 0.54296875 0.7599218750000001 0.56640625 0.7672703125 0.5888671875 0.7751109375 0.611328125 0.7854 0.6318359375 0.7971578125 0.65234375 0.8084265625 0.6318359375 0.8054874999999999 0.5947265625 0.8030375 0.5654296875 0.8010781250000001 0.5283203125 0.7981374999999999 0.4921875 0.7854 0.490234375
0 0.74424375 0.5205078125 0.7315046875 0.52734375 0.7192546875 0.53125 0.708965625 0.5458984375 0.6986765625 0.5634765625 0.700146875 0.5869140625 0.7084765625 0.609375 0.7202359375 0.6201171875 0.72954375 0.6396484375 0.73934375 0.66015625 0.7506125 0.6787109375 0.7584515625 0.69921875 0.7765796875000001 0.6962890625 0.77168125 0.6630859375 0.763840625 0.6328125 0.7599218750000001 0.6025390625 0.7560015625000001 0.56640625 0.7545328125 0.5361328125 0.74424375 0.5205078125
2 0.283684375 0.4345703125 0.2851546875 0.4033203125 0.286134375 0.373046875 0.2871140625 0.3291015625 0.2846640625 0.2939453125 0.274865625 0.3095703125 0.26849531249999997 0.3349609375 0.2621265625 0.3681640625 0.2567375 0.3876953125 0.24889687500000002 0.40625 0.23909843749999998 0.43359375 0.2302796875 0.45703125 0.2302796875 0.484375 0.24252812499999998 0.490234375 0.2493875 0.5107421875 0.2616359375 0.517578125 0.272415625 0.515625 0.2797640625 0.4951171875 0.28123437500000004 0.46875 0.283684375 0.4345703125
3 0.667809375 0.615234375 0.663890625 0.58984375 0.64723125 0.58984375 0.6349828125 0.5888671875 0.6217546875 0.5947265625 0.62224375 0.6201171875 0.62714375 0.64453125 0.63204375 0.6630859375 0.638903125 0.68359375 0.6438015625 0.7109375 0.651640625 0.7373046875 0.6580109375000001 0.7626953125 0.6643796875 0.7880859375 0.6766296875 0.7978515625 0.6766296875 0.767578125 0.6741796875 0.744140625 0.67075 0.716796875 0.6692796875 0.6865234375 0.6668296875 0.6533203125 0.667809375 0.615234375
4 0.6281234375 0.6455078125 0.6246937499999999 0.6171875 0.6217546875 0.5966796875 0.6050953125 0.5947265625 0.5938265625 0.607421875 0.5903968749999999 0.6298828125 0.5952968750000001 0.6552734375 0.6001953125 0.67578125 0.6011765625 0.703125 0.604115625 0.736328125 0.610484375 0.7548828125 0.6144046875 0.787109375 0.6158750000000001 0.810546875 0.62714375 0.8251953125 0.63204375 0.802734375 0.63204375 0.775390625 0.6286140625 0.75 0.626653125 0.720703125 0.626653125 0.685546875 0.6281234375 0.6455078125
5 0.5987265625 0.693359375 0.5952968750000001 0.66015625 0.5938265625 0.6298828125 0.5850078125 0.609375 0.5707984374999999 0.611328125 0.558059375 0.615234375 0.5546296875000001 0.640625 0.5570796875 0.662109375 0.5629593749999999 0.6806640625 0.5668796875 0.701171875 0.57226875 0.7314453125 0.5786374999999999 0.7548828125 0.5864765625 0.775390625 0.5962765625 0.8046875 0.599215625 0.830078125 0.6119546875 0.8486328125 0.615384375 0.8232421875 0.612934375 0.7978515625 0.6080359375 0.7724609375 0.6031359375 0.75 0.6026453125 0.720703125 0.5987265625 0.693359375
6 0.54238125 0.6064453125 0.5301328125 0.6171875 0.5311125 0.640625 0.5350312500000001 0.66796875 0.537971875 0.69921875 0.53993125 0.7265625 0.540421875 0.75390625 0.5414015625 0.77734375 0.54238125 0.8134765625 0.5467906250000001 0.8388671875 0.5526703125 0.80859375 0.555609375 0.76953125 0.5590390625 0.7421875 0.560509375 0.7119140625 0.5629593749999999 0.6865234375 0.56345 0.6630859375 0.565409375 0.64453125 0.56345 0.6181640625 0.54238125 0.6064453125
7 0.54238125 0.650390625 0.54238125 0.6220703125 0.5316015625 0.619140625 0.5159234374999999 0.609375 0.5120046874999999 0.6328125 0.5120046874999999 0.662109375 0.5120046874999999 0.6904296875 0.5134734375 0.724609375 0.510534375 0.767578125 0.510534375 0.7978515625 0.5188640625 0.8310546875 0.5276828124999999 0.80078125 0.5301328125 0.775390625 0.5325828125000001 0.75 0.5360125 0.7216796875 0.5389515625 0.6904296875 0.54238125 0.650390625
8 0.516903125 0.626953125 0.51249375 0.6025390625 0.49387499999999995 0.6064453125 0.48309687500000004 0.6220703125 0.48113593750000005 0.6455078125 0.48407656250000003 0.6708984375 0.48750625000000003 0.6953125 0.4879953125 0.7236328125 0.48750625000000003 0.751953125 0.48946562499999996 0.7822265625 0.4889765625 0.8076171875 0.501715625 0.828125 0.5080843749999999 0.787109375 0.5095546875 0.7568359375 0.51249375 0.7216796875 0.5134734375 0.693359375 0.516903125 0.658203125 0.516903125 0.626953125
9 0.4791765625 0.6474609375 0.4791765625 0.615234375 0.4634984375 0.6142578125 0.44683906249999994 0.6123046875 0.44439062500000004 0.6318359375 0.4453703125 0.6552734375 0.44977968749999997 0.673828125 0.4517390625 0.69921875 0.45369843750000005 0.7216796875 0.45369843750000005 0.7490234375 0.45565937500000003 0.775390625 0.457128125 0.8056640625 0.4683984375 0.8408203125 0.4767265625 0.8076171875 0.47770625000000005 0.779296875 0.48015625 0.7470703125 0.4767265625 0.7119140625 0.4791765625 0.6787109375 0.4791765625 0.6474609375
10 0.44977968749999997 0.666015625 0.4517390625 0.640625 0.4473296875 0.6220703125 0.43802031250000006 0.6005859375 0.4243015625 0.6044921875 0.41499218750000005 0.615234375 0.41009375 0.63671875 0.41009375 0.6552734375 0.40764374999999997 0.69140625 0.4086234375 0.7138671875 0.40715312499999995 0.75 0.40372343749999995 0.7822265625 0.403234375 0.80859375 0.402253125 0.841796875 0.4125421875 0.8642578125 0.4218515625 0.833984375 0.42528125 0.8056640625 0.43018124999999996 0.779296875 0.43263125 0.75 0.43899999999999995 0.71875 0.44977968749999997 0.666015625
11 0.41009375 0.68359375 0.4125421875 0.66015625 0.4140125 0.634765625 0.4135234375 0.6142578125 0.402253125 0.6064453125 0.3924546875 0.59375 0.3806953125 0.6015625 0.37285625 0.6201171875 0.3718765625 0.64453125 0.37530625 0.6650390625 0.3767765625 0.6884765625 0.3767765625 0.7158203125 0.3806953125 0.7490234375 0.381675 0.7822265625 0.384615625 0.8056640625 0.3944140625 0.8388671875 0.403234375 0.7998046875 0.40519375 0.779296875 0.40715312499999995 0.7548828125 0.4086234375 0.7333984375 0.41009375 0.7060546875 0.41009375 0.68359375
12 0.36795625 0.662109375 0.37775625 0.619140625 0.37432656249999996 0.5986328125 0.3615875 0.5810546875 0.34394843750000004 0.583984375 0.3326796875 0.6025390625 0.33464062499999997 0.6318359375 0.33464062499999997 0.658203125 0.332190625 0.6865234375 0.3331703125 0.7236328125 0.3356203125 0.7548828125 0.3370890625 0.7958984375 0.347378125 0.828125 0.3537484375 0.79296875 0.3561984375 0.767578125 0.35766718750000004 0.74609375 0.3601171875 0.71875 0.3640375 0.6865234375 0.36795625 0.662109375
13 0.345909375 0.505859375 0.343459375 0.4775390625 0.3370890625 0.44140625 0.3375796875 0.41015625 0.333659375 0.373046875 0.2964234375 0.3701171875 0.29789374999999996 0.4052734375 0.2964234375 0.4384765625 0.291034375 0.4638671875 0.2822140625 0.4892578125 0.2797640625 0.5185546875 0.28319375 0.541015625 0.29544375 0.548828125 0.3067125 0.55078125 0.3189609375 0.552734375 0.3331703125 0.552734375 0.3400296875 0.533203125 0.345909375 0.505859375
15 0.2435078125 0.7099609375 0.2567375 0.6962890625 0.2660453125 0.671875 0.2822140625 0.65234375 0.2939734375 0.6455078125 0.3067125 0.6318359375 0.3170015625 0.6044921875 0.3189609375 0.5810546875 0.3091625 0.5693359375 0.299853125 0.5556640625 0.29005312499999997 0.5400390625 0.2846640625 0.5185546875 0.274865625 0.5234375 0.2645765625 0.533203125 0.25967656250000004 0.5556640625 0.2518375 0.578125 0.244978125 0.5986328125 0.23664843750000003 0.6171875 0.22733906250000002 0.6318359375 0.217540625 0.6572265625 0.2111703125 0.685546875 0.22587031249999998 0.677734375 0.23517812500000002 0.662109375 0.2439984375 0.642578125 0.2577171875 0.6318359375 0.25820625 0.6533203125 0.24889687500000002 0.669921875 0.23958906249999998 0.681640625 0.2322390625 0.703125 0.2435078125 0.7099609375
16 0.2067609375 0.65234375 0.21999062500000002 0.6298828125 0.231259375 0.6171875 0.23909843749999998 0.5947265625 0.2479171875 0.576171875 0.2577171875 0.5634765625 0.2616359375 0.5400390625 0.25036718750000003 0.513671875 0.23860781250000002 0.5048828125 0.226359375 0.5048828125 0.2209703125 0.4853515625 0.2072515625 0.4892578125 0.2003921875 0.5107421875 0.198921875 0.5380859375 0.19647187500000002 0.5634765625 0.1915734375 0.58203125 0.181284375 0.599609375 0.1749140625 0.626953125 0.1891234375 0.625 0.2003921875 0.6005859375 0.20823125 0.5810546875 0.2185203125 0.5595703125 0.22587031249999998 0.583984375 0.2185203125 0.6044921875 0.20823125 0.619140625 0.19647187500000002 0.6474609375 0.2067609375 0.65234375
17 0.36893750000000003 0.3798828125 0.36550781250000003 0.3291015625 0.3537484375 0.33203125 0.35031875 0.3828125 0.3488484375 0.4111328125 0.34492968749999997 0.443359375 0.3424796875 0.4716796875 0.341009375 0.5 0.3370890625 0.5302734375 0.3370890625 0.5537109375 0.35031875 0.568359375 0.3625671875 0.560546875 0.3831453125 0.5634765625 0.384615625 0.5400390625 0.374815625 0.5224609375 0.37432656249999996 0.4970703125 0.37285625 0.46484375 0.36893750000000003 0.423828125 0.36893750000000003 0.3798828125
18 0.4012734375 0.3974609375 0.395884375 0.35546875 0.37775625 0.36328125 0.375796875 0.3984375 0.37530625 0.43359375 0.375796875 0.466796875 0.373346875 0.509765625 0.3718765625 0.55078125 0.37432656249999996 0.576171875 0.38804531249999996 0.5810546875 0.402253125 0.576171875 0.4135234375 0.5654296875 0.41548281249999997 0.5439453125 0.4140125 0.5205078125 0.41156249999999994 0.4951171875 0.40715312499999995 0.458984375 0.4012734375 0.3974609375
19 0.441940625 0.4619140625 0.4355703125 0.43359375 0.42773125 0.3955078125 0.41548281249999997 0.3427734375 0.40372343749999995 0.314453125 0.402253125 0.365234375 0.403234375 0.392578125 0.404703125 0.4208984375 0.4086234375 0.447265625 0.40764374999999997 0.482421875 0.4061734375 0.515625 0.40519375 0.5458984375 0.4086234375 0.5712890625 0.41891249999999997 0.5849609375 0.4331203125 0.58984375 0.4453703125 0.5791015625 0.45222968750000003 0.560546875 0.45222968750000003 0.5400390625 0.4492890625 0.517578125 0.44585937500000006 0.4921875 0.441940625 0.4619140625
20 0.48015625 0.4814453125 0.4762375 0.4384765625 0.4713375 0.3984375 0.46496875 0.36328125 0.45075937499999996 0.365234375 0.45320937499999997 0.3955078125 0.45075937499999996 0.423828125 0.45075937499999996 0.4443359375 0.45075937499999996 0.4765625 0.44683906249999994 0.509765625 0.443409375 0.5537109375 0.441940625 0.58984375 0.45369843750000005 0.6044921875 0.4659484375 0.611328125 0.48162656249999997 0.609375 0.4904453125 0.58984375 0.48946562499999996 0.568359375 0.48652656250000004 0.5400390625 0.48505624999999997 0.5146484375 0.48015625 0.4814453125
21 0.501715625 0.4521484375 0.503184375 0.40625 0.5022046875 0.3603515625 0.48015625 0.365234375 0.47868750000000004 0.3974609375 0.4762375 0.4267578125 0.4713375 0.4619140625 0.4639875 0.4921875 0.457128125 0.525390625 0.4561484375 0.552734375 0.46496875 0.57421875 0.4747671875 0.5888671875 0.4904453125 0.6015625 0.5022046875 0.583984375 0.5022046875 0.55859375 0.5007343750000001 0.533203125 0.5007343750000001 0.509765625 0.5007343750000001 0.4814453125 0.501715625 0.4521484375
22 0.53993125 0.443359375 0.5365015625 0.392578125 0.5316015625 0.34765625 0.5134734375 0.357421875 0.5120046874999999 0.390625 0.5110234375 0.4267578125 0.510534375 0.4638671875 0.508575 0.4970703125 0.5041640625 0.5380859375 0.49926562499999994 0.56640625 0.505634375 0.58984375 0.5208234375 0.5986328125 0.5350312500000001 0.599609375 0.5463015625 0.59375 0.5477703125 0.5732421875 0.5467906250000001 0.548828125 0.54238125 0.517578125 0.53993125 0.482421875 0.53993125 0.443359375