22 0.5232734375 0.3544921875 0.5183734375 0.3798828125 0.51494375 0.4111328125 0.5080843749999999 0.439453125 0.505634375 0.4697265625 0.5022046875 0.4970703125 0.5071046875 0.5234375 0.508575 0.5478515625 0.5237625 0.5537109375 0.5335625 0.55078125 0.5438515625 0.54296875 0.54238125 0.5185546875 0.540421875 0.4951171875 0.5340515625 0.46875 0.5340515625 0.4345703125 0.5311125 0.3984375 0.5340515625 0.35546875 0.5335625 0.32421875 0.5232734375 0.3544921875
21 0.47525781250000004 0.392578125 0.4762375 0.421875 0.4723171875 0.447265625 0.47035781249999997 0.4814453125 0.4723171875 0.5078125 0.4713375 0.533203125 0.4762375 0.552734375 0.49289531249999996 0.5556640625 0.5046546875 0.548828125 0.505634375 0.525390625 0.505634375 0.5029296875 0.501715625 0.474609375 0.5007343750000001 0.4462890625 0.49387499999999995 0.4033203125 0.4889765625 0.3603515625 0.4791765625 0.3134765625 0.47770625000000005 0.3662109375 0.47525781250000004 0.392578125
20 0.4453703125 0.4013671875 0.44439062500000004 0.4267578125 0.441940625 0.4541015625 0.4409609375 0.4814453125 0.439490625 0.5078125 0.43899999999999995 0.53125 0.44292031249999997 0.55078125 0.45859843749999996 0.5458984375 0.46986718749999995 0.544921875 0.4713375 0.517578125 0.4688875 0.4970703125 0.4659484375 0.4716796875 0.46251875 0.447265625 0.46251875 0.41796875 0.459578125 0.3701171875 0.45075937499999996 0.341796875 0.448309375 0.3759765625 0.4453703125 0.4013671875
19 0.409603125 0.373046875 0.409603125 0.4013671875 0.40764374999999997 0.431640625 0.40764374999999997 0.4560546875 0.4061734375 0.4853515625 0.4061734375 0.5078125 0.415971875 0.5283203125 0.4292015625 0.533203125 0.4404703125 0.5185546875 0.4404703125 0.498046875 0.439490625 0.4765625 0.43655 0.447265625 0.4341015625 0.4189453125 0.43263125 0.3828125 0.42822187500000003 0.333984375 0.4179328125 0.314453125 0.41009375 0.3466796875 0.409603125 0.373046875
18 0.37432656249999996 0.4462890625 0.37285625 0.4697265625 0.37138593750000004 0.494140625 0.381675 0.517578125 0.3919640625 0.517578125 0.400784375 0.4970703125 0.40519375 0.4716796875 0.4061734375 0.447265625 0.4086234375 0.4208984375 0.40715312499999995 0.390625 0.40764374999999997 0.36328125 0.40372343749999995 0.337890625 0.388534375 0.33984375 0.387065625 0.365234375 0.384125 0.3935546875 0.379715625 0.4208984375 0.37432656249999996 0.4462890625
17 0.34394843750000004 0.458984375 0.3463984375 0.482421875 0.349828125 0.5048828125 0.3615875 0.5126953125 0.37040625 0.4921875 0.37432656249999996 0.466796875 0.375796875 0.4345703125 0.3767765625 0.4052734375 0.3767765625 0.3759765625 0.375796875 0.333984375 0.3718765625 0.306640625 0.3586484375 0.3427734375 0.352278125 0.3720703125 0.349828125 0.3984375 0.34835937499999997 0.4287109375 0.34394843750000004 0.458984375
13 0.288584375 0.2919921875 0.2876046875 0.32421875 0.288584375 0.3505859375 0.2939734375 0.3759765625 0.297403125 0.3984375 0.29789374999999996 0.42578125 0.29544375 0.44921875 0.29544375 0.474609375 0.3067125 0.4775390625 0.32092187499999997 0.4873046875 0.33121093749999997 0.484375 0.3419890625 0.4765625 0.343459375 0.451171875 0.3395390625 0.4287109375 0.33121093749999997 0.4052734375 0.329740625 0.3828125 0.32533124999999996 0.3544921875 0.3145515625 0.3271484375 0.3018125 0.3095703125 0.288584375 0.2919921875
30 0.56981875 0.52734375 0.5683484375 0.5048828125 0.55855 0.4580078125 0.5467906250000001 0.4541015625 0.5414015625 0.4794921875 0.5414015625 0.505859375 0.5414015625 0.5283203125 0.549240625 0.5478515625 0.5619796874999999 0.5458984375 0.56981875 0.52734375
29 0.571778125 0.400390625 0.5707984374999999 0.4306640625 0.56736875 0.4599609375 0.5658984375 0.4814453125 0.56981875 0.513671875 0.576678125 0.5400390625 0.5903968749999999 0.5458984375 0.599215625 0.5224609375 0.599215625 0.498046875 0.59480625 0.474609375 0.5938265625 0.4462890625 0.5913765625 0.4208984375 0.5899062500000001 0.384765625 0.5874578125000001 0.34765625 0.5781484375 0.3369140625 0.571778125 0.375 0.571778125 0.400390625
23 0.6011765625 0.4033203125 0.5962765625 0.43359375 0.59235625 0.458984375 0.59480625 0.4794921875 0.6031359375 0.50390625 0.610484375 0.5205078125 0.620284375 0.515625 0.625184375 0.4951171875 0.62224375 0.474609375 0.620284375 0.451171875 0.62224375 0.4189453125 0.62224375 0.380859375 0.6232234375 0.337890625 0.615384375 0.3115234375 0.609015625 0.3427734375 0.6031359375 0.3779296875 0.6011765625 0.4033203125
24 0.6246937499999999 0.4130859375 0.62224375 0.439453125 0.618325 0.4697265625 0.618325 0.494140625 0.63204375 0.513671875 0.6462515625 0.509765625 0.6511515625000001 0.490234375 0.6501718750000001 0.466796875 0.64968125 0.4365234375 0.6536015625 0.400390625 0.651640625 0.3759765625 0.64723125 0.33984375 0.6408625 0.3173828125 0.6310625 0.35546875 0.6281234375 0.3876953125 0.6246937499999999 0.4130859375
25 0.656540625 0.33203125 0.654090625 0.3701171875 0.651640625 0.408203125 0.6487015625 0.439453125 0.6447812500000001 0.466796875 0.6438015625 0.494140625 0.6487015625 0.517578125 0.658990625 0.525390625 0.6766296875 0.52734375 0.6898578125 0.5126953125 0.6893671875 0.484375 0.68446875 0.4521484375 0.68446875 0.423828125 0.6859375 0.388671875 0.6883874999999999 0.34765625 0.6810390625 0.30859375 0.67466875 0.2890625 0.6624203125 0.306640625 0.656540625 0.33203125
26 0.6932875000000001 0.4140625 0.6898578125 0.443359375 0.6883874999999999 0.4765625 0.6908375 0.5 0.7011265625 0.509765625 0.7177859375 0.5 0.730525 0.484375 0.730525 0.46484375 0.725625 0.4365234375 0.7202359375 0.416015625 0.7217046875 0.3779296875 0.7226843749999999 0.3447265625 0.7123953125 0.3291015625 0.6937781249999999 0.34765625 0.6937781249999999 0.384765625 0.6932875000000001 0.4140625
0 0.7290546875 0.5224609375 0.7148453124999999 0.5224609375 0.702596875 0.533203125 0.6947578125 0.552734375 0.6810390625 0.55859375 0.6834890625 0.5859375 0.6923078125 0.625 0.7050468750000001 0.640625 0.718765625 0.65234375 0.73199375 0.66015625 0.723175 0.626953125 0.7123953125 0.615234375 0.7212156249999999 0.5908203125 0.73199375 0.6064453125 0.7408140624999999 0.6298828125 0.7506125 0.640625 0.751103125 0.6171875 0.74424375 0.59375 0.7354234374999999 0.5693359375 0.7329734375 0.5458984375 0.7290546875 0.5224609375
1 0.62959375 0.619140625 0.6418421875 0.638671875 0.6501718750000001 0.6552734375 0.6624203125 0.662109375 0.6741796875 0.6455078125 0.6810390625 0.625 0.6834890625 0.6044921875 0.6810390625 0.583984375 0.679078125 0.5654296875 0.666340625 0.568359375 0.651640625 0.5712890625 0.638903125 0.578125 0.6286140625 0.578125 0.626653125 0.5986328125 0.62959375 0.619140625
3 0.6001953125 0.6015625 0.6011765625 0.625 0.6050953125 0.6494140625 0.609015625 0.67578125 0.6139140624999999 0.703125 0.618325 0.7314453125 0.624203125 0.75390625 0.6359625 0.7724609375 0.6349828125 0.736328125 0.6310625 0.7080078125 0.6281234375 0.6787109375 0.6286140625 0.64453125 0.62714375 0.6123046875 0.6286140625 0.578125 0.618325 0.576171875 0.6080359375 0.568359375 0.597746875 0.576171875 0.6001953125 0.6015625
4 0.5801078125 0.5693359375 0.56981875 0.5810546875 0.56981875 0.6015625 0.57716875 0.6220703125 0.57716875 0.64453125 0.5786374999999999 0.6630859375 0.5801078125 0.6865234375 0.5835375 0.708984375 0.5850078125 0.734375 0.5884375000000001 0.759765625 0.5938265625 0.7802734375 0.6055859375 0.7900390625 0.604115625 0.76171875 0.6026453125 0.7392578125 0.601665625 0.71875 0.6011765625 0.6962890625 0.6011765625 0.666015625 0.6001953125 0.6396484375 0.6001953125 0.6025390625 0.6026453125 0.578125 0.592846875 0.568359375 0.5801078125 0.5693359375
5 0.5463015625 0.5966796875 0.5463015625 0.6201171875 0.5477703125 0.642578125 0.5467906250000001 0.666015625 0.549240625 0.6884765625 0.5507109375 0.7138671875 0.556590625 0.736328125 0.560509375 0.7548828125 0.56345 0.77734375 0.57471875 0.783203125 0.57471875 0.75 0.5737390625 0.724609375 0.5756984375 0.6982421875 0.5707984374999999 0.6650390625 0.571778125 0.6328125 0.57471875 0.6025390625 0.5732484375 0.576171875 0.561 0.5732421875 0.5477703125 0.576171875 0.5463015625 0.5966796875
6 0.52229375 0.5966796875 0.5252328125 0.6201171875 0.5286625 0.6455078125 0.5286625 0.6728515625 0.5262125 0.703125 0.5271921875000001 0.7294921875 0.5311125 0.75390625 0.5389515625 0.783203125 0.5467906250000001 0.759765625 0.5463015625 0.7333984375 0.5467906250000001 0.7041015625 0.5467906250000001 0.67578125 0.5467906250000001 0.64453125 0.5463015625 0.611328125 0.5502203125 0.5712890625 0.537971875 0.5712890625 0.5247421875 0.576171875 0.52229375 0.5966796875
7 0.5041640625 0.6630859375 0.5041640625 0.69140625 0.5041640625 0.71875 0.505634375 0.7470703125 0.51494375 0.7646484375 0.5198437499999999 0.7373046875 0.5208234375 0.7080078125 0.5208234375 0.6787109375 0.52229375 0.650390625 0.5232734375 0.6171875 0.5198437499999999 0.5888671875 0.505634375 0.5869140625 0.5041640625 0.611328125 0.5046546875 0.634765625 0.5041640625 0.6630859375
8 0.48162656249999997 0.67578125 0.48015625 0.703125 0.4791765625 0.7294921875 0.48162656249999997 0.751953125 0.491915625 0.7626953125 0.4958359375 0.736328125 0.4953453125 0.708984375 0.4977953125 0.6806640625 0.5007343750000001 0.6455078125 0.503184375 0.611328125 0.5002453124999999 0.591796875 0.485546875 0.599609375 0.48309687500000004 0.6201171875 0.48407656250000003 0.6455078125 0.48162656249999997 0.67578125
9 0.45859843749999996 0.6728515625 0.45761874999999996 0.7041015625 0.46006875 0.734375 0.45761874999999996 0.7666015625 0.4688875 0.779296875 0.4762375 0.75 0.4767265625 0.716796875 0.47770625000000005 0.6865234375 0.4791765625 0.6572265625 0.48505624999999997 0.611328125 0.48309687500000004 0.5810546875 0.457128125 0.58984375 0.45859843749999996 0.6220703125 0.459578125 0.64453125 0.45859843749999996 0.6728515625
10 0.4331203125 0.5712890625 0.4292015625 0.599609375 0.43018124999999996 0.6220703125 0.43165156250000003 0.6494140625 0.42773125 0.67578125 0.42626093750000005 0.703125 0.42381250000000004 0.7314453125 0.42528125 0.7578125 0.43018124999999996 0.7841796875 0.439490625 0.7998046875 0.44439062500000004 0.775390625 0.44585937500000006 0.7470703125 0.44977968749999997 0.7158203125 0.45320937499999997 0.685546875 0.4546796875 0.6552734375 0.45761874999999996 0.6220703125 0.45859843749999996 0.599609375 0.45761874999999996 0.57421875 0.44439062500000004 0.5791015625 0.4331203125 0.5712890625
11 0.4135234375 0.5712890625 0.3998046875 0.5732421875 0.39735468749999997 0.59375 0.39882343750000004 0.6142578125 0.39882343750000004 0.6396484375 0.39882343750000004 0.662109375 0.39882343750000004 0.69140625 0.3968640625 0.7158203125 0.3949046875 0.7470703125 0.393434375 0.7705078125 0.400784375 0.7978515625 0.41107343749999997 0.767578125 0.4135234375 0.7470703125 0.41499218750000005 0.7265625 0.4179328125 0.703125 0.41891249999999997 0.677734375 0.4218515625 0.6474609375 0.42675156249999996 0.619140625 0.43263125 0.5966796875 0.42528125 0.57421875 0.4135234375 0.5712890625
12 0.37285625 0.5634765625 0.3718765625 0.58984375 0.3694265625 0.619140625 0.3694265625 0.650390625 0.3674671875 0.68359375 0.36648749999999997 0.7158203125 0.3630578125 0.7421875 0.36550781250000003 0.76953125 0.3767765625 0.7421875 0.3806953125 0.716796875 0.384615625 0.6962890625 0.389515625 0.6708984375 0.3949046875 0.6396484375 0.4012734375 0.609375 0.409603125 0.578125 0.3998046875 0.5693359375 0.387065625 0.556640625 0.37285625 0.5634765625
14 0.37432656249999996 0.6064453125 0.37530625 0.5859375 0.379715625 0.560546875 0.36893750000000003 0.552734375 0.35766718750000004 0.5478515625 0.345909375 0.541015625 0.333659375 0.548828125 0.3233703125 0.578125 0.32092187499999997 0.6142578125 0.31798125 0.640625 0.31553125 0.66796875 0.31161249999999996 0.6904296875 0.3081828125 0.7138671875 0.3233703125 0.7080078125 0.329740625 0.67578125 0.33610937500000004 0.6474609375 0.34492968749999997 0.6171875 0.347378125 0.65234375 0.343459375 0.6806640625 0.33610937500000004 0.703125 0.3395390625 0.7333984375 0.349828125 0.7158203125 0.3561984375 0.6865234375 0.3650171875 0.662109375 0.37040625 0.634765625 0.37432656249999996 0.6064453125
15 0.3091625 0.5302734375 0.2988734375 0.5126953125 0.286134375 0.501953125 0.2758453125 0.5126953125 0.27045625 0.533203125 0.27339531250000004 0.5537109375 0.269475 0.576171875 0.26310625 0.5966796875 0.25918593749999996 0.6240234375 0.2533078125 0.6474609375 0.2552671875 0.6708984375 0.27045625 0.6650390625 0.28319375 0.662109375 0.29495312500000004 0.65234375 0.3052421875 0.6328125 0.3125921875 0.6142578125 0.329740625 0.5810546875 0.3307203125 0.5615234375 0.3331703125 0.5361328125 0.32043125 0.525390625 0.3091625 0.5302734375