3 0.6544296875 0.6708984375 0.6534515625 0.6455078125 0.6534515625 0.6220703125 0.6436609375 0.615234375 0.631425 0.6142578125 0.62065625 0.6171875 0.613803125 0.6416015625 0.62065625 0.6650390625 0.6304453125 0.68359375 0.6343609375 0.708984375 0.6382765625 0.7314453125 0.646109375 0.755859375 0.6534515625 0.7802734375 0.6607921875 0.8017578125 0.6691140625 0.822265625 0.6789031249999999 0.830078125 0.672540625 0.794921875 0.6691140625 0.7724609375 0.6647093749999999 0.751953125 0.6598140625 0.7265625 0.6563875 0.701171875 0.6544296875 0.6708984375
4 0.6128250000000001 0.634765625 0.6025453125 0.6328125 0.5907984374999999 0.640625 0.5868828125000001 0.66796875 0.5961828125 0.6982421875 0.5996078125000001 0.7265625 0.603525 0.7470703125 0.6079296875 0.771484375 0.621634375 0.802734375 0.631425 0.822265625 0.6265296874999999 0.7724609375 0.623103125 0.7509765625 0.6201671875 0.7236328125 0.6201671875 0.693359375 0.621634375 0.66015625 0.6128250000000001 0.634765625
5 0.588840625 0.7080078125 0.587371875 0.6728515625 0.58345625 0.6474609375 0.5717078124999999 0.6416015625 0.5614296875 0.6416015625 0.555065625 0.662109375 0.56045 0.6884765625 0.564365625 0.708984375 0.5677921875 0.7333984375 0.5677921875 0.755859375 0.5731765625 0.7822265625 0.58051875 0.8076171875 0.5883499999999999 0.837890625 0.59765 0.8681640625 0.5996078125000001 0.8427734375 0.5961828125 0.8154296875 0.5947140625 0.794921875 0.5932453125 0.7685546875 0.58981875 0.7392578125 0.588840625 0.7080078125
6 0.5540875 0.654296875 0.54038125 0.6572265625 0.530103125 0.65234375 0.531571875 0.677734375 0.534996875 0.7001953125 0.5389140625 0.7216796875 0.5428296875 0.74609375 0.54625625 0.7685546875 0.5526187499999999 0.79296875 0.56191875 0.818359375 0.5756234375 0.830078125 0.5707296875 0.7978515625 0.565834375 0.771484375 0.5614296875 0.74609375 0.5594718750000001 0.7158203125 0.556534375 0.6826171875 0.5540875 0.654296875
7 0.531571875 0.658203125 0.520803125 0.654296875 0.5095453125 0.650390625 0.5080765625 0.6708984375 0.5105234375000001 0.693359375 0.5134609375 0.7138671875 0.5144390624999999 0.736328125 0.5188453125 0.76171875 0.52471875 0.787109375 0.5389140625 0.818359375 0.5531078125 0.8359375 0.558003125 0.8095703125 0.5477234375 0.7841796875 0.5438078125 0.75390625 0.5389140625 0.7265625 0.534996875 0.6875 0.531571875 0.658203125
8 0.507096875 0.6552734375 0.4865390625 0.654296875 0.4865390625 0.677734375 0.48800781249999997 0.6982421875 0.48751875 0.728515625 0.49045468750000004 0.755859375 0.49437031249999996 0.77734375 0.49926562499999994 0.796875 0.5119921875 0.8271484375 0.5168874999999999 0.7998046875 0.5149296875 0.771484375 0.51248125 0.74609375 0.5095453125 0.7177734375 0.5080765625 0.6875 0.507096875 0.6552734375
9 0.4855609375 0.662109375 0.47626093750000004 0.654296875 0.45766093750000003 0.658203125 0.46108593750000004 0.6884765625 0.4601078125 0.712890625 0.462065625 0.7392578125 0.46255468750000006 0.7685546875 0.46500312499999996 0.7998046875 0.47626093750000004 0.8203125 0.4816453125 0.7900390625 0.48262343750000003 0.759765625 0.4831125 0.73828125 0.4831125 0.7138671875 0.4855609375 0.6904296875 0.4855609375 0.662109375
10 0.4601078125 0.6748046875 0.45766093750000003 0.650390625 0.44199687499999996 0.642578125 0.43025 0.6474609375 0.42682343749999996 0.669921875 0.4243765625 0.6884765625 0.4229078125 0.7177734375 0.421928125 0.7431640625 0.42045937499999997 0.779296875 0.4180125 0.8056640625 0.42829218750000003 0.8330078125 0.44101875 0.8173828125 0.44738125 0.7919921875 0.4508078125 0.763671875 0.45325468750000003 0.734375 0.4571703125 0.705078125 0.4601078125 0.6748046875
11 0.43465468749999997 0.669921875 0.4307390625 0.6484375 0.41899218749999995 0.64453125 0.4092015625 0.62890625 0.3974546875 0.6328125 0.3920703125 0.6552734375 0.387665625 0.67578125 0.387175 0.7001953125 0.3857078125 0.728515625 0.3857078125 0.7568359375 0.387175 0.7890625 0.387665625 0.814453125 0.39892343750000003 0.830078125 0.40626562499999996 0.796875 0.40871250000000003 0.771484375 0.41165 0.7509765625 0.4180125 0.7216796875 0.42682343749999996 0.6953125 0.43465468749999997 0.669921875
12 0.3798328125 0.7138671875 0.3910921875 0.6953125 0.40235000000000004 0.6630859375 0.411159375 0.64453125 0.4013703125 0.623046875 0.384728125 0.6162109375 0.3695546875 0.6142578125 0.359275 0.62890625 0.35633906249999997 0.654296875 0.353890625 0.6806640625 0.348996875 0.7109375 0.3401859375 0.7431640625 0.3284390625 0.78515625 0.32648125 0.8154296875 0.34116562500000003 0.8125 0.350465625 0.7998046875 0.36074375000000003 0.7841796875 0.3695546875 0.763671875 0.3773859375 0.736328125 0.3798328125 0.7138671875
14 0.298090625 0.7587890625 0.28781249999999997 0.77734375 0.2990703125 0.787109375 0.3098390625 0.759765625 0.321096875 0.7490234375 0.32990624999999996 0.7265625 0.347528125 0.6875 0.35633906249999997 0.66015625 0.3666171875 0.6494140625 0.37493906250000003 0.626953125 0.37347031249999996 0.6015625 0.3641703125 0.583984375 0.35144375 0.5947265625 0.34116562500000003 0.57421875 0.3284390625 0.5712890625 0.3162015625 0.576171875 0.3005390625 0.5869140625 0.3005390625 0.6171875 0.3029859375 0.650390625 0.29319687499999997 0.6669921875 0.28634375 0.6943359375 0.278021875 0.71875 0.271659375 0.7431640625 0.26921249999999997 0.7666015625 0.2853640625 0.75 0.29564375 0.7392578125 0.29955937499999996 0.71875 0.3093484375 0.6962890625 0.3201171875 0.6748046875 0.322075 0.6962890625 0.3147328125 0.71875 0.308859375 0.7412109375 0.298090625 0.7587890625
15 0.22809531249999998 0.728515625 0.24620625000000002 0.712890625 0.25599531249999996 0.7001953125 0.26774375 0.68359375 0.2790015625 0.66015625 0.290259375 0.6396484375 0.29955937499999996 0.6171875 0.31179687500000003 0.5966796875 0.3083703125 0.5712890625 0.29564375 0.5537109375 0.28144843750000004 0.55078125 0.2711703125 0.53515625 0.25648593750000004 0.533203125 0.2471859375 0.548828125 0.2457171875 0.5732421875 0.24327031250000003 0.5966796875 0.23690625 0.6240234375 0.226628125 0.650390625 0.21928593749999997 0.67578125 0.2187953125 0.708984375 0.232990625 0.6708984375 0.24963281249999997 0.6416015625 0.262359375 0.619140625 0.26137968749999996 0.6494140625 0.24620625000000002 0.6748046875 0.234459375 0.693359375 0.22809531249999998 0.728515625
16 0.226628125 0.662109375 0.23739531249999998 0.65234375 0.2447375 0.6298828125 0.242290625 0.6064453125 0.239353125 0.5869140625 0.2256484375 0.5673828125 0.21928593749999997 0.5439453125 0.212921875 0.5234375 0.2001953125 0.5205078125 0.18746875000000002 0.5458984375 0.182575 0.56640625 0.173275 0.58203125 0.1605484375 0.5947265625 0.15320625000000002 0.625 0.155653125 0.65234375 0.1659328125 0.6748046875 0.17816875000000001 0.6728515625 0.1884484375 0.6669921875 0.20117500000000002 0.6669921875 0.214390625 0.66015625 0.226628125 0.662109375
1 0.7170828124999999 0.76953125 0.728340625 0.76171875 0.7234453125 0.7333984375 0.7170828124999999 0.708984375 0.7146359375 0.6875 0.7107187500000001 0.662109375 0.7092515625 0.6328125 0.70729375 0.607421875 0.70435625 0.58203125 0.6930984375 0.578125 0.680371875 0.5810546875 0.6691140625 0.59375 0.6534515625 0.591796875 0.6470875 0.611328125 0.652471875 0.6396484375 0.6607921875 0.6630859375 0.668625 0.6904296875 0.67351875 0.7177734375 0.6798828125 0.7412109375 0.688203125 0.763671875 0.701909375 0.771484375 0.7004406249999999 0.7490234375 0.6940765625 0.728515625 0.6901609375 0.70703125 0.6867359375000001 0.6767578125 0.69799375 0.6875 0.701909375 0.708984375 0.709740625 0.7333984375 0.7170828124999999 0.76953125
0 0.7567296875 0.5966796875 0.7552625 0.568359375 0.7528140624999999 0.5439453125 0.74155625 0.5283203125 0.731278125 0.541015625 0.7170828124999999 0.5537109375 0.705825 0.552734375 0.6965250000000001 0.5693359375 0.703378125 0.5966796875 0.7116984375000001 0.6171875 0.716103125 0.6416015625 0.7219781249999999 0.662109375 0.73225625 0.6826171875 0.7410671875 0.705078125 0.7528140624999999 0.728515625 0.7679875 0.734375 0.7728828125 0.7080078125 0.7704359375000001 0.6875 0.7655406250000001 0.6630859375 0.7606468750000001 0.6416015625 0.759178125 0.6201171875 0.7567296875 0.5966796875
28 0.7909937499999999 0.53125 0.7807140625 0.515625 0.770925 0.5400390625 0.7626046875 0.55859375 0.7542828125 0.580078125 0.7528140624999999 0.6064453125 0.7552625 0.6298828125 0.7581984375 0.6494140625 0.76945625 0.66015625 0.7836515625 0.6669921875 0.7998046875 0.6708984375 0.8115515625 0.66796875 0.8203625000000001 0.6416015625 0.82183125 0.6162109375 0.8125312499999999 0.5966796875 0.802740625 0.5791015625 0.7983359375 0.556640625 0.7909937499999999 0.53125
27 0.76309375 0.3203125 0.7503671875 0.314453125 0.7371515625 0.3076171875 0.7195296875 0.3076171875 0.7121875 0.3349609375 0.720509375 0.3642578125 0.73225625 0.392578125 0.7425359375 0.416015625 0.7581984375 0.4140625 0.7635828124999999 0.388671875 0.76945625 0.3671875 0.767009375 0.3447265625 0.76309375 0.3203125
26 0.7170828124999999 0.5107421875 0.7263828125 0.5234375 0.7371515625 0.5234375 0.7479203125 0.50390625 0.759178125 0.490234375 0.7581984375 0.466796875 0.7474296875 0.4267578125 0.73519375 0.40625 0.72589375 0.3857421875 0.7200203125 0.365234375 0.7146359375 0.3369140625 0.701909375 0.3349609375 0.6965250000000001 0.35546875 0.6994609374999999 0.3857421875 0.7028875 0.40625 0.7053359375 0.43359375 0.7092515625 0.4599609375 0.7107187500000001 0.4853515625 0.7170828124999999 0.5107421875
25 0.668625 0.5146484375 0.672540625 0.5380859375 0.677434375 0.55859375 0.6906515625 0.5615234375 0.7004406249999999 0.5439453125 0.7195296875 0.5361328125 0.716103125 0.5146484375 0.7121875 0.4853515625 0.70435625 0.46484375 0.69799375 0.44140625 0.6930984375 0.41796875 0.6842875 0.390625 0.6798828125 0.3603515625 0.6661765625 0.34765625 0.6637296874999999 0.3828125 0.66715625 0.4091796875 0.67009375 0.4345703125 0.67009375 0.458984375 0.668625 0.4873046875 0.668625 0.5146484375
24 0.636809375 0.55078125 0.6480671874999999 0.5712890625 0.6573671875 0.583984375 0.67009375 0.576171875 0.680371875 0.556640625 0.6754765625 0.5361328125 0.6676453125 0.515625 0.6612828125 0.494140625 0.6558984375 0.46484375 0.6534515625 0.4345703125 0.6500250000000001 0.4052734375 0.6480671874999999 0.3759765625 0.6358296875 0.375 0.636809375 0.408203125 0.636809375 0.4384765625 0.636809375 0.46875 0.636809375 0.498046875 0.635340625 0.525390625 0.636809375 0.55078125
23 0.631425 0.482421875 0.6279984375 0.4560546875 0.6250609375 0.42578125 0.62065625 0.3876953125 0.6098874999999999 0.37109375 0.6089078125 0.4130859375 0.6079296875 0.4365234375 0.6079296875 0.4638671875 0.607440625 0.4970703125 0.6064609375 0.52734375 0.605971875 0.5556640625 0.603525 0.576171875 0.615271875 0.5947265625 0.6265296874999999 0.603515625 0.6377875000000001 0.6025390625 0.6470875 0.5888671875 0.6480671874999999 0.5654296875 0.641703125 0.541015625 0.6358296875 0.5107421875 0.631425 0.482421875
29 0.6040140625 0.4345703125 0.601565625 0.3955078125 0.5947140625 0.365234375 0.5868828125000001 0.3935546875 0.585903125 0.4287109375 0.5849234375 0.45703125 0.58345625 0.484375 0.5824765625 0.517578125 0.578071875 0.552734375 0.5741562499999999 0.578125 0.5819875 0.6025390625 0.592265625 0.6142578125 0.6098874999999999 0.603515625 0.612334375 0.5791015625 0.6103765625 0.5556640625 0.6064609375 0.53125 0.607440625 0.501953125 0.6049921875 0.46875 0.6040140625 0.4345703125
30 0.5633874999999999 0.4462890625 0.5628984375 0.408203125 0.56045 0.3671875 0.5491921875 0.3759765625 0.5477234375 0.41796875 0.544296875 0.45703125 0.5467453124999999 0.484375 0.5491921875 0.5205078125 0.5491921875 0.5556640625 0.54625625 0.5869140625 0.5467453124999999 0.6142578125 0.558003125 0.6240234375 0.5692609375 0.6171875 0.5785609375 0.599609375 0.5785609375 0.5712890625 0.5731765625 0.548828125 0.56828125 0.5185546875 0.5653453125000001 0.482421875 0.5633874999999999 0.4462890625
22 0.5428296875 0.490234375 0.5423390625 0.4541015625 0.54038125 0.408203125 0.5296140625 0.3857421875 0.52325 0.4287109375 0.5198234375 0.4541015625 0.5168874999999999 0.4853515625 0.5149296875 0.5185546875 0.5144390624999999 0.5537109375 0.508565625 0.5859375 0.508565625 0.607421875 0.5119921875 0.630859375 0.52325 0.63671875 0.544296875 0.6396484375 0.550171875 0.6123046875 0.5467453124999999 0.5888671875 0.5438078125 0.5615234375 0.5428296875 0.5302734375 0.5428296875 0.490234375
21 0.50465 0.525390625 0.5022031250000001 0.494140625 0.5022031250000001 0.45703125 0.5007343750000001 0.416015625 0.49290312500000005 0.390625 0.4850703125 0.4443359375 0.4811546875 0.4814453125 0.4787078125 0.509765625 0.47626093750000004 0.5361328125 0.47136562499999995 0.568359375 0.47136562499999995 0.59375 0.4772390625 0.630859375 0.4919234375 0.6298828125 0.5041609375 0.6328125 0.5149296875 0.6318359375 0.5134609375 0.603515625 0.5110125 0.578125 0.507096875 0.5556640625 0.50465 0.525390625
20 0.47136562499999995 0.392578125 0.45863906249999997 0.43359375 0.45374375 0.458984375 0.44738125 0.490234375 0.44444375 0.517578125 0.440528125 0.548828125 0.43808125000000003 0.58203125 0.43808125000000003 0.609375 0.44982812499999997 0.6220703125 0.46500312499999996 0.619140625 0.47626093750000004 0.6064453125 0.4738125 0.576171875 0.472834375 0.5537109375 0.4703859375 0.5205078125 0.469896875 0.482421875 0.472834375 0.4365234375 0.47136562499999995 0.392578125
19 0.43563437499999996 0.46875 0.4366125 0.43359375 0.43563437499999996 0.3876953125 0.42682343749999996 0.3544921875 0.41899218749999995 0.40625 0.4175234375 0.4287109375 0.414096875 0.46484375 0.411159375 0.501953125 0.40528593749999997 0.52734375 0.39892343750000003 0.556640625 0.39892343750000003 0.5810546875 0.4028390625 0.609375 0.41948125 0.6123046875 0.4322078125 0.6171875 0.4385703125 0.5966796875 0.44101875 0.57421875 0.4366125 0.541015625 0.43563437499999996 0.5078125 0.43563437499999996 0.46875
18 0.4028390625 0.388671875 0.3974546875 0.4111328125 0.3920703125 0.44140625 0.386196875 0.4716796875 0.37298125 0.5126953125 0.3656390625 0.5380859375 0.3641703125 0.568359375 0.3715125 0.5947265625 0.3798328125 0.603515625 0.38864375 0.58203125 0.398434375 0.59765625 0.412628125 0.59375 0.414096875 0.5654296875 0.414096875 0.5400390625 0.4180125 0.5107421875 0.421928125 0.466796875 0.4238859375 0.431640625 0.42535468749999994 0.388671875 0.42682343749999996 0.345703125 0.414096875 0.3603515625 0.4028390625 0.388671875
17 0.38864375 0.4189453125 0.398434375 0.3671875 0.386196875 0.3525390625 0.36808593749999996 0.3681640625 0.35535937500000003 0.390625 0.3529125 0.4345703125 0.347528125 0.4716796875 0.3436125 0.5029296875 0.3348015625 0.53125 0.33137500000000003 0.5537109375 0.3436125 0.5732421875 0.35633906249999997 0.57421875 0.3720015625 0.5810546875 0.3798328125 0.533203125 0.38130156249999997 0.4912109375 0.387175 0.4638671875 0.38864375 0.4189453125
13 0.35144375 0.482421875 0.353890625 0.4541015625 0.35535937500000003 0.4208984375 0.35633906249999997 0.3798828125 0.356828125 0.3525390625 0.3362703125 0.34765625 0.32501250000000004 0.373046875 0.31718125 0.408203125 0.3093484375 0.4443359375 0.3005390625 0.4716796875 0.2907484375 0.5 0.28683281250000003 0.5302734375 0.298090625 0.54296875 0.3098390625 0.5537109375 0.322565625 0.560546875 0.3362703125 0.5615234375 0.3455703125 0.5400390625 0.347528125 0.5146484375 0.35144375 0.482421875
2 0.301028125 0.4443359375 0.3044546875 0.4208984375 0.3059234375 0.3828125 0.3083703125 0.345703125 0.3069015625 0.3125 0.29270625 0.341796875 0.2829171875 0.37109375 0.275575 0.392578125 0.265296875 0.4033203125 0.25110156250000004 0.423828125 0.23984375 0.451171875 0.24180156249999998 0.474609375 0.2535484375 0.494140625 0.265296875 0.5234375 0.2750859375 0.52734375 0.28781249999999997 0.5107421875 0.29319687499999997 0.4892578125 0.2990703125 0.4697265625 0.301028125 0.4443359375
31 0.3029859375 0.2998046875 0.291728125 0.2919921875 0.2790015625 0.298828125 0.262359375 0.3115234375 0.24816406249999998 0.322265625 0.234459375 0.3330078125 0.2320125 0.35546875 0.232990625 0.380859375 0.238375 0.400390625 0.2457171875 0.4208984375 0.2599125 0.4189453125 0.26774375 0.400390625 0.2804703125 0.3818359375 0.2883015625 0.3525390625 0.3029859375 0.322265625 0.3029859375 0.2998046875