22 0.4791765625 0.7412109375 0.48260625 0.7080078125 0.48260625 0.669921875 0.48260625 0.6318359375 0.48407656250000003 0.5947265625 0.4879953125 0.56640625 0.4889765625 0.5302734375 0.48309687500000004 0.5029296875 0.4723171875 0.494140625 0.46006875 0.501953125 0.4409609375 0.5126953125 0.4404703125 0.53515625 0.4409609375 0.556640625 0.44292031249999997 0.58203125 0.44683906249999994 0.6123046875 0.448309375 0.65234375 0.4517390625 0.6806640625 0.4561484375 0.7109375 0.46006875 0.75390625 0.4683984375 0.7900390625 0.4791765625 0.7412109375
21 0.5237625 0.7080078125 0.5262125 0.666015625 0.5311125 0.6279296875 0.5350312500000001 0.6015625 0.53748125 0.5634765625 0.537971875 0.525390625 0.5325828125000001 0.505859375 0.5188640625 0.498046875 0.505634375 0.4970703125 0.491915625 0.5 0.48652656250000004 0.525390625 0.48750625000000003 0.552734375 0.491915625 0.5791015625 0.49387499999999995 0.6064453125 0.4977953125 0.640625 0.5007343750000001 0.6787109375 0.503184375 0.7265625 0.506125 0.7919921875 0.5188640625 0.7490234375 0.5237625 0.7080078125
20 0.5658984375 0.64453125 0.569328125 0.607421875 0.5761875 0.5732421875 0.57471875 0.552734375 0.5668796875 0.5283203125 0.556590625 0.5185546875 0.5414015625 0.5185546875 0.5365015625 0.5458984375 0.5360125 0.57421875 0.5350312500000001 0.609375 0.5335625 0.64453125 0.5350312500000001 0.693359375 0.5350312500000001 0.7392578125 0.5453203125 0.775390625 0.556590625 0.7412109375 0.5595296875 0.708984375 0.5629593749999999 0.677734375 0.5658984375 0.64453125
19 0.59235625 0.783203125 0.5938265625 0.7548828125 0.597746875 0.7294921875 0.6001953125 0.703125 0.604115625 0.666015625 0.6095046875000001 0.63671875 0.615384375 0.6015625 0.6158750000000001 0.5654296875 0.6139140624999999 0.5439453125 0.6055859375 0.5224609375 0.59480625 0.517578125 0.5796171875 0.5234375 0.569328125 0.54296875 0.5658984375 0.5712890625 0.56736875 0.5966796875 0.5683484375 0.625 0.56736875 0.6630859375 0.5683484375 0.7041015625 0.569328125 0.744140625 0.5781484375 0.7919921875 0.5864765625 0.828125 0.59235625 0.783203125
18 0.647721875 0.650390625 0.6501718750000001 0.6142578125 0.6560515625 0.5869140625 0.65703125 0.556640625 0.6433125000000001 0.5400390625 0.63204375 0.533203125 0.624203125 0.552734375 0.610484375 0.5556640625 0.6011765625 0.5810546875 0.6031359375 0.611328125 0.6026453125 0.634765625 0.6026453125 0.66796875 0.6001953125 0.71875 0.6001953125 0.7470703125 0.6055859375 0.78515625 0.610484375 0.8203125 0.6217546875 0.787109375 0.6286140625 0.74609375 0.6344921875 0.7109375 0.638903125 0.6884765625 0.647721875 0.650390625
17 0.6717296875 0.5615234375 0.661440625 0.5693359375 0.6501718750000001 0.5947265625 0.64723125 0.6240234375 0.647721875 0.65234375 0.6447812500000001 0.68359375 0.6408625 0.7119140625 0.6325328125 0.75390625 0.6305734375000001 0.7998046875 0.6438015625 0.8134765625 0.652621875 0.7900390625 0.6550703125 0.7666015625 0.6624203125 0.7373046875 0.6687890624999999 0.7109375 0.679078125 0.669921875 0.6908375 0.6396484375 0.6947578125 0.6123046875 0.6908375 0.5869140625 0.6810390625 0.5712890625 0.6717296875 0.5615234375
16 0.77805 0.6015625 0.7765796875000001 0.6220703125 0.7775593749999999 0.6474609375 0.7888296875 0.662109375 0.8069578125 0.6533203125 0.8226359375 0.6494140625 0.835375 0.634765625 0.8530125 0.6279296875 0.8642828124999999 0.5947265625 0.8530125 0.56640625 0.84174375 0.5537109375 0.8231265625 0.529296875 0.81185625 0.5146484375 0.79666875 0.509765625 0.78441875 0.5107421875 0.7814796875 0.53125 0.7814796875 0.556640625 0.780009375 0.5810546875 0.77805 0.6015625
15 0.73444375 0.4873046875 0.7315046875 0.5126953125 0.7212156249999999 0.5283203125 0.7123953125 0.5478515625 0.7138656250000001 0.5732421875 0.7177859375 0.6015625 0.7354234374999999 0.607421875 0.7471828125 0.611328125 0.7613921875 0.615234375 0.7760906249999999 0.6025390625 0.7814796875 0.578125 0.7805 0.552734375 0.782459375 0.5234375 0.7863796875 0.4951171875 0.7888296875 0.4619140625 0.7902984375 0.423828125 0.7814796875 0.4052734375 0.7765796875000001 0.443359375 0.7726609375 0.47265625 0.766290625 0.5078125 0.7530625 0.5029296875 0.7599218750000001 0.47265625 0.7672703125 0.4384765625 0.7613921875 0.41015625 0.7481625000000001 0.447265625 0.7408140624999999 0.466796875 0.73444375 0.4873046875
14 0.6668296875 0.4853515625 0.6560515625 0.509765625 0.6599703124999999 0.533203125 0.6727093749999999 0.5361328125 0.6859375 0.53125 0.6859375 0.5537109375 0.6957375 0.5712890625 0.708965625 0.5791015625 0.7212156249999999 0.5712890625 0.7266046875 0.53515625 0.7266046875 0.509765625 0.7339546875 0.484375 0.7403234375000001 0.4638671875 0.7471828125 0.4384765625 0.7560015625000001 0.4189453125 0.764821875 0.384765625 0.7471828125 0.3955078125 0.7354234374999999 0.4140625 0.723175 0.439453125 0.708965625 0.46484375 0.708965625 0.4384765625 0.716315625 0.4111328125 0.7329734375 0.3798828125 0.7212156249999999 0.365234375 0.7050468750000001 0.3828125 0.6947578125 0.408203125 0.6893671875 0.43359375 0.6795687499999999 0.4638671875 0.6668296875 0.4853515625
12 0.638903125 0.525390625 0.6550703125 0.525390625 0.666340625 0.505859375 0.666340625 0.4765625 0.6668296875 0.44921875 0.6717296875 0.4052734375 0.6756484375 0.3779296875 0.6834890625 0.3369140625 0.6908375 0.298828125 0.68691875 0.2734375 0.6687890624999999 0.3046875 0.6624203125 0.330078125 0.651640625 0.359375 0.64723125 0.384765625 0.638903125 0.4140625 0.6305734375000001 0.447265625 0.620284375 0.46875 0.615384375 0.4921875 0.62714375 0.505859375 0.638903125 0.525390625
11 0.6119546875 0.5185546875 0.62714375 0.5048828125 0.6281234375 0.474609375 0.626653125 0.4462890625 0.6281234375 0.416015625 0.6305734375000001 0.3828125 0.6335124999999999 0.34765625 0.638903125 0.31640625 0.6344921875 0.2919921875 0.6207734375 0.32421875 0.6144046875 0.3427734375 0.6095046875000001 0.3671875 0.6055859375 0.392578125 0.6001953125 0.423828125 0.59235625 0.447265625 0.5835375 0.466796875 0.5859875 0.490234375 0.5952968750000001 0.509765625 0.6119546875 0.5185546875
10 0.5884375000000001 0.501953125 0.59480625 0.47265625 0.59480625 0.4443359375 0.5962765625 0.4111328125 0.5987265625 0.373046875 0.5962765625 0.3369140625 0.597746875 0.30078125 0.5987265625 0.255859375 0.5884375000000001 0.23828125 0.5781484375 0.2607421875 0.5707984374999999 0.2861328125 0.5644296875 0.31640625 0.561 0.3466796875 0.560509375 0.388671875 0.555609375 0.42578125 0.555609375 0.458984375 0.5595296875 0.490234375 0.5707984374999999 0.5126953125 0.5884375000000001 0.501953125
9 0.5546296875000001 0.484375 0.556590625 0.4521484375 0.555609375 0.42578125 0.555609375 0.390625 0.556590625 0.3525390625 0.556590625 0.3173828125 0.555609375 0.2890625 0.5453203125 0.2578125 0.53993125 0.28125 0.5360125 0.3134765625 0.5350312500000001 0.337890625 0.5316015625 0.3720703125 0.5286625 0.3955078125 0.5232734375 0.439453125 0.516903125 0.474609375 0.5276828124999999 0.482421875 0.544340625 0.5 0.5546296875000001 0.484375
8 0.5252328125 0.4130859375 0.5252328125 0.3876953125 0.5247421875 0.35546875 0.5237625 0.3291015625 0.5252328125 0.2880859375 0.5134734375 0.271484375 0.510534375 0.298828125 0.5071046875 0.322265625 0.505634375 0.34765625 0.4997546875 0.3798828125 0.4958359375 0.4140625 0.49436562500000003 0.447265625 0.5071046875 0.45703125 0.5198437499999999 0.4697265625 0.5252328125 0.451171875 0.5252328125 0.4130859375
7 0.4958359375 0.41015625 0.49387499999999995 0.3828125 0.4904453125 0.3525390625 0.48750625000000003 0.322265625 0.48407656250000003 0.291015625 0.4713375 0.279296875 0.46986718749999995 0.31640625 0.4713375 0.341796875 0.4713375 0.373046875 0.46986718749999995 0.41015625 0.4674171875 0.4521484375 0.4713375 0.4794921875 0.48309687500000004 0.474609375 0.4997546875 0.46484375 0.4977953125 0.4384765625 0.4958359375 0.41015625
6 0.4683984375 0.4765625 0.46643749999999995 0.4443359375 0.4659484375 0.4189453125 0.4634984375 0.384765625 0.46202812499999996 0.33984375 0.45859843749999996 0.3037109375 0.4473296875 0.2880859375 0.439490625 0.322265625 0.439490625 0.349609375 0.439490625 0.3759765625 0.43802031250000006 0.4033203125 0.4341015625 0.431640625 0.43165156250000003 0.45703125 0.43263125 0.482421875 0.4453703125 0.4873046875 0.45761874999999996 0.494140625 0.4683984375 0.4765625
5 0.42528125 0.494140625 0.43655 0.4794921875 0.4355703125 0.44140625 0.43263125 0.4130859375 0.43165156250000003 0.373046875 0.42626093750000005 0.322265625 0.42136250000000003 0.2861328125 0.4125421875 0.25390625 0.400784375 0.25 0.39735468749999997 0.2734375 0.398334375 0.296875 0.3968640625 0.326171875 0.395884375 0.365234375 0.3949046875 0.408203125 0.393434375 0.4462890625 0.3949046875 0.4794921875 0.404703125 0.5 0.4140125 0.509765625 0.42528125 0.494140625
4 0.39882343750000004 0.4921875 0.398334375 0.4638671875 0.3919640625 0.4443359375 0.387065625 0.4189453125 0.388534375 0.3828125 0.389515625 0.35546875 0.3855953125 0.322265625 0.3767765625 0.298828125 0.3630578125 0.30859375 0.3640375 0.3349609375 0.3625671875 0.3603515625 0.3625671875 0.392578125 0.3615875 0.431640625 0.354728125 0.4599609375 0.3537484375 0.484375 0.3650171875 0.505859375 0.37432656249999996 0.5146484375 0.387065625 0.5029296875 0.39882343750000004 0.4921875
3 0.3615875 0.4853515625 0.354728125 0.4619140625 0.3488484375 0.4384765625 0.34492968749999997 0.4013671875 0.3419890625 0.3681640625 0.3375796875 0.337890625 0.3307203125 0.3037109375 0.3145515625 0.3212890625 0.3170015625 0.3447265625 0.3170015625 0.3779296875 0.31798125 0.4111328125 0.31553125 0.4443359375 0.31308125000000003 0.47265625 0.3170015625 0.5 0.32925 0.5146484375 0.3424796875 0.5146484375 0.35521875 0.5107421875 0.3615875 0.4853515625
2 0.7584515625 0.8251953125 0.7589421875 0.78515625 0.7633515625 0.75390625 0.766290625 0.7158203125 0.7702109375 0.6826171875 0.7687406250000001 0.6572265625 0.7589421875 0.642578125 0.746203125 0.6337890625 0.7315046875 0.6201171875 0.7148453124999999 0.6376953125 0.6996578125 0.650390625 0.70455625 0.6787109375 0.7123953125 0.7060546875 0.7153359375 0.7333984375 0.7177859375 0.759765625 0.7226843749999999 0.7978515625 0.725134375 0.8251953125 0.728075 0.86328125 0.74179375 0.853515625 0.7584515625 0.8251953125
0 0.29005312499999997 0.5126953125 0.299853125 0.494140625 0.3067125 0.466796875 0.3042625 0.439453125 0.29789374999999996 0.4189453125 0.28123437500000004 0.4189453125 0.2640859375 0.4111328125 0.2542875 0.3876953125 0.23860781250000002 0.3798828125 0.2160703125 0.384765625 0.2018625 0.3720703125 0.1915734375 0.384765625 0.1945125 0.41796875 0.20333125000000002 0.439453125 0.21558125 0.4541015625 0.226359375 0.466796875 0.23909843749999998 0.482421875 0.24889687500000002 0.5 0.25918593749999996 0.5234375 0.27192500000000003 0.5439453125 0.283684375 0.53515625 0.29005312499999997 0.5126953125
28 0.24889687500000002 0.5654296875 0.25918593749999996 0.5537109375 0.25820625 0.525390625 0.2493875 0.501953125 0.23909843749999998 0.4921875 0.2234203125 0.4853515625 0.21215156249999997 0.466796875 0.198921875 0.443359375 0.185203125 0.4267578125 0.1709953125 0.4306640625 0.1700140625 0.458984375 0.173934375 0.482421875 0.17638437499999998 0.5029296875 0.1837328125 0.5283203125 0.1945125 0.568359375 0.2003921875 0.6015625 0.21313125 0.626953125 0.22587031249999998 0.6025390625 0.237628125 0.583984375 0.24889687500000002 0.5654296875
26 0.22292968750000003 0.6591796875 0.23860781250000002 0.6865234375 0.24154843750000002 0.7080078125 0.2439984375 0.7294921875 0.24693749999999998 0.7626953125 0.2533078125 0.787109375 0.26310625 0.8125 0.276825 0.7958984375 0.274375 0.7646484375 0.2758453125 0.7333984375 0.27339531250000004 0.701171875 0.269475 0.6650390625 0.2670265625 0.634765625 0.2645765625 0.6025390625 0.2616359375 0.5712890625 0.2479171875 0.5654296875 0.231259375 0.591796875 0.222440625 0.611328125 0.2185203125 0.6298828125 0.22292968750000003 0.6591796875
25 0.3106328125 0.7236328125 0.3170015625 0.6865234375 0.3189609375 0.6533203125 0.32043125 0.6220703125 0.3233703125 0.5986328125 0.3243515625 0.568359375 0.31798125 0.5478515625 0.3081828125 0.52734375 0.2915234375 0.541015625 0.2709453125 0.55078125 0.2621265625 0.5732421875 0.2645765625 0.6064453125 0.274375 0.6318359375 0.274865625 0.662109375 0.278784375 0.6962890625 0.28123437500000004 0.7265625 0.286134375 0.7568359375 0.292503125 0.7822265625 0.3042625 0.7490234375 0.3106328125 0.7236328125
24 0.32043125 0.6298828125 0.3219015625 0.65234375 0.3258203125 0.68359375 0.329740625 0.7109375 0.3331703125 0.736328125 0.338559375 0.787109375 0.349828125 0.7578125 0.34835937499999997 0.7138671875 0.349828125 0.67578125 0.3488484375 0.6396484375 0.3512984375 0.609375 0.3566875 0.583984375 0.3561984375 0.5556640625 0.34835937499999997 0.533203125 0.3331703125 0.525390625 0.31798125 0.5380859375 0.3081828125 0.560546875 0.3125921875 0.6015625 0.32043125 0.6298828125
23 0.37285625 0.716796875 0.37530625 0.6826171875 0.3782453125 0.6455078125 0.388534375 0.6064453125 0.3924546875 0.57421875 0.389515625 0.54296875 0.3767765625 0.5361328125 0.3625671875 0.52734375 0.352278125 0.5302734375 0.3463984375 0.5537109375 0.349828125 0.5791015625 0.349828125 0.611328125 0.35031875 0.6474609375 0.3537484375 0.693359375 0.3561984375 0.724609375 0.3601171875 0.76953125 0.36893750000000003 0.7978515625 0.37285625 0.7470703125 0.37285625 0.716796875
29 0.382165625 0.63671875 0.3806953125 0.6572265625 0.3831453125 0.693359375 0.379715625 0.7265625 0.3855953125 0.751953125 0.389515625 0.7822265625 0.3968640625 0.8056640625 0.41107343749999997 0.7578125 0.41156249999999994 0.716796875 0.4135234375 0.6708984375 0.4174421875 0.6328125 0.41891249999999997 0.6025390625 0.42283125000000005 0.5712890625 0.41499218750000005 0.5458984375 0.40519375 0.525390625 0.393434375 0.5185546875 0.3831453125 0.541015625 0.3782453125 0.568359375 0.3782453125 0.599609375 0.382165625 0.63671875
30 0.4453703125 0.7236328125 0.44292031249999997 0.6953125 0.4473296875 0.6630859375 0.448309375 0.625 0.45222968750000003 0.591796875 0.45369843750000005 0.55859375 0.45075937499999996 0.5224609375 0.439490625 0.509765625 0.42038281250000004 0.5126953125 0.409603125 0.525390625 0.409603125 0.55078125 0.41499218750000005 0.5791015625 0.4179328125 0.6142578125 0.42038281250000004 0.6533203125 0.42675156249999996 0.69140625 0.430671875 0.7294921875 0.43655 0.77734375 0.4453703125 0.7236328125
31 0.7599218750000001 0.7822265625 0.755021875 0.818359375 0.74424375 0.8466796875 0.7329734375 0.87890625 0.7378734375 0.9091796875 0.7520828125000001 0.896484375 0.7672703125 0.8798828125 0.78686875 0.869140625 0.805978125 0.87109375 0.819696875 0.859375 0.8221453125 0.837890625 0.817246875 0.8076171875 0.812346875 0.78515625 0.809896875 0.7578125 0.8030375 0.7373046875 0.7854 0.728515625 0.7697203125 0.7548828125 0.7599218750000001 0.7822265625