31 0.6025390625 0.24889687500000002 0.595703125 0.261146875 0.6416015625 0.2709453125 0.689453125 0.284175 0.744140625 0.284175 0.771484375 0.274865625 0.736328125 0.26849531249999997 0.7041015625 0.25575625 0.6748046875 0.240078125 0.6455078125 0.22685 0.62109375 0.2371390625 0.6025390625 0.24889687500000002
2 0.4873046875 0.28123437500000004 0.5078125 0.28564375000000003 0.5751953125 0.2939734375 0.6396484375 0.299853125 0.6962890625 0.2969125 0.6669921875 0.2802546875 0.619140625 0.27290468749999997 0.6064453125 0.2645765625 0.568359375 0.2454671875 0.537109375 0.236159375 0.5078125 0.2572265625 0.4873046875 0.28123437500000004
13 0.4765625 0.3052421875 0.47265625 0.32092187499999997 0.501953125 0.329740625 0.533203125 0.3317 0.5810546875 0.3366 0.630859375 0.3317 0.68359375 0.3125921875 0.630859375 0.3042625 0.599609375 0.302303125 0.5458984375 0.2939734375 0.51171875 0.28564375000000003 0.4814453125 0.28319375 0.4765625 0.3052421875
17 0.44921875 0.329740625 0.4365234375 0.34394843750000004 0.451171875 0.3557078125 0.47265625 0.3650171875 0.51171875 0.36648749999999997 0.5625 0.3674671875 0.59765625 0.36648749999999997 0.6025390625 0.35766718750000004 0.6083984375 0.34394843750000004 0.5732421875 0.34296875 0.5478515625 0.3380703125 0.5205078125 0.3326796875 0.486328125 0.3282703125 0.44921875 0.329740625
18 0.419921875 0.3806953125 0.4384765625 0.393434375 0.470703125 0.39882343750000004 0.4990234375 0.4017640625 0.5439453125 0.4017640625 0.59375 0.39539375 0.6123046875 0.3811859375 0.591796875 0.37138593750000004 0.5439453125 0.368446875 0.4853515625 0.36550781250000003 0.453125 0.362078125 0.423828125 0.3630578125 0.419921875 0.3806953125
19 0.419921875 0.432140625 0.4619140625 0.4336109375 0.5205078125 0.43263125 0.6025390625 0.4336109375 0.6416015625 0.4198921875 0.6044921875 0.41156249999999994 0.5537109375 0.4091125 0.4970703125 0.40274374999999996 0.4580078125 0.395884375 0.41796875 0.39882343750000004 0.40234375 0.41891249999999997 0.419921875 0.432140625
20 0.39453125 0.45418906249999996 0.4072265625 0.469378125 0.4306640625 0.469378125 0.478515625 0.469378125 0.55859375 0.469378125 0.62109375 0.469378125 0.62109375 0.459578125 0.5732421875 0.45565937500000003 0.5146484375 0.44585937500000006 0.4765625 0.4409609375 0.4345703125 0.43655 0.4052734375 0.441940625 0.39453125 0.45418906249999996
21 0.39453125 0.4767265625 0.392578125 0.49240625 0.39453125 0.505634375 0.4287109375 0.5120046874999999 0.4677734375 0.5090640625 0.5283203125 0.503675 0.5810546875 0.4933859375 0.619140625 0.47770625000000005 0.5849609375 0.47427656249999994 0.5498046875 0.4762375 0.5185546875 0.47770625000000005 0.474609375 0.47427656249999994 0.42578125 0.4713375 0.39453125 0.4767265625
22 0.392578125 0.5355218749999999 0.4052734375 0.556590625 0.4365234375 0.5531609375000001 0.5205078125 0.5477703125 0.6005859375 0.537971875 0.6376953125 0.5237625 0.62109375 0.5183734375 0.5703125 0.515434375 0.5263671875 0.5120046874999999 0.478515625 0.512984375 0.4384765625 0.5120046874999999 0.392578125 0.515434375 0.392578125 0.5355218749999999
30 0.3994140625 0.5561 0.4072265625 0.579128125 0.421875 0.587946875 0.455078125 0.5845171875 0.4912109375 0.57716875 0.5478515625 0.567859375 0.59375 0.5570796875 0.619140625 0.5458109375 0.58984375 0.54238125 0.5556640625 0.542871875 0.5224609375 0.5477703125 0.484375 0.5511999999999999 0.4365234375 0.5551203124999999 0.3994140625 0.5561
29 0.423828125 0.603625 0.4404296875 0.6163640625 0.453125 0.6246937499999999 0.50390625 0.6158750000000001 0.5478515625 0.60460625 0.6015625 0.596765625 0.66015625 0.5850078125 0.646484375 0.5781484375 0.6103515625 0.5781484375 0.5751953125 0.5786374999999999 0.51171875 0.581578125 0.474609375 0.585496875 0.4365234375 0.5899062500000001 0.423828125 0.603625
23 0.455078125 0.6286140625 0.44921875 0.6433125000000001 0.47265625 0.654090625 0.5 0.6467421875 0.5263671875 0.6423328125000001 0.55859375 0.6393921875 0.6015625 0.6300828125 0.6396484375 0.6212640625 0.6103515625 0.6075453125 0.5751953125 0.6075453125 0.5458984375 0.6075453125 0.5166015625 0.612934375 0.474609375 0.620284375 0.455078125 0.6286140625
24 0.5537109375 0.6717296875 0.6025390625 0.661440625 0.6318359375 0.6467421875 0.6025390625 0.640371875 0.56640625 0.6384125 0.5166015625 0.6447812500000001 0.494140625 0.6467421875 0.4658203125 0.658990625 0.47265625 0.6717296875 0.4931640625 0.6834890625 0.5537109375 0.6717296875
25 0.501953125 0.6918171875 0.509765625 0.7035765625 0.5224609375 0.7221953125 0.5458984375 0.72954375 0.5732421875 0.7241546875 0.595703125 0.7128859375000001 0.6376953125 0.70455625 0.6796875 0.6937781249999999 0.6962890625 0.6874078124999999 0.6962890625 0.6780984375 0.6484375 0.6780984375 0.6142578125 0.6761390625 0.5751953125 0.6785890625000001 0.513671875 0.681528125 0.501953125 0.6918171875
26 0.5869140625 0.76188125 0.6123046875 0.7672703125 0.630859375 0.76188125 0.640625 0.746203125 0.6728515625 0.72954375 0.70703125 0.7138656250000001 0.6796875 0.7016171875 0.65234375 0.700146875 0.6044921875 0.7192546875 0.5732421875 0.725625 0.5517578125 0.73689375 0.560546875 0.7486531249999999 0.5869140625 0.76188125
28 0.5078125 0.79911875 0.537109375 0.791278125 0.5263671875 0.7706999999999999 0.505859375 0.7579625 0.4765625 0.755021875 0.4453125 0.7633515625 0.42578125 0.7746203125 0.4052734375 0.7883390625 0.38671875 0.79666875 0.412109375 0.8040171875000001 0.451171875 0.7947078125 0.443359375 0.805978125 0.474609375 0.8045078125 0.5078125 0.79911875
0 0.4287109375 0.7653109375 0.4619140625 0.7589421875 0.5126953125 0.752571875 0.5224609375 0.7398328125 0.5205078125 0.7266046875 0.501953125 0.71680625 0.474609375 0.70210625 0.447265625 0.7065171875 0.41796875 0.723175 0.39453125 0.7324843750000001 0.3779296875 0.7452234375 0.359375 0.7560015625000001 0.3701171875 0.7697203125 0.4072265625 0.773640625 0.4287109375 0.7653109375
1 0.361328125 0.7192546875 0.328125 0.7285640625 0.3095703125 0.7413031250000001 0.32421875 0.752571875 0.357421875 0.7422828124999999 0.3994140625 0.7241546875 0.41796875 0.71190625 0.443359375 0.70455625 0.4697265625 0.6962265624999999 0.470703125 0.6810390625 0.447265625 0.666340625 0.4306640625 0.6531109374999999 0.3974609375 0.661440625 0.3759765625 0.679078125 0.3505859375 0.68446875 0.306640625 0.6937781249999999 0.2900390625 0.71190625 0.2841796875 0.725134375 0.3115234375 0.71680625 0.3505859375 0.7035765625 0.3759765625 0.6981875 0.384765625 0.7055359375 0.361328125 0.7192546875
3 0.421875 0.6506609375 0.4140625 0.640371875 0.4052734375 0.626653125 0.3818359375 0.6212640625 0.36328125 0.6330234375 0.3427734375 0.6423328125000001 0.3046875 0.6580109375000001 0.271484375 0.6761390625 0.2880859375 0.68446875 0.3134765625 0.681528125 0.3359375 0.6736890625 0.3681640625 0.6624203125 0.3994140625 0.65703125 0.421875 0.6506609375
4 0.3447265625 0.62959375 0.3828125 0.618325 0.3740234375 0.6011765625 0.359375 0.5938265625 0.3427734375 0.5982359374999999 0.3115234375 0.610975 0.2861328125 0.6246937499999999 0.2353515625 0.6384125 0.212890625 0.647721875 0.208984375 0.65948125 0.244140625 0.65703125 0.271484375 0.6531109374999999 0.3095703125 0.6413515624999999 0.3447265625 0.62959375
5 0.3359375 0.59480625 0.3671875 0.5835375 0.361328125 0.56981875 0.3359375 0.5668796875 0.3046875 0.57226875 0.2841796875 0.5796171875 0.2646484375 0.5869671875 0.2314453125 0.601665625 0.2021484375 0.6173437500000001 0.2109375 0.6256734374999999 0.236328125 0.62224375 0.2646484375 0.6139140624999999 0.298828125 0.6055859375 0.3359375 0.59480625
6 0.361328125 0.5365015625 0.33203125 0.53748125 0.2919921875 0.5414015625 0.265625 0.5511999999999999 0.2353515625 0.5619796874999999 0.2109375 0.5752078125 0.248046875 0.57716875 0.26953125 0.574228125 0.3115234375 0.5658984375 0.3466796875 0.5644296875 0.361328125 0.5531609375000001 0.361328125 0.5365015625
7 0.3486328125 0.51004375 0.3115234375 0.5120046874999999 0.2880859375 0.51494375 0.25 0.5276828124999999 0.2314453125 0.5394421875 0.21875 0.5511999999999999 0.236328125 0.5502203125 0.2861328125 0.54238125 0.361328125 0.533071875 0.359375 0.5208234375 0.3486328125 0.51004375
8 0.3447265625 0.48260625 0.318359375 0.4835859375 0.283203125 0.4904453125 0.244140625 0.49926562499999994 0.2197265625 0.5075937500000001 0.228515625 0.5134734375 0.26953125 0.5115140625000001 0.2939453125 0.512984375 0.3232421875 0.51004375 0.361328125 0.505634375 0.36328125 0.49093593750000003 0.3447265625 0.48260625
9 0.337890625 0.45320937499999997 0.2919921875 0.4566390625 0.2451171875 0.464478125 0.22265625 0.48113593750000005 0.2578125 0.48260625 0.294921875 0.48113593750000005 0.33203125 0.480646875 0.3623046875 0.47868750000000004 0.365234375 0.4634984375 0.3544921875 0.45075937499999996 0.337890625 0.45320937499999997
10 0.365234375 0.4385109375 0.3662109375 0.42675156249999996 0.3427734375 0.42038281250000004 0.298828125 0.4130328125 0.244140625 0.404703125 0.20703125 0.4056828125 0.2138671875 0.41891249999999997 0.23828125 0.43263125 0.2744140625 0.443409375 0.294921875 0.448309375 0.322265625 0.45075937499999996 0.345703125 0.44683906249999994 0.365234375 0.4385109375
11 0.384765625 0.4091125 0.3828125 0.39392499999999997 0.37109375 0.389515625 0.3486328125 0.38265625000000003 0.2919921875 0.38020624999999997 0.23828125 0.37432656249999996 0.2138671875 0.384125 0.2421875 0.39637500000000003 0.27734375 0.404703125 0.32421875 0.4130328125 0.3623046875 0.42136250000000003 0.373046875 0.41499218750000005 0.384765625 0.4091125
12 0.404296875 0.374815625 0.404296875 0.35521875 0.3515625 0.3415 0.2890625 0.32925 0.251953125 0.32239062500000004 0.2314453125 0.3263109375 0.2314453125 0.338559375 0.2880859375 0.3557078125 0.3271484375 0.37040625 0.3544921875 0.384615625 0.388671875 0.39392499999999997 0.392578125 0.381675 0.404296875 0.374815625
14 0.2685546875 0.2851546875 0.244140625 0.2846640625 0.26171875 0.299853125 0.294921875 0.32043125 0.3515625 0.33121093749999997 0.384765625 0.349828125 0.423828125 0.35276874999999996 0.4208984375 0.3287609375 0.4326171875 0.3125921875 0.4453125 0.2988734375 0.4072265625 0.2915234375 0.3740234375 0.28319375 0.3388671875 0.269475 0.302734375 0.25477656249999997 0.2783203125 0.2479171875 0.275390625 0.2572265625 0.3046875 0.2709453125 0.3359375 0.29299375 0.3486328125 0.3052421875 0.3125 0.299853125 0.2685546875 0.2851546875
15 0.4130859375 0.2871140625 0.451171875 0.2959328125 0.4755859375 0.2738859375 0.4970703125 0.24889687500000002 0.4755859375 0.24056875 0.4365234375 0.23517812500000002 0.40234375 0.22831875 0.376953125 0.21313125 0.376953125 0.223909375 0.359375 0.217540625 0.3125 0.2072515625 0.296875 0.22292968750000003 0.3330078125 0.24448750000000002 0.365234375 0.26555625 0.4130859375 0.2871140625
16 0.4599609375 0.22782968750000002 0.47265625 0.21459999999999999 0.4873046875 0.1910828125 0.462890625 0.185203125 0.4296875 0.181284375 0.3935546875 0.1754046875 0.3681640625 0.1631546875 0.3544921875 0.1705046875 0.345703125 0.17834375 0.3505859375 0.19647187500000002 0.37109375 0.21313125 0.40625 0.22782968750000002 0.4326171875 0.2322390625 0.4599609375 0.22782968750000002