31 0.21068125000000001 0.4873046875 0.1984328125 0.501953125 0.1974515625 0.52734375 0.21313125 0.552734375 0.2327296875 0.564453125 0.249878125 0.5498046875 0.2528171875 0.529296875 0.2528171875 0.4794921875 0.25820625 0.4228515625 0.2454671875 0.3828125 0.222440625 0.41796875 0.21509062499999998 0.4599609375 0.21068125000000001 0.4873046875
21 0.485546875 0.466796875 0.48015625 0.5068359375 0.48407656250000003 0.537109375 0.49436562500000003 0.5595703125 0.5075937500000001 0.5634765625 0.5208234375 0.5634765625 0.5164140625 0.517578125 0.5115140625000001 0.4384765625 0.5026953125 0.392578125 0.485546875 0.396484375 0.485546875 0.4365234375 0.485546875 0.466796875
22 0.514453125 0.404296875 0.5178828125 0.458984375 0.5178828125 0.5029296875 0.52229375 0.568359375 0.5345421875 0.5771484375 0.5521796875 0.578125 0.5663890625 0.576171875 0.565409375 0.548828125 0.561 0.5234375 0.5458109375 0.462890625 0.53993125 0.4208984375 0.5325828125000001 0.3759765625 0.5188640625 0.3740234375 0.514453125 0.404296875
29 0.5835375 0.4638671875 0.57716875 0.5126953125 0.5752078125 0.546875 0.5943171875 0.5732421875 0.613425 0.5849609375 0.6148953125000001 0.55078125 0.608525 0.48046875 0.608525 0.4072265625 0.6075453125 0.34765625 0.5933359375 0.361328125 0.5835375 0.421875 0.5835375 0.4638671875
29 0.7628609375 0.404296875 0.7535515625 0.4375 0.755021875 0.4853515625 0.7564921874999999 0.5224609375 0.757471875 0.55859375 0.77168125 0.578125 0.7927484375 0.57421875 0.8025484374999999 0.548828125 0.8020578125 0.5263671875 0.7947078125 0.4990234375 0.7854 0.4599609375 0.7907890625 0.4130859375 0.78686875 0.376953125 0.7726609375 0.3876953125 0.7628609375 0.404296875
27 0.7628609375 0.568359375 0.7726609375 0.578125 0.7878484375 0.576171875 0.7932390625 0.5732421875 0.8005875 0.556640625 0.8025484374999999 0.54296875 0.8025484374999999 0.5263671875 0.7971578125 0.509765625 0.7902984375 0.482421875 0.7863796875 0.4599609375 0.7883390625 0.439453125 0.7907890625 0.416015625 0.7902984375 0.4033203125 0.7883390625 0.38671875 0.78686875 0.3759765625 0.7721703125 0.3876953125 0.762371875 0.4052734375 0.7520828125000001 0.4404296875 0.7535515625 0.4580078125 0.7545328125 0.484375 0.7560015625000001 0.51171875 0.757471875 0.556640625 0.7628609375 0.568359375
26 0.743753125 0.46484375 0.7339546875 0.4580078125 0.7266046875 0.4765625 0.7270953125 0.5 0.728075 0.529296875 0.7354234374999999 0.5380859375 0.74424375 0.5380859375 0.74424375 0.51171875 0.7452234375 0.48828125 0.743753125 0.46484375
6 0.596765625 0.771484375 0.597746875 0.765625 0.5918671875 0.74609375 0.5889265625 0.716796875 0.5869671875 0.6943359375 0.5825578124999999 0.6611328125 0.5786374999999999 0.6328125 0.571778125 0.623046875 0.56491875 0.6279296875 0.560509375 0.634765625 0.5600203125000001 0.6484375 0.5619796874999999 0.677734375 0.56736875 0.705078125 0.57471875 0.734375 0.5825578124999999 0.7626953125 0.5908875 0.771484375 0.596765625 0.771484375
7 0.56736875 0.73828125 0.5668796875 0.7197265625 0.5595296875 0.673828125 0.55365 0.638671875 0.5477703125 0.6337890625 0.5394421875 0.638671875 0.5335625 0.638671875 0.5335625 0.6494140625 0.5365015625 0.6591796875 0.5438515625 0.6943359375 0.5546296875000001 0.734375 0.5590390625 0.75390625 0.565409375 0.7587890625 0.56736875 0.73828125
8 0.5369921875 0.740234375 0.53748125 0.7177734375 0.537971875 0.697265625 0.5350312500000001 0.66796875 0.533071875 0.6455078125 0.528171875 0.6181640625 0.515434375 0.611328125 0.5022046875 0.61328125 0.503675 0.634765625 0.5080843749999999 0.65234375 0.5134734375 0.6923828125 0.5203328125 0.72265625 0.5267031249999999 0.7529296875 0.5355218749999999 0.767578125 0.5369921875 0.740234375
9 0.4889765625 0.623046875 0.47182812500000004 0.6337890625 0.47770625000000005 0.66796875 0.491915625 0.736328125 0.503675 0.775390625 0.5110234375 0.76171875 0.5080843749999999 0.6923828125 0.5051453125 0.6455078125 0.4889765625 0.623046875
10 0.46643749999999995 0.6123046875 0.45075937499999996 0.6103515625 0.4399796875 0.62109375 0.43655 0.6435546875 0.44145 0.6650390625 0.4615390625 0.7470703125 0.47868750000000004 0.8056640625 0.48015625 0.748046875 0.47182812500000004 0.6875 0.46643749999999995 0.6123046875
11 0.432140625 0.6708984375 0.4336109375 0.6474609375 0.43263125 0.615234375 0.4218515625 0.6103515625 0.40764374999999997 0.6142578125 0.404703125 0.6259765625 0.404703125 0.640625 0.40715312499999995 0.658203125 0.4130328125 0.6953125 0.43116093749999995 0.78515625 0.44145 0.7626953125 0.432140625 0.6708984375