2 0.2983828125 0.71484375 0.30377343749999997 0.681640625 0.306221875 0.6533203125 0.307203125 0.6123046875 0.3081828125 0.5751953125 0.3032828125 0.5556640625 0.2934828125 0.546875 0.2797640625 0.5517578125 0.27290468749999997 0.5673828125 0.2616359375 0.5673828125 0.2640859375 0.59375 0.27339531250000004 0.623046875 0.2851546875 0.6962890625 0.291034375 0.7275390625 0.2983828125 0.71484375
13 0.3101421875 0.5107421875 0.3101421875 0.53515625 0.3121015625 0.560546875 0.31651093750000003 0.5908203125 0.318471875 0.6259765625 0.31749218749999997 0.654296875 0.32092187499999997 0.669921875 0.3282703125 0.689453125 0.3380703125 0.673828125 0.3463984375 0.625 0.35031875 0.5927734375 0.3566875 0.5478515625 0.3581578125 0.5205078125 0.3561984375 0.5068359375 0.349828125 0.4921875 0.34296875 0.4833984375 0.3351296875 0.49609375 0.3258203125 0.4970703125 0.31553125 0.4912109375 0.3101421875 0.5107421875
19 0.4174421875 0.470703125 0.41499218750000005 0.4921875 0.4174421875 0.525390625 0.4198921875 0.5576171875 0.4198921875 0.5859375 0.42283125000000005 0.6142578125 0.42528125 0.640625 0.42773125 0.666015625 0.43018124999999996 0.685546875 0.4341015625 0.701171875 0.441940625 0.6806640625 0.4473296875 0.6416015625 0.44585937500000006 0.5986328125 0.4448796875 0.5556640625 0.4453703125 0.5185546875 0.443409375 0.5068359375 0.4409609375 0.4970703125 0.4399796875 0.4892578125 0.441940625 0.4814453125 0.4355703125 0.46484375 0.4272421875 0.4482421875 0.4218515625 0.451171875 0.4174421875 0.470703125
20 0.45075937499999996 0.60546875 0.45369843750000005 0.6279296875 0.45271875 0.65625 0.45418906249999996 0.6640625 0.45859843749999996 0.6416015625 0.46202812499999996 0.6015625 0.4639875 0.5537109375 0.46496875 0.5244140625 0.4639875 0.5 0.46202812499999996 0.4931640625 0.44880000000000003 0.4921875 0.44977968749999997 0.5205078125 0.4492890625 0.5556640625 0.4492890625 0.578125 0.45075937499999996 0.60546875
22 0.508575 0.6923828125 0.5203328125 0.701171875 0.52229375 0.6650390625 0.5252328125 0.59375 0.5257234375000001 0.55859375 0.524253125 0.51171875 0.5134734375 0.501953125 0.5041640625 0.51953125 0.5041640625 0.5576171875 0.4997546875 0.6240234375 0.5041640625 0.6474609375 0.508575 0.6923828125
29 0.5570796875 0.6884765625 0.5663890625 0.7099609375 0.5707984374999999 0.6796875 0.571778125 0.6142578125 0.569328125 0.5615234375 0.5683484375 0.5205078125 0.5570796875 0.52734375 0.5458109375 0.53125 0.5463015625 0.5712890625 0.5467906250000001 0.6171875 0.549240625 0.65234375 0.5570796875 0.6884765625
23 0.569328125 0.51953125 0.567859375 0.5478515625 0.570309375 0.59765625 0.571778125 0.6337890625 0.5781484375 0.6494140625 0.5864765625 0.66796875 0.5908875 0.6416015625 0.5899062500000001 0.60546875 0.5903968749999999 0.552734375 0.5918671875 0.525390625 0.596765625 0.4892578125 0.5859875 0.4658203125 0.57716875 0.4677734375 0.5639390625 0.478515625 0.55855 0.4931640625 0.5570796875 0.5234375 0.569328125 0.51953125
25 0.6193046875 0.548828125 0.6281234375 0.5859375 0.636453125 0.6279296875 0.640371875 0.654296875 0.6511515625000001 0.685546875 0.6683 0.732421875 0.67075 0.6796875 0.6687890624999999 0.5859375 0.6687890624999999 0.5283203125 0.6673203125 0.5048828125 0.6668296875 0.4873046875 0.6575203125 0.482421875 0.6536015625 0.4912109375 0.6398828125 0.482421875 0.629103125 0.4921875 0.6193046875 0.5126953125 0.6193046875 0.548828125
26 0.6697703125000001 0.61328125 0.6741796875 0.6552734375 0.68446875 0.677734375 0.6923078125 0.7099609375 0.7065171875 0.6650390625 0.7104359375 0.6240234375 0.7153359375 0.576171875 0.7177859375 0.5380859375 0.707496875 0.5380859375 0.6947578125 0.5380859375 0.68446875 0.51953125 0.67466875 0.5341796875 0.670259375 0.5732421875 0.6697703125000001 0.61328125
4 0.599215625 0.2705078125 0.576678125 0.2978515625 0.570309375 0.3408203125 0.5600203125000001 0.390625 0.5526703125 0.43359375 0.5624687500000001 0.466796875 0.579128125 0.4638671875 0.5869671875 0.4208984375 0.5894171874999999 0.365234375 0.5933359375 0.3291015625 0.599215625 0.291015625 0.599215625 0.2705078125
5 0.56491875 0.2490234375 0.5482609375 0.2958984375 0.5409109375 0.3515625 0.5340515625 0.400390625 0.529153125 0.4404296875 0.549240625 0.453125 0.558059375 0.4130859375 0.56491875 0.3623046875 0.574228125 0.30859375 0.5732484375 0.279296875 0.56491875 0.2490234375
6 0.5276828124999999 0.2607421875 0.5198437499999999 0.3056640625 0.51004375 0.3876953125 0.5080843749999999 0.4423828125 0.528171875 0.4423828125 0.5301328125 0.400390625 0.5325828125000001 0.3525390625 0.5360125 0.333984375 0.5325828125000001 0.3037109375 0.5276828124999999 0.2607421875
7 0.49093593750000003 0.4091796875 0.4889765625 0.4423828125 0.505634375 0.4384765625 0.5090640625 0.380859375 0.51004375 0.3291015625 0.5026953125 0.2822265625 0.4948546875 0.3349609375 0.49093593750000003 0.4091796875
8 0.47427656249999994 0.3720703125 0.470846875 0.41015625 0.470846875 0.4375 0.48652656250000004 0.4375 0.4889765625 0.3935546875 0.48750625000000003 0.3291015625 0.48505624999999997 0.27734375 0.47966718750000004 0.310546875 0.47427656249999994 0.3720703125
9 0.45908906250000003 0.26171875 0.4561484375 0.322265625 0.45222968750000003 0.3818359375 0.448309375 0.4384765625 0.457128125 0.4404296875 0.4688875 0.431640625 0.4723171875 0.3740234375 0.4747671875 0.3193359375 0.4747671875 0.2822265625 0.45908906250000003 0.26171875
10 0.42234218749999997 0.2939453125 0.42332187499999996 0.3974609375 0.42479218750000003 0.421875 0.42822187500000003 0.4404296875 0.4399796875 0.4482421875 0.44977968749999997 0.423828125 0.44585937500000006 0.3623046875 0.43899999999999995 0.255859375 0.430671875 0.2421875 0.42234218749999997 0.2939453125
11 0.3919640625 0.30078125 0.39392499999999997 0.3623046875 0.39392499999999997 0.4169921875 0.39392499999999997 0.455078125 0.41156249999999994 0.470703125 0.42381250000000004 0.4384765625 0.41548281249999997 0.37890625 0.4091125 0.291015625 0.400784375 0.2607421875 0.3919640625 0.30078125
12 0.3581578125 0.2958984375 0.361096875 0.3603515625 0.36648749999999997 0.40234375 0.37285625 0.42578125 0.3831453125 0.4384765625 0.391475 0.412109375 0.387065625 0.3642578125 0.379715625 0.3154296875 0.3630578125 0.2744140625 0.3581578125 0.2958984375
16 0.2435078125 0.4189453125 0.22440000000000002 0.4140625 0.21362031250000002 0.4208984375 0.207740625 0.4384765625 0.222440625 0.466796875 0.24105781249999997 0.4990234375 0.25379687500000003 0.51171875 0.256246875 0.533203125 0.262615625 0.5498046875 0.274375 0.5537109375 0.28123437500000004 0.5166015625 0.2969125 0.5048828125 0.3018125 0.4873046875 0.29936250000000003 0.470703125 0.276334375 0.4453125 0.2435078125 0.4189453125