31 0.3212890625 0.274865625 0.291015625 0.2871140625 0.3291015625 0.2920140625 0.373046875 0.29005312499999997 0.4326171875 0.2807453125 0.4306640625 0.276334375 0.44921875 0.26751562500000003 0.4287109375 0.2552671875 0.4169921875 0.24742812500000003 0.388671875 0.2420375 0.3662109375 0.2523265625 0.34375 0.26751562500000003 0.3212890625 0.274865625
2 0.3828125 0.3013234375 0.341796875 0.3013234375 0.3603515625 0.31651093750000003 0.4072265625 0.31651093750000003 0.4638671875 0.311121875 0.5078125 0.3052421875 0.5322265625 0.2983828125 0.5283203125 0.2851546875 0.51171875 0.2758453125 0.4833984375 0.2645765625 0.4453125 0.274865625 0.4169921875 0.2920140625 0.3828125 0.3013234375
13 0.3984375 0.345909375 0.44921875 0.3532578125 0.48828125 0.352278125 0.541015625 0.35521875 0.5751953125 0.3512984375 0.5791015625 0.3331703125 0.5625 0.3125921875 0.5263671875 0.3032828125 0.4853515625 0.3125921875 0.4345703125 0.31651093750000003 0.4130859375 0.3233703125 0.435546875 0.3307203125 0.490234375 0.33464062499999997 0.4638671875 0.33464062499999997 0.4189453125 0.34296875 0.3984375 0.345909375
18 0.396484375 0.37530625 0.44921875 0.384615625 0.484375 0.386575 0.5546875 0.3875546875 0.5810546875 0.38510468750000004 0.5927734375 0.3699171875 0.5693359375 0.3517890625 0.5185546875 0.35521875 0.4619140625 0.3630578125 0.4189453125 0.37040625 0.396484375 0.37530625
19 0.6171875 0.395884375 0.5908203125 0.38363593749999997 0.5546875 0.389515625 0.4833984375 0.395884375 0.4130859375 0.39294531250000003 0.380859375 0.39882343750000004 0.404296875 0.40715312499999995 0.4658203125 0.41695312500000004 0.5048828125 0.41695312500000004 0.5791015625 0.4198921875 0.62109375 0.412053125 0.6171875 0.395884375
20 0.6171875 0.4179328125 0.5546875 0.4179328125 0.505859375 0.42332187499999996 0.4453125 0.43263125 0.4150390625 0.4355703125 0.3984375 0.44585937500000006 0.4326171875 0.44585937500000006 0.4921875 0.45075937499999996 0.546875 0.44880000000000003 0.5830078125 0.43655 0.6171875 0.43263125 0.6171875 0.4179328125
21 0.4755859375 0.46496875 0.4130859375 0.47329687500000006 0.44140625 0.48407656250000003 0.50390625 0.485546875 0.5771484375 0.4772171875 0.611328125 0.4791765625 0.6376953125 0.47525781250000004 0.6396484375 0.4610484375 0.6396484375 0.45075937499999996 0.6240234375 0.43753125 0.5869140625 0.43753125 0.5361328125 0.4546796875 0.4755859375 0.46496875
22 0.4189453125 0.503675 0.4755859375 0.5115140625000001 0.54296875 0.5159234374999999 0.5810546875 0.5227828125 0.6279296875 0.5271921875000001 0.650390625 0.5115140625000001 0.6494140625 0.48309687500000004 0.5908203125 0.48309687500000004 0.546875 0.48750625000000003 0.4697265625 0.48652656250000004 0.4189453125 0.503675
30 0.4716796875 0.5159234374999999 0.4453125 0.5139640625 0.4150390625 0.5271921875000001 0.490234375 0.5414015625 0.5546875 0.555609375 0.5791015625 0.5614890625 0.6044921875 0.561 0.6240234375 0.5482609375 0.6162109375 0.5276828124999999 0.58203125 0.5252328125 0.54296875 0.5208234375 0.501953125 0.5208234375 0.4716796875 0.5159234374999999
29 0.435546875 0.5463015625 0.384765625 0.5575703125 0.4921875 0.5820671875000001 0.54296875 0.59725625 0.5673828125 0.599215625 0.5927734375 0.5899062500000001 0.607421875 0.576678125 0.591796875 0.5644296875 0.55078125 0.55855 0.48828125 0.5526703125 0.435546875 0.5463015625
23 0.390625 0.56981875 0.3623046875 0.5776578125 0.3828125 0.587946875 0.447265625 0.6075453125 0.505859375 0.6237140625 0.5361328125 0.6305734375000001 0.5732421875 0.626653125 0.5732421875 0.6124453125 0.5751953125 0.5874578125000001 0.51953125 0.5781484375 0.439453125 0.57226875 0.390625 0.56981875
25 0.4697265625 0.6276328125 0.4453125 0.62959375 0.40625 0.626653125 0.3720703125 0.6354734375 0.345703125 0.654090625 0.3984375 0.661440625 0.4560546875 0.6722187500000001 0.5 0.6805484374999999 0.5283203125 0.6776093750000001 0.546875 0.65703125 0.548828125 0.6408625 0.5361328125 0.6305734375000001 0.498046875 0.6227343750000001 0.4697265625 0.6276328125
26 0.4189453125 0.6692796875 0.3623046875 0.6692796875 0.2998046875 0.6795687499999999 0.333984375 0.6937781249999999 0.392578125 0.7060265625000001 0.4248046875 0.7153359375 0.4453125 0.723175 0.4677734375 0.727584375 0.494140625 0.7133765624999999 0.5078125 0.692796875 0.49609375 0.681528125 0.451171875 0.67466875 0.4189453125 0.6692796875
27 0.2763671875 0.6854484375000001 0.2626953125 0.6972078125000001 0.3154296875 0.7241546875 0.3359375 0.7476734375 0.3642578125 0.7515921875 0.384765625 0.743753125 0.4072265625 0.7324843750000001 0.4208984375 0.718275 0.40234375 0.7060265625000001 0.3623046875 0.7011265625 0.2763671875 0.6854484375000001
0 0.5908203125 0.7599218750000001 0.61328125 0.7609015625 0.6435546875 0.7721703125 0.662109375 0.7609015625 0.6640625 0.7383640625 0.6298828125 0.7212156249999999 0.611328125 0.7050468750000001 0.5888671875 0.697696875 0.556640625 0.6986765625 0.546875 0.70700625 0.546875 0.7202359375 0.5263671875 0.72954375 0.5263671875 0.743753125 0.556640625 0.7530625 0.5908203125 0.7599218750000001
1 0.666015625 0.737384375 0.6884765625 0.73444375 0.6806640625 0.71190625 0.6484375 0.6967171875 0.650390625 0.6825078125 0.671875 0.697696875 0.6943359375 0.7266046875 0.7109375 0.718275 0.7109375 0.6957375 0.6884765625 0.68446875 0.662109375 0.65948125 0.6337890625 0.6398828125 0.603515625 0.6369421875 0.5830078125 0.654090625 0.560546875 0.670259375 0.552734375 0.6878984375 0.60546875 0.7011265625 0.6435546875 0.71435625 0.666015625 0.737384375
3 0.779296875 0.68446875 0.77734375 0.670259375 0.7490234375 0.6550703125 0.72265625 0.6398828125 0.6962890625 0.6276328125 0.669921875 0.613425 0.6376953125 0.60215625 0.6240234375 0.610484375 0.609375 0.631553125 0.666015625 0.6491921875 0.720703125 0.661440625 0.759765625 0.68446875 0.779296875 0.68446875
4 0.81640625 0.6330234375 0.81640625 0.6163640625 0.783203125 0.6011765625 0.7314453125 0.5869671875 0.6640625 0.5737390625 0.6455078125 0.584028125 0.6318359375 0.6001953125 0.66796875 0.610484375 0.7294921875 0.615384375 0.7841796875 0.6217546875 0.81640625 0.6330234375
5 0.810546875 0.56981875 0.7373046875 0.5511999999999999 0.701171875 0.5453203125 0.671875 0.540421875 0.6455078125 0.5511999999999999 0.654296875 0.571778125 0.72265625 0.5786374999999999 0.7939453125 0.5899062500000001 0.8388671875 0.5908875 0.810546875 0.56981875
6 0.8125 0.5369921875 0.779296875 0.5247421875 0.7275390625 0.5178828125 0.669921875 0.508575 0.662109375 0.5262125 0.6865234375 0.5414015625 0.7431640625 0.5414015625 0.7978515625 0.5502203125 0.82421875 0.5546296875000001 0.8125 0.5369921875
7 0.826171875 0.516903125 0.7998046875 0.5066140625 0.7705078125 0.5002453124999999 0.7373046875 0.491915625 0.70703125 0.485546875 0.681640625 0.48309687500000004 0.673828125 0.49289531249999996 0.6728515625 0.5071046875 0.708984375 0.5115140625000001 0.76171875 0.514453125 0.806640625 0.5193531250000001 0.826171875 0.516903125
8 0.787109375 0.49093593750000003 0.8154296875 0.49387499999999995 0.830078125 0.48652656250000004 0.7998046875 0.470846875 0.765625 0.46643749999999995 0.716796875 0.458109375 0.6953125 0.458109375 0.6826171875 0.458109375 0.677734375 0.4688875 0.681640625 0.480646875 0.703125 0.48309687500000004 0.728515625 0.48309687500000004 0.7568359375 0.484565625 0.787109375 0.49093593750000003
9 0.8291015625 0.42381250000000004 0.8359375 0.41499218750000005 0.8271484375 0.40764374999999997 0.8076171875 0.4081328125 0.76171875 0.4164625 0.734375 0.41891249999999997 0.7021484375 0.42038281250000004 0.6845703125 0.42479218750000003 0.6767578125 0.43899999999999995 0.681640625 0.45320937499999997 0.724609375 0.4546796875 0.759765625 0.4473296875 0.7939453125 0.43459062499999995 0.8291015625 0.42381250000000004
10 0.734375 0.41107343749999997 0.7607421875 0.40519375 0.7939453125 0.3968640625 0.8310546875 0.38804531249999996 0.8349609375 0.37922656250000003 0.80859375 0.37922656250000003 0.7685546875 0.38363593749999997 0.7255859375 0.3860859375 0.69140625 0.384615625 0.6611328125 0.384125 0.65625 0.390984375 0.650390625 0.4066640625 0.6650390625 0.41548281249999997 0.6806640625 0.4218515625 0.6982421875 0.42136250000000003 0.712890625 0.41548281249999997 0.734375 0.41107343749999997
11 0.7978515625 0.35276874999999996 0.806640625 0.34492968749999997 0.7763671875 0.3419890625 0.73828125 0.3444390625 0.693359375 0.34835937499999997 0.6630859375 0.3512984375 0.638671875 0.3557078125 0.638671875 0.3723671875 0.6513671875 0.389025 0.6845703125 0.3811859375 0.7265625 0.37138593750000004 0.7724609375 0.3625671875 0.7978515625 0.35276874999999996
14 0.6826171875 0.3189609375 0.7080078125 0.3057328125 0.7255859375 0.28319375 0.7333984375 0.2689859375 0.7265625 0.25918593749999996 0.712890625 0.24889687500000002 0.6962890625 0.2420375 0.671875 0.2616359375 0.6328125 0.2851546875 0.595703125 0.2964234375 0.572265625 0.304753125 0.58203125 0.32092187499999997 0.6005859375 0.329740625 0.62109375 0.34394843750000004 0.6455078125 0.347378125 0.6689453125 0.33610937500000004 0.6826171875 0.3189609375
15 0.6240234375 0.2851546875 0.6416015625 0.2709453125 0.671875 0.2567375 0.689453125 0.23517812500000002 0.6767578125 0.223909375 0.66015625 0.223909375 0.6328125 0.22831875 0.5947265625 0.23517812500000002 0.5615234375 0.23909843749999998 0.53515625 0.244978125 0.5419921875 0.2552671875 0.54296875 0.27192500000000003 0.560546875 0.2807453125 0.5654296875 0.2920140625 0.591796875 0.2920140625 0.6240234375 0.2851546875