31 0.4306640625 0.723665625 0.4326171875 0.7192546875 0.373046875 0.709946875 0.3291015625 0.7079859374999999 0.291015625 0.7128859375000001 0.3212890625 0.725134375 0.34375 0.7324843750000001 0.3662109375 0.7476734375 0.388671875 0.7579625 0.4169921875 0.752571875 0.4287109375 0.7447328125 0.44921875 0.7324843750000001 0.4306640625 0.723665625
2 0.5078125 0.6947578125 0.4638671875 0.688878125 0.4072265625 0.6834890625 0.3603515625 0.6834890625 0.341796875 0.6986765625 0.3828125 0.6986765625 0.4169921875 0.7079859374999999 0.4453125 0.725134375 0.4833984375 0.7354234374999999 0.51171875 0.7241546875 0.5283203125 0.7148453124999999 0.5322265625 0.7016171875 0.5078125 0.6947578125
13 0.435546875 0.6692796875 0.4130859375 0.6766296875 0.4345703125 0.6834890625 0.4853515625 0.6874078124999999 0.5263671875 0.6967171875 0.5625 0.6874078124999999 0.5791015625 0.6668296875 0.5751953125 0.6487015625 0.541015625 0.6447812500000001 0.48828125 0.647721875 0.44921875 0.6467421875 0.3984375 0.654090625 0.4189453125 0.65703125 0.4638671875 0.665359375 0.490234375 0.665359375 0.435546875 0.6692796875
18 0.44921875 0.615384375 0.396484375 0.6246937499999999 0.4189453125 0.62959375 0.4619140625 0.6369421875 0.5185546875 0.6447812500000001 0.5693359375 0.6482109375 0.5927734375 0.6300828125 0.5810546875 0.6148953125000001 0.5546875 0.6124453125 0.484375 0.613425 0.44921875 0.615384375
19 0.4833984375 0.604115625 0.5546875 0.610484375 0.5908203125 0.6163640625 0.6171875 0.604115625 0.62109375 0.587946875 0.5791015625 0.5801078125 0.5048828125 0.583046875 0.4658203125 0.583046875 0.404296875 0.592846875 0.380859375 0.6011765625 0.4130859375 0.6070546875 0.4833984375 0.604115625
20 0.4453125 0.56736875 0.505859375 0.576678125 0.5546875 0.5820671875000001 0.6171875 0.5820671875000001 0.6171875 0.56736875 0.5830078125 0.56345 0.546875 0.5511999999999999 0.4921875 0.549240625 0.4326171875 0.5541406249999999 0.3984375 0.5541406249999999 0.4150390625 0.5644296875 0.4453125 0.56736875
21 0.611328125 0.5208234375 0.5771484375 0.5227828125 0.50390625 0.514453125 0.44140625 0.5159234374999999 0.4130859375 0.5267031249999999 0.4755859375 0.5350312500000001 0.5361328125 0.5453203125 0.5869140625 0.5624687500000001 0.6240234375 0.5624687500000001 0.6396484375 0.549240625 0.6396484375 0.5389515625 0.6376953125 0.5247421875 0.611328125 0.5208234375
22 0.4755859375 0.48848593749999997 0.4189453125 0.496325 0.4697265625 0.5134734375 0.546875 0.51249375 0.5908203125 0.516903125 0.6494140625 0.516903125 0.650390625 0.48848593749999997 0.6279296875 0.4728078125 0.5810546875 0.4772171875 0.54296875 0.48407656250000003 0.4755859375 0.48848593749999997
30 0.5791015625 0.4385109375 0.5546875 0.44439062500000004 0.490234375 0.45859843749999996 0.4150390625 0.4728078125 0.4453125 0.48603593749999996 0.4716796875 0.48407656250000003 0.501953125 0.4791765625 0.54296875 0.4791765625 0.58203125 0.4747671875 0.6162109375 0.4723171875 0.6240234375 0.4517390625 0.6044921875 0.43899999999999995 0.5791015625 0.4385109375
29 0.384765625 0.44242968749999995 0.435546875 0.45369843750000005 0.48828125 0.4473296875 0.55078125 0.44145 0.591796875 0.4355703125 0.607421875 0.42332187499999996 0.5927734375 0.41009375 0.5673828125 0.400784375 0.54296875 0.40274374999999996 0.4921875 0.4179328125 0.384765625 0.44242968749999995
23 0.447265625 0.3924546875 0.3828125 0.412053125 0.3623046875 0.42234218749999997 0.390625 0.43018124999999996 0.439453125 0.42773125 0.51953125 0.4218515625 0.5751953125 0.4125421875 0.5732421875 0.3875546875 0.5732421875 0.373346875 0.5361328125 0.3694265625 0.505859375 0.3762859375 0.447265625 0.3924546875
25 0.5 0.3194515625 0.4560546875 0.32778125 0.3984375 0.338559375 0.345703125 0.345909375 0.3720703125 0.3645265625 0.40625 0.373346875 0.4453125 0.37040625 0.4697265625 0.3723671875 0.498046875 0.377265625 0.5361328125 0.3694265625 0.548828125 0.3591375 0.546875 0.34296875 0.5283203125 0.32239062500000004 0.5 0.3194515625
26 0.4248046875 0.2846640625 0.392578125 0.2939734375 0.333984375 0.306221875 0.2998046875 0.32043125 0.3623046875 0.3307203125 0.4189453125 0.3307203125 0.451171875 0.32533124999999996 0.49609375 0.318471875 0.5078125 0.307203125 0.494140625 0.28662343749999997 0.4677734375 0.272415625 0.4453125 0.276825 0.4248046875 0.2846640625
27 0.2626953125 0.30279218750000003 0.2763671875 0.3145515625 0.3623046875 0.2988734375 0.40234375 0.2939734375 0.4208984375 0.281725 0.4072265625 0.26751562500000003 0.384765625 0.256246875 0.3642578125 0.2484078125 0.3359375 0.2523265625 0.3154296875 0.2758453125 0.2626953125 0.30279218750000003
0 0.546875 0.29299375 0.556640625 0.3013234375 0.5888671875 0.302303125 0.611328125 0.29495312500000004 0.6298828125 0.278784375 0.6640625 0.2616359375 0.662109375 0.23909843749999998 0.6435546875 0.22782968750000002 0.61328125 0.23909843749999998 0.5908203125 0.240078125 0.556640625 0.24693749999999998 0.5263671875 0.256246875 0.5263671875 0.27045625 0.546875 0.2797640625 0.546875 0.29299375
1 0.6435546875 0.28564375000000003 0.60546875 0.2988734375 0.552734375 0.3121015625 0.560546875 0.329740625 0.5830078125 0.345909375 0.603515625 0.3630578125 0.6337890625 0.3601171875 0.662109375 0.34051875 0.6884765625 0.31553125 0.7109375 0.3042625 0.7109375 0.281725 0.6943359375 0.27339531250000004 0.671875 0.302303125 0.650390625 0.31749218749999997 0.6484375 0.3032828125 0.6806640625 0.28809375 0.6884765625 0.26555625 0.666015625 0.262615625 0.6435546875 0.28564375000000003
3 0.669921875 0.386575 0.6962890625 0.3723671875 0.72265625 0.3601171875 0.7490234375 0.34492968749999997 0.77734375 0.329740625 0.779296875 0.31553125 0.759765625 0.31553125 0.720703125 0.338559375 0.666015625 0.3508078125 0.609375 0.368446875 0.6240234375 0.389515625 0.6376953125 0.39784375 0.669921875 0.386575
4 0.81640625 0.38363593749999997 0.81640625 0.3669765625 0.7841796875 0.3782453125 0.7294921875 0.384615625 0.66796875 0.389515625 0.6318359375 0.3998046875 0.6455078125 0.415971875 0.6640625 0.42626093750000005 0.7314453125 0.4130328125 0.783203125 0.39882343750000004 0.81640625 0.38363593749999997
5 0.8388671875 0.4091125 0.7939453125 0.41009375 0.72265625 0.42136250000000003 0.654296875 0.42822187500000003 0.6455078125 0.44880000000000003 0.671875 0.459578125 0.701171875 0.4546796875 0.7373046875 0.44880000000000003 0.810546875 0.43018124999999996 0.8388671875 0.4091125
6 0.82421875 0.4453703125 0.7978515625 0.44977968749999997 0.7431640625 0.45859843749999996 0.6865234375 0.45859843749999996 0.662109375 0.4737875 0.669921875 0.491425 0.7275390625 0.4821171875 0.779296875 0.47525781250000004 0.8125 0.4630078125 0.82421875 0.4453703125
7 0.7373046875 0.5080843749999999 0.7705078125 0.4997546875 0.7998046875 0.4933859375 0.826171875 0.48309687500000004 0.806640625 0.480646875 0.76171875 0.485546875 0.708984375 0.48848593749999997 0.6728515625 0.49289531249999996 0.673828125 0.5071046875 0.681640625 0.516903125 0.70703125 0.514453125 0.7373046875 0.5080843749999999
8 0.6826171875 0.541890625 0.6953125 0.541890625 0.716796875 0.541890625 0.765625 0.5335625 0.7998046875 0.529153125 0.830078125 0.5134734375 0.8154296875 0.506125 0.787109375 0.5090640625 0.7568359375 0.515434375 0.728515625 0.516903125 0.703125 0.516903125 0.681640625 0.5193531250000001 0.677734375 0.5311125 0.6826171875 0.541890625
9 0.6845703125 0.5752078125 0.7021484375 0.5796171875 0.734375 0.5810875 0.76171875 0.5835375 0.8076171875 0.5918671875 0.8271484375 0.59235625 0.8359375 0.5850078125 0.8291015625 0.5761875 0.7939453125 0.565409375 0.759765625 0.5526703125 0.724609375 0.5453203125 0.681640625 0.5467906250000001 0.6767578125 0.561 0.6845703125 0.5752078125
10 0.6806640625 0.5781484375 0.6650390625 0.5845171875 0.650390625 0.5933359375 0.65625 0.609015625 0.6611328125 0.6158750000000001 0.69140625 0.615384375 0.7255859375 0.6139140624999999 0.7685546875 0.6163640625 0.80859375 0.6207734375 0.8349609375 0.6207734375 0.8310546875 0.6119546875 0.7939453125 0.6031359375 0.7607421875 0.59480625 0.734375 0.5889265625 0.712890625 0.5845171875 0.6982421875 0.5786374999999999 0.6806640625 0.5781484375
11 0.6630859375 0.6487015625 0.693359375 0.651640625 0.73828125 0.6555609375 0.7763671875 0.6580109375000001 0.806640625 0.6550703125 0.7978515625 0.64723125 0.7724609375 0.6374328125 0.7265625 0.6286140625 0.6845703125 0.6188140625 0.6513671875 0.610975 0.638671875 0.6276328125 0.638671875 0.6442921875 0.6630859375 0.6487015625
14 0.62109375 0.6560515625 0.6005859375 0.670259375 0.58203125 0.679078125 0.572265625 0.695246875 0.595703125 0.7035765625 0.6328125 0.7148453124999999 0.671875 0.7383640625 0.6962890625 0.7579625 0.712890625 0.751103125 0.7265625 0.7408140624999999 0.7333984375 0.7310140625 0.7255859375 0.71680625 0.7080078125 0.6942671875 0.6826171875 0.6810390625 0.6689453125 0.663890625 0.6455078125 0.652621875 0.62109375 0.6560515625
15 0.54296875 0.728075 0.5419921875 0.7447328125 0.53515625 0.755021875 0.5615234375 0.7609015625 0.5947265625 0.764821875 0.6328125 0.77168125 0.66015625 0.7760906249999999 0.6767578125 0.7760906249999999 0.689453125 0.764821875 0.671875 0.7432624999999999 0.6416015625 0.7290546875 0.6240234375 0.7148453124999999 0.591796875 0.7079859374999999 0.5654296875 0.7079859374999999 0.560546875 0.7192546875 0.54296875 0.728075