31 0.2302796875 0.36328125 0.2322390625 0.40625 0.2322390625 0.435546875 0.22440000000000002 0.4580078125 0.22587031249999998 0.4951171875 0.2420375 0.4990234375 0.2601671875 0.509765625 0.26555625 0.478515625 0.26310625 0.439453125 0.25967656250000004 0.416015625 0.2542875 0.373046875 0.24889687500000002 0.33203125 0.2420375 0.3017578125 0.22880937499999998 0.3212890625 0.2302796875 0.36328125
13 0.32925 0.4794921875 0.3282703125 0.4384765625 0.3282703125 0.392578125 0.32043125 0.3564453125 0.306221875 0.3779296875 0.2964234375 0.3974609375 0.2969125 0.4296875 0.2964234375 0.470703125 0.2895640625 0.5068359375 0.28907343750000003 0.53125 0.30377343749999997 0.5498046875 0.32925 0.546875 0.332190625 0.517578125 0.32925 0.4794921875
18 0.38265625000000003 0.439453125 0.374815625 0.384765625 0.374815625 0.357421875 0.365996875 0.3515625 0.3650171875 0.3916015625 0.363546875 0.443359375 0.363546875 0.4765625 0.36060781249999996 0.505859375 0.37285625 0.51953125 0.38510468750000004 0.51953125 0.386575 0.482421875 0.38265625000000003 0.439453125
19 0.41548281249999997 0.447265625 0.4125421875 0.40625 0.4125421875 0.36328125 0.4061734375 0.310546875 0.3924546875 0.3291015625 0.3900046875 0.3603515625 0.388534375 0.4052734375 0.388534375 0.46875 0.38804531249999996 0.509765625 0.3993140625 0.5234375 0.415971875 0.5234375 0.4198921875 0.48828125 0.41548281249999997 0.447265625
21 0.475746875 0.3974609375 0.47182812500000004 0.36328125 0.4605578125 0.3515625 0.45369843750000005 0.3701171875 0.45369843750000005 0.4189453125 0.45125000000000004 0.4580078125 0.45516875 0.490234375 0.4683984375 0.509765625 0.48015625 0.498046875 0.48015625 0.46875 0.47868750000000004 0.4228515625 0.475746875 0.3974609375
29 0.5845171875 0.44921875 0.5805984375000001 0.3818359375 0.5796171875 0.3251953125 0.5727578125 0.318359375 0.5668796875 0.33984375 0.5614890625 0.3876953125 0.5546296875000001 0.4169921875 0.54973125 0.4716796875 0.5477703125 0.5068359375 0.56345 0.5146484375 0.5820671875000001 0.5283203125 0.5805984375000001 0.505859375 0.5845171875 0.44921875
26 0.74179375 0.416015625 0.7496328125 0.3759765625 0.7633515625 0.3349609375 0.7486531249999999 0.3291015625 0.7324843750000001 0.33984375 0.718765625 0.3701171875 0.707496875 0.408203125 0.692796875 0.443359375 0.6874078124999999 0.4736328125 0.7050468750000001 0.4921875 0.7266046875 0.50390625 0.734934375 0.474609375 0.74179375 0.416015625
0 0.74424375 0.6650390625 0.7555125 0.6484375 0.7457125 0.6298828125 0.730525 0.58203125 0.716315625 0.5361328125 0.71435625 0.4990234375 0.6972078125000001 0.4853515625 0.6829984375 0.4990234375 0.6629109375 0.5126953125 0.663890625 0.53125 0.6712390625 0.560546875 0.6898578125 0.5830078125 0.7040671875 0.623046875 0.7197453125 0.6611328125 0.7310140625 0.6884765625 0.74424375 0.6650390625
5 0.567859375 0.546875 0.54973125 0.546875 0.5340515625 0.5419921875 0.5384609375 0.6337890625 0.54973125 0.703125 0.565409375 0.75390625 0.5688390625 0.7021484375 0.565409375 0.6494140625 0.565409375 0.6025390625 0.567859375 0.546875
6 0.5095546875 0.544921875 0.510534375 0.609375 0.51494375 0.689453125 0.5252328125 0.6806640625 0.5271921875000001 0.609375 0.533071875 0.546875 0.524253125 0.5400390625 0.5095546875 0.544921875
9 0.443409375 0.5361328125 0.432140625 0.5361328125 0.43116093749999995 0.5732421875 0.43459062499999995 0.62890625 0.43899999999999995 0.6875 0.45222968750000003 0.6318359375 0.45222968750000003 0.578125 0.458109375 0.5419921875 0.443409375 0.5361328125
10 0.4056828125 0.640625 0.402253125 0.7294921875 0.425771875 0.677734375 0.42773125 0.5869140625 0.42332187499999996 0.544921875 0.4056828125 0.5576171875 0.4056828125 0.640625
11 0.39784375 0.607421875 0.3998046875 0.5556640625 0.386575 0.544921875 0.370896875 0.533203125 0.36648749999999997 0.609375 0.3650171875 0.671875 0.3493390625 0.72265625 0.359628125 0.7587890625 0.368446875 0.7275390625 0.39637500000000003 0.658203125 0.39784375 0.607421875
12 0.3517890625 0.560546875 0.345909375 0.61328125 0.3395390625 0.6806640625 0.34492968749999997 0.7119140625 0.357178125 0.673828125 0.3630578125 0.623046875 0.36648749999999997 0.5693359375 0.3517890625 0.560546875
30 0.5477703125 0.4130859375 0.542871875 0.384765625 0.53993125 0.357421875 0.5316015625 0.33203125 0.5208234375 0.3466796875 0.5213125 0.3876953125 0.5198437499999999 0.4345703125 0.5232734375 0.4638671875 0.541890625 0.47265625 0.5463015625 0.498046875 0.551690625 0.466796875 0.5482609375 0.4345703125 0.5477703125 0.4130859375