2 0.22831875 0.451171875 0.2327296875 0.4619140625 0.24154843750000002 0.4755859375 0.2484078125 0.4716796875 0.256246875 0.4697265625 0.2645765625 0.4609375 0.26800625 0.455078125 0.269475 0.4287109375 0.269475 0.4072265625 0.272415625 0.37109375 0.27339531250000004 0.3427734375 0.27535468750000003 0.3125 0.274865625 0.2861328125 0.2709453125 0.2724609375 0.2645765625 0.2841796875 0.2616359375 0.3193359375 0.2616359375 0.3427734375 0.25820625 0.3583984375 0.2523265625 0.361328125 0.2518375 0.3427734375 0.25379687500000003 0.32421875 0.2542875 0.302734375 0.2542875 0.2880859375 0.2493875 0.2763671875 0.2435078125 0.2880859375 0.24252812499999998 0.3095703125 0.24056875 0.333984375 0.2346890625 0.365234375 0.22440000000000002 0.3896484375 0.217540625 0.408203125 0.2160703125 0.435546875 0.2204796875 0.4443359375 0.22831875 0.451171875
13 0.281725 0.490234375 0.29005312499999997 0.48828125 0.297403125 0.4921875 0.304753125 0.5009765625 0.31161249999999996 0.494140625 0.3170015625 0.4892578125 0.3238609375 0.4541015625 0.3214109375 0.4287109375 0.3214109375 0.404296875 0.3233703125 0.3740234375 0.31749218749999997 0.3525390625 0.31161249999999996 0.3271484375 0.3076921875 0.302734375 0.304753125 0.3212890625 0.3042625 0.3486328125 0.30377343749999997 0.37109375 0.3013234375 0.384765625 0.2969125 0.36328125 0.2969125 0.330078125 0.29789374999999996 0.3095703125 0.2944640625 0.3017578125 0.28907343750000003 0.328125 0.2846640625 0.3544921875 0.2802546875 0.3828125 0.276334375 0.4111328125 0.269965625 0.435546875 0.2689859375 0.458984375 0.27339531250000004 0.4765625 0.281725 0.490234375
17 0.333659375 0.51171875 0.34394843750000004 0.51171875 0.354728125 0.5048828125 0.3561984375 0.4921875 0.3591375 0.46484375 0.3561984375 0.4296875 0.3532578125 0.3916015625 0.3542375 0.3544921875 0.34835937499999997 0.3056640625 0.3415 0.3251953125 0.3370890625 0.3525390625 0.3326796875 0.4072265625 0.32778125 0.4443359375 0.3189609375 0.4755859375 0.32239062500000004 0.4921875 0.32533124999999996 0.5029296875 0.333659375 0.51171875
18 0.388534375 0.5029296875 0.387065625 0.4580078125 0.3860859375 0.4013671875 0.3860859375 0.3564453125 0.379715625 0.3330078125 0.37285625 0.369140625 0.365996875 0.412109375 0.36060781249999996 0.4609375 0.35766718750000004 0.5009765625 0.362078125 0.5224609375 0.37285625 0.529296875 0.384615625 0.5126953125 0.388534375 0.5029296875
19 0.42479218750000003 0.517578125 0.429690625 0.47265625 0.42381250000000004 0.4375 0.4125421875 0.3779296875 0.4042140625 0.330078125 0.3949046875 0.287109375 0.391475 0.3310546875 0.387065625 0.38671875 0.388534375 0.4375 0.389025 0.5048828125 0.393434375 0.53125 0.4066640625 0.5419921875 0.414503125 0.5390625 0.42479218750000003 0.517578125
20 0.4634984375 0.533203125 0.4634984375 0.4951171875 0.4634984375 0.451171875 0.46006875 0.392578125 0.4517390625 0.337890625 0.4448796875 0.3876953125 0.4385109375 0.435546875 0.432140625 0.48828125 0.430671875 0.52734375 0.4360609375 0.552734375 0.45026875000000005 0.556640625 0.458109375 0.5517578125 0.4634984375 0.533203125
21 0.503675 0.56640625 0.506125 0.548828125 0.5071046875 0.50390625 0.5071046875 0.4599609375 0.5071046875 0.419921875 0.5066140625 0.3916015625 0.4977953125 0.3720703125 0.48505624999999997 0.3701171875 0.480646875 0.4013671875 0.475746875 0.443359375 0.4674171875 0.4853515625 0.4634984375 0.5263671875 0.4634984375 0.5537109375 0.47525781250000004 0.57421875 0.48946562499999996 0.5732421875 0.503675 0.56640625
22 0.5507109375 0.552734375 0.5511999999999999 0.517578125 0.5472812499999999 0.482421875 0.5526703125 0.4501953125 0.5526703125 0.427734375 0.5463015625 0.376953125 0.540421875 0.3466796875 0.5286625 0.3759765625 0.5183734375 0.4326171875 0.512984375 0.4775390625 0.5095546875 0.529296875 0.51004375 0.5712890625 0.5276828124999999 0.578125 0.5414015625 0.57421875 0.5507109375 0.552734375
30 0.57471875 0.5634765625 0.5820671875000001 0.5517578125 0.5835375 0.5107421875 0.584028125 0.478515625 0.584028125 0.427734375 0.581578125 0.3935546875 0.5796171875 0.3525390625 0.570309375 0.3603515625 0.56736875 0.3984375 0.5614890625 0.4453125 0.55855 0.484375 0.551690625 0.51953125 0.551690625 0.5537109375 0.558059375 0.5654296875 0.5644296875 0.5654296875 0.57471875 0.5634765625
29 0.6119546875 0.5576171875 0.61979375 0.5498046875 0.6207734375 0.5341796875 0.6207734375 0.4921875 0.62714375 0.4580078125 0.6276328125 0.4033203125 0.631553125 0.3505859375 0.6305734375000001 0.3173828125 0.6139140624999999 0.3583984375 0.6060749999999999 0.4111328125 0.597746875 0.4560546875 0.5903968749999999 0.482421875 0.5850078125 0.5048828125 0.5884375000000001 0.541015625 0.5962765625 0.5595703125 0.6119546875 0.5576171875
23 0.6536015625 0.5400390625 0.65703125 0.5302734375 0.65458125 0.484375 0.6599703124999999 0.4453125 0.65703125 0.3974609375 0.656540625 0.3681640625 0.6555609375 0.33203125 0.6452718749999999 0.337890625 0.637921875 0.3837890625 0.6330234375 0.4091796875 0.6286140625 0.4404296875 0.6246937499999999 0.484375 0.6212640625 0.51953125 0.6300828125 0.53125 0.6433125000000001 0.5537109375 0.6536015625 0.5400390625
24 0.6874078124999999 0.5380859375 0.6878984375 0.51953125 0.6854484375000001 0.4697265625 0.6849578125 0.4296875 0.6829984375 0.3857421875 0.6776093750000001 0.3544921875 0.6732 0.333984375 0.6634 0.3310546875 0.661440625 0.376953125 0.661440625 0.4169921875 0.6585 0.453125 0.6550703125 0.482421875 0.663890625 0.5322265625 0.67711875 0.55078125 0.6795687499999999 0.5380859375 0.6874078124999999 0.5380859375
25 0.7104359375 0.5224609375 0.7153359375 0.5126953125 0.7221953125 0.5322265625 0.7310140625 0.515625 0.736403125 0.4873046875 0.7324843750000001 0.4560546875 0.7246453125000001 0.4052734375 0.723175 0.3525390625 0.723665625 0.34375 0.7065171875 0.31640625 0.7011265625 0.34765625 0.6947578125 0.3984375 0.6908375 0.439453125 0.6883874999999999 0.470703125 0.6918171875 0.525390625 0.6986765625 0.533203125 0.70455625 0.53125 0.7104359375 0.5224609375
26 0.778540625 0.470703125 0.7809890625 0.43359375 0.7697203125 0.4111328125 0.7613921875 0.380859375 0.7545328125 0.34765625 0.7471828125 0.2939453125 0.736403125 0.3076171875 0.730525 0.3359375 0.7241546875 0.3681640625 0.725134375 0.416015625 0.7334640625 0.4658203125 0.737384375 0.490234375 0.7515921875 0.494140625 0.7658015625 0.48046875 0.778540625 0.470703125
28 0.8138171875 0.697265625 0.8079375000000001 0.67578125 0.8030375 0.6533203125 0.8015671875000001 0.6318359375 0.809896875 0.626953125 0.8167562500000001 0.6484375 0.8270453124999999 0.669921875 0.8358640625 0.6806640625 0.8378249999999999 0.6435546875 0.8255750000000001 0.6142578125 0.82655625 0.564453125 0.8231265625 0.5322265625 0.8069578125 0.5166015625 0.7927484375 0.5322265625 0.7809890625 0.53515625 0.7706999999999999 0.5458984375 0.7706999999999999 0.5625 0.7765796875000001 0.60546875 0.784909375 0.623046875 0.7907890625 0.65234375 0.796178125 0.6796875 0.8054874999999999 0.6962890625 0.8138171875 0.697265625
0 0.7672703125 0.7099609375 0.7613921875 0.669921875 0.7613921875 0.64453125 0.7765796875000001 0.6826171875 0.78686875 0.732421875 0.7956890624999999 0.7373046875 0.793728125 0.6875 0.7805 0.6396484375 0.7765796875000001 0.6103515625 0.7702109375 0.5634765625 0.76188125 0.5458984375 0.751103125 0.5458984375 0.737384375 0.55859375 0.7202359375 0.55859375 0.718275 0.5712890625 0.7192546875 0.599609375 0.7285640625 0.6357421875 0.7354234374999999 0.6630859375 0.7491421875000001 0.7060546875 0.7633515625 0.7373046875 0.7765796875000001 0.748046875 0.7672703125 0.7099609375
1 0.7128859375000001 0.765625 0.6996578125 0.7177734375 0.7006375 0.6875 0.7104359375 0.6875 0.7207250000000001 0.712890625 0.7270953125 0.74609375 0.738853125 0.767578125 0.743753125 0.7568359375 0.7310140625 0.6865234375 0.7197453125 0.6484375 0.7192546875 0.6171875 0.7148453124999999 0.5791015625 0.7060265625000001 0.5791015625 0.6957375 0.56640625 0.6849578125 0.591796875 0.6697703125000001 0.5791015625 0.6624203125 0.59765625 0.6634 0.6171875 0.6722187500000001 0.64453125 0.68201875 0.689453125 0.68691875 0.7353515625 0.7006375 0.783203125 0.7172953125 0.79296875 0.7128859375000001 0.765625
3 0.6741796875 0.7197265625 0.6673203125 0.67578125 0.665359375 0.63671875 0.661440625 0.6025390625 0.65458125 0.6025390625 0.6462515625 0.595703125 0.638903125 0.6103515625 0.63204375 0.6181640625 0.6344921875 0.634765625 0.6398828125 0.6923828125 0.6560515625 0.7412109375 0.6692796875 0.7822265625 0.6825078125 0.7978515625 0.6854484375000001 0.783203125 0.6741796875 0.7197265625
4 0.6261640625 0.71484375 0.6300828125 0.6650390625 0.6300828125 0.6259765625 0.6237140625 0.61328125 0.6124453125 0.595703125 0.606565625 0.62109375 0.6001953125 0.6240234375 0.6011765625 0.6630859375 0.603625 0.708984375 0.606565625 0.76171875 0.612934375 0.78515625 0.624203125 0.79296875 0.6232234375 0.75 0.6261640625 0.71484375
5 0.5952968750000001 0.751953125 0.5952968750000001 0.6884765625 0.59725625 0.6416015625 0.5918671875 0.609375 0.5786374999999999 0.6005859375 0.5683484375 0.6064453125 0.565409375 0.6298828125 0.56491875 0.6748046875 0.569328125 0.7353515625 0.5756984375 0.7822265625 0.5845171875 0.8046875 0.5913765625 0.7998046875 0.5952968750000001 0.751953125
6 0.5502203125 0.73828125 0.5546296875000001 0.734375 0.5546296875000001 0.7177734375 0.5595296875 0.6787109375 0.565409375 0.630859375 0.56345 0.6064453125 0.5531609375000001 0.5986328125 0.5414015625 0.6005859375 0.537971875 0.6171875 0.5384609375 0.642578125 0.53993125 0.6650390625 0.5394421875 0.6953125 0.541890625 0.7197265625 0.5453203125 0.732421875 0.5502203125 0.73828125
7 0.5369921875 0.634765625 0.5355218749999999 0.603515625 0.5208234375 0.6044921875 0.51249375 0.6044921875 0.515434375 0.6826171875 0.5183734375 0.712890625 0.5237625 0.7294921875 0.530621875 0.7353515625 0.5340515625 0.712890625 0.5350312500000001 0.671875 0.5369921875 0.634765625
8 0.510534375 0.6669921875 0.51249375 0.62890625 0.5115140625000001 0.6025390625 0.496325 0.6025390625 0.48750625000000003 0.6025390625 0.4889765625 0.638671875 0.4904453125 0.68359375 0.4948546875 0.72265625 0.498775 0.7451171875 0.5066140625 0.7314453125 0.5090640625 0.7021484375 0.510534375 0.6669921875
9 0.48652656250000004 0.6455078125 0.4879953125 0.6064453125 0.48015625 0.6005859375 0.47182812500000004 0.5966796875 0.46202812499999996 0.6025390625 0.4615390625 0.615234375 0.46202812499999996 0.638671875 0.46202812499999996 0.6796875 0.4659484375 0.7060546875 0.47427656249999994 0.720703125 0.48309687500000004 0.6845703125 0.48652656250000004 0.6455078125
10 0.4061734375 0.7802734375 0.4061734375 0.794921875 0.41107343749999997 0.80859375 0.42479218750000003 0.7861328125 0.4385109375 0.736328125 0.44977968749999997 0.6875 0.45761874999999996 0.640625 0.4566390625 0.595703125 0.448309375 0.5849609375 0.44242968749999995 0.583984375 0.4292015625 0.5927734375 0.42528125 0.599609375 0.4243015625 0.609375 0.42038281250000004 0.6474609375 0.42038281250000004 0.6796875 0.41499218750000005 0.716796875 0.41058281250000006 0.7529296875 0.4061734375 0.7802734375
11 0.389515625 0.783203125 0.402253125 0.7451171875 0.4061734375 0.697265625 0.4135234375 0.6572265625 0.420871875 0.6318359375 0.42234218749999997 0.607421875 0.4135234375 0.60546875 0.4130328125 0.5908203125 0.4042140625 0.5869140625 0.38804531249999996 0.5966796875 0.3875546875 0.6201171875 0.38510468750000004 0.6455078125 0.384125 0.6767578125 0.38363593749999997 0.71484375 0.38363593749999997 0.7509765625 0.3806953125 0.779296875 0.389515625 0.783203125
12 0.3282703125 0.7763671875 0.3326796875 0.7763671875 0.345909375 0.76953125 0.3630578125 0.7275390625 0.37285625 0.685546875 0.3787359375 0.6552734375 0.382165625 0.626953125 0.387065625 0.6015625 0.384615625 0.5908203125 0.37775625 0.583984375 0.37040625 0.5712890625 0.36060781249999996 0.578125 0.35031875 0.5791015625 0.34786875 0.5947265625 0.34688906249999996 0.611328125 0.34492968749999997 0.6513671875 0.341009375 0.7001953125 0.3370890625 0.73046875 0.3307203125 0.7578125 0.3282703125 0.7763671875
14 0.284175 0.7080078125 0.2983828125 0.673828125 0.30867187500000004 0.669921875 0.3052421875 0.70703125 0.2983828125 0.724609375 0.2871140625 0.7470703125 0.2915234375 0.759765625 0.30867187500000004 0.7333984375 0.3282703125 0.697265625 0.3380703125 0.6376953125 0.34492968749999997 0.59375 0.3557078125 0.5751953125 0.347378125 0.5576171875 0.3258203125 0.5654296875 0.3140625 0.5458984375 0.29544375 0.55078125 0.2915234375 0.572265625 0.28662343749999997 0.626953125 0.276825 0.6611328125 0.2660453125 0.7001953125 0.2542875 0.7314453125 0.272415625 0.7294921875 0.284175 0.7080078125
15 0.2302796875 0.6552734375 0.237628125 0.6318359375 0.24742812500000003 0.6220703125 0.2454671875 0.6552734375 0.236159375 0.6748046875 0.222440625 0.70703125 0.2293 0.7177734375 0.2572265625 0.6748046875 0.272415625 0.6181640625 0.2871140625 0.5888671875 0.2934828125 0.5478515625 0.28662343749999997 0.525390625 0.262615625 0.525390625 0.2518375 0.505859375 0.2371390625 0.521484375 0.2293 0.564453125 0.223909375 0.6005859375 0.2160703125 0.6337890625 0.207740625 0.6611328125 0.20921093750000003 0.697265625 0.2160703125 0.697265625 0.2302796875 0.6552734375
16 0.1935328125 0.59375 0.1905921875 0.634765625 0.1837328125 0.66796875 0.19696249999999998 0.6640625 0.2072515625 0.6416015625 0.21558125 0.607421875 0.22685 0.5810546875 0.2341984375 0.53515625 0.22537968749999998 0.5048828125 0.2072515625 0.4951171875 0.194021875 0.48828125 0.18079375 0.4892578125 0.1709953125 0.51171875 0.1685453125 0.5556640625 0.16119531250000002 0.583984375 0.155315625 0.6201171875 0.16266562499999998 0.6416015625 0.181284375 0.6083984375 0.1935328125 0.59375