31 0.7016171875 0.5068359375 0.709946875 0.513671875 0.723175 0.5068359375 0.736403125 0.5068359375 0.7466921875 0.4873046875 0.7413031250000001 0.453125 0.7403234375000001 0.4208984375 0.734934375 0.384765625 0.73689375 0.353515625 0.7261140625 0.34375 0.7138656250000001 0.400390625 0.71190625 0.4404296875 0.7011265625 0.4794921875 0.7016171875 0.5068359375
17 0.63204375 0.578125 0.64968125 0.5888671875 0.6604609375 0.5732421875 0.6604609375 0.5498046875 0.6531109374999999 0.51953125 0.6531109374999999 0.4853515625 0.6452718749999999 0.44921875 0.637921875 0.4130859375 0.62224375 0.3994140625 0.6232234375 0.4697265625 0.6232234375 0.5234375 0.6237140625 0.5654296875 0.63204375 0.578125
18 0.5903968749999999 0.5419921875 0.5938265625 0.5625 0.6050953125 0.5693359375 0.6207734375 0.5859375 0.6246937499999999 0.568359375 0.625184375 0.513671875 0.62224375 0.45703125 0.618325 0.4228515625 0.6119546875 0.4326171875 0.6055859375 0.4462890625 0.60215625 0.466796875 0.596765625 0.4970703125 0.5903968749999999 0.5419921875
19 0.5668796875 0.53515625 0.5668796875 0.552734375 0.56736875 0.578125 0.5756984375 0.5947265625 0.584028125 0.5947265625 0.5957859375 0.5791015625 0.5938265625 0.5537109375 0.5913765625 0.525390625 0.5889265625 0.4775390625 0.5835375 0.4345703125 0.581578125 0.404296875 0.574228125 0.4033203125 0.56981875 0.42578125 0.56736875 0.45703125 0.570309375 0.4970703125 0.5668796875 0.53515625
20 0.541890625 0.5751953125 0.5433609374999999 0.6015625 0.555609375 0.6064453125 0.5658984375 0.5869140625 0.5614890625 0.5390625 0.5614890625 0.50390625 0.5551203124999999 0.4609375 0.5521796875 0.4296875 0.544340625 0.4072265625 0.53993125 0.4375 0.5409109375 0.48046875 0.541890625 0.5283203125 0.541890625 0.5751953125
21 0.5066140625 0.5322265625 0.5002453124999999 0.5703125 0.501715625 0.6083984375 0.5134734375 0.6279296875 0.5252328125 0.6123046875 0.5360125 0.599609375 0.5360125 0.5537109375 0.5316015625 0.4873046875 0.524253125 0.439453125 0.5022046875 0.4365234375 0.5066140625 0.501953125 0.5066140625 0.5322265625
22 0.49093593750000003 0.439453125 0.475746875 0.439453125 0.470846875 0.4833984375 0.470846875 0.525390625 0.4634984375 0.5625 0.4634984375 0.6064453125 0.47182812500000004 0.623046875 0.48407656250000003 0.6220703125 0.5022046875 0.6123046875 0.501715625 0.568359375 0.501715625 0.533203125 0.49926562499999994 0.5 0.4958359375 0.4560546875 0.49093593750000003 0.439453125
30 0.470846875 0.4306640625 0.45516875 0.439453125 0.44439062500000004 0.4892578125 0.44242968749999995 0.5322265625 0.43753125 0.5654296875 0.4360609375 0.5849609375 0.4404703125 0.603515625 0.45222968750000003 0.609375 0.46202812499999996 0.6064453125 0.4639875 0.5634765625 0.46251875 0.5283203125 0.46251875 0.505859375 0.464478125 0.47265625 0.470846875 0.44921875 0.470846875 0.4306640625
29 0.41548281249999997 0.42578125 0.409603125 0.4755859375 0.41107343749999997 0.5087890625 0.40715312499999995 0.529296875 0.4061734375 0.544921875 0.41058281250000006 0.580078125 0.415971875 0.5830078125 0.42626093750000005 0.5859375 0.43899999999999995 0.5517578125 0.43899999999999995 0.5068359375 0.43899999999999995 0.482421875 0.43899999999999995 0.4501953125 0.43116093749999995 0.419921875 0.41548281249999997 0.42578125
23 0.384615625 0.4130859375 0.37432656249999996 0.4208984375 0.38265625000000003 0.5 0.377265625 0.5419921875 0.3787359375 0.5654296875 0.3855953125 0.5703125 0.39637500000000003 0.5703125 0.41499218750000005 0.5458984375 0.412053125 0.515625 0.4042140625 0.482421875 0.402253125 0.45703125 0.400784375 0.427734375 0.384615625 0.4130859375
24 0.359628125 0.4697265625 0.3581578125 0.5009765625 0.3493390625 0.533203125 0.3512984375 0.548828125 0.3581578125 0.5546875 0.3669765625 0.5537109375 0.37530625 0.5556640625 0.382165625 0.5341796875 0.382165625 0.4921875 0.377265625 0.4541015625 0.37285625 0.4169921875 0.359628125 0.416015625 0.359628125 0.4697265625
26 0.28907343750000003 0.4111328125 0.2827046875 0.4326171875 0.272415625 0.4658203125 0.2846640625 0.5 0.29299375 0.509765625 0.3106328125 0.515625 0.31553125 0.4931640625 0.319940625 0.4697265625 0.319940625 0.4443359375 0.3238609375 0.400390625 0.297403125 0.3837890625 0.28907343750000003 0.4111328125
0 0.274865625 0.6123046875 0.3008328125 0.6025390625 0.3076921875 0.5810546875 0.3013234375 0.5400390625 0.28564375000000003 0.5029296875 0.2640859375 0.5126953125 0.2533078125 0.5419921875 0.23909843749999998 0.544921875 0.21949999999999997 0.5732421875 0.21949999999999997 0.5849609375 0.21949999999999997 0.599609375 0.23076875000000002 0.623046875 0.25134687499999997 0.625 0.274865625 0.6123046875
4 0.42283125000000005 0.7548828125 0.42626093750000005 0.724609375 0.43018124999999996 0.6826171875 0.43018124999999996 0.658203125 0.43018124999999996 0.619140625 0.420871875 0.6162109375 0.40764374999999997 0.6220703125 0.39882343750000004 0.638671875 0.40372343749999995 0.6689453125 0.40372343749999995 0.708984375 0.40372343749999995 0.744140625 0.395884375 0.78125 0.3924546875 0.8046875 0.39637500000000003 0.8173828125 0.4056828125 0.80859375 0.412053125 0.796875 0.41940156249999994 0.775390625 0.42283125000000005 0.7548828125
5 0.4605578125 0.677734375 0.45516875 0.634765625 0.45026875000000005 0.619140625 0.430671875 0.6162109375 0.4292015625 0.6513671875 0.4292015625 0.6796875 0.4272421875 0.7314453125 0.430671875 0.7802734375 0.439490625 0.8154296875 0.4453703125 0.80078125 0.45075937499999996 0.7822265625 0.45908906250000003 0.744140625 0.4610484375 0.7138671875 0.4605578125 0.677734375
6 0.4889765625 0.642578125 0.469378125 0.6298828125 0.457128125 0.6259765625 0.457128125 0.64453125 0.46202812499999996 0.66796875 0.4639875 0.7060546875 0.4639875 0.751953125 0.4728078125 0.7919921875 0.48603593749999996 0.7802734375 0.48603593749999996 0.76171875 0.48260625 0.734375 0.48260625 0.720703125 0.4821171875 0.6796875 0.4889765625 0.642578125
7 0.5066140625 0.6923828125 0.510534375 0.6376953125 0.4889765625 0.6455078125 0.4835859375 0.6796875 0.48603593749999996 0.705078125 0.4933859375 0.748046875 0.4977953125 0.77734375 0.505634375 0.8037109375 0.51004375 0.7841796875 0.5090640625 0.763671875 0.5071046875 0.7412109375 0.5066140625 0.7138671875 0.5066140625 0.6923828125
8 0.510534375 0.6357421875 0.510534375 0.681640625 0.5188640625 0.7177734375 0.52229375 0.763671875 0.5276828124999999 0.791015625 0.5350312500000001 0.7744140625 0.5350312500000001 0.7412109375 0.5325828125000001 0.7041015625 0.5320921875 0.642578125 0.510534375 0.6357421875
9 0.5541406249999999 0.6796875 0.55855 0.634765625 0.5389515625 0.6318359375 0.5301328125 0.654296875 0.5355218749999999 0.6962890625 0.53748125 0.728515625 0.5458109375 0.7578125 0.5482609375 0.7978515625 0.5551203124999999 0.796875 0.556590625 0.7744140625 0.555609375 0.7392578125 0.55365 0.71875 0.5541406249999999 0.6796875
10 0.5835375 0.7021484375 0.5825578124999999 0.6728515625 0.5825578124999999 0.6328125 0.57226875 0.6328125 0.5600203125000001 0.6328125 0.5541406249999999 0.654296875 0.5600203125000001 0.6845703125 0.5619796874999999 0.705078125 0.565409375 0.7421875 0.574228125 0.77734375 0.579128125 0.8115234375 0.584028125 0.8408203125 0.5913765625 0.828125 0.5884375000000001 0.8134765625 0.5884375000000001 0.77734375 0.5884375000000001 0.744140625 0.5835375 0.7021484375
11 0.6139140624999999 0.72265625 0.6168546874999999 0.681640625 0.6163640625 0.6416015625 0.5987265625 0.6318359375 0.5850078125 0.654296875 0.5903968749999999 0.6943359375 0.59480625 0.7255859375 0.5982359374999999 0.7587890625 0.604115625 0.7978515625 0.620284375 0.8251953125 0.629103125 0.818359375 0.626653125 0.8017578125 0.62224375 0.7841796875 0.6163640625 0.751953125 0.6139140624999999 0.72265625
25 0.36060781249999996 0.4072265625 0.3640375 0.3623046875 0.3537484375 0.3623046875 0.3488484375 0.3798828125 0.34051875 0.40625 0.3375796875 0.4267578125 0.332190625 0.388671875 0.32778125 0.37109375 0.3233703125 0.392578125 0.32533124999999996 0.4287109375 0.3243515625 0.458984375 0.3189609375 0.4814453125 0.3140625 0.4951171875 0.3106328125 0.515625 0.3106328125 0.5322265625 0.316021875 0.5380859375 0.32288125 0.5439453125 0.3307203125 0.544921875 0.33415 0.5546875 0.34051875 0.55078125 0.3512984375 0.537109375 0.3586484375 0.50390625 0.35766718750000004 0.4912109375 0.35766718750000004 0.4775390625 0.359628125 0.451171875 0.36060781249999996 0.4072265625
2 0.7079859374999999 0.4814453125 0.708965625 0.4609375 0.7011265625 0.443359375 0.6947578125 0.4423828125 0.6878984375 0.4482421875 0.6810390625 0.46875 0.6761390625 0.486328125 0.6756484375 0.5087890625 0.6805484374999999 0.5263671875 0.68691875 0.537109375 0.6947578125 0.5390625 0.70455625 0.529296875 0.70945625 0.5166015625 0.7104359375 0.5029296875 0.7079859374999999 0.4814453125
13 0.680059375 0.4912109375 0.6756484375 0.4658203125 0.667809375 0.4765625 0.6604609375 0.4951171875 0.652621875 0.51953125 0.65703125 0.5419921875 0.6624203125 0.5693359375 0.67466875 0.56640625 0.6805484374999999 0.560546875 0.6834890625 0.5419921875 0.6834890625 0.5234375 0.680059375 0.4912109375
16 0.8133265625 0.6162109375 0.809896875 0.60546875 0.8094078124999999 0.576171875 0.8010781250000001 0.5556640625 0.7907890625 0.556640625 0.7814796875 0.5615234375 0.7697203125 0.56640625 0.7633515625 0.5693359375 0.755021875 0.5703125 0.7501218749999999 0.591796875 0.76188125 0.62890625 0.77168125 0.642578125 0.7814796875 0.677734375 0.7907890625 0.69140625 0.8074468749999999 0.6953125 0.8275359375000001 0.689453125 0.8319453125 0.6787109375 0.8339046874999999 0.6611328125 0.8299859375 0.6494140625 0.82165625 0.640625 0.8133265625 0.6162109375