2 0.3150140625 0.333984375 0.29440625 0.3095703125 0.28557343749999997 0.3701171875 0.264965625 0.3984375 0.2546609375 0.4287109375 0.2507359375 0.4619140625 0.2703625 0.490234375 0.2865546875 0.50390625 0.298821875 0.494140625 0.3017671875 0.4619140625 0.3066734375 0.4228515625 0.3120703125 0.38671875 0.3150140625 0.333984375
13 0.3415109375 0.4208984375 0.3415109375 0.3984375 0.3415109375 0.349609375 0.3140328125 0.3544921875 0.3140328125 0.396484375 0.3120703125 0.4306640625 0.299803125 0.4658203125 0.300784375 0.5078125 0.3140328125 0.5244140625 0.33120781250000003 0.5244140625 0.3454359375 0.5283203125 0.353778125 0.49609375 0.34641875 0.4755859375 0.34445468749999997 0.44921875 0.3415109375 0.4208984375
18 0.40235468750000003 0.435546875 0.3964671875 0.396484375 0.37733125 0.4150390625 0.3709515625 0.45703125 0.3650640625 0.49609375 0.352796875 0.541015625 0.35672187499999997 0.5625 0.3719328125 0.5712890625 0.38714375 0.55859375 0.3954859375 0.5322265625 0.40039218749999994 0.501953125 0.40137343750000004 0.4716796875 0.40235468750000003 0.435546875
19 0.40333593749999996 0.396484375 0.40039218749999994 0.4267578125 0.3994109375 0.4833984375 0.39352343749999996 0.5263671875 0.38518125 0.55859375 0.3945046875 0.5849609375 0.409715625 0.5888671875 0.4219828125 0.5869140625 0.42492656249999994 0.544921875 0.4219828125 0.5185546875 0.4200203125 0.4638671875 0.4229640625 0.4111328125 0.40333593749999996 0.396484375
20 0.4578015625 0.4755859375 0.4597640625 0.4375 0.45338593749999995 0.400390625 0.448478125 0.4453125 0.4362125 0.5 0.4268890625 0.5341796875 0.4210015625 0.595703125 0.4322859375 0.60546875 0.44308125 0.603515625 0.45632968749999997 0.595703125 0.45632968749999997 0.5673828125 0.4578015625 0.5322265625 0.4578015625 0.509765625 0.4578015625 0.4755859375
21 0.4607453125 0.4453125 0.4607453125 0.4755859375 0.4607453125 0.509765625 0.4607453125 0.5771484375 0.45338593749999995 0.611328125 0.47890156250000004 0.615234375 0.499509375 0.6279296875 0.499509375 0.5732421875 0.49214843750000004 0.5341796875 0.49214843750000004 0.5078125 0.4882234375 0.4453125 0.4607453125 0.4453125
22 0.5269874999999999 0.4189453125 0.5083421875 0.4169921875 0.498528125 0.4677734375 0.49705625 0.54296875 0.498528125 0.615234375 0.5147203124999999 0.6220703125 0.5451421875 0.6181640625 0.5431796875 0.5869140625 0.5368015625 0.5380859375 0.53385625 0.5146484375 0.53385625 0.4697265625 0.5269874999999999 0.4189453125
30 0.5461234375 0.4150390625 0.52993125 0.4306640625 0.5318937499999999 0.4658203125 0.5402359375 0.5078125 0.5451421875 0.556640625 0.552503125 0.609375 0.5706578125 0.609375 0.58390625 0.599609375 0.5789984375 0.5732421875 0.5736015625 0.544921875 0.56575 0.50390625 0.561334375 0.4619140625 0.5461234375 0.4150390625
29 0.5971546875 0.43359375 0.5971546875 0.388671875 0.5799796875000001 0.392578125 0.5765453125 0.4228515625 0.5765453125 0.45703125 0.5780171875 0.49609375 0.5755640625 0.541015625 0.5848875 0.5712890625 0.5961734375 0.5869140625 0.613346875 0.59375 0.613346875 0.564453125 0.613346875 0.5322265625 0.6064765624999999 0.501953125 0.6000984375 0.4658203125 0.5971546875 0.43359375
24 0.62365 0.4375 0.6187437499999999 0.5 0.6094203125 0.5380859375 0.62365 0.5546875 0.6378796875 0.552734375 0.649165625 0.548828125 0.649165625 0.5302734375 0.648184375 0.455078125 0.63984375 0.390625 0.62365 0.390625 0.62365 0.4375
25 0.68155 0.3681640625 0.6560359375 0.3701171875 0.6550546875000001 0.390625 0.651128125 0.4375 0.653090625 0.4775390625 0.648184375 0.5146484375 0.6570171874999999 0.541015625 0.6683015625000001 0.55078125 0.6795875 0.544921875 0.6967609375 0.5283203125 0.705103125 0.49609375 0.6947984375 0.44921875 0.6938171875 0.3759765625 0.68155 0.3681640625
26 0.7144265625 0.34765625 0.6947984375 0.3662109375 0.7001968749999999 0.4150390625 0.705103125 0.451171875 0.706084375 0.505859375 0.7222765625 0.5078125 0.73454375 0.490234375 0.7531890625 0.4619140625 0.7526984375 0.4248046875 0.7374875000000001 0.4150390625 0.72865625 0.3701171875 0.7144265625 0.34765625
0 0.703140625 0.609375 0.72865625 0.6337890625 0.7497546875000001 0.671875 0.7639843749999999 0.6982421875 0.7836109375 0.6923828125 0.7914625 0.6767578125 0.7723265625 0.6298828125 0.759078125 0.595703125 0.7551515625 0.5625 0.7477921875 0.5341796875 0.73061875 0.5146484375 0.7129531250000001 0.5439453125 0.6952890625 0.5654296875 0.703140625 0.609375
1 0.6388609375 0.6298828125 0.6560359375 0.6484375 0.6614328125 0.6826171875 0.6717375 0.724609375 0.677625 0.7578125 0.6928359375 0.7900390625 0.710009375 0.7822265625 0.6908734375 0.7294921875 0.6805687500000001 0.6748046875 0.6977421875 0.6806640625 0.703140625 0.703125 0.7134453125 0.7294921875 0.7242390624999999 0.7490234375 0.7365062499999999 0.7451171875 0.7193328125 0.6943359375 0.7001968749999999 0.650390625 0.702159375 0.603515625 0.6898921875 0.5693359375 0.6702656250000001 0.5625 0.6599609375 0.5849609375 0.6388609375 0.59375 0.6388609375 0.6298828125
3 0.647203125 0.7490234375 0.6584890624999999 0.763671875 0.6702656250000001 0.763671875 0.6653578125 0.716796875 0.651128125 0.6806640625 0.647203125 0.6484375 0.6368984375 0.603515625 0.615309375 0.6181640625 0.6050046874999999 0.658203125 0.6319921875000001 0.6982421875 0.647203125 0.7490234375
5 0.5799796875000001 0.755859375 0.593228125 0.7880859375 0.611384375 0.82421875 0.6197250000000001 0.806640625 0.611384375 0.7822265625 0.6030421875 0.7451171875 0.6000984375 0.70703125 0.5961734375 0.662109375 0.5888125 0.6357421875 0.557409375 0.6376953125 0.563296875 0.6884765625 0.5799796875000001 0.755859375
6 0.5412171875 0.7998046875 0.552503125 0.7900390625 0.552503125 0.755859375 0.555446875 0.708984375 0.559371875 0.6435546875 0.5235531250000001 0.646484375 0.532875 0.7109375 0.53385625 0.7373046875 0.5348375 0.771484375 0.5412171875 0.7998046875
7 0.522571875 0.767578125 0.52895 0.71875 0.52895 0.6884765625 0.52600625 0.65234375 0.498528125 0.6435546875 0.504415625 0.703125 0.5083421875 0.7431640625 0.5117765624999999 0.767578125 0.522571875 0.767578125
8 0.48086406249999997 0.7451171875 0.48086406249999997 0.765625 0.48086406249999997 0.7919921875 0.49214843750000004 0.7734375 0.49313124999999997 0.7412109375 0.498528125 0.71484375 0.498528125 0.6748046875 0.499509375 0.6376953125 0.474975 0.6376953125 0.47595625 0.6845703125 0.48086406249999997 0.724609375 0.48086406249999997 0.7451171875
9 0.44210000000000005 0.75390625 0.445534375 0.7822265625 0.448478125 0.818359375 0.4578015625 0.7880859375 0.4597640625 0.763671875 0.46663437500000005 0.716796875 0.46859687499999997 0.6767578125 0.4730125 0.6396484375 0.4578015625 0.6376953125 0.44013749999999996 0.6396484375 0.44111874999999995 0.708984375 0.44210000000000005 0.75390625
10 0.40480937499999997 0.76953125 0.3994109375 0.7978515625 0.4239453125 0.77734375 0.43523125 0.720703125 0.43915625 0.6806640625 0.44210000000000005 0.6298828125 0.409715625 0.6318359375 0.406771875 0.6943359375 0.405790625 0.7314453125 0.40480937499999997 0.76953125
11 0.3729140625 0.712890625 0.3626109375 0.76953125 0.3606484375 0.8125 0.3719328125 0.7998046875 0.38518125 0.763671875 0.3915609375 0.71484375 0.3954859375 0.6787109375 0.41265937499999994 0.6298828125 0.39352343749999996 0.6240234375 0.37733125 0.6220703125 0.3729140625 0.6640625 0.3729140625 0.712890625
14 0.3415109375 0.5625 0.316978125 0.5791015625 0.3130515625 0.615234375 0.300784375 0.650390625 0.2875375 0.6865234375 0.2733078125 0.7392578125 0.29685937500000004 0.7294921875 0.3056921875 0.703125 0.3331703125 0.6748046875 0.322865625 0.712890625 0.316978125 0.7373046875 0.3047109375 0.763671875 0.3150140625 0.771484375 0.330225 0.755859375 0.3385671875 0.71484375 0.3493625 0.66796875 0.3699703125 0.6416015625 0.375859375 0.60546875 0.3626109375 0.5908203125 0.34838125 0.5888671875 0.3415109375 0.5625
15 0.260059375 0.5263671875 0.2556421875 0.5751953125 0.24141249999999997 0.603515625 0.2271828125 0.6318359375 0.2173703125 0.654296875 0.2242390625 0.671875 0.2526984375 0.6826171875 0.264965625 0.66015625 0.2762515625 0.6318359375 0.2953875 0.60546875 0.31894062500000003 0.5830078125 0.30274843749999997 0.546875 0.2762515625 0.5205078125 0.260059375 0.5263671875