2 0.7040671875 0.4599609375 0.7040671875 0.484375 0.7040671875 0.5380859375 0.7040671875 0.595703125 0.709946875 0.6513671875 0.73199375 0.6513671875 0.738853125 0.611328125 0.738853125 0.5732421875 0.7432624999999999 0.5107421875 0.74424375 0.4755859375 0.7241546875 0.4599609375 0.7040671875 0.4599609375
13 0.666340625 0.419921875 0.652621875 0.4423828125 0.6550703125 0.484375 0.6604609375 0.533203125 0.6604609375 0.5673828125 0.6692796875 0.6162109375 0.6986765625 0.6162109375 0.7030875 0.576171875 0.6986765625 0.5224609375 0.7030875 0.455078125 0.695246875 0.435546875 0.666340625 0.419921875
17 0.6281234375 0.4287109375 0.6193046875 0.4521484375 0.6281234375 0.4931640625 0.6281234375 0.5224609375 0.629103125 0.611328125 0.64723125 0.611328125 0.64723125 0.5576171875 0.64723125 0.5224609375 0.652621875 0.482421875 0.6550703125 0.4306640625 0.6413515624999999 0.41796875 0.6281234375 0.4287109375
18 0.603625 0.5888671875 0.6246937499999999 0.62890625 0.6246937499999999 0.591796875 0.6237140625 0.5263671875 0.6227343750000001 0.470703125 0.6232234375 0.42578125 0.5933359375 0.4375 0.599215625 0.4931640625 0.599215625 0.544921875 0.603625 0.5888671875
19 0.55855 0.4287109375 0.5575703125 0.4638671875 0.56345 0.517578125 0.565409375 0.5576171875 0.5688390625 0.6044921875 0.597746875 0.591796875 0.597746875 0.5625 0.5957859375 0.5068359375 0.5957859375 0.4755859375 0.5899062500000001 0.423828125 0.5712890625 0.4150390625 0.55855 0.4287109375
20 0.5262125 0.408203125 0.5296421875 0.453125 0.5340515625 0.4794921875 0.5350312500000001 0.5048828125 0.5350312500000001 0.546875 0.533071875 0.607421875 0.56345 0.6025390625 0.5644296875 0.5732421875 0.5644296875 0.546875 0.55855 0.4931640625 0.5575703125 0.4482421875 0.54973125 0.4111328125 0.5262125 0.408203125
21 0.5365015625 0.6025390625 0.5365015625 0.5625 0.5365015625 0.501953125 0.5208234375 0.4287109375 0.510534375 0.451171875 0.501715625 0.484375 0.501715625 0.5244140625 0.506125 0.61328125 0.5365015625 0.6025390625
22 0.466928125 0.5380859375 0.4713375 0.62890625 0.48407656250000003 0.6220703125 0.491915625 0.5751953125 0.4958359375 0.529296875 0.49926562499999994 0.4814453125 0.48848593749999997 0.4443359375 0.4737875 0.453125 0.46496875 0.4736328125 0.466928125 0.5380859375
30 0.4287109375 0.4755859375 0.43263125 0.5029296875 0.432140625 0.5576171875 0.4409609375 0.6171875 0.45859843749999996 0.607421875 0.46202812499999996 0.55859375 0.4605578125 0.5009765625 0.4659484375 0.4130859375 0.44145 0.408203125 0.42675156249999996 0.4326171875 0.4287109375 0.4755859375
29 0.39637500000000003 0.419921875 0.3998046875 0.46875 0.400784375 0.517578125 0.400784375 0.5556640625 0.40519375 0.6533203125 0.41842187500000005 0.6416015625 0.42773125 0.5673828125 0.42773125 0.5380859375 0.42773125 0.5 0.42773125 0.4375 0.412053125 0.4150390625 0.39637500000000003 0.419921875
23 0.3694265625 0.5517578125 0.3674671875 0.6181640625 0.400784375 0.59765625 0.402253125 0.529296875 0.4081328125 0.4912109375 0.4061734375 0.4443359375 0.3782453125 0.4306640625 0.37040625 0.44921875 0.3718765625 0.4970703125 0.3694265625 0.5517578125
24 0.34394843750000004 0.548828125 0.34394843750000004 0.609375 0.359628125 0.609375 0.3674671875 0.5673828125 0.37922656250000003 0.4814453125 0.3787359375 0.4521484375 0.35276874999999996 0.4326171875 0.3395390625 0.4423828125 0.3444390625 0.4794921875 0.34394843750000004 0.548828125
25 0.3081828125 0.4501953125 0.2988734375 0.4521484375 0.30034375 0.494140625 0.3042625 0.5361328125 0.3067125 0.5830078125 0.3081828125 0.609375 0.34051875 0.6005859375 0.34051875 0.5400390625 0.345909375 0.4892578125 0.3370890625 0.4423828125 0.32043125 0.4384765625 0.3081828125 0.4501953125
26 0.2508578125 0.494140625 0.2670265625 0.5478515625 0.2689859375 0.5849609375 0.27339531250000004 0.64453125 0.29936250000000003 0.64453125 0.29789374999999996 0.595703125 0.29789374999999996 0.5517578125 0.302303125 0.4736328125 0.2939734375 0.453125 0.258696875 0.46875 0.2508578125 0.494140625
0 0.278784375 0.453125 0.29936250000000003 0.4326171875 0.313571875 0.408203125 0.307203125 0.37109375 0.28123437500000004 0.314453125 0.2709453125 0.267578125 0.23664843750000003 0.28125 0.24301875 0.3369140625 0.2523265625 0.35546875 0.258696875 0.4111328125 0.278784375 0.453125
1 0.28907343750000003 0.234375 0.2959328125 0.3037109375 0.3081828125 0.359375 0.3125921875 0.4306640625 0.347378125 0.41796875 0.36060781249999996 0.4130859375 0.3561984375 0.35546875 0.3561984375 0.330078125 0.34492968749999997 0.26171875 0.324840625 0.2255859375 0.3125921875 0.234375 0.3351296875 0.3056640625 0.3150421875 0.296875 0.3013234375 0.265625 0.28907343750000003 0.234375
3 0.34835937499999997 0.25 0.359628125 0.3212890625 0.3630578125 0.3642578125 0.3630578125 0.4150390625 0.384125 0.4130859375 0.39539375 0.40234375 0.39294531250000003 0.373046875 0.388534375 0.314453125 0.384125 0.279296875 0.3787359375 0.2529296875 0.370896875 0.2255859375 0.3674671875 0.2060546875 0.35521875 0.201171875 0.34835937499999997 0.25
4 0.40764374999999997 0.3994140625 0.42332187499999996 0.3994140625 0.425771875 0.359375 0.41107343749999997 0.259765625 0.40274374999999996 0.2314453125 0.3919640625 0.2587890625 0.390984375 0.328125 0.390984375 0.373046875 0.39539375 0.3994140625 0.40764374999999997 0.3994140625
5 0.42675156249999996 0.4111328125 0.443409375 0.40625 0.4605578125 0.4111328125 0.44683906249999994 0.298828125 0.443409375 0.2568359375 0.43459062499999995 0.2275390625 0.4243015625 0.2314453125 0.42332187499999996 0.27734375 0.425771875 0.330078125 0.42675156249999996 0.3681640625 0.42675156249999996 0.4111328125
6 0.45908906250000003 0.4130859375 0.47819687499999997 0.3974609375 0.4728078125 0.330078125 0.4713375 0.2724609375 0.4674171875 0.2568359375 0.45908906250000003 0.251953125 0.45222968750000003 0.2548828125 0.45222968750000003 0.29296875 0.45222968750000003 0.32421875 0.4546796875 0.37109375 0.45908906250000003 0.4130859375
7 0.4772171875 0.3662109375 0.48505624999999997 0.392578125 0.5007343750000001 0.392578125 0.496325 0.314453125 0.496325 0.265625 0.4948546875 0.244140625 0.48946562499999996 0.22265625 0.4835859375 0.2275390625 0.47966718750000004 0.240234375 0.48162656249999997 0.2587890625 0.47819687499999997 0.298828125 0.4772171875 0.3662109375
9 0.521803125 0.3505859375 0.5208234375 0.388671875 0.5453203125 0.3955078125 0.5453203125 0.341796875 0.5453203125 0.3037109375 0.54483125 0.27734375 0.5394421875 0.2646484375 0.5335625 0.2509765625 0.5232734375 0.23828125 0.5164140625 0.26171875 0.5164140625 0.298828125 0.521803125 0.3505859375
10 0.5453203125 0.3330078125 0.5463015625 0.3681640625 0.5463015625 0.3994140625 0.574228125 0.3955078125 0.574228125 0.33984375 0.574228125 0.29296875 0.57226875 0.27734375 0.5668796875 0.224609375 0.5561 0.2177734375 0.54875 0.263671875 0.5463015625 0.296875 0.5453203125 0.3330078125
11 0.576678125 0.3017578125 0.571778125 0.369140625 0.5820671875000001 0.38671875 0.603625 0.3818359375 0.60460625 0.328125 0.603625 0.2900390625 0.59725625 0.2353515625 0.5918671875 0.1865234375 0.5835375 0.1904296875 0.5805984375000001 0.2060546875 0.5781484375 0.2294921875 0.574228125 0.248046875 0.576678125 0.3017578125
15 0.7422828124999999 0.2587890625 0.7290546875 0.26171875 0.7202359375 0.2880859375 0.707496875 0.3125 0.6942671875 0.359375 0.6825078125 0.396484375 0.7065171875 0.4462890625 0.7334640625 0.4443359375 0.7413031250000001 0.404296875 0.7432624999999999 0.3525390625 0.751103125 0.3212890625 0.7589421875 0.2744140625 0.7422828124999999 0.2587890625
8 0.5134734375 0.240234375 0.501715625 0.21484375 0.4958359375 0.2451171875 0.4958359375 0.2705078125 0.4958359375 0.3017578125 0.4977953125 0.330078125 0.498284375 0.3603515625 0.4997546875 0.390625 0.51249375 0.4013671875 0.52229375 0.3779296875 0.5188640625 0.3466796875 0.5183734375 0.306640625 0.5159234374999999 0.2783203125 0.5134734375 0.240234375