31 0.705078125 0.23958906249999998 0.681640625 0.2464484375 0.646484375 0.2542875 0.646484375 0.26800625 0.6484375 0.276825 0.67578125 0.2851546875 0.705078125 0.29495312500000004 0.7421875 0.2871140625 0.767578125 0.27192500000000003 0.75 0.256246875 0.705078125 0.23958906249999998
2 0.66015625 0.276825 0.6328125 0.2660453125 0.5751953125 0.24154843750000002 0.5458984375 0.2454671875 0.5244140625 0.26310625 0.5146484375 0.2807453125 0.5380859375 0.28907343750000003 0.5849609375 0.29789374999999996 0.650390625 0.30867187500000004 0.689453125 0.3076921875 0.689453125 0.2939734375 0.66015625 0.276825
13 0.64453125 0.34394843750000004 0.630859375 0.32239062500000004 0.607421875 0.3145515625 0.5712890625 0.304753125 0.5322265625 0.2871140625 0.5029296875 0.286134375 0.4697265625 0.29789374999999996 0.4599609375 0.31553125 0.4716796875 0.32925 0.5087890625 0.34394843750000004 0.5517578125 0.34786875 0.5791015625 0.35276874999999996 0.62109375 0.3566875 0.64453125 0.34394843750000004
17 0.619140625 0.3645265625 0.609375 0.3586484375 0.5322265625 0.345909375 0.4912109375 0.3380703125 0.4619140625 0.33415 0.4345703125 0.33904999999999996 0.4345703125 0.3566875 0.4462890625 0.3645265625 0.5009765625 0.37530625 0.5322265625 0.3782453125 0.5751953125 0.3860859375 0.5947265625 0.3900046875 0.609375 0.377265625 0.619140625 0.3645265625
18 0.5849609375 0.389025 0.5419921875 0.38020624999999997 0.4892578125 0.3723671875 0.4541015625 0.3645265625 0.4228515625 0.36550781250000003 0.4111328125 0.3782453125 0.4267578125 0.390984375 0.4521484375 0.400784375 0.5380859375 0.409603125 0.5712890625 0.41058281250000006 0.607421875 0.4017640625 0.5849609375 0.389025
19 0.5068359375 0.409603125 0.4326171875 0.39784375 0.3955078125 0.4056828125 0.3876953125 0.414503125 0.4130859375 0.43263125 0.4580078125 0.43655 0.4990234375 0.4404703125 0.5283203125 0.4453703125 0.5712890625 0.45418906249999996 0.5947265625 0.439490625 0.6005859375 0.42283125000000005 0.5068359375 0.409603125
20 0.3896484375 0.4385109375 0.3896484375 0.45908906250000003 0.4482421875 0.46202812499999996 0.5263671875 0.4639875 0.5615234375 0.46986718749999995 0.5810546875 0.466928125 0.5771484375 0.45125000000000004 0.5087890625 0.44439062500000004 0.4365234375 0.43459062499999995 0.3896484375 0.4385109375
21 0.5810546875 0.49436562500000003 0.5556640625 0.47966718750000004 0.4970703125 0.46986718749999995 0.4443359375 0.4639875 0.3955078125 0.45908906250000003 0.3642578125 0.47966718750000004 0.3720703125 0.496325 0.4033203125 0.5002453124999999 0.4248046875 0.5022046875 0.4580078125 0.498284375 0.4853515625 0.496325 0.5380859375 0.498284375 0.5595703125 0.501225 0.5810546875 0.49436562500000003
22 0.5517578125 0.5335625 0.5791015625 0.5335625 0.5751953125 0.5227828125 0.5322265625 0.51494375 0.4580078125 0.5071046875 0.4287109375 0.5041640625 0.3779296875 0.503184375 0.3583984375 0.5208234375 0.3642578125 0.5355218749999999 0.3837890625 0.5463015625 0.4189453125 0.544340625 0.4443359375 0.5384609375 0.4755859375 0.53748125 0.5126953125 0.5355218749999999 0.5517578125 0.5335625
30 0.4541015625 0.544340625 0.37890625 0.5467906250000001 0.3779296875 0.5595296875 0.3974609375 0.5712890625 0.44140625 0.5688390625 0.4912109375 0.5624687500000001 0.5478515625 0.5624687500000001 0.5869140625 0.55855 0.5791015625 0.5453203125 0.5263671875 0.5453203125 0.4541015625 0.544340625
29 0.4677734375 0.5732484375 0.4208984375 0.57226875 0.3955078125 0.579128125 0.3857421875 0.5918671875 0.4345703125 0.59970625 0.4873046875 0.597746875 0.5400390625 0.5938265625 0.6083984375 0.569328125 0.5634765625 0.5761875 0.5419921875 0.569328125 0.4677734375 0.5732484375
23 0.5341796875 0.59970625 0.4716796875 0.59970625 0.4306640625 0.59970625 0.4072265625 0.620284375 0.4345703125 0.6330234375 0.4853515625 0.624203125 0.5322265625 0.625184375 0.5810546875 0.624203125 0.5986328125 0.6212640625 0.62109375 0.606565625 0.5966796875 0.5987265625 0.5341796875 0.59970625
24 0.5302734375 0.62714375 0.4931640625 0.62714375 0.4443359375 0.629103125 0.4248046875 0.6487015625 0.4443359375 0.6648703125 0.4736328125 0.6629109375 0.5341796875 0.6555609375 0.5654296875 0.6487015625 0.5908203125 0.6398828125 0.603515625 0.625184375 0.5673828125 0.6261640625 0.5302734375 0.62714375
25 0.5634765625 0.656540625 0.5146484375 0.656540625 0.4677734375 0.6643796875 0.4580078125 0.6810390625 0.4697265625 0.7030875 0.4912109375 0.7060265625000001 0.5361328125 0.7050468750000001 0.6005859375 0.6874078124999999 0.63671875 0.6829984375 0.638671875 0.6604609375 0.611328125 0.6555609375 0.5634765625 0.656540625
26 0.6005859375 0.6903484375 0.5517578125 0.700146875 0.5126953125 0.709946875 0.5107421875 0.7266046875 0.5341796875 0.74424375 0.5732421875 0.7491421875000001 0.61328125 0.72954375 0.640625 0.71680625 0.673828125 0.70210625 0.638671875 0.6834890625 0.6005859375 0.6903484375
27 0.6357421875 0.751103125 0.666015625 0.7589421875 0.716796875 0.7452234375 0.7236328125 0.7315046875 0.71875 0.7128859375000001 0.67578125 0.7109265625 0.62109375 0.7315046875 0.6357421875 0.751103125
28 0.4912109375 0.7726609375 0.4658203125 0.76188125 0.4326171875 0.7491421875000001 0.3876953125 0.7540421875 0.3681640625 0.7765796875000001 0.392578125 0.789809375 0.419921875 0.7947078125 0.4580078125 0.796178125 0.4912109375 0.7726609375
0 0.3779296875 0.7079859374999999 0.3486328125 0.7217046875 0.3125 0.737384375 0.296875 0.7579625 0.283203125 0.7677609375000001 0.318359375 0.7540421875 0.3427734375 0.7413031250000001 0.3720703125 0.73934375 0.3505859375 0.7520828125000001 0.32421875 0.7658015625 0.306640625 0.7814796875 0.32421875 0.7775593749999999 0.3603515625 0.7677609375000001 0.4130859375 0.7501218749999999 0.4521484375 0.7452234375 0.4794921875 0.7246453125000001 0.4501953125 0.71190625 0.439453125 0.691328125 0.400390625 0.6878984375 0.3779296875 0.7079859374999999
1 0.3544921875 0.6300828125 0.3427734375 0.6467421875 0.322265625 0.6575203125 0.287109375 0.665359375 0.23828125 0.6903484375 0.224609375 0.7040671875 0.244140625 0.7060265625000001 0.26171875 0.6962265624999999 0.29296875 0.6883874999999999 0.314453125 0.6854484375000001 0.2890625 0.6981875 0.26953125 0.7138656250000001 0.259765625 0.7285640625 0.29296875 0.7217046875 0.322265625 0.708965625 0.3466796875 0.695246875 0.3857421875 0.6942671875 0.4267578125 0.6810390625 0.4169921875 0.6624203125 0.3994140625 0.647721875 0.3818359375 0.6349828125 0.3544921875 0.6300828125
3 0.3125 0.610484375 0.279296875 0.6261640625 0.25 0.6369421875 0.21875 0.6487015625 0.193359375 0.65948125 0.21484375 0.6643796875 0.244140625 0.6555609375 0.27734375 0.651640625 0.302734375 0.6457625 0.3427734375 0.637921875 0.3681640625 0.625184375 0.3623046875 0.608525 0.3447265625 0.597746875 0.3125 0.610484375
4 0.185546875 0.608525 0.22265625 0.6075453125 0.267578125 0.6075453125 0.30859375 0.606565625 0.3408203125 0.601665625 0.3583984375 0.5889265625 0.3486328125 0.5761875 0.328125 0.5683484375 0.298828125 0.57716875 0.26953125 0.5801078125 0.248046875 0.5869671875 0.2265625 0.5918671875 0.19921875 0.59970625 0.185546875 0.608525
5 0.283203125 0.54973125 0.2578125 0.560509375 0.23828125 0.5683484375 0.2421875 0.5801078125 0.2734375 0.5761875 0.30859375 0.570309375 0.33203125 0.5595296875 0.3125 0.5453203125 0.283203125 0.54973125
6 0.21875 0.5414015625 0.19921875 0.551690625 0.1875 0.5644296875 0.2109375 0.5644296875 0.240234375 0.5595296875 0.287109375 0.551690625 0.318359375 0.540421875 0.3369140625 0.5325828125000001 0.333984375 0.5227828125 0.322265625 0.5120046874999999 0.2890625 0.5178828125 0.25390625 0.5325828125000001 0.21875 0.5414015625
7 0.228515625 0.5188640625 0.275390625 0.5120046874999999 0.3125 0.512984375 0.330078125 0.49730468749999995 0.310546875 0.48946562499999996 0.279296875 0.491425 0.236328125 0.49730468749999995 0.212890625 0.506125 0.203125 0.5208234375 0.228515625 0.5188640625
8 0.201171875 0.48652656250000004 0.240234375 0.485546875 0.271484375 0.485546875 0.306640625 0.48652656250000004 0.3388671875 0.4835859375 0.3388671875 0.46986718749999995 0.32421875 0.4610484375 0.291015625 0.46202812499999996 0.2421875 0.466928125 0.212890625 0.47182812500000004 0.201171875 0.48652656250000004
9 0.22265625 0.43165156250000003 0.193359375 0.43753125 0.189453125 0.448309375 0.220703125 0.448309375 0.259765625 0.448309375 0.302734375 0.45026875000000005 0.326171875 0.45026875000000005 0.3447265625 0.4404703125 0.3408203125 0.42675156249999996 0.3125 0.4218515625 0.283203125 0.425771875 0.2578125 0.4336109375 0.22265625 0.43165156250000003
11 0.255859375 0.395884375 0.310546875 0.41058281250000006 0.3447265625 0.41891249999999997 0.3525390625 0.39784375 0.3525390625 0.38510468750000004 0.30078125 0.377265625 0.23046875 0.37432656249999996 0.203125 0.36648749999999997 0.203125 0.3831453125 0.255859375 0.395884375
12 0.3798828125 0.349828125 0.322265625 0.3400296875 0.283203125 0.3331703125 0.259765625 0.32925 0.212890625 0.3243515625 0.216796875 0.3351296875 0.236328125 0.34492968749999997 0.25390625 0.3488484375 0.27734375 0.35766718750000004 0.302734375 0.368446875 0.330078125 0.38020624999999997 0.3583984375 0.389025 0.3740234375 0.37432656249999996 0.3818359375 0.3586484375 0.3798828125 0.349828125
14 0.4287109375 0.30377343749999997 0.3818359375 0.2871140625 0.3525390625 0.2778046875 0.326171875 0.26310625 0.2890625 0.24448750000000002 0.2578125 0.2435078125 0.27734375 0.25820625 0.291015625 0.2738859375 0.30078125 0.284175 0.310546875 0.2959328125 0.291015625 0.29299375 0.259765625 0.2778046875 0.232421875 0.26506562499999997 0.224609375 0.2778046875 0.248046875 0.29495312500000004 0.296875 0.3194515625 0.322265625 0.33121093749999997 0.3583984375 0.3508078125 0.3740234375 0.3517890625 0.3994140625 0.3380703125 0.4130859375 0.32533124999999996 0.4287109375 0.30377343749999997
15 0.4248046875 0.22488906250000001 0.3701171875 0.2111703125 0.3408203125 0.1935328125 0.326171875 0.20431093749999998 0.3466796875 0.2160703125 0.3740234375 0.24154843750000002 0.3525390625 0.2346890625 0.330078125 0.21999062500000002 0.310546875 0.21215156249999997 0.3115234375 0.22782968750000002 0.3310546875 0.24742812500000003 0.3525390625 0.261146875 0.3896484375 0.2920140625 0.4375 0.3008328125 0.4658203125 0.283684375 0.4912109375 0.2572265625 0.4501953125 0.23664843750000003 0.4248046875 0.22488906250000001