2 0.723175 0.4638671875 0.7378734375 0.4892578125 0.7599218750000001 0.46875 0.77805 0.4423828125 0.76678125 0.3974609375 0.7613921875 0.330078125 0.7613921875 0.2861328125 0.7466921875 0.2744140625 0.7290546875 0.3193359375 0.723175 0.3642578125 0.718765625 0.4287109375 0.723175 0.4638671875
13 0.67075 0.4912109375 0.6883874999999999 0.5048828125 0.707496875 0.5087890625 0.723175 0.4912109375 0.7241546875 0.466796875 0.71190625 0.408203125 0.7006375 0.357421875 0.6996578125 0.314453125 0.6898578125 0.314453125 0.6761390625 0.3486328125 0.6683 0.4189453125 0.6648703125 0.466796875 0.67075 0.4912109375
18 0.62714375 0.5048828125 0.640371875 0.517578125 0.6550703125 0.5 0.6506609375 0.453125 0.642821875 0.392578125 0.6335124999999999 0.3193359375 0.6158750000000001 0.310546875 0.6124453125 0.3642578125 0.6158750000000001 0.451171875 0.6158750000000001 0.4912109375 0.62714375 0.5048828125
19 0.603625 0.5224609375 0.6148953125000001 0.4951171875 0.6148953125000001 0.453125 0.6080359375 0.3955078125 0.6001953125 0.3330078125 0.5899062500000001 0.328125 0.5820671875000001 0.388671875 0.5756984375 0.4482421875 0.5820671875000001 0.498046875 0.603625 0.5224609375
20 0.5531609375000001 0.517578125 0.5786374999999999 0.5087890625 0.5776578125 0.46875 0.5663890625 0.40625 0.55855 0.330078125 0.544340625 0.3037109375 0.5350312500000001 0.361328125 0.53993125 0.419921875 0.5453203125 0.482421875 0.5531609375000001 0.517578125
21 0.510534375 0.533203125 0.5286625 0.53125 0.544340625 0.5087890625 0.53993125 0.4462890625 0.5286625 0.373046875 0.521803125 0.330078125 0.5095546875 0.3369140625 0.5007343750000001 0.35546875 0.5007343750000001 0.4423828125 0.501715625 0.5048828125 0.510534375 0.533203125
22 0.47819687499999997 0.5361328125 0.49926562499999994 0.529296875 0.501715625 0.46875 0.48946562499999996 0.3994140625 0.480646875 0.32421875 0.47035781249999997 0.3212890625 0.466928125 0.3974609375 0.4615390625 0.4619140625 0.4615390625 0.5244140625 0.47819687499999997 0.5361328125
24 0.345909375 0.486328125 0.3615875 0.4638671875 0.3586484375 0.404296875 0.357178125 0.34375 0.357178125 0.3037109375 0.345909375 0.2744140625 0.338559375 0.314453125 0.32925 0.3798828125 0.3258203125 0.4599609375 0.345909375 0.486328125
26 0.2983828125 0.4892578125 0.31161249999999996 0.4462890625 0.2934828125 0.390625 0.27339531250000004 0.328125 0.258696875 0.30859375 0.249878125 0.341796875 0.25575625 0.4150390625 0.2518375 0.46875 0.26849531249999997 0.4931640625 0.2983828125 0.4892578125
1 0.2778046875 0.5908203125 0.2689859375 0.6142578125 0.26310625 0.6357421875 0.262615625 0.65234375 0.2689859375 0.6455078125 0.2807453125 0.6142578125 0.2920140625 0.599609375 0.29544375 0.61328125 0.292503125 0.6337890625 0.2846640625 0.6591796875 0.281725 0.6806640625 0.288584375 0.681640625 0.29495312500000004 0.6611328125 0.3013234375 0.6328125 0.3121015625 0.603515625 0.3219015625 0.5859375 0.33022968750000004 0.5751953125 0.3356203125 0.5478515625 0.32239062500000004 0.5341796875 0.29936250000000003 0.5244140625 0.2920140625 0.54296875 0.284175 0.5703125 0.2778046875 0.5908203125
3 0.32043125 0.6240234375 0.3125921875 0.6484375 0.3052421875 0.677734375 0.3052421875 0.6982421875 0.311121875 0.7109375 0.31798125 0.7021484375 0.32043125 0.67578125 0.329740625 0.650390625 0.341009375 0.6298828125 0.34394843750000004 0.6513671875 0.3375796875 0.6787109375 0.33121093749999997 0.7099609375 0.3356203125 0.728515625 0.33904999999999996 0.736328125 0.34786875 0.7099609375 0.3512984375 0.6875 0.357178125 0.66015625 0.3625671875 0.64453125 0.36795625 0.6181640625 0.3762859375 0.5986328125 0.3831453125 0.5859375 0.387065625 0.5732421875 0.389025 0.5556640625 0.3767765625 0.5439453125 0.357178125 0.5390625 0.3380703125 0.5419921875 0.3331703125 0.55859375 0.32778125 0.5927734375 0.32043125 0.6240234375
4 0.389515625 0.6591796875 0.3904953125 0.7021484375 0.39294531250000003 0.7333984375 0.3993140625 0.7294921875 0.40764374999999997 0.697265625 0.41107343749999997 0.6611328125 0.41695312500000004 0.626953125 0.420871875 0.58203125 0.42283125000000005 0.5595703125 0.41107343749999997 0.5478515625 0.3998046875 0.548828125 0.3900046875 0.5625 0.390984375 0.5908203125 0.3900046875 0.6201171875 0.389515625 0.6591796875
5 0.42822187500000003 0.720703125 0.43459062499999995 0.728515625 0.4399796875 0.7138671875 0.44292031249999997 0.68359375 0.44585937500000006 0.6435546875 0.44880000000000003 0.6220703125 0.45026875000000005 0.59765625 0.45125000000000004 0.5751953125 0.4492890625 0.5654296875 0.43802031250000006 0.55859375 0.42283125000000005 0.5625 0.420871875 0.595703125 0.4198921875 0.6328125 0.42234218749999997 0.6826171875 0.42822187500000003 0.720703125
6 0.458109375 0.7412109375 0.4659484375 0.76171875 0.469378125 0.7392578125 0.4747671875 0.6962890625 0.4747671875 0.6533203125 0.47868750000000004 0.61328125 0.47868750000000004 0.5810546875 0.47819687499999997 0.564453125 0.464478125 0.5625 0.45222968750000003 0.568359375 0.45125000000000004 0.59765625 0.45271875 0.6513671875 0.4546796875 0.703125 0.458109375 0.7412109375
7 0.491425 0.75 0.49289531249999996 0.7626953125 0.49730468749999995 0.7392578125 0.5007343750000001 0.701171875 0.503675 0.6318359375 0.5066140625 0.5634765625 0.4953453125 0.5673828125 0.47966718750000004 0.564453125 0.48260625 0.603515625 0.487015625 0.650390625 0.4889765625 0.708984375 0.491425 0.75
8 0.5203328125 0.6884765625 0.5271921875000001 0.7216796875 0.5340515625 0.7119140625 0.5345421875 0.6923828125 0.5340515625 0.6689453125 0.5316015625 0.6025390625 0.5311125 0.5595703125 0.5203328125 0.5576171875 0.505634375 0.560546875 0.5075937500000001 0.5908203125 0.5110234375 0.6162109375 0.51249375 0.6513671875 0.5203328125 0.6884765625
9 0.558059375 0.728515625 0.5658984375 0.7353515625 0.56736875 0.7177734375 0.5663890625 0.6826171875 0.5639390625 0.625 0.560509375 0.5791015625 0.5600203125000001 0.5556640625 0.5467906250000001 0.5517578125 0.5325828125000001 0.556640625 0.5355218749999999 0.5908203125 0.5409109375 0.6123046875 0.5472812499999999 0.681640625 0.558059375 0.728515625
10 0.579128125 0.6953125 0.584028125 0.73046875 0.5884375000000001 0.740234375 0.59480625 0.7158203125 0.5952968750000001 0.6884765625 0.5943171875 0.640625 0.5913765625 0.5869140625 0.5913765625 0.5732421875 0.5889265625 0.5634765625 0.581578125 0.552734375 0.5658984375 0.5537109375 0.56345 0.5712890625 0.5668796875 0.6064453125 0.5727578125 0.650390625 0.579128125 0.6953125
11 0.59725625 0.6083984375 0.6060749999999999 0.6484375 0.610975 0.67578125 0.6217546875 0.6923828125 0.6305734375000001 0.6748046875 0.6344921875 0.64453125 0.6286140625 0.60546875 0.625184375 0.57421875 0.6237140625 0.5576171875 0.6193046875 0.546875 0.6080359375 0.5478515625 0.599215625 0.5498046875 0.5952968750000001 0.5634765625 0.5913765625 0.5751953125 0.5938265625 0.5888671875 0.59725625 0.6083984375