20 0.611328125 0.41107343749999997 0.556640625 0.41107343749999997 0.521484375 0.4086234375 0.486328125 0.4135234375 0.4814453125 0.4360609375 0.4990234375 0.45125000000000004 0.5537109375 0.44634999999999997 0.5966796875 0.44145 0.634765625 0.437040625 0.6953125 0.41940156249999994 0.6826171875 0.40372343749999995 0.611328125 0.41107343749999997
21 0.51171875 0.45516875 0.5009765625 0.4762375 0.5087890625 0.48750625000000003 0.5576171875 0.4958359375 0.6064453125 0.4889765625 0.62890625 0.48260625 0.6337890625 0.4674171875 0.5927734375 0.44782031250000004 0.5517578125 0.45271875 0.51171875 0.45516875
22 0.5546875 0.4953453125 0.51171875 0.5002453124999999 0.5078125 0.5350312500000001 0.55078125 0.5389515625 0.5908203125 0.5389515625 0.6484375 0.5365015625 0.73046875 0.533071875 0.7236328125 0.5139640625 0.6328125 0.501225 0.5546875 0.4953453125
30 0.537109375 0.5433609374999999 0.5205078125 0.5541406249999999 0.517578125 0.576678125 0.5712890625 0.5820671875000001 0.5947265625 0.5786374999999999 0.6083984375 0.5707984374999999 0.6162109375 0.56345 0.611328125 0.5531609375000001 0.576171875 0.5463015625 0.537109375 0.5433609374999999
29 0.57421875 0.5805984375000001 0.54296875 0.5781484375 0.513671875 0.6001953125 0.517578125 0.620284375 0.568359375 0.6246937499999999 0.751953125 0.6310625 0.7509765625 0.61979375 0.7333984375 0.6080359375 0.6123046875 0.585496875 0.57421875 0.5805984375000001
23 0.5185546875 0.652621875 0.5458984375 0.6560515625 0.568359375 0.6560515625 0.5986328125 0.6521312499999999 0.6064453125 0.6418421875 0.59375 0.6281234375 0.55078125 0.6193046875 0.5234375 0.62959375 0.5185546875 0.652621875
24 0.5263671875 0.68446875 0.57421875 0.68446875 0.630859375 0.6810390625 0.69140625 0.6732 0.6962890625 0.65948125 0.6435546875 0.6506609375 0.583984375 0.65458125 0.541015625 0.65948125 0.5263671875 0.68446875
0 0.3134765625 0.764821875 0.388671875 0.757471875 0.3583984375 0.7702109375 0.3212890625 0.782459375 0.3740234375 0.7839296874999999 0.42578125 0.771190625 0.4638671875 0.778540625 0.505859375 0.763840625 0.48828125 0.738853125 0.4716796875 0.723665625 0.44140625 0.723665625 0.3984375 0.7359140625 0.3359375 0.7447328125 0.3134765625 0.764821875
1 0.470703125 0.718765625 0.4658203125 0.6834890625 0.423828125 0.67466875 0.4013671875 0.6932875000000001 0.4013671875 0.7084765625 0.4384765625 0.7261140625 0.470703125 0.718765625
3 0.3662109375 0.64968125 0.3115234375 0.6521312499999999 0.2763671875 0.65458125 0.30078125 0.6683 0.3662109375 0.6732 0.43359375 0.6805484374999999 0.4638671875 0.6732 0.46875 0.64968125 0.4384765625 0.6408625 0.3662109375 0.64968125
4 0.34375 0.6158750000000001 0.291015625 0.6232234375 0.271484375 0.637921875 0.3349609375 0.6398828125 0.4453125 0.6447812500000001 0.46484375 0.6344921875 0.4599609375 0.610975 0.3916015625 0.6119546875 0.34375 0.6158750000000001
5 0.255859375 0.5903968749999999 0.255859375 0.6119546875 0.333984375 0.6055859375 0.3935546875 0.6099953124999999 0.4541015625 0.6031359375 0.458984375 0.576678125 0.416015625 0.569328125 0.357421875 0.5796171875 0.30078125 0.5845171875 0.255859375 0.5903968749999999
6 0.30859375 0.5629593749999999 0.34375 0.567859375 0.4130859375 0.5707984374999999 0.4619140625 0.5683484375 0.458984375 0.537971875 0.4052734375 0.5369921875 0.359375 0.542871875 0.3046875 0.5477703125 0.2666015625 0.558059375 0.30859375 0.5629593749999999
7 0.3642578125 0.5360125 0.40625 0.537971875 0.4541015625 0.5316015625 0.4482421875 0.5115140625000001 0.3935546875 0.5090640625 0.3671875 0.510534375 0.3564453125 0.516903125 0.3525390625 0.528171875 0.3642578125 0.5360125
8 0.416015625 0.5139640625 0.4619140625 0.5066140625 0.4560546875 0.47770625000000005 0.3779296875 0.48015625 0.3642578125 0.487015625 0.3603515625 0.49926562499999994 0.3662109375 0.5075937500000001 0.416015625 0.5139640625
9 0.4013671875 0.4791765625 0.44921875 0.47770625000000005 0.4580078125 0.46202812499999996 0.44921875 0.4409609375 0.357421875 0.4409609375 0.2744140625 0.44977968749999997 0.26953125 0.4615390625 0.3291015625 0.4713375 0.4013671875 0.4791765625
10 0.3310546875 0.43508125 0.4404296875 0.4409609375 0.44921875 0.42626093750000005 0.44140625 0.40372343749999995 0.37890625 0.39882343750000004 0.3408203125 0.39882343750000004 0.263671875 0.39784375 0.25390625 0.4130328125 0.3310546875 0.43508125
11 0.37890625 0.3993140625 0.4384765625 0.40029375 0.443359375 0.382165625 0.4248046875 0.3650171875 0.3544921875 0.363546875 0.255859375 0.3723671875 0.2626953125 0.387065625 0.314453125 0.390984375 0.37890625 0.3993140625
12 0.2734375 0.3419890625 0.318359375 0.3508078125 0.3876953125 0.363546875 0.4365234375 0.3581578125 0.4423828125 0.3400296875 0.416015625 0.32092187499999997 0.3857421875 0.3258203125 0.3291015625 0.3233703125 0.2685546875 0.3258203125 0.2734375 0.3419890625
14 0.4306640625 0.2827046875 0.3935546875 0.279275 0.361328125 0.2944640625 0.384765625 0.3233703125 0.431640625 0.32778125 0.43359375 0.3096515625 0.4306640625 0.2827046875
15 0.2841796875 0.23076875000000002 0.2802734375 0.24056875 0.3359375 0.25575625 0.36328125 0.2645765625 0.3916015625 0.27339531250000004 0.4140625 0.2807453125 0.453125 0.281725 0.484375 0.25918593749999996 0.4853515625 0.2435078125 0.4521484375 0.22831875 0.3916015625 0.217540625 0.318359375 0.20333125000000002 0.3056640625 0.2165609375 0.3525390625 0.2317484375 0.37109375 0.23958906249999998 0.37109375 0.2479171875 0.318359375 0.2317484375 0.2841796875 0.23076875000000002
25 0.615234375 0.7207250000000001 0.6103515625 0.7133765624999999 0.6328125 0.709946875 0.6572265625 0.70945625 0.6728515625 0.7123953125 0.6884765625 0.7123953125 0.6884765625 0.7065171875 0.6455078125 0.6957375 0.5966796875 0.695246875 0.5810546875 0.695246875 0.56640625 0.7123953125 0.56640625 0.725134375 0.58203125 0.7359140625 0.6240234375 0.737384375 0.662109375 0.7310140625 0.6875 0.7270953125 0.6796875 0.7226843749999999 0.6416015625 0.7192546875 0.615234375 0.7207250000000001