31 0.6328125 0.2572265625 0.654296875 0.261146875 0.6650390625 0.2533078125 0.681640625 0.24105781249999997 0.693359375 0.2297890625 0.6689453125 0.21215156249999997 0.64453125 0.2067609375 0.6337890625 0.217540625 0.6171875 0.217540625 0.5966796875 0.2204796875 0.5888671875 0.22733906250000002 0.58203125 0.23566875 0.5830078125 0.24056875 0.5869140625 0.2454671875 0.5986328125 0.2493875 0.6142578125 0.2542875 0.6328125 0.2572265625
2 0.484375 0.2439984375 0.4794921875 0.24889687500000002 0.478515625 0.2572265625 0.478515625 0.2621265625 0.4892578125 0.2665359375 0.5 0.2689859375 0.5126953125 0.27045625 0.53125 0.2709453125 0.5380859375 0.2782953125 0.5498046875 0.279275 0.591796875 0.281725 0.6083984375 0.2827046875 0.619140625 0.279275 0.5927734375 0.274865625 0.5791015625 0.27045625 0.5888671875 0.26555625 0.6123046875 0.2660453125 0.6279296875 0.2670265625 0.6533203125 0.26849531249999997 0.6416015625 0.261146875 0.6171875 0.256246875 0.5986328125 0.2518375 0.580078125 0.24742812500000003 0.5703125 0.23860781250000002 0.5576171875 0.2322390625 0.544921875 0.22782968750000002 0.5302734375 0.22587031249999998 0.5185546875 0.22685 0.5078125 0.22880937499999998 0.49609375 0.23370937500000002 0.48828125 0.2371390625 0.484375 0.2439984375
13 0.44921875 0.2895640625 0.443359375 0.29936250000000003 0.4365234375 0.3096515625 0.4453125 0.3125921875 0.453125 0.31651093750000003 0.46875 0.3189609375 0.48046875 0.32043125 0.5107421875 0.3140625 0.5224609375 0.313571875 0.5390625 0.316021875 0.5615234375 0.318471875 0.5771484375 0.31749218749999997 0.5849609375 0.3150421875 0.6103515625 0.3052421875 0.583984375 0.3013234375 0.560546875 0.3042625 0.552734375 0.3013234375 0.564453125 0.2964234375 0.5859375 0.29299375 0.609375 0.286134375 0.5888671875 0.28123437500000004 0.5595703125 0.2822140625 0.5439453125 0.281725 0.53125 0.2778046875 0.51953125 0.274375 0.5029296875 0.2714359375 0.486328125 0.2689859375 0.4716796875 0.2689859375 0.4609375 0.2714359375 0.4501953125 0.277315625 0.4443359375 0.284175 0.44921875 0.2895640625
17 0.4306640625 0.3493390625 0.439453125 0.3508078125 0.4560546875 0.3512984375 0.4765625 0.3517890625 0.49609375 0.3517890625 0.513671875 0.3517890625 0.5458984375 0.35031875 0.5732421875 0.3444390625 0.5517578125 0.3380703125 0.509765625 0.327290625 0.4892578125 0.3258203125 0.46875 0.318471875 0.44140625 0.31161249999999996 0.42578125 0.316021875 0.4111328125 0.32092187499999997 0.4033203125 0.32533124999999996 0.40625 0.33121093749999997 0.41796875 0.3424796875 0.42578125 0.34541875 0.4306640625 0.3493390625
18 0.431640625 0.38804531249999996 0.4541015625 0.38804531249999996 0.494140625 0.3855953125 0.52734375 0.384615625 0.564453125 0.375796875 0.583984375 0.36893750000000003 0.552734375 0.36550781250000003 0.509765625 0.359628125 0.4765625 0.35766718750000004 0.458984375 0.35276874999999996 0.4384765625 0.3493390625 0.42578125 0.35521875 0.4150390625 0.361096875 0.408203125 0.370896875 0.3984375 0.37775625 0.4052734375 0.3831453125 0.416015625 0.3860859375 0.431640625 0.38804531249999996
19 0.447265625 0.41107343749999997 0.4716796875 0.41107343749999997 0.4892578125 0.41107343749999997 0.51171875 0.41107343749999997 0.5322265625 0.41107343749999997 0.5615234375 0.4086234375 0.5888671875 0.402253125 0.603515625 0.39784375 0.5458984375 0.391475 0.5048828125 0.3875546875 0.46875 0.386575 0.4443359375 0.384615625 0.4189453125 0.379715625 0.3955078125 0.3806953125 0.3759765625 0.3924546875 0.376953125 0.403234375 0.3876953125 0.41156249999999994 0.400390625 0.4140125 0.4130859375 0.41499218750000005 0.447265625 0.41107343749999997
20 0.3935546875 0.4453703125 0.4150390625 0.4448796875 0.4560546875 0.44145 0.490234375 0.44292031249999997 0.52734375 0.4404703125 0.5625 0.4355703125 0.5927734375 0.4341015625 0.591796875 0.42822187500000003 0.5517578125 0.42332187499999996 0.5048828125 0.420871875 0.4873046875 0.420871875 0.46484375 0.4174421875 0.4482421875 0.4174421875 0.427734375 0.414503125 0.4013671875 0.41548281249999997 0.3876953125 0.415971875 0.37890625 0.425771875 0.37890625 0.4331203125 0.3818359375 0.443409375 0.3935546875 0.4453703125
21 0.41796875 0.48505624999999997 0.466796875 0.47770625000000005 0.5029296875 0.4772171875 0.5400390625 0.4723171875 0.5654296875 0.4683984375 0.5654296875 0.4605578125 0.5400390625 0.45222968750000003 0.513671875 0.45075937499999996 0.478515625 0.448309375 0.4580078125 0.44880000000000003 0.4033203125 0.448309375 0.3818359375 0.44880000000000003 0.3642578125 0.45271875 0.3642578125 0.4605578125 0.3642578125 0.4723171875 0.3681640625 0.48162656249999997 0.40234375 0.48505624999999997 0.41796875 0.48505624999999997
22 0.431640625 0.5262125 0.466796875 0.5183734375 0.5078125 0.516903125 0.529296875 0.514453125 0.5576171875 0.5090640625 0.5771484375 0.506125 0.58984375 0.498775 0.5498046875 0.49436562500000003 0.5107421875 0.48946562499999996 0.4853515625 0.48946562499999996 0.4580078125 0.48946562499999996 0.4287109375 0.485546875 0.3896484375 0.485546875 0.3759765625 0.4933859375 0.3720703125 0.5026953125 0.3720703125 0.516903125 0.3818359375 0.5276828124999999 0.40234375 0.5276828124999999 0.431640625 0.5262125
30 0.455078125 0.5575703125 0.5078125 0.5472812499999999 0.5390625 0.5472812499999999 0.5732421875 0.5384609375 0.58984375 0.5301328125 0.5556640625 0.529153125 0.521484375 0.5286625 0.4951171875 0.5286625 0.4716796875 0.5286625 0.4501953125 0.5286625 0.4208984375 0.5267031249999999 0.3876953125 0.5286625 0.3876953125 0.54238125 0.3896484375 0.5551203124999999 0.3984375 0.5619796874999999 0.41796875 0.5619796874999999 0.455078125 0.5575703125
29 0.4765625 0.5913765625 0.5166015625 0.587946875 0.5341796875 0.5825578124999999 0.5615234375 0.5805984375000001 0.591796875 0.5825578124999999 0.6318359375 0.5776578125 0.61328125 0.56736875 0.576171875 0.56736875 0.53125 0.56491875 0.4931640625 0.5629593749999999 0.4736328125 0.5629593749999999 0.447265625 0.558059375 0.421875 0.5595296875 0.4033203125 0.5658984375 0.3974609375 0.5737390625 0.3974609375 0.5859875 0.416015625 0.5987265625 0.4365234375 0.5987265625 0.4765625 0.5913765625
23 0.5029296875 0.6237140625 0.5478515625 0.608525 0.56640625 0.606565625 0.595703125 0.5938265625 0.560546875 0.5869671875 0.5322265625 0.5899062500000001 0.5009765625 0.5908875 0.48046875 0.5908875 0.4560546875 0.5894171874999999 0.4365234375 0.5908875 0.4140625 0.59725625 0.4189453125 0.610975 0.4111328125 0.6237140625 0.423828125 0.6305734375000001 0.462890625 0.63204375 0.5029296875 0.6237140625
24 0.5400390625 0.6491921875 0.5771484375 0.6354734375 0.603515625 0.6305734375000001 0.6103515625 0.6217546875 0.599609375 0.6124453125 0.5732421875 0.6173437500000001 0.5400390625 0.618325 0.5087890625 0.620284375 0.484375 0.620284375 0.458984375 0.6217546875 0.4345703125 0.6330234375 0.431640625 0.6467421875 0.4296875 0.6580109375000001 0.4443359375 0.6692796875 0.482421875 0.6634 0.505859375 0.65703125 0.5400390625 0.6491921875
25 0.56640625 0.6947578125 0.591796875 0.688878125 0.611328125 0.6776093750000001 0.611328125 0.6619296875 0.560546875 0.6624203125 0.5244140625 0.6624203125 0.5048828125 0.65948125 0.4765625 0.65948125 0.462890625 0.67711875 0.462890625 0.6864281250000001 0.4765625 0.691328125 0.4658203125 0.70455625 0.4765625 0.7133765624999999 0.5 0.7133765624999999 0.5244140625 0.711415625 0.56640625 0.6947578125
26 0.5927734375 0.7452234375 0.6142578125 0.7339546875 0.626953125 0.7270953125 0.6484375 0.7207250000000001 0.6630859375 0.716315625 0.6376953125 0.697696875 0.607421875 0.697696875 0.5732421875 0.7030875 0.5537109375 0.7084765625 0.5322265625 0.7123953125 0.5087890625 0.718765625 0.505859375 0.730034375 0.5087890625 0.743753125 0.529296875 0.751103125 0.5322265625 0.7584515625 0.5576171875 0.7604109375 0.57421875 0.757471875 0.5927734375 0.7452234375
27 0.6826171875 0.716315625 0.6552734375 0.7266046875 0.6298828125 0.7334640625 0.611328125 0.7427734375 0.6083984375 0.7604109375 0.6318359375 0.76433125 0.6455078125 0.76923125 0.6611328125 0.7809890625 0.681640625 0.7809890625 0.6923828125 0.77315 0.71875 0.7613921875 0.71875 0.755021875 0.6826171875 0.716315625
28 0.447265625 0.7589421875 0.4375 0.7560015625000001 0.4296875 0.7540421875 0.4189453125 0.755021875 0.4072265625 0.7579625 0.3984375 0.7633515625 0.392578125 0.7697203125 0.3896484375 0.7790296875 0.3828125 0.7878484375 0.37890625 0.7947078125 0.3681640625 0.804996875 0.359375 0.8133265625 0.3623046875 0.8167562500000001 0.37109375 0.8206765624999999 0.3798828125 0.8206765624999999 0.3896484375 0.8177359375 0.3994140625 0.8128375 0.4130859375 0.8089171875 0.40625 0.8206765624999999 0.40625 0.8290046875 0.4248046875 0.8309656249999999 0.4404296875 0.8250859374999999 0.453125 0.8157765625 0.466796875 0.8079375000000001 0.4873046875 0.8010781250000001 0.4921875 0.79176875 0.498046875 0.7814796875 0.4658203125 0.7682515624999999 0.45703125 0.7653109375 0.447265625 0.7589421875
0 0.4609375 0.711415625 0.455078125 0.7055359375 0.4501953125 0.7055359375 0.447265625 0.7016171875 0.4375 0.695246875 0.427734375 0.691328125 0.419921875 0.6918171875 0.40625 0.6937781249999999 0.3955078125 0.700146875 0.3876953125 0.7065171875 0.37890625 0.709946875 0.3720703125 0.71435625 0.3623046875 0.7153359375 0.3544921875 0.7177859375 0.3408203125 0.7217046875 0.3330078125 0.7266046875 0.328125 0.72954375 0.318359375 0.734934375 0.3095703125 0.7408140624999999 0.306640625 0.7457125 0.302734375 0.752571875 0.3017578125 0.75943125 0.314453125 0.75943125 0.32421875 0.7564921874999999 0.3310546875 0.7530625 0.3408203125 0.7491421875000001 0.3505859375 0.7452234375 0.3564453125 0.7476734375 0.34765625 0.75698125 0.3359375 0.76188125 0.328125 0.76678125 0.322265625 0.7721703125 0.3271484375 0.778540625 0.337890625 0.780009375 0.3515625 0.7770703125 0.357421875 0.7756000000000001 0.37109375 0.7706999999999999 0.3837890625 0.7706999999999999 0.3896484375 0.76678125 0.3974609375 0.7604109375 0.408203125 0.7564921874999999 0.443359375 0.7506125 0.462890625 0.7481625000000001 0.470703125 0.743753125 0.47265625 0.7408140624999999 0.4794921875 0.736403125 0.4794921875 0.73199375 0.4775390625 0.727584375 0.470703125 0.7226843749999999 0.4609375 0.7192546875 0.4609375 0.7148453124999999 0.4609375 0.711415625
1 0.361328125 0.6418421875 0.34765625 0.6491921875 0.33984375 0.65703125 0.3212890625 0.6629109375 0.3056640625 0.6643796875 0.287109375 0.6687890624999999 0.27734375 0.67075 0.26953125 0.6741796875 0.26171875 0.681528125 0.2470703125 0.6883874999999999 0.236328125 0.6967171875 0.244140625 0.6996578125 0.2568359375 0.6957375 0.26953125 0.6918171875 0.2802734375 0.6893671875 0.302734375 0.6849578125 0.318359375 0.6878984375 0.3095703125 0.697696875 0.296875 0.7104359375 0.2822265625 0.7197453125 0.265625 0.725625 0.2734375 0.730034375 0.2900390625 0.7290546875 0.306640625 0.7212156249999999 0.3271484375 0.7138656250000001 0.3408203125 0.70945625 0.3603515625 0.702596875 0.423828125 0.695246875 0.427734375 0.6903484375 0.421875 0.683978125 0.421875 0.6766296875 0.421875 0.6683 0.4052734375 0.6634 0.40234375 0.6599703124999999 0.4033203125 0.6491921875 0.3994140625 0.6374328125 0.3837890625 0.6335124999999999 0.361328125 0.6418421875
3 0.31640625 0.6173437500000001 0.2890625 0.625184375 0.2568359375 0.6310625 0.23046875 0.6359625 0.2138671875 0.6487015625 0.2021484375 0.6599703124999999 0.2060546875 0.6668296875 0.2177734375 0.6648703125 0.232421875 0.661440625 0.2509765625 0.6575203125 0.2705078125 0.654090625 0.283203125 0.6536015625 0.3056640625 0.64968125 0.322265625 0.64723125 0.35546875 0.647721875 0.3720703125 0.6452718749999999 0.380859375 0.6398828125 0.380859375 0.6344921875 0.3837890625 0.62959375 0.3818359375 0.6207734375 0.375 0.6144046875 0.375 0.6095046875000001 0.359375 0.606565625 0.333984375 0.6099953124999999 0.31640625 0.6173437500000001
4 0.31640625 0.5805984375000001 0.3056640625 0.5835375 0.2822265625 0.5864765625 0.2646484375 0.5913765625 0.2333984375 0.5943171875 0.205078125 0.5957859375 0.2041015625 0.6095046875000001 0.2197265625 0.6119546875 0.234375 0.612934375 0.2587890625 0.612934375 0.2880859375 0.611465625 0.337890625 0.6139140624999999 0.361328125 0.609015625 0.37109375 0.60460625 0.3759765625 0.6011765625 0.3759765625 0.5962765625 0.373046875 0.587946875 0.3623046875 0.5825578124999999 0.3447265625 0.5752078125 0.333984375 0.5737390625 0.322265625 0.5752078125 0.31640625 0.5805984375000001
5 0.279296875 0.581578125 0.2958984375 0.5805984375000001 0.31640625 0.5801078125 0.326171875 0.5781484375 0.345703125 0.5737390625 0.353515625 0.56736875 0.36328125 0.55855 0.349609375 0.5526703125 0.322265625 0.5453203125 0.3046875 0.5453203125 0.283203125 0.5482609375 0.2724609375 0.5511999999999999 0.2392578125 0.5546296875000001 0.2138671875 0.5590390625 0.1875 0.561 0.162109375 0.5619796874999999 0.162109375 0.5668796875 0.1669921875 0.5712890625 0.1845703125 0.579128125 0.1962890625 0.5801078125 0.212890625 0.5835375 0.2314453125 0.5835375 0.2548828125 0.5825578124999999 0.279296875 0.581578125
6 0.2646484375 0.5213125 0.2373046875 0.5227828125 0.220703125 0.5227828125 0.1875 0.5286625 0.1875 0.5355218749999999 0.2177734375 0.53748125 0.2431640625 0.540421875 0.267578125 0.53993125 0.310546875 0.542871875 0.3427734375 0.5438515625 0.3505859375 0.5369921875 0.357421875 0.5325828125000001 0.357421875 0.5237625 0.349609375 0.5178828125 0.3369140625 0.515434375 0.31640625 0.516903125 0.2939453125 0.5183734375 0.2822265625 0.52229375 0.2646484375 0.5213125
7 0.1826171875 0.501225 0.1904296875 0.508575 0.22265625 0.512984375 0.2451171875 0.512984375 0.267578125 0.514453125 0.3017578125 0.515434375 0.341796875 0.514453125 0.345703125 0.5075937500000001 0.34375 0.4958359375 0.3212890625 0.49289531249999996 0.3017578125 0.49289531249999996 0.279296875 0.49436562500000003 0.2509765625 0.496815625 0.23046875 0.496815625 0.205078125 0.498284375 0.1826171875 0.501225
8 0.2021484375 0.480646875 0.2177734375 0.48309687500000004 0.2451171875 0.485546875 0.26953125 0.4879953125 0.3056640625 0.49289531249999996 0.349609375 0.491915625 0.3408203125 0.469378125 0.3291015625 0.4674171875 0.30859375 0.4674171875 0.28515625 0.4679078125 0.2646484375 0.4723171875 0.234375 0.47329687500000006 0.2109375 0.47329687500000006 0.1943359375 0.47427656249999994 0.2021484375 0.480646875
9 0.2177734375 0.45859843749999996 0.240234375 0.46006875 0.26953125 0.464478125 0.3095703125 0.47035781249999997 0.333984375 0.4674171875 0.3505859375 0.45908906250000003 0.34375 0.4492890625 0.3291015625 0.441940625 0.294921875 0.441940625 0.265625 0.44439062500000004 0.2314453125 0.4473296875 0.1943359375 0.44880000000000003 0.1953125 0.4566390625 0.2177734375 0.45859843749999996
10 0.296875 0.4091125 0.26953125 0.403234375 0.244140625 0.40274374999999996 0.2275390625 0.4012734375 0.212890625 0.4012734375 0.173828125 0.402253125 0.1513671875 0.402253125 0.1650390625 0.4135234375 0.1953125 0.42038281250000004 0.2314453125 0.425771875 0.2626953125 0.43459062499999995 0.28125 0.439490625 0.2978515625 0.44292031249999997 0.3134765625 0.44292031249999997 0.3330078125 0.43899999999999995 0.3447265625 0.4355703125 0.359375 0.432140625 0.3642578125 0.42479218750000003 0.3466796875 0.4179328125 0.3330078125 0.41548281249999997 0.3115234375 0.41107343749999997 0.296875 0.4091125
11 0.2412109375 0.377265625 0.2138671875 0.3762859375 0.1943359375 0.3762859375 0.185546875 0.3787359375 0.20703125 0.3900046875 0.240234375 0.39735468749999997 0.2763671875 0.40029375 0.328125 0.4140125 0.337890625 0.412053125 0.3447265625 0.4081328125 0.349609375 0.402253125 0.3623046875 0.39637500000000003 0.361328125 0.3919640625 0.3544921875 0.384615625 0.3349609375 0.379715625 0.3173828125 0.3787359375 0.302734375 0.3767765625 0.2412109375 0.377265625
12 0.3037109375 0.3463984375 0.2890625 0.3424796875 0.27734375 0.34051875 0.2548828125 0.3370890625 0.240234375 0.33415 0.2197265625 0.3331703125 0.1962890625 0.3307203125 0.181640625 0.3370890625 0.1943359375 0.3400296875 0.2265625 0.35031875 0.2568359375 0.3601171875 0.2802734375 0.3645265625 0.3115234375 0.377265625 0.3349609375 0.3811859375 0.3525390625 0.38265625000000003 0.361328125 0.373346875 0.3701171875 0.368446875 0.3662109375 0.3625671875 0.3740234375 0.3581578125 0.359375 0.35031875 0.33984375 0.34786875 0.3203125 0.34688906249999996 0.3037109375 0.3463984375
14 0.4072265625 0.3018125 0.388671875 0.2944640625 0.3671875 0.29299375 0.3544921875 0.29299375 0.3388671875 0.291034375 0.3212890625 0.28564375000000003 0.2998046875 0.2778046875 0.279296875 0.269475 0.263671875 0.2689859375 0.25390625 0.274375 0.267578125 0.28123437500000004 0.29296875 0.2964234375 0.302734375 0.3052421875 0.2880859375 0.3057328125 0.2763671875 0.3057328125 0.2626953125 0.29936250000000003 0.2421875 0.2871140625 0.2236328125 0.2871140625 0.2255859375 0.2959328125 0.232421875 0.30034375 0.2470703125 0.316021875 0.2705078125 0.3214109375 0.2998046875 0.3287609375 0.322265625 0.3366 0.341796875 0.35031875 0.365234375 0.35276874999999996 0.3779296875 0.34786875 0.380859375 0.3419890625 0.3798828125 0.3351296875 0.3876953125 0.3282703125 0.40625 0.3219015625 0.40625 0.3125921875 0.4130859375 0.307203125 0.4072265625 0.3018125
15 0.423828125 0.24742812500000003 0.408203125 0.244978125 0.37890625 0.24252812499999998 0.36328125 0.23811875 0.3525390625 0.2293 0.328125 0.2204796875 0.3056640625 0.2185203125 0.2900390625 0.222440625 0.3076171875 0.2341984375 0.33203125 0.2454671875 0.3447265625 0.2552671875 0.33203125 0.25379687500000003 0.3076171875 0.2420375 0.2822265625 0.23321874999999997 0.2763671875 0.24105781249999997 0.28515625 0.2533078125 0.2978515625 0.2621265625 0.3125 0.269475 0.3408203125 0.274375 0.3720703125 0.2944640625 0.3896484375 0.2944640625 0.404296875 0.2944640625 0.4130859375 0.292503125 0.41796875 0.2846640625 0.419921875 0.2778046875 0.431640625 0.27290468749999997 0.447265625 0.26506562499999997 0.4453125 0.2572265625 0.4365234375 0.25036718750000003 0.423828125 0.24742812500000003
16 0.4609375 0.1994125 0.4423828125 0.1935328125 0.4296875 0.18814375 0.4111328125 0.1822640625 0.4013671875 0.1754046875 0.390625 0.1724640625 0.392578125 0.1798140625 0.390625 0.187653125 0.37890625 0.1920625 0.3740234375 0.1994125 0.3701171875 0.20823125 0.359375 0.20088124999999998 0.3408203125 0.198921875 0.3544921875 0.2111703125 0.36328125 0.21949999999999997 0.369140625 0.22831875 0.3701171875 0.23566875 0.3857421875 0.24105781249999997 0.400390625 0.24301875 0.427734375 0.240078125 0.4443359375 0.23321874999999997 0.4443359375 0.226359375 0.45703125 0.22537968749999998 0.47265625 0.221459375 0.478515625 0.21459999999999999 0.478515625 0.2097015625 0.4609375 0.1994125