31 0.7427734375 0.6328125 0.738853125 0.654296875 0.7466921875 0.6650390625 0.7589421875 0.681640625 0.7702109375 0.693359375 0.7878484375 0.6689453125 0.7932390625 0.64453125 0.782459375 0.6337890625 0.782459375 0.6171875 0.7795203125 0.5966796875 0.7726609375 0.5888671875 0.76433125 0.58203125 0.75943125 0.5830078125 0.7545328125 0.5869140625 0.7506125 0.5986328125 0.7457125 0.6142578125 0.7427734375 0.6328125
2 0.7560015625000001 0.484375 0.751103125 0.4794921875 0.7427734375 0.478515625 0.7378734375 0.478515625 0.7334640625 0.4892578125 0.7310140625 0.5 0.72954375 0.5126953125 0.7290546875 0.53125 0.7217046875 0.5380859375 0.7207250000000001 0.5498046875 0.718275 0.591796875 0.7172953125 0.6083984375 0.7207250000000001 0.619140625 0.725134375 0.5927734375 0.72954375 0.5791015625 0.73444375 0.5888671875 0.7339546875 0.6123046875 0.7329734375 0.6279296875 0.7315046875 0.6533203125 0.738853125 0.6416015625 0.743753125 0.6171875 0.7481625000000001 0.5986328125 0.752571875 0.580078125 0.7613921875 0.5703125 0.7677609375000001 0.5576171875 0.7721703125 0.544921875 0.7741296875 0.5302734375 0.77315 0.5185546875 0.771190625 0.5078125 0.766290625 0.49609375 0.7628609375 0.48828125 0.7560015625000001 0.484375
13 0.7104359375 0.44921875 0.7006375 0.443359375 0.6903484375 0.4365234375 0.6874078124999999 0.4453125 0.6834890625 0.453125 0.6810390625 0.46875 0.6795687499999999 0.48046875 0.6859375 0.5107421875 0.6864281250000001 0.5224609375 0.683978125 0.5390625 0.681528125 0.5615234375 0.6825078125 0.5771484375 0.6849578125 0.5849609375 0.6947578125 0.6103515625 0.6986765625 0.583984375 0.6957375 0.560546875 0.6986765625 0.552734375 0.7035765625 0.564453125 0.70700625 0.5859375 0.7138656250000001 0.609375 0.718765625 0.5888671875 0.7177859375 0.5595703125 0.718275 0.5439453125 0.7221953125 0.53125 0.725625 0.51953125 0.7285640625 0.5029296875 0.7310140625 0.486328125 0.7310140625 0.4716796875 0.7285640625 0.4609375 0.7226843749999999 0.4501953125 0.7158249999999999 0.4443359375 0.7104359375 0.44921875
17 0.6506609375 0.4306640625 0.6491921875 0.439453125 0.6487015625 0.4560546875 0.6482109375 0.4765625 0.6482109375 0.49609375 0.6482109375 0.513671875 0.64968125 0.5458984375 0.6555609375 0.5732421875 0.6619296875 0.5517578125 0.6727093749999999 0.509765625 0.6741796875 0.4892578125 0.681528125 0.46875 0.6883874999999999 0.44140625 0.683978125 0.42578125 0.679078125 0.4111328125 0.67466875 0.4033203125 0.6687890624999999 0.40625 0.6575203125 0.41796875 0.65458125 0.42578125 0.6506609375 0.4306640625
18 0.6119546875 0.431640625 0.6119546875 0.4541015625 0.6144046875 0.494140625 0.615384375 0.52734375 0.624203125 0.564453125 0.6310625 0.583984375 0.6344921875 0.552734375 0.640371875 0.509765625 0.6423328125000001 0.4765625 0.64723125 0.458984375 0.6506609375 0.4384765625 0.6447812500000001 0.42578125 0.638903125 0.4150390625 0.629103125 0.408203125 0.62224375 0.3984375 0.6168546874999999 0.4052734375 0.6139140624999999 0.416015625 0.6119546875 0.431640625
19 0.5889265625 0.447265625 0.5889265625 0.4716796875 0.5889265625 0.4892578125 0.5889265625 0.51171875 0.5889265625 0.5322265625 0.5913765625 0.5615234375 0.597746875 0.5888671875 0.60215625 0.603515625 0.608525 0.5458984375 0.6124453125 0.5048828125 0.613425 0.46875 0.615384375 0.4443359375 0.620284375 0.4189453125 0.6193046875 0.3955078125 0.6075453125 0.3759765625 0.596765625 0.376953125 0.5884375000000001 0.3876953125 0.5859875 0.400390625 0.5850078125 0.4130859375 0.5889265625 0.447265625
20 0.5546296875000001 0.3935546875 0.5551203124999999 0.4150390625 0.55855 0.4560546875 0.5570796875 0.490234375 0.5595296875 0.52734375 0.5644296875 0.5625 0.5658984375 0.5927734375 0.571778125 0.591796875 0.576678125 0.5517578125 0.579128125 0.5048828125 0.579128125 0.4873046875 0.5825578124999999 0.46484375 0.5825578124999999 0.4482421875 0.585496875 0.427734375 0.5845171875 0.4013671875 0.584028125 0.3876953125 0.574228125 0.37890625 0.5668796875 0.37890625 0.556590625 0.3818359375 0.5546296875000001 0.3935546875
21 0.51494375 0.41796875 0.52229375 0.466796875 0.5227828125 0.5029296875 0.5276828124999999 0.5400390625 0.5316015625 0.5654296875 0.5394421875 0.5654296875 0.5477703125 0.5400390625 0.549240625 0.513671875 0.551690625 0.478515625 0.5511999999999999 0.4580078125 0.551690625 0.4033203125 0.5511999999999999 0.3818359375 0.5472812499999999 0.3642578125 0.5394421875 0.3642578125 0.5276828124999999 0.3642578125 0.5183734375 0.3681640625 0.51494375 0.40234375 0.51494375 0.41796875
22 0.4737875 0.431640625 0.48162656249999997 0.466796875 0.48309687500000004 0.5078125 0.485546875 0.529296875 0.49093593750000003 0.5576171875 0.49387499999999995 0.5771484375 0.501225 0.58984375 0.505634375 0.5498046875 0.510534375 0.5107421875 0.510534375 0.4853515625 0.510534375 0.4580078125 0.514453125 0.4287109375 0.514453125 0.3896484375 0.5066140625 0.3759765625 0.49730468749999995 0.3720703125 0.48309687500000004 0.3720703125 0.4723171875 0.3818359375 0.4723171875 0.40234375 0.4737875 0.431640625
30 0.44242968749999995 0.455078125 0.45271875 0.5078125 0.45271875 0.5390625 0.4615390625 0.5732421875 0.46986718749999995 0.58984375 0.470846875 0.5556640625 0.4713375 0.521484375 0.4713375 0.4951171875 0.4713375 0.4716796875 0.4713375 0.4501953125 0.47329687500000006 0.4208984375 0.4713375 0.3876953125 0.45761874999999996 0.3876953125 0.4448796875 0.3896484375 0.43802031250000006 0.3984375 0.43802031250000006 0.41796875 0.44242968749999995 0.455078125
29 0.4086234375 0.4765625 0.412053125 0.5166015625 0.4174421875 0.5341796875 0.41940156249999994 0.5615234375 0.4174421875 0.591796875 0.42234218749999997 0.6318359375 0.43263125 0.61328125 0.43263125 0.576171875 0.43508125 0.53125 0.437040625 0.4931640625 0.437040625 0.4736328125 0.441940625 0.447265625 0.4404703125 0.421875 0.4341015625 0.4033203125 0.42626093750000005 0.3974609375 0.4140125 0.3974609375 0.4012734375 0.416015625 0.4012734375 0.4365234375 0.4086234375 0.4765625
23 0.3762859375 0.5029296875 0.391475 0.5478515625 0.393434375 0.56640625 0.4061734375 0.595703125 0.4130328125 0.560546875 0.41009375 0.5322265625 0.4091125 0.5009765625 0.4091125 0.48046875 0.41058281250000006 0.4560546875 0.4091125 0.4365234375 0.40274374999999996 0.4140625 0.389025 0.4189453125 0.3762859375 0.4111328125 0.3694265625 0.423828125 0.36795625 0.462890625 0.3762859375 0.5029296875
24 0.3508078125 0.5400390625 0.3645265625 0.5771484375 0.3694265625 0.603515625 0.3782453125 0.6103515625 0.3875546875 0.599609375 0.38265625000000003 0.5732421875 0.381675 0.5400390625 0.379715625 0.5087890625 0.379715625 0.484375 0.3782453125 0.458984375 0.3669765625 0.4345703125 0.3532578125 0.431640625 0.3419890625 0.4296875 0.3307203125 0.4443359375 0.3366 0.482421875 0.34296875 0.505859375 0.3508078125 0.5400390625
25 0.3052421875 0.56640625 0.311121875 0.591796875 0.32239062500000004 0.611328125 0.3380703125 0.611328125 0.3375796875 0.560546875 0.3375796875 0.5244140625 0.34051875 0.5048828125 0.34051875 0.4765625 0.32288125 0.462890625 0.313571875 0.462890625 0.30867187500000004 0.4765625 0.29544375 0.4658203125 0.28662343749999997 0.4765625 0.28662343749999997 0.5 0.288584375 0.5244140625 0.3052421875 0.56640625
26 0.25477656249999997 0.5927734375 0.2660453125 0.6142578125 0.27290468749999997 0.626953125 0.279275 0.6484375 0.283684375 0.6630859375 0.302303125 0.6376953125 0.302303125 0.607421875 0.2969125 0.5732421875 0.2915234375 0.5537109375 0.2876046875 0.5322265625 0.28123437500000004 0.5087890625 0.269965625 0.505859375 0.256246875 0.5087890625 0.24889687500000002 0.529296875 0.24154843750000002 0.5322265625 0.23958906249999998 0.5576171875 0.24252812499999998 0.57421875 0.25477656249999997 0.5927734375
27 0.283684375 0.6826171875 0.27339531250000004 0.6552734375 0.2665359375 0.6298828125 0.2572265625 0.611328125 0.23958906249999998 0.6083984375 0.23566875 0.6318359375 0.23076875000000002 0.6455078125 0.2190109375 0.6611328125 0.2190109375 0.681640625 0.22685 0.6923828125 0.23860781250000002 0.71875 0.244978125 0.71875 0.283684375 0.6826171875
28 0.24105781249999997 0.447265625 0.2439984375 0.4375 0.2459578125 0.4296875 0.244978125 0.4189453125 0.2420375 0.4072265625 0.23664843750000003 0.3984375 0.2302796875 0.392578125 0.2209703125 0.3896484375 0.21215156249999997 0.3828125 0.2052921875 0.37890625 0.195003125 0.3681640625 0.1866734375 0.359375 0.18324374999999998 0.3623046875 0.1793234375 0.37109375 0.1793234375 0.3798828125 0.1822640625 0.3896484375 0.1871625 0.3994140625 0.1910828125 0.4130859375 0.1793234375 0.40625 0.1709953125 0.40625 0.16903437500000001 0.4248046875 0.1749140625 0.4404296875 0.1842234375 0.453125 0.1920625 0.466796875 0.198921875 0.4873046875 0.20823125 0.4921875 0.2185203125 0.498046875 0.2317484375 0.4658203125 0.2346890625 0.45703125 0.24105781249999997 0.447265625
0 0.288584375 0.4609375 0.2944640625 0.455078125 0.2944640625 0.4501953125 0.2983828125 0.447265625 0.304753125 0.4375 0.30867187500000004 0.427734375 0.3081828125 0.419921875 0.306221875 0.40625 0.299853125 0.3955078125 0.2934828125 0.3876953125 0.29005312499999997 0.37890625 0.28564375000000003 0.3720703125 0.2846640625 0.3623046875 0.2822140625 0.3544921875 0.2782953125 0.3408203125 0.27339531250000004 0.3330078125 0.27045625 0.328125 0.26506562499999997 0.318359375 0.25918593749999996 0.3095703125 0.2542875 0.306640625 0.24742812500000003 0.302734375 0.24056875 0.3017578125 0.24056875 0.314453125 0.2435078125 0.32421875 0.24693749999999998 0.3310546875 0.2508578125 0.3408203125 0.25477656249999997 0.3505859375 0.2523265625 0.3564453125 0.24301875 0.34765625 0.23811875 0.3359375 0.23321874999999997 0.328125 0.22782968750000002 0.322265625 0.221459375 0.3271484375 0.21999062500000002 0.337890625 0.22292968750000003 0.3515625 0.22440000000000002 0.357421875 0.2293 0.37109375 0.2293 0.3837890625 0.23321874999999997 0.3896484375 0.23958906249999998 0.3974609375 0.2435078125 0.408203125 0.2493875 0.443359375 0.2518375 0.462890625 0.256246875 0.470703125 0.25918593749999996 0.47265625 0.263596875 0.4794921875 0.26800625 0.4794921875 0.272415625 0.4775390625 0.277315625 0.470703125 0.2807453125 0.4609375 0.2851546875 0.4609375 0.288584375 0.4609375
1 0.3581578125 0.361328125 0.3508078125 0.34765625 0.34296875 0.33984375 0.3370890625 0.3212890625 0.3356203125 0.3056640625 0.33121093749999997 0.287109375 0.32925 0.27734375 0.3258203125 0.26953125 0.318471875 0.26171875 0.31161249999999996 0.2470703125 0.3032828125 0.236328125 0.30034375 0.244140625 0.3042625 0.2568359375 0.3081828125 0.26953125 0.3106328125 0.2802734375 0.3150421875 0.302734375 0.3121015625 0.318359375 0.302303125 0.3095703125 0.2895640625 0.296875 0.2802546875 0.2822265625 0.274375 0.265625 0.269965625 0.2734375 0.2709453125 0.2900390625 0.278784375 0.306640625 0.286134375 0.3271484375 0.29054375 0.3408203125 0.297403125 0.3603515625 0.304753125 0.423828125 0.3096515625 0.427734375 0.316021875 0.421875 0.3233703125 0.421875 0.3317 0.421875 0.3366 0.4052734375 0.3400296875 0.40234375 0.3508078125 0.4033203125 0.3625671875 0.3994140625 0.36648749999999997 0.3837890625 0.3581578125 0.361328125
3 0.38265625000000003 0.31640625 0.374815625 0.2890625 0.36893750000000003 0.2568359375 0.3640375 0.23046875 0.3512984375 0.2138671875 0.3400296875 0.2021484375 0.3331703125 0.2060546875 0.3351296875 0.2177734375 0.338559375 0.232421875 0.3424796875 0.2509765625 0.345909375 0.2705078125 0.3463984375 0.283203125 0.35031875 0.3056640625 0.35276874999999996 0.322265625 0.352278125 0.35546875 0.354728125 0.3720703125 0.3601171875 0.380859375 0.36550781250000003 0.380859375 0.37040625 0.3837890625 0.37922656250000003 0.3818359375 0.3855953125 0.375 0.3904953125 0.375 0.393434375 0.359375 0.3900046875 0.333984375 0.38265625000000003 0.31640625
4 0.41940156249999994 0.31640625 0.4164625 0.3056640625 0.4135234375 0.2822265625 0.4086234375 0.2646484375 0.4056828125 0.2333984375 0.4042140625 0.205078125 0.3904953125 0.2041015625 0.38804531249999996 0.2197265625 0.387065625 0.234375 0.387065625 0.2587890625 0.388534375 0.2880859375 0.3860859375 0.337890625 0.390984375 0.361328125 0.39539375 0.37109375 0.39882343750000004 0.3759765625 0.40372343749999995 0.3759765625 0.412053125 0.373046875 0.4174421875 0.3623046875 0.42479218750000003 0.3447265625 0.42626093750000005 0.333984375 0.42479218750000003 0.322265625 0.41940156249999994 0.31640625
5 0.41842187500000005 0.279296875 0.41940156249999994 0.2958984375 0.4198921875 0.31640625 0.4218515625 0.326171875 0.42626093750000005 0.345703125 0.43263125 0.353515625 0.44145 0.36328125 0.4473296875 0.349609375 0.4546796875 0.322265625 0.4546796875 0.3046875 0.4517390625 0.283203125 0.44880000000000003 0.2724609375 0.4453703125 0.2392578125 0.4409609375 0.2138671875 0.43899999999999995 0.1875 0.43802031250000006 0.162109375 0.4331203125 0.162109375 0.4287109375 0.1669921875 0.420871875 0.1845703125 0.4198921875 0.1962890625 0.4164625 0.212890625 0.4164625 0.2314453125 0.4174421875 0.2548828125 0.41842187500000005 0.279296875
6 0.47868750000000004 0.2646484375 0.4772171875 0.2373046875 0.4772171875 0.220703125 0.4713375 0.1875 0.464478125 0.1875 0.46251875 0.2177734375 0.459578125 0.2431640625 0.46006875 0.267578125 0.457128125 0.310546875 0.4561484375 0.3427734375 0.4630078125 0.3505859375 0.4674171875 0.357421875 0.4762375 0.357421875 0.4821171875 0.349609375 0.484565625 0.3369140625 0.48309687500000004 0.31640625 0.48162656249999997 0.2939453125 0.47770625000000005 0.2822265625 0.47868750000000004 0.2646484375
7 0.498775 0.1826171875 0.491425 0.1904296875 0.487015625 0.22265625 0.487015625 0.2451171875 0.485546875 0.267578125 0.484565625 0.3017578125 0.485546875 0.341796875 0.49240625 0.345703125 0.5041640625 0.34375 0.5071046875 0.3212890625 0.5071046875 0.3017578125 0.505634375 0.279296875 0.503184375 0.2509765625 0.503184375 0.23046875 0.501715625 0.205078125 0.498775 0.1826171875
8 0.5193531250000001 0.2021484375 0.516903125 0.2177734375 0.514453125 0.2451171875 0.5120046874999999 0.26953125 0.5071046875 0.3056640625 0.5080843749999999 0.349609375 0.530621875 0.3408203125 0.5325828125000001 0.3291015625 0.5325828125000001 0.30859375 0.5320921875 0.28515625 0.5276828124999999 0.2646484375 0.5267031249999999 0.234375 0.5267031249999999 0.2109375 0.5257234375000001 0.1943359375 0.5193531250000001 0.2021484375
9 0.5414015625 0.2177734375 0.53993125 0.240234375 0.5355218749999999 0.26953125 0.5296421875 0.3095703125 0.5325828125000001 0.333984375 0.5409109375 0.3505859375 0.5507109375 0.34375 0.558059375 0.3291015625 0.558059375 0.294921875 0.555609375 0.265625 0.5526703125 0.2314453125 0.5511999999999999 0.1943359375 0.5433609374999999 0.1953125 0.5414015625 0.2177734375
10 0.5908875 0.296875 0.596765625 0.26953125 0.59725625 0.244140625 0.5987265625 0.2275390625 0.5987265625 0.212890625 0.597746875 0.173828125 0.597746875 0.1513671875 0.5864765625 0.1650390625 0.5796171875 0.1953125 0.574228125 0.2314453125 0.565409375 0.2626953125 0.560509375 0.28125 0.5570796875 0.2978515625 0.5570796875 0.3134765625 0.561 0.3330078125 0.5644296875 0.3447265625 0.567859375 0.359375 0.5752078125 0.3642578125 0.5820671875000001 0.3466796875 0.5845171875 0.3330078125 0.5889265625 0.3115234375 0.5908875 0.296875
11 0.6227343750000001 0.2412109375 0.6237140625 0.2138671875 0.6237140625 0.1943359375 0.6212640625 0.185546875 0.6099953124999999 0.20703125 0.6026453125 0.240234375 0.59970625 0.2763671875 0.5859875 0.328125 0.587946875 0.337890625 0.5918671875 0.3447265625 0.597746875 0.349609375 0.603625 0.3623046875 0.6080359375 0.361328125 0.615384375 0.3544921875 0.620284375 0.3349609375 0.6212640625 0.3173828125 0.6232234375 0.302734375 0.6227343750000001 0.2412109375
12 0.6536015625 0.3037109375 0.6575203125 0.2890625 0.65948125 0.27734375 0.6629109375 0.2548828125 0.66585 0.240234375 0.6668296875 0.2197265625 0.6692796875 0.1962890625 0.6629109375 0.181640625 0.6599703124999999 0.1943359375 0.64968125 0.2265625 0.6398828125 0.2568359375 0.6354734375 0.2802734375 0.6227343750000001 0.3115234375 0.6188140625 0.3349609375 0.6173437500000001 0.3525390625 0.626653125 0.361328125 0.631553125 0.3701171875 0.6374328125 0.3662109375 0.6418421875 0.3740234375 0.64968125 0.359375 0.6521312499999999 0.33984375 0.6531109374999999 0.3203125 0.6536015625 0.3037109375
14 0.6981875 0.4072265625 0.7055359375 0.388671875 0.70700625 0.3671875 0.70700625 0.3544921875 0.708965625 0.3388671875 0.71435625 0.3212890625 0.7221953125 0.2998046875 0.730525 0.279296875 0.7310140625 0.263671875 0.725625 0.25390625 0.718765625 0.267578125 0.7035765625 0.29296875 0.6947578125 0.302734375 0.6942671875 0.2880859375 0.6942671875 0.2763671875 0.7006375 0.2626953125 0.7128859375000001 0.2421875 0.7128859375000001 0.2236328125 0.7040671875 0.2255859375 0.6996578125 0.232421875 0.683978125 0.2470703125 0.6785890625000001 0.2705078125 0.6712390625 0.2998046875 0.6634 0.322265625 0.64968125 0.341796875 0.64723125 0.365234375 0.6521312499999999 0.3779296875 0.6580109375000001 0.380859375 0.6648703125 0.3798828125 0.6717296875 0.3876953125 0.6780984375 0.40625 0.6874078124999999 0.40625 0.692796875 0.4130859375 0.6981875 0.4072265625
15 0.752571875 0.423828125 0.755021875 0.408203125 0.757471875 0.37890625 0.76188125 0.36328125 0.7706999999999999 0.3525390625 0.7795203125 0.328125 0.7814796875 0.3056640625 0.7775593749999999 0.2900390625 0.7658015625 0.3076171875 0.7545328125 0.33203125 0.7447328125 0.3447265625 0.746203125 0.33203125 0.7579625 0.3076171875 0.76678125 0.2822265625 0.7589421875 0.2763671875 0.7466921875 0.28515625 0.7378734375 0.2978515625 0.730525 0.3125 0.725625 0.3408203125 0.7055359375 0.3720703125 0.7055359375 0.3896484375 0.7055359375 0.404296875 0.707496875 0.4130859375 0.7153359375 0.41796875 0.7221953125 0.419921875 0.7270953125 0.431640625 0.734934375 0.447265625 0.7427734375 0.4453125 0.7496328125 0.4365234375 0.752571875 0.423828125
16 0.8005875 0.4609375 0.8064671875 0.4423828125 0.81185625 0.4296875 0.8177359375 0.4111328125 0.8245953125 0.4013671875 0.8275359375000001 0.390625 0.8201859375 0.392578125 0.812346875 0.390625 0.8079375000000001 0.37890625 0.8005875 0.3740234375 0.79176875 0.3701171875 0.79911875 0.359375 0.8010781250000001 0.3408203125 0.7888296875 0.3544921875 0.7805 0.36328125 0.77168125 0.369140625 0.76433125 0.3701171875 0.7589421875 0.3857421875 0.75698125 0.400390625 0.7599218750000001 0.427734375 0.76678125 0.4443359375 0.773640625 0.4443359375 0.7746203125 0.45703125 0.778540625 0.47265625 0.7854 0.478515625 0.7902984375 0.478515625 0.8005875 0.4609375