30 0.5570796875 0.576171875 0.56981875 0.5712890625 0.5796171875 0.5556640625 0.5781484375 0.5283203125 0.57716875 0.5029296875 0.5732484375 0.4716796875 0.57226875 0.443359375 0.569328125 0.416015625 0.56736875 0.388671875 0.5619796874999999 0.3505859375 0.5507109375 0.3525390625 0.5477703125 0.3828125 0.5467906250000001 0.4130859375 0.5453203125 0.4384765625 0.544340625 0.474609375 0.5438515625 0.5029296875 0.5438515625 0.541015625 0.5463015625 0.56640625 0.5570796875 0.576171875
29 0.5889265625 0.56640625 0.604115625 0.5634765625 0.6144046875 0.5439453125 0.6168546874999999 0.5234375 0.6144046875 0.494140625 0.6119546875 0.46484375 0.611465625 0.4306640625 0.6080359375 0.3955078125 0.6055859375 0.3544921875 0.5903968749999999 0.33984375 0.5835375 0.3671875 0.5825578124999999 0.3974609375 0.5810875 0.42578125 0.5801078125 0.451171875 0.5796171875 0.484375 0.57716875 0.517578125 0.5820671875000001 0.54296875 0.5889265625 0.56640625
23 0.6447812500000001 0.5302734375 0.6423328125000001 0.4873046875 0.6384125 0.4521484375 0.6335124999999999 0.416015625 0.62959375 0.3857421875 0.626653125 0.3525390625 0.6139140624999999 0.36328125 0.6095046875000001 0.4052734375 0.6055859375 0.43359375 0.6031359375 0.46484375 0.6031359375 0.4921875 0.610484375 0.5224609375 0.620284375 0.5458984375 0.6349828125 0.5400390625 0.6447812500000001 0.5302734375
24 0.666340625 0.52734375 0.67075 0.505859375 0.666340625 0.447265625 0.663890625 0.4140625 0.6599703124999999 0.3759765625 0.6575203125 0.3349609375 0.6413515624999999 0.3369140625 0.6433125000000001 0.3759765625 0.6398828125 0.400390625 0.6369421875 0.43359375 0.6344921875 0.466796875 0.6335124999999999 0.4921875 0.6384125 0.517578125 0.64968125 0.53125 0.666340625 0.52734375
25 0.6981875 0.5 0.7148453124999999 0.4951171875 0.716315625 0.4716796875 0.7128859375000001 0.44140625 0.708965625 0.4013671875 0.711415625 0.3798828125 0.7148453124999999 0.337890625 0.7148453124999999 0.3017578125 0.7011265625 0.314453125 0.6859375 0.3427734375 0.6780984375 0.3779296875 0.6741796875 0.4052734375 0.6692796875 0.439453125 0.667809375 0.47265625 0.6717296875 0.5029296875 0.68446875 0.5048828125 0.6981875 0.5
26 0.7481625000000001 0.4697265625 0.7584515625 0.4541015625 0.75698125 0.4267578125 0.7545328125 0.3857421875 0.7545328125 0.3447265625 0.7584515625 0.3134765625 0.7422828124999999 0.3115234375 0.7359140625 0.33203125 0.7241546875 0.3623046875 0.718765625 0.3935546875 0.7153359375 0.4287109375 0.7148453124999999 0.4560546875 0.7226843749999999 0.484375 0.7359140625 0.4814453125 0.7481625000000001 0.4697265625
0 0.7545328125 0.484375 0.7408140624999999 0.5029296875 0.7266046875 0.5107421875 0.71680625 0.53125 0.7202359375 0.560546875 0.7315046875 0.583984375 0.7403234375000001 0.607421875 0.7496328125 0.6279296875 0.7599218750000001 0.6455078125 0.7775593749999999 0.6533203125 0.7907890625 0.625 0.773640625 0.619140625 0.762371875 0.5966796875 0.8108765625000001 0.611328125 0.7951984375000001 0.583984375 0.7839296874999999 0.5615234375 0.77805 0.5302734375 0.771190625 0.494140625 0.7545328125 0.484375
1 0.7217046875 0.57421875 0.7192546875 0.548828125 0.7128859375000001 0.525390625 0.6962265624999999 0.53125 0.68201875 0.5478515625 0.666340625 0.560546875 0.6741796875 0.58984375 0.68201875 0.6142578125 0.6883874999999999 0.6328125 0.6932875000000001 0.662109375 0.702596875 0.68359375 0.7128859375000001 0.7041015625 0.7241546875 0.716796875 0.7354234374999999 0.7294921875 0.751103125 0.7314453125 0.7613921875 0.7080078125 0.755021875 0.6787109375 0.74424375 0.658203125 0.7359140625 0.6279296875 0.728075 0.607421875 0.7217046875 0.57421875
2 0.27192500000000003 0.458984375 0.272415625 0.42578125 0.2709453125 0.3984375 0.27045625 0.375 0.26555625 0.3349609375 0.2493875 0.337890625 0.2454671875 0.3671875 0.23860781250000002 0.3974609375 0.2297890625 0.4267578125 0.22587031249999998 0.451171875 0.2346890625 0.47265625 0.24889687500000002 0.474609375 0.26310625 0.4853515625 0.27192500000000003 0.458984375
3 0.670259375 0.583984375 0.666340625 0.552734375 0.6511515625000001 0.5537109375 0.6384125 0.560546875 0.6330234375 0.5908203125 0.6408625 0.6142578125 0.6511515625000001 0.634765625 0.6604609375 0.666015625 0.67075 0.693359375 0.6756484375 0.7333984375 0.6805484374999999 0.7626953125 0.6932875000000001 0.7646484375 0.6893671875 0.7333984375 0.6859375 0.69921875 0.6795687499999999 0.6708984375 0.67466875 0.642578125 0.6732 0.619140625 0.670259375 0.583984375
4 0.6384125 0.5859375 0.62714375 0.5693359375 0.6119546875 0.57421875 0.596765625 0.5986328125 0.6031359375 0.6279296875 0.611465625 0.6494140625 0.6144046875 0.669921875 0.6207734375 0.7041015625 0.6281234375 0.734375 0.63204375 0.7626953125 0.6398828125 0.7880859375 0.6511515625000001 0.794921875 0.64723125 0.7578125 0.6433125000000001 0.7109375 0.6408625 0.68359375 0.6384125 0.6533203125 0.6374328125 0.6220703125 0.6384125 0.5859375
5 0.5889265625 0.568359375 0.57226875 0.5712890625 0.5644296875 0.599609375 0.569328125 0.6279296875 0.5732484375 0.6572265625 0.57716875 0.693359375 0.5820671875000001 0.7236328125 0.5864765625 0.751953125 0.5913765625 0.78515625 0.6031359375 0.80859375 0.6075453125 0.76171875 0.604115625 0.7216796875 0.601665625 0.6982421875 0.6011765625 0.662109375 0.6011765625 0.6201171875 0.6026453125 0.5810546875 0.5889265625 0.568359375
6 0.5683484375 0.5986328125 0.55855 0.583984375 0.5463015625 0.5869140625 0.5335625 0.58984375 0.5365015625 0.619140625 0.540421875 0.6455078125 0.542871875 0.66796875 0.5463015625 0.69921875 0.551690625 0.724609375 0.558059375 0.7568359375 0.5668796875 0.78515625 0.5786374999999999 0.794921875 0.5761875 0.7626953125 0.5737390625 0.736328125 0.569328125 0.7080078125 0.5668796875 0.677734375 0.5658984375 0.6494140625 0.5683484375 0.5986328125
7 0.5237625 0.58984375 0.51249375 0.5947265625 0.514453125 0.6298828125 0.51739375 0.66015625 0.5232734375 0.6806640625 0.5262125 0.7109375 0.5296421875 0.7333984375 0.5340515625 0.7578125 0.5453203125 0.7490234375 0.542871875 0.7158203125 0.53993125 0.685546875 0.53748125 0.658203125 0.53748125 0.625 0.5360125 0.5888671875 0.5237625 0.58984375
8 0.5159234374999999 0.6083984375 0.5071046875 0.5888671875 0.48946562499999996 0.59375 0.48652656250000004 0.6142578125 0.48946562499999996 0.6396484375 0.49387499999999995 0.6708984375 0.4977953125 0.6953125 0.5007343750000001 0.720703125 0.506125 0.75390625 0.51739375 0.7724609375 0.5237625 0.75390625 0.5232734375 0.7236328125 0.5213125 0.6953125 0.5183734375 0.6708984375 0.5159234374999999 0.6494140625 0.5159234374999999 0.6083984375
9 0.4688875 0.5888671875 0.45565937500000003 0.6025390625 0.45565937500000003 0.6298828125 0.45859843749999996 0.6533203125 0.46251875 0.68359375 0.4674171875 0.703125 0.4728078125 0.7333984375 0.48015625 0.7666015625 0.4953453125 0.76171875 0.49436562500000003 0.720703125 0.4904453125 0.677734375 0.4879953125 0.6494140625 0.48652656250000004 0.6171875 0.48505624999999997 0.5859375 0.4688875 0.5888671875
10 0.441940625 0.58984375 0.42381250000000004 0.5986328125 0.42038281250000004 0.6455078125 0.42528125 0.6787109375 0.42626093750000005 0.7080078125 0.4292015625 0.7392578125 0.4404703125 0.7802734375 0.46496875 0.767578125 0.4634984375 0.734375 0.4610484375 0.701171875 0.46006875 0.666015625 0.46006875 0.6318359375 0.45761874999999996 0.59375 0.441940625 0.58984375
11 0.42038281250000004 0.6494140625 0.43263125 0.6240234375 0.42381250000000004 0.599609375 0.41156249999999994 0.5869140625 0.39882343750000004 0.5810546875 0.3860859375 0.5947265625 0.384125 0.626953125 0.3806953125 0.6533203125 0.3782453125 0.6904296875 0.37922656250000003 0.724609375 0.3782453125 0.76171875 0.3782453125 0.7998046875 0.389515625 0.8125 0.398334375 0.78515625 0.402253125 0.7578125 0.4086234375 0.7373046875 0.41156249999999994 0.708984375 0.41499218750000005 0.68359375 0.42038281250000004 0.6494140625
12 0.389515625 0.6083984375 0.38804531249999996 0.5859375 0.3782453125 0.5712890625 0.36795625 0.56640625 0.3537484375 0.5712890625 0.34394843750000004 0.583984375 0.3400296875 0.6201171875 0.3375796875 0.6455078125 0.332190625 0.6787109375 0.329740625 0.7080078125 0.32925 0.736328125 0.32288125 0.7666015625 0.327290625 0.787109375 0.3400296875 0.7646484375 0.3488484375 0.7392578125 0.3561984375 0.7158203125 0.3650171875 0.6904296875 0.375796875 0.65234375 0.389515625 0.6083984375
13 0.2988734375 0.515625 0.3101421875 0.5224609375 0.32043125 0.5 0.3233703125 0.47265625 0.32288125 0.4443359375 0.3189609375 0.416015625 0.3140625 0.3857421875 0.3106328125 0.3623046875 0.3018125 0.3427734375 0.2934828125 0.3193359375 0.283684375 0.3427734375 0.2871140625 0.375 0.286134375 0.3974609375 0.2807453125 0.423828125 0.27192500000000003 0.4462890625 0.2709453125 0.4775390625 0.274865625 0.501953125 0.286134375 0.5029296875 0.2988734375 0.515625
14 0.3233703125 0.6533203125 0.3395390625 0.6171875 0.3463984375 0.5966796875 0.34835937499999997 0.57421875 0.333659375 0.556640625 0.32092187499999997 0.548828125 0.306221875 0.5439453125 0.292503125 0.5380859375 0.2807453125 0.560546875 0.277315625 0.58984375 0.274865625 0.619140625 0.26849531249999997 0.650390625 0.2552671875 0.6787109375 0.2479171875 0.724609375 0.2533078125 0.7470703125 0.26555625 0.75 0.283684375 0.7333984375 0.29495312500000004 0.716796875 0.306221875 0.6982421875 0.3170015625 0.677734375 0.3233703125 0.6533203125
15 0.26849531249999997 0.5947265625 0.28662343749999997 0.568359375 0.29544375 0.5439453125 0.2876046875 0.5234375 0.2709453125 0.517578125 0.25820625 0.5078125 0.24889687500000002 0.4970703125 0.23860781250000002 0.4794921875 0.223909375 0.5 0.2185203125 0.525390625 0.21705000000000002 0.556640625 0.20823125 0.5869140625 0.1954921875 0.6025390625 0.181284375 0.6298828125 0.19696249999999998 0.6298828125 0.21313125 0.6376953125 0.2234203125 0.6455078125 0.23860781250000002 0.65234375 0.25036718750000003 0.63671875 0.25918593749999996 0.6123046875 0.26849531249999997 0.5947265625
17 0.3400296875 0.5380859375 0.352278125 0.5234375 0.3586484375 0.5 0.3601171875 0.4775390625 0.3586484375 0.4462890625 0.3615875 0.416015625 0.3586484375 0.384765625 0.3640375 0.3505859375 0.35276874999999996 0.3525390625 0.3424796875 0.3701171875 0.333659375 0.4013671875 0.329740625 0.4306640625 0.327290625 0.458984375 0.3243515625 0.4853515625 0.32043125 0.5146484375 0.3282703125 0.53515625 0.3400296875 0.5380859375
18 0.384125 0.5439453125 0.3919640625 0.525390625 0.3949046875 0.4970703125 0.3944140625 0.46875 0.3944140625 0.4384765625 0.390984375 0.40625 0.3860859375 0.3701171875 0.37775625 0.3369140625 0.36893750000000003 0.3701171875 0.3694265625 0.3974609375 0.36795625 0.423828125 0.36550781250000003 0.4560546875 0.3601171875 0.4873046875 0.354728125 0.5126953125 0.3566875 0.5400390625 0.36893750000000003 0.55078125 0.384125 0.5439453125
19 0.39735468749999997 0.56640625 0.41107343749999997 0.57421875 0.42283125000000005 0.5615234375 0.43018124999999996 0.541015625 0.4331203125 0.515625 0.43263125 0.484375 0.4331203125 0.4619140625 0.430671875 0.423828125 0.42626093750000005 0.390625 0.42136250000000003 0.365234375 0.41499218750000005 0.337890625 0.403234375 0.3466796875 0.40372343749999995 0.373046875 0.3998046875 0.4013671875 0.3998046875 0.443359375 0.39735468749999997 0.4697265625 0.3919640625 0.4970703125 0.388534375 0.5224609375 0.388534375 0.5478515625 0.39735468749999997 0.56640625
20 0.45320937499999997 0.5615234375 0.4639875 0.5537109375 0.46986718749999995 0.5283203125 0.4688875 0.4970703125 0.47035781249999997 0.4541015625 0.4683984375 0.416015625 0.46643749999999995 0.3798828125 0.4659484375 0.34765625 0.459578125 0.3271484375 0.44585937500000006 0.3466796875 0.443409375 0.380859375 0.4404703125 0.4130859375 0.43655 0.4462890625 0.43165156250000003 0.484375 0.430671875 0.5185546875 0.42626093750000005 0.5556640625 0.43802031250000006 0.5654296875 0.45320937499999997 0.5615234375
21 0.48113593750000005 0.5732421875 0.4977953125 0.578125 0.505634375 0.556640625 0.5041640625 0.5185546875 0.5041640625 0.484375 0.501715625 0.4521484375 0.5002453124999999 0.4189453125 0.49926562499999994 0.3828125 0.49926562499999994 0.3427734375 0.48407656250000003 0.341796875 0.48162656249999997 0.375 0.4762375 0.4111328125 0.4737875 0.4345703125 0.47035781249999997 0.46875 0.4659484375 0.4921875 0.46202812499999996 0.525390625 0.4634984375 0.55859375 0.48113593750000005 0.5732421875
22 0.5276828124999999 0.576171875 0.5414015625 0.5732421875 0.5453203125 0.55078125 0.544340625 0.517578125 0.542871875 0.490234375 0.53993125 0.45703125 0.5365015625 0.423828125 0.53748125 0.392578125 0.5325828125000001 0.3603515625 0.5262125 0.337890625 0.51494375 0.365234375 0.516903125 0.3984375 0.51249375 0.43359375 0.5110234375 0.46484375 0.5071046875 0.498046875 0.5041640625 0.525390625 0.5041640625 0.556640625 0.51249375 0.576171875 0.5276828124999999 0.576171875