30 0.5283203125 0.42675156249999996 0.4970703125 0.42283125000000005 0.4716796875 0.4218515625 0.4443359375 0.42038281250000004 0.4287109375 0.43018124999999996 0.423828125 0.44292031249999997 0.43359375 0.45369843750000005 0.458984375 0.4561484375 0.4970703125 0.4561484375 0.525390625 0.45565937500000003 0.5615234375 0.4546796875 0.5869140625 0.45320937499999997 0.6171875 0.45222968750000003 0.6474609375 0.4492890625 0.6494140625 0.43802031250000006 0.611328125 0.43263125 0.583984375 0.430671875 0.556640625 0.42773125 0.5283203125 0.42675156249999996
29 0.505859375 0.3855953125 0.4765625 0.3831453125 0.4560546875 0.3855953125 0.4365234375 0.395884375 0.43359375 0.41107343749999997 0.45703125 0.4179328125 0.482421875 0.42283125000000005 0.515625 0.42038281250000004 0.548828125 0.4198921875 0.57421875 0.41891249999999997 0.6025390625 0.4174421875 0.6328125 0.4164625 0.66015625 0.409603125 0.6455078125 0.3944140625 0.6044921875 0.3919640625 0.5693359375 0.388534375 0.53515625 0.38804531249999996 0.505859375 0.3855953125
23 0.5126953125 0.35766718750000004 0.4697265625 0.35521875 0.4599609375 0.3650171875 0.4541015625 0.379715625 0.4775390625 0.389515625 0.5078125 0.3968640625 0.53515625 0.3968640625 0.56640625 0.3944140625 0.5947265625 0.3904953125 0.63671875 0.3860859375 0.6474609375 0.373346875 0.6142578125 0.37040625 0.583984375 0.36648749999999997 0.5478515625 0.3615875 0.5126953125 0.35766718750000004
24 0.494140625 0.32925 0.47265625 0.333659375 0.46875 0.35031875 0.482421875 0.3615875 0.5078125 0.36648749999999997 0.533203125 0.36550781250000003 0.56640625 0.3630578125 0.599609375 0.3601171875 0.6240234375 0.3566875 0.6630859375 0.3586484375 0.6650390625 0.3424796875 0.6240234375 0.3400296875 0.5859375 0.33610937500000004 0.552734375 0.333659375 0.494140625 0.32925
25 0.55859375 0.2871140625 0.5283203125 0.283684375 0.5048828125 0.2851546875 0.5 0.3018125 0.4951171875 0.31553125 0.4970703125 0.3282703125 0.52734375 0.332190625 0.560546875 0.3307203125 0.5947265625 0.3258203125 0.6220703125 0.3219015625 0.6572265625 0.3140625 0.685546875 0.2988734375 0.6982421875 0.2851546875 0.662109375 0.2851546875 0.6201171875 0.288584375 0.5986328125 0.291034375 0.55859375 0.2871140625
26 0.5458984375 0.24154843750000002 0.5302734375 0.2518375 0.5185546875 0.2640859375 0.515625 0.277315625 0.5439453125 0.2851546875 0.5712890625 0.2846640625 0.6064453125 0.28123437500000004 0.6376953125 0.2758453125 0.66796875 0.2640859375 0.6884765625 0.2577171875 0.6865234375 0.24154843750000002 0.6552734375 0.2454671875 0.6142578125 0.2454671875 0.5732421875 0.24301875 0.5458984375 0.24154843750000002
0 0.416015625 0.26849531249999997 0.439453125 0.2797640625 0.46875 0.28319375 0.4892578125 0.27339531250000004 0.4970703125 0.25918593749999996 0.515625 0.2454671875 0.505859375 0.22880937499999998 0.4697265625 0.22195 0.4384765625 0.2160703125 0.416015625 0.2048015625 0.388671875 0.1891234375 0.4033203125 0.237628125 0.380859375 0.226359375 0.375 0.20921093750000003 0.3466796875 0.222440625 0.3544921875 0.240078125 0.3720703125 0.25036718750000003 0.392578125 0.25967656250000004 0.416015625 0.26849531249999997
1 0.3857421875 0.31798125 0.41015625 0.3258203125 0.439453125 0.333659375 0.4521484375 0.31798125 0.46875 0.30377343749999997 0.474609375 0.2871140625 0.451171875 0.2807453125 0.42578125 0.2782953125 0.392578125 0.27192500000000003 0.3720703125 0.2640859375 0.341796875 0.25575625 0.3212890625 0.244978125 0.2919921875 0.23860781250000002 0.2685546875 0.24889687500000002 0.2705078125 0.2645765625 0.283203125 0.2758453125 0.2958984375 0.2871140625 0.31640625 0.297403125 0.337890625 0.3067125 0.3671875 0.31161249999999996 0.3857421875 0.31798125
2 0.541015625 0.728075 0.5146484375 0.73689375 0.525390625 0.751103125 0.52734375 0.7653109375 0.548828125 0.7741296875 0.5732421875 0.7702109375 0.6025390625 0.7613921875 0.6328125 0.7545328125 0.662109375 0.7506125 0.6650390625 0.73444375 0.625 0.72954375 0.6015625 0.7290546875 0.57421875 0.727584375 0.541015625 0.728075
3 0.4091796875 0.3669765625 0.439453125 0.3615875 0.4462890625 0.3488484375 0.447265625 0.333659375 0.416015625 0.329740625 0.380859375 0.3268 0.357421875 0.32533124999999996 0.3291015625 0.32043125 0.30078125 0.3140625 0.2666015625 0.3106328125 0.2353515625 0.3067125 0.2373046875 0.3194515625 0.2666015625 0.3243515625 0.306640625 0.32925 0.333984375 0.3395390625 0.365234375 0.3488484375 0.3857421875 0.3591375 0.4091796875 0.3669765625
4 0.3720703125 0.3968640625 0.4013671875 0.403234375 0.42578125 0.38804531249999996 0.4306640625 0.37285625 0.4140625 0.3615875 0.3779296875 0.3625671875 0.3466796875 0.3615875 0.31640625 0.3591375 0.2890625 0.3566875 0.2421875 0.35276874999999996 0.205078125 0.3488484375 0.2119140625 0.3601171875 0.2373046875 0.36795625 0.265625 0.3718765625 0.2958984375 0.37922656250000003 0.330078125 0.3855953125 0.3505859375 0.388534375 0.3720703125 0.3968640625
5 0.3720703125 0.430671875 0.400390625 0.4355703125 0.4287109375 0.42773125 0.431640625 0.41107343749999997 0.4189453125 0.39735468749999997 0.3798828125 0.39882343750000004 0.337890625 0.39882343750000004 0.3017578125 0.398334375 0.2783203125 0.395884375 0.23828125 0.3924546875 0.19140625 0.3968640625 0.21484375 0.4086234375 0.248046875 0.4135234375 0.2763671875 0.4179328125 0.306640625 0.42283125000000005 0.3427734375 0.42675156249999996 0.3720703125 0.430671875
6 0.380859375 0.4634984375 0.41015625 0.46643749999999995 0.4130859375 0.45369843750000005 0.416015625 0.44145 0.4013671875 0.43165156250000003 0.3505859375 0.4341015625 0.322265625 0.4331203125 0.2919921875 0.430671875 0.263671875 0.42626093750000005 0.2373046875 0.42381250000000004 0.205078125 0.42136250000000003 0.21484375 0.4331203125 0.2431640625 0.441940625 0.275390625 0.448309375 0.30078125 0.45369843750000005 0.33203125 0.457128125 0.3544921875 0.459578125 0.380859375 0.4634984375
7 0.4052734375 0.48750625000000003 0.41015625 0.4762375 0.4111328125 0.4639875 0.375 0.46251875 0.341796875 0.46251875 0.314453125 0.46006875 0.2841796875 0.457128125 0.2509765625 0.4546796875 0.2421875 0.4659484375 0.2666015625 0.47035781249999997 0.2890625 0.4737875 0.3193359375 0.4767265625 0.33984375 0.48260625 0.3701171875 0.485546875 0.4052734375 0.48750625000000003
8 0.40625 0.510534375 0.4111328125 0.49289531249999996 0.3916015625 0.48407656250000003 0.3505859375 0.48407656250000003 0.3291015625 0.48162656249999997 0.3046875 0.47868750000000004 0.2763671875 0.4767265625 0.24609375 0.4762375 0.2275390625 0.48260625 0.24609375 0.49387499999999995 0.279296875 0.49926562499999994 0.3046875 0.5022046875 0.3291015625 0.506125 0.3603515625 0.510534375 0.3857421875 0.5134734375 0.40625 0.510534375
9 0.3974609375 0.544340625 0.4111328125 0.5311125 0.4140625 0.51494375 0.3828125 0.5134734375 0.3505859375 0.5120046874999999 0.322265625 0.5095546875 0.279296875 0.505634375 0.23828125 0.5046546875 0.2333984375 0.5198437499999999 0.2666015625 0.5271921875000001 0.296875 0.5325828125000001 0.31640625 0.53748125 0.3466796875 0.5414015625 0.3701171875 0.544340625 0.3974609375 0.544340625
10 0.41015625 0.558059375 0.40625 0.54238125 0.3681640625 0.53993125 0.333984375 0.53993125 0.298828125 0.5389515625 0.265625 0.5365015625 0.232421875 0.5350312500000001 0.2197265625 0.5595296875 0.2607421875 0.5707984374999999 0.2919921875 0.5737390625 0.3212890625 0.57471875 0.3544921875 0.5796171875 0.4013671875 0.5761875 0.41015625 0.558059375
11 0.4052734375 0.6139140624999999 0.4189453125 0.6011765625 0.4130859375 0.5884375000000001 0.400390625 0.5761875 0.3759765625 0.56736875 0.3505859375 0.5796171875 0.31640625 0.5850078125 0.291015625 0.5884375000000001 0.2626953125 0.5913765625 0.2421875 0.597746875 0.21484375 0.601665625 0.1875 0.610484375 0.2001953125 0.6217546875 0.23828125 0.6217546875 0.275390625 0.6207734375 0.3095703125 0.6217546875 0.3466796875 0.6193046875 0.373046875 0.6158750000000001 0.4052734375 0.6139140624999999
12 0.416015625 0.6560515625 0.4287109375 0.6462515625 0.43359375 0.63204375 0.4287109375 0.6217546875 0.4140625 0.6119546875 0.3916015625 0.610484375 0.34765625 0.624203125 0.3095703125 0.6349828125 0.2841796875 0.6438015625 0.2607421875 0.6511515625000001 0.2353515625 0.6599703124999999 0.212890625 0.6727093749999999 0.2333984375 0.67711875 0.263671875 0.67075 0.2919921875 0.670259375 0.3212890625 0.667809375 0.3544921875 0.6624203125 0.3798828125 0.6599703124999999 0.416015625 0.6560515625
13 0.583984375 0.6810390625 0.5556640625 0.67711875 0.52734375 0.6766296875 0.5 0.6795687499999999 0.4775390625 0.6898578125 0.484375 0.7011265625 0.4970703125 0.7138656250000001 0.498046875 0.725134375 0.5224609375 0.7290546875 0.5537109375 0.728075 0.576171875 0.7192546875 0.6025390625 0.7138656250000001 0.625 0.7128859375000001 0.6572265625 0.716315625 0.6806640625 0.7065171875 0.6572265625 0.6981875 0.6376953125 0.6893671875 0.6142578125 0.6859375 0.583984375 0.6810390625
14 0.4619140625 0.707496875 0.4560546875 0.6937781249999999 0.451171875 0.679078125 0.443359375 0.666340625 0.42578125 0.651640625 0.4033203125 0.6536015625 0.3828125 0.6604609375 0.3466796875 0.6766296875 0.322265625 0.6829984375 0.3017578125 0.6937781249999999 0.283203125 0.7050468750000001 0.2666015625 0.716315625 0.25 0.73444375 0.2529296875 0.7466921875 0.275390625 0.7520828125000001 0.3212890625 0.7447328125 0.349609375 0.7315046875 0.380859375 0.725134375 0.41015625 0.7226843749999999 0.439453125 0.7192546875 0.4619140625 0.707496875
15 0.5205078125 0.7613921875 0.5029296875 0.751103125 0.4921875 0.74179375 0.482421875 0.7290546875 0.4765625 0.7123953125 0.4560546875 0.70455625 0.431640625 0.7133765624999999 0.4052734375 0.7315046875 0.3876953125 0.7408140624999999 0.36328125 0.7496328125 0.34765625 0.7613921875 0.3544921875 0.7765796875000001 0.3623046875 0.78686875 0.3701171875 0.8030375 0.3701171875 0.818715625 0.3974609375 0.8045078125 0.4130859375 0.79176875 0.443359375 0.78295 0.474609375 0.7814796875 0.5 0.7760906249999999 0.5205078125 0.7613921875
17 0.5224609375 0.6398828125 0.5 0.6413515624999999 0.4765625 0.647721875 0.4619140625 0.6599703124999999 0.46484375 0.6717296875 0.4853515625 0.6795687499999999 0.5146484375 0.6756484375 0.541015625 0.6727093749999999 0.5693359375 0.670259375 0.5986328125 0.666340625 0.6298828125 0.6575203125 0.6474609375 0.64723125 0.6494140625 0.6359625 0.615234375 0.6413515624999999 0.583984375 0.6384125 0.5537109375 0.6413515624999999 0.5224609375 0.6398828125
18 0.53125 0.6055859375 0.5029296875 0.6050953125 0.474609375 0.6080359375 0.4560546875 0.6158750000000001 0.44921875 0.6310625 0.4599609375 0.6433125000000001 0.4873046875 0.6452718749999999 0.5126953125 0.6398828125 0.5439453125 0.6344921875 0.576171875 0.63204375 0.6025390625 0.6305734375000001 0.6298828125 0.6310625 0.6630859375 0.62224375 0.6298828125 0.6139140624999999 0.59375 0.609015625 0.5615234375 0.6055859375 0.53125 0.6055859375
19 0.5380859375 0.5668796875 0.515625 0.56736875 0.484375 0.5668796875 0.458984375 0.56981875 0.4384765625 0.57716875 0.42578125 0.5889265625 0.43359375 0.6026453125 0.4521484375 0.611465625 0.4775390625 0.611465625 0.5029296875 0.6080359375 0.5302734375 0.6026453125 0.556640625 0.6001953125 0.5986328125 0.6001953125 0.626953125 0.5962765625 0.6533203125 0.596765625 0.662109375 0.5850078125 0.634765625 0.5786374999999999 0.609375 0.5737390625 0.576171875 0.569328125 0.5380859375 0.5668796875
20 0.5458984375 0.5296421875 0.5029296875 0.5311125 0.4716796875 0.5301328125 0.4462890625 0.5360125 0.4384765625 0.5467906250000001 0.4345703125 0.5619796874999999 0.4443359375 0.5737390625 0.4814453125 0.569328125 0.515625 0.5683484375 0.5537109375 0.56345 0.5869140625 0.5595296875 0.619140625 0.556590625 0.6533203125 0.5541406249999999 0.6728515625 0.540421875 0.65234375 0.5340515625 0.6201171875 0.5335625 0.583984375 0.5316015625 0.5458984375 0.5296421875
21 0.515625 0.4958359375 0.4814453125 0.4958359375 0.443359375 0.49436562500000003 0.421875 0.5022046875 0.4267578125 0.5188640625 0.44140625 0.5365015625 0.474609375 0.537971875 0.5078125 0.5340515625 0.53125 0.5296421875 0.5654296875 0.5262125 0.5888671875 0.5237625 0.625 0.5183734375 0.658203125 0.5159234374999999 0.6572265625 0.5007343750000001 0.6171875 0.5007343750000001 0.5810546875 0.4997546875 0.5478515625 0.498284375 0.515625 0.4958359375
22 0.54296875 0.46006875 0.509765625 0.457128125 0.482421875 0.45565937500000003 0.44921875 0.4546796875 0.4267578125 0.45859843749999996 0.423828125 0.4723171875 0.423828125 0.48750625000000003 0.443359375 0.4958359375 0.474609375 0.4958359375 0.501953125 0.49289531249999996 0.53515625 0.4889765625 0.56640625 0.48750625000000003 0.6015625 0.48309687500000004 0.634765625 0.48505624999999997 0.662109375 0.4737875 0.6396484375 0.4674171875 0.607421875 0.46251875 0.576171875 0.4634984375 0.54296875 0.46006875