24 0.64453125 0.670259375 0.6708984375 0.670259375 0.703125 0.663890625 0.6865234375 0.6501718750000001 0.650390625 0.6511515625000001 0.611328125 0.6501718750000001 0.57421875 0.6487015625 0.54296875 0.6447812500000001 0.509765625 0.6452718749999999 0.490234375 0.6580109375000001 0.498046875 0.6756484375 0.52734375 0.67711875 0.552734375 0.67711875 0.583984375 0.67466875 0.609375 0.67075 0.64453125 0.670259375
31 0.779296875 0.2542875 0.779296875 0.23370937500000002 0.744140625 0.2204796875 0.7080078125 0.2018625 0.6767578125 0.1979421875 0.6572265625 0.2067609375 0.6474609375 0.2185203125 0.634765625 0.22880937499999998 0.6484375 0.24105781249999997 0.673828125 0.2479171875 0.6982421875 0.2493875 0.7265625 0.2552671875 0.7568359375 0.26065625 0.779296875 0.2542875
30 0.5791015625 0.57226875 0.6142578125 0.5707984374999999 0.65234375 0.5668796875 0.6806640625 0.56345 0.6708984375 0.5502203125 0.6328125 0.549240625 0.6015625 0.5526703125 0.55859375 0.551690625 0.5224609375 0.5482609375 0.490234375 0.5477703125 0.4560546875 0.549240625 0.4365234375 0.560509375 0.451171875 0.571778125 0.474609375 0.57716875 0.509765625 0.5796171875 0.5400390625 0.57471875 0.5791015625 0.57226875
29 0.583984375 0.612934375 0.6220703125 0.611465625 0.658203125 0.611465625 0.69140625 0.6095046875000001 0.7392578125 0.6095046875000001 0.728515625 0.596765625 0.6884765625 0.5938265625 0.6533203125 0.5899062500000001 0.609375 0.5864765625 0.5712890625 0.5835375 0.533203125 0.5796171875 0.5029296875 0.57716875 0.4775390625 0.5864765625 0.447265625 0.599215625 0.4697265625 0.611465625 0.5029296875 0.6119546875 0.5439453125 0.6119546875 0.583984375 0.612934375
23 0.5869140625 0.6423328125000001 0.619140625 0.6398828125 0.65234375 0.6398828125 0.693359375 0.6398828125 0.6884765625 0.6246937499999999 0.6533203125 0.6232234375 0.6123046875 0.6207734375 0.578125 0.6158750000000001 0.541015625 0.612934375 0.5146484375 0.611465625 0.4853515625 0.6144046875 0.4794921875 0.62959375 0.47265625 0.6423328125000001 0.4951171875 0.64723125 0.5185546875 0.64723125 0.5537109375 0.6462515625 0.5869140625 0.6423328125000001
25 0.5791015625 0.7202359375 0.6064453125 0.716315625 0.6376953125 0.7148453124999999 0.669921875 0.7123953125 0.703125 0.711415625 0.6474609375 0.7011265625 0.611328125 0.700146875 0.666015625 0.6957375 0.6904296875 0.6893671875 0.6591796875 0.6810390625 0.6328125 0.6795687499999999 0.5986328125 0.68201875 0.578125 0.6795687499999999 0.5556640625 0.6741796875 0.525390625 0.6756484375 0.5048828125 0.6834890625 0.4970703125 0.6962265624999999 0.5078125 0.707496875 0.5234375 0.718765625 0.5478515625 0.7226843749999999 0.5791015625 0.7202359375
26 0.666015625 0.7486531249999999 0.703125 0.7447328125 0.7373046875 0.7359140625 0.7041015625 0.7266046875 0.662109375 0.7226843749999999 0.6318359375 0.723175 0.5966796875 0.7241546875 0.56640625 0.7226843749999999 0.5361328125 0.7266046875 0.5283203125 0.7422828124999999 0.54296875 0.7535515625 0.55078125 0.766290625 0.576171875 0.7702109375 0.607421875 0.762371875 0.634765625 0.75698125 0.666015625 0.7486531249999999
27 0.76953125 0.7677609375000001 0.7578125 0.7535515625 0.7265625 0.7506125 0.6953125 0.7481625000000001 0.66015625 0.7530625 0.6376953125 0.755021875 0.6171875 0.7633515625 0.6240234375 0.7760906249999999 0.6474609375 0.7956890624999999 0.66796875 0.7971578125 0.693359375 0.79176875 0.71875 0.78295 0.7421875 0.77805 0.76953125 0.7677609375000001
0 0.41796875 0.707496875 0.390625 0.71680625 0.3525390625 0.7315046875 0.33203125 0.7378734375 0.3095703125 0.7520828125000001 0.333984375 0.7545328125 0.3984375 0.7403234375000001 0.3427734375 0.7672703125 0.3759765625 0.7741296875 0.40625 0.7613921875 0.4384765625 0.75698125 0.4765625 0.7535515625 0.501953125 0.74179375 0.4970703125 0.728075 0.482421875 0.7138656250000001 0.4697265625 0.700146875 0.439453125 0.6986765625 0.41796875 0.707496875
1 0.458984375 0.6643796875 0.47265625 0.64968125 0.439453125 0.6452718749999999 0.408203125 0.6511515625000001 0.3828125 0.6580109375000001 0.3505859375 0.6604609375 0.3271484375 0.665359375 0.2919921875 0.6732 0.263671875 0.6805484374999999 0.2451171875 0.6908375 0.2578125 0.7011265625 0.291015625 0.6893671875 0.3291015625 0.68201875 0.3623046875 0.6780984375 0.349609375 0.6932875000000001 0.3173828125 0.7011265625 0.2841796875 0.711415625 0.265625 0.73199375 0.2939453125 0.7241546875 0.3193359375 0.7192546875 0.3427734375 0.7153359375 0.3681640625 0.708965625 0.4033203125 0.702596875 0.4384765625 0.702596875 0.46875 0.6981875 0.4765625 0.6859375 0.4619140625 0.6766296875 0.458984375 0.6643796875
2 0.5947265625 0.276825 0.6240234375 0.274865625 0.650390625 0.2709453125 0.685546875 0.272415625 0.7060546875 0.27339531250000004 0.7060546875 0.2528171875 0.677734375 0.2479171875 0.6494140625 0.2439984375 0.6201171875 0.23909843749999998 0.5966796875 0.22831875 0.5732421875 0.2234203125 0.5478515625 0.22880937499999998 0.5380859375 0.24301875 0.5283203125 0.2533078125 0.52734375 0.26800625 0.5458984375 0.2782953125 0.5712890625 0.2782953125 0.5947265625 0.276825
3 0.423828125 0.615384375 0.3955078125 0.6168546874999999 0.375 0.6256734374999999 0.3505859375 0.62959375 0.3193359375 0.6359625 0.291015625 0.6398828125 0.255859375 0.6447812500000001 0.2353515625 0.6501718750000001 0.2294921875 0.6629109375 0.263671875 0.6604609375 0.298828125 0.6575203125 0.33203125 0.6550703125 0.357421875 0.652621875 0.3876953125 0.651640625 0.423828125 0.6511515625000001 0.4443359375 0.6487015625 0.44921875 0.6369421875 0.44140625 0.6256734374999999 0.423828125 0.615384375
4 0.41796875 0.5874578125000001 0.390625 0.5859875 0.3623046875 0.5903968749999999 0.333984375 0.5962765625 0.3037109375 0.599215625 0.271484375 0.601665625 0.2421875 0.6050953125 0.2177734375 0.6095046875000001 0.1953125 0.6193046875 0.2275390625 0.6217546875 0.2529296875 0.6178343749999999 0.2880859375 0.6193046875 0.3212890625 0.618325 0.3505859375 0.6193046875 0.3876953125 0.6217546875 0.423828125 0.62224375 0.431640625 0.609015625 0.4365234375 0.5962765625 0.41796875 0.5874578125000001
5 0.43359375 0.558059375 0.4130859375 0.549240625 0.3857421875 0.551690625 0.36328125 0.5541406249999999 0.3369140625 0.558059375 0.3115234375 0.561 0.279296875 0.5668796875 0.25 0.56981875 0.2255859375 0.5732484375 0.1923828125 0.57716875 0.19921875 0.5913765625 0.2275390625 0.592846875 0.25 0.5903968749999999 0.2783203125 0.5903968749999999 0.3095703125 0.5874578125000001 0.337890625 0.5884375000000001 0.3720703125 0.5874578125000001 0.40625 0.5864765625 0.4267578125 0.5801078125 0.4384765625 0.569328125 0.43359375 0.558059375
6 0.384765625 0.5237625 0.357421875 0.5276828124999999 0.322265625 0.5296421875 0.2958984375 0.5296421875 0.2685546875 0.5316015625 0.2373046875 0.5296421875 0.232421875 0.5438515625 0.2607421875 0.5453203125 0.2841796875 0.5477703125 0.314453125 0.5477703125 0.3427734375 0.5482609375 0.375 0.5502203125 0.4033203125 0.5526703125 0.4287109375 0.5453203125 0.431640625 0.5340515625 0.41796875 0.52229375 0.384765625 0.5237625
7 0.330078125 0.5041640625 0.296875 0.5071046875 0.2705078125 0.510534375 0.2353515625 0.5120046874999999 0.23828125 0.5237625 0.279296875 0.5232734375 0.314453125 0.5247421875 0.3525390625 0.5237625 0.3857421875 0.5247421875 0.4208984375 0.5252328125 0.42578125 0.5159234374999999 0.4189453125 0.5022046875 0.3876953125 0.5007343750000001 0.359375 0.5022046875 0.330078125 0.5041640625
8 0.349609375 0.4791765625 0.32421875 0.48162656249999997 0.2890625 0.48260625 0.25390625 0.48505624999999997 0.232421875 0.48652656250000004 0.2294921875 0.501715625 0.2607421875 0.5022046875 0.2919921875 0.5002453124999999 0.326171875 0.49926562499999994 0.3623046875 0.5007343750000001 0.388671875 0.503184375 0.423828125 0.501715625 0.4306640625 0.48652656250000004 0.4140625 0.4737875 0.3759765625 0.4762375 0.349609375 0.4791765625
9 0.373046875 0.448309375 0.341796875 0.4517390625 0.31640625 0.45222968750000003 0.2861328125 0.4561484375 0.255859375 0.46202812499999996 0.2353515625 0.46496875 0.22265625 0.4762375 0.25 0.4767265625 0.2783203125 0.4762375 0.306640625 0.4747671875 0.33984375 0.4737875 0.384765625 0.47525781250000004 0.41796875 0.47525781250000004 0.423828125 0.4634984375 0.43359375 0.45075937499999996 0.4052734375 0.44585937500000006 0.373046875 0.448309375
10 0.4208984375 0.4179328125 0.388671875 0.41156249999999994 0.35546875 0.41156249999999994 0.3212890625 0.4125421875 0.2890625 0.41009375 0.24609375 0.41009375 0.216796875 0.409603125 0.1845703125 0.4125421875 0.1796875 0.42773125 0.2177734375 0.4341015625 0.2451171875 0.43655 0.279296875 0.43899999999999995 0.3115234375 0.441940625 0.341796875 0.4453703125 0.3779296875 0.4517390625 0.4013671875 0.4517390625 0.431640625 0.44439062500000004 0.4384765625 0.43018124999999996 0.4208984375 0.4179328125
11 0.416015625 0.37432656249999996 0.3798828125 0.375796875 0.3525390625 0.3767765625 0.330078125 0.3782453125 0.296875 0.381675 0.271484375 0.384125 0.2451171875 0.3860859375 0.205078125 0.388534375 0.20703125 0.4012734375 0.2421875 0.404703125 0.2666015625 0.4061734375 0.2939453125 0.4086234375 0.3271484375 0.41107343749999997 0.3671875 0.41499218750000005 0.3955078125 0.4164625 0.4140625 0.4086234375 0.423828125 0.3968640625 0.4287109375 0.3855953125 0.416015625 0.37432656249999996
12 0.4306640625 0.347378125 0.4033203125 0.343459375 0.3798828125 0.3419890625 0.341796875 0.3419890625 0.3134765625 0.3375796875 0.2763671875 0.3370890625 0.2451171875 0.34394843750000004 0.2275390625 0.35521875 0.25 0.3591375 0.283203125 0.3650171875 0.3095703125 0.37040625 0.333984375 0.3718765625 0.365234375 0.37530625 0.3876953125 0.379715625 0.4267578125 0.384125 0.4345703125 0.37138593750000004 0.44140625 0.3586484375 0.4306640625 0.347378125
13 0.5615234375 0.333659375 0.5869140625 0.32925 0.615234375 0.32533124999999996 0.6474609375 0.3243515625 0.6806640625 0.32043125 0.693359375 0.3091625 0.6123046875 0.3018125 0.6650390625 0.2964234375 0.634765625 0.28907343750000003 0.5986328125 0.2851546875 0.576171875 0.276825 0.5478515625 0.277315625 0.5185546875 0.2822140625 0.509765625 0.2915234375 0.505859375 0.30377343749999997 0.4970703125 0.3140625 0.5078125 0.3268 0.5234375 0.33610937500000004 0.5615234375 0.333659375
14 0.3681640625 0.343459375 0.390625 0.34492968749999997 0.4111328125 0.35276874999999996 0.43359375 0.3586484375 0.45703125 0.3566875 0.466796875 0.34394843750000004 0.4716796875 0.32925 0.4716796875 0.3170015625 0.474609375 0.3042625 0.4599609375 0.2915234375 0.43359375 0.292503125 0.4052734375 0.291034375 0.373046875 0.286134375 0.34765625 0.276825 0.3271484375 0.272415625 0.30859375 0.2670265625 0.2783203125 0.2616359375 0.28125 0.276825 0.31640625 0.28907343750000003 0.3505859375 0.3013234375 0.3701171875 0.3145515625 0.341796875 0.31651093750000003 0.3095703125 0.3081828125 0.2705078125 0.2934828125 0.25 0.297403125 0.263671875 0.3140625 0.2841796875 0.327290625 0.314453125 0.333659375 0.33984375 0.341009375 0.3681640625 0.343459375
15 0.482421875 0.288584375 0.4873046875 0.2758453125 0.490234375 0.2660453125 0.5107421875 0.25820625 0.505859375 0.244978125 0.4814453125 0.23860781250000002 0.451171875 0.23517812500000002 0.421875 0.2297890625 0.3984375 0.22488906250000001 0.3779296875 0.2160703125 0.33984375 0.21068125000000001 0.314453125 0.217540625 0.3115234375 0.231259375 0.3193359375 0.244978125 0.33203125 0.2552671875 0.3525390625 0.26555625 0.3759765625 0.274375 0.400390625 0.28123437500000004 0.423828125 0.2876046875 0.4384765625 0.297403125 0.4619140625 0.29789374999999996 0.482421875 0.288584375
16 0.5078125 0.2067609375 0.501953125 0.1945125 0.482421875 0.185203125 0.458984375 0.181284375 0.4306640625 0.1709953125 0.4052734375 0.16070625 0.373046875 0.16070625 0.35546875 0.1709953125 0.3505859375 0.1837328125 0.35546875 0.19696249999999998 0.3623046875 0.20823125 0.3876953125 0.222440625 0.408203125 0.231259375 0.431640625 0.23860781250000002 0.4599609375 0.23860781250000002 0.474609375 0.22831875 0.4873046875 0.21705000000000002 0.5078125 0.2067609375
17 0.5380859375 0.3674671875 0.57421875 0.36550781250000003 0.607421875 0.3630578125 0.6318359375 0.3650171875 0.66796875 0.3650171875 0.7060546875 0.3615875 0.701171875 0.34835937499999997 0.6650390625 0.34394843750000004 0.6318359375 0.3419890625 0.5986328125 0.3375796875 0.560546875 0.3307203125 0.5380859375 0.327290625 0.5146484375 0.32288125 0.4921875 0.32533124999999996 0.4775390625 0.3356203125 0.4814453125 0.3488484375 0.4951171875 0.3630578125 0.5146484375 0.3694265625 0.5380859375 0.3674671875
18 0.4794921875 0.3601171875 0.46875 0.3718765625 0.4775390625 0.387065625 0.482421875 0.4012734375 0.505859375 0.4061734375 0.5380859375 0.40372343749999995 0.5966796875 0.3968640625 0.64453125 0.393434375 0.6865234375 0.387065625 0.7392578125 0.37775625 0.69140625 0.36893750000000003 0.6533203125 0.36550781250000003 0.611328125 0.3650171875 0.5810546875 0.3625671875 0.5400390625 0.3566875 0.5029296875 0.35276874999999996 0.4794921875 0.3601171875
19 0.53125 0.43655 0.5712890625 0.4341015625 0.611328125 0.43165156250000003 0.64453125 0.4292015625 0.67578125 0.42626093750000005 0.708984375 0.4198921875 0.744140625 0.4135234375 0.7216796875 0.40715312499999995 0.6826171875 0.4012734375 0.64453125 0.3998046875 0.6064453125 0.398334375 0.5654296875 0.3998046875 0.53125 0.3968640625 0.5 0.3944140625 0.4697265625 0.398334375 0.44921875 0.40715312499999995 0.4541015625 0.41891249999999997 0.47265625 0.42822187500000003 0.5 0.437040625 0.53125 0.43655
20 0.548828125 0.46496875 0.58203125 0.4634984375 0.6142578125 0.4634984375 0.650390625 0.4634984375 0.6904296875 0.45761874999999996 0.6806640625 0.44292031249999997 0.64453125 0.443409375 0.609375 0.441940625 0.56640625 0.4409609375 0.5361328125 0.441940625 0.5126953125 0.4404703125 0.482421875 0.437040625 0.451171875 0.441940625 0.439453125 0.4561484375 0.447265625 0.4674171875 0.4765625 0.47035781249999997 0.5146484375 0.4683984375 0.548828125 0.46496875
21 0.5234375 0.505634375 0.560546875 0.5022046875 0.59375 0.5022046875 0.6328125 0.501715625 0.662109375 0.498284375 0.6552734375 0.48407656250000003 0.6171875 0.4767265625 0.58984375 0.47525781250000004 0.552734375 0.4728078125 0.5205078125 0.47035781249999997 0.494140625 0.4688875 0.4619140625 0.4683984375 0.43359375 0.47770625000000005 0.431640625 0.4889765625 0.4345703125 0.5022046875 0.4599609375 0.5071046875 0.4873046875 0.5095546875 0.5234375 0.505634375
22 0.5029296875 0.544340625 0.54296875 0.5438515625 0.5810546875 0.542871875 0.6171875 0.54238125 0.6572265625 0.540421875 0.66015625 0.52229375 0.6279296875 0.5213125 0.5986328125 0.516903125 0.5615234375 0.5134734375 0.53125 0.5110234375 0.501953125 0.508575 0.466796875 0.5071046875 0.4384765625 0.5120046874999999 0.4306640625 0.5237625 0.4345703125 0.5350312500000001 0.443359375 0.5463015625 0.47265625 0.5477703125 0.5029296875 0.544340625