21 0.4879953125 0.58984375 0.4958359375 0.568359375 0.498284375 0.5283203125 0.4977953125 0.498046875 0.49436562500000003 0.4716796875 0.49436562500000003 0.4384765625 0.49436562500000003 0.4013671875 0.49387499999999995 0.3671875 0.4791765625 0.3857421875 0.47035781249999997 0.423828125 0.4634984375 0.4599609375 0.45859843749999996 0.498046875 0.45565937500000003 0.525390625 0.4561484375 0.5556640625 0.46643749999999995 0.5732421875 0.4767265625 0.59375 0.4879953125 0.58984375
20 0.43165156250000003 0.5634765625 0.4453703125 0.5654296875 0.4546796875 0.564453125 0.4561484375 0.5205078125 0.46006875 0.4873046875 0.4610484375 0.451171875 0.4610484375 0.423828125 0.46496875 0.392578125 0.4659484375 0.357421875 0.4517390625 0.36328125 0.44439062500000004 0.3935546875 0.4355703125 0.423828125 0.4341015625 0.447265625 0.42773125 0.4765625 0.42626093750000005 0.501953125 0.4218515625 0.525390625 0.4198921875 0.55078125 0.43165156250000003 0.5634765625
19 0.3998046875 0.548828125 0.41107343749999997 0.5478515625 0.42038281250000004 0.533203125 0.4218515625 0.501953125 0.4218515625 0.466796875 0.42381250000000004 0.44140625 0.42381250000000004 0.416015625 0.42381250000000004 0.380859375 0.42626093750000005 0.359375 0.4243015625 0.3212890625 0.409603125 0.326171875 0.400784375 0.365234375 0.3968640625 0.4013671875 0.3924546875 0.4345703125 0.38804531249999996 0.46484375 0.381675 0.494140625 0.3767765625 0.515625 0.384125 0.54296875 0.3998046875 0.548828125
17 0.34835937499999997 0.498046875 0.352278125 0.46484375 0.35276874999999996 0.4287109375 0.354728125 0.400390625 0.35521875 0.375 0.3561984375 0.34765625 0.35276874999999996 0.32421875 0.33610937500000004 0.32421875 0.3282703125 0.365234375 0.31798125 0.4033203125 0.3091625 0.44140625 0.306221875 0.466796875 0.306221875 0.4892578125 0.32092187499999997 0.5107421875 0.333659375 0.505859375 0.34835937499999997 0.498046875
2 0.2782953125 0.458984375 0.29005312499999997 0.4462890625 0.2964234375 0.4267578125 0.2934828125 0.3935546875 0.292503125 0.3681640625 0.2964234375 0.33203125 0.29005312499999997 0.298828125 0.2782953125 0.279296875 0.2640859375 0.263671875 0.2528171875 0.279296875 0.25575625 0.3115234375 0.2528171875 0.3427734375 0.2464484375 0.3623046875 0.23860781250000002 0.3876953125 0.23909843749999998 0.42578125 0.2493875 0.443359375 0.2645765625 0.45703125 0.2782953125 0.458984375
31 0.2234203125 0.2021484375 0.21459999999999999 0.2275390625 0.21068125000000001 0.2587890625 0.21068125000000001 0.2880859375 0.21068125000000001 0.3134765625 0.21362031250000002 0.33984375 0.226359375 0.3544921875 0.240078125 0.357421875 0.2542875 0.32421875 0.25820625 0.2919921875 0.2616359375 0.2666015625 0.2567375 0.240234375 0.2454671875 0.20703125 0.2346890625 0.189453125 0.2234203125 0.2021484375
30 0.558059375 0.5869140625 0.5683484375 0.583984375 0.5781484375 0.568359375 0.5737390625 0.548828125 0.5732484375 0.5185546875 0.5737390625 0.4814453125 0.569328125 0.447265625 0.56345 0.41796875 0.558059375 0.388671875 0.5453203125 0.3974609375 0.5453203125 0.4306640625 0.544340625 0.458984375 0.5438515625 0.4853515625 0.5453203125 0.5107421875 0.5414015625 0.533203125 0.5389515625 0.560546875 0.5438515625 0.58203125 0.558059375 0.5869140625
29 0.5805984375000001 0.5654296875 0.592846875 0.583984375 0.6031359375 0.5888671875 0.6119546875 0.5693359375 0.6144046875 0.5458984375 0.6139140624999999 0.5185546875 0.609015625 0.4765625 0.609015625 0.4541015625 0.6095046875000001 0.41796875 0.6055859375 0.3828125 0.59480625 0.3388671875 0.5859875 0.365234375 0.5825578124999999 0.408203125 0.5820671875000001 0.4384765625 0.5796171875 0.46875 0.5796171875 0.4873046875 0.5761875 0.515625 0.5732484375 0.5400390625 0.5805984375000001 0.5654296875
24 0.6780984375 0.55078125 0.6874078124999999 0.5400390625 0.6908375 0.5078125 0.6883874999999999 0.4873046875 0.6810390625 0.458984375 0.6766296875 0.431640625 0.6727093749999999 0.4130859375 0.663890625 0.3828125 0.654090625 0.357421875 0.6433125000000001 0.3779296875 0.6487015625 0.416015625 0.651640625 0.44921875 0.6487015625 0.47265625 0.6447812500000001 0.5 0.647721875 0.5234375 0.6550703125 0.5458984375 0.667809375 0.5537109375 0.6780984375 0.55078125
25 0.723175 0.5205078125 0.73689375 0.5029296875 0.7481625000000001 0.4892578125 0.751103125 0.46484375 0.7481625000000001 0.43359375 0.7447328125 0.400390625 0.7432624999999999 0.3779296875 0.7383640625 0.34765625 0.72954375 0.326171875 0.7153359375 0.3291015625 0.7060265625000001 0.357421875 0.700146875 0.3935546875 0.7035765625 0.4208984375 0.6981875 0.447265625 0.6937781249999999 0.46875 0.697696875 0.5009765625 0.711415625 0.5234375 0.723175 0.5205078125
26 0.7702109375 0.2958984375 0.7589421875 0.2861328125 0.7422828124999999 0.2919921875 0.7354234374999999 0.3271484375 0.7403234375000001 0.3603515625 0.7457125 0.390625 0.7599218750000001 0.400390625 0.7765796875000001 0.388671875 0.7839296874999999 0.3623046875 0.7863796875 0.3427734375 0.7839296874999999 0.3115234375 0.7702109375 0.2958984375
7 0.5208234375 0.6220703125 0.506125 0.6171875 0.4953453125 0.626953125 0.4958359375 0.6494140625 0.4953453125 0.68359375 0.49387499999999995 0.7119140625 0.491915625 0.7373046875 0.485546875 0.7705078125 0.501715625 0.77734375 0.5071046875 0.75390625 0.51249375 0.7236328125 0.51739375 0.7041015625 0.5188640625 0.677734375 0.5208234375 0.6572265625 0.5208234375 0.6220703125
8 0.4977953125 0.6064453125 0.48309687500000004 0.6015625 0.469378125 0.6044921875 0.4674171875 0.640625 0.46986718749999995 0.6650390625 0.47035781249999997 0.693359375 0.4683984375 0.7236328125 0.4688875 0.7578125 0.4791765625 0.779296875 0.485546875 0.75390625 0.4889765625 0.7236328125 0.491425 0.6982421875 0.491915625 0.6650390625 0.49436562500000003 0.634765625 0.4977953125 0.6064453125
9 0.4674171875 0.5986328125 0.4517390625 0.5966796875 0.4409609375 0.591796875 0.437040625 0.6220703125 0.43802031250000006 0.650390625 0.4404703125 0.6826171875 0.44292031249999997 0.7109375 0.4409609375 0.7470703125 0.44292031249999997 0.77734375 0.46006875 0.7822265625 0.46202812499999996 0.7470703125 0.4610484375 0.720703125 0.4634984375 0.6953125 0.46496875 0.662109375 0.4688875 0.6279296875 0.4674171875 0.5986328125
10 0.43655 0.63671875 0.4341015625 0.611328125 0.4174421875 0.607421875 0.40715312499999995 0.6298828125 0.400784375 0.66015625 0.3968640625 0.6884765625 0.39539375 0.7236328125 0.3904953125 0.7705078125 0.393434375 0.7998046875 0.40519375 0.80859375 0.4140125 0.7822265625 0.42038281250000004 0.76171875 0.42822187500000003 0.7333984375 0.4341015625 0.703125 0.43802031250000006 0.6728515625 0.43655 0.63671875
11 0.403234375 0.591796875 0.389515625 0.5791015625 0.3782453125 0.58203125 0.36795625 0.5966796875 0.36648749999999997 0.626953125 0.36893750000000003 0.6552734375 0.3694265625 0.693359375 0.3674671875 0.7294921875 0.3674671875 0.759765625 0.3831453125 0.7578125 0.3904953125 0.7294921875 0.393434375 0.703125 0.398334375 0.6708984375 0.404703125 0.63671875 0.40715312499999995 0.611328125 0.403234375 0.591796875
12 0.36893750000000003 0.57421875 0.35521875 0.568359375 0.3424796875 0.568359375 0.329740625 0.5810546875 0.329740625 0.611328125 0.3307203125 0.6513671875 0.3307203125 0.693359375 0.3268 0.7392578125 0.34492968749999997 0.7314453125 0.35031875 0.7041015625 0.35766718750000004 0.6728515625 0.36648749999999997 0.64453125 0.3694265625 0.625 0.37530625 0.5966796875 0.36893750000000003 0.57421875
15 0.297403125 0.6064453125 0.3042625 0.5791015625 0.299853125 0.5458984375 0.288584375 0.5234375 0.277315625 0.5029296875 0.2616359375 0.5078125 0.24889687500000002 0.517578125 0.24252812499999998 0.55078125 0.240078125 0.578125 0.22831875 0.611328125 0.21362031250000002 0.6376953125 0.21705000000000002 0.6728515625 0.22733906250000002 0.67578125 0.24301875 0.673828125 0.2577171875 0.6630859375 0.26800625 0.6455078125 0.2822140625 0.625 0.297403125 0.6064453125
16 0.237628125 0.5185546875 0.22587031249999998 0.4951171875 0.20823125 0.498046875 0.1866734375 0.501953125 0.1660953125 0.5224609375 0.16070625 0.556640625 0.16903437500000001 0.58203125 0.187653125 0.583984375 0.1979421875 0.59375 0.21558125 0.6103515625 0.236159375 0.5986328125 0.24252812499999998 0.5712890625 0.2439984375 0.541015625 0.237628125 0.5185546875
6 0.551690625 0.619140625 0.5414015625 0.615234375 0.5311125 0.619140625 0.5213125 0.6123046875 0.5198437499999999 0.65234375 0.5213125 0.677734375 0.5188640625 0.7041015625 0.5183734375 0.7265625 0.510534375 0.7568359375 0.5208234375 0.767578125 0.5360125 0.7490234375 0.5438515625 0.720703125 0.5463015625 0.701171875 0.5482609375 0.673828125 0.5526703125 0.642578125 0.551690625 0.619140625
5 0.5850078125 0.625 0.565409375 0.6328125 0.5526703125 0.626953125 0.5507109375 0.658203125 0.556590625 0.693359375 0.560509375 0.71875 0.5595296875 0.7548828125 0.5531609375000001 0.7998046875 0.57226875 0.7958984375 0.5825578124999999 0.7666015625 0.5859875 0.7421875 0.5874578125000001 0.7109375 0.5874578125000001 0.6865234375 0.5884375000000001 0.6552734375 0.5850078125 0.625
4 0.626653125 0.634765625 0.624203125 0.6142578125 0.6119546875 0.611328125 0.601665625 0.607421875 0.5869671875 0.6240234375 0.5903968749999999 0.6572265625 0.5938265625 0.6826171875 0.5962765625 0.720703125 0.5952968750000001 0.75 0.596765625 0.7880859375 0.6075453125 0.8076171875 0.618325 0.78515625 0.6207734375 0.7548828125 0.6232234375 0.7294921875 0.624203125 0.703125 0.626653125 0.669921875 0.626653125 0.634765625
3 0.638903125 0.6044921875 0.6246937499999999 0.6025390625 0.6207734375 0.6328125 0.6286140625 0.6572265625 0.6374328125 0.67578125 0.64723125 0.7041015625 0.656540625 0.7333984375 0.666340625 0.76953125 0.68201875 0.75 0.67466875 0.7080078125 0.6692796875 0.6787109375 0.665359375 0.6474609375 0.6604609375 0.6123046875 0.6511515625000001 0.599609375 0.638903125 0.6044921875
1 0.7177859375 0.578125 0.7084765625 0.56640625 0.6937781249999999 0.5654296875 0.6810390625 0.56640625 0.67075 0.5712890625 0.661440625 0.5859375 0.6585 0.6123046875 0.6673203125 0.638671875 0.6766296875 0.6650390625 0.68446875 0.6904296875 0.6923078125 0.7216796875 0.6996578125 0.744140625 0.7148453124999999 0.7646484375 0.73444375 0.7255859375 0.730525 0.6953125 0.7290546875 0.6728515625 0.725134375 0.6494140625 0.723175 0.619140625 0.7217046875 0.5986328125 0.7177859375 0.578125
0 0.7790296875 0.5537109375 0.7589421875 0.533203125 0.7457125 0.5126953125 0.7339546875 0.541015625 0.728075 0.56640625 0.7241546875 0.59375 0.7192546875 0.615234375 0.725625 0.634765625 0.7383640625 0.6474609375 0.7560015625000001 0.6474609375 0.7726609375 0.669921875 0.78441875 0.677734375 0.79666875 0.662109375 0.8010781250000001 0.6240234375 0.8054874999999999 0.591796875 0.79421875 0.5712890625 0.7790296875 0.5537109375