22 0.475746875 0.5185546875 0.47868750000000004 0.482421875 0.48309687500000004 0.4521484375 0.48505624999999997 0.42578125 0.48750625000000003 0.3984375 0.48407656250000003 0.3720703125 0.47035781249999997 0.365234375 0.457128125 0.3720703125 0.44585937500000006 0.392578125 0.45222968750000003 0.423828125 0.4561484375 0.4443359375 0.45761874999999996 0.47265625 0.45859843749999996 0.5 0.46251875 0.5234375 0.475746875 0.5185546875
21 0.5071046875 0.5205078125 0.5110234375 0.4921875 0.5183734375 0.4619140625 0.5198437499999999 0.4345703125 0.5262125 0.4052734375 0.5247421875 0.3828125 0.514453125 0.375 0.5022046875 0.373046875 0.48750625000000003 0.3759765625 0.48946562499999996 0.3974609375 0.491915625 0.42578125 0.49289531249999996 0.451171875 0.491915625 0.4775390625 0.49387499999999995 0.5029296875 0.5071046875 0.5205078125
20 0.5502203125 0.447265625 0.5570796875 0.4189453125 0.5507109375 0.3857421875 0.53748125 0.3828125 0.5252328125 0.41796875 0.51739375 0.4541015625 0.5110234375 0.4970703125 0.506125 0.5283203125 0.5213125 0.5400390625 0.5350312500000001 0.509765625 0.54238125 0.4794921875 0.5502203125 0.447265625
19 0.5889265625 0.5732421875 0.5845171875 0.541015625 0.5820671875000001 0.509765625 0.5781484375 0.4775390625 0.5781484375 0.4541015625 0.5756984375 0.4267578125 0.5644296875 0.41015625 0.5507109375 0.3984375 0.5394421875 0.421875 0.5365015625 0.466796875 0.544340625 0.5048828125 0.5477703125 0.53125 0.5619796874999999 0.560546875 0.57471875 0.591796875 0.5889265625 0.5732421875
18 0.601665625 0.5654296875 0.606565625 0.53125 0.609015625 0.5029296875 0.615384375 0.4765625 0.620284375 0.447265625 0.6168546874999999 0.4189453125 0.6031359375 0.4033203125 0.5913765625 0.40625 0.57716875 0.4130859375 0.571778125 0.439453125 0.57471875 0.466796875 0.5786374999999999 0.505859375 0.5825578124999999 0.533203125 0.5899062500000001 0.56640625 0.601665625 0.5654296875
17 0.6438015625 0.541015625 0.6438015625 0.509765625 0.6462515625 0.4794921875 0.6501718750000001 0.447265625 0.64968125 0.42578125 0.6349828125 0.408203125 0.6217546875 0.416015625 0.613425 0.4345703125 0.611465625 0.4814453125 0.612934375 0.505859375 0.6178343749999999 0.5361328125 0.6207734375 0.56640625 0.6310625 0.5693359375 0.6438015625 0.541015625
30 0.4517390625 0.515625 0.4492890625 0.4853515625 0.448309375 0.4599609375 0.45075937499999996 0.4306640625 0.448309375 0.4052734375 0.44292031249999997 0.384765625 0.43018124999999996 0.380859375 0.41891249999999997 0.40625 0.4218515625 0.431640625 0.42675156249999996 0.47265625 0.43165156250000003 0.501953125 0.437040625 0.5380859375 0.4492890625 0.552734375 0.4517390625 0.515625
29 0.395884375 0.5634765625 0.40715312499999995 0.591796875 0.41156249999999994 0.560546875 0.4140125 0.525390625 0.41499218750000005 0.4970703125 0.4179328125 0.4716796875 0.42038281250000004 0.44921875 0.42136250000000003 0.42578125 0.41548281249999997 0.4033203125 0.4061734375 0.3955078125 0.3944140625 0.4013671875 0.3860859375 0.4287109375 0.38804531249999996 0.4521484375 0.388534375 0.4970703125 0.3919640625 0.5283203125 0.395884375 0.5634765625
23 0.36550781250000003 0.5400390625 0.3625671875 0.5859375 0.373346875 0.5888671875 0.37922656250000003 0.5654296875 0.384615625 0.5302734375 0.38804531249999996 0.505859375 0.3904953125 0.4814453125 0.3924546875 0.458984375 0.3949046875 0.4345703125 0.3919640625 0.4130859375 0.382165625 0.41015625 0.37138593750000004 0.3984375 0.3615875 0.4140625 0.35766718750000004 0.4462890625 0.3615875 0.4814453125 0.3650171875 0.5107421875 0.36550781250000003 0.5400390625
24 0.3537484375 0.578125 0.3566875 0.5400390625 0.3566875 0.5185546875 0.3601171875 0.4853515625 0.3640375 0.4541015625 0.3650171875 0.4326171875 0.3561984375 0.408203125 0.341009375 0.4013671875 0.33121093749999997 0.4208984375 0.332190625 0.4462890625 0.33464062499999997 0.4775390625 0.3395390625 0.5146484375 0.3400296875 0.533203125 0.343459375 0.5634765625 0.3537484375 0.578125
25 0.30034375 0.5380859375 0.3042625 0.578125 0.3140625 0.5078125 0.3194515625 0.5615234375 0.3331703125 0.57421875 0.3307203125 0.5302734375 0.329740625 0.498046875 0.3307203125 0.46875 0.3307203125 0.4287109375 0.3238609375 0.3994140625 0.3081828125 0.3974609375 0.2988734375 0.416015625 0.2851546875 0.42578125 0.2851546875 0.4521484375 0.292503125 0.4775390625 0.2988734375 0.509765625 0.30034375 0.5380859375
26 0.2782953125 0.6064453125 0.28907343750000003 0.611328125 0.2939734375 0.5732421875 0.2939734375 0.5458984375 0.2915234375 0.5126953125 0.288584375 0.484375 0.2871140625 0.45703125 0.278784375 0.4365234375 0.26506562499999997 0.4365234375 0.25477656249999997 0.466796875 0.2479171875 0.490234375 0.2552671875 0.515625 0.25967656250000004 0.541015625 0.26555625 0.5654296875 0.26849531249999997 0.5869140625 0.2782953125 0.6064453125
27 0.2464484375 0.607421875 0.236159375 0.615234375 0.237628125 0.640625 0.24301875 0.662109375 0.2533078125 0.640625 0.26310625 0.6318359375 0.2782953125 0.626953125 0.27339531250000004 0.599609375 0.2640859375 0.5859375 0.2567375 0.599609375 0.2464484375 0.607421875
2 0.6957375 0.578125 0.7060265625000001 0.5458984375 0.708965625 0.5693359375 0.70210625 0.6015625 0.7138656250000001 0.6171875 0.71680625 0.58984375 0.7329734375 0.55078125 0.7447328125 0.53125 0.7471828125 0.498046875 0.7315046875 0.466796875 0.71680625 0.458984375 0.700146875 0.458984375 0.6918171875 0.4794921875 0.6923078125 0.501953125 0.6908375 0.5283203125 0.6874078124999999 0.5537109375 0.6854484375000001 0.583984375 0.6908375 0.6142578125 0.6957375 0.578125
7 0.48015625 0.189453125 0.46251875 0.173828125 0.46643749999999995 0.2119140625 0.4674171875 0.2451171875 0.4688875 0.2666015625 0.4674171875 0.3017578125 0.47035781249999997 0.333984375 0.4791765625 0.3544921875 0.49436562500000003 0.3466796875 0.491915625 0.3115234375 0.491425 0.2841796875 0.485546875 0.2529296875 0.48260625 0.224609375 0.48015625 0.189453125
8 0.5071046875 0.19140625 0.4953453125 0.181640625 0.49289531249999996 0.2119140625 0.49387499999999995 0.2431640625 0.49436562500000003 0.2685546875 0.49387499999999995 0.30078125 0.4953453125 0.3369140625 0.506125 0.3525390625 0.5188640625 0.33984375 0.5183734375 0.30859375 0.5134734375 0.2841796875 0.508575 0.248046875 0.5080843749999999 0.216796875 0.5071046875 0.19140625
9 0.5262125 0.1748046875 0.514453125 0.2001953125 0.516903125 0.2333984375 0.5188640625 0.2587890625 0.5213125 0.3017578125 0.5198437499999999 0.341796875 0.5325828125000001 0.3544921875 0.5453203125 0.3505859375 0.5477703125 0.322265625 0.542871875 0.2958984375 0.540421875 0.2666015625 0.5360125 0.23828125 0.5316015625 0.20703125 0.5262125 0.1748046875
10 0.5658984375 0.1787109375 0.5414015625 0.1767578125 0.540421875 0.2021484375 0.53993125 0.2421875 0.542871875 0.2890625 0.544340625 0.31640625 0.5570796875 0.349609375 0.57226875 0.3505859375 0.5801078125 0.322265625 0.5781484375 0.2880859375 0.57716875 0.2607421875 0.5737390625 0.2353515625 0.56981875 0.20703125 0.5658984375 0.1787109375
11 0.601665625 0.2119140625 0.606565625 0.181640625 0.596765625 0.169921875 0.5864765625 0.197265625 0.5825578124999999 0.23046875 0.57471875 0.2578125 0.5756984375 0.2880859375 0.5737390625 0.3193359375 0.5820671875000001 0.3427734375 0.592846875 0.357421875 0.606565625 0.341796875 0.6075453125 0.3095703125 0.6055859375 0.2783203125 0.6031359375 0.2431640625 0.601665625 0.2119140625
12 0.6536015625 0.2333984375 0.658990625 0.1953125 0.6447812500000001 0.19921875 0.6335124999999999 0.220703125 0.624203125 0.2529296875 0.615384375 0.2783203125 0.6080359375 0.3037109375 0.6031359375 0.32421875 0.610484375 0.3427734375 0.62224375 0.357421875 0.638903125 0.3544921875 0.6447812500000001 0.326171875 0.647721875 0.291015625 0.651640625 0.2607421875 0.6536015625 0.2333984375
13 0.658990625 0.5302734375 0.6624203125 0.560546875 0.6766296875 0.5712890625 0.68201875 0.533203125 0.6874078124999999 0.5048828125 0.6908375 0.4775390625 0.6986765625 0.451171875 0.70210625 0.4208984375 0.6918171875 0.400390625 0.6766296875 0.390625 0.6624203125 0.3876953125 0.647721875 0.3974609375 0.6447812500000001 0.423828125 0.6462515625 0.4521484375 0.6511515625000001 0.482421875 0.654090625 0.5029296875 0.658990625 0.5302734375
15 0.6854484375000001 0.337890625 0.68691875 0.3671875 0.6981875 0.3876953125 0.7148453124999999 0.4033203125 0.730525 0.41796875 0.74179375 0.3984375 0.7496328125 0.36328125 0.75698125 0.3349609375 0.7672703125 0.298828125 0.7751109375 0.2705078125 0.762371875 0.279296875 0.7466921875 0.3046875 0.73689375 0.3349609375 0.7241546875 0.3271484375 0.72954375 0.296875 0.7530625 0.2685546875 0.7633515625 0.2451171875 0.74179375 0.25390625 0.7290546875 0.2705078125 0.7148453124999999 0.2861328125 0.7050468750000001 0.306640625 0.6923078125 0.314453125 0.6854484375000001 0.337890625
6 0.4634984375 0.220703125 0.45859843749999996 0.189453125 0.4453703125 0.1787109375 0.443409375 0.20703125 0.44439062500000004 0.2333984375 0.44439062500000004 0.263671875 0.44439062500000004 0.298828125 0.441940625 0.33203125 0.4473296875 0.35546875 0.45859843749999996 0.36328125 0.47035781249999997 0.3525390625 0.4683984375 0.3134765625 0.4688875 0.283203125 0.4659484375 0.2578125 0.4634984375 0.220703125
5 0.43655 0.220703125 0.4331203125 0.189453125 0.42626093750000005 0.1640625 0.4164625 0.1865234375 0.4179328125 0.212890625 0.4164625 0.248046875 0.4135234375 0.279296875 0.4086234375 0.3115234375 0.41156249999999994 0.3369140625 0.42038281250000004 0.35546875 0.430671875 0.359375 0.4404703125 0.3447265625 0.44292031249999997 0.31640625 0.44292031249999997 0.283203125 0.439490625 0.2509765625 0.43655 0.220703125
4 0.400784375 0.2001953125 0.3919640625 0.171875 0.384615625 0.2041015625 0.384615625 0.232421875 0.3831453125 0.2685546875 0.375796875 0.3037109375 0.3767765625 0.3349609375 0.384615625 0.357421875 0.3949046875 0.3623046875 0.40764374999999997 0.3466796875 0.4086234375 0.31640625 0.40519375 0.2939453125 0.403234375 0.2607421875 0.403234375 0.2275390625 0.400784375 0.2001953125
3 0.35031875 0.2119140625 0.3419890625 0.181640625 0.3307203125 0.1865234375 0.3307203125 0.2197265625 0.3331703125 0.2509765625 0.3370890625 0.279296875 0.3400296875 0.314453125 0.3419890625 0.3466796875 0.3537484375 0.3505859375 0.3694265625 0.3515625 0.37530625 0.32421875 0.37040625 0.2939453125 0.36648749999999997 0.271484375 0.3566875 0.2373046875 0.35031875 0.2119140625
0 0.29789374999999996 0.2578125 0.2851546875 0.240234375 0.269475 0.224609375 0.2577171875 0.2451171875 0.2621265625 0.2734375 0.26800625 0.3037109375 0.272415625 0.330078125 0.28123437500000004 0.359375 0.29005312499999997 0.384765625 0.3018125 0.3876953125 0.3170015625 0.3681640625 0.3282703125 0.3505859375 0.327290625 0.322265625 0.3189609375 0.2958984375 0.3067125 0.2763671875 0.29789374999999996 0.2578125
28 0.222440625 0.3681640625 0.2322390625 0.3857421875 0.2439984375 0.4033203125 0.2528171875 0.380859375 0.2567375 0.357421875 0.25820625 0.3271484375 0.25820625 0.3037109375 0.2439984375 0.2880859375 0.2327296875 0.306640625 0.222440625 0.337890625 0.222440625 0.3681640625