22 0.5541406249999999 0.607421875 0.5477703125 0.576171875 0.5438515625 0.5556640625 0.54238125 0.52734375 0.5414015625 0.5 0.53748125 0.4765625 0.524253125 0.4814453125 0.5213125 0.517578125 0.516903125 0.5478515625 0.51494375 0.57421875 0.51249375 0.6015625 0.5159234374999999 0.6279296875 0.5296421875 0.634765625 0.542871875 0.6279296875 0.5541406249999999 0.607421875
21 0.51249375 0.6240234375 0.510534375 0.6025390625 0.5080843749999999 0.57421875 0.5071046875 0.548828125 0.5080843749999999 0.5224609375 0.506125 0.4970703125 0.49289531249999996 0.4794921875 0.4889765625 0.5078125 0.48162656249999997 0.5380859375 0.48015625 0.5654296875 0.4737875 0.5947265625 0.47525781250000004 0.6171875 0.485546875 0.625 0.4977953125 0.626953125 0.51249375 0.6240234375
20 0.48260625 0.5458984375 0.4889765625 0.5029296875 0.49387499999999995 0.4716796875 0.47868750000000004 0.4599609375 0.46496875 0.490234375 0.45761874999999996 0.5205078125 0.44977968749999997 0.552734375 0.44292031249999997 0.5810546875 0.4492890625 0.6142578125 0.46251875 0.6171875 0.4747671875 0.58203125 0.48260625 0.5458984375
19 0.4605578125 0.578125 0.4634984375 0.533203125 0.45565937500000003 0.4951171875 0.45222968750000003 0.46875 0.43802031250000006 0.439453125 0.42528125 0.408203125 0.41107343749999997 0.4267578125 0.41548281249999997 0.458984375 0.4179328125 0.490234375 0.4218515625 0.5224609375 0.4218515625 0.5458984375 0.4243015625 0.5732421875 0.4355703125 0.58984375 0.4492890625 0.6015625 0.4605578125 0.578125
18 0.42283125000000005 0.5869140625 0.42822187500000003 0.560546875 0.42528125 0.533203125 0.42136250000000003 0.494140625 0.4174421875 0.466796875 0.41009375 0.43359375 0.398334375 0.4345703125 0.393434375 0.46875 0.390984375 0.4970703125 0.384615625 0.5234375 0.379715625 0.552734375 0.3831453125 0.5810546875 0.3968640625 0.5966796875 0.4086234375 0.59375 0.42283125000000005 0.5869140625
17 0.386575 0.5654296875 0.388534375 0.5185546875 0.387065625 0.494140625 0.382165625 0.4638671875 0.37922656250000003 0.43359375 0.36893750000000003 0.4306640625 0.3561984375 0.458984375 0.3561984375 0.490234375 0.3537484375 0.5205078125 0.349828125 0.552734375 0.35031875 0.57421875 0.3650171875 0.591796875 0.3782453125 0.583984375 0.386575 0.5654296875
30 0.5810875 0.59375 0.5781484375 0.568359375 0.5732484375 0.52734375 0.5683484375 0.498046875 0.5629593749999999 0.4619140625 0.5507109375 0.447265625 0.5482609375 0.484375 0.5507109375 0.5146484375 0.551690625 0.5400390625 0.549240625 0.5693359375 0.551690625 0.5947265625 0.5570796875 0.615234375 0.56981875 0.619140625 0.5810875 0.59375
29 0.5938265625 0.6044921875 0.6055859375 0.5986328125 0.6139140624999999 0.5712890625 0.6119546875 0.5478515625 0.611465625 0.5029296875 0.6080359375 0.4716796875 0.604115625 0.4365234375 0.592846875 0.408203125 0.5884375000000001 0.439453125 0.5859875 0.474609375 0.5850078125 0.5029296875 0.5820671875000001 0.5283203125 0.5796171875 0.55078125 0.5786374999999999 0.57421875 0.5845171875 0.5966796875 0.5938265625 0.6044921875
23 0.6178343749999999 0.58984375 0.6286140625 0.6015625 0.6384125 0.5859375 0.6423328125000001 0.5537109375 0.6384125 0.5185546875 0.6349828125 0.4892578125 0.6344921875 0.4599609375 0.6374328125 0.4140625 0.626653125 0.4111328125 0.6207734375 0.4345703125 0.615384375 0.4697265625 0.6119546875 0.494140625 0.6095046875000001 0.5185546875 0.6075453125 0.541015625 0.6050953125 0.5654296875 0.6080359375 0.5869140625 0.6178343749999999 0.58984375
24 0.6687890624999999 0.5791015625 0.667809375 0.5537109375 0.665359375 0.5224609375 0.6604609375 0.4853515625 0.6599703124999999 0.466796875 0.656540625 0.4365234375 0.6462515625 0.421875 0.6433125000000001 0.4599609375 0.6433125000000001 0.4814453125 0.6398828125 0.5146484375 0.6359625 0.5458984375 0.6349828125 0.5673828125 0.6438015625 0.591796875 0.658990625 0.5986328125 0.6687890624999999 0.5791015625
25 0.6918171875 0.6025390625 0.7011265625 0.583984375 0.7148453124999999 0.57421875 0.7148453124999999 0.5478515625 0.707496875 0.5224609375 0.7011265625 0.490234375 0.6996578125 0.4619140625 0.6957375 0.421875 0.6859375 0.4921875 0.6805484374999999 0.4384765625 0.6668296875 0.42578125 0.6692796875 0.4697265625 0.670259375 0.501953125 0.6692796875 0.53125 0.6692796875 0.5712890625 0.6761390625 0.6005859375 0.6918171875 0.6025390625
26 0.7452234375 0.533203125 0.7520828125000001 0.509765625 0.7447328125 0.484375 0.7403234375000001 0.458984375 0.73444375 0.4345703125 0.7315046875 0.4130859375 0.7217046875 0.3935546875 0.7109265625 0.388671875 0.7060265625000001 0.4267578125 0.7060265625000001 0.4541015625 0.7084765625 0.4873046875 0.711415625 0.515625 0.7128859375000001 0.54296875 0.7212156249999999 0.5634765625 0.734934375 0.5634765625 0.7452234375 0.533203125
27 0.7466921875 0.359375 0.73689375 0.3681640625 0.7217046875 0.373046875 0.7266046875 0.400390625 0.7359140625 0.4140625 0.7432624999999999 0.400390625 0.7535515625 0.392578125 0.763840625 0.384765625 0.762371875 0.359375 0.75698125 0.337890625 0.7466921875 0.359375
2 0.3081828125 0.5205078125 0.3076921875 0.498046875 0.3091625 0.4716796875 0.3125921875 0.4462890625 0.3145515625 0.416015625 0.3091625 0.3857421875 0.3042625 0.421875 0.2939734375 0.4541015625 0.291034375 0.4306640625 0.29789374999999996 0.3984375 0.286134375 0.3828125 0.28319375 0.41015625 0.2670265625 0.44921875 0.2552671875 0.46875 0.2528171875 0.501953125 0.26849531249999997 0.533203125 0.28319375 0.541015625 0.299853125 0.541015625 0.3081828125 0.5205078125
7 0.5208234375 0.6455078125 0.505634375 0.6533203125 0.5080843749999999 0.6884765625 0.508575 0.7158203125 0.514453125 0.7470703125 0.51739375 0.775390625 0.5198437499999999 0.810546875 0.53748125 0.826171875 0.5335625 0.7880859375 0.5325828125000001 0.7548828125 0.5311125 0.7333984375 0.5325828125000001 0.6982421875 0.5296421875 0.666015625 0.5208234375 0.6455078125
8 0.49387499999999995 0.6474609375 0.48113593750000005 0.66015625 0.48162656249999997 0.69140625 0.48652656250000004 0.7158203125 0.491425 0.751953125 0.491915625 0.783203125 0.49289531249999996 0.80859375 0.5046546875 0.818359375 0.5071046875 0.7880859375 0.506125 0.7568359375 0.505634375 0.7314453125 0.506125 0.69921875 0.5046546875 0.6630859375 0.49387499999999995 0.6474609375
9 0.4546796875 0.6494140625 0.45222968750000003 0.677734375 0.457128125 0.7041015625 0.459578125 0.7333984375 0.4639875 0.76171875 0.4683984375 0.79296875 0.4737875 0.8251953125 0.485546875 0.7998046875 0.48309687500000004 0.7666015625 0.48113593750000005 0.7412109375 0.47868750000000004 0.6982421875 0.48015625 0.658203125 0.4674171875 0.6455078125 0.4546796875 0.6494140625
10 0.42773125 0.6494140625 0.4198921875 0.677734375 0.4218515625 0.7119140625 0.42283125000000005 0.7392578125 0.42626093750000005 0.7646484375 0.43018124999999996 0.79296875 0.4341015625 0.8212890625 0.45859843749999996 0.8232421875 0.459578125 0.7978515625 0.46006875 0.7578125 0.457128125 0.7109375 0.45565937500000003 0.68359375 0.44292031249999997 0.650390625 0.42773125 0.6494140625
11 0.4179328125 0.6572265625 0.40715312499999995 0.642578125 0.393434375 0.658203125 0.3924546875 0.6904296875 0.3944140625 0.7216796875 0.3968640625 0.7568359375 0.398334375 0.7880859375 0.393434375 0.818359375 0.403234375 0.830078125 0.4135234375 0.802734375 0.4174421875 0.76953125 0.42528125 0.7421875 0.4243015625 0.7119140625 0.42626093750000005 0.6806640625 0.4179328125 0.6572265625
12 0.389515625 0.6572265625 0.37775625 0.642578125 0.361096875 0.6455078125 0.35521875 0.673828125 0.352278125 0.708984375 0.34835937499999997 0.7392578125 0.3463984375 0.7666015625 0.341009375 0.8046875 0.35521875 0.80078125 0.36648749999999997 0.779296875 0.375796875 0.7470703125 0.384615625 0.7216796875 0.3919640625 0.6962890625 0.3968640625 0.67578125 0.389515625 0.6572265625
13 0.3375796875 0.6123046875 0.352278125 0.6025390625 0.35521875 0.576171875 0.3537484375 0.5478515625 0.3488484375 0.517578125 0.345909375 0.4970703125 0.341009375 0.4697265625 0.3375796875 0.439453125 0.3233703125 0.4287109375 0.31798125 0.466796875 0.3125921875 0.4951171875 0.3091625 0.5224609375 0.3013234375 0.548828125 0.29789374999999996 0.5791015625 0.3081828125 0.599609375 0.3233703125 0.609375 0.3375796875 0.6123046875
15 0.23664843750000003 0.7548828125 0.25820625 0.74609375 0.2709453125 0.7294921875 0.2851546875 0.7138671875 0.29495312500000004 0.693359375 0.3076921875 0.685546875 0.3145515625 0.662109375 0.31308125000000003 0.6328125 0.3018125 0.6123046875 0.2851546875 0.5966796875 0.269475 0.58203125 0.25820625 0.6015625 0.25036718750000003 0.63671875 0.24301875 0.6650390625 0.2327296875 0.701171875 0.22488906250000001 0.7294921875 0.237628125 0.720703125 0.2533078125 0.6953125 0.26310625 0.6650390625 0.2758453125 0.6728515625 0.27045625 0.703125 0.24693749999999998 0.7314453125 0.23664843750000003 0.7548828125
6 0.5526703125 0.64453125 0.5414015625 0.63671875 0.5296421875 0.6474609375 0.5316015625 0.6865234375 0.5311125 0.716796875 0.5340515625 0.7421875 0.5365015625 0.779296875 0.5414015625 0.810546875 0.5546296875000001 0.8212890625 0.556590625 0.79296875 0.555609375 0.7666015625 0.555609375 0.736328125 0.555609375 0.701171875 0.558059375 0.66796875 0.5526703125 0.64453125
5 0.5796171875 0.64453125 0.569328125 0.640625 0.5595296875 0.6552734375 0.5570796875 0.68359375 0.5570796875 0.716796875 0.560509375 0.7490234375 0.56345 0.779296875 0.5668796875 0.810546875 0.5737390625 0.8359375 0.5835375 0.8134765625 0.5820671875000001 0.787109375 0.5835375 0.751953125 0.5864765625 0.720703125 0.5913765625 0.6884765625 0.5884375000000001 0.6630859375 0.5796171875 0.64453125
4 0.6050953125 0.6376953125 0.59235625 0.6533203125 0.5913765625 0.68359375 0.59480625 0.7060546875 0.596765625 0.7392578125 0.596765625 0.7724609375 0.599215625 0.7998046875 0.6080359375 0.828125 0.615384375 0.7958984375 0.615384375 0.767578125 0.6168546874999999 0.7314453125 0.624203125 0.6962890625 0.6232234375 0.6650390625 0.615384375 0.642578125 0.6050953125 0.6376953125
3 0.6462515625 0.6494140625 0.6305734375000001 0.6484375 0.6246937499999999 0.67578125 0.62959375 0.7060546875 0.6335124999999999 0.728515625 0.6433125000000001 0.7626953125 0.64968125 0.7880859375 0.6580109375000001 0.818359375 0.6692796875 0.8134765625 0.6692796875 0.7802734375 0.6668296875 0.7490234375 0.6629109375 0.720703125 0.6599703124999999 0.685546875 0.6580109375000001 0.6533203125 0.6462515625 0.6494140625
0 0.6981875 0.6123046875 0.6829984375 0.6318359375 0.6717296875 0.6494140625 0.6727093749999999 0.677734375 0.6810390625 0.7041015625 0.6932875000000001 0.7236328125 0.70210625 0.7421875 0.7148453124999999 0.759765625 0.730525 0.775390625 0.7422828124999999 0.7548828125 0.7378734375 0.7265625 0.73199375 0.6962890625 0.727584375 0.669921875 0.718765625 0.640625 0.709946875 0.615234375 0.6981875 0.6123046875
28 0.7432624999999999 0.642578125 0.74179375 0.6728515625 0.74179375 0.6962890625 0.7560015625000001 0.7119140625 0.7672703125 0.693359375 0.7775593749999999 0.662109375 0.7775593749999999 0.6318359375 0.7677609375000001 0.6142578125 0.7560015625000001 0.5966796875 0.7471828125 0.619140625 0.7432624999999999 0.642578125