0 0.7241546875 0.5859375 0.7158249999999999 0.58203125 0.7011265625 0.5859375 0.6918171875 0.5947265625 0.67711875 0.5966796875 0.67711875 0.619140625 0.6805484374999999 0.6474609375 0.6918171875 0.6650390625 0.700146875 0.6962890625 0.7060265625000001 0.728515625 0.7128859375000001 0.751953125 0.7192546875 0.7744140625 0.730525 0.7880859375 0.74424375 0.7822265625 0.7496328125 0.7548828125 0.7447328125 0.728515625 0.74179375 0.6962890625 0.7359140625 0.6650390625 0.7339546875 0.6318359375 0.7241546875 0.5859375
28 0.7457125 0.5439453125 0.7359140625 0.5478515625 0.7315046875 0.576171875 0.7329734375 0.6044921875 0.7315046875 0.626953125 0.7329734375 0.6494140625 0.7432624999999999 0.662109375 0.7609015625 0.6494140625 0.7814796875 0.6455078125 0.7996078125 0.63671875 0.8094078124999999 0.6142578125 0.8069578125 0.57421875 0.7907890625 0.5712890625 0.780009375 0.5654296875 0.7677609375000001 0.5556640625 0.757471875 0.548828125 0.7457125 0.5439453125
1 0.7123953125 0.7568359375 0.6981875 0.7314453125 0.6923078125 0.7080078125 0.6883874999999999 0.6826171875 0.6810390625 0.6572265625 0.6805484374999999 0.6376953125 0.6741796875 0.6025390625 0.658990625 0.58984375 0.6433125000000001 0.6064453125 0.6286140625 0.6123046875 0.6193046875 0.642578125 0.6335124999999999 0.6650390625 0.6369421875 0.6884765625 0.6398828125 0.7158203125 0.647721875 0.7412109375 0.654090625 0.7724609375 0.666340625 0.7919921875 0.6780984375 0.7998046875 0.6918171875 0.8056640625 0.6859375 0.779296875 0.6717296875 0.7626953125 0.663890625 0.736328125 0.6629109375 0.708984375 0.6741796875 0.7314453125 0.6874078124999999 0.75 0.6981875 0.77734375 0.7153359375 0.783203125 0.7123953125 0.7568359375
2 0.286134375 0.55078125 0.29789374999999996 0.548828125 0.30377343749999997 0.5205078125 0.3052421875 0.490234375 0.3101421875 0.4599609375 0.3125921875 0.4365234375 0.3145515625 0.40625 0.3189609375 0.3798828125 0.31651093750000003 0.3447265625 0.306221875 0.33984375 0.2988734375 0.3779296875 0.286134375 0.4111328125 0.27339531250000004 0.443359375 0.2621265625 0.47265625 0.2528171875 0.4970703125 0.26310625 0.5205078125 0.272415625 0.5439453125 0.286134375 0.55078125
7 0.5257234375000001 0.65234375 0.5188640625 0.65234375 0.5080843749999999 0.66015625 0.505634375 0.6884765625 0.5041640625 0.7138671875 0.505634375 0.7412109375 0.5046546875 0.7705078125 0.5041640625 0.8076171875 0.51739375 0.8125 0.5213125 0.7802734375 0.5232734375 0.751953125 0.5247421875 0.7294921875 0.5247421875 0.7060546875 0.5276828124999999 0.68359375 0.5257234375000001 0.65234375
8 0.48113593750000005 0.66015625 0.48015625 0.693359375 0.48015625 0.716796875 0.48309687500000004 0.744140625 0.48505624999999997 0.7626953125 0.48505624999999997 0.7919921875 0.49926562499999994 0.78515625 0.4977953125 0.75390625 0.49926562499999994 0.7236328125 0.501715625 0.693359375 0.5046546875 0.66015625 0.49387499999999995 0.6533203125 0.48113593750000005 0.66015625
9 0.459578125 0.65234375 0.4492890625 0.6552734375 0.44977968749999997 0.685546875 0.45222968750000003 0.708984375 0.4561484375 0.736328125 0.45859843749999996 0.7578125 0.4659484375 0.794921875 0.48015625 0.810546875 0.48260625 0.775390625 0.48162656249999997 0.75 0.48015625 0.71875 0.47868750000000004 0.67578125 0.4723171875 0.6494140625 0.459578125 0.65234375
10 0.45320937499999997 0.703125 0.4473296875 0.6806640625 0.44292031249999997 0.6572265625 0.4292015625 0.6796875 0.42136250000000003 0.703125 0.41891249999999997 0.7236328125 0.4164625 0.7421875 0.41156249999999994 0.7724609375 0.404703125 0.8056640625 0.3968640625 0.8330078125 0.3998046875 0.8544921875 0.4179328125 0.837890625 0.430671875 0.8134765625 0.441940625 0.7919921875 0.4517390625 0.7626953125 0.45859843749999996 0.734375 0.45320937499999997 0.703125
11 0.43263125 0.669921875 0.4198921875 0.662109375 0.4061734375 0.650390625 0.3949046875 0.6572265625 0.3919640625 0.6884765625 0.3904953125 0.7109375 0.389515625 0.7421875 0.3860859375 0.7646484375 0.3782453125 0.794921875 0.37138593750000004 0.8212890625 0.3831453125 0.826171875 0.3949046875 0.8046875 0.4086234375 0.787109375 0.41548281249999997 0.75390625 0.42136250000000003 0.728515625 0.4292015625 0.69921875 0.43263125 0.669921875
12 0.404703125 0.677734375 0.402253125 0.65234375 0.3904953125 0.6494140625 0.3782453125 0.6376953125 0.36893750000000003 0.640625 0.3601171875 0.6630859375 0.3586484375 0.6884765625 0.3537484375 0.7119140625 0.349828125 0.7392578125 0.34492968749999997 0.775390625 0.3375796875 0.8046875 0.33121093749999997 0.830078125 0.3424796875 0.8310546875 0.35276874999999996 0.80859375 0.3650171875 0.7978515625 0.3767765625 0.7646484375 0.3855953125 0.734375 0.390984375 0.7138671875 0.404703125 0.677734375
13 0.329740625 0.5810546875 0.34394843750000004 0.5859375 0.35276874999999996 0.5654296875 0.354728125 0.5380859375 0.35521875 0.509765625 0.3537484375 0.4814453125 0.3537484375 0.44921875 0.35521875 0.41796875 0.35276874999999996 0.3857421875 0.338559375 0.4033203125 0.327290625 0.4189453125 0.32092187499999997 0.4521484375 0.31308125000000003 0.4794921875 0.30377343749999997 0.509765625 0.2988734375 0.5380859375 0.3042625 0.56640625 0.31798125 0.56640625 0.329740625 0.5810546875
14 0.332190625 0.779296875 0.3400296875 0.7548828125 0.349828125 0.7333984375 0.3561984375 0.7109375 0.3674671875 0.6826171875 0.373346875 0.6572265625 0.37530625 0.6279296875 0.3615875 0.6240234375 0.3488484375 0.607421875 0.33464062499999997 0.599609375 0.3219015625 0.6044921875 0.3106328125 0.6220703125 0.3076921875 0.6533203125 0.30377343749999997 0.6826171875 0.297403125 0.7109375 0.2871140625 0.7373046875 0.2807453125 0.76953125 0.27339531250000004 0.794921875 0.291034375 0.779296875 0.3018125 0.74609375 0.3233703125 0.7216796875 0.32043125 0.751953125 0.3091625 0.78515625 0.29789374999999996 0.8037109375 0.3106328125 0.8232421875 0.3233703125 0.7978515625 0.332190625 0.779296875
15 0.3018125 0.669921875 0.31308125000000003 0.64453125 0.3140625 0.619140625 0.3076921875 0.5986328125 0.297403125 0.5888671875 0.286134375 0.5693359375 0.274375 0.5712890625 0.2640859375 0.591796875 0.25820625 0.619140625 0.2533078125 0.642578125 0.2479171875 0.6630859375 0.24301875 0.6884765625 0.23664843750000003 0.7265625 0.2302796875 0.75390625 0.2327296875 0.77734375 0.24693749999999998 0.76171875 0.2621265625 0.74609375 0.27339531250000004 0.728515625 0.28319375 0.7109375 0.2934828125 0.6962890625 0.3018125 0.669921875
16 0.26310625 0.6015625 0.269475 0.5732421875 0.2660453125 0.5439453125 0.2528171875 0.533203125 0.24154843750000002 0.52734375 0.22880937499999998 0.5146484375 0.2185203125 0.525390625 0.21215156249999997 0.5634765625 0.2067609375 0.59375 0.1994125 0.619140625 0.192553125 0.642578125 0.185203125 0.666015625 0.1930421875 0.6884765625 0.2067609375 0.68359375 0.22195 0.6826171875 0.2297890625 0.6630859375 0.24154843750000002 0.6494140625 0.2528171875 0.626953125 0.26310625 0.6015625
17 0.381675 0.5859375 0.3855953125 0.5615234375 0.3860859375 0.533203125 0.3855953125 0.5126953125 0.384615625 0.482421875 0.382165625 0.4541015625 0.382165625 0.4287109375 0.379715625 0.392578125 0.3694265625 0.3974609375 0.36550781250000003 0.4287109375 0.35766718750000004 0.4716796875 0.3561984375 0.509765625 0.3537484375 0.541015625 0.34835937499999997 0.568359375 0.3537484375 0.5869140625 0.36795625 0.6025390625 0.381675 0.5859375
18 0.40519375 0.607421875 0.41891249999999997 0.59765625 0.4243015625 0.55859375 0.42675156249999996 0.505859375 0.41891249999999997 0.4697265625 0.4174421875 0.4462890625 0.41107343749999997 0.400390625 0.400784375 0.4013671875 0.393434375 0.43359375 0.388534375 0.474609375 0.3855953125 0.505859375 0.384125 0.533203125 0.3806953125 0.568359375 0.37922656250000003 0.591796875 0.390984375 0.6123046875 0.40519375 0.607421875
19 0.42283125000000005 0.625 0.4355703125 0.626953125 0.44585937500000006 0.607421875 0.4492890625 0.583984375 0.4473296875 0.5556640625 0.44683906249999994 0.5234375 0.44683906249999994 0.4873046875 0.44439062500000004 0.45703125 0.43655 0.42578125 0.4218515625 0.41796875 0.42626093750000005 0.44140625 0.42381250000000004 0.4697265625 0.42038281250000004 0.505859375 0.4179328125 0.53125 0.41548281249999997 0.5634765625 0.409603125 0.58203125 0.4130328125 0.607421875 0.42283125000000005 0.625
20 0.46251875 0.634765625 0.4728078125 0.6240234375 0.4747671875 0.59375 0.4713375 0.5537109375 0.47035781249999997 0.5234375 0.47035781249999997 0.4892578125 0.4683984375 0.46484375 0.46202812499999996 0.431640625 0.4492890625 0.43359375 0.45320937499999997 0.4619140625 0.45369843750000005 0.4892578125 0.45222968750000003 0.5224609375 0.45075937499999996 0.560546875 0.44585937500000006 0.58203125 0.44292031249999997 0.6044921875 0.44683906249999994 0.626953125 0.46251875 0.634765625
21 0.505634375 0.626953125 0.5159234374999999 0.6142578125 0.5134734375 0.5732421875 0.508575 0.55078125 0.503184375 0.5185546875 0.498284375 0.494140625 0.49436562500000003 0.46875 0.48652656250000004 0.43359375 0.4737875 0.439453125 0.4737875 0.46875 0.47525781250000004 0.4970703125 0.47525781250000004 0.53515625 0.4747671875 0.5654296875 0.4747671875 0.5888671875 0.4767265625 0.6201171875 0.49436562500000003 0.6318359375 0.505634375 0.626953125
22 0.542871875 0.6240234375 0.5531609375000001 0.6142578125 0.549240625 0.5859375 0.5467906250000001 0.556640625 0.542871875 0.52734375 0.53993125 0.501953125 0.5340515625 0.4765625 0.5311125 0.447265625 0.5262125 0.416015625 0.5134734375 0.4287109375 0.508575 0.4697265625 0.5095546875 0.501953125 0.508575 0.5380859375 0.510534375 0.5654296875 0.514453125 0.59375 0.5159234374999999 0.6201171875 0.5296421875 0.6318359375 0.542871875 0.6240234375
30 0.5668796875 0.5888671875 0.5683484375 0.5615234375 0.5668796875 0.53125 0.5629593749999999 0.5029296875 0.5619796874999999 0.46875 0.5570796875 0.4365234375 0.556590625 0.4013671875 0.544340625 0.4189453125 0.540421875 0.4462890625 0.53748125 0.474609375 0.5389515625 0.517578125 0.537971875 0.5400390625 0.53748125 0.5732421875 0.542871875 0.6025390625 0.558059375 0.609375 0.5668796875 0.5888671875
29 0.59480625 0.599609375 0.6011765625 0.5732421875 0.604115625 0.541015625 0.599215625 0.501953125 0.5962765625 0.458984375 0.5938265625 0.42578125 0.5899062500000001 0.392578125 0.5786374999999999 0.3603515625 0.57226875 0.3876953125 0.5707984374999999 0.423828125 0.5737390625 0.46484375 0.5707984374999999 0.5 0.5707984374999999 0.53515625 0.57226875 0.5712890625 0.5825578124999999 0.58984375 0.59480625 0.599609375
23 0.6418421875 0.5625 0.6344921875 0.505859375 0.63204375 0.4697265625 0.6305734375000001 0.44140625 0.6286140625 0.4033203125 0.6168546874999999 0.365234375 0.6139140624999999 0.3955078125 0.6119546875 0.44140625 0.6080359375 0.484375 0.6095046875000001 0.5126953125 0.606565625 0.5537109375 0.615384375 0.57421875 0.6310625 0.578125 0.6418421875 0.5625
25 0.6692796875 0.5634765625 0.6834890625 0.556640625 0.6908375 0.53125 0.6883874999999999 0.5029296875 0.68446875 0.4794921875 0.67711875 0.447265625 0.6756484375 0.42578125 0.67711875 0.3876953125 0.654090625 0.3779296875 0.64723125 0.4111328125 0.64723125 0.443359375 0.6462515625 0.4794921875 0.6423328125000001 0.5029296875 0.638903125 0.5283203125 0.6438015625 0.5654296875 0.6560515625 0.56640625 0.6692796875 0.5634765625
26 0.718765625 0.54296875 0.7315046875 0.5224609375 0.7315046875 0.4951171875 0.725134375 0.4716796875 0.7192546875 0.44140625 0.716315625 0.4130859375 0.711415625 0.3857421875 0.707496875 0.357421875 0.6908375 0.3681640625 0.6908375 0.4013671875 0.6923078125 0.4365234375 0.6908375 0.474609375 0.6898578125 0.5 0.6898578125 0.5283203125 0.6947578125 0.552734375 0.708965625 0.5556640625 0.718765625 0.54296875
27 0.7677609375000001 0.494140625 0.7697203125 0.47265625 0.7613921875 0.447265625 0.7520828125000001 0.41796875 0.7432624999999999 0.384765625 0.7339546875 0.357421875 0.7315046875 0.333984375 0.7177859375 0.33984375 0.718765625 0.373046875 0.718765625 0.40625 0.725625 0.439453125 0.727584375 0.4794921875 0.73199375 0.505859375 0.7432624999999999 0.5224609375 0.7560015625000001 0.5078125 0.7677609375000001 0.494140625
3 0.624203125 0.611328125 0.6095046875000001 0.607421875 0.5987265625 0.615234375 0.5884375000000001 0.640625 0.597746875 0.6650390625 0.606565625 0.693359375 0.6144046875 0.71875 0.6246937499999999 0.744140625 0.6310625 0.767578125 0.6413515624999999 0.7978515625 0.6536015625 0.787109375 0.6452718749999999 0.75 0.6413515624999999 0.7265625 0.6369421875 0.701171875 0.63204375 0.6630859375 0.6281234375 0.6318359375 0.624203125 0.611328125
4 0.59480625 0.65234375 0.5850078125 0.6279296875 0.569328125 0.634765625 0.561 0.6552734375 0.56345 0.6806640625 0.57471875 0.701171875 0.5903968749999999 0.7421875 0.6011765625 0.7705078125 0.6095046875000001 0.7978515625 0.6193046875 0.8212890625 0.6305734375000001 0.8134765625 0.6246937499999999 0.78515625 0.6207734375 0.7568359375 0.6144046875 0.7294921875 0.610484375 0.7060546875 0.6031359375 0.6826171875 0.59480625 0.65234375
5 0.56981875 0.666015625 0.5590390625 0.650390625 0.5477703125 0.69140625 0.5477703125 0.7119140625 0.5531609375000001 0.7412109375 0.561 0.767578125 0.5707984374999999 0.7880859375 0.5810875 0.8076171875 0.5889265625 0.828125 0.6031359375 0.841796875 0.6139140624999999 0.828125 0.611465625 0.8046875 0.6031359375 0.779296875 0.5938265625 0.75390625 0.5864765625 0.7314453125 0.57716875 0.6982421875 0.56981875 0.666015625
6 0.5590390625 0.642578125 0.5463015625 0.626953125 0.5301328125 0.6279296875 0.5262125 0.6572265625 0.5271921875000001 0.6787109375 0.5262125 0.7080078125 0.5247421875 0.734375 0.5232734375 0.7578125 0.52229375 0.787109375 0.5335625 0.7998046875 0.542871875 0.7724609375 0.5477703125 0.751953125 0.5502203125 0.7265625 0.551690625 0.703125 0.5570796875 0.66796875 0.5590390625 0.642578125