0 0.32288125 0.4033203125 0.32288125 0.380859375 0.3194515625 0.3525390625 0.3081828125 0.3349609375 0.299853125 0.3037109375 0.2939734375 0.271484375 0.2871140625 0.248046875 0.2807453125 0.2255859375 0.269475 0.2119140625 0.25575625 0.2177734375 0.25036718750000003 0.2451171875 0.2552671875 0.271484375 0.25820625 0.3037109375 0.2640859375 0.3349609375 0.2660453125 0.3681640625 0.2758453125 0.4140625 0.284175 0.41796875 0.2988734375 0.4140625 0.3081828125 0.4052734375 0.32288125 0.4033203125
28 0.26849531249999997 0.373046875 0.2670265625 0.3505859375 0.2567375 0.337890625 0.23909843749999998 0.3505859375 0.2185203125 0.3544921875 0.2003921875 0.36328125 0.1905921875 0.3857421875 0.1930421875 0.42578125 0.20921093750000003 0.4287109375 0.21999062500000002 0.4345703125 0.2322390625 0.4443359375 0.24252812499999998 0.451171875 0.2542875 0.4560546875 0.2640859375 0.4521484375 0.26849531249999997 0.423828125 0.2670265625 0.3955078125 0.26849531249999997 0.373046875
1 0.3189609375 0.3427734375 0.3194515625 0.3623046875 0.3258203125 0.3974609375 0.341009375 0.41015625 0.3566875 0.3935546875 0.37138593750000004 0.3876953125 0.3806953125 0.357421875 0.36648749999999997 0.3349609375 0.3630578125 0.3115234375 0.3601171875 0.2841796875 0.352278125 0.2587890625 0.345909375 0.2275390625 0.333659375 0.2080078125 0.3219015625 0.2001953125 0.3081828125 0.1943359375 0.3140625 0.220703125 0.3282703125 0.2373046875 0.33610937500000004 0.263671875 0.3370890625 0.291015625 0.3258203125 0.2685546875 0.3125921875 0.25 0.3018125 0.22265625 0.2846640625 0.216796875 0.2876046875 0.2431640625 0.3018125 0.2685546875 0.3076921875 0.2919921875 0.31161249999999996 0.3173828125 0.3189609375 0.3427734375
2 0.6898578125 0.5400390625 0.6874078124999999 0.5634765625 0.6854484375000001 0.59375 0.6810390625 0.6201171875 0.6834890625 0.6552734375 0.6937781249999999 0.66015625 0.7011265625 0.6220703125 0.7138656250000001 0.5888671875 0.7266046875 0.556640625 0.7378734375 0.52734375 0.7471828125 0.5029296875 0.73689375 0.4794921875 0.727584375 0.4560546875 0.7138656250000001 0.44921875 0.70210625 0.451171875 0.6962265624999999 0.4794921875 0.6947578125 0.509765625 0.6898578125 0.5400390625
7 0.4958359375 0.2861328125 0.49436562500000003 0.2587890625 0.4953453125 0.2294921875 0.4958359375 0.1923828125 0.48260625 0.1875 0.47868750000000004 0.2197265625 0.4767265625 0.248046875 0.47525781250000004 0.2705078125 0.47525781250000004 0.2939453125 0.4723171875 0.31640625 0.47427656249999994 0.34765625 0.48113593750000005 0.34765625 0.491915625 0.33984375 0.49436562500000003 0.3115234375 0.4958359375 0.2861328125
8 0.51494375 0.2373046875 0.51494375 0.2080078125 0.5007343750000001 0.21484375 0.5022046875 0.24609375 0.5007343750000001 0.2763671875 0.498284375 0.306640625 0.4953453125 0.33984375 0.506125 0.3466796875 0.5188640625 0.33984375 0.5198437499999999 0.306640625 0.5198437499999999 0.283203125 0.516903125 0.255859375 0.51494375 0.2373046875
9 0.5438515625 0.263671875 0.5414015625 0.2421875 0.5340515625 0.205078125 0.5198437499999999 0.189453125 0.51739375 0.224609375 0.5183734375 0.25 0.5198437499999999 0.28125 0.5213125 0.32421875 0.5276828124999999 0.3505859375 0.540421875 0.34765625 0.5507109375 0.3447265625 0.5502203125 0.314453125 0.5477703125 0.291015625 0.5438515625 0.263671875
10 0.5786374999999999 0.296875 0.5810875 0.2763671875 0.5835375 0.2578125 0.5884375000000001 0.2275390625 0.5952968750000001 0.1943359375 0.6031359375 0.1669921875 0.6001953125 0.1455078125 0.5820671875000001 0.162109375 0.569328125 0.1865234375 0.558059375 0.2080078125 0.5482609375 0.2373046875 0.5414015625 0.265625 0.5467906250000001 0.296875 0.5526703125 0.3193359375 0.5570796875 0.3427734375 0.5707984374999999 0.3203125 0.5786374999999999 0.296875
11 0.6080359375 0.3115234375 0.6095046875000001 0.2890625 0.610484375 0.2578125 0.6139140624999999 0.2353515625 0.6217546875 0.205078125 0.6286140625 0.1787109375 0.6168546874999999 0.173828125 0.6050953125 0.1953125 0.5913765625 0.212890625 0.5845171875 0.24609375 0.5786374999999999 0.271484375 0.5707984374999999 0.30078125 0.56736875 0.330078125 0.5801078125 0.337890625 0.5938265625 0.349609375 0.6050953125 0.3427734375 0.6080359375 0.3115234375
12 0.6310625 0.359375 0.6398828125 0.3369140625 0.6413515624999999 0.3115234375 0.6462515625 0.2880859375 0.6501718750000001 0.2607421875 0.6550703125 0.224609375 0.6624203125 0.1953125 0.6687890624999999 0.169921875 0.6575203125 0.1689453125 0.64723125 0.19140625 0.6349828125 0.2021484375 0.6232234375 0.2353515625 0.6144046875 0.265625 0.609015625 0.2861328125 0.5952968750000001 0.322265625 0.597746875 0.34765625 0.6095046875000001 0.3505859375 0.6217546875 0.3623046875 0.6310625 0.359375
13 0.6447812500000001 0.490234375 0.6462515625 0.5185546875 0.6462515625 0.55078125 0.6447812500000001 0.58203125 0.64723125 0.6142578125 0.661440625 0.5966796875 0.6727093749999999 0.5810546875 0.679078125 0.5478515625 0.68691875 0.5205078125 0.6962265624999999 0.490234375 0.7011265625 0.4619140625 0.6957375 0.43359375 0.68201875 0.43359375 0.670259375 0.4189453125 0.6560515625 0.4140625 0.64723125 0.4345703125 0.6452718749999999 0.4619140625 0.6447812500000001 0.490234375
14 0.6325328125 0.3173828125 0.626653125 0.3427734375 0.6246937499999999 0.3720703125 0.6384125 0.3759765625 0.6511515625000001 0.392578125 0.665359375 0.400390625 0.6780984375 0.3955078125 0.6893671875 0.3779296875 0.6923078125 0.3466796875 0.6962265624999999 0.3173828125 0.702596875 0.2890625 0.7128859375000001 0.2626953125 0.7192546875 0.23046875 0.7266046875 0.205078125 0.708965625 0.220703125 0.6981875 0.25390625 0.6766296875 0.2783203125 0.6795687499999999 0.248046875 0.6908375 0.21484375 0.70210625 0.1962890625 0.6893671875 0.1767578125 0.6766296875 0.2021484375 0.667809375 0.220703125 0.6599703124999999 0.2451171875 0.6501718750000001 0.2666015625 0.6438015625 0.2890625 0.6325328125 0.3173828125
15 0.702596875 0.4111328125 0.7138656250000001 0.4306640625 0.725625 0.4287109375 0.7359140625 0.408203125 0.74179375 0.380859375 0.7466921875 0.357421875 0.7520828125000001 0.3369140625 0.75698125 0.3115234375 0.7633515625 0.2734375 0.7697203125 0.24609375 0.7672703125 0.22265625 0.7530625 0.23828125 0.7378734375 0.25390625 0.7266046875 0.271484375 0.71680625 0.2890625 0.7065171875 0.3037109375 0.6981875 0.330078125 0.68691875 0.35546875 0.6859375 0.380859375 0.6923078125 0.4013671875 0.702596875 0.4111328125
16 0.7584515625 0.47265625 0.771190625 0.4853515625 0.7814796875 0.474609375 0.7878484375 0.4365234375 0.7932390625 0.40625 0.8005875 0.380859375 0.8074468749999999 0.357421875 0.8147968750000001 0.333984375 0.8069578125 0.3115234375 0.7932390625 0.31640625 0.77805 0.3173828125 0.7702109375 0.3369140625 0.7584515625 0.3505859375 0.7471828125 0.373046875 0.73689375 0.3984375 0.730525 0.4267578125 0.7339546875 0.4560546875 0.7471828125 0.466796875 0.7584515625 0.47265625
17 0.615384375 0.517578125 0.6178343749999999 0.5458984375 0.6178343749999999 0.5712890625 0.620284375 0.607421875 0.6305734375000001 0.6025390625 0.6344921875 0.5712890625 0.6423328125000001 0.5283203125 0.6438015625 0.490234375 0.6462515625 0.458984375 0.651640625 0.431640625 0.6462515625 0.4130859375 0.63204375 0.3974609375 0.618325 0.4140625 0.6144046875 0.4384765625 0.6139140624999999 0.466796875 0.6144046875 0.4873046875 0.615384375 0.517578125
18 0.5810875 0.5302734375 0.5825578124999999 0.5537109375 0.5889265625 0.599609375 0.599215625 0.5986328125 0.606565625 0.56640625 0.611465625 0.525390625 0.6144046875 0.494140625 0.6158750000000001 0.466796875 0.6193046875 0.431640625 0.6207734375 0.408203125 0.609015625 0.3876953125 0.59480625 0.392578125 0.5810875 0.40234375 0.5756984375 0.44140625 0.5732484375 0.494140625 0.5810875 0.5302734375
19 0.5526703125 0.4443359375 0.5531609375000001 0.4765625 0.5531609375000001 0.5126953125 0.555609375 0.54296875 0.56345 0.57421875 0.5781484375 0.58203125 0.5737390625 0.55859375 0.5761875 0.5302734375 0.5796171875 0.494140625 0.5820671875000001 0.46875 0.5845171875 0.4365234375 0.5903968749999999 0.41796875 0.5869671875 0.392578125 0.57716875 0.375 0.5644296875 0.373046875 0.5541406249999999 0.392578125 0.5507109375 0.416015625 0.5526703125 0.4443359375
20 0.5296421875 0.4765625 0.5296421875 0.5107421875 0.5316015625 0.53515625 0.537971875 0.568359375 0.5507109375 0.56640625 0.5467906250000001 0.5380859375 0.5463015625 0.5107421875 0.5477703125 0.4775390625 0.549240625 0.439453125 0.5541406249999999 0.41796875 0.5570796875 0.3955078125 0.5531609375000001 0.373046875 0.53748125 0.365234375 0.5271921875000001 0.3759765625 0.5252328125 0.40625 0.5286625 0.4462890625 0.5296421875 0.4765625
21 0.496815625 0.4814453125 0.501715625 0.505859375 0.505634375 0.53125 0.5134734375 0.56640625 0.5262125 0.560546875 0.5262125 0.53125 0.5247421875 0.5029296875 0.5247421875 0.46484375 0.5252328125 0.4345703125 0.5252328125 0.4111328125 0.5232734375 0.3798828125 0.505634375 0.3681640625 0.49436562500000003 0.373046875 0.48407656250000003 0.3857421875 0.48652656250000004 0.4267578125 0.491425 0.44921875 0.496815625 0.4814453125
22 0.457128125 0.47265625 0.46006875 0.498046875 0.4659484375 0.5234375 0.4688875 0.552734375 0.4737875 0.583984375 0.48652656250000004 0.5712890625 0.491425 0.5302734375 0.4904453125 0.498046875 0.491425 0.4619140625 0.48946562499999996 0.4345703125 0.485546875 0.40625 0.48407656250000003 0.3798828125 0.47035781249999997 0.3681640625 0.457128125 0.3759765625 0.44683906249999994 0.3857421875 0.45075937499999996 0.4140625 0.45320937499999997 0.443359375 0.457128125 0.47265625
30 0.43802031250000006 0.53125 0.44292031249999997 0.5634765625 0.443409375 0.5986328125 0.45565937500000003 0.5810546875 0.459578125 0.5537109375 0.46251875 0.525390625 0.4610484375 0.482421875 0.46202812499999996 0.4599609375 0.46251875 0.4267578125 0.457128125 0.3974609375 0.441940625 0.390625 0.4331203125 0.4111328125 0.43165156250000003 0.4384765625 0.4331203125 0.46875 0.437040625 0.4970703125 0.43802031250000006 0.53125
29 0.40372343749999995 0.541015625 0.4061734375 0.57421875 0.41009375 0.607421875 0.42136250000000003 0.6396484375 0.42773125 0.6123046875 0.4292015625 0.576171875 0.42626093750000005 0.53515625 0.4292015625 0.5 0.4292015625 0.46484375 0.42773125 0.4287109375 0.4174421875 0.41015625 0.40519375 0.400390625 0.39882343750000004 0.4267578125 0.395884375 0.458984375 0.400784375 0.498046875 0.40372343749999995 0.541015625
23 0.37138593750000004 0.5966796875 0.3831453125 0.634765625 0.3860859375 0.6044921875 0.38804531249999996 0.55859375 0.3919640625 0.515625 0.3904953125 0.4873046875 0.393434375 0.4462890625 0.384615625 0.42578125 0.36893750000000003 0.421875 0.3581578125 0.4375 0.36550781250000003 0.494140625 0.36795625 0.5302734375 0.3694265625 0.55859375 0.37138593750000004 0.5966796875
25 0.31553125 0.5205078125 0.32288125 0.552734375 0.3243515625 0.57421875 0.32288125 0.6123046875 0.345909375 0.6220703125 0.35276874999999996 0.5888671875 0.35276874999999996 0.556640625 0.3537484375 0.5205078125 0.35766718750000004 0.4970703125 0.361096875 0.4716796875 0.3561984375 0.4345703125 0.34394843750000004 0.43359375 0.3307203125 0.4365234375 0.31651093750000003 0.443359375 0.3091625 0.46875 0.31161249999999996 0.4970703125 0.31553125 0.5205078125
26 0.2807453125 0.55859375 0.283684375 0.5869140625 0.288584375 0.6142578125 0.292503125 0.642578125 0.3091625 0.6318359375 0.3091625 0.5986328125 0.3076921875 0.5634765625 0.3091625 0.525390625 0.3101421875 0.5 0.3101421875 0.4716796875 0.3052421875 0.447265625 0.291034375 0.4443359375 0.28123437500000004 0.45703125 0.26849531249999997 0.4775390625 0.26849531249999997 0.5048828125 0.274865625 0.5283203125 0.2807453125 0.55859375
27 0.2567375 0.615234375 0.2660453125 0.642578125 0.26849531249999997 0.666015625 0.2822140625 0.66015625 0.28123437500000004 0.626953125 0.28123437500000004 0.59375 0.274375 0.560546875 0.272415625 0.5205078125 0.26800625 0.494140625 0.2567375 0.4775390625 0.2439984375 0.4921875 0.2322390625 0.505859375 0.2302796875 0.52734375 0.23860781250000002 0.552734375 0.2479171875 0.58203125 0.2567375 0.615234375
3 0.402253125 0.3349609375 0.393434375 0.306640625 0.3855953125 0.28125 0.37530625 0.255859375 0.36893750000000003 0.232421875 0.3586484375 0.2021484375 0.3463984375 0.212890625 0.354728125 0.25 0.3586484375 0.2734375 0.3630578125 0.298828125 0.36795625 0.3369140625 0.3718765625 0.3681640625 0.375796875 0.388671875 0.3904953125 0.392578125 0.4012734375 0.384765625 0.41156249999999994 0.359375 0.402253125 0.3349609375
4 0.43655 0.3193359375 0.42528125 0.298828125 0.409603125 0.2578125 0.39882343750000004 0.2294921875 0.3904953125 0.2021484375 0.3806953125 0.1787109375 0.3694265625 0.1865234375 0.37530625 0.21484375 0.37922656250000003 0.2431640625 0.3855953125 0.2705078125 0.389515625 0.2939453125 0.3968640625 0.3173828125 0.40519375 0.34765625 0.41499218750000005 0.3720703125 0.430671875 0.365234375 0.43899999999999995 0.3447265625 0.43655 0.3193359375
5 0.44683906249999994 0.2587890625 0.43899999999999995 0.232421875 0.4292015625 0.2119140625 0.41891249999999997 0.1923828125 0.41107343749999997 0.171875 0.3968640625 0.158203125 0.3860859375 0.171875 0.388534375 0.1953125 0.3968640625 0.220703125 0.4061734375 0.24609375 0.4135234375 0.2685546875 0.42283125000000005 0.3017578125 0.43018124999999996 0.333984375 0.4409609375 0.349609375 0.45222968750000003 0.30859375 0.45222968750000003 0.2880859375 0.44683906249999994 0.2587890625
6 0.4728078125 0.3212890625 0.4737875 0.2919921875 0.47525781250000004 0.265625 0.4767265625 0.2421875 0.47770625000000005 0.212890625 0.46643749999999995 0.2001953125 0.457128125 0.2275390625 0.45222968750000003 0.248046875 0.44977968749999997 0.2734375 0.448309375 0.296875 0.44292031249999997 0.33203125 0.4409609375 0.357421875 0.45369843750000005 0.373046875 0.46986718749999995 0.3720703125 0.4737875 0.3427734375 0.4728078125 0.3212890625