21 0.458984375 0.44889999999999997 0.4287109375 0.449878125 0.4091796875 0.45721249999999997 0.4189453125 0.46552499999999997 0.4619140625 0.4738390625 0.4931640625 0.47872812500000006 0.5205078125 0.48508593749999995 0.5458984375 0.48655312500000003 0.5712890625 0.4894859375 0.599609375 0.48899687500000005 0.603515625 0.472371875 0.6064453125 0.4547671875 0.5830078125 0.45085625 0.5576171875 0.45085625 0.5283203125 0.45085625 0.5068359375 0.4484109375 0.482421875 0.4484109375 0.458984375 0.44889999999999997
22 0.431640625 0.50024375 0.404296875 0.5022 0.416015625 0.513446875 0.4443359375 0.5193156250000001 0.474609375 0.5232281249999999 0.4970703125 0.5271390625000001 0.517578125 0.527628125 0.552734375 0.5300734375 0.5712890625 0.525671875 0.578125 0.5075796875 0.5625 0.4973109375 0.53125 0.4894859375 0.5146484375 0.49046406249999996 0.484375 0.49584374999999997 0.4599609375 0.4992671875 0.431640625 0.50024375
20 0.447265625 0.4180921875 0.4267578125 0.41955937499999996 0.4013671875 0.42200468750000003 0.392578125 0.4283625 0.4423828125 0.4381421875 0.47265625 0.442053125 0.4970703125 0.44449843749999995 0.5205078125 0.44694375 0.54296875 0.449878125 0.5703125 0.449878125 0.5888671875 0.45330000000000004 0.5908203125 0.4435203125 0.5908203125 0.417115625 0.5703125 0.417115625 0.5478515625 0.4190703125 0.51953125 0.41955937499999996 0.4921875 0.4205375 0.47265625 0.4180921875 0.447265625 0.4180921875
19 0.3759765625 0.3975546875 0.3505859375 0.4024453125 0.3583984375 0.41026875 0.4111328125 0.4127140625 0.4423828125 0.4107578125 0.4765625 0.4078234375 0.498046875 0.4107578125 0.5205078125 0.415159375 0.5400390625 0.41564843749999997 0.560546875 0.40977968750000004 0.576171875 0.3916875 0.5615234375 0.3843515625 0.533203125 0.38141875000000003 0.5068359375 0.38141875000000003 0.4794921875 0.384840625 0.451171875 0.3863078125 0.42578125 0.388753125 0.396484375 0.39364374999999996 0.3759765625 0.3975546875
17 0.349609375 0.3511 0.3505859375 0.3608796875 0.3779296875 0.36234687499999996 0.416015625 0.36479218750000003 0.44921875 0.36234687499999996 0.48046875 0.366259375 0.5048828125 0.36479218750000003 0.52734375 0.36381406250000003 0.548828125 0.36479218750000003 0.5556640625 0.352078125 0.5576171875 0.34083125000000003 0.5361328125 0.3364296875 0.5068359375 0.3364296875 0.47265625 0.33691875 0.439453125 0.3393640625 0.408203125 0.3432765625 0.3779296875 0.34474375 0.349609375 0.3511
13 0.3857421875 0.29193125000000003 0.35546875 0.29095312500000003 0.328125 0.2973109375 0.32421875 0.3129578125 0.36328125 0.323715625 0.400390625 0.33154062500000003 0.423828125 0.33545156249999997 0.4462890625 0.3364296875 0.474609375 0.33447499999999997 0.5 0.33545156249999997 0.525390625 0.3339859375 0.55078125 0.3330078125 0.55859375 0.319315625 0.55859375 0.309046875 0.55078125 0.2973109375 0.5322265625 0.29193125000000003 0.5107421875 0.2885078125 0.482421875 0.29388749999999997 0.458984375 0.2982890625 0.431640625 0.2933984375 0.40625 0.2924203125 0.3857421875 0.29193125000000003
2 0.32421875 0.27090468749999996 0.3408203125 0.2831296875 0.375 0.29095312500000003 0.4091796875 0.29388749999999997 0.44140625 0.294865625 0.4599609375 0.294865625 0.4853515625 0.29193125000000003 0.5146484375 0.2880203125 0.52734375 0.2748171875 0.5234375 0.26063593749999997 0.5078125 0.2513453125 0.484375 0.23863125 0.4521484375 0.24107656249999998 0.431640625 0.2513453125 0.4013671875 0.2577015625 0.3759765625 0.26308125000000004 0.3505859375 0.268459375 0.32421875 0.27090468749999996
30 0.380859375 0.5467 0.4091796875 0.5550125 0.4423828125 0.5594125 0.4775390625 0.5638140625 0.501953125 0.5677265625000001 0.52734375 0.5667484375 0.5478515625 0.568215625 0.5654296875 0.554034375 0.5537109375 0.5364296875 0.5322265625 0.5281171875 0.5 0.527628125 0.4697265625 0.533496875 0.439453125 0.5374078124999999 0.408203125 0.5403421875000001 0.380859375 0.5467
25 0.43359375 0.6875312499999999 0.451171875 0.6904640625 0.421875 0.6973109375 0.4521484375 0.7017109375 0.48046875 0.7061124999999999 0.509765625 0.705134375 0.5302734375 0.701221875 0.546875 0.6978 0.5546875 0.682640625 0.5498046875 0.6567234375 0.5380859375 0.6557453125 0.4892578125 0.658190625 0.4638671875 0.664059375 0.4287109375 0.6684593750000001 0.3955078125 0.67335 0.3935546875 0.684596875 0.43359375 0.6875312499999999
24 0.373046875 0.6533 0.3828125 0.6660140625000001 0.4091796875 0.6660140625000001 0.4365234375 0.6655249999999999 0.46484375 0.6645484374999999 0.4970703125 0.6645484374999999 0.5224609375 0.6630812500000001 0.541015625 0.65916875 0.5400390625 0.647921875 0.5390625 0.6278734375 0.501953125 0.6278734375 0.4775390625 0.633740625 0.4453125 0.63863125 0.4208984375 0.6400984375000001 0.396484375 0.6454765625000001 0.373046875 0.6533
26 0.380859375 0.701221875 0.3505859375 0.70806875 0.32421875 0.7129578125 0.3623046875 0.719315625 0.3955078125 0.7295843750000001 0.423828125 0.7383859375 0.44140625 0.7496328125 0.4658203125 0.7584359375 0.4892578125 0.7608796875 0.5126953125 0.7481656250000001 0.525390625 0.7330078125 0.541015625 0.7246937499999999 0.5146484375 0.710025 0.4853515625 0.7061124999999999 0.4599609375 0.7017109375 0.43359375 0.69975625 0.4111328125 0.70024375 0.380859375 0.701221875
7 0.634765625 0.5105140625 0.66015625 0.5158921875 0.6904296875 0.5183375 0.7138671875 0.5158921875 0.736328125 0.5158921875 0.76171875 0.5158921875 0.7763671875 0.5022 0.759765625 0.490953125 0.7412109375 0.4894859375 0.7099609375 0.48802031250000005 0.685546875 0.4894859375 0.662109375 0.49046406249999996 0.6416015625 0.49779999999999996 0.634765625 0.5105140625
8 0.6318359375 0.48802031250000005 0.6552734375 0.49193125000000004 0.6826171875 0.49046406249999996 0.7080078125 0.485575 0.736328125 0.47872812500000006 0.755859375 0.472371875 0.7666015625 0.4616140625 0.7509765625 0.45232343750000004 0.72265625 0.45721249999999997 0.7001953125 0.46259218750000003 0.67578125 0.46748124999999996 0.654296875 0.47041562499999995 0.6298828125 0.47530625000000004 0.6318359375 0.48802031250000005
9 0.63671875 0.4679703125 0.662109375 0.47139375 0.6923828125 0.4650359375 0.712890625 0.46014687500000007 0.740234375 0.4547671875 0.765625 0.44254218749999996 0.7734375 0.4283625 0.7490234375 0.4205375 0.7236328125 0.42591718749999996 0.701171875 0.43422968749999996 0.6728515625 0.4405875 0.6494140625 0.44449843749999995 0.634765625 0.45525625 0.63671875 0.4679703125
10 0.6298828125 0.4166265625 0.625 0.42982812499999995 0.6416015625 0.4410765625 0.6650390625 0.442053125 0.6884765625 0.43863125 0.7109375 0.431784375 0.7353515625 0.42445000000000005 0.755859375 0.41564843749999997 0.7744140625 0.4078234375 0.796875 0.39902187499999997 0.806640625 0.38239531250000003 0.7841796875 0.37750625000000004 0.755859375 0.38973125 0.7236328125 0.395109375 0.693359375 0.40146718750000004 0.6748046875 0.40440156250000003 0.65234375 0.41026875 0.6298828125 0.4166265625
12 0.626953125 0.3506109375 0.62109375 0.3599015625 0.6240234375 0.372615625 0.62890625 0.3872859375 0.66015625 0.384840625 0.6826171875 0.378484375 0.703125 0.3721265625 0.72265625 0.3618578125 0.7431640625 0.35305624999999996 0.755859375 0.34278749999999997 0.76953125 0.3330078125 0.779296875 0.321271875 0.755859375 0.315403125 0.736328125 0.3227390625 0.703125 0.33154062500000003 0.6845703125 0.337896875 0.6650390625 0.34083125000000003 0.646484375 0.3442546875 0.626953125 0.3506109375
6 0.6298828125 0.538875 0.6591796875 0.5452328125 0.6884765625 0.5467 0.712890625 0.54914375 0.740234375 0.5525671875 0.7568359375 0.5506109375 0.76953125 0.5447437500000001 0.7626953125 0.5320296875 0.74609375 0.527628125 0.712890625 0.52225 0.6845703125 0.5193156250000001 0.6572265625 0.5158921875 0.62890625 0.5158921875 0.625 0.527628125 0.6298828125 0.538875
5 0.6494140625 0.5823953125 0.67578125 0.5843515625 0.7099609375 0.5843515625 0.7333984375 0.582884375 0.7607421875 0.582884375 0.7900390625 0.5809296875000001 0.791015625 0.5657703125 0.7431640625 0.5550125 0.7099609375 0.5515890625 0.67578125 0.545721875 0.6494140625 0.5447437500000001 0.6376953125 0.5691937499999999 0.6494140625 0.5823953125
11 0.6640625 0.38239531250000003 0.638671875 0.3882640625 0.6318359375 0.390709375 0.6318359375 0.3995109375 0.6328125 0.407334375 0.6435546875 0.412225 0.6767578125 0.4053796875 0.6904296875 0.3995109375 0.7080078125 0.3931546875 0.7080078125 0.384840625 0.703125 0.3789734375 0.6923828125 0.3779953125 0.681640625 0.378484375 0.6640625 0.38239531250000003