31 0.22195 0.4619140625 0.2346890625 0.470703125 0.2454671875 0.447265625 0.24693749999999998 0.4287109375 0.2518375 0.408203125 0.2567375 0.3798828125 0.2577171875 0.35546875 0.25918593749999996 0.333984375 0.2616359375 0.30078125 0.25820625 0.28125 0.24105781249999997 0.2880859375 0.2297890625 0.306640625 0.226359375 0.3291015625 0.217540625 0.349609375 0.20431093749999998 0.3798828125 0.2018625 0.4130859375 0.20431093749999998 0.431640625 0.2160703125 0.439453125 0.22195 0.4619140625
30 0.5482609375 0.541015625 0.5590390625 0.5439453125 0.57226875 0.53125 0.57226875 0.501953125 0.5683484375 0.4765625 0.5668796875 0.447265625 0.56345 0.4189453125 0.5590390625 0.392578125 0.5624687500000001 0.34765625 0.5502203125 0.3408203125 0.540421875 0.3916015625 0.5365015625 0.421875 0.5389515625 0.44921875 0.53748125 0.4716796875 0.5311125 0.4921875 0.5360125 0.5146484375 0.53748125 0.53515625 0.5482609375 0.541015625
29 0.6001953125 0.54296875 0.6075453125 0.5224609375 0.610484375 0.501953125 0.606565625 0.47265625 0.604115625 0.44140625 0.601665625 0.4013671875 0.59725625 0.3251953125 0.584028125 0.314453125 0.579128125 0.3544921875 0.5727578125 0.3994140625 0.5707984374999999 0.4287109375 0.569328125 0.451171875 0.5668796875 0.4814453125 0.57226875 0.5029296875 0.5761875 0.5234375 0.5859875 0.54296875 0.6001953125 0.54296875
23 0.6359625 0.380859375 0.6256734374999999 0.3720703125 0.611465625 0.3681640625 0.606565625 0.408203125 0.604115625 0.4384765625 0.5987265625 0.47265625 0.5987265625 0.5048828125 0.6026453125 0.52734375 0.612934375 0.5283203125 0.624203125 0.5400390625 0.6369421875 0.5263671875 0.6433125000000001 0.5078125 0.6374328125 0.470703125 0.6359625 0.439453125 0.6369421875 0.40625 0.6359625 0.380859375
24 0.6580109375000001 0.53125 0.670259375 0.533203125 0.67466875 0.5146484375 0.6741796875 0.4921875 0.6692796875 0.4599609375 0.6687890624999999 0.431640625 0.6668296875 0.4111328125 0.6629109375 0.390625 0.6536015625 0.3681640625 0.6423328125000001 0.3828125 0.6398828125 0.4130859375 0.6349828125 0.4345703125 0.6344921875 0.4599609375 0.6335124999999999 0.482421875 0.6349828125 0.5029296875 0.6384125 0.525390625 0.647721875 0.533203125 0.6580109375000001 0.53125
26 0.7217046875 0.5126953125 0.7329734375 0.5068359375 0.7447328125 0.486328125 0.7520828125000001 0.46484375 0.7471828125 0.4462890625 0.7422828124999999 0.4189453125 0.73934375 0.3974609375 0.7403234375000001 0.3759765625 0.7359140625 0.3447265625 0.73689375 0.322265625 0.7266046875 0.3037109375 0.7177859375 0.3291015625 0.711415625 0.3505859375 0.70455625 0.384765625 0.7065171875 0.4130859375 0.70455625 0.439453125 0.702596875 0.466796875 0.7030875 0.4853515625 0.711415625 0.5048828125 0.7217046875 0.5126953125
27 0.7765796875000001 0.4189453125 0.780009375 0.3984375 0.78295 0.375 0.7726609375 0.3525390625 0.7677609375000001 0.333984375 0.762371875 0.30859375 0.7520828125000001 0.2890625 0.74179375 0.30859375 0.7383640625 0.337890625 0.73934375 0.3623046875 0.7408140624999999 0.390625 0.7422828124999999 0.416015625 0.7471828125 0.4365234375 0.7589421875 0.4462890625 0.7677609375000001 0.4404296875 0.7765796875000001 0.4189453125
28 0.7971578125 0.552734375 0.78686875 0.5302734375 0.7760906249999999 0.52734375 0.764821875 0.54296875 0.7545328125 0.552734375 0.7466921875 0.5732421875 0.7466921875 0.6015625 0.7589421875 0.6220703125 0.7672703125 0.6494140625 0.7765796875000001 0.673828125 0.78441875 0.69921875 0.79666875 0.7060546875 0.8045078125 0.6787109375 0.8030375 0.6533203125 0.8010781250000001 0.6298828125 0.8010781250000001 0.6015625 0.8010781250000001 0.5810546875 0.7971578125 0.552734375
0 0.7486531249999999 0.578125 0.7447328125 0.556640625 0.738853125 0.53125 0.725134375 0.5361328125 0.711415625 0.5361328125 0.700146875 0.552734375 0.6898578125 0.568359375 0.6932875000000001 0.5947265625 0.6986765625 0.615234375 0.708965625 0.6376953125 0.7177859375 0.658203125 0.7266046875 0.6806640625 0.73444375 0.703125 0.7422828124999999 0.7236328125 0.7545328125 0.7373046875 0.764821875 0.7392578125 0.762371875 0.716796875 0.7589421875 0.6884765625 0.757471875 0.6630859375 0.7535515625 0.6396484375 0.7496328125 0.615234375 0.7486531249999999 0.578125
1 0.711415625 0.736328125 0.71680625 0.759765625 0.728075 0.76171875 0.723175 0.7333984375 0.7138656250000001 0.69921875 0.709946875 0.677734375 0.70455625 0.65234375 0.6972078125000001 0.626953125 0.6957375 0.6044921875 0.6923078125 0.568359375 0.6859375 0.5439453125 0.6732 0.556640625 0.6599703124999999 0.5634765625 0.6487015625 0.5654296875 0.6349828125 0.583984375 0.6325328125 0.609375 0.6438015625 0.6279296875 0.654090625 0.6494140625 0.6575203125 0.68359375 0.666340625 0.708984375 0.6741796875 0.7353515625 0.6859375 0.7724609375 0.6996578125 0.7880859375 0.6962265624999999 0.7548828125 0.6898578125 0.724609375 0.6810390625 0.69921875 0.6780984375 0.66796875 0.6908375 0.666015625 0.6972078125000001 0.6884765625 0.702596875 0.708984375 0.711415625 0.736328125
2 0.27339531250000004 0.5283203125 0.286134375 0.5126953125 0.2876046875 0.4814453125 0.2822140625 0.44921875 0.28123437500000004 0.4267578125 0.28319375 0.400390625 0.2758453125 0.359375 0.26800625 0.32421875 0.2567375 0.3544921875 0.2533078125 0.4033203125 0.2493875 0.4384765625 0.2439984375 0.4638671875 0.237628125 0.4853515625 0.24105781249999997 0.5107421875 0.25036718750000003 0.5185546875 0.26065625 0.5361328125 0.27339531250000004 0.5283203125
3 0.6398828125 0.5712890625 0.6281234375 0.5693359375 0.6158750000000001 0.576171875 0.6060749999999999 0.591796875 0.610484375 0.6201171875 0.6144046875 0.6474609375 0.6232234375 0.6708984375 0.62714375 0.7041015625 0.63204375 0.7373046875 0.6408625 0.76171875 0.6487015625 0.78515625 0.652621875 0.75390625 0.651640625 0.720703125 0.651640625 0.6982421875 0.6487015625 0.6630859375 0.6433125000000001 0.6357421875 0.6462515625 0.603515625 0.6398828125 0.5712890625
4 0.612934375 0.58203125 0.6031359375 0.5712890625 0.5903968749999999 0.5634765625 0.5796171875 0.576171875 0.569328125 0.5986328125 0.5737390625 0.6240234375 0.5820671875000001 0.66015625 0.5845171875 0.69140625 0.5903968749999999 0.716796875 0.5987265625 0.75 0.6055859375 0.78515625 0.6144046875 0.810546875 0.6119546875 0.7412109375 0.6119546875 0.7109375 0.610484375 0.6806640625 0.6119546875 0.6494140625 0.612934375 0.609375 0.612934375 0.58203125
5 0.5820671875000001 0.64453125 0.5845171875 0.615234375 0.5845171875 0.5888671875 0.5732484375 0.578125 0.561 0.5712890625 0.5507109375 0.578125 0.549240625 0.5966796875 0.5482609375 0.6220703125 0.5482609375 0.65234375 0.549240625 0.68359375 0.551690625 0.7158203125 0.5541406249999999 0.74609375 0.560509375 0.7705078125 0.5644296875 0.794921875 0.56981875 0.8173828125 0.5820671875000001 0.8232421875 0.5835375 0.7880859375 0.5796171875 0.767578125 0.5801078125 0.7392578125 0.57716875 0.7080078125 0.5781484375 0.666015625 0.5820671875000001 0.64453125
6 0.5502203125 0.5732421875 0.5325828125000001 0.5712890625 0.5213125 0.5712890625 0.5188640625 0.591796875 0.5208234375 0.615234375 0.52229375 0.63671875 0.5247421875 0.666015625 0.5247421875 0.6962890625 0.5276828124999999 0.734375 0.5340515625 0.7568359375 0.542871875 0.779296875 0.5531609375000001 0.775390625 0.5467906250000001 0.7373046875 0.5463015625 0.7041015625 0.5467906250000001 0.6650390625 0.5482609375 0.63671875 0.5507109375 0.6015625 0.5502203125 0.5732421875
7 0.5183734375 0.57421875 0.506125 0.56640625 0.496815625 0.57421875 0.49387499999999995 0.5947265625 0.496815625 0.6259765625 0.501715625 0.650390625 0.501715625 0.6787109375 0.5041640625 0.703125 0.51249375 0.734375 0.51739375 0.76171875 0.5237625 0.7392578125 0.5198437499999999 0.7109375 0.5208234375 0.6787109375 0.5188640625 0.640625 0.52229375 0.6025390625 0.5183734375 0.57421875
8 0.5007343750000001 0.5791015625 0.4904453125 0.57421875 0.4791765625 0.5732421875 0.4683984375 0.5869140625 0.47035781249999997 0.6123046875 0.4747671875 0.640625 0.47525781250000004 0.669921875 0.48113593750000005 0.6953125 0.48407656250000003 0.7265625 0.491425 0.75 0.5041640625 0.7626953125 0.5007343750000001 0.7412109375 0.4977953125 0.7138671875 0.496815625 0.6884765625 0.4977953125 0.650390625 0.4977953125 0.6142578125 0.5007343750000001 0.5791015625
9 0.4747671875 0.6376953125 0.4728078125 0.6064453125 0.46643749999999995 0.5732421875 0.45565937500000003 0.5732421875 0.44439062500000004 0.5859375 0.443409375 0.6142578125 0.443409375 0.640625 0.448309375 0.66015625 0.448309375 0.685546875 0.4517390625 0.716796875 0.4561484375 0.7470703125 0.46006875 0.7724609375 0.4634984375 0.802734375 0.4762375 0.830078125 0.47868750000000004 0.7998046875 0.47770625000000005 0.7705078125 0.4767265625 0.7392578125 0.4747671875 0.7109375 0.4762375 0.677734375 0.4747671875 0.6376953125
10 0.44977968749999997 0.6787109375 0.448309375 0.6396484375 0.44439062500000004 0.607421875 0.439490625 0.578125 0.42773125 0.578125 0.41842187500000005 0.6015625 0.41009375 0.623046875 0.40715312499999995 0.6455078125 0.409603125 0.66796875 0.4125421875 0.701171875 0.41548281249999997 0.7412109375 0.4164625 0.7421875 0.415971875 0.77734375 0.4218515625 0.8173828125 0.4243015625 0.8466796875 0.4341015625 0.8173828125 0.4404703125 0.7919921875 0.44439062500000004 0.7666015625 0.4473296875 0.7392578125 0.45075937499999996 0.708984375 0.44977968749999997 0.6787109375
11 0.42136250000000003 0.6298828125 0.4218515625 0.6015625 0.4140125 0.5810546875 0.400784375 0.57421875 0.389515625 0.5888671875 0.384125 0.607421875 0.382165625 0.6298828125 0.3831453125 0.6650390625 0.382165625 0.7109375 0.379715625 0.74609375 0.3767765625 0.7744140625 0.37922656250000003 0.8046875 0.390984375 0.7705078125 0.3968640625 0.75 0.404703125 0.7294921875 0.409603125 0.6962890625 0.4140125 0.66796875 0.42136250000000003 0.6298828125
12 0.393434375 0.6279296875 0.400784375 0.6044921875 0.395884375 0.583984375 0.384125 0.57421875 0.3674671875 0.57421875 0.3537484375 0.5859375 0.35276874999999996 0.6171875 0.354728125 0.6494140625 0.352278125 0.6826171875 0.35031875 0.7138671875 0.3512984375 0.7392578125 0.352278125 0.767578125 0.35276874999999996 0.794921875 0.35521875 0.826171875 0.3650171875 0.7919921875 0.3694265625 0.7646484375 0.37285625 0.7392578125 0.37775625 0.7109375 0.384125 0.6650390625 0.393434375 0.6279296875
17 0.341009375 0.5537109375 0.3512984375 0.5380859375 0.3566875 0.5185546875 0.3591375 0.4970703125 0.3537484375 0.4716796875 0.3512984375 0.4462890625 0.352278125 0.41796875 0.3581578125 0.35546875 0.34786875 0.3623046875 0.333659375 0.408203125 0.3258203125 0.4345703125 0.32533124999999996 0.4599609375 0.32288125 0.482421875 0.3145515625 0.509765625 0.31651093750000003 0.5400390625 0.3282703125 0.548828125 0.341009375 0.5537109375
18 0.3904953125 0.41796875 0.384615625 0.3828125 0.37432656249999996 0.3681640625 0.3591375 0.390625 0.354728125 0.4208984375 0.35276874999999996 0.451171875 0.354728125 0.4814453125 0.352278125 0.5048828125 0.352278125 0.53125 0.3566875 0.55078125 0.37138593750000004 0.5537109375 0.382165625 0.548828125 0.393434375 0.54296875 0.39735468749999997 0.5205078125 0.39735468749999997 0.5 0.3949046875 0.474609375 0.3919640625 0.4462890625 0.3904953125 0.41796875
19 0.41548281249999997 0.552734375 0.42038281250000004 0.52734375 0.42283125000000005 0.5029296875 0.42038281250000004 0.4716796875 0.4179328125 0.439453125 0.4164625 0.41015625 0.4125421875 0.388671875 0.409603125 0.3681640625 0.3968640625 0.357421875 0.384125 0.3779296875 0.387065625 0.416015625 0.387065625 0.4443359375 0.388534375 0.474609375 0.3855953125 0.5078125 0.3860859375 0.53515625 0.3919640625 0.55859375 0.4061734375 0.5615234375 0.41548281249999997 0.552734375
20 0.4605578125 0.537109375 0.46202812499999996 0.5087890625 0.45516875 0.4765625 0.4492890625 0.4482421875 0.4473296875 0.421875 0.44242968749999995 0.396484375 0.43753125 0.3720703125 0.42626093750000005 0.3505859375 0.41695312500000004 0.369140625 0.42234218749999997 0.404296875 0.4243015625 0.4404296875 0.4272421875 0.4765625 0.42332187499999996 0.505859375 0.425771875 0.5341796875 0.43263125 0.552734375 0.44880000000000003 0.5498046875 0.4605578125 0.537109375
21 0.4679078125 0.3583984375 0.45516875 0.3681640625 0.45125000000000004 0.3896484375 0.45125000000000004 0.419921875 0.45026875000000005 0.4521484375 0.45271875 0.4833984375 0.45271875 0.51171875 0.45565937500000003 0.537109375 0.4683984375 0.5498046875 0.48113593750000005 0.544921875 0.49387499999999995 0.51171875 0.4958359375 0.48828125 0.49240625 0.4658203125 0.48848593749999997 0.4375 0.48505624999999997 0.404296875 0.47819687499999997 0.376953125 0.4679078125 0.3583984375
22 0.5384609375 0.40234375 0.5369921875 0.376953125 0.5296421875 0.3486328125 0.515434375 0.35546875 0.506125 0.37890625 0.5026953125 0.404296875 0.498775 0.4345703125 0.4958359375 0.4599609375 0.4933859375 0.4990234375 0.49093593750000003 0.5341796875 0.503675 0.544921875 0.516903125 0.546875 0.5267031249999999 0.5498046875 0.5355218749999999 0.529296875 0.5369921875 0.5068359375 0.5360125 0.48046875 0.5355218749999999 0.455078125 0.5360125 0.435546875 0.5384609375 0.40234375
14 0.302303125 0.763671875 0.3057328125 0.7880859375 0.318471875 0.7734375 0.33022968750000004 0.7587890625 0.3380703125 0.720703125 0.34296875 0.6865234375 0.34688906249999996 0.6572265625 0.354728125 0.638671875 0.361096875 0.615234375 0.3669765625 0.5908203125 0.363546875 0.5654296875 0.3542375 0.568359375 0.3375796875 0.5732421875 0.324840625 0.5673828125 0.313571875 0.5634765625 0.3042625 0.580078125 0.3042625 0.60546875 0.3008328125 0.6357421875 0.29936250000000003 0.6591796875 0.2934828125 0.6787109375 0.28809375 0.69921875 0.2851546875 0.7197265625 0.27290468749999997 0.73828125 0.272415625 0.7666015625 0.2851546875 0.755859375 0.2944640625 0.7373046875 0.299853125 0.70703125 0.30867187500000004 0.69140625 0.32092187499999997 0.6748046875 0.3214109375 0.6943359375 0.3189609375 0.7158203125 0.3145515625 0.7451171875 0.302303125 0.763671875
15 0.2601671875 0.7373046875 0.281725 0.685546875 0.30034375 0.638671875 0.3081828125 0.578125 0.2778046875 0.564453125 0.2567375 0.55078125 0.2508578125 0.6103515625 0.2484078125 0.6572265625 0.2459578125 0.7021484375 0.2435078125 0.765625 0.2601671875 0.7373046875
16 0.22685 0.6689453125 0.24693749999999998 0.6640625 0.2459578125 0.6103515625 0.2435078125 0.5673828125 0.2209703125 0.5673828125 0.1974515625 0.572265625 0.173934375 0.6005859375 0.18079375 0.626953125 0.1999015625 0.630859375 0.18569375 0.6552734375 0.1984328125 0.6787109375 0.22685 0.6689453125