31 0.7422828124999999 0.64453125 0.7408140624999999 0.666015625 0.7383640625 0.69921875 0.74179375 0.71875 0.7589421875 0.7119140625 0.7702109375 0.693359375 0.773640625 0.6708984375 0.782459375 0.650390625 0.7956890624999999 0.6201171875 0.7981374999999999 0.5869140625 0.7956890624999999 0.568359375 0.7839296874999999 0.560546875 0.77805 0.5380859375 0.7653109375 0.529296875 0.7545328125 0.552734375 0.7530625 0.5712890625 0.7481625000000001 0.591796875 0.7432624999999999 0.6201171875 0.7422828124999999 0.64453125
30 0.43655 0.5810546875 0.4409609375 0.607421875 0.43753125 0.65234375 0.44977968749999997 0.6591796875 0.459578125 0.6083984375 0.4634984375 0.578125 0.4610484375 0.55078125 0.46251875 0.5283203125 0.4688875 0.5078125 0.4639875 0.4853515625 0.46251875 0.46484375 0.4517390625 0.458984375 0.4409609375 0.4560546875 0.42773125 0.46875 0.42773125 0.498046875 0.43165156250000003 0.5234375 0.4331203125 0.552734375 0.43655 0.5810546875
29 0.40274374999999996 0.6748046875 0.415971875 0.685546875 0.420871875 0.6455078125 0.4272421875 0.6005859375 0.4292015625 0.5712890625 0.430671875 0.548828125 0.4331203125 0.5185546875 0.42773125 0.4970703125 0.42381250000000004 0.4765625 0.4140125 0.45703125 0.3998046875 0.45703125 0.3924546875 0.4775390625 0.389515625 0.498046875 0.393434375 0.52734375 0.395884375 0.55859375 0.398334375 0.5986328125 0.40274374999999996 0.6748046875
23 0.4012734375 0.4951171875 0.39735468749999997 0.47265625 0.387065625 0.4716796875 0.375796875 0.4599609375 0.3630578125 0.4736328125 0.3566875 0.4921875 0.3625671875 0.529296875 0.3640375 0.560546875 0.3630578125 0.59375 0.3640375 0.619140625 0.37432656249999996 0.6279296875 0.388534375 0.6318359375 0.393434375 0.591796875 0.395884375 0.5615234375 0.4012734375 0.52734375 0.4012734375 0.4951171875
24 0.3331703125 0.5888671875 0.3370890625 0.609375 0.3463984375 0.6318359375 0.35766718750000004 0.6171875 0.3601171875 0.5869140625 0.3650171875 0.5654296875 0.36550781250000003 0.5400390625 0.36648749999999997 0.517578125 0.3650171875 0.4970703125 0.3615875 0.474609375 0.352278125 0.466796875 0.3419890625 0.46875 0.329740625 0.466796875 0.32533124999999996 0.4853515625 0.3258203125 0.5078125 0.3307203125 0.5400390625 0.33121093749999997 0.568359375 0.3331703125 0.5888671875
26 0.26065625 0.6025390625 0.25967656250000004 0.6240234375 0.2640859375 0.6552734375 0.26310625 0.677734375 0.27339531250000004 0.6962890625 0.2822140625 0.6708984375 0.288584375 0.6494140625 0.29544375 0.615234375 0.2934828125 0.5869140625 0.29544375 0.560546875 0.297403125 0.533203125 0.2969125 0.5146484375 0.288584375 0.4951171875 0.2782953125 0.4873046875 0.2670265625 0.4931640625 0.2552671875 0.513671875 0.2479171875 0.53515625 0.2528171875 0.5537109375 0.2577171875 0.5810546875 0.26065625 0.6025390625
27 0.2479171875 0.7109375 0.25820625 0.69140625 0.2616359375 0.662109375 0.26065625 0.6376953125 0.25918593749999996 0.609375 0.2577171875 0.583984375 0.2528171875 0.5634765625 0.24105781249999997 0.5537109375 0.2322390625 0.5595703125 0.2234203125 0.5810546875 0.21999062500000002 0.6015625 0.21705000000000002 0.625 0.22733906250000002 0.6474609375 0.2322390625 0.666015625 0.237628125 0.69140625 0.2479171875 0.7109375
28 0.2533078125 0.3984375 0.24105781249999997 0.3779296875 0.2327296875 0.3505859375 0.2234203125 0.326171875 0.21558125 0.30078125 0.20333125000000002 0.2939453125 0.1954921875 0.3212890625 0.19696249999999998 0.3466796875 0.198921875 0.3701171875 0.198921875 0.3984375 0.198921875 0.4189453125 0.2028421875 0.447265625 0.21313125 0.4697265625 0.223909375 0.47265625 0.23517812500000002 0.45703125 0.2454671875 0.447265625 0.2533078125 0.4267578125 0.2533078125 0.3984375
0 0.3101421875 0.431640625 0.3067125 0.4052734375 0.3013234375 0.384765625 0.291034375 0.3623046875 0.2822140625 0.341796875 0.27339531250000004 0.3193359375 0.26555625 0.296875 0.2577171875 0.2763671875 0.2454671875 0.2626953125 0.23517812500000002 0.2607421875 0.237628125 0.283203125 0.24105781249999997 0.3115234375 0.24252812499999998 0.3369140625 0.2464484375 0.3603515625 0.25036718750000003 0.384765625 0.25134687499999997 0.421875 0.2552671875 0.443359375 0.261146875 0.46875 0.274865625 0.4638671875 0.288584375 0.4638671875 0.299853125 0.447265625 0.3101421875 0.431640625
1 0.29544375 0.34765625 0.30279218750000003 0.373046875 0.3042625 0.3955078125 0.3076921875 0.431640625 0.3140625 0.4560546875 0.3268 0.443359375 0.3400296875 0.4365234375 0.3512984375 0.4345703125 0.3650171875 0.416015625 0.3674671875 0.390625 0.3561984375 0.3720703125 0.345909375 0.3505859375 0.3424796875 0.31640625 0.333659375 0.291015625 0.3258203125 0.2646484375 0.3140625 0.2275390625 0.30034375 0.2119140625 0.30377343749999997 0.2451171875 0.3101421875 0.275390625 0.3189609375 0.30078125 0.3219015625 0.33203125 0.3091625 0.333984375 0.30279218750000003 0.3115234375 0.297403125 0.291015625 0.288584375 0.263671875 0.28319375 0.240234375 0.27192500000000003 0.23828125 0.276825 0.2666015625 0.286134375 0.30078125 0.29005312499999997 0.322265625 0.29544375 0.34765625
2 0.7241546875 0.640625 0.73199375 0.67578125 0.7432624999999999 0.6455078125 0.7466921875 0.5966796875 0.7506125 0.5615234375 0.7560015625000001 0.5361328125 0.762371875 0.5146484375 0.7589421875 0.4892578125 0.7496328125 0.4814453125 0.73934375 0.4638671875 0.7266046875 0.4716796875 0.7138656250000001 0.4873046875 0.7123953125 0.5185546875 0.7177859375 0.55078125 0.718765625 0.5732421875 0.71680625 0.599609375 0.7241546875 0.640625
3 0.3767765625 0.3291015625 0.37285625 0.2958984375 0.36795625 0.2626953125 0.3591375 0.23828125 0.3512984375 0.21484375 0.347378125 0.24609375 0.34835937499999997 0.279296875 0.34835937499999997 0.3017578125 0.3512984375 0.3369140625 0.3566875 0.3642578125 0.3537484375 0.396484375 0.3601171875 0.4287109375 0.3718765625 0.4306640625 0.384125 0.423828125 0.39392499999999997 0.408203125 0.389515625 0.3798828125 0.3855953125 0.3525390625 0.3767765625 0.3291015625
4 0.4179328125 0.33984375 0.41548281249999997 0.30859375 0.409603125 0.283203125 0.4012734375 0.25 0.3944140625 0.21484375 0.3855953125 0.189453125 0.38804531249999996 0.2587890625 0.38804531249999996 0.2890625 0.389515625 0.3193359375 0.38804531249999996 0.3505859375 0.387065625 0.390625 0.387065625 0.41796875 0.3968640625 0.4287109375 0.409603125 0.4365234375 0.42038281250000004 0.423828125 0.430671875 0.4013671875 0.42626093750000005 0.3759765625 0.4179328125 0.33984375
5 0.45075937499999996 0.4033203125 0.4517390625 0.3779296875 0.4517390625 0.34765625 0.45075937499999996 0.31640625 0.448309375 0.2841796875 0.44585937500000006 0.25390625 0.439490625 0.2294921875 0.4355703125 0.205078125 0.43018124999999996 0.1826171875 0.4179328125 0.1767578125 0.4164625 0.2119140625 0.42038281250000004 0.232421875 0.4198921875 0.2607421875 0.42283125000000005 0.2919921875 0.4218515625 0.333984375 0.4179328125 0.35546875 0.41548281249999997 0.384765625 0.41548281249999997 0.4111328125 0.42675156249999996 0.421875 0.43899999999999995 0.4287109375 0.4492890625 0.421875 0.45075937499999996 0.4033203125
6 0.47525781250000004 0.333984375 0.47525781250000004 0.3037109375 0.4723171875 0.265625 0.4659484375 0.2431640625 0.457128125 0.220703125 0.44683906249999994 0.224609375 0.45320937499999997 0.2626953125 0.45369843750000005 0.2958984375 0.45320937499999997 0.3349609375 0.4517390625 0.36328125 0.4492890625 0.3984375 0.44977968749999997 0.4267578125 0.4674171875 0.4287109375 0.47868750000000004 0.4287109375 0.48113593750000005 0.408203125 0.4791765625 0.384765625 0.47770625000000005 0.36328125 0.47525781250000004 0.333984375
7 0.498284375 0.3212890625 0.4958359375 0.296875 0.48750625000000003 0.265625 0.48260625 0.23828125 0.4762375 0.2607421875 0.48015625 0.2890625 0.4791765625 0.3212890625 0.48113593750000005 0.359375 0.47770625000000005 0.3974609375 0.48162656249999997 0.42578125 0.49387499999999995 0.43359375 0.503184375 0.42578125 0.506125 0.4052734375 0.503184375 0.3740234375 0.498284375 0.349609375 0.498284375 0.3212890625
8 0.5247421875 0.330078125 0.5188640625 0.3046875 0.5159234374999999 0.2734375 0.508575 0.25 0.4958359375 0.2373046875 0.49926562499999994 0.2587890625 0.5022046875 0.2861328125 0.503184375 0.3115234375 0.5022046875 0.349609375 0.5022046875 0.3857421875 0.49926562499999994 0.4208984375 0.5095546875 0.42578125 0.5208234375 0.4267578125 0.5316015625 0.4130859375 0.5296421875 0.3876953125 0.5252328125 0.359375 0.5247421875 0.330078125
9 0.556590625 0.359375 0.551690625 0.33984375 0.551690625 0.314453125 0.5482609375 0.283203125 0.5438515625 0.2529296875 0.53993125 0.2275390625 0.5365015625 0.197265625 0.5237625 0.169921875 0.5213125 0.2001953125 0.52229375 0.2294921875 0.5232734375 0.2607421875 0.5252328125 0.2890625 0.5237625 0.322265625 0.5252328125 0.3623046875 0.5271921875000001 0.3935546875 0.5335625 0.4267578125 0.544340625 0.4267578125 0.555609375 0.4140625 0.556590625 0.3857421875 0.556590625 0.359375
10 0.5899062500000001 0.376953125 0.592846875 0.3544921875 0.5903968749999999 0.33203125 0.5874578125000001 0.298828125 0.5845171875 0.2587890625 0.5835375 0.2578125 0.584028125 0.22265625 0.5781484375 0.1826171875 0.5756984375 0.1533203125 0.5658984375 0.1826171875 0.5595296875 0.2080078125 0.555609375 0.2333984375 0.5526703125 0.2607421875 0.549240625 0.291015625 0.5502203125 0.3212890625 0.551690625 0.3603515625 0.555609375 0.392578125 0.560509375 0.421875 0.57226875 0.421875 0.581578125 0.3984375 0.5899062500000001 0.376953125
11 0.6178343749999999 0.3701171875 0.6168546874999999 0.3349609375 0.6178343749999999 0.2890625 0.620284375 0.25390625 0.6232234375 0.2255859375 0.6207734375 0.1953125 0.609015625 0.2294921875 0.6031359375 0.25 0.5952968750000001 0.2705078125 0.5903968749999999 0.3037109375 0.5859875 0.33203125 0.5786374999999999 0.3701171875 0.5781484375 0.3984375 0.5859875 0.4189453125 0.599215625 0.42578125 0.610484375 0.4111328125 0.6158750000000001 0.392578125 0.6178343749999999 0.3701171875
12 0.64723125 0.3828125 0.6452718749999999 0.3505859375 0.647721875 0.3173828125 0.64968125 0.2861328125 0.6487015625 0.2607421875 0.647721875 0.232421875 0.64723125 0.205078125 0.6447812500000001 0.173828125 0.6349828125 0.2080078125 0.6305734375000001 0.2353515625 0.62714375 0.2607421875 0.62224375 0.2890625 0.6158750000000001 0.3349609375 0.606565625 0.3720703125 0.599215625 0.3955078125 0.604115625 0.416015625 0.6158750000000001 0.42578125 0.6325328125 0.42578125 0.6462515625 0.4140625 0.64723125 0.3828125
17 0.647721875 0.58203125 0.6418421875 0.64453125 0.6521312499999999 0.6376953125 0.666340625 0.591796875 0.6741796875 0.5654296875 0.67466875 0.5400390625 0.67711875 0.517578125 0.6854484375000001 0.490234375 0.6834890625 0.4599609375 0.6717296875 0.451171875 0.658990625 0.4462890625 0.6487015625 0.4619140625 0.6433125000000001 0.4814453125 0.6408625 0.5029296875 0.6462515625 0.5283203125 0.6487015625 0.5537109375 0.647721875 0.58203125
18 0.6452718749999999 0.5185546875 0.647721875 0.4951171875 0.647721875 0.46875 0.6433125000000001 0.44921875 0.6286140625 0.4462890625 0.6178343749999999 0.451171875 0.606565625 0.45703125 0.6026453125 0.4794921875 0.6026453125 0.5 0.6050953125 0.525390625 0.6080359375 0.5537109375 0.6095046875000001 0.58203125 0.615384375 0.6171875 0.6256734374999999 0.6318359375 0.6408625 0.609375 0.6452718749999999 0.5791015625 0.64723125 0.548828125 0.6452718749999999 0.5185546875
19 0.5874578125000001 0.611328125 0.5903968749999999 0.6318359375 0.6031359375 0.642578125 0.6158750000000001 0.6220703125 0.612934375 0.583984375 0.612934375 0.5556640625 0.611465625 0.525390625 0.6144046875 0.4921875 0.6139140624999999 0.46484375 0.6080359375 0.44140625 0.5938265625 0.4384765625 0.5845171875 0.447265625 0.5796171875 0.47265625 0.57716875 0.4970703125 0.5796171875 0.5283203125 0.5820671875000001 0.560546875 0.5835375 0.58984375 0.5874578125000001 0.611328125
20 0.5624687500000001 0.6279296875 0.5737390625 0.6494140625 0.583046875 0.630859375 0.5776578125 0.595703125 0.5756984375 0.5595703125 0.5727578125 0.5234375 0.576678125 0.494140625 0.574228125 0.4658203125 0.56736875 0.447265625 0.5511999999999999 0.4501953125 0.5394421875 0.462890625 0.537971875 0.4912109375 0.54483125 0.5234375 0.5507109375 0.5517578125 0.5526703125 0.578125 0.5575703125 0.603515625 0.5624687500000001 0.6279296875
21 0.5472812499999999 0.48828125 0.544340625 0.462890625 0.5316015625 0.4501953125 0.5188640625 0.455078125 0.506125 0.48828125 0.5041640625 0.51171875 0.5075937500000001 0.5341796875 0.5115140625000001 0.5625 0.51494375 0.595703125 0.521803125 0.623046875 0.5320921875 0.6416015625 0.54483125 0.6318359375 0.54875 0.6103515625 0.54875 0.580078125 0.54973125 0.5478515625 0.5472812499999999 0.5166015625 0.5472812499999999 0.48828125
22 0.501225 0.5654296875 0.5041640625 0.5400390625 0.5066140625 0.5009765625 0.5090640625 0.4658203125 0.496325 0.455078125 0.48309687500000004 0.453125 0.47329687500000006 0.4501953125 0.464478125 0.470703125 0.4630078125 0.4931640625 0.4639875 0.51953125 0.464478125 0.544921875 0.4639875 0.564453125 0.4615390625 0.59765625 0.4630078125 0.623046875 0.47035781249999997 0.6513671875 0.484565625 0.64453125 0.49387499999999995 0.62109375 0.49730468749999995 0.595703125 0.501225 0.5654296875
14 0.6531109374999999 0.3427734375 0.6452718749999999 0.361328125 0.638903125 0.384765625 0.6330234375 0.4091796875 0.636453125 0.4345703125 0.6457625 0.431640625 0.6624203125 0.4267578125 0.675159375 0.4326171875 0.6864281250000001 0.4365234375 0.6957375 0.419921875 0.6957375 0.39453125 0.6991671875 0.3642578125 0.7006375 0.3408203125 0.7065171875 0.3212890625 0.71190625 0.30078125 0.7148453124999999 0.2802734375 0.7270953125 0.26171875 0.727584375 0.2333984375 0.7148453124999999 0.244140625 0.7055359375 0.2626953125 0.700146875 0.29296875 0.691328125 0.30859375 0.679078125 0.3251953125 0.6785890625000001 0.3056640625 0.6810390625 0.2841796875 0.6854484375000001 0.2548828125 0.697696875 0.236328125 0.6942671875 0.2119140625 0.681528125 0.2265625 0.6697703125000001 0.2412109375 0.6619296875 0.279296875 0.65703125 0.3134765625 0.6531109374999999 0.3427734375
15 0.7491421875000001 0.3896484375 0.7515921875 0.3427734375 0.7540421875 0.2978515625 0.7564921874999999 0.234375 0.7398328125 0.2626953125 0.718275 0.314453125 0.6996578125 0.361328125 0.6918171875 0.421875 0.7221953125 0.435546875 0.7432624999999999 0.44921875 0.7491421875000001 0.3896484375
16 0.826065625 0.3994140625 0.81920625 0.373046875 0.8000984375 0.369140625 0.8143062499999999 0.3447265625 0.8015671875000001 0.3212890625 0.77315 0.3310546875 0.7530625 0.3359375 0.7540421875 0.3896484375 0.7564921874999999 0.4326171875 0.7790296875 0.4326171875 0.8025484374999999 0.427734375 0.826065625 0.3994140625