12 0.604115625 0.599609375 0.592846875 0.61328125 0.579128125 0.623046875 0.5810875 0.6474609375 0.596765625 0.6845703125 0.6055859375 0.720703125 0.609015625 0.751953125 0.611465625 0.78515625 0.6281234375 0.8212890625 0.6325328125 0.79296875 0.6281234375 0.7646484375 0.6256734374999999 0.7216796875 0.6256734374999999 0.6884765625 0.6232234375 0.650390625 0.618325 0.6123046875 0.604115625 0.599609375
15 0.7266046875 0.6142578125 0.7241546875 0.576171875 0.7084765625 0.5615234375 0.6918171875 0.568359375 0.6756484375 0.5732421875 0.6643796875 0.5908203125 0.666340625 0.6240234375 0.6829984375 0.66015625 0.6908375 0.6982421875 0.7011265625 0.736328125 0.711415625 0.767578125 0.728075 0.775390625 0.7217046875 0.734375 0.709946875 0.693359375 0.7177859375 0.669921875 0.7290546875 0.7080078125 0.74424375 0.740234375 0.7545328125 0.7392578125 0.7486531249999999 0.7041015625 0.7422828124999999 0.6787109375 0.727584375 0.6376953125 0.7266046875 0.6142578125
16 0.7589421875 0.53515625 0.7457125 0.552734375 0.73199375 0.5537109375 0.723175 0.57421875 0.7217046875 0.6025390625 0.7315046875 0.6240234375 0.73689375 0.650390625 0.7506125 0.673828125 0.7584515625 0.6953125 0.773640625 0.7216796875 0.784909375 0.701171875 0.7805 0.6708984375 0.7775593749999999 0.6455078125 0.7760906249999999 0.6123046875 0.7760906249999999 0.5859375 0.7726609375 0.5576171875 0.7589421875 0.53515625
11 0.5845171875 0.6142578125 0.56736875 0.609375 0.558059375 0.6455078125 0.556590625 0.6650390625 0.5629593749999999 0.6962890625 0.57226875 0.7333984375 0.5786374999999999 0.7578125 0.5820671875000001 0.7919921875 0.5903968749999999 0.837890625 0.5987265625 0.80859375 0.6001953125 0.7724609375 0.601665625 0.7333984375 0.6001953125 0.6962890625 0.596765625 0.6650390625 0.5903968749999999 0.634765625 0.5845171875 0.6142578125
10 0.5541406249999999 0.625 0.537971875 0.615234375 0.5316015625 0.6396484375 0.5316015625 0.66796875 0.5340515625 0.703125 0.5365015625 0.7333984375 0.53748125 0.7666015625 0.540421875 0.80078125 0.5453203125 0.8330078125 0.555609375 0.853515625 0.5629593749999999 0.8251953125 0.5629593749999999 0.78515625 0.561 0.7470703125 0.560509375 0.7109375 0.561 0.6826171875 0.5644296875 0.650390625 0.5541406249999999 0.625
9 0.5340515625 0.6240234375 0.5208234375 0.6220703125 0.5080843749999999 0.6240234375 0.5080843749999999 0.65234375 0.508575 0.6787109375 0.510534375 0.7109375 0.5110234375 0.7392578125 0.5110234375 0.76171875 0.5110234375 0.7978515625 0.5232734375 0.794921875 0.5247421875 0.767578125 0.5276828124999999 0.7373046875 0.5286625 0.7080078125 0.5311125 0.6787109375 0.5350312500000001 0.6572265625 0.5340515625 0.6240234375
8 0.491915625 0.619140625 0.48407656250000003 0.6162109375 0.48309687500000004 0.640625 0.485546875 0.6708984375 0.4904453125 0.7080078125 0.49289531249999996 0.7373046875 0.49387499999999995 0.7666015625 0.49436562500000003 0.7900390625 0.5071046875 0.7958984375 0.508575 0.76171875 0.5071046875 0.724609375 0.5080843749999999 0.68359375 0.5080843749999999 0.65234375 0.5071046875 0.6220703125 0.491915625 0.619140625
7 0.48750625000000003 0.6279296875 0.47770625000000005 0.6279296875 0.4683984375 0.6328125 0.4688875 0.66015625 0.4688875 0.6962890625 0.47035781249999997 0.724609375 0.46986718749999995 0.75 0.4688875 0.77734375 0.4683984375 0.8046875 0.46986718749999995 0.841796875 0.47868750000000004 0.8212890625 0.48113593750000005 0.787109375 0.48505624999999997 0.751953125 0.48652656250000004 0.7119140625 0.485546875 0.6787109375 0.48652656250000004 0.650390625 0.48750625000000003 0.6279296875
6 0.4688875 0.65234375 0.4688875 0.6298828125 0.45761874999999996 0.6240234375 0.4453703125 0.6279296875 0.44292031249999997 0.6533203125 0.4492890625 0.6806640625 0.4517390625 0.7119140625 0.4517390625 0.736328125 0.4517390625 0.7568359375 0.45369843750000005 0.787109375 0.4546796875 0.8173828125 0.46496875 0.8232421875 0.46496875 0.7880859375 0.46643749999999995 0.7568359375 0.46496875 0.7216796875 0.46643749999999995 0.701171875 0.4683984375 0.67578125 0.4688875 0.65234375
5 0.44683906249999994 0.6728515625 0.448309375 0.6396484375 0.437040625 0.6318359375 0.42528125 0.6298828125 0.41548281249999997 0.650390625 0.41548281249999997 0.6884765625 0.4174421875 0.7314453125 0.4174421875 0.76171875 0.41891249999999997 0.7919921875 0.41891249999999997 0.8232421875 0.4179328125 0.8564453125 0.4292015625 0.8564453125 0.4341015625 0.828125 0.43899999999999995 0.794921875 0.4409609375 0.759765625 0.44439062500000004 0.7294921875 0.44585937500000006 0.703125 0.44683906249999994 0.6728515625
4 0.4174421875 0.6650390625 0.4174421875 0.6396484375 0.40764374999999997 0.625 0.3968640625 0.6240234375 0.3860859375 0.62109375 0.379715625 0.6474609375 0.382165625 0.6708984375 0.3855953125 0.7080078125 0.3860859375 0.7392578125 0.388534375 0.7705078125 0.387065625 0.7978515625 0.37922656250000003 0.8251953125 0.3919640625 0.828125 0.40274374999999996 0.810546875 0.40519375 0.7802734375 0.40764374999999997 0.75390625 0.409603125 0.7216796875 0.41156249999999994 0.6884765625 0.4174421875 0.6650390625
3 0.3831453125 0.662109375 0.387065625 0.6328125 0.375796875 0.6220703125 0.36648749999999997 0.619140625 0.3512984375 0.6201171875 0.34835937499999997 0.6455078125 0.349828125 0.68359375 0.349828125 0.7138671875 0.347378125 0.751953125 0.345909375 0.7822265625 0.3424796875 0.8232421875 0.35276874999999996 0.8076171875 0.36550781250000003 0.7685546875 0.3694265625 0.7392578125 0.37285625 0.7138671875 0.37432656249999996 0.6884765625 0.3831453125 0.662109375
2 0.6962265624999999 0.4287109375 0.6923078125 0.466796875 0.6898578125 0.5 0.6898578125 0.5234375 0.7050468750000001 0.5361328125 0.7217046875 0.533203125 0.734934375 0.5205078125 0.7354234374999999 0.4853515625 0.73199375 0.458984375 0.7329734375 0.423828125 0.73444375 0.384765625 0.7329734375 0.3505859375 0.7212156249999999 0.3134765625 0.708965625 0.33984375 0.7035765625 0.3671875 0.702596875 0.390625 0.6962265624999999 0.4287109375
1 0.327290625 0.7333984375 0.3331703125 0.7080078125 0.341009375 0.6806640625 0.347378125 0.658203125 0.352278125 0.6318359375 0.35276874999999996 0.607421875 0.341009375 0.6064453125 0.32925 0.6015625 0.3170015625 0.5888671875 0.3067125 0.5986328125 0.2988734375 0.619140625 0.29495312500000004 0.6396484375 0.2939734375 0.66796875 0.28907343750000003 0.693359375 0.2807453125 0.716796875 0.27045625 0.734375 0.2621265625 0.7705078125 0.274865625 0.7802734375 0.284175 0.76953125 0.2934828125 0.7421875 0.2988734375 0.7216796875 0.31308125000000003 0.708984375 0.3106328125 0.734375 0.297403125 0.779296875 0.2964234375 0.7998046875 0.3106328125 0.78515625 0.3189609375 0.759765625 0.327290625 0.7333984375
0 0.27192500000000003 0.693359375 0.286134375 0.67578125 0.2988734375 0.6474609375 0.3018125 0.6240234375 0.3018125 0.6015625 0.29005312499999997 0.58984375 0.277315625 0.576171875 0.2670265625 0.5712890625 0.2533078125 0.5654296875 0.2479171875 0.59375 0.24154843750000002 0.6201171875 0.23370937500000002 0.640625 0.222440625 0.66015625 0.2067609375 0.6728515625 0.21068125000000001 0.69140625 0.2297890625 0.685546875 0.24252812499999998 0.6708984375 0.2542875 0.6865234375 0.23370937500000002 0.7119140625 0.223909375 0.736328125 0.2209703125 0.76171875 0.23664843750000003 0.7421875 0.2493875 0.7333984375 0.26310625 0.7158203125 0.27192500000000003 0.693359375
21 0.5080843749999999 0.5146484375 0.5046546875 0.55078125 0.5022046875 0.58203125 0.5046546875 0.607421875 0.5208234375 0.607421875 0.5369921875 0.59765625 0.5365015625 0.5712890625 0.5335625 0.548828125 0.5311125 0.517578125 0.5296421875 0.484375 0.5296421875 0.44140625 0.5276828124999999 0.4130859375 0.5159234374999999 0.380859375 0.51249375 0.4130859375 0.5110234375 0.4462890625 0.51249375 0.4775390625 0.5080843749999999 0.5146484375
22 0.4723171875 0.484375 0.4723171875 0.5224609375 0.4659484375 0.55078125 0.46643749999999995 0.58203125 0.4728078125 0.6044921875 0.48505624999999997 0.6044921875 0.49926562499999994 0.5966796875 0.501715625 0.5732421875 0.49926562499999994 0.5478515625 0.4977953125 0.5146484375 0.49436562500000003 0.4775390625 0.491915625 0.43359375 0.4889765625 0.3955078125 0.47770625000000005 0.3779296875 0.47525781250000004 0.4052734375 0.4737875 0.42578125 0.4747671875 0.4599609375 0.4723171875 0.484375
20 0.53748125 0.5283203125 0.537971875 0.5810546875 0.5438515625 0.6025390625 0.5570796875 0.611328125 0.5644296875 0.5869140625 0.561 0.55859375 0.561 0.53515625 0.5590390625 0.5107421875 0.558059375 0.4873046875 0.5531609375000001 0.45703125 0.5526703125 0.4287109375 0.544340625 0.4013671875 0.5335625 0.3876953125 0.5365015625 0.43359375 0.53748125 0.4619140625 0.5365015625 0.4921875 0.53748125 0.5283203125
19 0.5619796874999999 0.583984375 0.57471875 0.6025390625 0.5859875 0.6044921875 0.5962765625 0.59375 0.5952968750000001 0.5634765625 0.5952968750000001 0.525390625 0.59480625 0.4951171875 0.5952968750000001 0.447265625 0.592846875 0.4140625 0.5869671875 0.3671875 0.5761875 0.421875 0.56981875 0.45703125 0.565409375 0.490234375 0.5629593749999999 0.5283203125 0.560509375 0.55859375 0.5619796874999999 0.583984375
18 0.5987265625 0.5859375 0.611465625 0.5966796875 0.6217546875 0.591796875 0.62714375 0.5732421875 0.6256734374999999 0.5400390625 0.624203125 0.505859375 0.6207734375 0.4599609375 0.6193046875 0.421875 0.6168546874999999 0.384765625 0.604115625 0.3857421875 0.6026453125 0.4287109375 0.6011765625 0.4697265625 0.592846875 0.501953125 0.5874578125000001 0.53515625 0.5889265625 0.56640625 0.5987265625 0.5859375
17 0.620284375 0.505859375 0.6158750000000001 0.5478515625 0.6232234375 0.56640625 0.6349828125 0.578125 0.647721875 0.5810546875 0.658990625 0.556640625 0.656540625 0.5283203125 0.6511515625000001 0.505859375 0.647721875 0.474609375 0.6452718749999999 0.439453125 0.64968125 0.408203125 0.6433125000000001 0.373046875 0.6310625 0.41015625 0.624203125 0.439453125 0.6232234375 0.46875 0.620284375 0.505859375
30 0.43899999999999995 0.5 0.4409609375 0.53125 0.43802031250000006 0.576171875 0.43802031250000006 0.6015625 0.4561484375 0.6064453125 0.4688875 0.58984375 0.46986718749999995 0.560546875 0.4639875 0.5361328125 0.4634984375 0.5078125 0.459578125 0.466796875 0.4561484375 0.42578125 0.45369843750000005 0.3798828125 0.439490625 0.359375 0.439490625 0.400390625 0.4404703125 0.43359375 0.4409609375 0.46875 0.43899999999999995 0.5
29 0.4061734375 0.5107421875 0.4012734375 0.552734375 0.39882343750000004 0.58984375 0.40519375 0.6123046875 0.41891249999999997 0.6220703125 0.4341015625 0.5966796875 0.43802031250000006 0.560546875 0.43802031250000006 0.5048828125 0.43263125 0.4599609375 0.42822187500000003 0.4130859375 0.42136250000000003 0.3671875 0.41009375 0.34765625 0.40764374999999997 0.3876953125 0.40764374999999997 0.4267578125 0.4061734375 0.4697265625 0.4061734375 0.5107421875
23 0.400784375 0.41015625 0.3924546875 0.35546875 0.384125 0.3759765625 0.37922656250000003 0.4140625 0.37285625 0.4716796875 0.36893750000000003 0.505859375 0.3640375 0.55078125 0.3615875 0.5791015625 0.37285625 0.59375 0.389515625 0.6015625 0.4061734375 0.5869140625 0.4140125 0.56640625 0.4125421875 0.525390625 0.40764374999999997 0.494140625 0.403234375 0.44921875 0.400784375 0.41015625
24 0.3395390625 0.5478515625 0.3424796875 0.576171875 0.3561984375 0.591796875 0.37432656249999996 0.58203125 0.3806953125 0.55859375 0.3806953125 0.52734375 0.381675 0.501953125 0.3767765625 0.458984375 0.36795625 0.4140625 0.354728125 0.3974609375 0.349828125 0.4365234375 0.345909375 0.47265625 0.34394843750000004 0.505859375 0.3395390625 0.5478515625
26 0.2822140625 0.5224609375 0.2807453125 0.552734375 0.297403125 0.55859375 0.31308125000000003 0.5556640625 0.3258203125 0.53515625 0.32533124999999996 0.5048828125 0.3145515625 0.4765625 0.3101421875 0.443359375 0.30279218750000003 0.41015625 0.2871140625 0.3828125 0.274865625 0.384765625 0.2782953125 0.4189453125 0.278784375 0.4462890625 0.278784375 0.4814453125 0.2822140625 0.5224609375
27 0.2518375 0.3544921875 0.24693749999999998 0.3935546875 0.2454671875 0.4365234375 0.24301875 0.4697265625 0.23909843749999998 0.4970703125 0.24105781249999997 0.5283203125 0.25918593749999996 0.53515625 0.277315625 0.53515625 0.28123437500000004 0.5048828125 0.277315625 0.4765625 0.277315625 0.439453125 0.2758453125 0.4140625 0.27045625 0.3798828125 0.2518375 0.3544921875
31 0.7613921875 0.3798828125 0.7530625 0.3369140625 0.74179375 0.3193359375 0.7383640625 0.3779296875 0.73689375 0.4267578125 0.7339546875 0.466796875 0.7339546875 0.4892578125 0.7383640625 0.517578125 0.7520828125000001 0.533203125 0.764821875 0.5185546875 0.773640625 0.498046875 0.780009375 0.4765625 0.7741296875 0.44140625 0.7697203125 0.416015625 0.7613921875 0.3798828125