13 0.2934828125 0.44140625 0.297403125 0.4130859375 0.297403125 0.3798828125 0.291034375 0.3349609375 0.2758453125 0.3173828125 0.2797640625 0.3505859375 0.2807453125 0.3876953125 0.2758453125 0.4140625 0.2670265625 0.3681640625 0.26065625 0.3349609375 0.2528171875 0.3623046875 0.26065625 0.390625 0.26065625 0.421875 0.25036718750000003 0.443359375 0.2439984375 0.4716796875 0.24693749999999998 0.4970703125 0.2552671875 0.5185546875 0.26800625 0.517578125 0.2807453125 0.5224609375 0.2964234375 0.5205078125 0.299853125 0.501953125 0.29544375 0.47265625 0.2934828125 0.44140625
14 0.3463984375 0.5712890625 0.3331703125 0.5654296875 0.32092187499999997 0.55859375 0.3067125 0.552734375 0.29495312500000004 0.5400390625 0.28123437500000004 0.54296875 0.277315625 0.5712890625 0.2758453125 0.607421875 0.27192500000000003 0.6318359375 0.26310625 0.66015625 0.2528171875 0.685546875 0.2464484375 0.7080078125 0.240078125 0.7333984375 0.25575625 0.720703125 0.26555625 0.6982421875 0.2758453125 0.6728515625 0.2876046875 0.6484375 0.2939734375 0.669921875 0.2915234375 0.69921875 0.28123437500000004 0.728515625 0.283684375 0.75390625 0.297403125 0.7314453125 0.306221875 0.6953125 0.31161249999999996 0.662109375 0.319940625 0.640625 0.3307203125 0.615234375 0.3424796875 0.5947265625 0.3463984375 0.5712890625
15 0.272415625 0.5400390625 0.2616359375 0.5234375 0.2439984375 0.5224609375 0.226359375 0.5224609375 0.21949999999999997 0.5537109375 0.223909375 0.5859375 0.21705000000000002 0.6171875 0.2097015625 0.63671875 0.20333125000000002 0.6650390625 0.1915734375 0.6865234375 0.1866734375 0.728515625 0.20137187499999998 0.697265625 0.21459999999999999 0.6787109375 0.222440625 0.6474609375 0.23517812500000002 0.619140625 0.23370937500000002 0.65234375 0.223909375 0.6806640625 0.20921093750000003 0.7294921875 0.2234203125 0.7392578125 0.2346890625 0.708984375 0.2464484375 0.666015625 0.2542875 0.6279296875 0.2645765625 0.6025390625 0.274865625 0.58203125 0.28319375 0.556640625 0.272415625 0.5400390625
16 0.185203125 0.5048828125 0.173934375 0.5205078125 0.16070625 0.533203125 0.144046875 0.552734375 0.1317984375 0.568359375 0.1224890625 0.59375 0.139146875 0.591796875 0.1636453125 0.5791015625 0.14061718750000002 0.615234375 0.15825625000000001 0.6279296875 0.173934375 0.6279296875 0.19010312499999998 0.6201171875 0.20333125000000002 0.6318359375 0.21705000000000002 0.6298828125 0.222440625 0.609375 0.22488906250000001 0.5859375 0.2234203125 0.55859375 0.21558125 0.5283203125 0.2111703125 0.501953125 0.2018625 0.482421875 0.185203125 0.5048828125
17 0.327290625 0.3447265625 0.32092187499999997 0.3046875 0.3106328125 0.33984375 0.3101421875 0.3857421875 0.3125921875 0.423828125 0.3052421875 0.4599609375 0.30034375 0.4921875 0.29495312500000004 0.517578125 0.3052421875 0.541015625 0.3170015625 0.541015625 0.329740625 0.52734375 0.33610937500000004 0.5048828125 0.333659375 0.4638671875 0.332190625 0.4267578125 0.3307203125 0.4033203125 0.33121093749999997 0.3779296875 0.327290625 0.3447265625
18 0.3512984375 0.349609375 0.345909375 0.3828125 0.34492968749999997 0.42578125 0.3424796875 0.458984375 0.33610937500000004 0.4970703125 0.332190625 0.52734375 0.33121093749999997 0.548828125 0.34394843750000004 0.5654296875 0.35766718750000004 0.5537109375 0.36648749999999997 0.5439453125 0.37138593750000004 0.5205078125 0.3694265625 0.4873046875 0.3625671875 0.44921875 0.361096875 0.421875 0.35766718750000004 0.392578125 0.3512984375 0.349609375
19 0.398334375 0.3505859375 0.3782453125 0.373046875 0.375796875 0.42578125 0.3694265625 0.46484375 0.3718765625 0.501953125 0.37138593750000004 0.53125 0.3674671875 0.55078125 0.37530625 0.5732421875 0.387065625 0.58203125 0.3998046875 0.5556640625 0.4086234375 0.525390625 0.40519375 0.490234375 0.40372343749999995 0.451171875 0.4012734375 0.416015625 0.404703125 0.384765625 0.398334375 0.3505859375
20 0.4341015625 0.40625 0.430671875 0.3671875 0.4179328125 0.396484375 0.4174421875 0.4384765625 0.41548281249999997 0.466796875 0.4125421875 0.4970703125 0.40715312499999995 0.5205078125 0.4086234375 0.55078125 0.41499218750000005 0.57421875 0.429690625 0.5751953125 0.439490625 0.576171875 0.4453703125 0.556640625 0.44585937500000006 0.5283203125 0.4404703125 0.4951171875 0.43802031250000006 0.4638671875 0.43459062499999995 0.43359375 0.4341015625 0.40625
21 0.44977968749999997 0.4853515625 0.4473296875 0.5224609375 0.4404703125 0.548828125 0.4453703125 0.5712890625 0.4561484375 0.576171875 0.4747671875 0.57421875 0.48946562499999996 0.578125 0.4879953125 0.556640625 0.48946562499999996 0.52734375 0.4879953125 0.501953125 0.48162656249999997 0.47265625 0.4737875 0.4384765625 0.4688875 0.400390625 0.4688875 0.357421875 0.45761874999999996 0.365234375 0.45369843750000005 0.4130859375 0.45320937499999997 0.4560546875 0.44977968749999997 0.4853515625
22 0.5276828124999999 0.4033203125 0.5276828124999999 0.3828125 0.5213125 0.3447265625 0.505634375 0.3828125 0.5046546875 0.431640625 0.49926562499999994 0.46484375 0.49387499999999995 0.4970703125 0.49289531249999996 0.5205078125 0.49240625 0.5400390625 0.491915625 0.5634765625 0.5041640625 0.576171875 0.5198437499999999 0.5693359375 0.5335625 0.560546875 0.5389515625 0.5361328125 0.5350312500000001 0.498046875 0.5271921875000001 0.4697265625 0.5262125 0.43359375 0.5276828124999999 0.4033203125
31 0.1945125 0.3134765625 0.1778546875 0.333984375 0.1700140625 0.357421875 0.1773640625 0.388671875 0.19010312499999998 0.4189453125 0.20431093749999998 0.4140625 0.2160703125 0.390625 0.22587031249999998 0.35546875 0.23370937500000002 0.32421875 0.24105781249999997 0.2880859375 0.22488906250000001 0.2763671875 0.2048015625 0.296875 0.1945125 0.3134765625
30 0.5776578125 0.404296875 0.576678125 0.3642578125 0.5668796875 0.3251953125 0.558059375 0.353515625 0.5526703125 0.3955078125 0.5477703125 0.4306640625 0.5414015625 0.46875 0.53993125 0.501953125 0.5350312500000001 0.5302734375 0.5325828125000001 0.5654296875 0.5463015625 0.57421875 0.560509375 0.583984375 0.57226875 0.56640625 0.5796171875 0.54296875 0.5801078125 0.5048828125 0.579128125 0.466796875 0.5781484375 0.4365234375 0.5776578125 0.404296875
29 0.6193046875 0.388671875 0.6207734375 0.357421875 0.615384375 0.3271484375 0.6050953125 0.3466796875 0.5952968750000001 0.392578125 0.5884375000000001 0.4267578125 0.5796171875 0.4521484375 0.5781484375 0.4853515625 0.5786374999999999 0.5185546875 0.5810875 0.5458984375 0.5894171874999999 0.5791015625 0.603625 0.5810546875 0.6168546874999999 0.5556640625 0.6193046875 0.5283203125 0.6168546874999999 0.484375 0.6168546874999999 0.458984375 0.618325 0.41796875 0.6193046875 0.388671875
23 0.6501718750000001 0.4365234375 0.6501718750000001 0.3984375 0.647721875 0.373046875 0.6452718749999999 0.330078125 0.6305734375000001 0.359375 0.6286140625 0.3955078125 0.62714375 0.431640625 0.6246937499999999 0.466796875 0.6178343749999999 0.5029296875 0.6119546875 0.5283203125 0.620284375 0.548828125 0.6232234375 0.5712890625 0.6384125 0.5712890625 0.6511515625000001 0.5634765625 0.6580109375000001 0.5439453125 0.6580109375000001 0.5224609375 0.652621875 0.5 0.651640625 0.46484375 0.6501718750000001 0.4365234375
24 0.68201875 0.416015625 0.6805484374999999 0.384765625 0.6722187500000001 0.349609375 0.6629109375 0.3759765625 0.6604609375 0.4140625 0.658990625 0.45703125 0.658990625 0.4921875 0.6560515625 0.5146484375 0.6560515625 0.5439453125 0.6668296875 0.5615234375 0.6780984375 0.5654296875 0.6883874999999999 0.548828125 0.6932875000000001 0.5234375 0.6893671875 0.501953125 0.68691875 0.4765625 0.6859375 0.4462890625 0.68201875 0.416015625
25 0.7403234375000001 0.484375 0.73934375 0.4599609375 0.7359140625 0.43359375 0.7354234374999999 0.3876953125 0.73199375 0.33984375 0.725625 0.4052734375 0.7148453124999999 0.4267578125 0.7128859375000001 0.3955078125 0.7128859375000001 0.35546875 0.6986765625 0.333984375 0.6962265624999999 0.365234375 0.6932875000000001 0.4013671875 0.6923078125 0.431640625 0.6908375 0.4775390625 0.6859375 0.5078125 0.692796875 0.5439453125 0.711415625 0.5478515625 0.7197453125 0.529296875 0.7329734375 0.5400390625 0.7432624999999999 0.525390625 0.7432624999999999 0.5048828125 0.7403234375000001 0.484375
26 0.7329734375 0.35546875 0.7359140625 0.388671875 0.7383640625 0.41796875 0.74179375 0.4462890625 0.7432624999999999 0.4853515625 0.74424375 0.5146484375 0.75698125 0.52734375 0.771190625 0.525390625 0.7814796875 0.5048828125 0.792259375 0.4833984375 0.7902984375 0.4599609375 0.7805 0.4384765625 0.7702109375 0.4208984375 0.763840625 0.3974609375 0.7609015625 0.357421875 0.7535515625 0.2939453125 0.7520828125000001 0.337890625 0.7471828125 0.3720703125 0.7354234374999999 0.322265625 0.7329734375 0.35546875
27 0.755021875 0.3173828125 0.7613921875 0.35546875 0.762371875 0.388671875 0.7672703125 0.4111328125 0.7765796875000001 0.4287109375 0.7863796875 0.451171875 0.8020578125 0.4306640625 0.8108765625000001 0.4013671875 0.8201859375 0.3759765625 0.8045078125 0.34765625 0.7927484375 0.333984375 0.7814796875 0.314453125 0.7751109375 0.2841796875 0.7584515625 0.2861328125 0.755021875 0.3173828125
28 0.7726609375 0.6220703125 0.7814796875 0.6435546875 0.7951984375000001 0.6572265625 0.8074468749999999 0.64453125 0.8201859375 0.642578125 0.8314546875 0.64453125 0.84909375 0.6455078125 0.8466437499999999 0.619140625 0.832925 0.6142578125 0.8138171875 0.609375 0.818715625 0.5869140625 0.8314546875 0.5859375 0.858403125 0.5947265625 0.8476234375 0.56640625 0.8324343750000001 0.552734375 0.8138171875 0.5458984375 0.7996078125 0.525390625 0.782459375 0.5185546875 0.77805 0.5400390625 0.7765796875000001 0.5712890625 0.773640625 0.5966796875 0.7726609375 0.6220703125
0 0.7520828125000001 0.5361328125 0.73444375 0.5537109375 0.7192546875 0.5634765625 0.71680625 0.583984375 0.7226843749999999 0.6142578125 0.7339546875 0.6455078125 0.7383640625 0.669921875 0.7432624999999999 0.703125 0.7520828125000001 0.7216796875 0.75943125 0.7353515625 0.7721703125 0.7412109375 0.784909375 0.744140625 0.7741296875 0.7138671875 0.764821875 0.6884765625 0.755021875 0.658203125 0.7633515625 0.6552734375 0.7702109375 0.685546875 0.780009375 0.705078125 0.79176875 0.7265625 0.798628125 0.7099609375 0.78931875 0.662109375 0.782459375 0.6396484375 0.7790296875 0.611328125 0.7760906249999999 0.5732421875 0.771190625 0.541015625 0.7520828125000001 0.5361328125
1 0.708965625 0.548828125 0.6893671875 0.5654296875 0.67466875 0.5693359375 0.658990625 0.5888671875 0.6560515625 0.6123046875 0.6692796875 0.6318359375 0.679078125 0.6533203125 0.68691875 0.69140625 0.6937781249999999 0.7216796875 0.6962265624999999 0.751953125 0.709946875 0.7705078125 0.7128859375000001 0.7333984375 0.708965625 0.701171875 0.7060265625000001 0.67578125 0.718765625 0.703125 0.72954375 0.7294921875 0.743753125 0.7421875 0.7471828125 0.7158203125 0.7383640625 0.6904296875 0.73199375 0.66015625 0.725134375 0.640625 0.7217046875 0.6171875 0.7226843749999999 0.591796875 0.7192546875 0.5654296875 0.708965625 0.548828125
2 0.2518375 0.3828125 0.2542875 0.3544921875 0.25918593749999996 0.322265625 0.24889687500000002 0.291015625 0.2302796875 0.30859375 0.226359375 0.333984375 0.22488906250000001 0.36328125 0.2160703125 0.390625 0.20578124999999997 0.4013671875 0.19647187500000002 0.4375 0.19647187500000002 0.458984375 0.20578124999999997 0.4794921875 0.21949999999999997 0.490234375 0.2346890625 0.494140625 0.2454671875 0.4892578125 0.2454671875 0.4638671875 0.24889687500000002 0.4345703125 0.2518375 0.4130859375 0.2518375 0.3828125
3 0.6433125000000001 0.662109375 0.6501718750000001 0.6953125 0.6575203125 0.7294921875 0.6687890624999999 0.7568359375 0.6741796875 0.7880859375 0.6854484375000001 0.787109375 0.6810390625 0.751953125 0.6780984375 0.720703125 0.6741796875 0.68359375 0.670259375 0.642578125 0.665359375 0.607421875 0.661440625 0.5791015625 0.651640625 0.578125 0.6384125 0.58203125 0.6281234375 0.59375 0.6217546875 0.615234375 0.6344921875 0.6328125 0.6433125000000001 0.662109375
4 0.6139140624999999 0.69921875 0.6207734375 0.728515625 0.6281234375 0.7578125 0.63204375 0.7802734375 0.647721875 0.783203125 0.6487015625 0.7578125 0.6462515625 0.7333984375 0.6408625 0.6982421875 0.6369421875 0.66796875 0.6325328125 0.6376953125 0.6305734375000001 0.6044921875 0.6178343749999999 0.591796875 0.6075453125 0.5869140625 0.5938265625 0.611328125 0.596765625 0.6494140625 0.6080359375 0.666015625 0.6139140624999999 0.69921875
5 0.5732484375 0.7236328125 0.5796171875 0.75 0.5835375 0.775390625 0.59235625 0.80859375 0.606565625 0.8173828125 0.609015625 0.7900390625 0.606565625 0.7568359375 0.6050953125 0.7158203125 0.6011765625 0.68359375 0.5938265625 0.6298828125 0.5889265625 0.6005859375 0.571778125 0.58984375 0.56345 0.615234375 0.5570796875 0.6396484375 0.5644296875 0.662109375 0.5683484375 0.6865234375 0.5732484375 0.7236328125
6 0.5325828125000001 0.6826171875 0.5360125 0.7041015625 0.5360125 0.7294921875 0.5389515625 0.7568359375 0.5502203125 0.7626953125 0.555609375 0.7421875 0.555609375 0.7236328125 0.5570796875 0.6982421875 0.5619796874999999 0.6630859375 0.5619796874999999 0.634765625 0.561 0.607421875 0.5502203125 0.6015625 0.540421875 0.607421875 0.5301328125 0.6064453125 0.5296421875 0.625 0.5316015625 0.6572265625 0.5325828125000001 0.6826171875
7 0.5002453124999999 0.6611328125 0.503184375 0.69921875 0.5022046875 0.7294921875 0.501715625 0.7578125 0.5110234375 0.7900390625 0.5237625 0.7666015625 0.5276828124999999 0.74609375 0.5276828124999999 0.71875 0.5296421875 0.6982421875 0.5296421875 0.6630859375 0.5262125 0.640625 0.5271921875000001 0.607421875 0.5159234374999999 0.591796875 0.5022046875 0.58984375 0.5007343750000001 0.6064453125 0.4977953125 0.634765625 0.5002453124999999 0.6611328125
8 0.48309687500000004 0.7490234375 0.4904453125 0.7822265625 0.498284375 0.7392578125 0.496815625 0.7119140625 0.498284375 0.6884765625 0.49730468749999995 0.6484375 0.5002453124999999 0.609375 0.4904453125 0.607421875 0.4762375 0.607421875 0.4737875 0.626953125 0.4767265625 0.658203125 0.48113593750000005 0.6787109375 0.48162656249999997 0.7158203125 0.48309687500000004 0.7490234375
9 0.448309375 0.6806640625 0.448309375 0.7119140625 0.4473296875 0.7490234375 0.448309375 0.7744140625 0.4634984375 0.79296875 0.4674171875 0.75 0.4723171875 0.716796875 0.47035781249999997 0.6884765625 0.4728078125 0.66015625 0.47525781250000004 0.6201171875 0.4737875 0.58984375 0.46251875 0.5810546875 0.44977968749999997 0.576171875 0.43899999999999995 0.5888671875 0.43802031250000006 0.6240234375 0.4404703125 0.6552734375 0.448309375 0.6806640625
10 0.4012734375 0.6904296875 0.395884375 0.716796875 0.3968640625 0.7646484375 0.40764374999999997 0.78515625 0.42479218750000003 0.7744140625 0.4292015625 0.75 0.43802031250000006 0.7138671875 0.439490625 0.68359375 0.4399796875 0.6455078125 0.4409609375 0.6240234375 0.4341015625 0.6015625 0.42136250000000003 0.58984375 0.41156249999999994 0.6044921875 0.40519375 0.6240234375 0.402253125 0.6455078125 0.4012734375 0.6904296875
11 0.37040625 0.611328125 0.3674671875 0.650390625 0.3625671875 0.6865234375 0.3537484375 0.7314453125 0.3537484375 0.7705078125 0.36795625 0.7705078125 0.37285625 0.751953125 0.379715625 0.7294921875 0.387065625 0.703125 0.393434375 0.6806640625 0.398334375 0.65234375 0.404703125 0.6318359375 0.41156249999999994 0.609375 0.41156249999999994 0.5888671875 0.39882343750000004 0.568359375 0.3860859375 0.5732421875 0.37530625 0.58203125 0.37040625 0.611328125
12 0.332190625 0.626953125 0.327290625 0.6552734375 0.3219015625 0.673828125 0.3140625 0.7119140625 0.31161249999999996 0.75 0.3233703125 0.751953125 0.3331703125 0.734375 0.341009375 0.7119140625 0.349828125 0.6904296875 0.3591375 0.658203125 0.36550781250000003 0.626953125 0.3782453125 0.609375 0.3782453125 0.5888671875 0.3694265625 0.5693359375 0.3566875 0.5693359375 0.34492968749999997 0.55859375 0.3370890625 0.58984375 0.332190625 0.626953125