22 0.552734375 0.48324375 0.59375 0.47621562500000003 0.6376953125 0.464865625 0.6005859375 0.46108125 0.5693359375 0.45729687500000005 0.5361328125 0.45459531249999996 0.5068359375 0.4529734375 0.4755859375 0.4508109375 0.4501953125 0.4481078125 0.4267578125 0.44594531249999997 0.3984375 0.44216249999999996 0.369140625 0.44432499999999997 0.3623046875 0.45945937499999995 0.3681640625 0.4745953125 0.369140625 0.484865625 0.37890625 0.500540625 0.4033203125 0.5 0.43359375 0.5 0.45703125 0.49621562499999994 0.482421875 0.4902703125 0.5185546875 0.4864859375 0.552734375 0.48324375
21 0.505859375 0.5102703125 0.4765625 0.5102703125 0.4482421875 0.5097296874999999 0.4208984375 0.5064859375 0.390625 0.50324375 0.365234375 0.5081078125 0.36328125 0.5264859375000001 0.369140625 0.540540625 0.3720703125 0.5508109375 0.3994140625 0.55891875 0.4208984375 0.5621625 0.4482421875 0.5535140625 0.4765625 0.5502703125 0.5126953125 0.5486484375 0.552734375 0.5475671875 0.5830078125 0.537296875 0.6044921875 0.5291890625 0.615234375 0.5140546875 0.587890625 0.5113515625 0.55859375 0.5118921875 0.533203125 0.5113515625 0.505859375 0.5102703125
20 0.4697265625 0.564325 0.4443359375 0.562703125 0.4091796875 0.5621625 0.3896484375 0.56108125 0.3662109375 0.564325 0.3544921875 0.579459375 0.3564453125 0.5913515625 0.3662109375 0.604865625 0.3955078125 0.6102703125 0.419921875 0.6075671875 0.44140625 0.601621875 0.4716796875 0.5978375 0.5087890625 0.5864859375 0.5419921875 0.581621875 0.5703125 0.576215625 0.5947265625 0.557296875 0.5556640625 0.556215625 0.5283203125 0.560540625 0.5009765625 0.5621625 0.4697265625 0.564325
19 0.52734375 0.601621875 0.4990234375 0.5945953125 0.4765625 0.5940546875 0.451171875 0.60108125 0.439453125 0.6113515625 0.423828125 0.6227031249999999 0.43359375 0.63675625 0.455078125 0.64324375 0.4765625 0.644865625 0.5009765625 0.644865625 0.5302734375 0.6421625 0.5546875 0.64 0.57421875 0.638378125 0.6005859375 0.64 0.6279296875 0.6335140625 0.5947265625 0.624865625 0.6396484375 0.6145953125 0.609375 0.6059453125 0.576171875 0.6064859375 0.55859375 0.6032437500000001 0.52734375 0.601621875
19 0.384765625 0.6254046875 0.37890625 0.635134375 0.3837890625 0.6481078124999999 0.396484375 0.655675 0.41796875 0.655134375 0.439453125 0.6508109375 0.4248046875 0.6340546875 0.4228515625 0.62108125 0.4169921875 0.6097296875 0.3935546875 0.6135140625 0.384765625 0.6254046875
18 0.5546875 0.6508109375 0.521484375 0.6470265625 0.49609375 0.643784375 0.4765625 0.6464859374999999 0.455078125 0.657296875 0.4462890625 0.6702703125 0.4443359375 0.680540625 0.4609375 0.6908109375 0.482421875 0.696215625 0.5068359375 0.6891890625 0.5302734375 0.6854046874999999 0.560546875 0.680540625 0.5888671875 0.680540625 0.61328125 0.680540625 0.6494140625 0.6708109375 0.623046875 0.663784375 0.6015625 0.657296875 0.5771484375 0.655134375 0.5546875 0.6508109375
18 0.4013671875 0.677296875 0.4033203125 0.6924328125 0.4208984375 0.695675 0.4453125 0.699459375 0.4560546875 0.6902703125 0.4384765625 0.67891875 0.4404296875 0.6654046874999999 0.4482421875 0.655134375 0.41796875 0.657296875 0.3994140625 0.664325 0.4013671875 0.677296875
17 0.5556640625 0.6843250000000001 0.53125 0.683784375 0.517578125 0.695675 0.4970703125 0.7064859375 0.494140625 0.719459375 0.509765625 0.7329734375 0.5361328125 0.735134375 0.55859375 0.7308109375 0.5830078125 0.7275671874999999 0.607421875 0.72108125 0.630859375 0.7178375 0.6611328125 0.704325 0.630859375 0.6929734375 0.609375 0.6924328125 0.5859375 0.6875671875 0.5556640625 0.6843250000000001
17 0.4033203125 0.7 0.3994140625 0.7140546875 0.408203125 0.7308109375 0.4208984375 0.744865625 0.439453125 0.7470265625 0.4658203125 0.7410812499999999 0.490234375 0.7313515625 0.482421875 0.7129734375 0.4873046875 0.69891875 0.4638671875 0.69891875 0.4365234375 0.695675 0.4033203125 0.7
12 0.3935546875 0.6924328125 0.3837890625 0.6778375 0.3720703125 0.663784375 0.3544921875 0.65891875 0.33203125 0.6675671875 0.3134765625 0.6767562500000001 0.2958984375 0.683784375 0.2744140625 0.6859453125 0.2490234375 0.6875671875 0.216796875 0.6929734375 0.19140625 0.7064859375 0.2216796875 0.7075671875 0.2431640625 0.700540625 0.2734375 0.6978375 0.294921875 0.695675 0.310546875 0.7064859375 0.3076171875 0.716215625 0.2890625 0.7275671874999999 0.28125 0.739459375 0.314453125 0.7345953125 0.3408203125 0.7216218750000001 0.3623046875 0.72108125 0.392578125 0.7178375 0.392578125 0.7064859375 0.3935546875 0.6924328125
12 0.2783203125 0.7097296875 0.26171875 0.699459375 0.23828125 0.70108125 0.216796875 0.7097296875 0.1953125 0.718378125 0.1708984375 0.7291890624999999 0.15625 0.738378125 0.21875 0.735134375 0.1767578125 0.7535140625000001 0.212890625 0.7497296875 0.244140625 0.7481078125 0.2705078125 0.7464859374999999 0.28125 0.7291890624999999 0.2783203125 0.7097296875
14 0.3115234375 0.797296875 0.33203125 0.7908109375000001 0.3564453125 0.784865625 0.3896484375 0.7854046875 0.4150390625 0.7783781249999999 0.427734375 0.7664859374999999 0.4228515625 0.7513515625 0.4091796875 0.738378125 0.40234375 0.7264859375 0.390625 0.715675 0.3681640625 0.716215625 0.34765625 0.7264859375 0.3251953125 0.736215625 0.298828125 0.7464859374999999 0.2734375 0.7518921875 0.2353515625 0.758378125 0.2099609375 0.7654046875 0.1953125 0.77891875 0.224609375 0.78 0.251953125 0.7740546875 0.2802734375 0.764865625 0.3046875 0.76324375 0.3076171875 0.77675625 0.27734375 0.7870265625 0.2529296875 0.7935140625 0.224609375 0.8075671874999999 0.2216796875 0.8221624999999999 0.2412109375 0.8145953125000001 0.2626953125 0.8102703124999999 0.283203125 0.8027031250000001 0.3115234375 0.797296875
15 0.423828125 0.8324328124999999 0.412109375 0.8189187499999999 0.40234375 0.8043250000000001 0.3876953125 0.7924328125 0.365234375 0.7902703125 0.3447265625 0.7886484375 0.3203125 0.7935140625 0.3017578125 0.8059453124999999 0.283203125 0.817296875 0.2431640625 0.8464859375 0.2763671875 0.836215625 0.3017578125 0.8340546874999999 0.30078125 0.8481078125 0.283203125 0.8594593749999999 0.310546875 0.864865625 0.3408203125 0.8594593749999999 0.3876953125 0.8578374999999999 0.4091796875 0.8464859375 0.423828125 0.8324328124999999
11 0.3173828125 0.6524328125000001 0.302734375 0.63891875 0.28125 0.6345953125 0.259765625 0.64 0.240234375 0.6464859374999999 0.216796875 0.6524328125000001 0.1982421875 0.658378125 0.1728515625 0.663784375 0.146484375 0.6686484375 0.2490234375 0.66324375 0.162109375 0.6870265625 0.1826171875 0.6886484375 0.2109375 0.6854046874999999 0.244140625 0.682703125 0.2744140625 0.6859453125 0.298828125 0.680540625 0.3173828125 0.6718921875 0.3173828125 0.6524328125000001
11 0.3203125 0.623784375 0.30078125 0.6297296875 0.310546875 0.6421625 0.328125 0.6524328125000001 0.3203125 0.6708109375 0.3447265625 0.6675671875 0.3681640625 0.661621875 0.3623046875 0.6497296875 0.359375 0.6318921875 0.3388671875 0.621621875 0.3203125 0.623784375
10 0.2958984375 0.6335140625 0.3134765625 0.6254046875 0.330078125 0.6135140625 0.33203125 0.6 0.30859375 0.5940546875 0.2841796875 0.5864859375 0.26171875 0.5897296875 0.234375 0.598378125 0.212890625 0.6059453125 0.1826171875 0.6135140625 0.1494140625 0.6254046875 0.125 0.6410812499999999 0.22265625 0.623784375 0.1513671875 0.6486484375 0.1787109375 0.6486484375 0.201171875 0.644865625 0.2373046875 0.6421625 0.267578125 0.637296875 0.2958984375 0.6335140625
9 0.3388671875 0.5670265624999999 0.337890625 0.5491890625 0.3134765625 0.5491890625 0.2802734375 0.5540546875000001 0.24609375 0.56108125 0.216796875 0.5675671875 0.1865234375 0.575675 0.2041015625 0.5881078125 0.2373046875 0.584325 0.265625 0.584325 0.2890625 0.584325 0.3173828125 0.5859453125 0.3408203125 0.5832437500000001 0.3388671875 0.5670265624999999
8 0.3232421875 0.5129734375 0.3017578125 0.5140546875 0.2763671875 0.51675625 0.2431640625 0.52324375 0.2099609375 0.5351343749999999 0.1923828125 0.5454046875 0.224609375 0.5545953124999999 0.25390625 0.5475671875 0.2783203125 0.5459453125 0.3076171875 0.5470265624999999 0.3388671875 0.543784375 0.33203125 0.52324375 0.3232421875 0.5129734375
7 0.326171875 0.4902703125 0.3232421875 0.475134375 0.2919921875 0.4745953125 0.2705078125 0.478378125 0.2373046875 0.484865625 0.212890625 0.4870265625 0.1826171875 0.49351406249999996 0.1669921875 0.5037843750000001 0.1982421875 0.51891875 0.2314453125 0.515675 0.2568359375 0.5102703125 0.283203125 0.5118921875 0.314453125 0.5118921875 0.3388671875 0.504865625 0.326171875 0.4902703125
6 0.3349609375 0.45999999999999996 0.33203125 0.4481078125 0.3232421875 0.4324328125 0.302734375 0.4286484375 0.2783203125 0.4318921875 0.2490234375 0.435675 0.22265625 0.4378375 0.1884765625 0.44432499999999997 0.201171875 0.45891875000000004 0.2294921875 0.462703125 0.25390625 0.4664859375 0.2744140625 0.47351406249999994 0.298828125 0.4729734375 0.3232421875 0.475134375 0.3349609375 0.45999999999999996
5 0.3046875 0.43891875 0.3203125 0.4259453125 0.330078125 0.41243281249999997 0.330078125 0.4 0.3173828125 0.3897296875 0.283203125 0.3864859375 0.2490234375 0.3870265625 0.2109375 0.3886484375 0.1826171875 0.3908109375 0.2529296875 0.4091890625 0.1708984375 0.4086484375 0.1865234375 0.418378125 0.2138671875 0.42108125 0.23828125 0.4286484375 0.271484375 0.43405468750000004 0.3046875 0.43891875
4 0.28125 0.3691890625 0.2900390625 0.355134375 0.2900390625 0.342703125 0.2744140625 0.3324328125 0.24609375 0.3308109375 0.2138671875 0.3297296875 0.185546875 0.3275671875 0.1494140625 0.3275671875 0.2255859375 0.3529734375 0.1513671875 0.3459453125 0.1728515625 0.3578375 0.205078125 0.3697296875 0.2353515625 0.378378125 0.26171875 0.38324375 0.28125 0.3691890625
4 0.33203125 0.34108125 0.3076171875 0.342703125 0.2900390625 0.33837812500000003 0.2958984375 0.3545953125 0.2890625 0.36648593749999997 0.2744140625 0.376215625 0.3046875 0.3864859375 0.322265625 0.3897296875 0.337890625 0.375134375 0.3505859375 0.364865625 0.34765625 0.3502703125 0.33203125 0.34108125
3 0.3603515625 0.33999999999999997 0.3681640625 0.32432500000000003 0.380859375 0.3091890625 0.3779296875 0.296215625 0.36328125 0.2854046875 0.3408203125 0.281621875 0.3203125 0.27999999999999997 0.3017578125 0.2735140625 0.271484375 0.2664859375 0.2470703125 0.264865625 0.2744140625 0.282703125 0.2978515625 0.29405468749999997 0.287109375 0.3086484375 0.251953125 0.3124328125 0.2099609375 0.3124328125 0.24609375 0.32432500000000003 0.2802734375 0.3291890625 0.302734375 0.3378375 0.328125 0.3497296875 0.3603515625 0.33999999999999997
3 0.259765625 0.3054046875 0.2685546875 0.29243281250000003 0.2685546875 0.27837812500000003 0.25 0.2654046875 0.2275390625 0.26324375 0.1923828125 0.261621875 0.1640625 0.26216249999999997 0.1953125 0.2854046875 0.1552734375 0.282703125 0.17578125 0.297296875 0.1953125 0.3086484375 0.22265625 0.319459375 0.240234375 0.3129734375 0.259765625 0.3054046875
1 0.2734375 0.25891875 0.2900390625 0.2702703125 0.31640625 0.280540625 0.337890625 0.2886484375 0.3603515625 0.295134375 0.3798828125 0.28378437500000003 0.390625 0.2702703125 0.396484375 0.255134375 0.4052734375 0.24 0.40625 0.222703125 0.37890625 0.219459375 0.3447265625 0.218378125 0.31640625 0.21513437500000002 0.2919921875 0.2081078125 0.2685546875 0.201621875 0.2353515625 0.195675 0.2041015625 0.1929734375 0.234375 0.21513437500000002 0.26171875 0.222703125 0.28125 0.2302703125 0.294921875 0.24 0.259765625 0.241621875 0.228515625 0.2345953125 0.1923828125 0.22648593749999998 0.1650390625 0.2313515625 0.1943359375 0.24108125 0.21875 0.2513515625 0.2412109375 0.255675 0.2734375 0.25891875
13 0.6064453125 0.7264859375 0.576171875 0.7329734375 0.5390625 0.74 0.515625 0.7454046875 0.4853515625 0.742703125 0.4580078125 0.74324375 0.4326171875 0.74324375 0.427734375 0.75675625 0.43359375 0.7718921875 0.4443359375 0.7854046875 0.45703125 0.7983781249999999 0.4814453125 0.8059453124999999 0.5146484375 0.8043250000000001 0.5390625 0.7908109375000001 0.56640625 0.780540625 0.59765625 0.775134375 0.619140625 0.76 0.580078125 0.7654046875 0.5556640625 0.75675625 0.5849609375 0.7470265625 0.619140625 0.7410812499999999 0.65234375 0.7297296875 0.6064453125 0.7264859375
0 0.3330078125 0.221621875 0.3525390625 0.21459531250000002 0.36328125 0.200540625 0.384765625 0.1864859375 0.3935546875 0.1724328125 0.3896484375 0.155134375 0.3662109375 0.1421625 0.3330078125 0.13999999999999999 0.302734375 0.13891875 0.2734375 0.1335140625 0.2490234375 0.135134375 0.2802734375 0.15675624999999999 0.2646484375 0.1718921875 0.2294921875 0.1670265625 0.2294921875 0.17891875 0.2568359375 0.18972968750000002 0.2783203125 0.19891875 0.3046875 0.21459531250000002 0.3330078125 0.221621875
27 0.6162109375 0.1670265625 0.5888671875 0.15945937500000001 0.56640625 0.160540625 0.5458984375 0.1675671875 0.533203125 0.177296875 0.521484375 0.19135156250000002 0.5205078125 0.204865625 0.525390625 0.21675624999999998 0.5615234375 0.222703125 0.5888671875 0.22486562499999999 0.6181640625 0.2275671875 0.5947265625 0.2102703125 0.6181640625 0.1978375 0.65625 0.2059453125 0.6533203125 0.18972968750000002 0.6337890625 0.17621562500000001 0.6162109375 0.1670265625
26 0.533203125 0.22000000000000003 0.5068359375 0.2081078125 0.4794921875 0.201621875 0.4501953125 0.19729687499999998 0.427734375 0.20270312499999998 0.4169921875 0.218378125 0.4052734375 0.2378375 0.412109375 0.25675625 0.44140625 0.258378125 0.47265625 0.255675 0.5146484375 0.258378125 0.552734375 0.26216249999999997 0.5966796875 0.263784375 0.630859375 0.24702656250000002 0.61328125 0.2313515625 0.5849609375 0.22432500000000002 0.560546875 0.22324375000000002 0.533203125 0.22000000000000003
25 0.4228515625 0.25891875 0.40234375 0.26216249999999997 0.392578125 0.28378437500000003 0.3818359375 0.304325 0.4052734375 0.3075671875 0.435546875 0.3075671875 0.4580078125 0.304325 0.4814453125 0.3075671875 0.4638671875 0.2908109375 0.4716796875 0.280540625 0.484375 0.260540625 0.4541015625 0.26324375 0.4228515625 0.25891875
25 0.505859375 0.264865625 0.484375 0.2681078125 0.474609375 0.280540625 0.47265625 0.297296875 0.484375 0.3097296875 0.5087890625 0.317296875 0.533203125 0.3145953125 0.5576171875 0.31135156249999996 0.580078125 0.3097296875 0.6103515625 0.3059453125 0.6181640625 0.277296875 0.5947265625 0.2724328125 0.56640625 0.2702703125 0.5302734375 0.2681078125 0.505859375 0.264865625
23 0.4814453125 0.3059453125 0.451171875 0.304325 0.42578125 0.3129734375 0.423828125 0.3324328125 0.4384765625 0.344865625 0.45703125 0.3545953125 0.4814453125 0.3578375 0.5029296875 0.3502703125 0.53125 0.34756718750000004 0.564453125 0.34108125 0.6005859375 0.339459375 0.6044921875 0.3145953125 0.5703125 0.31567500000000004 0.5478515625 0.3140546875 0.505859375 0.3145953125 0.4814453125 0.3059453125
23 0.3779296875 0.3313515625 0.38671875 0.3491890625 0.4052734375 0.3491890625 0.427734375 0.3459453125 0.419921875 0.32108125 0.4306640625 0.3086484375 0.4052734375 0.3059453125 0.384765625 0.3086484375 0.3779296875 0.3313515625
29 0.47265625 0.3545953125 0.4443359375 0.3518921875 0.419921875 0.3497296875 0.3994140625 0.355134375 0.3935546875 0.3686484375 0.38671875 0.378378125 0.40625 0.38810781250000004 0.427734375 0.395134375 0.4501953125 0.40324375 0.494140625 0.4 0.53125 0.395675 0.576171875 0.3886484375 0.603515625 0.383784375 0.5498046875 0.378378125 0.615234375 0.3578375 0.5791015625 0.3535140625 0.5390625 0.355134375 0.50390625 0.3535140625 0.47265625 0.3545953125
30 0.48828125 0.4091890625 0.45703125 0.4059453125 0.4296875 0.40378437500000003 0.4013671875 0.39837812499999997 0.3740234375 0.39675625000000003 0.3564453125 0.40324375 0.3544921875 0.420540625 0.3544921875 0.4378375 0.3720703125 0.44594531249999997 0.396484375 0.4481078125 0.4208984375 0.442703125 0.4423828125 0.43729687500000003 0.4853515625 0.436215625 0.5244140625 0.43945937500000004 0.56640625 0.440540625 0.6005859375 0.4286484375 0.572265625 0.418378125 0.5458984375 0.417296875 0.521484375 0.4140546875 0.48828125 0.4091890625
2 0.5703125 0.777296875 0.5458984375 0.78324375 0.544921875 0.7935140625 0.54296875 0.8070265624999999 0.560546875 0.817296875 0.5673828125 0.8270265625000001 0.5791015625 0.83891875 0.603515625 0.8448656250000001 0.6318359375 0.84108125 0.650390625 0.8308109375000001 0.673828125 0.8178375000000001 0.69140625 0.8086484374999999 0.68359375 0.7967562499999999 0.650390625 0.8021625 0.6318359375 0.7875671875 0.658203125 0.7724328125000001 0.6220703125 0.7735140625 0.59765625 0.7783781249999999 0.5703125 0.777296875