7 0.5080843749999999 0.5458984375 0.5002453124999999 0.52734375 0.4889765625 0.5283203125 0.4889765625 0.5537109375 0.491425 0.5810546875 0.49289531249999996 0.607421875 0.49436562500000003 0.6376953125 0.4977953125 0.666015625 0.5022046875 0.693359375 0.5134734375 0.708984375 0.51739375 0.6787109375 0.516903125 0.6533203125 0.51494375 0.626953125 0.5134734375 0.591796875 0.5095546875 0.5732421875 0.5080843749999999 0.5458984375
8 0.48260625 0.53125 0.46986718749999995 0.5439453125 0.4713375 0.568359375 0.4723171875 0.59375 0.4747671875 0.6171875 0.4762375 0.65234375 0.4762375 0.6806640625 0.4791765625 0.708984375 0.49289531249999996 0.716796875 0.49387499999999995 0.68359375 0.49387499999999995 0.6572265625 0.491915625 0.6240234375 0.48946562499999996 0.58984375 0.48946562499999996 0.560546875 0.48260625 0.53125
9 0.4723171875 0.55859375 0.46006875 0.55078125 0.448309375 0.5439453125 0.448309375 0.5810546875 0.4473296875 0.611328125 0.44683906249999994 0.6396484375 0.44439062500000004 0.6650390625 0.44683906249999994 0.69140625 0.45075937499999996 0.716796875 0.46496875 0.7314453125 0.4659484375 0.69921875 0.46496875 0.666015625 0.4674171875 0.640625 0.47035781249999997 0.6064453125 0.4723171875 0.5810546875 0.4723171875 0.55859375
10 0.44977968749999997 0.5791015625 0.45222968750000003 0.5556640625 0.44292031249999997 0.5400390625 0.430671875 0.5400390625 0.42136250000000003 0.5654296875 0.42038281250000004 0.59375 0.4174421875 0.615234375 0.41499218750000005 0.6455078125 0.41499218750000005 0.66796875 0.4164625 0.6953125 0.4174421875 0.71875 0.42038281250000004 0.75 0.43263125 0.76953125 0.437040625 0.7392578125 0.4404703125 0.708984375 0.441940625 0.6708984375 0.44585937500000006 0.640625 0.448309375 0.611328125 0.44977968749999997 0.5791015625
11 0.4218515625 0.58203125 0.42283125000000005 0.55078125 0.4086234375 0.55078125 0.3924546875 0.541015625 0.3855953125 0.56640625 0.388534375 0.5986328125 0.3924546875 0.626953125 0.3949046875 0.66015625 0.395884375 0.693359375 0.398334375 0.724609375 0.4061734375 0.75 0.41891249999999997 0.744140625 0.4174421875 0.7060546875 0.4174421875 0.6826171875 0.4179328125 0.6494140625 0.42038281250000004 0.607421875 0.4218515625 0.58203125
12 0.3919640625 0.6064453125 0.375796875 0.6298828125 0.3650171875 0.6455078125 0.36795625 0.6708984375 0.37040625 0.69921875 0.3738359375 0.720703125 0.3806953125 0.7646484375 0.3904953125 0.7744140625 0.39735468749999997 0.759765625 0.3998046875 0.744140625 0.398334375 0.7080078125 0.3949046875 0.6787109375 0.3944140625 0.63671875 0.3919640625 0.6064453125
6 0.5350312500000001 0.568359375 0.5340515625 0.541015625 0.5213125 0.5478515625 0.510534375 0.556640625 0.51249375 0.58203125 0.51494375 0.607421875 0.51739375 0.634765625 0.5183734375 0.66015625 0.52229375 0.685546875 0.5247421875 0.7060546875 0.5350312500000001 0.7333984375 0.540421875 0.7060546875 0.53993125 0.6806640625 0.5365015625 0.6552734375 0.5360125 0.626953125 0.5350312500000001 0.6015625 0.5350312500000001 0.568359375
5 0.560509375 0.576171875 0.5482609375 0.5556640625 0.53748125 0.5556640625 0.5365015625 0.5810546875 0.53993125 0.609375 0.540421875 0.640625 0.5438515625 0.6650390625 0.544340625 0.6962890625 0.5463015625 0.7236328125 0.555609375 0.75390625 0.565409375 0.77734375 0.57471875 0.7568359375 0.5756984375 0.7314453125 0.5732484375 0.703125 0.57226875 0.6728515625 0.571778125 0.642578125 0.56736875 0.6015625 0.560509375 0.576171875
4 0.56736875 0.576171875 0.5683484375 0.6044921875 0.5707984374999999 0.6279296875 0.571778125 0.658203125 0.5737390625 0.68359375 0.5761875 0.7158203125 0.5850078125 0.73828125 0.5938265625 0.7158203125 0.5943171875 0.69140625 0.59480625 0.6630859375 0.5962765625 0.625 0.5850078125 0.609375 0.5786374999999999 0.591796875 0.56736875 0.576171875
21 0.47770625000000005 0.5107421875 0.49387499999999995 0.5048828125 0.5041640625 0.4951171875 0.5022046875 0.474609375 0.5022046875 0.443359375 0.501715625 0.421875 0.5002453124999999 0.3955078125 0.4977953125 0.3603515625 0.4958359375 0.3291015625 0.4953453125 0.298828125 0.491425 0.265625 0.47868750000000004 0.2880859375 0.4791765625 0.32421875 0.47868750000000004 0.3505859375 0.4791765625 0.384765625 0.47525781250000004 0.41796875 0.47035781249999997 0.4384765625 0.4688875 0.4697265625 0.46643749999999995 0.5 0.47770625000000005 0.5107421875
22 0.514453125 0.5126953125 0.5296421875 0.509765625 0.53748125 0.484375 0.5350312500000001 0.439453125 0.5360125 0.4208984375 0.5335625 0.3857421875 0.5360125 0.35546875 0.537971875 0.3291015625 0.53993125 0.3046875 0.5438515625 0.2734375 0.5276828124999999 0.2841796875 0.5198437499999999 0.322265625 0.51494375 0.3525390625 0.514453125 0.384765625 0.506125 0.4111328125 0.5041640625 0.439453125 0.5022046875 0.4697265625 0.5007343750000001 0.5 0.514453125 0.5126953125
20 0.45320937499999997 0.505859375 0.46545781249999996 0.501953125 0.4762375 0.4794921875 0.4767265625 0.45703125 0.4762375 0.42578125 0.47525781250000004 0.400390625 0.4737875 0.3681640625 0.4713375 0.3349609375 0.4683984375 0.30859375 0.4610484375 0.2763671875 0.44683906249999994 0.2939453125 0.4473296875 0.3291015625 0.4492890625 0.357421875 0.4517390625 0.3857421875 0.4399796875 0.419921875 0.4341015625 0.44140625 0.43165156250000003 0.474609375 0.4341015625 0.5009765625 0.45320937499999997 0.505859375
19 0.41156249999999994 0.5126953125 0.4292015625 0.5 0.4355703125 0.4697265625 0.4341015625 0.4384765625 0.43165156250000003 0.408203125 0.43018124999999996 0.3779296875 0.42675156249999996 0.34765625 0.4243015625 0.3134765625 0.42283125000000005 0.279296875 0.4179328125 0.240234375 0.403234375 0.271484375 0.40764374999999997 0.3173828125 0.409603125 0.36328125 0.4061734375 0.3935546875 0.39735468749999997 0.421875 0.3944140625 0.4462890625 0.393434375 0.47265625 0.398334375 0.498046875 0.41156249999999994 0.5126953125
18 0.3718765625 0.5126953125 0.393434375 0.4892578125 0.403234375 0.47265625 0.398334375 0.4443359375 0.3949046875 0.416015625 0.390984375 0.3857421875 0.389515625 0.3525390625 0.3944140625 0.326171875 0.3968640625 0.30078125 0.39882343750000004 0.2734375 0.39882343750000004 0.2275390625 0.382165625 0.248046875 0.3767765625 0.2841796875 0.3718765625 0.3173828125 0.36550781250000003 0.3525390625 0.3601171875 0.3876953125 0.3586484375 0.4189453125 0.3586484375 0.4619140625 0.3625671875 0.4853515625 0.3718765625 0.5126953125
17 0.3601171875 0.4296875 0.3557078125 0.4111328125 0.3380703125 0.3974609375 0.33415 0.4228515625 0.33121093749999997 0.458984375 0.32925 0.482421875 0.33610937500000004 0.5048828125 0.35276874999999996 0.501953125 0.3650171875 0.4853515625 0.3625671875 0.4638671875 0.3601171875 0.4296875
30 0.5595296875 0.505859375 0.569328125 0.4853515625 0.569328125 0.4619140625 0.569328125 0.4287109375 0.5707984374999999 0.400390625 0.5737390625 0.3720703125 0.57716875 0.3466796875 0.5796171875 0.3134765625 0.5668796875 0.31640625 0.561 0.3349609375 0.551690625 0.3671875 0.5453203125 0.3955078125 0.540421875 0.42578125 0.5340515625 0.451171875 0.5360125 0.4794921875 0.5414015625 0.5126953125 0.5595296875 0.505859375
29 0.5820671875000001 0.509765625 0.59480625 0.5126953125 0.604115625 0.4951171875 0.604115625 0.4716796875 0.6031359375 0.439453125 0.6026453125 0.41796875 0.6011765625 0.3876953125 0.6011765625 0.35546875 0.6055859375 0.326171875 0.6080359375 0.2861328125 0.604115625 0.23046875 0.5864765625 0.25390625 0.5850078125 0.298828125 0.5801078125 0.33984375 0.5781484375 0.3701171875 0.5756984375 0.3974609375 0.5732484375 0.4287109375 0.571778125 0.4619140625 0.57226875 0.490234375 0.5820671875000001 0.509765625
23 0.6349828125 0.498046875 0.6359625 0.4697265625 0.6344921875 0.4384765625 0.6349828125 0.41796875 0.6325328125 0.3876953125 0.6310625 0.359375 0.6286140625 0.33203125 0.620284375 0.30078125 0.611465625 0.3369140625 0.609015625 0.3759765625 0.6080359375 0.4052734375 0.6055859375 0.4365234375 0.6001953125 0.4619140625 0.6026453125 0.4853515625 0.6095046875000001 0.5048828125 0.624203125 0.5107421875 0.6349828125 0.498046875
25 0.6687890624999999 0.5234375 0.6741796875 0.501953125 0.67466875 0.4765625 0.6692796875 0.443359375 0.667809375 0.41796875 0.666340625 0.3857421875 0.663890625 0.3603515625 0.661440625 0.326171875 0.651640625 0.3017578125 0.6359625 0.3212890625 0.6325328125 0.3623046875 0.6349828125 0.3955078125 0.6359625 0.4365234375 0.6325328125 0.4697265625 0.63204375 0.501953125 0.6438015625 0.5234375 0.6550703125 0.52734375 0.6687890624999999 0.5234375
26 0.6957375 0.509765625 0.70945625 0.5 0.7192546875 0.48046875 0.7202359375 0.4541015625 0.7153359375 0.4267578125 0.7123953125 0.3974609375 0.711415625 0.3720703125 0.709946875 0.3427734375 0.7065171875 0.30859375 0.6908375 0.326171875 0.6883874999999999 0.3779296875 0.6854484375000001 0.4130859375 0.67466875 0.443359375 0.6683 0.455078125 0.6668296875 0.4814453125 0.6741796875 0.501953125 0.6854484375000001 0.5078125 0.6957375 0.509765625
13 0.3145515625 0.490234375 0.3307203125 0.4853515625 0.343459375 0.4638671875 0.3424796875 0.4267578125 0.341009375 0.392578125 0.3370890625 0.359375 0.3331703125 0.3212890625 0.3307203125 0.279296875 0.3145515625 0.2890625 0.31651093750000003 0.326171875 0.3140625 0.3525390625 0.2988734375 0.3935546875 0.29005312499999997 0.4189453125 0.2876046875 0.443359375 0.28907343750000003 0.4775390625 0.297403125 0.498046875 0.3145515625 0.490234375
2 0.2934828125 0.447265625 0.2876046875 0.423828125 0.28123437500000004 0.388671875 0.2758453125 0.3544921875 0.2660453125 0.3173828125 0.2459578125 0.31640625 0.240078125 0.384765625 0.23860781250000002 0.4345703125 0.23566875 0.4755859375 0.2371390625 0.5146484375 0.2572265625 0.53125 0.2807453125 0.515625 0.297403125 0.4951171875 0.2934828125 0.447265625