7 0.4716796875 0.5110234375 0.47265625 0.4997546875 0.4541015625 0.491915625 0.4267578125 0.4904453125 0.408203125 0.48652656250000004 0.373046875 0.48505624999999997 0.3466796875 0.48309687500000004 0.3212890625 0.48260625 0.291015625 0.48652656250000004 0.306640625 0.4977953125 0.333984375 0.5022046875 0.3623046875 0.505634375 0.392578125 0.5071046875 0.4189453125 0.508575 0.4462890625 0.5110234375 0.4716796875 0.5110234375
8 0.4560546875 0.5301328125 0.46875 0.51739375 0.439453125 0.510534375 0.41015625 0.510534375 0.3759765625 0.5080843749999999 0.3427734375 0.506125 0.31640625 0.506125 0.283203125 0.5071046875 0.291015625 0.5208234375 0.3193359375 0.5237625 0.34765625 0.5237625 0.3828125 0.5252328125 0.40625 0.5276828124999999 0.431640625 0.5286625 0.4560546875 0.5301328125
9 0.4560546875 0.551690625 0.44921875 0.53993125 0.44140625 0.5276828124999999 0.4189453125 0.5276828124999999 0.3935546875 0.5296421875 0.359375 0.5325828125000001 0.333984375 0.5350312500000001 0.30078125 0.5340515625 0.2685546875 0.5350312500000001 0.283203125 0.549240625 0.30859375 0.5531609375000001 0.3349609375 0.555609375 0.3603515625 0.5531609375000001 0.388671875 0.5526703125 0.4189453125 0.551690625 0.4560546875 0.551690625
10 0.40625 0.5796171875 0.4345703125 0.5786374999999999 0.4599609375 0.569328125 0.4599609375 0.5570796875 0.4443359375 0.5477703125 0.4208984375 0.5502203125 0.388671875 0.551690625 0.359375 0.5541406249999999 0.3291015625 0.558059375 0.291015625 0.5595296875 0.2607421875 0.5629593749999999 0.23046875 0.56736875 0.25 0.5796171875 0.28125 0.5825578124999999 0.3046875 0.5835375 0.33203125 0.5850078125 0.3544921875 0.5850078125 0.384765625 0.5825578124999999 0.40625 0.5796171875
11 0.458984375 0.6075453125 0.44921875 0.5913765625 0.44921875 0.57716875 0.41796875 0.5781484375 0.392578125 0.5796171875 0.3505859375 0.5820671875000001 0.3173828125 0.5825578124999999 0.2939453125 0.5825578124999999 0.255859375 0.5810875 0.25 0.5938265625 0.275390625 0.601665625 0.306640625 0.604115625 0.33984375 0.6050953125 0.373046875 0.6075453125 0.4013671875 0.611465625 0.43359375 0.6144046875 0.458984375 0.6075453125
12 0.3935546875 0.6080359375 0.36328125 0.6055859375 0.3212890625 0.6050953125 0.2919921875 0.601665625 0.255859375 0.6001953125 0.240234375 0.6026453125 0.2255859375 0.6095046875000001 0.2353515625 0.6193046875 0.279296875 0.6261640625 0.30078125 0.62959375 0.3291015625 0.63204375 0.3544921875 0.6349828125 0.3701171875 0.624203125 0.3935546875 0.6080359375
6 0.443359375 0.48946562499999996 0.4521484375 0.47868750000000004 0.458984375 0.4659484375 0.431640625 0.46496875 0.3984375 0.46496875 0.373046875 0.4639875 0.3447265625 0.4634984375 0.3193359375 0.46006875 0.2939453125 0.459578125 0.2666015625 0.46496875 0.2939453125 0.47525781250000004 0.314453125 0.47770625000000005 0.33984375 0.48162656249999997 0.365234375 0.48260625 0.392578125 0.48505624999999997 0.41796875 0.48750625000000003 0.443359375 0.48946562499999996
5 0.390625 0.46006875 0.4189453125 0.4634984375 0.4443359375 0.46251875 0.4443359375 0.4517390625 0.423828125 0.439490625 0.3984375 0.43263125 0.357421875 0.42822187500000003 0.3271484375 0.42773125 0.296875 0.42675156249999996 0.2685546875 0.4243015625 0.2431640625 0.42528125 0.22265625 0.43459062499999995 0.24609375 0.44439062500000004 0.2763671875 0.45369843750000005 0.3037109375 0.45565937500000003 0.3349609375 0.4561484375 0.359375 0.459578125 0.390625 0.46006875
4 0.423828125 0.43263125 0.408203125 0.42136250000000003 0.390625 0.41499218750000005 0.375 0.40372343749999995 0.3369140625 0.40519375 0.30859375 0.4056828125 0.2841796875 0.4061734375 0.26171875 0.41499218750000005 0.2841796875 0.42381250000000004 0.31640625 0.42626093750000005 0.341796875 0.42822187500000003 0.3720703125 0.4292015625 0.3955078125 0.43165156250000003 0.423828125 0.43263125
21 0.6044921875 0.4997546875 0.578125 0.498284375 0.556640625 0.4977953125 0.525390625 0.4977953125 0.5048828125 0.4958359375 0.4951171875 0.506125 0.4892578125 0.52229375 0.5 0.5335625 0.5302734375 0.5311125 0.5615234375 0.5296421875 0.58203125 0.5247421875 0.615234375 0.5208234375 0.6494140625 0.5213125 0.67578125 0.5208234375 0.7119140625 0.5213125 0.734375 0.508575 0.701171875 0.5046546875 0.6708984375 0.5041640625 0.6396484375 0.5022046875 0.6044921875 0.4997546875
22 0.6142578125 0.46643749999999995 0.5791015625 0.4639875 0.560546875 0.46496875 0.515625 0.46251875 0.490234375 0.47035781249999997 0.4873046875 0.485546875 0.5 0.49926562499999994 0.5302734375 0.4977953125 0.560546875 0.4958359375 0.5888671875 0.49387499999999995 0.615234375 0.485546875 0.6474609375 0.48505624999999997 0.677734375 0.48015625 0.7158203125 0.4723171875 0.7265625 0.4561484375 0.6953125 0.46006875 0.6708984375 0.46202812499999996 0.64453125 0.4639875 0.6142578125 0.46643749999999995
20 0.599609375 0.5247421875 0.57421875 0.5237625 0.54296875 0.5232734375 0.5205078125 0.5237625 0.498046875 0.5345421875 0.494140625 0.5467906250000001 0.4990234375 0.5658984375 0.525390625 0.5683484375 0.55859375 0.5658984375 0.580078125 0.5600203125000001 0.6142578125 0.5482609375 0.642578125 0.5507109375 0.6708984375 0.5526703125 0.7060546875 0.5531609375000001 0.7236328125 0.5389515625 0.69140625 0.5316015625 0.6650390625 0.5286625 0.6318359375 0.5262125 0.599609375 0.5247421875
19 0.6220703125 0.56981875 0.591796875 0.5683484375 0.5615234375 0.5658984375 0.5302734375 0.5644296875 0.5 0.5707984374999999 0.4873046875 0.5884375000000001 0.501953125 0.601665625 0.52734375 0.606565625 0.5537109375 0.6055859375 0.578125 0.6026453125 0.6064453125 0.5938265625 0.63671875 0.5903968749999999 0.6826171875 0.59235625 0.728515625 0.596765625 0.759765625 0.5820671875000001 0.720703125 0.57716875 0.6865234375 0.5756984375 0.65234375 0.5732484375 0.6220703125 0.56981875
18 0.6474609375 0.610484375 0.6142578125 0.609015625 0.583984375 0.6050953125 0.5556640625 0.601665625 0.52734375 0.596765625 0.5107421875 0.606565625 0.4873046875 0.6281234375 0.5146484375 0.6374328125 0.5380859375 0.6413515624999999 0.5810546875 0.6413515624999999 0.6123046875 0.6398828125 0.6474609375 0.6344921875 0.6826171875 0.6281234375 0.7158203125 0.6232234375 0.751953125 0.6178343749999999 0.7724609375 0.6011765625 0.7265625 0.6011765625 0.69921875 0.6031359375 0.673828125 0.6055859375 0.6474609375 0.610484375
17 0.498046875 0.64723125 0.4951171875 0.663890625 0.517578125 0.67075 0.541015625 0.6687890624999999 0.5771484375 0.66585 0.6025390625 0.6619296875 0.5888671875 0.6442921875 0.5703125 0.6398828125 0.5361328125 0.6374328125 0.5146484375 0.6349828125 0.498046875 0.64723125
30 0.5712890625 0.430671875 0.5380859375 0.430671875 0.5146484375 0.430671875 0.494140625 0.4404703125 0.4873046875 0.45859843749999996 0.5205078125 0.4639875 0.548828125 0.4659484375 0.57421875 0.459578125 0.6044921875 0.4546796875 0.6328125 0.448309375 0.6650390625 0.43899999999999995 0.68359375 0.4331203125 0.6865234375 0.42038281250000004 0.6533203125 0.42283125000000005 0.6279296875 0.42626093750000005 0.599609375 0.4292015625 0.5712890625 0.430671875
29 0.6123046875 0.39882343750000004 0.58203125 0.39735468749999997 0.560546875 0.3968640625 0.5283203125 0.395884375 0.5048828125 0.395884375 0.4873046875 0.40519375 0.490234375 0.4179328125 0.509765625 0.42773125 0.5380859375 0.42822187500000003 0.5712890625 0.42675156249999996 0.6025390625 0.4243015625 0.6298828125 0.4218515625 0.66015625 0.4198921875 0.701171875 0.41499218750000005 0.74609375 0.4135234375 0.76953125 0.395884375 0.7138671875 0.3919640625 0.673828125 0.3944140625 0.64453125 0.39882343750000004 0.6123046875 0.39882343750000004
23 0.58203125 0.3650171875 0.5615234375 0.36550781250000003 0.5302734375 0.3640375 0.501953125 0.3650171875 0.4892578125 0.375796875 0.4951171875 0.3904953125 0.5146484375 0.39735468749999997 0.5380859375 0.3998046875 0.5634765625 0.3944140625 0.5947265625 0.3919640625 0.6240234375 0.390984375 0.6630859375 0.388534375 0.69921875 0.379715625 0.66796875 0.37138593750000004 0.640625 0.36893750000000003 0.6123046875 0.3674671875 0.58203125 0.3650171875
25 0.58203125 0.332190625 0.556640625 0.3307203125 0.5234375 0.32533124999999996 0.498046875 0.3258203125 0.4765625 0.33121093749999997 0.47265625 0.34492968749999997 0.4765625 0.3561984375 0.498046875 0.36795625 0.5302734375 0.3674671875 0.5634765625 0.3640375 0.6044921875 0.3650171875 0.6376953125 0.3674671875 0.6787109375 0.3640375 0.6982421875 0.34835937499999997 0.673828125 0.338559375 0.6396484375 0.33610937500000004 0.6142578125 0.333659375 0.58203125 0.332190625
26 0.5732421875 0.2846640625 0.5458984375 0.2797640625 0.51953125 0.2807453125 0.5 0.29054375 0.490234375 0.3042625 0.4921875 0.3145515625 0.498046875 0.3258203125 0.5185546875 0.3331703125 0.544921875 0.3317 0.556640625 0.32533124999999996 0.5869140625 0.3145515625 0.6220703125 0.31161249999999996 0.673828125 0.3091625 0.69140625 0.2934828125 0.6572265625 0.29005312499999997 0.6279296875 0.288584375 0.6025390625 0.2876046875 0.5732421875 0.2846640625
13 0.5732421875 0.6575203125 0.5361328125 0.656540625 0.5146484375 0.6692796875 0.509765625 0.6854484375000001 0.501953125 0.702596875 0.5224609375 0.7109265625 0.556640625 0.7123953125 0.5810546875 0.709946875 0.6064453125 0.7011265625 0.6474609375 0.6859375 0.673828125 0.6834890625 0.7109375 0.6854484375000001 0.720703125 0.6692796875 0.6787109375 0.6668296875 0.640625 0.6629109375 0.607421875 0.658990625 0.5732421875 0.6575203125
2 0.552734375 0.7065171875 0.5048828125 0.702596875 0.484375 0.7192546875 0.46875 0.7427734375 0.4853515625 0.7628609375 0.5244140625 0.76433125 0.5654296875 0.7613921875 0.615234375 0.7599218750000001 0.68359375 0.7540421875 0.6826171875 0.7339546875 0.6455078125 0.7241546875 0.611328125 0.718765625 0.576171875 0.7123953125 0.552734375 0.7065171875