22 0.466796875 0.44977968749999997 0.4345703125 0.44977968749999997 0.4033203125 0.4561484375 0.365234375 0.46006875 0.3935546875 0.4728078125 0.42578125 0.4728078125 0.458984375 0.4747671875 0.484375 0.47770625000000005 0.5185546875 0.48162656249999997 0.5478515625 0.48652656250000004 0.5810546875 0.491915625 0.607421875 0.48407656250000003 0.619140625 0.4723171875 0.6171875 0.457128125 0.59375 0.4453703125 0.5634765625 0.441940625 0.525390625 0.44439062500000004 0.4892578125 0.4492890625 0.466796875 0.44977968749999997
21 0.4267578125 0.505634375 0.3857421875 0.5120046874999999 0.4208984375 0.5276828124999999 0.4638671875 0.5350312500000001 0.5 0.5340515625 0.53125 0.53748125 0.5654296875 0.53993125 0.5947265625 0.53748125 0.619140625 0.5335625 0.6064453125 0.5198437499999999 0.58984375 0.510534375 0.5693359375 0.498284375 0.5439453125 0.4953453125 0.517578125 0.49926562499999994 0.484375 0.503184375 0.4521484375 0.5022046875 0.4267578125 0.505634375
20 0.42578125 0.555609375 0.4716796875 0.565409375 0.5107421875 0.57226875 0.5439453125 0.5796171875 0.5791015625 0.5825578124999999 0.6044921875 0.5737390625 0.6064453125 0.5590390625 0.5888671875 0.544340625 0.556640625 0.542871875 0.5205078125 0.540421875 0.4970703125 0.5389515625 0.4697265625 0.53748125 0.4365234375 0.53748125 0.3974609375 0.54238125 0.42578125 0.555609375
19 0.52734375 0.6095046875000001 0.55859375 0.618325 0.583984375 0.6144046875 0.6064453125 0.6055859375 0.6025390625 0.5874578125000001 0.5888671875 0.57716875 0.56640625 0.5737390625 0.5380859375 0.5781484375 0.5 0.5820671875000001 0.4716796875 0.5884375000000001 0.4599609375 0.604115625 0.490234375 0.606565625 0.52734375 0.6095046875000001
19 0.31640625 0.6256734374999999 0.35546875 0.618325 0.3935546875 0.6139140624999999 0.4189453125 0.6119546875 0.4462890625 0.606565625 0.466796875 0.5938265625 0.46875 0.5761875 0.44921875 0.5629593749999999 0.42578125 0.5595296875 0.3955078125 0.5644296875 0.3681640625 0.57226875 0.337890625 0.5810875 0.3173828125 0.5903968749999999 0.2958984375 0.6075453125 0.31640625 0.6256734374999999
18 0.392578125 0.6369421875 0.45703125 0.6349828125 0.4013671875 0.6487015625 0.4365234375 0.6511515625000001 0.4697265625 0.6501718750000001 0.498046875 0.6487015625 0.525390625 0.6442921875 0.54296875 0.6325328125 0.54296875 0.6207734375 0.52734375 0.611465625 0.5078125 0.604115625 0.482421875 0.6026453125 0.458984375 0.610484375 0.43359375 0.6168546874999999 0.41015625 0.6246937499999999 0.392578125 0.6369421875
17 0.5458984375 0.6668296875 0.525390625 0.64968125 0.5 0.651640625 0.4716796875 0.6575203125 0.46484375 0.67075 0.474609375 0.6874078124999999 0.4970703125 0.6937781249999999 0.5185546875 0.6898578125 0.541015625 0.68446875 0.5458984375 0.6668296875
13 0.494140625 0.6918171875 0.4697265625 0.6932875000000001 0.439453125 0.6918171875 0.4033203125 0.6918171875 0.388671875 0.70210625 0.4208984375 0.70210625 0.4521484375 0.70455625 0.439453125 0.7148453124999999 0.41796875 0.7148453124999999 0.3798828125 0.7153359375 0.4013671875 0.7241546875 0.423828125 0.727584375 0.4443359375 0.7354234374999999 0.46484375 0.7457125 0.490234375 0.7535515625 0.5224609375 0.7535515625 0.5400390625 0.74179375 0.5458984375 0.725625 0.55078125 0.7128859375000001 0.55859375 0.700146875 0.5458984375 0.6893671875 0.5185546875 0.6893671875 0.494140625 0.6918171875
14 0.609375 0.658990625 0.591796875 0.6727093749999999 0.5869140625 0.6918171875 0.583984375 0.7084765625 0.6064453125 0.718765625 0.634765625 0.7202359375 0.66015625 0.725625 0.6865234375 0.73199375 0.7109375 0.7383640625 0.7333984375 0.7457125 0.7666015625 0.7545328125 0.7626953125 0.7383640625 0.7333984375 0.72954375 0.7060546875 0.718765625 0.685546875 0.7035765625 0.7060546875 0.6996578125 0.7373046875 0.7109265625 0.79296875 0.730525 0.7919921875 0.716315625 0.7666015625 0.6986765625 0.7392578125 0.68691875 0.7080078125 0.6756484375 0.6865234375 0.6629109375 0.658203125 0.6487015625 0.625 0.6452718749999999 0.609375 0.658990625
15 0.6201171875 0.78686875 0.650390625 0.7956890624999999 0.6826171875 0.79911875 0.701171875 0.7927484375 0.6708984375 0.7751109375 0.701171875 0.773640625 0.7392578125 0.7721703125 0.720703125 0.755021875 0.701171875 0.7422828124999999 0.673828125 0.73444375 0.6474609375 0.72954375 0.6201171875 0.7359140625 0.6025390625 0.7481625000000001 0.5888671875 0.7609015625 0.5869140625 0.7765796875000001 0.6201171875 0.78686875
30 0.4345703125 0.42773125 0.408203125 0.4331203125 0.4306640625 0.441940625 0.4619140625 0.43802031250000006 0.494140625 0.43802031250000006 0.525390625 0.43802031250000006 0.5537109375 0.437040625 0.58203125 0.439490625 0.615234375 0.4355703125 0.611328125 0.42038281250000004 0.5986328125 0.4061734375 0.5693359375 0.40715312499999995 0.5458984375 0.40715312499999995 0.5185546875 0.41009375 0.4873046875 0.41156249999999994 0.4638671875 0.41548281249999997 0.4345703125 0.42773125
26 0.36328125 0.2439984375 0.3701171875 0.25820625 0.3505859375 0.2660453125 0.375 0.26800625 0.3955078125 0.2621265625 0.41796875 0.25918593749999996 0.439453125 0.2567375 0.447265625 0.24252812499999998 0.421875 0.2327296875 0.3974609375 0.21802968749999999 0.373046875 0.2111703125 0.341796875 0.21999062500000002 0.314453125 0.231259375 0.3037109375 0.2439984375 0.337890625 0.244978125 0.36328125 0.2439984375
25 0.466796875 0.2464484375 0.4462890625 0.2552671875 0.4189453125 0.25967656250000004 0.3876953125 0.2645765625 0.373046875 0.274375 0.408203125 0.2782953125 0.4345703125 0.28319375 0.3828125 0.28809375 0.3525390625 0.29005312499999997 0.42578125 0.29495312500000004 0.4619140625 0.2988734375 0.494140625 0.30377343749999997 0.5224609375 0.299853125 0.541015625 0.2934828125 0.55078125 0.283684375 0.5478515625 0.2709453125 0.5361328125 0.2640859375 0.5283203125 0.2518375 0.5185546875 0.24252812499999998 0.494140625 0.24105781249999997 0.466796875 0.2464484375
24 0.4384765625 0.3233703125 0.4560546875 0.333659375 0.4814453125 0.33610937500000004 0.5048828125 0.341009375 0.5302734375 0.3419890625 0.552734375 0.3400296875 0.576171875 0.333659375 0.5732421875 0.3189609375 0.56640625 0.30377343749999997 0.5458984375 0.2934828125 0.5185546875 0.2988734375 0.494140625 0.30279218750000003 0.466796875 0.3106328125 0.4384765625 0.3233703125
23 0.3681640625 0.35521875 0.388671875 0.361096875 0.4130859375 0.36795625 0.4345703125 0.3767765625 0.4599609375 0.384615625 0.4873046875 0.38020624999999997 0.5048828125 0.36893750000000003 0.509765625 0.3561984375 0.490234375 0.347378125 0.46484375 0.338559375 0.43359375 0.3370890625 0.4013671875 0.3375796875 0.3798828125 0.3356203125 0.3544921875 0.34492968749999997 0.3681640625 0.35521875
23 0.5888671875 0.3566875 0.578125 0.34394843750000004 0.556640625 0.3400296875 0.5283203125 0.3400296875 0.505859375 0.338559375 0.517578125 0.35276874999999996 0.5126953125 0.3738359375 0.5400390625 0.3782453125 0.55859375 0.37775625 0.578125 0.3718765625 0.5888671875 0.3566875
29 0.2880859375 0.37285625 0.3095703125 0.388534375 0.341796875 0.4012734375 0.373046875 0.4125421875 0.3974609375 0.42283125000000005 0.4287109375 0.42283125000000005 0.4541015625 0.4164625 0.474609375 0.40715312499999995 0.466796875 0.3919640625 0.44921875 0.3782453125 0.4306640625 0.37432656249999996 0.4013671875 0.373346875 0.3759765625 0.3718765625 0.3447265625 0.36893750000000003 0.3095703125 0.3615875 0.2880859375 0.37285625
29 0.5888671875 0.373346875 0.5556640625 0.37432656249999996 0.525390625 0.3767765625 0.5048828125 0.379715625 0.4765625 0.384125 0.45703125 0.38804531249999996 0.4814453125 0.398334375 0.5048828125 0.40372343749999995 0.5302734375 0.40715312499999995 0.5556640625 0.40764374999999997 0.5947265625 0.398334375 0.5966796875 0.3860859375 0.5888671875 0.373346875
2 0.384765625 0.74424375 0.3603515625 0.7466921875 0.33203125 0.7466921875 0.333984375 0.763840625 0.3505859375 0.7760906249999999 0.3759765625 0.780009375 0.3984375 0.7751109375 0.4189453125 0.766290625 0.42578125 0.75698125 0.4443359375 0.7506125 0.4541015625 0.7408140624999999 0.4384765625 0.7290546875 0.4140625 0.728075 0.388671875 0.7241546875 0.365234375 0.718765625 0.384765625 0.74424375
0 0.60546875 0.262615625 0.6318359375 0.2660453125 0.6572265625 0.2621265625 0.6708984375 0.25134687499999997 0.693359375 0.2439984375 0.7138671875 0.23664843750000003 0.7158203125 0.2209703125 0.6826171875 0.22587031249999998 0.6552734375 0.22733906250000002 0.6533203125 0.21068125000000001 0.6826171875 0.194021875 0.6552734375 0.19696249999999998 0.6279296875 0.20088124999999998 0.6064453125 0.20578124999999997 0.576171875 0.21068125000000001 0.55859375 0.21999062500000002 0.572265625 0.23909843749999998 0.5908203125 0.2533078125 0.60546875 0.262615625
1 0.5869140625 0.31651093750000003 0.599609375 0.32925 0.615234375 0.343459375 0.6396484375 0.343459375 0.6650390625 0.33464062499999997 0.6787109375 0.32288125 0.6982421875 0.31161249999999996 0.720703125 0.3018125 0.744140625 0.29495312500000004 0.7646484375 0.2851546875 0.7666015625 0.27339531250000004 0.736328125 0.2797640625 0.7119140625 0.2876046875 0.68359375 0.28907343750000003 0.701171875 0.277315625 0.7265625 0.2670265625 0.7548828125 0.25575625 0.736328125 0.25134687499999997 0.69921875 0.25918593749999996 0.6630859375 0.2670265625 0.6318359375 0.27045625 0.58984375 0.277315625 0.5732421875 0.2876046875 0.58203125 0.30377343749999997 0.5869140625 0.31651093750000003
3 0.80078125 0.33121093749999997 0.7978515625 0.32092187499999997 0.7626953125 0.32288125 0.7724609375 0.3067125 0.80078125 0.29789374999999996 0.7724609375 0.2964234375 0.7490234375 0.2964234375 0.7158203125 0.3052421875 0.7041015625 0.32043125 0.6982421875 0.332190625 0.716796875 0.34492968749999997 0.75390625 0.3463984375 0.779296875 0.33464062499999997 0.80078125 0.33121093749999997
4 0.80078125 0.37285625 0.828125 0.36795625 0.80859375 0.35766718750000004 0.76953125 0.3640375 0.8134765625 0.34394843750000004 0.7900390625 0.345909375 0.7548828125 0.349828125 0.724609375 0.3561984375 0.7119140625 0.36648749999999997 0.701171875 0.37775625 0.7119140625 0.389515625 0.7421875 0.3968640625 0.76171875 0.390984375 0.7802734375 0.381675 0.80078125 0.37285625
4 0.6728515625 0.3919640625 0.69921875 0.3904953125 0.6982421875 0.3782453125 0.6865234375 0.36893750000000003 0.708984375 0.3591375 0.7392578125 0.34835937499999997 0.7119140625 0.34835937499999997 0.685546875 0.3537484375 0.66015625 0.349828125 0.6396484375 0.352278125 0.6240234375 0.3650171875 0.625 0.3767765625 0.6142578125 0.3904953125 0.642578125 0.3944140625 0.6728515625 0.3919640625
7 0.7080078125 0.49436562500000003 0.7373046875 0.491915625 0.7666015625 0.485546875 0.7998046875 0.48260625 0.830078125 0.4713375 0.80859375 0.4610484375 0.7802734375 0.4634984375 0.7470703125 0.4639875 0.7216796875 0.4674171875 0.69140625 0.4683984375 0.66015625 0.46986718749999995 0.625 0.4688875 0.619140625 0.47770625000000005 0.6201171875 0.49436562500000003 0.6494140625 0.4997546875 0.6787109375 0.498284375 0.7080078125 0.49436562500000003
8 0.736328125 0.5237625 0.7578125 0.5208234375 0.7880859375 0.516903125 0.8154296875 0.5071046875 0.78515625 0.501715625 0.7568359375 0.5041640625 0.7314453125 0.5046546875 0.703125 0.505634375 0.6787109375 0.503184375 0.6533203125 0.503184375 0.6298828125 0.5046546875 0.626953125 0.5213125 0.642578125 0.5340515625 0.685546875 0.5325828125000001 0.708984375 0.5286625 0.736328125 0.5237625
9 0.7578125 0.560509375 0.7900390625 0.556590625 0.8076171875 0.544340625 0.78515625 0.53748125 0.75390625 0.537971875 0.720703125 0.5365015625 0.6884765625 0.5340515625 0.66015625 0.5316015625 0.634765625 0.5350312500000001 0.6318359375 0.549240625 0.64453125 0.565409375 0.66796875 0.5658984375 0.703125 0.56345 0.7294921875 0.5619796874999999 0.7578125 0.560509375
10 0.7666015625 0.609015625 0.8056640625 0.606565625 0.787109375 0.5987265625 0.71875 0.5874578125000001 0.80859375 0.5845171875 0.779296875 0.5810875 0.7392578125 0.5737390625 0.6953125 0.571778125 0.6552734375 0.569328125 0.6328125 0.5781484375 0.6328125 0.5913765625 0.650390625 0.6075453125 0.6806640625 0.610484375 0.720703125 0.6095046875000001 0.7666015625 0.609015625
6 0.7705078125 0.45859843749999996 0.8056640625 0.45369843750000005 0.80859375 0.4404703125 0.775390625 0.4404703125 0.7392578125 0.43899999999999995 0.7041015625 0.43899999999999995 0.666015625 0.437040625 0.642578125 0.4341015625 0.6240234375 0.4409609375 0.6171875 0.45565937500000003 0.634765625 0.46986718749999995 0.6708984375 0.4674171875 0.703125 0.46251875 0.7373046875 0.46202812499999996 0.7705078125 0.45859843749999996
5 0.716796875 0.43263125 0.7548828125 0.430671875 0.7880859375 0.42675156249999996 0.8203125 0.4218515625 0.7080078125 0.41499218750000005 0.759765625 0.4125421875 0.810546875 0.400784375 0.783203125 0.400784375 0.7470703125 0.3998046875 0.7109375 0.39882343750000004 0.673828125 0.3968640625 0.6455078125 0.4012734375 0.6298828125 0.4125421875 0.6318359375 0.4243015625 0.6494140625 0.43459062499999995 0.6826171875 0.43655 0.716796875 0.43263125