31 0.2111703125 0.556640625 0.1974515625 0.556640625 0.1974515625 0.5927734375 0.1793234375 0.5966796875 0.1749140625 0.6181640625 0.19647187500000002 0.6572265625 0.2111703125 0.677734375 0.21558125 0.72265625 0.24154843750000002 0.716796875 0.2454671875 0.67578125 0.23909843749999998 0.6162109375 0.22733906250000002 0.576171875 0.2111703125 0.556640625
2 0.269475 0.5732421875 0.269475 0.53515625 0.2660453125 0.4990234375 0.2552671875 0.48828125 0.23909843749999998 0.4921875 0.22537968749999998 0.5009765625 0.21558125 0.5244140625 0.21558125 0.5498046875 0.2297890625 0.5947265625 0.24252812499999998 0.6484375 0.2479171875 0.69140625 0.2640859375 0.69921875 0.2797640625 0.6845703125 0.2797640625 0.646484375 0.274375 0.6181640625 0.269475 0.5732421875
13 0.32043125 0.5712890625 0.32043125 0.5244140625 0.319940625 0.45703125 0.30034375 0.462890625 0.274375 0.453125 0.2660453125 0.4775390625 0.2660453125 0.5048828125 0.274375 0.552734375 0.2778046875 0.580078125 0.2797640625 0.6181640625 0.28123437500000004 0.67578125 0.284175 0.7041015625 0.3150421875 0.7060546875 0.32043125 0.671875 0.32043125 0.6201171875 0.32043125 0.5712890625
17 0.3517890625 0.462890625 0.3415 0.4423828125 0.327290625 0.443359375 0.31651093750000003 0.443359375 0.3150421875 0.4697265625 0.3194515625 0.5009765625 0.3219015625 0.556640625 0.3219015625 0.6142578125 0.324840625 0.6650390625 0.34835937499999997 0.6826171875 0.34835937499999997 0.6376953125 0.34835937499999997 0.578125 0.3517890625 0.5185546875 0.3517890625 0.462890625
18 0.389515625 0.4521484375 0.377265625 0.4326171875 0.361096875 0.4287109375 0.3517890625 0.443359375 0.3517890625 0.4794921875 0.3517890625 0.51171875 0.3517890625 0.53515625 0.3517890625 0.583984375 0.3493390625 0.623046875 0.357178125 0.6591796875 0.370896875 0.6591796875 0.3782453125 0.603515625 0.381675 0.5654296875 0.381675 0.5205078125 0.389515625 0.4521484375
19 0.42136250000000003 0.4921875 0.42136250000000003 0.4375 0.403234375 0.41796875 0.387065625 0.4345703125 0.38804531249999996 0.46484375 0.387065625 0.51171875 0.387065625 0.5478515625 0.3900046875 0.5888671875 0.3944140625 0.6376953125 0.39539375 0.6845703125 0.42038281250000004 0.67578125 0.42332187499999996 0.62890625 0.42332187499999996 0.580078125 0.42332187499999996 0.53515625 0.42136250000000003 0.4921875
20 0.4492890625 0.419921875 0.429690625 0.419921875 0.42136250000000003 0.4453125 0.4243015625 0.490234375 0.425771875 0.5458984375 0.432140625 0.60546875 0.4404703125 0.65234375 0.4639875 0.6357421875 0.45565937500000003 0.5888671875 0.45125000000000004 0.5244140625 0.45761874999999996 0.4501953125 0.4492890625 0.419921875
21 0.49730468749999995 0.419921875 0.4747671875 0.4130859375 0.4566390625 0.4130859375 0.4566390625 0.4560546875 0.46006875 0.4951171875 0.4566390625 0.5224609375 0.46496875 0.5869140625 0.4674171875 0.64453125 0.501715625 0.6650390625 0.5026953125 0.5888671875 0.5026953125 0.529296875 0.5026953125 0.470703125 0.49730468749999995 0.419921875
22 0.5414015625 0.4287109375 0.5252328125 0.4072265625 0.501715625 0.421875 0.503675 0.48828125 0.503675 0.533203125 0.503675 0.58203125 0.524253125 0.650390625 0.5531609375000001 0.6376953125 0.54875 0.5966796875 0.5477703125 0.53125 0.5453203125 0.48828125 0.5414015625 0.4287109375
30 0.574228125 0.4345703125 0.560509375 0.4306640625 0.54238125 0.443359375 0.5433609374999999 0.462890625 0.5477703125 0.5029296875 0.5507109375 0.533203125 0.5521796875 0.5693359375 0.5521796875 0.607421875 0.574228125 0.607421875 0.574228125 0.560546875 0.574228125 0.51171875 0.574228125 0.4814453125 0.574228125 0.4345703125
29 0.6075453125 0.44140625 0.59480625 0.416015625 0.576678125 0.4345703125 0.576678125 0.46875 0.5810875 0.513671875 0.5810875 0.5654296875 0.5884375000000001 0.630859375 0.597746875 0.677734375 0.618325 0.673828125 0.618325 0.607421875 0.6139140624999999 0.5390625 0.610975 0.484375 0.6075453125 0.44140625
23 0.6408625 0.41796875 0.6237140625 0.4287109375 0.6075453125 0.447265625 0.6075453125 0.4775390625 0.6173437500000001 0.5185546875 0.620284375 0.560546875 0.6281234375 0.6123046875 0.636453125 0.66796875 0.6452718749999999 0.6416015625 0.6452718749999999 0.55859375 0.6452718749999999 0.5078125 0.6452718749999999 0.4609375 0.6408625 0.41796875
24 0.6643796875 0.4267578125 0.6438015625 0.4521484375 0.6462515625 0.4921875 0.6462515625 0.5390625 0.6462515625 0.603515625 0.6536015625 0.6591796875 0.666340625 0.6181640625 0.6741796875 0.5458984375 0.6741796875 0.4951171875 0.6805484374999999 0.4453125 0.6643796875 0.4267578125
25 0.7212156249999999 0.5263671875 0.725625 0.46875 0.71680625 0.447265625 0.6967171875 0.447265625 0.6780984375 0.447265625 0.675159375 0.5009765625 0.6780984375 0.5498046875 0.6795687499999999 0.6015625 0.6834890625 0.65234375 0.6942671875 0.66796875 0.7138656250000001 0.6650390625 0.7212156249999999 0.6337890625 0.7212156249999999 0.58203125 0.7212156249999999 0.5263671875
26 0.7682515624999999 0.53125 0.773640625 0.4951171875 0.757471875 0.490234375 0.7447328125 0.4794921875 0.7266046875 0.4814453125 0.7241546875 0.5048828125 0.7241546875 0.5546875 0.7241546875 0.6103515625 0.7241546875 0.6611328125 0.73934375 0.6845703125 0.7555125 0.66796875 0.7501218749999999 0.603515625 0.757471875 0.5625 0.7682515624999999 0.53125
27 0.7951984375000001 0.529296875 0.7834390625000001 0.5029296875 0.7746203125 0.5048828125 0.7682515624999999 0.5458984375 0.7564921874999999 0.6015625 0.7584515625 0.6630859375 0.7756000000000001 0.6591796875 0.7873593750000001 0.6103515625 0.8005875 0.576171875 0.8045078125 0.53515625 0.7951984375000001 0.529296875
28 0.8133265625 0.4130859375 0.8270453124999999 0.373046875 0.8250859374999999 0.345703125 0.809896875 0.328125 0.7888296875 0.3369140625 0.7726609375 0.3837890625 0.7599218750000001 0.4130859375 0.7628609375 0.4560546875 0.7765796875000001 0.4794921875 0.789809375 0.486328125 0.8045078125 0.4814453125 0.8089171875 0.4521484375 0.8133265625 0.4130859375
0 0.7756000000000001 0.3818359375 0.78441875 0.326171875 0.7765796875000001 0.2880859375 0.751103125 0.2744140625 0.73199375 0.330078125 0.7177859375 0.373046875 0.7050468750000001 0.4111328125 0.7153359375 0.44140625 0.7457125 0.46875 0.7584515625 0.4501953125 0.7584515625 0.41796875 0.7756000000000001 0.3818359375
1 0.7123953125 0.3369140625 0.7241546875 0.2958984375 0.72954375 0.26171875 0.72954375 0.232421875 0.7123953125 0.255859375 0.7030875 0.2900390625 0.688878125 0.3173828125 0.6898578125 0.2744140625 0.697696875 0.2470703125 0.7104359375 0.2109375 0.6942671875 0.2109375 0.6780984375 0.2451171875 0.6727093749999999 0.28515625 0.665359375 0.330078125 0.6599703124999999 0.3623046875 0.6536015625 0.4052734375 0.6761390625 0.4267578125 0.6986765625 0.4267578125 0.70700625 0.423828125 0.7084765625 0.3837890625 0.7123953125 0.3369140625
3 0.666340625 0.236328125 0.6727093749999999 0.189453125 0.6599703124999999 0.1875 0.6398828125 0.2451171875 0.63204375 0.2919921875 0.6237140625 0.349609375 0.6163640625 0.400390625 0.6384125 0.4130859375 0.656540625 0.4033203125 0.6609499999999999 0.3388671875 0.6609499999999999 0.2900390625 0.666340625 0.236328125
4 0.6310625 0.1787109375 0.626653125 0.1513671875 0.612934375 0.1640625 0.599215625 0.234375 0.5913765625 0.3046875 0.5859875 0.3623046875 0.5874578125000001 0.3857421875 0.59480625 0.4130859375 0.6119546875 0.41796875 0.6193046875 0.369140625 0.6193046875 0.3173828125 0.6193046875 0.25390625 0.6310625 0.1787109375
5 0.5903968749999999 0.1806640625 0.5903968749999999 0.1357421875 0.576678125 0.1591796875 0.56491875 0.2275390625 0.55855 0.2900390625 0.5541406249999999 0.3662109375 0.5561 0.416015625 0.5850078125 0.392578125 0.5850078125 0.3408203125 0.5884375000000001 0.302734375 0.5894171874999999 0.2470703125 0.5903968749999999 0.1806640625
6 0.54973125 0.1875 0.5369921875 0.2236328125 0.5360125 0.2900390625 0.5271921875000001 0.3427734375 0.5188640625 0.3896484375 0.5389515625 0.4091796875 0.5541406249999999 0.3857421875 0.5561 0.3173828125 0.5561 0.23828125 0.54973125 0.1875
7 0.5316015625 0.2001953125 0.51249375 0.2431640625 0.503675 0.2900390625 0.49730468749999995 0.349609375 0.49387499999999995 0.39453125 0.5198437499999999 0.392578125 0.5227828125 0.34765625 0.5296421875 0.30859375 0.5316015625 0.2470703125 0.5316015625 0.2001953125
8 0.48113593750000005 0.2197265625 0.4772171875 0.2578125 0.4728078125 0.2978515625 0.4728078125 0.349609375 0.4728078125 0.3984375 0.49387499999999995 0.3876953125 0.49926562499999994 0.3193359375 0.49926562499999994 0.263671875 0.49926562499999994 0.2255859375 0.48113593750000005 0.2197265625
9 0.46202812499999996 0.2001953125 0.4439 0.185546875 0.43753125 0.216796875 0.43753125 0.2724609375 0.44585937500000006 0.328125 0.4439 0.3818359375 0.47035781249999997 0.3896484375 0.469378125 0.3515625 0.469378125 0.30078125 0.46643749999999995 0.259765625 0.46202812499999996 0.2001953125
10 0.425771875 0.2578125 0.42038281250000004 0.19140625 0.403234375 0.146484375 0.403234375 0.1748046875 0.403234375 0.234375 0.400784375 0.30859375 0.403234375 0.3515625 0.41499218750000005 0.39453125 0.43116093749999995 0.39453125 0.44145 0.3896484375 0.44145 0.3583984375 0.44145 0.3046875 0.425771875 0.2578125
11 0.391475 0.2490234375 0.3782453125 0.19140625 0.3645265625 0.166015625 0.3645265625 0.2021484375 0.370896875 0.259765625 0.3762859375 0.3046875 0.37432656249999996 0.3642578125 0.37432656249999996 0.4033203125 0.3968640625 0.4052734375 0.41058281250000006 0.3837890625 0.3998046875 0.3369140625 0.39882343750000004 0.2919921875 0.391475 0.2490234375
12 0.32925 0.2001953125 0.3140625 0.1982421875 0.324840625 0.2685546875 0.333659375 0.322265625 0.3375796875 0.3623046875 0.3375796875 0.4033203125 0.3561984375 0.41796875 0.3762859375 0.400390625 0.36648749999999997 0.33203125 0.3493390625 0.25390625 0.32925 0.2001953125
14 0.284175 0.212890625 0.2915234375 0.2490234375 0.3076921875 0.3388671875 0.2969125 0.33203125 0.2758453125 0.2744140625 0.2533078125 0.240234375 0.2523265625 0.279296875 0.2714359375 0.330078125 0.2822140625 0.396484375 0.2876046875 0.4306640625 0.3150421875 0.4306640625 0.34835937499999997 0.41796875 0.3366 0.392578125 0.3356203125 0.3623046875 0.3282703125 0.330078125 0.32043125 0.2685546875 0.302303125 0.2216796875 0.284175 0.212890625
15 0.2435078125 0.37109375 0.22537968749999998 0.330078125 0.20823125 0.2958984375 0.212640625 0.345703125 0.21802968749999999 0.4091796875 0.22440000000000002 0.4453125 0.23370937500000002 0.4736328125 0.2533078125 0.4755859375 0.28319375 0.4326171875 0.278784375 0.392578125 0.262615625 0.3583984375 0.24252812499999998 0.2958984375 0.2234203125 0.279296875 0.22537968749999998 0.306640625 0.2435078125 0.37109375
16 0.180303125 0.33203125 0.180303125 0.35546875 0.1641359375 0.3369140625 0.1641359375 0.3876953125 0.1705046875 0.41796875 0.171975 0.46875 0.1866734375 0.4794921875 0.19647187500000002 0.46875 0.2234203125 0.46875 0.21362031250000002 0.419921875 0.2072515625 0.3515625 0.1945125 0.3115234375 0.180303125 0.33203125