31 0.6357421875 0.743753125 0.6865234375 0.743753125 0.7099609375 0.7530625 0.73828125 0.7476734375 0.7421875 0.7221953125 0.7099609375 0.6996578125 0.677734375 0.6942671875 0.654296875 0.7177859375 0.6357421875 0.7339546875 0.6357421875 0.743753125
2 0.5439453125 0.71680625 0.490234375 0.725625 0.48828125 0.7403234375000001 0.5185546875 0.751103125 0.5439453125 0.7672703125 0.578125 0.764821875 0.6015625 0.7466921875 0.6337890625 0.72954375 0.66796875 0.70945625 0.6826171875 0.68691875 0.6611328125 0.6942671875 0.60546875 0.7060265625000001 0.5439453125 0.71680625
13 0.4736328125 0.6717296875 0.4521484375 0.6717296875 0.4345703125 0.68691875 0.4609375 0.7050468750000001 0.46484375 0.7221953125 0.5029296875 0.7241546875 0.5390625 0.71680625 0.580078125 0.70700625 0.630859375 0.697696875 0.6337890625 0.6609499999999999 0.6103515625 0.6609499999999999 0.556640625 0.6634 0.513671875 0.67075 0.4736328125 0.6717296875
17 0.4541015625 0.6408625 0.4248046875 0.6413515624999999 0.4130859375 0.6482109375 0.41015625 0.6619296875 0.4208984375 0.667809375 0.4287109375 0.675159375 0.44921875 0.6736890625 0.474609375 0.67075 0.4853515625 0.666340625 0.5068359375 0.6629109375 0.53515625 0.6604609375 0.5654296875 0.6560515625 0.591796875 0.6560515625 0.6298828125 0.647721875 0.5947265625 0.63204375 0.5576171875 0.6335124999999999 0.5244140625 0.6369421875 0.4892578125 0.637921875 0.4541015625 0.6408625
18 0.49609375 0.6011765625 0.46484375 0.6011765625 0.435546875 0.60460625 0.41015625 0.606565625 0.400390625 0.6139140624999999 0.3896484375 0.624203125 0.388671875 0.6359625 0.4072265625 0.6433125000000001 0.4306640625 0.642821875 0.4521484375 0.6384125 0.4697265625 0.636453125 0.5029296875 0.636453125 0.5390625 0.6349828125 0.5673828125 0.63204375 0.6025390625 0.6310625 0.6015625 0.6001953125 0.5888671875 0.6001953125 0.5732421875 0.6001953125 0.5361328125 0.6001953125 0.49609375 0.6011765625
19 0.4931640625 0.571778125 0.4560546875 0.5712890625 0.4287109375 0.5712890625 0.40234375 0.5727578125 0.37890625 0.5756984375 0.3720703125 0.5869671875 0.3720703125 0.5957859375 0.38671875 0.6031359375 0.4072265625 0.6080359375 0.4287109375 0.6055859375 0.45703125 0.601665625 0.48828125 0.60215625 0.529296875 0.6006859375 0.576171875 0.596765625 0.63671875 0.5913765625 0.638671875 0.5752078125 0.6142578125 0.5727578125 0.5771484375 0.5712890625 0.5390625 0.5712890625 0.4931640625 0.571778125
20 0.56640625 0.5286625 0.53125 0.5350312500000001 0.4775390625 0.5384609375 0.4287109375 0.5384609375 0.3994140625 0.54238125 0.3642578125 0.544340625 0.3642578125 0.55365 0.3720703125 0.56491875 0.396484375 0.570309375 0.4326171875 0.56981875 0.4716796875 0.5668796875 0.5146484375 0.56345 0.5634765625 0.55855 0.57421875 0.5561 0.58203125 0.5502203125 0.5830078125 0.54483125 0.5888671875 0.5365015625 0.56640625 0.5286625
21 0.4375 0.498284375 0.408203125 0.498284375 0.3681640625 0.498775 0.349609375 0.496325 0.349609375 0.5041640625 0.3505859375 0.5159234374999999 0.3505859375 0.5286625 0.353515625 0.53993125 0.375 0.541890625 0.4072265625 0.541890625 0.4365234375 0.5355218749999999 0.4599609375 0.5325828125000001 0.48828125 0.5325828125000001 0.5234375 0.5296421875 0.5537109375 0.5257234375000001 0.5830078125 0.5213125 0.572265625 0.508575 0.5517578125 0.5041640625 0.5126953125 0.503184375 0.4765625 0.5022046875 0.4375 0.498284375
22 0.412109375 0.45320937499999997 0.37109375 0.4517390625 0.3525390625 0.45761874999999996 0.3447265625 0.47770625000000005 0.3486328125 0.4933859375 0.3623046875 0.4977953125 0.3974609375 0.496815625 0.44140625 0.4933859375 0.4765625 0.491915625 0.5283203125 0.4889765625 0.580078125 0.47966718750000004 0.5703125 0.4674171875 0.54296875 0.4674171875 0.5009765625 0.4610484375 0.4619140625 0.45859843749999996 0.412109375 0.45320937499999997
30 0.3994140625 0.4243015625 0.3759765625 0.42675156249999996 0.3623046875 0.43508125 0.3623046875 0.4448796875 0.375 0.45026875000000005 0.41796875 0.45075937499999996 0.4736328125 0.4546796875 0.5205078125 0.4561484375 0.5703125 0.4546796875 0.5693359375 0.44880000000000003 0.564453125 0.44634999999999997 0.5107421875 0.4341015625 0.48046875 0.43165156250000003 0.451171875 0.42822187500000003 0.4267578125 0.42528125 0.3994140625 0.4243015625
29 0.369140625 0.4012734375 0.3779296875 0.4130328125 0.390625 0.42332187499999996 0.421875 0.42528125 0.4482421875 0.4218515625 0.48046875 0.41695312500000004 0.4970703125 0.4125421875 0.544921875 0.40519375 0.525390625 0.400784375 0.4912109375 0.400784375 0.44140625 0.3949046875 0.404296875 0.3949046875 0.369140625 0.4012734375
23 0.416015625 0.3566875 0.392578125 0.3586484375 0.3916015625 0.374815625 0.3974609375 0.3900046875 0.421875 0.39392499999999997 0.4638671875 0.39637500000000003 0.5126953125 0.3993140625 0.5537109375 0.39882343750000004 0.6015625 0.3904953125 0.599609375 0.370896875 0.544921875 0.3699171875 0.4970703125 0.3645265625 0.4560546875 0.3630578125 0.416015625 0.3566875
24 0.46484375 0.3326796875 0.4306640625 0.329740625 0.4140625 0.33610937500000004 0.4208984375 0.3532578125 0.44921875 0.3615875 0.484375 0.3640375 0.548828125 0.3674671875 0.611328125 0.3645265625 0.611328125 0.34786875 0.5791015625 0.34296875 0.55078125 0.3400296875 0.513671875 0.3395390625 0.46484375 0.3326796875
25 0.5107421875 0.28809375 0.478515625 0.28907343750000003 0.451171875 0.291034375 0.4658203125 0.302303125 0.4306640625 0.3145515625 0.451171875 0.329740625 0.4873046875 0.333659375 0.5283203125 0.33464062499999997 0.56640625 0.3370890625 0.625 0.3366 0.63671875 0.3067125 0.5986328125 0.304753125 0.5771484375 0.3018125 0.5419921875 0.299853125 0.5107421875 0.28809375
26 0.5419921875 0.2459578125 0.52734375 0.256246875 0.5146484375 0.26065625 0.494140625 0.269475 0.48828125 0.28123437500000004 0.5283203125 0.29005312499999997 0.5849609375 0.29936250000000003 0.62890625 0.3042625 0.6748046875 0.306221875 0.6572265625 0.28907343750000003 0.6240234375 0.276825 0.5927734375 0.2670265625 0.568359375 0.24889687500000002 0.5419921875 0.2459578125
27 0.73046875 0.28564375000000003 0.7294921875 0.274375 0.71875 0.26065625 0.708984375 0.25134687499999997 0.689453125 0.256246875 0.6650390625 0.2601671875 0.6416015625 0.2577171875 0.6279296875 0.26849531249999997 0.6357421875 0.277315625 0.6650390625 0.2876046875 0.68359375 0.304753125 0.73046875 0.2944640625 0.73046875 0.28564375000000003
28 0.396484375 0.23909843749999998 0.4228515625 0.249878125 0.4638671875 0.2454671875 0.482421875 0.23517812500000002 0.484375 0.22587031249999998 0.474609375 0.2111703125 0.443359375 0.1999015625 0.4111328125 0.1999015625 0.3828125 0.20333125000000002 0.384765625 0.22537968749999998 0.396484375 0.23909843749999998
0 0.31640625 0.2209703125 0.3388671875 0.23566875 0.3720703125 0.25575625 0.3349609375 0.244978125 0.3076171875 0.2302796875 0.296875 0.23860781250000002 0.3203125 0.2567375 0.3466796875 0.272415625 0.36328125 0.28123437500000004 0.380859375 0.288584375 0.392578125 0.30377343749999997 0.4169921875 0.30377343749999997 0.4345703125 0.29936250000000003 0.443359375 0.28319375 0.4697265625 0.278784375 0.4775390625 0.2670265625 0.4658203125 0.258696875 0.4345703125 0.25036718750000003 0.4140625 0.2459578125 0.3828125 0.23321874999999997 0.3525390625 0.222440625 0.330078125 0.21509062499999998 0.31640625 0.2209703125
1 0.3037109375 0.276334375 0.2666015625 0.2670265625 0.2529296875 0.26310625 0.255859375 0.276334375 0.28515625 0.28907343750000003 0.306640625 0.3008328125 0.294921875 0.3076921875 0.2802734375 0.30377343749999997 0.2548828125 0.2939734375 0.2265625 0.28564375000000003 0.220703125 0.2988734375 0.23828125 0.3067125 0.26171875 0.3189609375 0.28515625 0.327290625 0.3203125 0.333659375 0.3408203125 0.34394843750000004 0.3623046875 0.35276874999999996 0.3876953125 0.3512984375 0.390625 0.34394843750000004 0.392578125 0.33415 0.4130859375 0.324840625 0.4130859375 0.3096515625 0.3779296875 0.3008328125 0.3466796875 0.2959328125 0.326171875 0.28662343749999997 0.3037109375 0.276334375
3 0.1728515625 0.3395390625 0.203125 0.3512984375 0.2490234375 0.3581578125 0.283203125 0.368446875 0.3076171875 0.37530625 0.32421875 0.38265625000000003 0.3505859375 0.38363593749999997 0.3681640625 0.375796875 0.3759765625 0.35521875 0.3388671875 0.34835937499999997 0.30078125 0.3424796875 0.2587890625 0.3356203125 0.2138671875 0.3287609375 0.1796875 0.33121093749999997 0.1728515625 0.3395390625
4 0.138671875 0.3581578125 0.1572265625 0.381675 0.1875 0.3875546875 0.2265625 0.393434375 0.2451171875 0.39784375 0.28515625 0.40764374999999997 0.3046875 0.4164625 0.318359375 0.4164625 0.328125 0.4081328125 0.34765625 0.4066640625 0.3466796875 0.39637500000000003 0.3447265625 0.38363593749999997 0.3076171875 0.381675 0.2744140625 0.3811859375 0.236328125 0.377265625 0.1982421875 0.3674671875 0.15625 0.3581578125 0.138671875 0.3581578125
5 0.2578125 0.412053125 0.2177734375 0.412053125 0.1806640625 0.4130328125 0.134765625 0.4130328125 0.12890625 0.4272421875 0.14453125 0.4336109375 0.205078125 0.437040625 0.2626953125 0.4409609375 0.3046875 0.44634999999999997 0.33203125 0.44683906249999994 0.34375 0.4360609375 0.3408203125 0.42626093750000005 0.3271484375 0.4164625 0.291015625 0.4130328125 0.2578125 0.412053125
6 0.2353515625 0.45222968750000003 0.1953125 0.45222968750000003 0.1494140625 0.45222968750000003 0.12890625 0.4679078125 0.1572265625 0.4728078125 0.2294921875 0.46986718749999995 0.275390625 0.47819687499999997 0.3203125 0.48015625 0.3291015625 0.4659484375 0.3271484375 0.44880000000000003 0.3017578125 0.44634999999999997 0.2666015625 0.4517390625 0.2353515625 0.45222968750000003
7 0.2294921875 0.48407656250000003 0.1787109375 0.48652656250000004 0.1455078125 0.48995625 0.1787109375 0.5002453124999999 0.2451171875 0.5041640625 0.2880859375 0.5051453125 0.3212890625 0.5051453125 0.3330078125 0.498284375 0.32421875 0.47868750000000004 0.29296875 0.480646875 0.2646484375 0.48162656249999997 0.2294921875 0.48407656250000003
8 0.1611328125 0.5193531250000001 0.123046875 0.5208234375 0.1474609375 0.5325828125000001 0.1943359375 0.5335625 0.24609375 0.533071875 0.2724609375 0.5345421875 0.3154296875 0.5335625 0.330078125 0.5286625 0.3271484375 0.5164140625 0.32421875 0.503675 0.296875 0.5071046875 0.263671875 0.5115140625000001 0.2109375 0.5183734375 0.1611328125 0.5193531250000001
9 0.2236328125 0.561 0.2646484375 0.5624687500000001 0.2958984375 0.56491875 0.330078125 0.5644296875 0.3369140625 0.5472812499999999 0.32421875 0.537971875 0.2978515625 0.5360125 0.2685546875 0.5384609375 0.232421875 0.5433609374999999 0.1767578125 0.5477703125 0.17578125 0.5590390625 0.2236328125 0.561
10 0.18359375 0.6050953125 0.2255859375 0.6026453125 0.25390625 0.601665625 0.287109375 0.5952968750000001 0.3076171875 0.5952968750000001 0.328125 0.5933359375 0.341796875 0.5869671875 0.341796875 0.57716875 0.333984375 0.570309375 0.310546875 0.56491875 0.265625 0.56736875 0.208984375 0.5712890625 0.16015625 0.5786374999999999 0.13671875 0.5962765625 0.18359375 0.6050953125
11 0.15234375 0.631553125 0.1416015625 0.6418421875 0.173828125 0.6433125000000001 0.1943359375 0.6447812500000001 0.2255859375 0.6369421875 0.2568359375 0.6335124999999999 0.283203125 0.63204375 0.3232421875 0.6310625 0.3447265625 0.6261640625 0.3603515625 0.6261640625 0.353515625 0.6158750000000001 0.3544921875 0.60460625 0.3359375 0.6006859375 0.3115234375 0.5952968750000001 0.296875 0.599215625 0.2685546875 0.6075453125 0.2294921875 0.6144046875 0.19140625 0.6217546875 0.15234375 0.631553125
12 0.22265625 0.65703125 0.1962890625 0.6624203125 0.1826171875 0.675159375 0.171875 0.681528125 0.171875 0.692796875 0.1875 0.6947578125 0.216796875 0.6829984375 0.24609375 0.6805484374999999 0.2646484375 0.6776093750000001 0.2900390625 0.6736890625 0.31640625 0.6668296875 0.34375 0.665359375 0.369140625 0.6575203125 0.375 0.6462515625 0.3662109375 0.634003125 0.3447265625 0.6286140625 0.318359375 0.63204375 0.291015625 0.6423328125000001 0.267578125 0.6482109375 0.24609375 0.6521312499999999 0.22265625 0.65703125
14 0.314453125 0.6810390625 0.291015625 0.6878984375 0.263671875 0.695246875 0.23828125 0.708965625 0.2314453125 0.7202359375 0.2294921875 0.727584375 0.2373046875 0.7324843750000001 0.2568359375 0.7192546875 0.2783203125 0.70945625 0.30078125 0.70945625 0.291015625 0.7192546875 0.2724609375 0.727584375 0.255859375 0.7432624999999999 0.255859375 0.7501218749999999 0.2822265625 0.7496328125 0.3134765625 0.7359140625 0.3330078125 0.7290546875 0.353515625 0.7212156249999999 0.3671875 0.7172953125 0.3896484375 0.7138656250000001 0.4130859375 0.7065171875 0.4150390625 0.6903484375 0.3955078125 0.68446875 0.3857421875 0.6825078125 0.390625 0.6687890624999999 0.3828125 0.6604609375 0.3681640625 0.6604609375 0.3525390625 0.6634 0.3330078125 0.670259375 0.314453125 0.6810390625
15 0.3583984375 0.7359140625 0.341796875 0.74424375 0.326171875 0.7560015625000001 0.310546875 0.7677609375000001 0.3046875 0.7765796875000001 0.3232421875 0.7760906249999999 0.357421875 0.763840625 0.3544921875 0.771190625 0.3349609375 0.7790296875 0.3203125 0.7932390625 0.3515625 0.7951984375000001 0.380859375 0.7839296874999999 0.4130859375 0.7687406250000001 0.44140625 0.76433125 0.46484375 0.75698125 0.474609375 0.7427734375 0.4619140625 0.7329734375 0.453125 0.730525 0.4423828125 0.7197453125 0.4296875 0.7133765624999999 0.4150390625 0.7104359375 0.396484375 0.7153359375 0.3740234375 0.725134375 0.3583984375 0.7359140625
16 0.41015625 0.7947078125 0.4296875 0.8005875 0.4384765625 0.809896875 0.4384765625 0.817246875 0.4609375 0.8152859375 0.4775390625 0.8094078124999999 0.4892578125 0.79421875 0.4775390625 0.7834390625000001 0.462890625 0.7795203125 0.435546875 0.7702109375 0.4091796875 0.7702109375 0.388671875 0.7805 0.380859375 0.792259375 0.3818359375 0.8089171875 0.41015625 0.7947078125
29 0.48828125 0.409603125 0.466796875 0.42038281250000004 0.4609375 0.4448796875 0.4853515625 0.45369843750000005 0.509765625 0.45565937500000003 0.5361328125 0.4385109375 0.6669921875 0.3875546875 0.669921875 0.3782453125 0.654296875 0.374815625 0.6201171875 0.3787359375 0.5576171875 0.395884375 0.48828125 0.409603125