31 0.3642578125 0.7339546875 0.345703125 0.7177859375 0.322265625 0.6942671875 0.2900390625 0.6996578125 0.2578125 0.7221953125 0.26171875 0.7476734375 0.2900390625 0.7530625 0.3134765625 0.743753125 0.3642578125 0.743753125 0.3642578125 0.7339546875
2 0.421875 0.764821875 0.4560546875 0.7672703125 0.4814453125 0.751103125 0.51171875 0.7403234375000001 0.509765625 0.725625 0.4560546875 0.71680625 0.39453125 0.7060265625000001 0.3388671875 0.6942671875 0.3173828125 0.68691875 0.33203125 0.70945625 0.3662109375 0.72954375 0.3984375 0.7466921875 0.421875 0.764821875
13 0.419921875 0.70700625 0.4609375 0.71680625 0.4970703125 0.7241546875 0.53515625 0.7221953125 0.5390625 0.7050468750000001 0.5654296875 0.68691875 0.5478515625 0.6717296875 0.5263671875 0.6717296875 0.486328125 0.67075 0.443359375 0.6634 0.3896484375 0.6609499999999999 0.3662109375 0.6609499999999999 0.369140625 0.697696875 0.419921875 0.70700625
17 0.5107421875 0.637921875 0.4755859375 0.6369421875 0.4423828125 0.6335124999999999 0.4052734375 0.63204375 0.3701171875 0.647721875 0.408203125 0.6560515625 0.4345703125 0.6560515625 0.46484375 0.6604609375 0.4931640625 0.6629109375 0.5146484375 0.666340625 0.525390625 0.67075 0.55078125 0.6736890625 0.5712890625 0.675159375 0.5791015625 0.667809375 0.58984375 0.6619296875 0.5869140625 0.6482109375 0.5751953125 0.6413515624999999 0.5458984375 0.6408625 0.5107421875 0.637921875
18 0.50390625 0.6011765625 0.4638671875 0.6001953125 0.4267578125 0.6001953125 0.4111328125 0.6001953125 0.3984375 0.6001953125 0.3974609375 0.6310625 0.4326171875 0.63204375 0.4609375 0.6349828125 0.4970703125 0.636453125 0.5302734375 0.636453125 0.5478515625 0.6384125 0.5693359375 0.642821875 0.5927734375 0.6433125000000001 0.611328125 0.6359625 0.6103515625 0.624203125 0.599609375 0.6139140624999999 0.58984375 0.606565625 0.564453125 0.60460625 0.53515625 0.6011765625 0.50390625 0.6011765625
19 0.5068359375 0.571778125 0.4609375 0.5712890625 0.4228515625 0.5712890625 0.3857421875 0.5727578125 0.361328125 0.5752078125 0.36328125 0.5913765625 0.423828125 0.596765625 0.470703125 0.6006859375 0.51171875 0.60215625 0.54296875 0.601665625 0.5712890625 0.6055859375 0.5927734375 0.6080359375 0.61328125 0.6031359375 0.6279296875 0.5957859375 0.6279296875 0.5869671875 0.62109375 0.5756984375 0.59765625 0.5727578125 0.5712890625 0.5712890625 0.5439453125 0.5712890625 0.5068359375 0.571778125
20 0.4169921875 0.54483125 0.41796875 0.5502203125 0.42578125 0.5561 0.4365234375 0.55855 0.4853515625 0.56345 0.5283203125 0.5668796875 0.5673828125 0.56981875 0.603515625 0.570309375 0.6279296875 0.56491875 0.6357421875 0.55365 0.6357421875 0.544340625 0.6005859375 0.54238125 0.5712890625 0.5384609375 0.5224609375 0.5384609375 0.46875 0.5350312500000001 0.43359375 0.5286625 0.4111328125 0.5365015625 0.4169921875 0.54483125
21 0.591796875 0.498284375 0.5625 0.498284375 0.5234375 0.5022046875 0.4873046875 0.503184375 0.4482421875 0.5041640625 0.427734375 0.508575 0.4169921875 0.5213125 0.4462890625 0.5257234375000001 0.4765625 0.5296421875 0.51171875 0.5325828125000001 0.5400390625 0.5325828125000001 0.5634765625 0.5355218749999999 0.5927734375 0.541890625 0.625 0.541890625 0.646484375 0.53993125 0.6494140625 0.5286625 0.6494140625 0.5159234374999999 0.650390625 0.5041640625 0.650390625 0.496325 0.6318359375 0.498775 0.591796875 0.498284375
22 0.4296875 0.4674171875 0.419921875 0.47966718750000004 0.4716796875 0.4889765625 0.5234375 0.491915625 0.55859375 0.4933859375 0.6025390625 0.496815625 0.6376953125 0.4977953125 0.6513671875 0.4933859375 0.6552734375 0.47770625000000005 0.6474609375 0.45761874999999996 0.62890625 0.4517390625 0.587890625 0.45320937499999997 0.5380859375 0.45859843749999996 0.4990234375 0.4610484375 0.45703125 0.4674171875 0.4296875 0.4674171875
30 0.4892578125 0.4341015625 0.435546875 0.44634999999999997 0.4306640625 0.44880000000000003 0.4296875 0.4546796875 0.4794921875 0.4561484375 0.5263671875 0.4546796875 0.58203125 0.45075937499999996 0.625 0.45026875000000005 0.6376953125 0.4448796875 0.6376953125 0.43508125 0.6240234375 0.42675156249999996 0.6005859375 0.4243015625 0.5732421875 0.42528125 0.548828125 0.42822187500000003 0.51953125 0.43165156250000003 0.4892578125 0.4341015625
29 0.51953125 0.41695312500000004 0.5517578125 0.4218515625 0.578125 0.42528125 0.609375 0.42332187499999996 0.6220703125 0.4130328125 0.630859375 0.4012734375 0.595703125 0.3949046875 0.55859375 0.3949046875 0.5087890625 0.400784375 0.474609375 0.400784375 0.455078125 0.40519375 0.5029296875 0.4125421875 0.51953125 0.41695312500000004
23 0.4462890625 0.39882343750000004 0.4873046875 0.3993140625 0.5361328125 0.39637500000000003 0.578125 0.39392499999999997 0.6025390625 0.3900046875 0.6083984375 0.374815625 0.607421875 0.3586484375 0.583984375 0.3566875 0.5439453125 0.3630578125 0.5029296875 0.3645265625 0.455078125 0.3699171875 0.400390625 0.370896875 0.3984375 0.3904953125 0.4462890625 0.39882343750000004
24 0.515625 0.3640375 0.55078125 0.3615875 0.5791015625 0.3532578125 0.5859375 0.33610937500000004 0.5693359375 0.329740625 0.53515625 0.3326796875 0.486328125 0.3395390625 0.44921875 0.3400296875 0.4208984375 0.34296875 0.388671875 0.34786875 0.388671875 0.3645265625 0.451171875 0.3674671875 0.515625 0.3640375
25 0.375 0.3366 0.43359375 0.3370890625 0.4716796875 0.33464062499999997 0.5126953125 0.333659375 0.548828125 0.329740625 0.5693359375 0.3145515625 0.5341796875 0.302303125 0.548828125 0.291034375 0.521484375 0.28907343750000003 0.4892578125 0.28809375 0.4580078125 0.299853125 0.4228515625 0.3018125 0.4013671875 0.304753125 0.36328125 0.3067125 0.375 0.3366
26 0.37109375 0.3042625 0.4150390625 0.29936250000000003 0.4716796875 0.29005312499999997 0.51171875 0.28123437500000004 0.505859375 0.269475 0.4853515625 0.26065625 0.47265625 0.256246875 0.4580078125 0.2459578125 0.431640625 0.24889687500000002 0.4072265625 0.2670265625 0.3759765625 0.276825 0.3427734375 0.28907343750000003 0.3251953125 0.306221875 0.37109375 0.3042625
27 0.3349609375 0.2601671875 0.310546875 0.256246875 0.291015625 0.25134687499999997 0.28125 0.26065625 0.2705078125 0.274375 0.26953125 0.28564375000000003 0.26953125 0.2944640625 0.31640625 0.304753125 0.3349609375 0.2876046875 0.3642578125 0.277315625 0.3720703125 0.26849531249999997 0.3583984375 0.2577171875 0.3349609375 0.2601671875
28 0.5771484375 0.249878125 0.603515625 0.23909843749999998 0.615234375 0.22537968749999998 0.6171875 0.20333125000000002 0.5888671875 0.1999015625 0.556640625 0.1999015625 0.525390625 0.2111703125 0.515625 0.22587031249999998 0.517578125 0.23517812500000002 0.5361328125 0.2454671875 0.5771484375 0.249878125
0 0.6650390625 0.244978125 0.6279296875 0.25575625 0.6611328125 0.23566875 0.68359375 0.2209703125 0.669921875 0.21509062499999998 0.6474609375 0.222440625 0.6171875 0.23321874999999997 0.5859375 0.2459578125 0.5654296875 0.25036718750000003 0.5341796875 0.258696875 0.5224609375 0.2670265625 0.5302734375 0.278784375 0.556640625 0.28319375 0.5654296875 0.29936250000000003 0.5830078125 0.30377343749999997 0.607421875 0.30377343749999997 0.619140625 0.288584375 0.63671875 0.28123437500000004 0.6533203125 0.272415625 0.6796875 0.2567375 0.703125 0.23860781250000002 0.6923828125 0.2302796875 0.6650390625 0.244978125
1 0.705078125 0.3076921875 0.693359375 0.3008328125 0.71484375 0.28907343750000003 0.744140625 0.276334375 0.7470703125 0.26310625 0.7333984375 0.2670265625 0.6962890625 0.276334375 0.673828125 0.28662343749999997 0.6533203125 0.2959328125 0.6220703125 0.3008328125 0.5869140625 0.3096515625 0.5869140625 0.324840625 0.607421875 0.33415 0.609375 0.34394843750000004 0.6123046875 0.3512984375 0.6376953125 0.35276874999999996 0.6591796875 0.34394843750000004 0.6796875 0.333659375 0.71484375 0.327290625 0.73828125 0.3189609375 0.76171875 0.3067125 0.779296875 0.2988734375 0.7734375 0.28564375000000003 0.7451171875 0.2939734375 0.7197265625 0.30377343749999997 0.705078125 0.3076921875
3 0.6611328125 0.34835937499999997 0.6240234375 0.35521875 0.6318359375 0.375796875 0.6494140625 0.38363593749999997 0.67578125 0.38265625000000003 0.6923828125 0.37530625 0.716796875 0.368446875 0.7509765625 0.3581578125 0.796875 0.3512984375 0.8271484375 0.3395390625 0.8203125 0.33121093749999997 0.7861328125 0.3287609375 0.7412109375 0.3356203125 0.69921875 0.3424796875 0.6611328125 0.34835937499999997
4 0.8017578125 0.3674671875 0.763671875 0.377265625 0.7255859375 0.3811859375 0.6923828125 0.381675 0.6552734375 0.38363593749999997 0.6533203125 0.39637500000000003 0.65234375 0.4066640625 0.671875 0.4081328125 0.681640625 0.4164625 0.6953125 0.4164625 0.71484375 0.40764374999999997 0.7548828125 0.39784375 0.7734375 0.393434375 0.8125 0.3875546875 0.8427734375 0.381675 0.861328125 0.3581578125 0.84375 0.3581578125 0.8017578125 0.3674671875
5 0.66796875 0.44683906249999994 0.6953125 0.44634999999999997 0.7373046875 0.4409609375 0.794921875 0.437040625 0.85546875 0.4336109375 0.87109375 0.4272421875 0.865234375 0.4130328125 0.8193359375 0.4130328125 0.7822265625 0.412053125 0.7421875 0.412053125 0.708984375 0.4130328125 0.6728515625 0.4164625 0.6591796875 0.42626093750000005 0.65625 0.4360609375 0.66796875 0.44683906249999994
6 0.7705078125 0.46986718749999995 0.8427734375 0.4728078125 0.87109375 0.4679078125 0.8505859375 0.45222968750000003 0.8046875 0.45222968750000003 0.7646484375 0.45222968750000003 0.7333984375 0.4517390625 0.6982421875 0.44634999999999997 0.6728515625 0.44880000000000003 0.6708984375 0.4659484375 0.6796875 0.48015625 0.724609375 0.47819687499999997 0.7705078125 0.46986718749999995
7 0.8212890625 0.5002453124999999 0.8544921875 0.48995625 0.8212890625 0.48652656250000004 0.7705078125 0.48407656250000003 0.7353515625 0.48162656249999997 0.70703125 0.480646875 0.67578125 0.47868750000000004 0.6669921875 0.498284375 0.6787109375 0.5051453125 0.7119140625 0.5051453125 0.7548828125 0.5041640625 0.8212890625 0.5002453124999999
8 0.669921875 0.5286625 0.6845703125 0.5335625 0.7275390625 0.5345421875 0.75390625 0.533071875 0.8056640625 0.5335625 0.8525390625 0.5325828125000001 0.876953125 0.5208234375 0.8388671875 0.5193531250000001 0.7890625 0.5183734375 0.736328125 0.5115140625000001 0.703125 0.5071046875 0.67578125 0.503675 0.6728515625 0.5164140625 0.669921875 0.5286625
9 0.669921875 0.5644296875 0.7041015625 0.56491875 0.7353515625 0.5624687500000001 0.7763671875 0.561 0.82421875 0.5590390625 0.8232421875 0.5477703125 0.767578125 0.5433609374999999 0.7314453125 0.5384609375 0.7021484375 0.5360125 0.67578125 0.537971875 0.6630859375 0.5472812499999999 0.669921875 0.5644296875
10 0.689453125 0.56491875 0.666015625 0.570309375 0.658203125 0.57716875 0.658203125 0.5869671875 0.671875 0.5933359375 0.6923828125 0.5952968750000001 0.712890625 0.5952968750000001 0.74609375 0.601665625 0.7744140625 0.6026453125 0.81640625 0.6050953125 0.86328125 0.5962765625 0.83984375 0.5786374999999999 0.791015625 0.5712890625 0.734375 0.56736875 0.689453125 0.56491875
11 0.80859375 0.6217546875 0.7705078125 0.6144046875 0.7314453125 0.6075453125 0.703125 0.599215625 0.6884765625 0.5952968750000001 0.6640625 0.6006859375 0.6455078125 0.60460625 0.646484375 0.6158750000000001 0.6396484375 0.6261640625 0.6552734375 0.6261640625 0.6767578125 0.6310625 0.716796875 0.63204375 0.7431640625 0.6335124999999999 0.7744140625 0.6369421875 0.8056640625 0.6447812500000001 0.826171875 0.6433125000000001 0.8583984375 0.6418421875 0.84765625 0.631553125 0.80859375 0.6217546875
12 0.8037109375 0.6624203125 0.77734375 0.65703125 0.75390625 0.6521312499999999 0.732421875 0.6482109375 0.708984375 0.6423328125000001 0.681640625 0.63204375 0.6552734375 0.6286140625 0.6337890625 0.634003125 0.625 0.6462515625 0.630859375 0.6575203125 0.65625 0.665359375 0.68359375 0.6668296875 0.7099609375 0.6736890625 0.7353515625 0.6776093750000001 0.75390625 0.6805484374999999 0.783203125 0.6829984375 0.8125 0.6947578125 0.828125 0.692796875 0.828125 0.681528125 0.8173828125 0.675159375 0.8037109375 0.6624203125
14 0.708984375 0.7192546875 0.69921875 0.70945625 0.7216796875 0.70945625 0.7431640625 0.7192546875 0.7626953125 0.7324843750000001 0.7705078125 0.727584375 0.7685546875 0.7202359375 0.76171875 0.708965625 0.736328125 0.695246875 0.708984375 0.6878984375 0.685546875 0.6810390625 0.6669921875 0.670259375 0.6474609375 0.6634 0.6318359375 0.6604609375 0.6171875 0.6604609375 0.609375 0.6687890624999999 0.6142578125 0.6825078125 0.6044921875 0.68446875 0.5849609375 0.6903484375 0.5869140625 0.7065171875 0.6103515625 0.7138656250000001 0.6328125 0.7172953125 0.646484375 0.7212156249999999 0.6669921875 0.7290546875 0.6865234375 0.7359140625 0.7177734375 0.7496328125 0.744140625 0.7501218749999999 0.744140625 0.7432624999999999 0.7275390625 0.727584375 0.708984375 0.7192546875
15 0.6953125 0.7765796875000001 0.689453125 0.7677609375000001 0.673828125 0.7560015625000001 0.658203125 0.74424375 0.6416015625 0.7359140625 0.6259765625 0.725134375 0.603515625 0.7153359375 0.5849609375 0.7104359375 0.5703125 0.7133765624999999 0.5576171875 0.7197453125 0.546875 0.730525 0.5380859375 0.7329734375 0.525390625 0.7427734375 0.53515625 0.75698125 0.55859375 0.76433125 0.5869140625 0.7687406250000001 0.619140625 0.7839296874999999 0.6484375 0.7951984375000001 0.6796875 0.7932390625 0.6650390625 0.7790296875 0.6455078125 0.771190625 0.642578125 0.763840625 0.6767578125 0.7760906249999999 0.6953125 0.7765796875000001
16 0.564453125 0.7702109375 0.537109375 0.7795203125 0.5224609375 0.7834390625000001 0.5107421875 0.79421875 0.5224609375 0.8094078124999999 0.5390625 0.8152859375 0.5615234375 0.817246875 0.5615234375 0.809896875 0.5703125 0.8005875 0.58984375 0.7947078125 0.6181640625 0.8089171875 0.619140625 0.792259375 0.611328125 0.7805 0.5908203125 0.7702109375 0.564453125 0.7702109375
29 0.5146484375 0.45369843750000005 0.5390625 0.4448796875 0.533203125 0.42038281250000004 0.51171875 0.409603125 0.4423828125 0.395884375 0.3798828125 0.3787359375 0.345703125 0.374815625 0.330078125 0.3782453125 0.3330078125 0.3875546875 0.4638671875 0.4385109375 0.490234375 0.45565937500000003 0.5146484375 0.45369843750000005