31 0.27045625 0.2373046875 0.2542875 0.208984375 0.23909843749999998 0.240234375 0.23909843749999998 0.28125 0.2508578125 0.3046875 0.2640859375 0.33203125 0.288584375 0.3134765625 0.2895640625 0.2744140625 0.27045625 0.2373046875
2 0.31749218749999997 0.3193359375 0.2959328125 0.326171875 0.28123437500000004 0.3369140625 0.262615625 0.3798828125 0.256246875 0.4287109375 0.27339531250000004 0.4541015625 0.288584375 0.46484375 0.3032828125 0.447265625 0.311121875 0.4072265625 0.3121015625 0.3662109375 0.31749218749999997 0.3193359375
19 0.43116093749999995 0.3349609375 0.4125421875 0.330078125 0.4061734375 0.3515625 0.403234375 0.4375 0.393434375 0.5029296875 0.3944140625 0.53125 0.41695312500000004 0.533203125 0.42773125 0.51171875 0.4341015625 0.447265625 0.4341015625 0.3818359375 0.43116093749999995 0.3349609375
20 0.4630078125 0.4736328125 0.46202812499999996 0.3173828125 0.439490625 0.3798828125 0.432140625 0.4521484375 0.4287109375 0.5029296875 0.4287109375 0.529296875 0.4331203125 0.55859375 0.4546796875 0.556640625 0.45761874999999996 0.5205078125 0.4630078125 0.4736328125
21 0.4953453125 0.5693359375 0.5026953125 0.5419921875 0.49926562499999994 0.4736328125 0.5007343750000001 0.4208984375 0.49926562499999994 0.3583984375 0.498284375 0.3193359375 0.4791765625 0.3349609375 0.4713375 0.3896484375 0.47035781249999997 0.42578125 0.46643749999999995 0.46484375 0.45859843749999996 0.5029296875 0.45859843749999996 0.5439453125 0.46496875 0.5673828125 0.48113593750000005 0.5732421875 0.4953453125 0.5693359375
22 0.5316015625 0.3818359375 0.5262125 0.349609375 0.51249375 0.34765625 0.5090640625 0.44140625 0.5046546875 0.5029296875 0.5046546875 0.5478515625 0.5090640625 0.5732421875 0.5262125 0.5712890625 0.54973125 0.556640625 0.54238125 0.486328125 0.5316015625 0.3818359375
30 0.5360125 0.35546875 0.5414015625 0.462890625 0.5463015625 0.5595703125 0.5663890625 0.556640625 0.5776578125 0.5380859375 0.5624687500000001 0.4345703125 0.5551203124999999 0.3818359375 0.5531609375000001 0.345703125 0.5360125 0.35546875
29 0.60460625 0.37109375 0.5938265625 0.345703125 0.5732484375 0.330078125 0.5732484375 0.3876953125 0.5712890625 0.4521484375 0.5712890625 0.515625 0.5796171875 0.552734375 0.599215625 0.552734375 0.606565625 0.5185546875 0.606565625 0.4501953125 0.60460625 0.37109375
23 0.6237140625 0.3515625 0.6139140624999999 0.3369140625 0.608525 0.400390625 0.60460625 0.4521484375 0.6055859375 0.5048828125 0.6217546875 0.5205078125 0.6408625 0.5224609375 0.647721875 0.4853515625 0.6408625 0.400390625 0.6237140625 0.3515625
25 0.6898578125 0.447265625 0.6805484374999999 0.392578125 0.66585 0.31640625 0.6531109374999999 0.3212890625 0.6491921875 0.376953125 0.6491921875 0.4052734375 0.6413515624999999 0.435546875 0.6452718749999999 0.4775390625 0.6599703124999999 0.5009765625 0.6780984375 0.4951171875 0.6898578125 0.486328125 0.6898578125 0.447265625
26 0.7123953125 0.3369140625 0.6942671875 0.3154296875 0.695246875 0.376953125 0.6878984375 0.4091796875 0.6923078125 0.4580078125 0.709946875 0.4814453125 0.734934375 0.462890625 0.734934375 0.4306640625 0.7339546875 0.40625 0.7123953125 0.3369140625
27 0.730525 0.236328125 0.70945625 0.2578125 0.70945625 0.306640625 0.7148453124999999 0.3388671875 0.7266046875 0.353515625 0.737384375 0.3447265625 0.7476734375 0.34765625 0.7609015625 0.3154296875 0.757471875 0.2685546875 0.730525 0.236328125
28 0.763840625 0.4755859375 0.76188125 0.5029296875 0.7555125 0.5244140625 0.7589421875 0.5751953125 0.7805 0.580078125 0.8025484374999999 0.5205078125 0.7819703125 0.4755859375 0.763840625 0.4755859375
0 0.780009375 0.6484375 0.773640625 0.6015625 0.757471875 0.552734375 0.7501218749999999 0.48828125 0.72954375 0.4775390625 0.718765625 0.50390625 0.7040671875 0.51171875 0.7011265625 0.5576171875 0.71680625 0.580078125 0.730525 0.6103515625 0.7491421875000001 0.6416015625 0.7726609375 0.66796875 0.780009375 0.6484375
1 0.7148453124999999 0.60546875 0.7060265625000001 0.5654296875 0.6942671875 0.5419921875 0.67075 0.5419921875 0.6599703124999999 0.5458984375 0.652621875 0.576171875 0.65703125 0.6162109375 0.67711875 0.6650390625 0.6996578125 0.7314453125 0.727584375 0.74609375 0.73934375 0.71875 0.730525 0.669921875 0.7148453124999999 0.60546875
3 0.6580109375000001 0.62890625 0.6462515625 0.5654296875 0.6227343750000001 0.5693359375 0.6193046875 0.599609375 0.6227343750000001 0.626953125 0.629103125 0.65234375 0.636453125 0.69140625 0.6438015625 0.74609375 0.667809375 0.7958984375 0.667809375 0.7548828125 0.6609499999999999 0.697265625 0.6580109375000001 0.62890625
4 0.6237140625 0.71484375 0.6227343750000001 0.646484375 0.620284375 0.625 0.6099953124999999 0.5927734375 0.5894171874999999 0.5927734375 0.5859875 0.626953125 0.5894171874999999 0.669921875 0.596765625 0.7119140625 0.6075453125 0.759765625 0.6227343750000001 0.787109375 0.6237140625 0.7509765625 0.6237140625 0.71484375
5 0.5850078125 0.607421875 0.5712890625 0.5908203125 0.5561 0.5888671875 0.5531609375000001 0.62890625 0.5551203124999999 0.669921875 0.5614890625 0.72265625 0.5732484375 0.783203125 0.5884375000000001 0.791015625 0.5894171874999999 0.720703125 0.5850078125 0.650390625 0.5850078125 0.607421875
6 0.54238125 0.5888671875 0.5296421875 0.5966796875 0.524253125 0.6376953125 0.5262125 0.671875 0.5262125 0.71484375 0.524253125 0.759765625 0.544340625 0.7080078125 0.54973125 0.650390625 0.5561 0.6123046875 0.54238125 0.5888671875
7 0.5007343750000001 0.66796875 0.5007343750000001 0.716796875 0.49926562499999994 0.7529296875 0.521803125 0.7099609375 0.521803125 0.654296875 0.5198437499999999 0.6123046875 0.503675 0.6103515625 0.5007343750000001 0.66796875
8 0.49289531249999996 0.60546875 0.475746875 0.6201171875 0.475746875 0.669921875 0.4791765625 0.7509765625 0.491915625 0.736328125 0.498284375 0.693359375 0.498284375 0.630859375 0.49289531249999996 0.60546875
9 0.475746875 0.603515625 0.4566390625 0.607421875 0.44683906249999994 0.607421875 0.44145 0.6630859375 0.44782031250000004 0.72265625 0.44782031250000004 0.759765625 0.4674171875 0.767578125 0.4674171875 0.71875 0.47035781249999997 0.66796875 0.475746875 0.603515625
10 0.4448796875 0.583984375 0.42675156249999996 0.583984375 0.4125421875 0.623046875 0.4125421875 0.6953125 0.41156249999999994 0.74609375 0.41058281250000006 0.7978515625 0.429690625 0.7333984375 0.43508125 0.67578125 0.4448796875 0.6376953125 0.4448796875 0.583984375
11 0.36648749999999997 0.7783203125 0.389025 0.76171875 0.3998046875 0.69921875 0.409603125 0.626953125 0.409603125 0.5947265625 0.403234375 0.5712890625 0.3860859375 0.5712890625 0.377265625 0.6103515625 0.377265625 0.64453125 0.377265625 0.6865234375 0.373346875 0.7314453125 0.36648749999999997 0.7548828125 0.36648749999999997 0.7783203125
12 0.381675 0.578125 0.370896875 0.5625 0.35276874999999996 0.556640625 0.34835937499999997 0.583984375 0.3463984375 0.6337890625 0.34296875 0.6865234375 0.3356203125 0.7529296875 0.3508078125 0.73828125 0.3601171875 0.69140625 0.377265625 0.6337890625 0.381675 0.578125
14 0.3150421875 0.71875 0.33464062499999997 0.6650390625 0.34541875 0.6162109375 0.3581578125 0.560546875 0.33904999999999996 0.53515625 0.3101421875 0.53125 0.2959328125 0.556640625 0.2915234375 0.5927734375 0.2822140625 0.625 0.274375 0.6572265625 0.272415625 0.7060546875 0.272415625 0.7275390625 0.2959328125 0.736328125 0.3150421875 0.71875
15 0.23811875 0.654296875 0.25967656250000004 0.65234375 0.274375 0.607421875 0.286134375 0.58203125 0.29495312500000004 0.5458984375 0.2915234375 0.513671875 0.27339531250000004 0.4990234375 0.2552671875 0.4814453125 0.240078125 0.509765625 0.2327296875 0.5498046875 0.2297890625 0.58203125 0.2165609375 0.62890625 0.22831875 0.6630859375 0.23811875 0.654296875
16 0.23664843750000003 0.5732421875 0.236159375 0.5205078125 0.2297890625 0.4814453125 0.21362031250000002 0.4755859375 0.1945125 0.5009765625 0.18569375 0.5263671875 0.18569375 0.5732421875 0.1984328125 0.58984375 0.2204796875 0.5927734375 0.23664843750000003 0.5732421875
13 0.333659375 0.494140625 0.354728125 0.4921875 0.37040625 0.5029296875 0.379715625 0.47265625 0.3767765625 0.4462890625 0.3718765625 0.4208984375 0.3674671875 0.388671875 0.3645265625 0.359375 0.3615875 0.330078125 0.3508078125 0.330078125 0.341009375 0.33984375 0.33022968750000004 0.3623046875 0.3238609375 0.3974609375 0.3145515625 0.42578125 0.306221875 0.44921875 0.3091625 0.4697265625 0.3170015625 0.494140625 0.333659375 0.494140625
17 0.379715625 0.5029296875 0.3919640625 0.5078125 0.39735468749999997 0.4853515625 0.4012734375 0.45703125 0.400784375 0.4306640625 0.400784375 0.4013671875 0.40519375 0.3720703125 0.4061734375 0.341796875 0.3919640625 0.3212890625 0.3860859375 0.3525390625 0.3767765625 0.375 0.37040625 0.3955078125 0.36550781250000003 0.423828125 0.3601171875 0.4521484375 0.35766718750000004 0.484375 0.3591375 0.5107421875 0.379715625 0.5029296875