31 0.5869140625 0.8025484374999999 0.6123046875 0.803528125 0.6123046875 0.8133265625 0.65234375 0.809896875 0.67578125 0.7951984375000001 0.7021484375 0.7790296875 0.7080078125 0.7628609375 0.669921875 0.7555125 0.61328125 0.7677609375000001 0.5693359375 0.7765796875000001 0.5869140625 0.8025484374999999
2 0.4560546875 0.7466921875 0.4560546875 0.76923125 0.4755859375 0.7834390625000001 0.4990234375 0.7981374999999999 0.5390625 0.7873593750000001 0.5732421875 0.7746203125 0.6123046875 0.766290625 0.650390625 0.7628609375 0.6650390625 0.7501218749999999 0.6337890625 0.7413031250000001 0.5673828125 0.7457125 0.5078125 0.7466921875 0.4560546875 0.7466921875
13 0.4541015625 0.6878984375 0.4345703125 0.6942671875 0.443359375 0.7221953125 0.4501953125 0.7427734375 0.48828125 0.743753125 0.5419921875 0.7339546875 0.5927734375 0.7339546875 0.646484375 0.727584375 0.646484375 0.7040671875 0.603515625 0.6996578125 0.5654296875 0.6923078125 0.509765625 0.6878984375 0.4541015625 0.6878984375
17 0.4375 0.6643796875 0.4375 0.6805484374999999 0.4560546875 0.6859375 0.4951171875 0.6859375 0.556640625 0.6805484374999999 0.626953125 0.6795687499999999 0.6357421875 0.6697703125000001 0.6357421875 0.6599703124999999 0.560546875 0.6560515625 0.4736328125 0.6609499999999999 0.4375 0.6643796875
18 0.4560546875 0.6217546875 0.4306640625 0.629103125 0.4306640625 0.6560515625 0.46484375 0.6560515625 0.51171875 0.65458125 0.5654296875 0.652621875 0.630859375 0.651640625 0.64453125 0.642821875 0.64453125 0.6300828125 0.58203125 0.6256734374999999 0.515625 0.6246937499999999 0.4560546875 0.6217546875
19 0.44140625 0.5903968749999999 0.419921875 0.6099953124999999 0.470703125 0.620284375 0.5498046875 0.6193046875 0.6396484375 0.6310625 0.650390625 0.6119546875 0.623046875 0.597746875 0.5693359375 0.5957859375 0.484375 0.5859875 0.44140625 0.5903968749999999
20 0.416015625 0.576678125 0.4501953125 0.584028125 0.529296875 0.584028125 0.6103515625 0.584028125 0.626953125 0.5688390625 0.5654296875 0.5551203124999999 0.509765625 0.5541406249999999 0.462890625 0.54875 0.4287109375 0.54875 0.416015625 0.5639390625 0.416015625 0.576678125
21 0.423828125 0.506125 0.4072265625 0.515434375 0.4111328125 0.5335625 0.4287109375 0.5467906250000001 0.46484375 0.5467906250000001 0.5078125 0.5467906250000001 0.556640625 0.5467906250000001 0.6103515625 0.5467906250000001 0.626953125 0.54238125 0.5966796875 0.5188640625 0.537109375 0.5090640625 0.46875 0.506125 0.423828125 0.506125
22 0.439453125 0.46202812499999996 0.4130859375 0.46202812499999996 0.4130859375 0.48015625 0.416015625 0.49926562499999994 0.4501953125 0.501715625 0.4951171875 0.5046546875 0.5458984375 0.506125 0.625 0.49926562499999994 0.65234375 0.4772171875 0.607421875 0.4630078125 0.5439453125 0.4630078125 0.486328125 0.46006875 0.439453125 0.46202812499999996
30 0.4375 0.42136250000000003 0.419921875 0.4331203125 0.41796875 0.45026875000000005 0.439453125 0.45565937500000003 0.484375 0.45565937500000003 0.5185546875 0.45761874999999996 0.5625 0.46202812499999996 0.60546875 0.46202812499999996 0.625 0.45026875000000005 0.6103515625 0.432140625 0.5458984375 0.432140625 0.486328125 0.42332187499999996 0.4375 0.42136250000000003
29 0.4306640625 0.377265625 0.4267578125 0.39539375 0.4326171875 0.41499218750000005 0.4541015625 0.42038281250000004 0.4794921875 0.42136250000000003 0.5185546875 0.4179328125 0.5546875 0.4179328125 0.5908203125 0.4179328125 0.6337890625 0.4125421875 0.677734375 0.40519375 0.669921875 0.38804531249999996 0.6142578125 0.3860859375 0.5390625 0.381675 0.4794921875 0.381675 0.4306640625 0.377265625
23 0.4306640625 0.354728125 0.439453125 0.36648749999999997 0.4453125 0.379715625 0.4921875 0.3806953125 0.5478515625 0.381675 0.599609375 0.38363593749999997 0.6396484375 0.38363593749999997 0.6396484375 0.3645265625 0.5654296875 0.3591375 0.4921875 0.34835937499999997 0.447265625 0.34541875 0.4306640625 0.354728125
24 0.4736328125 0.3121015625 0.4375 0.31749218749999997 0.4375 0.33464062499999997 0.4521484375 0.347378125 0.48828125 0.347378125 0.5439453125 0.354728125 0.6015625 0.3601171875 0.6416015625 0.36550781250000003 0.650390625 0.3463984375 0.6142578125 0.3375796875 0.576171875 0.3258203125 0.5263671875 0.32043125 0.4736328125 0.3121015625
25 0.486328125 0.2572265625 0.44140625 0.269475 0.447265625 0.2915234375 0.4560546875 0.3101421875 0.4814453125 0.3101421875 0.529296875 0.3194515625 0.5693359375 0.32288125 0.6181640625 0.318471875 0.673828125 0.3121015625 0.677734375 0.2895640625 0.6484375 0.27339531250000004 0.578125 0.27339531250000004 0.5224609375 0.2660453125 0.486328125 0.2572265625
26 0.5029296875 0.2111703125 0.48828125 0.226359375 0.462890625 0.23909843749999998 0.4814453125 0.25967656250000004 0.5419921875 0.26800625 0.623046875 0.26800625 0.69140625 0.258696875 0.671875 0.24252812499999998 0.6181640625 0.23811875 0.580078125 0.23076875000000002 0.5390625 0.20823125 0.5029296875 0.2111703125
27 0.623046875 0.23811875 0.66015625 0.24154843750000002 0.6875 0.2464484375 0.697265625 0.24154843750000002 0.712890625 0.23321874999999997 0.7265625 0.2234203125 0.716796875 0.21558125 0.6953125 0.1945125 0.6650390625 0.18569375 0.625 0.20088124999999998 0.6015625 0.2165609375 0.609375 0.22782968750000002 0.623046875 0.23811875
28 0.2939453125 0.1847140625 0.2978515625 0.2028421875 0.33203125 0.21166093749999998 0.3798828125 0.21362031250000002 0.4091796875 0.210190625 0.4375 0.1930421875 0.423828125 0.180303125 0.3818359375 0.1631546875 0.349609375 0.16119531250000002 0.2939453125 0.166584375 0.2939453125 0.1847140625
0 0.3193359375 0.2111703125 0.2900390625 0.1954921875 0.2578125 0.1891234375 0.2578125 0.21459999999999999 0.2685546875 0.23811875 0.3134765625 0.2523265625 0.3408203125 0.262615625 0.3798828125 0.274375 0.419921875 0.27339531250000004 0.4326171875 0.2542875 0.443359375 0.2371390625 0.4306640625 0.2209703125 0.392578125 0.21558125 0.35546875 0.21558125 0.3193359375 0.2111703125
1 0.322265625 0.274375 0.27734375 0.258696875 0.232421875 0.240078125 0.2109375 0.2552671875 0.26171875 0.276825 0.255859375 0.2851546875 0.232421875 0.2797640625 0.19140625 0.269475 0.212890625 0.2983828125 0.26171875 0.311121875 0.3046875 0.3219015625 0.3427734375 0.32288125 0.3798828125 0.333659375 0.3876953125 0.3238609375 0.3876953125 0.3101421875 0.4072265625 0.29299375 0.4072265625 0.278784375 0.373046875 0.276825 0.322265625 0.274375
3 0.2275390625 0.33022968750000004 0.169921875 0.341009375 0.1962890625 0.3561984375 0.263671875 0.3601171875 0.32421875 0.36648749999999997 0.3798828125 0.36648749999999997 0.3896484375 0.35276874999999996 0.375 0.33121093749999997 0.33203125 0.3194515625 0.2900390625 0.33022968750000004 0.2275390625 0.33022968750000004
4 0.3818359375 0.4056828125 0.39453125 0.387065625 0.373046875 0.37138593750000004 0.3369140625 0.36893750000000003 0.28125 0.36893750000000003 0.216796875 0.36795625 0.25390625 0.387065625 0.3134765625 0.398334375 0.3818359375 0.4056828125
5 0.2109375 0.377265625 0.1748046875 0.3900046875 0.255859375 0.4243015625 0.326171875 0.439490625 0.380859375 0.4439 0.392578125 0.4287109375 0.3876953125 0.41058281250000006 0.3623046875 0.40519375 0.2880859375 0.400784375 0.2109375 0.377265625
6 0.3642578125 0.4791765625 0.39453125 0.4791765625 0.375 0.44782031250000004 0.3193359375 0.44292031249999997 0.2724609375 0.4331203125 0.23046875 0.42773125 0.23828125 0.4448796875 0.3046875 0.46496875 0.3642578125 0.4791765625
7 0.2470703125 0.4639875 0.2451171875 0.47966718750000004 0.275390625 0.49436562500000003 0.318359375 0.503184375 0.3486328125 0.508575 0.384765625 0.5071046875 0.3837890625 0.480646875 0.341796875 0.4747671875 0.3125 0.4713375 0.2783203125 0.4639875 0.2470703125 0.4639875
8 0.23828125 0.49093593750000003 0.23828125 0.503184375 0.2509765625 0.5188640625 0.298828125 0.5271921875000001 0.3544921875 0.5325828125000001 0.3984375 0.5355218749999999 0.384765625 0.5090640625 0.345703125 0.51004375 0.3154296875 0.5041640625 0.2685546875 0.49387499999999995 0.23828125 0.49093593750000003
9 0.2568359375 0.5311125 0.2236328125 0.5301328125 0.2158203125 0.5433609374999999 0.255859375 0.5561 0.3017578125 0.56345 0.3447265625 0.5639390625 0.384765625 0.56491875 0.3955078125 0.5575703125 0.3955078125 0.5369921875 0.3447265625 0.5345421875 0.3095703125 0.5345421875 0.2568359375 0.5311125
10 0.2587890625 0.569328125 0.220703125 0.5756984375 0.171875 0.5820671875000001 0.1591796875 0.587946875 0.1748046875 0.599215625 0.220703125 0.6006859375 0.2646484375 0.6006859375 0.3125 0.6006859375 0.3447265625 0.6011765625 0.375 0.60215625 0.392578125 0.5952968750000001 0.3955078125 0.5776578125 0.384765625 0.56491875 0.3427734375 0.5639390625 0.3037109375 0.56491875 0.2587890625 0.569328125
11 0.220703125 0.604115625 0.171875 0.610975 0.1806640625 0.61979375 0.2265625 0.6261640625 0.275390625 0.634003125 0.318359375 0.6354734375 0.365234375 0.6354734375 0.3896484375 0.63204375 0.3876953125 0.6173437500000001 0.375 0.60215625 0.345703125 0.60215625 0.30078125 0.6006859375 0.2705078125 0.6026453125 0.220703125 0.604115625
12 0.162109375 0.6785890625000001 0.20703125 0.6766296875 0.2529296875 0.6717296875 0.3046875 0.6722187500000001 0.333984375 0.6722187500000001 0.375 0.667809375 0.37890625 0.652621875 0.3662109375 0.637921875 0.330078125 0.636453125 0.2890625 0.6369421875 0.2421875 0.6442921875 0.2041015625 0.65703125 0.1767578125 0.66585 0.162109375 0.6785890625000001
14 0.3310546875 0.6736890625 0.2861328125 0.67466875 0.26171875 0.6883874999999999 0.232421875 0.697696875 0.2041015625 0.70455625 0.1806640625 0.7241546875 0.220703125 0.7192546875 0.25390625 0.7192546875 0.2177734375 0.7408140624999999 0.2216796875 0.75698125 0.2529296875 0.7491421875000001 0.2978515625 0.73444375 0.328125 0.73199375 0.3515625 0.73199375 0.37890625 0.725625 0.3876953125 0.7197453125 0.380859375 0.7065171875 0.380859375 0.6962265624999999 0.3837890625 0.6825078125 0.375 0.6687890624999999 0.3310546875 0.6736890625
15 0.2294921875 0.77168125 0.2587890625 0.7746203125 0.2421875 0.782459375 0.244140625 0.793728125 0.2802734375 0.793728125 0.3154296875 0.7809890625 0.3505859375 0.7809890625 0.3681640625 0.7927484375 0.392578125 0.792259375 0.4052734375 0.7775593749999999 0.4140625 0.7579625 0.4130859375 0.7359140625 0.380859375 0.7290546875 0.3544921875 0.7290546875 0.3251953125 0.7378734375 0.28125 0.7476734375 0.25 0.7613921875 0.2294921875 0.77168125
16 0.2587890625 0.82655625 0.29296875 0.8402749999999999 0.333984375 0.8412546875 0.3876953125 0.82410625 0.3759765625 0.7971578125 0.357421875 0.78686875 0.333984375 0.7819703125 0.3095703125 0.7819703125 0.27734375 0.79421875 0.2587890625 0.8128375 0.2587890625 0.82655625