2 0.677734375 0.24154843750000002 0.67578125 0.22733906250000002 0.6376953125 0.22733906250000002 0.5947265625 0.23076875000000002 0.55859375 0.2234203125 0.513671875 0.21558125 0.4951171875 0.22831875 0.490234375 0.24889687500000002 0.48828125 0.2660453125 0.5185546875 0.27339531250000004 0.5712890625 0.26800625 0.6181640625 0.26800625 0.6611328125 0.262615625 0.677734375 0.24154843750000002
13 0.658203125 0.311121875 0.6455078125 0.2983828125 0.6474609375 0.277315625 0.6162109375 0.2758453125 0.580078125 0.2758453125 0.537109375 0.272415625 0.5009765625 0.2714359375 0.4775390625 0.28123437500000004 0.4755859375 0.2983828125 0.4736328125 0.31651093750000003 0.4794921875 0.3282703125 0.5185546875 0.3258203125 0.55859375 0.3219015625 0.6103515625 0.32043125 0.658203125 0.311121875
18 0.60546875 0.3537484375 0.560546875 0.3537484375 0.513671875 0.3508078125 0.4794921875 0.3419890625 0.4482421875 0.3508078125 0.4423828125 0.36795625 0.46484375 0.3806953125 0.5244140625 0.379715625 0.583984375 0.37530625 0.654296875 0.3718765625 0.654296875 0.35276874999999996 0.60546875 0.3537484375
19 0.58203125 0.381675 0.53125 0.381675 0.490234375 0.381675 0.4541015625 0.379715625 0.4326171875 0.38804531249999996 0.4326171875 0.41156249999999994 0.4814453125 0.41891249999999997 0.560546875 0.41891249999999997 0.6396484375 0.42136250000000003 0.6650390625 0.415971875 0.6591796875 0.38510468750000004 0.58203125 0.381675
20 0.650390625 0.42332187499999996 0.5908203125 0.42332187499999996 0.5478515625 0.42332187499999996 0.5185546875 0.42332187499999996 0.470703125 0.42136250000000003 0.44140625 0.42675156249999996 0.4375 0.45125000000000004 0.466796875 0.4566390625 0.5244140625 0.45565937500000003 0.5966796875 0.45320937499999997 0.671875 0.45320937499999997 0.671875 0.43508125 0.650390625 0.42332187499999996
21 0.6591796875 0.4630078125 0.578125 0.4630078125 0.51171875 0.46006875 0.46484375 0.45859843749999996 0.4345703125 0.46006875 0.4345703125 0.491915625 0.4345703125 0.5046546875 0.5029296875 0.503675 0.5693359375 0.501715625 0.6376953125 0.501715625 0.6845703125 0.501715625 0.67578125 0.47819687499999997 0.6591796875 0.4630078125
22 0.67578125 0.503675 0.58203125 0.5046546875 0.5078125 0.5046546875 0.443359375 0.5066140625 0.4287109375 0.5296421875 0.44140625 0.5453203125 0.4580078125 0.5546296875000001 0.53515625 0.544340625 0.603515625 0.5433609374999999 0.6484375 0.5433609374999999 0.693359375 0.5414015625 0.69140625 0.5178828125 0.67578125 0.503675
30 0.556640625 0.5541406249999999 0.48046875 0.5526703125 0.46875 0.5624687500000001 0.470703125 0.584028125 0.513671875 0.5820671875000001 0.58984375 0.5781484375 0.6259765625 0.5756984375 0.6845703125 0.567859375 0.666015625 0.556590625 0.599609375 0.5531609375000001 0.556640625 0.5541406249999999
29 0.513671875 0.585496875 0.46484375 0.5874578125000001 0.4521484375 0.606565625 0.46875 0.6227343750000001 0.515625 0.61979375 0.5517578125 0.6163640625 0.625 0.618325 0.7314453125 0.6119546875 0.7236328125 0.597746875 0.6123046875 0.585496875 0.513671875 0.585496875
23 0.626953125 0.618325 0.599609375 0.618325 0.5517578125 0.6173437500000001 0.5 0.610975 0.4814453125 0.6246937499999999 0.4736328125 0.6433125000000001 0.498046875 0.6531109374999999 0.5830078125 0.6447812500000001 0.64453125 0.6354734375 0.67578125 0.63204375 0.6826171875 0.6173437500000001 0.626953125 0.618325
25 0.6884765625 0.691328125 0.677734375 0.67075 0.6357421875 0.6687890624999999 0.6015625 0.6673203125 0.5673828125 0.6624203125 0.5146484375 0.654090625 0.486328125 0.6609499999999999 0.484375 0.6805484374999999 0.484375 0.7030875 0.4970703125 0.7148453124999999 0.560546875 0.7104359375 0.626953125 0.71680625 0.6865234375 0.723175 0.6884765625 0.691328125
26 0.6845703125 0.7628609375 0.6943359375 0.72954375 0.650390625 0.7202359375 0.599609375 0.7202359375 0.5654296875 0.7138656250000001 0.5244140625 0.711415625 0.4951171875 0.725625 0.4951171875 0.7413031250000001 0.51171875 0.7520828125000001 0.51171875 0.76433125 0.541015625 0.76678125 0.58984375 0.7599218750000001 0.6435546875 0.76188125 0.6845703125 0.7628609375
28 0.2998046875 0.8069578125 0.369140625 0.842234375 0.421875 0.84419375 0.4609375 0.8368453125 0.4541015625 0.819696875 0.4208984375 0.79176875 0.396484375 0.773640625 0.34765625 0.7863796875 0.2978515625 0.7971578125 0.2998046875 0.8069578125
0 0.455078125 0.7221953125 0.4345703125 0.7138656250000001 0.400390625 0.7221953125 0.3642578125 0.734934375 0.3154296875 0.7491421875000001 0.2744140625 0.7726609375 0.2744140625 0.7951984375000001 0.326171875 0.7951984375000001 0.376953125 0.7790296875 0.416015625 0.7726609375 0.4541015625 0.77168125 0.4814453125 0.76188125 0.4716796875 0.746203125 0.455078125 0.7221953125
1 0.4375 0.7016171875 0.43359375 0.67711875 0.4306640625 0.667809375 0.4248046875 0.6580109375000001 0.396484375 0.6604609375 0.3134765625 0.68691875 0.2705078125 0.691328125 0.2275390625 0.7030875 0.240234375 0.7079859374999999 0.3134765625 0.7060265625000001 0.2451171875 0.7359140625 0.3173828125 0.73199375 0.3642578125 0.7212156249999999 0.4072265625 0.7212156249999999 0.4375 0.7177859375 0.4375 0.7016171875
3 0.2578125 0.651640625 0.212890625 0.67075 0.240234375 0.6849578125 0.306640625 0.6727093749999999 0.3486328125 0.665359375 0.380859375 0.663890625 0.416015625 0.665359375 0.4375 0.6438015625 0.416015625 0.62224375 0.3408203125 0.6369421875 0.2578125 0.651640625
4 0.3818359375 0.6246937499999999 0.419921875 0.6246937499999999 0.4267578125 0.6055859375 0.41796875 0.5874578125000001 0.3857421875 0.5874578125000001 0.3515625 0.5938265625 0.3154296875 0.6011765625 0.279296875 0.6099953124999999 0.2236328125 0.629103125 0.2109375 0.651640625 0.259765625 0.6408625 0.32421875 0.6246937499999999 0.3818359375 0.6246937499999999
5 0.3408203125 0.5903968749999999 0.3896484375 0.5850078125 0.423828125 0.5850078125 0.4326171875 0.567859375 0.419921875 0.5541406249999999 0.373046875 0.5541406249999999 0.328125 0.5570796875 0.283203125 0.56491875 0.240234375 0.5756984375 0.193359375 0.5859875 0.193359375 0.6055859375 0.2236328125 0.60460625 0.2744140625 0.5957859375 0.3408203125 0.5903968749999999
6 0.416015625 0.5551203124999999 0.4072265625 0.537971875 0.4033203125 0.524253125 0.373046875 0.5296421875 0.326171875 0.5350312500000001 0.27734375 0.5414015625 0.2236328125 0.54875 0.2041015625 0.55855 0.2490234375 0.5595296875 0.3173828125 0.5561 0.3642578125 0.5531609375000001 0.416015625 0.5551203124999999
7 0.396484375 0.498284375 0.3427734375 0.5046546875 0.279296875 0.5164140625 0.23828125 0.5271921875000001 0.2255859375 0.544340625 0.2939453125 0.5389515625 0.345703125 0.5316015625 0.39453125 0.5208234375 0.4072265625 0.51004375 0.396484375 0.498284375
8 0.2060546875 0.5026953125 0.2060546875 0.514453125 0.2509765625 0.5178828125 0.3115234375 0.51249375 0.3662109375 0.498284375 0.4072265625 0.498284375 0.3984375 0.4737875 0.33203125 0.484565625 0.255859375 0.4953453125 0.2060546875 0.5026953125
9 0.345703125 0.4737875 0.3984375 0.4728078125 0.4052734375 0.44782031250000004 0.3603515625 0.44782031250000004 0.236328125 0.4674171875 0.2109375 0.485546875 0.2685546875 0.4889765625 0.345703125 0.4737875
10 0.3154296875 0.4140125 0.234375 0.41695312500000004 0.2021484375 0.425771875 0.193359375 0.44145 0.2734375 0.44585937500000006 0.3349609375 0.45320937499999997 0.39453125 0.44782031250000004 0.4130859375 0.43508125 0.4033203125 0.41695312500000004 0.3623046875 0.41499218750000005 0.3154296875 0.4140125
12 0.208984375 0.34541875 0.236328125 0.370896875 0.28515625 0.38804531249999996 0.326171875 0.4042140625 0.376953125 0.415971875 0.4052734375 0.3968640625 0.3857421875 0.37530625 0.3515625 0.3699171875 0.2744140625 0.3508078125 0.208984375 0.34541875
14 0.19140625 0.32288125 0.2060546875 0.33464062499999997 0.2666015625 0.347378125 0.3173828125 0.3561984375 0.3408203125 0.361096875 0.3583984375 0.3699171875 0.3896484375 0.370896875 0.4111328125 0.36648749999999997 0.4091796875 0.341009375 0.423828125 0.3282703125 0.4287109375 0.31308125000000003 0.3876953125 0.3081828125 0.32421875 0.3013234375 0.283203125 0.29054375 0.23828125 0.2778046875 0.2236328125 0.29299375 0.2744140625 0.304753125 0.30859375 0.3219015625 0.328125 0.33464062499999997 0.2685546875 0.332190625 0.216796875 0.31308125000000003 0.19140625 0.32288125
15 0.279296875 0.26800625 0.3134765625 0.2822140625 0.349609375 0.2939734375 0.392578125 0.3140625 0.419921875 0.3121015625 0.4345703125 0.29054375 0.44140625 0.2640859375 0.44140625 0.24252812499999998 0.4033203125 0.24252812499999998 0.3662109375 0.240078125 0.330078125 0.2297890625 0.283203125 0.2190109375 0.2666015625 0.23517812500000002 0.330078125 0.249878125 0.302734375 0.249878125 0.259765625 0.2435078125 0.2578125 0.25967656250000004 0.279296875 0.26800625