2 0.49609375 0.2738859375 0.4609375 0.2660453125 0.423828125 0.26800625 0.41796875 0.284175 0.4072265625 0.3032828125 0.42578125 0.3125921875 0.4814453125 0.3121015625 0.5263671875 0.3106328125 0.576171875 0.3081828125 0.599609375 0.286134375 0.546875 0.2822140625 0.49609375 0.2738859375
13 0.583984375 0.3537484375 0.5927734375 0.3356203125 0.58203125 0.31308125000000003 0.529296875 0.31308125000000003 0.4970703125 0.3194515625 0.466796875 0.3150421875 0.4267578125 0.3140625 0.396484375 0.3140625 0.4052734375 0.332190625 0.3955078125 0.34541875 0.41796875 0.36648749999999997 0.470703125 0.363546875 0.515625 0.357178125 0.552734375 0.357178125 0.583984375 0.3537484375
17 0.515625 0.3625671875 0.4814453125 0.3625671875 0.4345703125 0.359628125 0.392578125 0.35276874999999996 0.3857421875 0.370896875 0.3857421875 0.38265625000000003 0.4208984375 0.39392499999999997 0.5009765625 0.393434375 0.583984375 0.393434375 0.5908203125 0.3699171875 0.5712890625 0.3625671875 0.515625 0.3625671875
18 0.5869140625 0.39784375 0.5458984375 0.39784375 0.5009765625 0.3944140625 0.466796875 0.387065625 0.421875 0.3806953125 0.392578125 0.381675 0.392578125 0.39539375 0.396484375 0.4061734375 0.4306640625 0.4086234375 0.4970703125 0.41695312500000004 0.5673828125 0.42234218749999997 0.607421875 0.4125421875 0.5869140625 0.39784375
19 0.5205078125 0.42136250000000003 0.484375 0.415971875 0.439453125 0.41058281250000006 0.39453125 0.4086234375 0.373046875 0.42136250000000003 0.373046875 0.4385109375 0.4267578125 0.4439 0.484375 0.4439 0.5498046875 0.44782031250000004 0.58203125 0.44782031250000004 0.58203125 0.4243015625 0.5205078125 0.42136250000000003
20 0.513671875 0.45026875000000005 0.46875 0.44782031250000004 0.3984375 0.44585937500000006 0.3623046875 0.4404703125 0.3603515625 0.4674171875 0.4052734375 0.469378125 0.46875 0.4747671875 0.513671875 0.4772171875 0.560546875 0.4835859375 0.58203125 0.4639875 0.55859375 0.45222968750000003 0.513671875 0.45026875000000005
21 0.5078125 0.4791765625 0.4306640625 0.4737875 0.3818359375 0.47035781249999997 0.3642578125 0.4737875 0.35546875 0.484565625 0.3681640625 0.508575 0.4111328125 0.503675 0.48828125 0.503675 0.5390625 0.5026953125 0.5732421875 0.49926562499999994 0.5654296875 0.4835859375 0.5078125 0.4791765625
22 0.4736328125 0.5080843749999999 0.392578125 0.5046546875 0.3662109375 0.51249375 0.3642578125 0.5252328125 0.3642578125 0.53993125 0.4130859375 0.53993125 0.4755859375 0.53993125 0.5263671875 0.53993125 0.5869140625 0.53993125 0.5869140625 0.5188640625 0.560546875 0.5110234375 0.4736328125 0.5080843749999999
30 0.369140625 0.544340625 0.3662109375 0.5624687500000001 0.37109375 0.5712890625 0.439453125 0.5712890625 0.5185546875 0.5712890625 0.5869140625 0.57226875 0.5712890625 0.544340625 0.4921875 0.544340625 0.443359375 0.544340625 0.369140625 0.544340625
29 0.439453125 0.5712890625 0.3896484375 0.5712890625 0.369140625 0.5796171875 0.37109375 0.6001953125 0.4091796875 0.6001953125 0.46484375 0.597746875 0.5263671875 0.597746875 0.5654296875 0.596765625 0.5654296875 0.57226875 0.5009765625 0.5712890625 0.439453125 0.5712890625
23 0.40625 0.599215625 0.3896484375 0.6148953125000001 0.39453125 0.629103125 0.462890625 0.6281234375 0.5546875 0.6281234375 0.583984375 0.6139140624999999 0.58203125 0.6001953125 0.537109375 0.6011765625 0.431640625 0.59480625 0.40625 0.599215625
25 0.5205078125 0.651640625 0.4814453125 0.6536015625 0.44140625 0.6482109375 0.4072265625 0.6482109375 0.4072265625 0.6727093749999999 0.4111328125 0.6898578125 0.4521484375 0.6898578125 0.509765625 0.6898578125 0.5625 0.6898578125 0.5927734375 0.67075 0.5693359375 0.651640625 0.5205078125 0.651640625
26 0.419921875 0.6932875000000001 0.4111328125 0.7079859374999999 0.4306640625 0.7329734375 0.458984375 0.7310140625 0.533203125 0.723175 0.5947265625 0.7212156249999999 0.5966796875 0.6996578125 0.5185546875 0.6923078125 0.4443359375 0.691328125 0.419921875 0.6932875000000001
28 0.3408203125 0.723175 0.3017578125 0.7427734375 0.3359375 0.755021875 0.361328125 0.76678125 0.392578125 0.766290625 0.4345703125 0.75943125 0.43359375 0.7403234375000001 0.4072265625 0.7138656250000001 0.3642578125 0.71680625 0.3408203125 0.723175
1 0.376953125 0.6761390625 0.3798828125 0.661440625 0.3818359375 0.62959375 0.37109375 0.626653125 0.3349609375 0.629103125 0.2900390625 0.6335124999999999 0.2431640625 0.6398828125 0.193359375 0.651640625 0.2275390625 0.65703125 0.28515625 0.65458125 0.232421875 0.6697703125000001 0.189453125 0.688878125 0.23828125 0.688878125 0.28125 0.6849578125 0.32421875 0.6795687499999999 0.376953125 0.6761390625
3 0.185546875 0.6227343750000001 0.1748046875 0.6462515625 0.236328125 0.638903125 0.306640625 0.6344921875 0.375 0.626653125 0.3818359375 0.6099953124999999 0.3603515625 0.597746875 0.32421875 0.6001953125 0.25390625 0.6119546875 0.185546875 0.6227343750000001
4 0.1806640625 0.6011765625 0.2255859375 0.6011765625 0.3046875 0.6011765625 0.353515625 0.597746875 0.3583984375 0.5756984375 0.3193359375 0.5732484375 0.25390625 0.5776578125 0.1787109375 0.5884375000000001 0.1806640625 0.6011765625
5 0.2666015625 0.54973125 0.2060546875 0.5570796875 0.169921875 0.5712890625 0.216796875 0.570309375 0.2900390625 0.567859375 0.353515625 0.567859375 0.3662109375 0.5414015625 0.3154296875 0.544340625 0.2666015625 0.54973125
6 0.240234375 0.544340625 0.2900390625 0.544340625 0.3515625 0.54238125 0.3583984375 0.5316015625 0.353515625 0.51249375 0.302734375 0.5178828125 0.2490234375 0.521803125 0.19140625 0.5227828125 0.240234375 0.544340625
7 0.35546875 0.491915625 0.30859375 0.491915625 0.216796875 0.496325 0.21484375 0.5134734375 0.30078125 0.515434375 0.349609375 0.515434375 0.35546875 0.491915625
8 0.34765625 0.4728078125 0.2880859375 0.4772171875 0.2109375 0.48652656250000004 0.21484375 0.49926562499999994 0.3046875 0.4889765625 0.353515625 0.49289531249999996 0.34765625 0.4728078125
9 0.306640625 0.4737875 0.349609375 0.4747671875 0.349609375 0.45222968750000003 0.2958984375 0.45320937499999997 0.2216796875 0.46202812499999996 0.2060546875 0.4728078125 0.26171875 0.4728078125 0.306640625 0.4737875
10 0.26171875 0.4492890625 0.345703125 0.45320937499999997 0.349609375 0.42038281250000004 0.2939453125 0.42136250000000003 0.2470703125 0.42136250000000003 0.1513671875 0.4287109375 0.1728515625 0.44292031249999997 0.26171875 0.4492890625
11 0.2578125 0.4125421875 0.3525390625 0.42234218749999997 0.3544921875 0.39392499999999997 0.2919921875 0.391475 0.234375 0.391475 0.1552734375 0.39539375 0.1826171875 0.4086234375 0.2578125 0.4125421875
14 0.326171875 0.3194515625 0.28125 0.311121875 0.1982421875 0.30034375 0.279296875 0.33022968750000004 0.185546875 0.324840625 0.236328125 0.35276874999999996 0.3369140625 0.3723671875 0.3720703125 0.37432656249999996 0.373046875 0.3532578125 0.3828125 0.3395390625 0.373046875 0.3150421875 0.326171875 0.3194515625
15 0.3984375 0.28564375000000003 0.3876953125 0.276825 0.3408203125 0.26506562499999997 0.2900390625 0.2523265625 0.234375 0.24448750000000002 0.2353515625 0.25134687499999997 0.216796875 0.25967656250000004 0.212890625 0.2689859375 0.259765625 0.2939734375 0.3505859375 0.3214109375 0.376953125 0.32043125 0.390625 0.31308125000000003 0.3876953125 0.29495312500000004 0.3984375 0.28564375000000003
16 0.4111328125 0.21999062500000002 0.3388671875 0.21362031250000002 0.2900390625 0.2111703125 0.2578125 0.2165609375 0.2578125 0.23076875000000002 0.3046875 0.2523265625 0.3515625 0.2670265625 0.412109375 0.277315625 0.4208984375 0.25820625 0.4306640625 0.2297890625 0.4111328125 0.21999062500000002