2 0.3106328125 0.4736328125 0.3081828125 0.423828125 0.286134375 0.400390625 0.2822140625 0.453125 0.2738859375 0.50390625 0.2660453125 0.5390625 0.26800625 0.576171875 0.284175 0.58203125 0.3032828125 0.5927734375 0.3125921875 0.57421875 0.3121015625 0.5185546875 0.3106328125 0.4736328125
13 0.36648749999999997 0.58203125 0.363546875 0.529296875 0.357178125 0.484375 0.357178125 0.447265625 0.3537484375 0.416015625 0.3356203125 0.4072265625 0.31308125000000003 0.41796875 0.31308125000000003 0.470703125 0.3194515625 0.5029296875 0.3150421875 0.533203125 0.3140625 0.5732421875 0.3140625 0.603515625 0.332190625 0.5947265625 0.34541875 0.6044921875 0.36648749999999997 0.58203125
17 0.393434375 0.4990234375 0.393434375 0.416015625 0.3699171875 0.4091796875 0.3625671875 0.4287109375 0.3625671875 0.484375 0.3625671875 0.5185546875 0.359628125 0.5654296875 0.35276874999999996 0.607421875 0.370896875 0.6142578125 0.38265625000000003 0.6142578125 0.39392499999999997 0.5791015625 0.393434375 0.4990234375
18 0.4086234375 0.5693359375 0.41695312500000004 0.5029296875 0.42234218749999997 0.4326171875 0.4125421875 0.392578125 0.39784375 0.4130859375 0.39784375 0.4541015625 0.3944140625 0.4990234375 0.387065625 0.533203125 0.3806953125 0.578125 0.381675 0.607421875 0.39539375 0.607421875 0.4061734375 0.603515625 0.4086234375 0.5693359375
19 0.4439 0.515625 0.44782031250000004 0.4501953125 0.44782031250000004 0.41796875 0.4243015625 0.41796875 0.42136250000000003 0.4794921875 0.415971875 0.515625 0.41058281250000006 0.560546875 0.4086234375 0.60546875 0.42136250000000003 0.626953125 0.4385109375 0.626953125 0.4439 0.5732421875 0.4439 0.515625
20 0.4772171875 0.486328125 0.4835859375 0.439453125 0.4639875 0.41796875 0.45222968750000003 0.44140625 0.45026875000000005 0.486328125 0.44782031250000004 0.53125 0.44585937500000006 0.6015625 0.4404703125 0.6376953125 0.4674171875 0.6396484375 0.469378125 0.5947265625 0.4747671875 0.53125 0.4772171875 0.486328125
21 0.503675 0.51171875 0.5026953125 0.4609375 0.49926562499999994 0.4267578125 0.4835859375 0.4345703125 0.4791765625 0.4921875 0.4737875 0.5693359375 0.47035781249999997 0.6181640625 0.4737875 0.6357421875 0.484565625 0.64453125 0.508575 0.6318359375 0.503675 0.5888671875 0.503675 0.51171875
22 0.53993125 0.4736328125 0.53993125 0.4130859375 0.5188640625 0.4130859375 0.5110234375 0.439453125 0.5080843749999999 0.5263671875 0.5046546875 0.607421875 0.51249375 0.6337890625 0.5252328125 0.6357421875 0.53993125 0.6357421875 0.53993125 0.5869140625 0.53993125 0.5244140625 0.53993125 0.4736328125
30 0.57226875 0.4130859375 0.544340625 0.4287109375 0.544340625 0.5078125 0.544340625 0.556640625 0.544340625 0.630859375 0.5624687500000001 0.6337890625 0.5712890625 0.62890625 0.5712890625 0.560546875 0.5712890625 0.4814453125 0.57226875 0.4130859375
29 0.597746875 0.4736328125 0.596765625 0.4345703125 0.57226875 0.4345703125 0.5712890625 0.4990234375 0.5712890625 0.560546875 0.5712890625 0.6103515625 0.5796171875 0.630859375 0.6001953125 0.62890625 0.6001953125 0.5908203125 0.597746875 0.53515625 0.597746875 0.4736328125
23 0.6139140624999999 0.416015625 0.6001953125 0.41796875 0.6011765625 0.462890625 0.59480625 0.568359375 0.599215625 0.59375 0.6148953125000001 0.6103515625 0.629103125 0.60546875 0.6281234375 0.537109375 0.6281234375 0.4453125 0.6139140624999999 0.416015625
25 0.6898578125 0.490234375 0.6898578125 0.4375 0.67075 0.4072265625 0.651640625 0.4306640625 0.651640625 0.4794921875 0.6536015625 0.5185546875 0.6482109375 0.55859375 0.6482109375 0.5927734375 0.6727093749999999 0.5927734375 0.6898578125 0.5888671875 0.6898578125 0.5478515625 0.6898578125 0.490234375
26 0.7212156249999999 0.4052734375 0.6996578125 0.4033203125 0.6923078125 0.4814453125 0.691328125 0.5556640625 0.6932875000000001 0.580078125 0.7079859374999999 0.5888671875 0.7329734375 0.5693359375 0.7310140625 0.541015625 0.723175 0.466796875 0.7212156249999999 0.4052734375
28 0.75943125 0.5654296875 0.7403234375000001 0.56640625 0.7138656250000001 0.5927734375 0.71680625 0.6357421875 0.723175 0.6591796875 0.7427734375 0.6982421875 0.755021875 0.6640625 0.76678125 0.638671875 0.766290625 0.607421875 0.75943125 0.5654296875
1 0.688878125 0.810546875 0.688878125 0.76171875 0.6849578125 0.71875 0.6795687499999999 0.67578125 0.6761390625 0.623046875 0.661440625 0.6201171875 0.62959375 0.6181640625 0.626653125 0.62890625 0.629103125 0.6650390625 0.6335124999999999 0.7099609375 0.6398828125 0.7568359375 0.651640625 0.806640625 0.65703125 0.7724609375 0.65458125 0.71484375 0.6697703125000001 0.767578125 0.688878125 0.810546875
3 0.6099953124999999 0.6181640625 0.597746875 0.6396484375 0.6001953125 0.67578125 0.6119546875 0.74609375 0.6227343750000001 0.814453125 0.6462515625 0.8251953125 0.638903125 0.763671875 0.6344921875 0.693359375 0.626653125 0.625 0.6099953124999999 0.6181640625
4 0.5756984375 0.6416015625 0.5732484375 0.6806640625 0.5776578125 0.74609375 0.5884375000000001 0.8212890625 0.6011765625 0.8193359375 0.6011765625 0.7744140625 0.6011765625 0.6953125 0.597746875 0.646484375 0.5756984375 0.6416015625
5 0.567859375 0.7099609375 0.567859375 0.646484375 0.5414015625 0.6337890625 0.544340625 0.6845703125 0.54973125 0.7333984375 0.5570796875 0.7939453125 0.5712890625 0.830078125 0.570309375 0.783203125 0.567859375 0.7099609375
6 0.51249375 0.646484375 0.5178828125 0.697265625 0.521803125 0.7509765625 0.5227828125 0.80859375 0.544340625 0.759765625 0.544340625 0.7099609375 0.54238125 0.6484375 0.5316015625 0.6416015625 0.51249375 0.646484375
7 0.496325 0.783203125 0.5134734375 0.78515625 0.515434375 0.69921875 0.515434375 0.650390625 0.491915625 0.64453125 0.491915625 0.69140625 0.496325 0.783203125
8 0.48652656250000004 0.7890625 0.49926562499999994 0.78515625 0.4889765625 0.6953125 0.49289531249999996 0.646484375 0.4728078125 0.65234375 0.4772171875 0.7119140625 0.48652656250000004 0.7890625
9 0.45320937499999997 0.7041015625 0.46202812499999996 0.7783203125 0.4728078125 0.7939453125 0.4728078125 0.73828125 0.4737875 0.693359375 0.4747671875 0.650390625 0.45222968750000003 0.650390625 0.45320937499999997 0.7041015625
10 0.42136250000000003 0.7060546875 0.42136250000000003 0.7529296875 0.4287109375 0.8486328125 0.44292031249999997 0.8271484375 0.4492890625 0.73828125 0.45320937499999997 0.654296875 0.42038281250000004 0.650390625 0.42136250000000003 0.7060546875
11 0.391475 0.7080078125 0.391475 0.765625 0.39539375 0.8447265625 0.4086234375 0.8173828125 0.4125421875 0.7421875 0.42234218749999997 0.6474609375 0.39392499999999997 0.6455078125 0.391475 0.7080078125
14 0.37432656249999996 0.6279296875 0.3532578125 0.626953125 0.3395390625 0.6171875 0.3150421875 0.626953125 0.3194515625 0.673828125 0.311121875 0.71875 0.30034375 0.8017578125 0.33022968750000004 0.720703125 0.324840625 0.814453125 0.35276874999999996 0.763671875 0.3723671875 0.6630859375 0.37432656249999996 0.6279296875
15 0.3214109375 0.6494140625 0.32043125 0.623046875 0.31308125000000003 0.609375 0.29495312500000004 0.6123046875 0.28564375000000003 0.6015625 0.276825 0.6123046875 0.26506562499999997 0.6591796875 0.2523265625 0.7099609375 0.24448750000000002 0.765625 0.25134687499999997 0.7646484375 0.25967656250000004 0.783203125 0.2689859375 0.787109375 0.2939734375 0.740234375 0.3214109375 0.6494140625
16 0.2670265625 0.6484375 0.277315625 0.587890625 0.25820625 0.5791015625 0.2297890625 0.5693359375 0.21999062500000002 0.5888671875 0.21362031250000002 0.6611328125 0.2111703125 0.7099609375 0.2165609375 0.7421875 0.23076875000000002 0.7421875 0.2523265625 0.6953125 0.2670265625 0.6484375