31 0.18034531250000002 0.4375 0.194384375 0.4541015625 0.21274375 0.4462890625 0.2230015625 0.412109375 0.21652343749999997 0.36328125 0.20302343750000001 0.33203125 0.17602656249999998 0.345703125 0.164146875 0.37890625 0.1652265625 0.40625 0.18358593750000002 0.40625 0.18034531250000002 0.4375
2 0.254859375 0.5810546875 0.2532390625 0.5263671875 0.2532390625 0.4755859375 0.2510796875 0.451171875 0.2467609375 0.4189453125 0.2381203125 0.4208984375 0.22462187500000003 0.419921875 0.21544218750000002 0.4375 0.20950312499999998 0.4892578125 0.19654375 0.5244140625 0.194384375 0.5576171875 0.20194375 0.5859375 0.2197625 0.578125 0.23488125 0.59375 0.254859375 0.5810546875
13 0.30453593749999996 0.5625 0.29643593749999997 0.51171875 0.2910359375 0.5185546875 0.28671718749999997 0.5419921875 0.2791578125 0.541015625 0.2688984375 0.513671875 0.2618796875 0.5224609375 0.2586390625 0.541015625 0.252159375 0.5791015625 0.25539999999999996 0.607421875 0.2759171875 0.603515625 0.29481718749999997 0.615234375 0.305075 0.5947265625 0.30453593749999996 0.5625
17 0.33909218750000003 0.50390625 0.33207343749999996 0.51953125 0.32559375 0.5263671875 0.318034375 0.5263671875 0.311015625 0.517578125 0.30345625 0.4970703125 0.30075625 0.5029296875 0.300215625 0.5224609375 0.3012953125 0.5703125 0.3023765625 0.603515625 0.32937343750000003 0.6142578125 0.342871875 0.58984375 0.3401734375 0.546875 0.33909218750000003 0.50390625
18 0.3596109375 0.4609375 0.3471921875 0.4658203125 0.3417921875 0.5107421875 0.338553125 0.546875 0.3347734375 0.6103515625 0.3547515625 0.630859375 0.3677109375 0.615234375 0.3747296875 0.59765625 0.36069062500000004 0.546875 0.3596109375 0.4609375
19 0.3272140625 0.345703125 0.32829375 0.396484375 0.3380125 0.4482421875 0.3515125 0.4638671875 0.37095 0.43359375 0.37095 0.388671875 0.36123125 0.34375 0.33909218750000003 0.3232421875 0.3272140625 0.345703125
20 0.408746875 0.556640625 0.40604687500000003 0.5029296875 0.40550781249999995 0.443359375 0.3952484375 0.4306640625 0.38660937500000003 0.4296875 0.374190625 0.4443359375 0.36663125 0.455078125 0.3623109375 0.5029296875 0.3596109375 0.5556640625 0.375809375 0.572265625 0.38336875 0.5703125 0.3903890625 0.568359375 0.39632812500000003 0.56640625 0.408746875 0.556640625
21 0.451403125 0.4794921875 0.439525 0.376953125 0.41360625000000006 0.39453125 0.4082078125 0.439453125 0.404428125 0.4951171875 0.40280781250000003 0.5673828125 0.4146875 0.58203125 0.4352046875 0.5859375 0.4503234375 0.58203125 0.45464374999999996 0.5400390625 0.451403125 0.4794921875
22 0.5091796875 0.5244140625 0.5027 0.4794921875 0.49189999999999995 0.45703125 0.477321875 0.45703125 0.47030312500000004 0.46484375 0.46706250000000005 0.482421875 0.46490312500000003 0.5244140625 0.4643625 0.5576171875 0.4643625 0.587890625 0.4757015625 0.61328125 0.5027 0.619140625 0.5124187499999999 0.580078125 0.5091796875 0.5244140625
30 0.529696875 0.4267578125 0.51781875 0.4228515625 0.5086390625 0.4345703125 0.5037796875 0.4599609375 0.5070187500000001 0.5185546875 0.5188984375000001 0.5625 0.5442765625 0.564453125 0.55615625 0.5341796875 0.555075 0.4892578125 0.5448171875 0.4482421875 0.529696875 0.4267578125
29 0.5701937499999999 0.4443359375 0.5539953125 0.431640625 0.54535625 0.43359375 0.5539953125 0.4755859375 0.5539953125 0.5146484375 0.5464359375 0.5830078125 0.5647953125 0.607421875 0.5928718749999999 0.6005859375 0.5928718749999999 0.5498046875 0.588553125 0.4892578125 0.5701937499999999 0.4443359375
23 0.5421171874999999 0.34375 0.535096875 0.3662109375 0.5334765625 0.3935546875 0.5669546875 0.431640625 0.5928718749999999 0.421875 0.5928718749999999 0.375 0.595571875 0.3095703125 0.570734375 0.3349609375 0.5421171874999999 0.34375
24 0.63445 0.4990234375 0.6376890625 0.4892578125 0.6355296874999999 0.421875 0.6295890625 0.39453125 0.60313125 0.3935546875 0.5847734375 0.4169921875 0.5734343749999999 0.4423828125 0.5766734375 0.466796875 0.5971921874999999 0.4912109375 0.6128515625000001 0.5087890625 0.6220296875 0.5048828125 0.6285093749999999 0.505859375 0.63445 0.4990234375
25 0.684125 0.4892578125 0.673865625 0.4951171875 0.66630625 0.4990234375 0.6592875 0.501953125 0.6501078125 0.5 0.6393093750000001 0.5146484375 0.63445 0.5361328125 0.64416875 0.5859375 0.6927640625 0.58203125 0.7003234375 0.560546875 0.687365625 0.5224609375 0.684125 0.4892578125
26 0.7456796875 0.4541015625 0.7284015625 0.41015625 0.7186828125 0.4443359375 0.701403125 0.4365234375 0.688984375 0.439453125 0.688984375 0.5 0.6987046875 0.564453125 0.7262421875 0.57421875 0.7359609375 0.5625 0.7640390625 0.5419921875 0.76511875 0.5029296875 0.7456796875 0.4541015625
27 0.7894171875 0.365234375 0.7802374999999999 0.341796875 0.7564796874999999 0.3076171875 0.7224625 0.37890625 0.737040625 0.41796875 0.7483796875000001 0.4375 0.7759171874999999 0.4423828125 0.7759171874999999 0.408203125 0.7894171875 0.400390625 0.7894171875 0.365234375
0 0.7856375 0.658203125 0.7915765625 0.7138671875 0.8174953125 0.7314453125 0.8277531249999999 0.6826171875 0.85043125 0.6484375 0.8423328124999999 0.623046875 0.8142546875000001 0.611328125 0.7926562500000001 0.634765625 0.7856375 0.658203125
1 0.7381203125 0.7333984375 0.7688984375000001 0.80078125 0.779696875 0.7958984375 0.7661984375 0.724609375 0.7915765625 0.771484375 0.7996765625 0.759765625 0.7856375 0.6865234375 0.7791578125 0.65234375 0.7737578125 0.60546875 0.747840625 0.6015625 0.742440625 0.62109375 0.7262421875 0.615234375 0.706803125 0.6318359375 0.7089640625 0.66796875 0.727321875 0.6865234375 0.7381203125 0.7333984375
3 0.6981640625 0.720703125 0.7267812499999999 0.7509765625 0.747840625 0.7646484375 0.737040625 0.7236328125 0.719221875 0.6943359375 0.7073437499999999 0.662109375 0.7073437499999999 0.626953125 0.673865625 0.63671875 0.6549671874999999 0.640625 0.6484875 0.666015625 0.6609078125 0.6943359375 0.67170625 0.7451171875 0.6814250000000001 0.798828125 0.687365625 0.783203125 0.6835859375 0.724609375 0.6981640625 0.720703125
4 0.6301296875 0.7861328125 0.636609375 0.76953125 0.6425484375 0.7548828125 0.6506484375 0.7646484375 0.666846875 0.7822265625 0.6760265624999999 0.7802734375 0.6673859375 0.7236328125 0.6582078124999999 0.6923828125 0.6463281249999999 0.65625 0.6247296875 0.658203125 0.60853125 0.66796875 0.60853125 0.6982421875 0.6150109375 0.7275390625 0.61825 0.77734375 0.624190625 0.798828125 0.6301296875 0.7861328125
5 0.5826140625 0.75 0.5842328125 0.765625 0.5863937499999999 0.77734375 0.5901734375000001 0.7861328125 0.593953125 0.80078125 0.5977328125 0.8017578125 0.60313125 0.8115234375 0.6090718749999999 0.8095703125 0.61825 0.806640625 0.61555 0.767578125 0.61393125 0.7412109375 0.6096109375000001 0.7080078125 0.6074515625 0.6689453125 0.5907125 0.666015625 0.577753125 0.671875 0.571275 0.6982421875 0.578834375 0.712890625 0.5799140625 0.7265625 0.58099375 0.740234375 0.5826140625 0.75
6 0.5734343749999999 0.7021484375 0.5701937499999999 0.677734375 0.5410359375 0.66796875 0.530778125 0.6767578125 0.532396875 0.7158203125 0.537796875 0.7529296875 0.5437359374999999 0.7890625 0.55075625 0.8232421875 0.5674953125 0.8212890625 0.570734375 0.7861328125 0.5723546875000001 0.7490234375 0.5734343749999999 0.7021484375
7 0.5318578125 0.7099609375 0.530778125 0.6826171875 0.5188984375000001 0.669921875 0.49729999999999996 0.66796875 0.49729999999999996 0.7080078125 0.49837968750000006 0.7431640625 0.49837968750000006 0.794921875 0.5091796875 0.818359375 0.5259171874999999 0.8017578125 0.5286171875 0.7802734375 0.5302374999999999 0.7392578125 0.5318578125 0.7099609375
8 0.47246249999999995 0.671875 0.456803125 0.6728515625 0.46112343750000007 0.7236328125 0.46274375 0.751953125 0.4686828125 0.7890625 0.480021875 0.791015625 0.4886609375 0.7607421875 0.4940609375 0.7119140625 0.4940609375 0.6767578125 0.47246249999999995 0.671875
9 0.444925 0.6826171875 0.4352046875 0.6806640625 0.41360625000000006 0.6826171875 0.41684687499999995 0.7255859375 0.41684687499999995 0.7763671875 0.41792656250000004 0.814453125 0.43628437499999995 0.814453125 0.44384375 0.7841796875 0.45248437499999994 0.7470703125 0.45896406250000005 0.7001953125 0.444925 0.6826171875
10 0.39632812500000003 0.8193359375 0.4006484375 0.814453125 0.4082078125 0.7998046875 0.4092875 0.7744140625 0.4157671875 0.7255859375 0.4157671875 0.6884765625 0.3957890625 0.666015625 0.37850937500000004 0.6787109375 0.37850937500000004 0.7255859375 0.37850937500000004 0.7451171875 0.3801296875 0.759765625 0.3795890625 0.7763671875 0.38120937499999996 0.7919921875 0.3855296875 0.8037109375 0.3925484375 0.8203125 0.39632812500000003 0.8193359375
11 0.31425468749999996 0.80859375 0.326134375 0.794921875 0.3342328125 0.7919921875 0.3444921875 0.7939453125 0.35367187499999997 0.7998046875 0.3644703125 0.8193359375 0.37850937500000004 0.810546875 0.375809375 0.7626953125 0.3774296875 0.7294921875 0.3774296875 0.6845703125 0.36555 0.671875 0.34071250000000003 0.66796875 0.3380125 0.6845703125 0.3347734375 0.7158203125 0.32397343749999996 0.7529296875 0.31425468749999996 0.791015625 0.31425468749999996 0.80859375
12 0.2861765625 0.7412109375 0.3039953125 0.75390625 0.302915625 0.7783203125 0.30453593749999996 0.8017578125 0.311015625 0.814453125 0.318575 0.7666015625 0.333153125 0.7138671875 0.341253125 0.669921875 0.311015625 0.650390625 0.2786171875 0.65234375 0.267278125 0.6982421875 0.2489203125 0.7490234375 0.2381203125 0.7880859375 0.250540625 0.7841796875 0.2861765625 0.7412109375
14 0.21760312499999998 0.818359375 0.24028125 0.7666015625 0.25539999999999996 0.7099609375 0.2742984375 0.69140625 0.27699843749999997 0.642578125 0.2489203125 0.626953125 0.221921875 0.623046875 0.21004375 0.630859375 0.2051828125 0.6787109375 0.194384375 0.7314453125 0.179265625 0.7822265625 0.20572343750000002 0.8017578125 0.21760312499999998 0.818359375
15 0.1960046875 0.7314453125 0.1960046875 0.6865234375 0.18034531250000002 0.66796875 0.1706265625 0.6484375 0.14092812500000002 0.642578125 0.1301296875 0.681640625 0.12689062499999998 0.7021484375 0.1457890625 0.7119140625 0.164146875 0.7587890625 0.1960046875 0.7314453125
13 0.287796875 0.4140625 0.28509687499999997 0.427734375 0.2775375 0.439453125 0.2715984375 0.435546875 0.2661984375 0.4150390625 0.2607984375 0.462890625 0.2581 0.4794921875 0.2618796875 0.5029296875 0.28671718749999997 0.5048828125 0.29805625 0.4892578125 0.298596875 0.4560546875 0.29805625 0.42578125 0.287796875 0.4140625
17 0.297515625 0.486328125 0.3023765625 0.4931640625 0.3093953125 0.509765625 0.3191140625 0.51953125 0.32829375 0.517578125 0.3342328125 0.5087890625 0.335853125 0.5 0.342871875 0.484375 0.3450328125 0.458984375 0.3369328125 0.431640625 0.3326140625 0.4326171875 0.328834375 0.4453125 0.32127500000000003 0.4462890625 0.31425468749999996 0.44140625 0.3072359375 0.435546875 0.3023765625 0.45703125 0.297515625 0.486328125
20 0.4006484375 0.5625 0.3984875 0.541015625 0.39794843750000003 0.521484375 0.3930890625 0.5224609375 0.3855296875 0.5302734375 0.3828296875 0.5439453125 0.3806703125 0.56640625 0.3795890625 0.5869140625 0.3779703125 0.595703125 0.3774296875 0.6083984375 0.3774296875 0.6162109375 0.4092875 0.625 0.407128125 0.5966796875 0.4022671875 0.5751953125 0.4006484375 0.5625
24 0.6274296875 0.517578125 0.6144703125000001 0.5078125 0.5917921875000001 0.498046875 0.5896328125 0.5595703125 0.5912531249999999 0.58203125 0.6106906249999999 0.5947265625 0.63336875 0.5908203125 0.6409281250000001 0.583984375 0.6409281250000001 0.5537109375 0.633909375 0.5390625 0.6274296875 0.517578125
25 0.64686875 0.4755859375 0.6522671875 0.4794921875 0.6700859375 0.4814453125 0.6808859375 0.431640625 0.6641468749999999 0.3818359375 0.6484875 0.3828125 0.6355296874999999 0.38671875 0.6268906249999999 0.416015625 0.6268906249999999 0.4345703125 0.62905 0.4482421875 0.6371484374999999 0.462890625 0.64686875 0.4755859375
3 0.6981640625 0.78125 0.69384375 0.7900390625 0.6933046875 0.806640625 0.7008640625 0.83203125 0.7073437499999999 0.845703125 0.7111234375000001 0.861328125 0.717603125 0.853515625 0.7186828125 0.8310546875 0.7267812499999999 0.828125 0.735421875 0.841796875 0.7408203125 0.8486328125 0.7375812500000001 0.822265625 0.7392015625 0.802734375 0.74028125 0.783203125 0.73218125 0.767578125 0.7181421875 0.759765625 0.712203125 0.7568359375 0.7024843749999999 0.7646484375 0.6981640625 0.78125
4 0.6285093749999999 0.8212890625 0.6425484375 0.8505859375 0.6484875 0.8740234375 0.6511875 0.8876953125 0.6571281250000001 0.8701171875 0.6641468749999999 0.8662109375 0.6706265625000001 0.8720703125 0.679265625 0.8720703125 0.6765656250000001 0.8466796875 0.67710625 0.818359375 0.679265625 0.802734375 0.672246875 0.7890625 0.654428125 0.7802734375 0.6457890625 0.7783203125 0.63175 0.79296875 0.6285093749999999 0.8212890625
5 0.5853125 0.8154296875 0.58099375 0.8310546875 0.577753125 0.83984375 0.58369375 0.869140625 0.5896328125 0.888671875 0.598271875 0.9169921875 0.6128515625000001 0.9345703125 0.6193296875 0.953125 0.6247296875 0.9619140625 0.6285093749999999 0.955078125 0.62635 0.93359375 0.6295890625 0.9267578125 0.63876875 0.927734375 0.6425484375 0.9365234375 0.6474078125 0.9365234375 0.6474078125 0.9208984375 0.6382296875 0.9013671875 0.6322890625 0.8759765625 0.63175 0.8505859375 0.6279703125 0.8369140625 0.6177109375 0.822265625 0.606371875 0.8154296875 0.5944921875 0.8154296875 0.5853125 0.8154296875
12 0.269978125 0.849609375 0.27483749999999996 0.85546875 0.2786171875 0.8662109375 0.2786171875 0.8779296875 0.28725625 0.8515625 0.29535625 0.8388671875 0.3012953125 0.830078125 0.3012953125 0.8154296875 0.298596875 0.8017578125 0.28995625 0.7880859375 0.27375781250000003 0.7841796875 0.2607984375 0.7822265625 0.2516203125 0.7900390625 0.24784062499999998 0.802734375 0.250540625 0.83203125 0.2510796875 0.8544921875 0.250540625 0.865234375 0.2591796875 0.849609375 0.269978125 0.849609375
11 0.335853125 0.8779296875 0.3401734375 0.8857421875 0.3444921875 0.896484375 0.3498921875 0.8818359375 0.35583125 0.859375 0.36393125 0.837890625 0.36555 0.8232421875 0.3596109375 0.8076171875 0.3493515625 0.7978515625 0.34071250000000003 0.787109375 0.32397343749999996 0.7978515625 0.3147953125 0.8115234375 0.313175 0.8291015625 0.315875 0.8515625 0.32019375 0.8837890625 0.318575 0.892578125 0.3272140625 0.8798828125 0.335853125 0.8779296875
10 0.3542109375 0.9423828125 0.36393125 0.931640625 0.37689062500000003 0.916015625 0.37689062500000003 0.931640625 0.37689062500000003 0.9501953125 0.37850937500000004 0.962890625 0.38660937500000003 0.96484375 0.39686875 0.93359375 0.39794843750000003 0.91015625 0.40280781250000003 0.8798828125 0.4103671875 0.8701171875 0.41792656250000004 0.86328125 0.42440625 0.8603515625 0.422246875 0.8427734375 0.4006484375 0.8125 0.37850937500000004 0.81640625 0.3693296875 0.833984375 0.366090625 0.865234375 0.3644703125 0.8955078125 0.3542109375 0.923828125 0.3493515625 0.9375 0.3542109375 0.9423828125