31 0.8358531250000001 0.37890625 0.8239734375 0.345703125 0.7969765625 0.33203125 0.7834765625 0.36328125 0.7769984375 0.412109375 0.78725625 0.4462890625 0.8056156250000001 0.4541015625 0.8196546874999999 0.4375 0.8164140625 0.40625 0.8347734375 0.40625 0.8358531250000001 0.37890625
2 0.7467609375 0.5263671875 0.745140625 0.5810546875 0.76511875 0.59375 0.7802374999999999 0.578125 0.7980562499999999 0.5859375 0.8056156250000001 0.5576171875 0.80345625 0.5244140625 0.790496875 0.4892578125 0.7845578125 0.4375 0.775378125 0.419921875 0.7618796875 0.4208984375 0.7532390625 0.4189453125 0.7489203125 0.451171875 0.7467609375 0.4755859375 0.7467609375 0.5263671875
13 0.6954640624999999 0.5625 0.694925 0.5947265625 0.7051828125 0.615234375 0.7240828125000001 0.603515625 0.7445999999999999 0.607421875 0.747840625 0.5791015625 0.7413609375 0.541015625 0.7381203125 0.5224609375 0.7311015624999999 0.513671875 0.7208421875 0.541015625 0.7132828124999999 0.5419921875 0.7089640625 0.5185546875 0.7035640625 0.51171875 0.6954640624999999 0.5625
17 0.6609078125 0.50390625 0.6598265624999999 0.546875 0.6571281250000001 0.58984375 0.6706265625000001 0.6142578125 0.6976234375 0.603515625 0.6987046875 0.5703125 0.699784375 0.5224609375 0.69924375 0.5029296875 0.69654375 0.4970703125 0.688984375 0.517578125 0.681965625 0.5263671875 0.67440625 0.5263671875 0.6679265625 0.51953125 0.6609078125 0.50390625
18 0.6452484375 0.630859375 0.6652265625 0.6103515625 0.661446875 0.546875 0.6582078124999999 0.5107421875 0.6528078125000001 0.4658203125 0.6403890624999999 0.4609375 0.6393093750000001 0.546875 0.6252703125 0.59765625 0.6322890625 0.615234375 0.6452484375 0.630859375
19 0.6484875 0.4638671875 0.6619875000000001 0.4482421875 0.67170625 0.396484375 0.6727859375 0.345703125 0.6609078125 0.3232421875 0.63876875 0.34375 0.62905 0.388671875 0.62905 0.43359375 0.6484875 0.4638671875
20 0.5912531249999999 0.556640625 0.6036718750000001 0.56640625 0.6096109375000001 0.568359375 0.61663125 0.5703125 0.624190625 0.572265625 0.6403890624999999 0.5556640625 0.6376890625 0.5029296875 0.63336875 0.455078125 0.625809375 0.4443359375 0.613390625 0.4296875 0.6047515625 0.4306640625 0.5944921875 0.443359375 0.593953125 0.5029296875 0.5912531249999999 0.556640625
21 0.5647953125 0.5859375 0.5853125 0.58203125 0.5971921874999999 0.5673828125 0.595571875 0.4951171875 0.5917921875000001 0.439453125 0.5863937499999999 0.39453125 0.5604750000000001 0.376953125 0.548596875 0.4794921875 0.54535625 0.5400390625 0.5496765625 0.58203125 0.5647953125 0.5859375
22 0.48758125 0.580078125 0.49729999999999996 0.619140625 0.5242984374999999 0.61328125 0.5356375 0.587890625 0.5356375 0.5576171875 0.535096875 0.5244140625 0.5329375 0.482421875 0.529696875 0.46484375 0.522678125 0.45703125 0.5081 0.45703125 0.49729999999999996 0.4794921875 0.4908203125 0.5244140625 0.48758125 0.580078125
30 0.44384375 0.5341796875 0.4557234375 0.564453125 0.48110156249999997 0.5625 0.49298125 0.5185546875 0.49622031250000004 0.4599609375 0.4913609375 0.4345703125 0.48218125 0.4228515625 0.47030312500000004 0.4267578125 0.45518281250000003 0.4482421875 0.444925 0.4892578125 0.44384375 0.5341796875
29 0.407128125 0.6005859375 0.4352046875 0.607421875 0.45356406250000003 0.5830078125 0.4460046875 0.5146484375 0.4460046875 0.4755859375 0.45464374999999996 0.43359375 0.4460046875 0.431640625 0.42980625000000006 0.4443359375 0.41144687500000005 0.4892578125 0.407128125 0.5498046875 0.407128125 0.6005859375
23 0.4330453125 0.431640625 0.46652343749999997 0.3935546875 0.46490312500000003 0.3662109375 0.4578828125 0.34375 0.42926562500000004 0.3349609375 0.404428125 0.3095703125 0.407128125 0.375 0.407128125 0.421875 0.4330453125 0.431640625
24 0.37149062499999996 0.505859375 0.3779703125 0.5048828125 0.3871484375 0.5087890625 0.40280781250000003 0.4912109375 0.42332656249999995 0.466796875 0.426565625 0.4423828125 0.4152265625 0.4169921875 0.39686875 0.3935546875 0.3704109375 0.39453125 0.3644703125 0.421875 0.3623109375 0.4892578125 0.36555 0.4990234375 0.37149062499999996 0.505859375
25 0.2996765625 0.560546875 0.3072359375 0.58203125 0.35583125 0.5859375 0.36555 0.5361328125 0.36069062500000004 0.5146484375 0.3498921875 0.5 0.34071250000000003 0.501953125 0.33369375 0.4990234375 0.326134375 0.4951171875 0.315875 0.4892578125 0.312634375 0.5224609375 0.2996765625 0.560546875
26 0.23596093749999997 0.5419921875 0.26403906250000003 0.5625 0.27375781250000003 0.57421875 0.3012953125 0.564453125 0.311015625 0.5 0.311015625 0.439453125 0.298596875 0.4365234375 0.2813171875 0.4443359375 0.2715984375 0.41015625 0.2543203125 0.4541015625 0.23488125 0.5029296875 0.23596093749999997 0.5419921875
27 0.2516203125 0.4375 0.262959375 0.41796875 0.2775375 0.37890625 0.2435203125 0.3076171875 0.2197625 0.341796875 0.2105828125 0.365234375 0.2105828125 0.400390625 0.2240828125 0.408203125 0.2240828125 0.4423828125 0.2516203125 0.4375
0 0.172246875 0.6826171875 0.18250468749999998 0.7314453125 0.20842343749999998 0.7138671875 0.2143625 0.658203125 0.20734375 0.634765625 0.18574531249999998 0.611328125 0.1576671875 0.623046875 0.14956875 0.6484375 0.172246875 0.6826171875
1 0.220303125 0.7958984375 0.2311015625 0.80078125 0.2618796875 0.7333984375 0.272678125 0.6865234375 0.2910359375 0.66796875 0.29319687499999997 0.6318359375 0.27375781250000003 0.615234375 0.257559375 0.62109375 0.252159375 0.6015625 0.22624218749999997 0.60546875 0.2208421875 0.65234375 0.2143625 0.6865234375 0.20032343749999998 0.759765625 0.20842343749999998 0.771484375 0.2338015625 0.724609375 0.220303125 0.7958984375
3 0.252159375 0.7646484375 0.27321875 0.7509765625 0.30183593750000004 0.720703125 0.3164140625 0.724609375 0.312634375 0.783203125 0.318575 0.798828125 0.32829375 0.7451171875 0.33909218750000003 0.6943359375 0.3515125 0.666015625 0.3450328125 0.640625 0.326134375 0.63671875 0.29265625 0.626953125 0.29265625 0.662109375 0.280778125 0.6943359375 0.262959375 0.7236328125 0.252159375 0.7646484375
4 0.3574515625 0.7548828125 0.36339062499999997 0.76953125 0.3698703125 0.7861328125 0.375809375 0.798828125 0.38175 0.77734375 0.3849890625 0.7275390625 0.39146875 0.6982421875 0.39146875 0.66796875 0.3752703125 0.658203125 0.35367187499999997 0.65625 0.3417921875 0.6923828125 0.3326140625 0.7236328125 0.32397343749999996 0.7802734375 0.333153125 0.7822265625 0.3493515625 0.7646484375 0.3574515625 0.7548828125
5 0.39686875 0.8115234375 0.4022671875 0.8017578125 0.40604687500000003 0.80078125 0.4098265625 0.7861328125 0.41360625000000006 0.77734375 0.4157671875 0.765625 0.4173859375 0.75 0.41900624999999997 0.740234375 0.4200859375 0.7265625 0.421165625 0.712890625 0.428725 0.6982421875 0.422246875 0.671875 0.4092875 0.666015625 0.3925484375 0.6689453125 0.3903890625 0.7080078125 0.38606875 0.7412109375 0.38445 0.767578125 0.38175 0.806640625 0.39092812499999996 0.8095703125 0.39686875 0.8115234375
6 0.42926562500000004 0.7861328125 0.4325046875 0.8212890625 0.44924375000000005 0.8232421875 0.4562640625 0.7890625 0.462203125 0.7529296875 0.467603125 0.7158203125 0.469221875 0.6767578125 0.45896406250000005 0.66796875 0.42980625000000006 0.677734375 0.426565625 0.7021484375 0.4276453125 0.7490234375 0.42926562500000004 0.7861328125
7 0.4713828125 0.7802734375 0.4740828125 0.8017578125 0.4908203125 0.818359375 0.5016203124999999 0.794921875 0.5016203124999999 0.7431640625 0.5027 0.7080078125 0.5027 0.66796875 0.48110156249999997 0.669921875 0.469221875 0.6826171875 0.4681421875 0.7099609375 0.4697625 0.7392578125 0.4713828125 0.7802734375
8 0.519978125 0.791015625 0.5313171875 0.7890625 0.53725625 0.751953125 0.5388765624999999 0.7236328125 0.543196875 0.6728515625 0.5275375 0.671875 0.5059390625 0.6767578125 0.5059390625 0.7119140625 0.5113390625 0.7607421875 0.519978125 0.791015625
9 0.55615625 0.7841796875 0.563715625 0.814453125 0.5820734375 0.814453125 0.583153125 0.7763671875 0.583153125 0.7255859375 0.5863937499999999 0.6826171875 0.5647953125 0.6806640625 0.555075 0.6826171875 0.5410359375 0.7001953125 0.5475156250000001 0.7470703125 0.55615625 0.7841796875
10 0.5917921875000001 0.7998046875 0.5993515625 0.814453125 0.6036718750000001 0.8193359375 0.6074515625 0.8203125 0.6144703125000001 0.8037109375 0.618790625 0.7919921875 0.6204109375 0.7763671875 0.6198703125 0.759765625 0.6214906250000001 0.7451171875 0.6214906250000001 0.7255859375 0.6214906250000001 0.6787109375 0.6042109375 0.666015625 0.5842328125 0.6884765625 0.5842328125 0.7255859375 0.5907125 0.7744140625 0.5917921875000001 0.7998046875
11 0.6555078125 0.7939453125 0.6657671875 0.7919921875 0.673865625 0.794921875 0.6857453125 0.80859375 0.6857453125 0.791015625 0.6760265624999999 0.7529296875 0.6652265625 0.7158203125 0.6619875000000001 0.6845703125 0.6592875 0.66796875 0.63445 0.671875 0.6225703125 0.6845703125 0.6225703125 0.7294921875 0.624190625 0.7626953125 0.6214906250000001 0.810546875 0.6355296874999999 0.8193359375 0.6463281249999999 0.7998046875 0.6555078125 0.7939453125
12 0.6960046875 0.75390625 0.7138234375 0.7412109375 0.749459375 0.7841796875 0.7618796875 0.7880859375 0.7510796875 0.7490234375 0.732721875 0.6982421875 0.7213828125 0.65234375 0.688984375 0.650390625 0.6587468750000001 0.669921875 0.666846875 0.7138671875 0.6814250000000001 0.7666015625 0.688984375 0.814453125 0.6954640624999999 0.8017578125 0.697084375 0.7783203125 0.6960046875 0.75390625
14 0.7942765625 0.8017578125 0.820734375 0.7822265625 0.8056156250000001 0.7314453125 0.7948171875 0.6787109375 0.78995625 0.630859375 0.7780781250000001 0.623046875 0.7510796875 0.626953125 0.7230015625 0.642578125 0.7257015625000001 0.69140625 0.7445999999999999 0.7099609375 0.75971875 0.7666015625 0.782396875 0.818359375 0.7942765625 0.8017578125
15 0.8698703125 0.681640625 0.859071875 0.642578125 0.8293734374999999 0.6484375 0.8196546874999999 0.66796875 0.8039953125 0.6865234375 0.8039953125 0.7314453125 0.8358531250000001 0.7587890625 0.8542109375000001 0.7119140625 0.873109375 0.7021484375 0.8698703125 0.681640625
13 0.7019437500000001 0.42578125 0.701403125 0.4560546875 0.7019437500000001 0.4892578125 0.7132828124999999 0.5048828125 0.7381203125 0.5029296875 0.7419 0.4794921875 0.7392015625 0.462890625 0.7338015625 0.4150390625 0.7284015625 0.435546875 0.7224625 0.439453125 0.714903125 0.427734375 0.712203125 0.4140625 0.7019437500000001 0.42578125
17 0.6808859375 0.51953125 0.6906046875 0.509765625 0.6976234375 0.4931640625 0.7024843749999999 0.486328125 0.6976234375 0.45703125 0.6927640625 0.435546875 0.6857453125 0.44140625 0.678725 0.4462890625 0.671165625 0.4453125 0.6673859375 0.4326171875 0.6630671875 0.431640625 0.6549671874999999 0.458984375 0.6571281250000001 0.484375 0.6641468749999999 0.5 0.6657671875 0.5087890625 0.67170625 0.517578125 0.6808859375 0.51953125
20 0.6015125 0.541015625 0.5993515625 0.5625 0.5977328125 0.5751953125 0.5928718749999999 0.5966796875 0.5907125 0.625 0.6225703125 0.6162109375 0.6225703125 0.6083984375 0.6220296875 0.595703125 0.6204109375 0.5869140625 0.6193296875 0.56640625 0.6171703125 0.5439453125 0.6144703125000001 0.5302734375 0.6069109375 0.5224609375 0.6020515625 0.521484375 0.6015125 0.541015625
24 0.35907187500000004 0.583984375 0.36663125 0.5908203125 0.38930937499999996 0.5947265625 0.408746875 0.58203125 0.4103671875 0.5595703125 0.4082078125 0.498046875 0.3855296875 0.5078125 0.3725703125 0.517578125 0.366090625 0.5390625 0.35907187500000004 0.5537109375 0.35907187500000004 0.583984375
25 0.37095 0.4482421875 0.37310937499999997 0.4345703125 0.37310937499999997 0.416015625 0.3644703125 0.38671875 0.3515125 0.3828125 0.335853125 0.3818359375 0.3191140625 0.431640625 0.3299140625 0.4814453125 0.3477328125 0.4794921875 0.35313125 0.4755859375 0.3628515625 0.462890625 0.37095 0.4482421875
3 0.2888765625 0.861328125 0.29265625 0.845703125 0.2991359375 0.83203125 0.3066953125 0.806640625 0.30615625 0.7900390625 0.30183593750000004 0.78125 0.297515625 0.7646484375 0.287796875 0.7568359375 0.2818578125 0.759765625 0.26781875 0.767578125 0.25971875 0.783203125 0.2607984375 0.802734375 0.26241875000000003 0.822265625 0.2591796875 0.8486328125 0.264578125 0.841796875 0.27321875 0.828125 0.2813171875 0.8310546875 0.282396875 0.853515625 0.2888765625 0.861328125
4 0.3515125 0.8740234375 0.3574515625 0.8505859375 0.37149062499999996 0.8212890625 0.36825 0.79296875 0.3542109375 0.7783203125 0.345571875 0.7802734375 0.327753125 0.7890625 0.320734375 0.802734375 0.32289375 0.818359375 0.323434375 0.8466796875 0.320734375 0.8720703125 0.32937343750000003 0.8720703125 0.335853125 0.8662109375 0.342871875 0.8701171875 0.3488125 0.8876953125 0.3515125 0.8740234375
5 0.37365 0.93359375 0.37149062499999996 0.955078125 0.3752703125 0.9619140625 0.3806703125 0.953125 0.3871484375 0.9345703125 0.401728125 0.9169921875 0.4103671875 0.888671875 0.41630625 0.869140625 0.422246875 0.83984375 0.41900624999999997 0.8310546875 0.4146875 0.8154296875 0.40550781249999995 0.8154296875 0.393628125 0.8154296875 0.3822890625 0.822265625 0.3720296875 0.8369140625 0.36825 0.8505859375 0.3677109375 0.8759765625 0.36177031249999997 0.9013671875 0.3525921875 0.9208984375 0.3525921875 0.9365234375 0.3574515625 0.9365234375 0.36123125 0.927734375 0.3704109375 0.9267578125 0.37365 0.93359375
12 0.70464375 0.8388671875 0.71274375 0.8515625 0.7213828125 0.8779296875 0.7213828125 0.8662109375 0.7251624999999999 0.85546875 0.730021875 0.849609375 0.7408203125 0.849609375 0.749459375 0.865234375 0.7489203125 0.8544921875 0.749459375 0.83203125 0.752159375 0.802734375 0.7483796875000001 0.7900390625 0.7392015625 0.7822265625 0.7262421875 0.7841796875 0.71004375 0.7880859375 0.701403125 0.8017578125 0.6987046875 0.8154296875 0.6987046875 0.830078125 0.70464375 0.8388671875
11 0.64416875 0.859375 0.6501078125 0.8818359375 0.6555078125 0.896484375 0.6598265624999999 0.8857421875 0.6641468749999999 0.8779296875 0.6727859375 0.8798828125 0.6814250000000001 0.892578125 0.6798062500000001 0.8837890625 0.684125 0.8515625 0.686825 0.8291015625 0.6852046875 0.8115234375 0.6760265624999999 0.7978515625 0.6592875 0.787109375 0.6506484375 0.7978515625 0.6403890624999999 0.8076171875 0.63445 0.8232421875 0.63606875 0.837890625 0.64416875 0.859375
10 0.6020515625 0.91015625 0.60313125 0.93359375 0.613390625 0.96484375 0.6214906250000001 0.962890625 0.6231093750000001 0.9501953125 0.6231093750000001 0.931640625 0.6231093750000001 0.916015625 0.63606875 0.931640625 0.6457890625 0.9423828125 0.6506484375 0.9375 0.6457890625 0.923828125 0.6355296874999999 0.8955078125 0.633909375 0.865234375 0.6306703125 0.833984375 0.6214906250000001 0.81640625 0.5993515625 0.8125 0.577753125 0.8427734375 0.57559375 0.8603515625 0.5820734375 0.86328125 0.5896328125 0.8701171875 0.5971921874999999 0.8798828125 0.6020515625 0.91015625