2 0.22440000000000002 0.30859375 0.22440000000000002 0.3525390625 0.21459999999999999 0.3955078125 0.20088124999999998 0.41796875 0.1954921875 0.46875 0.20823125 0.4755859375 0.2190109375 0.4921875 0.23811875 0.4951171875 0.2508578125 0.4951171875 0.2508578125 0.4521484375 0.2542875 0.3818359375 0.256246875 0.326171875 0.2552671875 0.2919921875 0.23811875 0.28125 0.22440000000000002 0.30859375
13 0.26065625 0.38671875 0.262615625 0.423828125 0.2572265625 0.46484375 0.26065625 0.5029296875 0.278784375 0.5029296875 0.29299375 0.513671875 0.3067125 0.5048828125 0.31651093750000003 0.46484375 0.31651093750000003 0.4130859375 0.30867187500000004 0.34765625 0.3076921875 0.3115234375 0.284175 0.3046875 0.258696875 0.32421875 0.26065625 0.38671875
17 0.306221875 0.51953125 0.3150421875 0.5458984375 0.34688906249999996 0.533203125 0.3537484375 0.5087890625 0.34835937499999997 0.4609375 0.34835937499999997 0.400390625 0.34835937499999997 0.3583984375 0.3356203125 0.345703125 0.31749218749999997 0.37109375 0.318471875 0.4326171875 0.31651093750000003 0.4814453125 0.306221875 0.51953125
18 0.3944140625 0.5146484375 0.381675 0.4375 0.37432656249999996 0.396484375 0.373346875 0.35546875 0.3517890625 0.3623046875 0.34835937499999997 0.439453125 0.343459375 0.52734375 0.3640375 0.556640625 0.379715625 0.5390625 0.3944140625 0.5146484375
19 0.38510468750000004 0.509765625 0.38510468750000004 0.5546875 0.3998046875 0.5732421875 0.4140125 0.5673828125 0.42332187499999996 0.5390625 0.42773125 0.5029296875 0.420871875 0.4267578125 0.409603125 0.3447265625 0.386575 0.3466796875 0.3855953125 0.419921875 0.38510468750000004 0.46875 0.38510468750000004 0.509765625
20 0.46006875 0.5654296875 0.4639875 0.5224609375 0.4674171875 0.4794921875 0.47035781249999997 0.3984375 0.4546796875 0.400390625 0.432140625 0.4814453125 0.425771875 0.5244140625 0.4287109375 0.5546875 0.4492890625 0.5654296875 0.46006875 0.5654296875
21 0.46202812499999996 0.53515625 0.46202812499999996 0.5673828125 0.4821171875 0.5732421875 0.5071046875 0.578125 0.5071046875 0.5185546875 0.51004375 0.4521484375 0.5110234375 0.4169921875 0.5041640625 0.3779296875 0.4821171875 0.3759765625 0.469378125 0.4375 0.469378125 0.484375 0.46202812499999996 0.53515625
22 0.5198437499999999 0.58203125 0.5477703125 0.58203125 0.5521796875 0.5546875 0.5521796875 0.4921875 0.5531609375000001 0.4306640625 0.5458109375 0.4033203125 0.5227828125 0.4033203125 0.515434375 0.466796875 0.5071046875 0.515625 0.5071046875 0.5732421875 0.5198437499999999 0.58203125
30 0.5639390625 0.5732421875 0.583046875 0.5673828125 0.5864765625 0.541015625 0.583046875 0.4755859375 0.583046875 0.423828125 0.5859875 0.376953125 0.5595296875 0.396484375 0.5541406249999999 0.4541015625 0.5541406249999999 0.5009765625 0.55365 0.5654296875 0.5639390625 0.5732421875
29 0.592846875 0.5498046875 0.6148953125000001 0.5654296875 0.6237140625 0.5498046875 0.6300828125 0.4775390625 0.6335124999999999 0.4091796875 0.6413515624999999 0.3330078125 0.6173437500000001 0.32421875 0.608525 0.3818359375 0.5962765625 0.455078125 0.584028125 0.5244140625 0.592846875 0.5498046875
23 0.6624203125 0.560546875 0.658990625 0.4990234375 0.65458125 0.419921875 0.651640625 0.3798828125 0.636453125 0.3798828125 0.6354734375 0.44140625 0.626653125 0.5048828125 0.6256734374999999 0.552734375 0.6438015625 0.560546875 0.6624203125 0.560546875
24 0.6942671875 0.5419921875 0.6942671875 0.4814453125 0.691328125 0.4111328125 0.6805484374999999 0.3583984375 0.6599703124999999 0.375 0.6599703124999999 0.4267578125 0.6599703124999999 0.4921875 0.6599703124999999 0.5478515625 0.6780984375 0.560546875 0.6942671875 0.5419921875
25 0.7466921875 0.5205078125 0.737384375 0.4609375 0.7359140625 0.3818359375 0.728075 0.353515625 0.7079859374999999 0.35546875 0.6972078125000001 0.41015625 0.6923078125 0.5126953125 0.6996578125 0.5498046875 0.7378734375 0.5478515625 0.7466921875 0.5205078125
26 0.7447328125 0.5078125 0.7520828125000001 0.53515625 0.77168125 0.5205078125 0.789809375 0.509765625 0.793728125 0.4736328125 0.7809890625 0.4267578125 0.7756000000000001 0.373046875 0.7599218750000001 0.3369140625 0.73934375 0.3369140625 0.73934375 0.4111328125 0.7466921875 0.46484375 0.7447328125 0.5078125
28 0.7481625000000001 0.572265625 0.7501218749999999 0.59765625 0.7971578125 0.6884765625 0.8206765624999999 0.69921875 0.8368453125 0.673828125 0.8201859375 0.619140625 0.812346875 0.5751953125 0.8025484374999999 0.53125 0.7854 0.515625 0.7790296875 0.53515625 0.7658015625 0.5439453125 0.7520828125000001 0.552734375 0.7515921875 0.560546875 0.7481625000000001 0.572265625
0 0.7212156249999999 0.7080078125 0.743753125 0.74609375 0.7584515625 0.7763671875 0.7702109375 0.7509765625 0.7702109375 0.7060546875 0.7584515625 0.6591796875 0.7545328125 0.6162109375 0.7457125 0.58203125 0.72954375 0.576171875 0.711415625 0.5966796875 0.6967171875 0.6142578125 0.7040671875 0.654296875 0.7212156249999999 0.7080078125
1 0.697696875 0.654296875 0.6932875000000001 0.6123046875 0.6805484374999999 0.603515625 0.6634 0.603515625 0.64723125 0.6123046875 0.6354734375 0.625 0.6462515625 0.671875 0.6536015625 0.7060546875 0.6692796875 0.802734375 0.6859375 0.810546875 0.6859375 0.7783203125 0.6805484374999999 0.716796875 0.6986765625 0.78515625 0.7158249999999999 0.8037109375 0.7158249999999999 0.7783203125 0.7040671875 0.71484375 0.697696875 0.654296875
4 0.6335124999999999 0.8173828125 0.6398828125 0.759765625 0.6398828125 0.69921875 0.6418421875 0.6650390625 0.6398828125 0.6220703125 0.620284375 0.6142578125 0.606565625 0.625 0.608525 0.6669921875 0.6139140624999999 0.716796875 0.618325 0.7802734375 0.6335124999999999 0.8173828125
5 0.608525 0.837890625 0.608525 0.791015625 0.608525 0.720703125 0.6075453125 0.65234375 0.606565625 0.6201171875 0.5938265625 0.6181640625 0.5732484375 0.6201171875 0.57226875 0.6845703125 0.5796171875 0.7509765625 0.59480625 0.8271484375 0.608525 0.837890625
6 0.544340625 0.69140625 0.5531609375000001 0.7529296875 0.57226875 0.7783203125 0.57226875 0.72265625 0.57226875 0.6650390625 0.574228125 0.6181640625 0.5561 0.6162109375 0.53993125 0.609375 0.5414015625 0.6591796875 0.544340625 0.69140625
7 0.5389515625 0.615234375 0.521803125 0.603515625 0.5071046875 0.6123046875 0.514453125 0.669921875 0.521803125 0.763671875 0.5369921875 0.78515625 0.5350312500000001 0.7041015625 0.5369921875 0.6484375 0.5389515625 0.615234375
8 0.5080843749999999 0.607421875 0.4953453125 0.603515625 0.475746875 0.6103515625 0.4821171875 0.6650390625 0.4889765625 0.73828125 0.5046546875 0.7529296875 0.5007343750000001 0.6826171875 0.5080843749999999 0.625 0.5080843749999999 0.607421875
9 0.46496875 0.736328125 0.4728078125 0.66796875 0.4772171875 0.6015625 0.45761874999999996 0.5888671875 0.44292031249999997 0.60546875 0.45320937499999997 0.6826171875 0.46496875 0.736328125
11 0.4404703125 0.654296875 0.44145 0.599609375 0.4086234375 0.6142578125 0.403234375 0.6591796875 0.403234375 0.716796875 0.402253125 0.7783203125 0.41156249999999994 0.787109375 0.432140625 0.716796875 0.4404703125 0.654296875
12 0.4086234375 0.6162109375 0.3900046875 0.603515625 0.3718765625 0.6123046875 0.36550781250000003 0.6484375 0.373346875 0.736328125 0.389025 0.8125 0.3998046875 0.744140625 0.3998046875 0.6630859375 0.4086234375 0.6162109375
14 0.37432656249999996 0.630859375 0.3591375 0.60546875 0.327290625 0.576171875 0.31308125000000003 0.5888671875 0.3032828125 0.6611328125 0.28564375000000003 0.7138671875 0.274375 0.7490234375 0.2895640625 0.744140625 0.30867187500000004 0.7080078125 0.3238609375 0.697265625 0.3101421875 0.76953125 0.3282703125 0.759765625 0.341009375 0.7275390625 0.3493390625 0.6826171875 0.36550781250000003 0.654296875 0.37432656249999996 0.630859375
15 0.24889687500000002 0.6142578125 0.23909843749999998 0.66796875 0.226359375 0.7255859375 0.24154843750000002 0.7529296875 0.274375 0.7060546875 0.29299375 0.6572265625 0.30867187500000004 0.625 0.3076921875 0.578125 0.2758453125 0.5625 0.2616359375 0.55859375 0.2523265625 0.58203125 0.24889687500000002 0.6142578125
16 0.17589375000000002 0.623046875 0.1656046875 0.654296875 0.1793234375 0.697265625 0.2028421875 0.7041015625 0.22537968749999998 0.677734375 0.2528171875 0.5869140625 0.2508578125 0.552734375 0.23076875000000002 0.533203125 0.1994125 0.5322265625 0.19010312499999998 0.5693359375 0.17589375000000002 0.623046875