31 0.302303125 0.1767578125 0.30034375 0.1484375 0.2778046875 0.140625 0.2616359375 0.140625 0.24889687500000002 0.1826171875 0.2297890625 0.234375 0.2297890625 0.263671875 0.2454671875 0.28125 0.25918593749999996 0.3125 0.28123437500000004 0.2822265625 0.2822140625 0.234375 0.30034375 0.2109375 0.302303125 0.1767578125
2 0.311121875 0.3134765625 0.31749218749999997 0.2880859375 0.31749218749999997 0.25390625 0.3032828125 0.236328125 0.2895640625 0.255859375 0.278784375 0.2939453125 0.25918593749999996 0.32421875 0.25134687499999997 0.361328125 0.262615625 0.3857421875 0.28319375 0.39453125 0.3013234375 0.39453125 0.30377343749999997 0.349609375 0.311121875 0.3134765625
13 0.3557078125 0.3642578125 0.357178125 0.3154296875 0.3625671875 0.2705078125 0.3419890625 0.2490234375 0.32288125 0.2666015625 0.3076921875 0.330078125 0.304753125 0.35546875 0.29936250000000003 0.3896484375 0.3057328125 0.421875 0.3219015625 0.421875 0.3395390625 0.4326171875 0.354728125 0.408203125 0.3557078125 0.3642578125
17 0.38804531249999996 0.3701171875 0.393434375 0.296875 0.391475 0.2685546875 0.3860859375 0.2490234375 0.3645265625 0.259765625 0.3591375 0.2939453125 0.3517890625 0.3583984375 0.3463984375 0.4130859375 0.34541875 0.4453125 0.36550781250000003 0.4453125 0.3782453125 0.44140625 0.387065625 0.3984375 0.38804531249999996 0.3701171875
18 0.40519375 0.41796875 0.41058281250000006 0.373046875 0.41499218750000005 0.3115234375 0.41499218750000005 0.255859375 0.403234375 0.263671875 0.400784375 0.32421875 0.3944140625 0.353515625 0.389025 0.3818359375 0.38363593749999997 0.4130859375 0.3718765625 0.447265625 0.38363593749999997 0.466796875 0.403234375 0.4541015625 0.40519375 0.41796875
19 0.4448796875 0.37109375 0.44585937500000006 0.3115234375 0.439490625 0.2734375 0.4287109375 0.275390625 0.415971875 0.3369140625 0.41058281250000006 0.400390625 0.4042140625 0.443359375 0.41156249999999994 0.4794921875 0.42773125 0.486328125 0.4385109375 0.4755859375 0.4448796875 0.423828125 0.4448796875 0.37109375
20 0.48113593750000005 0.3115234375 0.4821171875 0.255859375 0.46006875 0.2705078125 0.44292031249999997 0.369140625 0.4439 0.4267578125 0.4439 0.4775390625 0.45859843749999996 0.484375 0.47035781249999997 0.4755859375 0.47182812500000004 0.421875 0.4772171875 0.375 0.48113593750000005 0.3115234375
21 0.5046546875 0.3173828125 0.4997546875 0.265625 0.48946562499999996 0.2685546875 0.48113593750000005 0.3388671875 0.47182812500000004 0.421875 0.469378125 0.486328125 0.484565625 0.5029296875 0.5046546875 0.5009765625 0.5046546875 0.4453125 0.5046546875 0.39453125 0.5046546875 0.3173828125
22 0.5335625 0.3193359375 0.5262125 0.2724609375 0.5183734375 0.2783203125 0.506125 0.3427734375 0.5080843749999999 0.421875 0.5080843749999999 0.4970703125 0.5164140625 0.5078125 0.537971875 0.5078125 0.5414015625 0.4794921875 0.5389515625 0.39453125 0.5335625 0.3193359375
30 0.5624687500000001 0.3134765625 0.556590625 0.271484375 0.5467906250000001 0.2724609375 0.5369921875 0.3388671875 0.544340625 0.3984375 0.5414015625 0.4560546875 0.5384609375 0.4892578125 0.57226875 0.4912109375 0.571778125 0.4521484375 0.570309375 0.3876953125 0.5624687500000001 0.3134765625
29 0.5957859375 0.306640625 0.5957859375 0.25390625 0.584028125 0.2255859375 0.57226875 0.255859375 0.5688390625 0.32421875 0.5732484375 0.3984375 0.569328125 0.47265625 0.584028125 0.4970703125 0.6011765625 0.4970703125 0.60460625 0.4541015625 0.6011765625 0.3798828125 0.5957859375 0.306640625
23 0.626653125 0.328125 0.6217546875 0.25390625 0.596765625 0.2470703125 0.5957859375 0.3154296875 0.6001953125 0.3818359375 0.6001953125 0.421875 0.6075453125 0.4609375 0.6246937499999999 0.466796875 0.638903125 0.4560546875 0.63204375 0.396484375 0.626653125 0.328125
24 0.6482109375 0.240234375 0.6310625 0.26171875 0.6281234375 0.353515625 0.6300828125 0.4326171875 0.6438015625 0.4580078125 0.667809375 0.4443359375 0.65703125 0.4033203125 0.65703125 0.3349609375 0.6482109375 0.2880859375 0.6482109375 0.240234375
25 0.651640625 0.26171875 0.6575203125 0.3427734375 0.6555609375 0.4248046875 0.6859375 0.44140625 0.7030875 0.4267578125 0.7030875 0.37109375 0.6942671875 0.2958984375 0.688878125 0.2509765625 0.651640625 0.26171875
26 0.6947578125 0.2236328125 0.697696875 0.32421875 0.70455625 0.40234375 0.7339546875 0.4052734375 0.7457125 0.361328125 0.730525 0.30078125 0.7241546875 0.2373046875 0.709946875 0.1923828125 0.6947578125 0.2236328125
0 0.7545328125 0.533203125 0.7457125 0.486328125 0.7354234374999999 0.4482421875 0.7212156249999999 0.4560546875 0.7050468750000001 0.46484375 0.6932875000000001 0.486328125 0.7006375 0.5244140625 0.7138656250000001 0.556640625 0.72954375 0.6142578125 0.7466921875 0.64453125 0.73934375 0.5732421875 0.763840625 0.5927734375 0.7819703125 0.5927734375 0.7545328125 0.533203125
1 0.695246875 0.6201171875 0.7050468750000001 0.6484375 0.7266046875 0.677734375 0.7266046875 0.6484375 0.7030875 0.5654296875 0.6947578125 0.5029296875 0.6859375 0.5009765625 0.6717296875 0.51171875 0.647721875 0.5263671875 0.64723125 0.556640625 0.6624203125 0.58203125 0.6761390625 0.6416015625 0.6932875000000001 0.7119140625 0.7060265625000001 0.697265625 0.695246875 0.6201171875
3 0.6536015625 0.5673828125 0.642821875 0.5263671875 0.626653125 0.529296875 0.6193046875 0.5712890625 0.6354734375 0.623046875 0.6506609375 0.6953125 0.6643796875 0.7333984375 0.67075 0.716796875 0.67075 0.654296875 0.6634 0.60546875 0.6536015625 0.5673828125
4 0.6261640625 0.56640625 0.618325 0.533203125 0.6001953125 0.5478515625 0.5918671875 0.5625 0.608525 0.65234375 0.6193046875 0.71875 0.6281234375 0.744140625 0.642821875 0.744140625 0.6398828125 0.671875 0.6300828125 0.6162109375 0.6261640625 0.56640625
5 0.576678125 0.5390625 0.5561 0.5546875 0.5614890625 0.60546875 0.57716875 0.6640625 0.592846875 0.7421875 0.6119546875 0.76953125 0.6256734374999999 0.7724609375 0.59970625 0.626953125 0.5962765625 0.5634765625 0.576678125 0.5390625
6 0.561 0.556640625 0.5463015625 0.5546875 0.5316015625 0.5625 0.5325828125000001 0.603515625 0.5389515625 0.6650390625 0.5433609374999999 0.7333984375 0.5551203124999999 0.7724609375 0.5624687500000001 0.69140625 0.5624687500000001 0.650390625 0.5624687500000001 0.6103515625 0.561 0.556640625
7 0.5335625 0.599609375 0.5350312500000001 0.5546875 0.5090640625 0.5478515625 0.51004375 0.6103515625 0.51004375 0.6591796875 0.51004375 0.73828125 0.5325828125000001 0.7333984375 0.5335625 0.6611328125 0.5335625 0.599609375
8 0.48015625 0.556640625 0.4835859375 0.6103515625 0.48113593750000005 0.6865234375 0.48113593750000005 0.7548828125 0.498284375 0.7021484375 0.506125 0.6484375 0.506125 0.5947265625 0.506125 0.5458984375 0.48015625 0.556640625
9 0.4566390625 0.5478515625 0.45320937499999997 0.5927734375 0.44683906249999994 0.6630859375 0.44683906249999994 0.7314453125 0.46006875 0.73828125 0.4747671875 0.669921875 0.48113593750000005 0.583984375 0.47819687499999997 0.5546875 0.4566390625 0.5478515625
10 0.45859843749999996 0.5439453125 0.43508125 0.5439453125 0.42136250000000003 0.55859375 0.41695312500000004 0.603515625 0.41107343749999997 0.671875 0.3993140625 0.734375 0.4086234375 0.7578125 0.429690625 0.72265625 0.4404703125 0.6728515625 0.44782031250000004 0.6201171875 0.45859843749999996 0.5439453125
11 0.38804531249999996 0.5419921875 0.3860859375 0.5869140625 0.38363593749999997 0.677734375 0.38804531249999996 0.7509765625 0.4061734375 0.6630859375 0.41695312500000004 0.5927734375 0.41891249999999997 0.5546875 0.4061734375 0.533203125 0.38804531249999996 0.5419921875
12 0.391475 0.5390625 0.3762859375 0.529296875 0.3581578125 0.53125 0.354728125 0.5673828125 0.34296875 0.62890625 0.33022968750000004 0.71484375 0.3258203125 0.76171875 0.3517890625 0.716796875 0.3699171875 0.6396484375 0.381675 0.5888671875 0.391475 0.5390625
14 0.3238609375 0.6884765625 0.33464062499999997 0.6240234375 0.3508078125 0.5810546875 0.363546875 0.515625 0.3400296875 0.51171875 0.3268 0.4912109375 0.3032828125 0.4921875 0.3032828125 0.5263671875 0.2959328125 0.5732421875 0.269475 0.6552734375 0.274865625 0.6943359375 0.3140625 0.6181640625 0.3008328125 0.7080078125 0.3081828125 0.72265625 0.3238609375 0.6884765625
15 0.2640859375 0.5546875 0.24693749999999998 0.6123046875 0.2454671875 0.6484375 0.2616359375 0.6162109375 0.276825 0.5869140625 0.2969125 0.5419921875 0.30867187500000004 0.5048828125 0.2988734375 0.474609375 0.284175 0.46875 0.2601671875 0.4453125 0.23909843749999998 0.5205078125 0.2209703125 0.5732421875 0.2190109375 0.623046875 0.24448750000000002 0.5869140625 0.2640859375 0.5546875