31 0.7801765625 0.466796875 0.7836109375 0.5322265625 0.80029375 0.5498046875 0.8145234374999999 0.5498046875 0.8238468749999999 0.5224609375 0.8336609375 0.5009765625 0.81943125 0.466796875 0.8076546875 0.4140625 0.8027484375 0.32421875 0.791953125 0.306640625 0.7767421875 0.3134765625 0.7747796874999999 0.3564453125 0.7747796874999999 0.4091796875 0.7801765625 0.466796875
2 0.7296375 0.5244140625 0.733071875 0.5625 0.7448484375 0.5673828125 0.75956875 0.55859375 0.7821390625 0.5419921875 0.7821390625 0.515625 0.7747796874999999 0.466796875 0.7639843749999999 0.4267578125 0.7531890625 0.345703125 0.74239375 0.328125 0.73061875 0.3603515625 0.7252203125000001 0.4091796875 0.7276734375 0.4501953125 0.7296375 0.5244140625
13 0.6717375 0.572265625 0.6879296874999999 0.583984375 0.70951875 0.5947265625 0.7266921875000001 0.5712890625 0.72865625 0.5439453125 0.7178609375 0.484375 0.7168796875 0.369140625 0.7242390624999999 0.3173828125 0.6962703125 0.3388671875 0.6898921875 0.392578125 0.6805687500000001 0.484375 0.6717375 0.572265625
17 0.6388609375 0.603515625 0.6589796875 0.603515625 0.67468125 0.6044921875 0.67271875 0.4287109375 0.6609421875 0.396484375 0.645240625 0.4052734375 0.6496562499999999 0.4873046875 0.640825 0.55859375 0.6388609375 0.603515625
18 0.6290484375000001 0.6220703125 0.6373890624999999 0.625 0.646221875 0.609375 0.646221875 0.53515625 0.63984375 0.390625 0.6280671875 0.3837890625 0.6172718749999999 0.4267578125 0.61089375 0.53515625 0.6089296875 0.6162109375 0.6290484375000001 0.6220703125
19 0.58194375 0.5439453125 0.5711484375 0.607421875 0.586359375 0.6376953125 0.6020609375 0.6376953125 0.6138375 0.5966796875 0.6172718749999999 0.37109375 0.6099109375 0.3349609375 0.5956828125 0.373046875 0.588321875 0.41796875 0.588321875 0.4755859375 0.58194375 0.5439453125
20 0.5466140625 0.630859375 0.55495625 0.6328125 0.5721296875 0.625 0.5775265625 0.5439453125 0.5711484375 0.4111328125 0.559371875 0.375 0.5520125 0.4140625 0.5520125 0.4775390625 0.5412171875 0.578125 0.5466140625 0.630859375
21 0.499509375 0.6396484375 0.5103046875 0.6455078125 0.5368015625 0.62890625 0.5456328125 0.5751953125 0.5456328125 0.375 0.530421875 0.3623046875 0.5132484374999999 0.392578125 0.5132484374999999 0.4453125 0.5004906250000001 0.533203125 0.499509375 0.6396484375
22 0.4622171875 0.580078125 0.46712499999999996 0.6201171875 0.4877328125 0.6376953125 0.501471875 0.6123046875 0.49509375 0.5224609375 0.4887140625 0.390625 0.47890156250000004 0.3671875 0.4631984375 0.396484375 0.4578015625 0.4267578125 0.4578015625 0.5048828125 0.4622171875 0.580078125
30 0.42787031249999996 0.6015625 0.44259062499999996 0.6328125 0.45878281249999997 0.6123046875 0.45436718750000005 0.53125 0.45044218750000004 0.41796875 0.45044218750000004 0.37109375 0.4317953125 0.39453125 0.4268890625 0.4306640625 0.4214921875 0.5009765625 0.42787031249999996 0.6015625
29 0.39352343749999996 0.533203125 0.38714375 0.5966796875 0.39990156250000003 0.6162109375 0.411678125 0.6142578125 0.42787031249999996 0.583984375 0.4244359375 0.509765625 0.41903750000000006 0.34375 0.410696875 0.3408203125 0.4008828125 0.3583984375 0.3964671875 0.4052734375 0.3945046875 0.462890625 0.39352343749999996 0.533203125
23 0.353778125 0.5458984375 0.351815625 0.5947265625 0.3675171875 0.6181640625 0.385671875 0.603515625 0.39352343749999996 0.533203125 0.3945046875 0.3564453125 0.382728125 0.37109375 0.37635 0.3876953125 0.3665359375 0.439453125 0.35819375 0.4921875 0.353778125 0.5458984375
24 0.33366093750000003 0.58203125 0.354759375 0.5927734375 0.3626109375 0.4921875 0.3699703125 0.369140625 0.35721250000000004 0.373046875 0.3420015625 0.4033203125 0.33366093750000003 0.4521484375 0.322865625 0.560546875 0.33366093750000003 0.58203125
25 0.295878125 0.5654296875 0.31943125 0.5625 0.323846875 0.5283203125 0.3056921875 0.3583984375 0.28851875 0.34765625 0.2875375 0.396484375 0.2787046875 0.4755859375 0.26938125 0.5458984375 0.295878125 0.5654296875
26 0.2242390625 0.53125 0.2512265625 0.5478515625 0.2733078125 0.5205078125 0.2733078125 0.4521484375 0.26938125 0.3330078125 0.2522078125 0.328125 0.24484843750000002 0.3798828125 0.23061875 0.4482421875 0.21786093750000002 0.4970703125 0.2242390625 0.53125
27 0.21933281249999997 0.4521484375 0.2433765625 0.416015625 0.2541703125 0.3046875 0.236015625 0.2666015625 0.2252203125 0.3046875 0.2124625 0.3203125 0.1879296875 0.3916015625 0.1972515625 0.439453125 0.21933281249999997 0.4521484375
28 0.23061875 0.5546875 0.22325781249999999 0.5185546875 0.20706562499999998 0.4990234375 0.1854765625 0.4990234375 0.169775 0.5517578125 0.1687921875 0.578125 0.1633953125 0.626953125 0.1663390625 0.673828125 0.1844953125 0.6669921875 0.20265 0.6376953125 0.2168796875 0.603515625 0.22865625 0.5751953125 0.23061875 0.5546875
0 0.292934375 0.607421875 0.2865546875 0.5712890625 0.2684 0.5673828125 0.2541703125 0.5498046875 0.23405312500000003 0.560546875 0.2262015625 0.580078125 0.2252203125 0.6201171875 0.21148125 0.677734375 0.204121875 0.7421875 0.22080468749999999 0.744140625 0.24484843750000002 0.7373046875 0.25956875 0.6953125 0.2703625 0.650390625 0.292934375 0.607421875
1 0.3120703125 0.76953125 0.32728125 0.697265625 0.3400390625 0.65234375 0.352796875 0.6123046875 0.3420015625 0.5986328125 0.323846875 0.578125 0.2895 0.5712890625 0.2895 0.5986328125 0.2811578125 0.6611328125 0.2684 0.720703125 0.2566234375 0.771484375 0.29685937500000004 0.72265625 0.291953125 0.7421875 0.2865546875 0.8037109375 0.29833125 0.8037109375 0.3120703125 0.76953125
3 0.3861625 0.6396484375 0.3635921875 0.5986328125 0.3366046875 0.6611328125 0.323846875 0.7373046875 0.321884375 0.8037109375 0.33120781250000003 0.810546875 0.3400390625 0.810546875 0.35819375 0.763671875 0.37635 0.697265625 0.3861625 0.6396484375
4 0.41364062500000004 0.625 0.38910625 0.626953125 0.382728125 0.65234375 0.382728125 0.7294921875 0.3729140625 0.8125 0.39008906250000003 0.81640625 0.3989203125 0.7783203125 0.4072625 0.720703125 0.41805624999999996 0.65234375 0.41364062500000004 0.625
5 0.4362125 0.6357421875 0.41805624999999996 0.6376953125 0.411678125 0.6884765625 0.41265937499999994 0.740234375 0.40431718749999995 0.8203125 0.41903750000000006 0.8310546875 0.43523125 0.765625 0.4479875 0.697265625 0.4489703125 0.650390625 0.4362125 0.6357421875
6 0.474975 0.6328125 0.4514234375 0.6455078125 0.44504374999999996 0.71875 0.43719374999999994 0.8076171875 0.4597640625 0.8291015625 0.46859687499999997 0.794921875 0.471540625 0.74609375 0.4842984375 0.6484375 0.474975 0.6328125
7 0.471540625 0.7998046875 0.4887140625 0.7890625 0.502453125 0.7080078125 0.5058874999999999 0.650390625 0.4823359375 0.6650390625 0.471540625 0.7998046875
8 0.498528125 0.716796875 0.49509375 0.796875 0.5186453125 0.814453125 0.5230625 0.7548828125 0.531403125 0.6455078125 0.5093234375 0.6376953125 0.498528125 0.716796875
9 0.5628062500000001 0.6484375 0.531403125 0.6416015625 0.528459375 0.671875 0.528459375 0.740234375 0.5230625 0.8291015625 0.5446515625 0.83984375 0.55299375 0.8232421875 0.5564281249999999 0.79296875 0.5564281249999999 0.7529296875 0.5628062500000001 0.6484375
10 0.590284375 0.65234375 0.5745828125 0.65625 0.561334375 0.671875 0.561334375 0.703125 0.561334375 0.765625 0.58194375 0.833984375 0.6020609375 0.8525390625 0.6020609375 0.8251953125 0.6000984375 0.7998046875 0.5956828125 0.7333984375 0.590284375 0.65234375
11 0.590284375 0.6396484375 0.590284375 0.6669921875 0.6010796875 0.7529296875 0.61089375 0.8251953125 0.6256140625 0.83984375 0.6256140625 0.7802734375 0.6280671875 0.693359375 0.62266875 0.6396484375 0.590284375 0.6396484375
12 0.645240625 0.6162109375 0.619234375 0.6220703125 0.62365 0.65625 0.6300296875 0.7333984375 0.6364078125 0.791015625 0.65161875 0.8251953125 0.6653578125 0.8125 0.6653578125 0.765625 0.6609421875 0.6953125 0.6599609375 0.625 0.645240625 0.6162109375
14 0.7541703125 0.7841796875 0.7394499999999999 0.7314453125 0.7178609375 0.6611328125 0.7178609375 0.6015625 0.6962703125 0.6123046875 0.6609421875 0.6123046875 0.6560359375 0.6376953125 0.6707562499999999 0.6796875 0.68253125 0.7333984375 0.69970625 0.76953125 0.7276734375 0.8271484375 0.7105 0.7353515625 0.7242390624999999 0.7587890625 0.7433765625000001 0.7998046875 0.7566234374999999 0.8017578125 0.7541703125 0.7841796875
15 0.7885187499999999 0.6796875 0.7821390625 0.609375 0.7737984375 0.5654296875 0.7512265625000001 0.5732421875 0.7266921875000001 0.5751953125 0.7168796875 0.6142578125 0.7232578125 0.65234375 0.736996875 0.6884765625 0.7541703125 0.7421875 0.7895 0.7841796875 0.7737984375 0.7060546875 0.7895 0.7548828125 0.8101078125000001 0.7548828125 0.8012750000000001 0.7333984375 0.7885187499999999 0.6796875
16 0.8444546875000001 0.556640625 0.8263 0.556640625 0.8047109375 0.556640625 0.7831203125 0.5673828125 0.7831203125 0.5966796875 0.7855734375 0.6416015625 0.795878125 0.6953125 0.8130515624999999 0.724609375 0.8454359374999999 0.744140625 0.8616296875 0.7373046875 0.850834375 0.703125 0.8454359374999999 0.6630859375 0.8454359374999999 0.607421875 0.8444546875000001 0.556640625