31 0.21982343750000002 0.466796875 0.2252203125 0.4091796875 0.2252203125 0.3564453125 0.22325781249999999 0.3134765625 0.20804687500000002 0.306640625 0.1972515625 0.32421875 0.1923453125 0.4140625 0.18056875 0.466796875 0.1663390625 0.5009765625 0.176153125 0.5224609375 0.1854765625 0.5498046875 0.19970625 0.5498046875 0.2163890625 0.5322265625 0.21982343750000002 0.466796875
2 0.2703625 0.5244140625 0.2723265625 0.4501953125 0.27477968750000004 0.4091796875 0.26938125 0.3603515625 0.25760625 0.328125 0.2468109375 0.345703125 0.236015625 0.4267578125 0.2252203125 0.466796875 0.21786093750000002 0.515625 0.21786093750000002 0.5419921875 0.24043125 0.55859375 0.2551515625 0.5673828125 0.266928125 0.5625 0.2703625 0.5244140625
13 0.31010781249999997 0.392578125 0.3037296875 0.3388671875 0.27576093749999997 0.3173828125 0.2831203125 0.369140625 0.2821390625 0.484375 0.27134375 0.5439453125 0.2733078125 0.5712890625 0.29048124999999997 0.5947265625 0.3120703125 0.583984375 0.3282625 0.572265625 0.31943125 0.484375 0.31010781249999997 0.392578125
17 0.32728125 0.4287109375 0.32531875 0.6044921875 0.3410203125 0.603515625 0.3611390625 0.603515625 0.359175 0.55859375 0.35034375 0.4873046875 0.354759375 0.4052734375 0.3390578125 0.396484375 0.32728125 0.4287109375
18 0.3719328125 0.3837890625 0.36015625 0.390625 0.353778125 0.53515625 0.353778125 0.609375 0.3626109375 0.625 0.3709515625 0.6220703125 0.3910703125 0.6162109375 0.38910625 0.53515625 0.382728125 0.4267578125 0.3719328125 0.3837890625
19 0.40431718749999995 0.373046875 0.39008906250000003 0.3349609375 0.382728125 0.37109375 0.3861625 0.5966796875 0.3979390625 0.6376953125 0.41364062500000004 0.6376953125 0.42885156249999995 0.607421875 0.41805624999999996 0.5439453125 0.411678125 0.4755859375 0.411678125 0.41796875 0.40431718749999995 0.373046875
20 0.44062812500000004 0.375 0.42885156249999995 0.4111328125 0.4224734375 0.5439453125 0.42787031249999996 0.625 0.44504374999999996 0.6328125 0.45338593749999995 0.630859375 0.45878281249999997 0.578125 0.4479875 0.4775390625 0.4479875 0.4140625 0.44062812500000004 0.375
21 0.46957812499999996 0.3623046875 0.45436718750000005 0.375 0.45436718750000005 0.5751953125 0.4631984375 0.62890625 0.4896953125 0.6455078125 0.5004906250000001 0.6396484375 0.499509375 0.533203125 0.4867515625 0.4453125 0.4867515625 0.392578125 0.46957812499999996 0.3623046875
22 0.5368015625 0.396484375 0.5210984375 0.3671875 0.5112859375000001 0.390625 0.50490625 0.5224609375 0.498528125 0.6123046875 0.5122671875 0.6376953125 0.532875 0.6201171875 0.5377828124999999 0.580078125 0.5421984375 0.5048828125 0.5421984375 0.4267578125 0.5368015625 0.396484375
30 0.5495578125 0.37109375 0.5495578125 0.41796875 0.5456328125 0.53125 0.5412171875 0.6123046875 0.557409375 0.6328125 0.5721296875 0.6015625 0.5785078125 0.5009765625 0.5731109375 0.4306640625 0.5682046875 0.39453125 0.5495578125 0.37109375
29 0.6035328125 0.4052734375 0.5991171875 0.3583984375 0.589303125 0.3408203125 0.5809624999999999 0.34375 0.5755640625 0.509765625 0.5721296875 0.583984375 0.588321875 0.6142578125 0.6000984375 0.6162109375 0.61285625 0.5966796875 0.6064765624999999 0.533203125 0.6054953125 0.462890625 0.6035328125 0.4052734375
23 0.62365 0.3876953125 0.6172718749999999 0.37109375 0.6054953125 0.3564453125 0.6064765624999999 0.533203125 0.614328125 0.603515625 0.6324828124999999 0.6181640625 0.648184375 0.5947265625 0.646221875 0.5458984375 0.6418062499999999 0.4921875 0.6334640625 0.439453125 0.62365 0.3876953125
24 0.6300296875 0.369140625 0.6373890624999999 0.4921875 0.645240625 0.5927734375 0.6663390625 0.58203125 0.677134375 0.560546875 0.6663390625 0.4521484375 0.6579984375000001 0.4033203125 0.6427875000000001 0.373046875 0.6300296875 0.369140625
25 0.6943078125000001 0.3583984375 0.676153125 0.5283203125 0.6805687500000001 0.5625 0.704121875 0.5654296875 0.73061875 0.5458984375 0.7212953125 0.4755859375 0.7124625 0.396484375 0.7114812500000001 0.34765625 0.6943078125000001 0.3583984375
26 0.7477921875 0.328125 0.73061875 0.3330078125 0.7266921875000001 0.4521484375 0.7266921875000001 0.5205078125 0.7487734374999999 0.5478515625 0.7757609375000001 0.53125 0.7821390625 0.4970703125 0.76938125 0.4482421875 0.7551515625 0.3798828125 0.7477921875 0.328125
27 0.7639843749999999 0.2666015625 0.7458296875 0.3046875 0.7566234374999999 0.416015625 0.7806671875 0.4521484375 0.8027484375 0.439453125 0.8120703125000001 0.3916015625 0.7875375 0.3203125 0.7747796874999999 0.3046875 0.7639843749999999 0.2666015625
28 0.77134375 0.5751953125 0.7831203125 0.603515625 0.79735 0.6376953125 0.8155046875 0.6669921875 0.8336609375 0.673828125 0.8366046875 0.626953125 0.8312078125 0.578125 0.8302250000000001 0.5517578125 0.8145234374999999 0.4990234375 0.792934375 0.4990234375 0.7767421875 0.5185546875 0.76938125 0.5546875 0.77134375 0.5751953125
0 0.707065625 0.607421875 0.7296375 0.650390625 0.74043125 0.6953125 0.7551515625 0.7373046875 0.7791953125 0.744140625 0.795878125 0.7421875 0.7885187499999999 0.677734375 0.7747796874999999 0.6201171875 0.7737984375 0.580078125 0.765946875 0.560546875 0.7458296875 0.5498046875 0.7316 0.5673828125 0.7134453125 0.5712890625 0.707065625 0.607421875
1 0.6599609375 0.65234375 0.67271875 0.697265625 0.6879296874999999 0.76953125 0.70166875 0.8037109375 0.7134453125 0.8037109375 0.708046875 0.7421875 0.703140625 0.72265625 0.7433765625000001 0.771484375 0.7316 0.720703125 0.7188421875000001 0.6611328125 0.7105 0.5986328125 0.7105 0.5712890625 0.676153125 0.578125 0.6579984375000001 0.5986328125 0.647203125 0.6123046875 0.6599609375 0.65234375
3 0.6687921875 0.810546875 0.678115625 0.8037109375 0.676153125 0.7373046875 0.6633953125 0.6611328125 0.6364078125 0.5986328125 0.6138375 0.6396484375 0.62365 0.697265625 0.6418062499999999 0.763671875 0.6599609375 0.810546875 0.6687921875 0.810546875
4 0.6099109375 0.81640625 0.6270859375 0.8125 0.6172718749999999 0.7294921875 0.6172718749999999 0.65234375 0.61089375 0.626953125 0.586359375 0.625 0.58194375 0.65234375 0.5927374999999999 0.720703125 0.6010796875 0.7783203125 0.6099109375 0.81640625
5 0.5809624999999999 0.8310546875 0.5956828125 0.8203125 0.5873406250000001 0.740234375 0.588321875 0.6884765625 0.58194375 0.6376953125 0.5637875 0.6357421875 0.5510296875 0.650390625 0.5520125 0.697265625 0.56476875 0.765625 0.5809624999999999 0.8310546875
6 0.5628062500000001 0.8076171875 0.55495625 0.71875 0.5485765625 0.6455078125 0.5250250000000001 0.6328125 0.5157015625 0.6484375 0.528459375 0.74609375 0.531403125 0.794921875 0.5402359375 0.8291015625 0.5628062500000001 0.8076171875
7 0.497546875 0.7080078125 0.5112859375000001 0.7890625 0.528459375 0.7998046875 0.5176640625 0.6650390625 0.49411250000000007 0.650390625 0.497546875 0.7080078125
8 0.4906765625 0.6376953125 0.46859687499999997 0.6455078125 0.4769375 0.7548828125 0.4813546875 0.814453125 0.50490625 0.796875 0.501471875 0.716796875 0.4906765625 0.6376953125
9 0.4553484375 0.83984375 0.4769375 0.8291015625 0.471540625 0.740234375 0.471540625 0.671875 0.46859687499999997 0.6416015625 0.43719374999999994 0.6484375 0.44357187500000006 0.7529296875 0.44357187500000006 0.79296875 0.44700625 0.8232421875 0.4553484375 0.83984375
10 0.3979390625 0.8251953125 0.3979390625 0.8525390625 0.41805624999999996 0.833984375 0.43866562499999995 0.765625 0.43866562499999995 0.703125 0.43866562499999995 0.671875 0.4254171875 0.65625 0.409715625 0.65234375 0.40431718749999995 0.7333984375 0.39990156250000003 0.7998046875 0.3979390625 0.8251953125
11 0.38910625 0.8251953125 0.3989203125 0.7529296875 0.409715625 0.6669921875 0.409715625 0.6396484375 0.37733125 0.6396484375 0.3719328125 0.693359375 0.3743859375 0.7802734375 0.3743859375 0.83984375 0.38910625 0.8251953125
12 0.33464218749999997 0.765625 0.33464218749999997 0.8125 0.34838125 0.8251953125 0.3635921875 0.791015625 0.3699703125 0.7333984375 0.37635 0.65625 0.380765625 0.6220703125 0.354759375 0.6162109375 0.3400390625 0.625 0.3390578125 0.6953125 0.33464218749999997 0.765625
14 0.2821390625 0.6611328125 0.26055 0.7314453125 0.24582968749999998 0.7841796875 0.2433765625 0.8017578125 0.2566234375 0.7998046875 0.27576093749999997 0.7587890625 0.2895 0.7353515625 0.2723265625 0.8271484375 0.30029374999999997 0.76953125 0.31746875 0.7333984375 0.32924375 0.6796875 0.3439640625 0.6376953125 0.3390578125 0.6123046875 0.3037296875 0.6123046875 0.2821390625 0.6015625 0.2821390625 0.6611328125
15 0.21786093750000002 0.609375 0.21148125 0.6796875 0.19872499999999998 0.7333984375 0.1898921875 0.7548828125 0.2105 0.7548828125 0.2262015625 0.7060546875 0.2105 0.7841796875 0.24582968749999998 0.7421875 0.263003125 0.6884765625 0.2767421875 0.65234375 0.2831203125 0.6142578125 0.2733078125 0.5751953125 0.2487734375 0.5732421875 0.2262015625 0.5654296875 0.21786093750000002 0.609375
16 0.1555453125 0.556640625 0.15456406250000002 0.607421875 0.15456406250000002 0.6630859375 0.149165625 0.703125 0.1383703125 0.7373046875 0.15456406250000002 0.744140625 0.1869484375 0.724609375 0.204121875 0.6953125 0.2144265625 0.6416015625 0.2168796875 0.5966796875 0.2168796875 0.5673828125 0.1952890625 0.556640625 0.17370000000000002 0.556640625 0.1555453125 0.556640625