27 0.2657859375 0.6552734375 0.2726375 0.5947265625 0.27067968750000004 0.5048828125 0.2726375 0.4736328125 0.2604015625 0.44921875 0.243759375 0.466796875 0.232990625 0.4814453125 0.243759375 0.5478515625 0.2457171875 0.62109375 0.2657859375 0.6552734375
26 0.278021875 0.5205078125 0.27459687499999996 0.5908203125 0.26921249999999997 0.6416015625 0.3054328125 0.650390625 0.3152234375 0.58203125 0.31962812500000004 0.51171875 0.322565625 0.466796875 0.3108171875 0.4365234375 0.29270625 0.44140625 0.2790015625 0.4541015625 0.2736171875 0.484375 0.278021875 0.5205078125
29 0.40626562499999996 0.55859375 0.40969218749999997 0.607421875 0.40969218749999997 0.650390625 0.41899218749999995 0.6611328125 0.43514375000000005 0.6103515625 0.4390609375 0.4541015625 0.43612343750000004 0.4248046875 0.4150765625 0.419921875 0.39794375 0.4296875 0.40626562499999996 0.5009765625 0.40626562499999996 0.55859375
30 0.462065625 0.623046875 0.46108593750000004 0.4990234375 0.46500312499999996 0.4521484375 0.4630453125 0.4306640625 0.45668125000000004 0.4296875 0.4522765625 0.427734375 0.43759218750000006 0.4267578125 0.43955 0.513671875 0.44591250000000004 0.5888671875 0.462065625 0.623046875
20 0.531571875 0.515625 0.534996875 0.5654296875 0.5413609375 0.599609375 0.54968125 0.5390625 0.5560453125 0.4453125 0.5575140625 0.41796875 0.5467453124999999 0.4052734375 0.531571875 0.4052734375 0.5281453125 0.421875 0.5296140625 0.466796875 0.531571875 0.515625
19 0.593734375 0.5078125 0.5991187499999999 0.44140625 0.598140625 0.41796875 0.5839453125 0.416015625 0.5638765625 0.416015625 0.555065625 0.44140625 0.555065625 0.4775390625 0.5594718750000001 0.529296875 0.56485625 0.5888671875 0.57121875 0.626953125 0.5849234375 0.6337890625 0.593734375 0.5078125
17 0.6647093749999999 0.443359375 0.660303125 0.419921875 0.6333828125000001 0.419921875 0.624571875 0.4501953125 0.626040625 0.48828125 0.626040625 0.5419921875 0.624571875 0.5673828125 0.6377875000000001 0.599609375 0.652471875 0.607421875 0.658834375 0.5185546875 0.6647093749999999 0.443359375
4 0.384728125 0.40234375 0.4106703125 0.3857421875 0.423396875 0.373046875 0.40822343749999995 0.3173828125 0.40430781250000003 0.2685546875 0.39549687499999997 0.2255859375 0.3773859375 0.2080078125 0.384728125 0.2900390625 0.384728125 0.3408203125 0.384728125 0.40234375
5 0.4243765625 0.37890625 0.44689218750000004 0.3818359375 0.45031875 0.3447265625 0.44591250000000004 0.2724609375 0.434165625 0.212890625 0.42535468749999994 0.1767578125 0.4106703125 0.1787109375 0.4136078125 0.240234375 0.41899218749999995 0.34765625 0.4243765625 0.37890625
6 0.468428125 0.2724609375 0.462065625 0.2314453125 0.44591250000000004 0.216796875 0.45325468750000003 0.2958984375 0.45325468750000003 0.373046875 0.48017656249999996 0.376953125 0.48458125 0.3515625 0.468428125 0.2724609375
7 0.510034375 0.37890625 0.5036703124999999 0.3212890625 0.49535 0.2705078125 0.4889875 0.2314453125 0.4738125 0.21875 0.4747921875 0.2685546875 0.47675 0.333984375 0.4811546875 0.3857421875 0.510034375 0.37890625
8 0.507096875 0.375 0.51541875 0.3818359375 0.531571875 0.3818359375 0.531571875 0.32421875 0.5261875 0.263671875 0.5261875 0.2421875 0.5090546875 0.2275390625 0.50611875 0.2744140625 0.507096875 0.333984375 0.507096875 0.375
9 0.5584921875 0.375 0.5584921875 0.333984375 0.5540875 0.2490234375 0.5540875 0.212890625 0.54038125 0.2236328125 0.5335296875 0.287109375 0.531571875 0.353515625 0.531571875 0.375 0.5584921875 0.375
10 0.5594718750000001 0.37890625 0.5810078125 0.37890625 0.59275625 0.373046875 0.5893296875 0.2763671875 0.5863921875 0.21484375 0.5810078125 0.1787109375 0.565834375 0.19140625 0.5638765625 0.279296875 0.5594718750000001 0.3427734375 0.5594718750000001 0.37890625